0.167329 0.476134
0.886793 0.102468
0.375769 0.475125
0.153672 0.676151
0.476586 0.240288
0.469216 0.755114
0.335905 0.629257
0.412283 0.675153
0.169362 0.118219
0.88765 0.675517
0.958436 0.338162
0.115879 0.896301
0.89537 0.201351
0.8801 0.0844633
0.501992 0.289319
0.882193 0.669321
0.765452 0.768986
0.771789 0.141222
0.244111 0.925461
0.817373 0.720697
0.165749 0.286589
0.47581 0.501654
0.915845 0.888093
0.176807 0.0852072
0.00631224 0.0644574
0.760724 0.964748
0.402619 0.876603
0.861049 0.297989
0.077954 0.741149
0.382452 0.579946
0.0304682 0.264645
0.249268 0.795921
0.033631 0.0210564
0.937142 0.277742
0.946517 0.754515
0.998439 0.112266
0.0411039 0.474249
0.613921 0.956949
0.362343 0.790728
0.0421565 0.368655
0.855185 0.802881
0.333403 0.257805
0.679483 0.194452
0.555793 0.757437
0.935602 0.938245
0.337384 0.96607
0.202891 0.586651
0.761991 0.236522
0.607708 0.699133
0.514264 0.554225
0.453648 0.512703
0.666491 0.494752
0.986952 0.280412
0.451701 0.349295
0.07114 0.493858
0.71795 0.926325
0.296738 0.0513526
0.18413 0.976222
0.245805 0.739923
0.733659 0.181407
0.678169 0.0710428
0.147477 0.881059
0.657694 0.909467
0.117581 0.265402
0.6086 0.631845
0.819627 0.0622479
0.144547 0.486118
0.557 0.1315
0.76653 0.00870083
0.480795 0.83767
0.502558 0.198744
0.763995 0.799297
0.250097 0.948125
0.775518 0.495902
0.688049 0.509177
0.677308 0.366217
0.58022 0.824785
0.247277 0.237914
0.734252 0.364858
0.503316 0.342852
0.996702 0.322943
0.4051 0.14125
0.809061 0.962099
0.272749 0.575591
0.9708 0.753544
0.413261 0.473359
0.952288 0.177256
0.272655 0.202385
0.125382 0.0481734
0.698287 0.81343
