0.821516 0.218593
0.143611 0.691506
0.398263 0.132045
0.472854 0.823829
0.469066 0.999308
0.406909 0.724322
0.256045 0.613588
0.980829 0.207863
0.416962 0.88093
0.0287719 0.503353
0.220029 0.476435
0.0113331 0.0504915
0.315861 0.16051
0.563904 0.930487
0.431227 0.714264
0.523134 0.252743
0.932857 0.666745
0.944249 0.33112
0.79879 0.417103
0.154949 0.267856
0.416412 0.561858
0.992179 0.672457
0.175446 0.973008
0.880319 0.592408
0.853938 0.909091
0.0957614 0.0739672
0.385526 0.107094
0.124459 0.701387
0.267604 0.688363
0.631874 0.698831
0.402627 0.155008
0.951575 0.335484
0.821752 0.895824
0.666604 0.620542
0.312927 0.821553
0.888399 0.729339
0.383411 0.880578
0.401795 0.558857
0.853586 0.282114
0.151265 0.707524
0.191205 0.247026
0.781491 0.576731
0.354121 0.90595
0.278118 0.621725
0.594312 0.909992
0.320557 0.996939
0.0649998 0.272131
0.332423 0.886752
0.167955 0.999027
0.507294 0.480882
0.820581 0.395693
0.21022 0.203992
0.276271 0.612016
0.762849 0.129856
0.89413 0.914114
0.83738 0.0853355
0.16114 0.618871
0.662067 0.515261
0.524821 0.940185
0.136986 0.119133
0.850177 0.457543
0.116072 0.915177
0.729674 0.448496
0.801929 0.897629
0.447523 0.309223
0.37851 0.268104
0.704916 0.588731
0.472096 0.981187
0.200747 0.234945
0.111043 0.0948767
0.149058 0.948423
0.180212 0.310199
0.567295 0.842279
0.82546 0.0921154
0.782464 0.962446
0.211249 0.632641
0.419988 0.327321
0.547818 0.149662
0.775817 0.349747
0.0472907 0.22334
0.658971 0.425801
0.491443 0.363887
0.0145321 0.963539
0.345074 0.215279
0.198484 0.456117
0.310155 0.347542
0.40454 0.490367
0.657741 0.971835
0.332647 0.4832
0.0639502 0.115111
