0.976772 0.445302
0.783316 0.946292
0.588763 0.289152
0.3091 0.541886
0.101 0.64928
0.0767031 0.381971
0.687794 0.548514
0.0803747 0.841864
0.144248 0.787718
0.355432 0.870116
0.679359 0.710284
0.0549447 0.367691
0.909319 0.252292
0.910827 0.0402594
0.96458 0.38049
0.576046 0.941352
0.825792 0.359362
0.887644 0.414555
0.648515 0.196744
0.956441 0.749514
0.846024 0.0331439
0.131485 0.533818
0.581658 0.21186
0.375682 0.725906
0.999578 0.731114
0.596023 0.678937
0.441397 0.650967
0.0466282 0.350717
0.903259 0.957455
0.390976 0.867839
0.337945 0.967022
0.80919 0.163737
0.326385 0.696834
0.578293 0.974899
0.893578 0.534733
0.724413 0.739602
0.567877 0.855898
0.273419 0.149535
0.0677583 0.649101
0.875441 0.0673364
0.380215 0.471464
0.746273 0.821612
0.122431 0.792902
0.172329 0.0256901
0.750357 0.563305
0.893529 0.0883022
0.530327 0.702719
0.25204 0.856712
0.399553 0.830332
0.831611 0.293131
0.365066 0.556024
0.032733 0.932943
0.411922 0.306152
0.0824783 0.479681
0.955253 0.95792
0.547017 0.335468
0.429384 0.29329
0.15708 0.551815
0.086192 0.329409
0.577505 0.836549
0.892713 0.471034
0.924851 0.42304
0.173753 0.176891
0.279752 0.573306
0.00722313 0.111363
0.866438 0.372289
0.667387 0.899171
0.305232 0.0793093
0.205323 0.38771
0.55899 0.160576
0.34563 0.106007
0.496044 0.775013
0.399297 0.653124
0.326828 0.485489
0.982532 0.904333
0.322038 0.875246
0.375367 0.24689
0.298286 0.54912
0.423781 0.578038
0.122426 0.431004
0.689401 0.988864
0.803292 0.356788
0.888034 0.108524
0.436097 0.0933572
0.496234 0.995087
0.253933 0.841863
0.101094 0.749977
0.616877 0.500392
0.403101 0.943705
0.985881 0.385634
