0.781628 0.0316417
0.205416 0.51513
0.67229 0.00801485
0.5179 0.349006
0.528852 0.621806
0.348965 0.971883
0.745042 0.0971261
0.94881 0.0528397
0.642392 0.70536
0.971871 0.106933
0.689145 0.68312
0.0714445 0.837506
0.827263 0.975285
0.262032 0.391663
0.567859 0.904174
0.91537 0.349487
0.935816 0.120787
0.864618 0.608106
0.128801 0.382517
0.957111 0.657654
0.00432365 0.306076
0.629537 0.749365
0.403202 0.578347
0.802205 0.045594
0.283707 0.774075
0.152527 0.972852
0.457196 0.223971
0.810358 0.284458
0.199257 0.0723901
0.676121 0.767116
0.976564 0.591491
0.116603 0.91238
0.712278 0.98122
0.520486 0.841079
0.363738 0.477598
0.498733 0.368062
0.783674 0.12827
0.117427 0.186876
0.706617 0.919632
0.23247 0.990324
0.693707 0.384997
0.963176 0.150903
0.608969 0.773534
0.435361 0.808225
0.845924 0.111482
0.575341 0.822488
0.702974 0.691944
0.734869 0.415252
0.673164 0.255355
0.256331 0.036902
0.732953 0.755064
0.404963 0.516627
0.883334 0.52239
0.703503 0.589951
0.442022 0.935973
0.580274 0.135729
0.32097 0.54345
0.286632 0.929939
0.316984 0.721993
0.738164 0.162907
0.833475 0.313505
0.985396 0.536449
0.00544861 0.720265
0.9517 0.678613
0.97562 0.208031
0.715515 0.708573
0.963096 0.120478
0.225199 0.84643
0.642868 0.928703
0.43638 0.0848904
0.864676 0.0166543
0.220619 0.185646
0.560104 0.507251
0.115585 0.877088
0.229244 0.853749
0.0399952 0.0627189
0.167254 0.0253909
0.599167 0.172703
0.745655 0.550868
0.851315 0.721275
0.758899 0.56683
0.429848 0.721995
0.687308 0.655047
0.568425 0.330177
0.58375 0.00480466
0.415067 0.448425
0.021459 0.635687
0.634071 0.581563
0.142938 0.749656
0.458651 0.372182
0.603405 0.498646
0.434901 0.77066
0.524037 0.0340683
0.943362 0.269692
0.584936 0.794678
0.990967 0.343835
0.361508 0.420815
0.0658304 0.048816
0.0758623 0.634255
0.378993 0.659612
0.63906 0.79406
0.108037 0.660519
0.429747 0.742109
0.242082 0.572685
0.491765 0.700733
0.944867 0.0951706
0.199379 0.379768
0.86583 0.723416
0.413836 0.809192
0.993108 0.998772
0.60387 0.984076
0.342608 0.965377
0.404891 0.408438
0.0141933 0.480753
0.0426929 0.393186
0.140365 0.681752
0.187246 0.248402
0.342271 0.616993
0.990511 0.584353
0.189678 0.482276
0.285085 0.134545
0.577447 0.484464
0.514313 0.443277
0.20788 0.928149
0.252469 0.200988
0.926921 0.856339
0.185064 0.269528
0.821716 0.589955
0.677966 0.835909
0.0707076 0.720659
0.229096 0.211073
0.402412 0.416342
0.459475 0.744683
0.033335 0.449986
0.329035 0.223013
0.932262 0.614121
0.357558 0.509709
0.0985847 0.87187
0.952985 0.306465
0.800019 0.205454
0.507453 0.72694
0.0617932 0.692516
0.996468 0.883509
0.282471 0.674434
0.719419 0.353178
0.395093 0.948514
0.564251 0.797505
0.364856 0.0237257
0.542188 0.398191
0.473711 0.871223
0.621204 0.405973
0.485343 0.978762
0.915682 0.583928
0.850632 0.868667
0.890393 0.650651
0.0741217 0.397845
0.377591 0.135915
0.0903614 0.374058
0.0194241 0.372832
0.0484926 0.738843
0.72601 0.443586
0.687357 0.290261
0.241091 0.0522134
0.313987 0.783278
0.450405 0.787698
0.654501 0.0716088
0.193672 0.139845
0.0503707 0.109354
0.723773 0.901003
0.978021 0.614166
0.551654 0.0521427
0.0120108 0.929244
0.188057 0.102372
0.303303 0.207482
0.475204 0.351796
0.946324 0.201215
0.795381 0.633682
0.491476 0.0364724
0.685895 0.805463
0.819751 0.1363
0.593162 0.474252
0.207908 0.786833
0.614097 0.258279
0.896187 0.33787
0.159282 0.874208
0.952035 0.710936
0.926351 0.964046
0.64018 0.114408
0.0664185 0.943483
0.32189 0.541623
0.295279 0.268214
0.742838 0.0906603
0.901896 0.234314
0.127133 0.587791
0.0397769 0.946884
0.72409 0.632938
0.421136 0.931999
0.419772 0.0352326
0.190278 0.315959
0.373102 0.34956
0.190167 0.325138
0.0604959 0.116518
0.289184 0.700676
0.230926 0.355602
0.64416 0.552816
0.897225 0.939438
0.821031 0.640063
0.0300988 0.722926
0.874377 0.157232
0.310717 0.914154
