0.552159 0.468666
0.451042 0.506244
0.749509 0.474256
0.591099 0.827069
0.423695 0.995447
0.404023 0.427374
0.0384339 0.118579
0.55753 0.406191
0.826155 0.118676
0.326195 0.415007
0.365367 0.456206
0.251687 0.562934
0.93968 0.858928
0.463006 0.0178929
0.859174 0.911177
0.825339 0.411332
0.379843 0.276381
0.917577 0.129352
0.750638 0.508675
0.956421 0.174333
0.504122 0.360444
0.601707 0.542556
0.479023 0.159237
0.948747 0.305178
0.277914 0.274943
0.720185 0.64328
0.731148 0.971871
0.206214 0.670829
0.8308 0.66922
0.688722 0.689973
0.580397 0.514061
0.101306 0.960239
0.790442 0.0188823
0.0895911 0.54108
0.527558 0.0460122
0.715413 0.0316799
0.406456 0.31712
0.574236 0.885479
0.476357 0.522983
0.190657 0.754271
0.797926 0.910841
0.397551 0.529075
0.882713 0.603765
0.199903 0.713512
0.272985 0.888625
0.403485 0.853382
0.402686 0.504791
0.813622 0.193128
0.523673 0.903213
0.734208 0.0512307
0.949225 0.44962
0.0829106 0.355681
0.76674 0.657147
0.24116 0.243097
0.18013 0.431817
0.997368 0.978056
0.342658 0.394919
0.507131 0.225371
0.998684 0.707034
0.938883 0.271669
0.595659 0.342368
0.125052 0.998345
0.847159 0.938673
0.191472 0.370832
0.841886 0.92568
0.422062 0.791111
0.3753 0.504973
0.146792 0.142041
0.16212 0.387952
0.385138 0.34225
0.819769 0.382506
0.320306 0.162427
0.777425 0.827437
0.387798 0.776109
0.534471 0.326681
0.0477782 0.13013
0.669049 0.17283
0.128475 0.516208
0.111503 0.319947
0.887039 0.953389
0.245627 0.309102
0.7445 0.620927
0.814075 0.891293
0.762968 0.976195
0.279245 0.148106
0.318444 0.0990144
0.530612 0.63875
0.261442 0.308037
0.466187 0.64924
0.0841458 0.000657868
0.975921 0.131924
0.130788 0.644969
0.304754 0.259262
0.161177 0.416257
0.579209 0.0482164
0.369646 0.824836
0.357318 0.114146
0.445764 0.171393
0.0054391 0.208732
0.147588 0.284684
0.356838 0.466032
0.383699 0.88745
0.104783 0.64514
0.195487 0.57097
0.29438 0.279633
0.571628 0.270301
0.411557 0.702415
0.91527 0.716311
0.961678 0.076447
0.132568 0.540887
0.124663 0.502214
0.365723 0.481982
0.61636 0.811487
0.653375 0.621799
0.0202194 0.800963
0.906483 0.377057
0.266995 0.290182
0.264508 0.371778
0.935323 0.459995
0.942747 0.229703
0.739628 0.514375
0.500003 0.151185
0.21679 0.415273
0.867496 0.178468
0.49172 6.32918e-05
0.719355 0.616384
0.502277 0.0850784
0.0983655 0.118637
0.896566 0.75174
0.740436 0.916785
0.552703 0.64692
0.293843 0.819698
0.937102 0.55835
0.191476 0.872425
0.018345 0.134223
0.102127 0.757973
0.648598 0.602131
0.909158 0.865389
0.017404 0.776653
0.0438566 0.509124
0.776717 0.763212
0.125508 0.278994
0.84829 0.223874
0.397631 0.744856
0.975614 0.138067
0.661641 0.528317
0.784987 0.955484
0.348015 0.722089
0.513834 0.539491
0.594514 0.532179
0.673714 0.696641
0.290152 0.322312
0.298771 0.19931
0.187701 0.316175
0.975963 0.231558
0.8253 0.75268
0.994769 0.950808
0.0316732 0.843059
0.174681 0.429304
0.587915 0.150295
0.567371 0.249556
0.678612 0.352358
0.20504 0.0266276
0.0744473 0.718874
0.566119 0.668961
0.251053 0.239833
0.365602 0.541204
0.562145 0.664373
0.740514 0.749846
0.980548 0.716477
0.981403 0.805848
0.469156 0.976173
0.756656 0.500829
0.819232 0.931337
0.930134 0.407147
0.0816326 0.497505
0.656703 0.760245
0.849863 0.861743
0.786873 0.92431
0.580616 0.352991
0.593271 0.831669
0.592824 0.958873
0.372873 0.154969
0.623246 0.113387
0.904815 0.603794
0.829864 0.886218
0.409642 0.29902
0.862391 0.166297
0.79985 0.681623
0.0976344 0.729983
0.0887695 0.179267
0.227488 0.745472
0.939512 0.0773509
0.607215 0.726385
0.00166117 0.187832
0.079376 0.594932
0.0195006 0.6722
0.553805 0.392374
0.827168 0.177051
0.505761 0.731983
0.780845 0.335625
0.618201 0.190486
0.634645 0.480592
0.356784 0.434495
0.162214 0.454418
0.164478 0.250984
0.633685 0.391966
0.996456 0.573197
0.469316 0.603671
0.299582 0.470978
