0.92388 0.523254
0.153714 0.908514
0.894096 0.89436
0.282936 0.20734
0.126336 0.0365761
0.697899 0.67711
0.227807 0.858453
0.230143 0.216268
0.892251 0.731398
0.736474 0.935921
0.353563 0.459372
0.817944 0.377273
0.0354776 0.334247
0.0839074 0.915443
0.774205 0.961893
0.750215 0.698085
0.485147 0.903928
0.606599 0.379243
0.798289 0.889535
0.586584 0.924625
0.926111 0.284482
0.601735 0.153918
0.142936 0.831879
0.370186 0.0351863
0.563277 0.10666
0.971107 0.91684
0.566032 0.789051
0.294113 0.60151
0.123298 0.378021
0.516953 0.897503
0.339914 0.267168
0.595588 0.825061
0.171096 0.202187
0.204304 0.969385
0.0917227 0.790888
0.89401 0.0178341
0.0753696 0.495745
0.171752 0.218305
0.327623 0.541939
0.253491 0.8909
0.648599 0.224598
0.80774 0.214631
