0.585948 0.395477
0.792353 0.315917
0.0672212 0.998183
0.496187 0.634726
0.283576 0.300311
0.601932 0.0183643
0.705986 0.882901
0.240967 0.910482
0.347636 0.279663
0.88445 0.347714
0.543455 0.968374
0.723085 0.17164
0.422399 0.894277
0.994842 0.374274
0.510227 0.462979
0.000837868 0.0961749
0.858456 0.79319
0.412092 0.925677
0.791374 0.908279
0.560403 0.0749499
0.20859 0.162336
0.0933142 0.914576
0.0452363 0.334281
0.825058 0.392872
0.613944 0.709508
0.740586 0.157399
0.677882 0.463671
0.329039 0.100281
0.357948 0.323881
0.474556 0.868175
0.78686 0.475393
0.96435 0.645316
0.268584 0.376442
0.570993 0.0599576
0.284721 0.131397
0.134908 0.493311
0.293733 0.228222
0.407886 0.338969
0.562502 0.232944
0.731841 0.176446
0.942452 0.472427
0.333845 0.620334
