0.99941 0.380911
0.499429 0.944867
0.166374 0.204171
0.150282 0.650337
0.102616 0.829613
0.691701 0.408441
0.475753 0.581474
0.497748 0.837517
0.934834 0.712669
0.0693997 0.86827
0.814089 0.87776
0.156787 0.513553
0.743927 0.588142
0.620681 0.0655924
0.269196 0.478309
0.571015 0.268606
0.859221 0.0704438
0.213472 0.025595
0.274615 0.363754
0.675932 0.37723
0.193367 0.367632
0.785671 0.669121
0.949106 0.283419
0.506638 0.88394
0.996089 0.576037
0.752209 0.810177
0.453797 0.908997
0.32373 0.197724
0.497139 0.944412
0.263317 0.766335
0.422721 0.834332
0.0349404 0.281942
0.904775 0.248413
0.307537 0.17939
0.612167 0.983468
0.55662 0.805534
0.351101 0.342291
0.474655 0.300207
0.625711 0.981293
0.184146 0.621799
0.55733 0.936356
0.431977 0.011127
