0.894497 0.192236
0.594998 0.233438
0.387026 0.929372
0.585102 0.384425
0.457083 0.199465
0.424379 0.171494
0.499998 0.0780437
0.814209 0.9746
0.208241 0.52563
0.165686 0.00270077
0.571488 0.133336
0.881312 0.175665
0.8972 0.956509
0.766196 0.312742
0.265352 0.339518
0.558691 0.159849
0.531754 0.153689
0.393287 0.91878
0.0830609 0.978389
0.303205 0.540144
0.177854 0.727584
0.711637 0.677852
0.805628 0.525847
0.652452 0.013869
0.051477 0.818138
0.0165698 0.622965
0.951473 0.897882
0.79863 0.848673
0.854391 0.564825
0.161415 0.119743
0.904343 0.720107
0.279592 0.436097
0.873796 0.672879
0.354878 0.956857
0.651268 0.658083
0.497 0.829121
0.385666 0.208638
0.506973 0.191294
0.734485 0.159425
0.205163 0.785962
0.977562 0.221733
0.408927 0.929036
0.119615 0.207556
0.777709 0.974006
0.772382 0.939124
0.0937494 0.676725
0.659231 0.373341
0.112823 0.533027
0.0462203 0.4677
0.489883 0.697488
0.125783 0.986884
0.526609 0.511449
0.195522 0.0335824
0.702743 0.930007
0.193007 0.907906
0.715968 0.170569
0.129639 0.124895
0.099605 0.249253
0.332452 0.877314
0.22326 0.104833
0.816438 0.317009
0.781559 0.475669
0.69035 0.894381
0.00869555 0.736571
0.362082 0.498579
0.434059 0.487864
0.485463 0.960668
0.999313 0.680985
0.994251 0.702056
0.610991 0.187258
0.609962 0.32696
0.357827 0.739601
0.451855 0.457432
0.988854 0.784306
0.334746 0.212114
0.88914 0.151184
0.529123 0.670698
0.626853 0.219474
0.56508 0.635548
0.956044 0.927161
0.134127 0.390103
0.415026 0.61959
0.350771 0.414339
0.300575 0.345022
0.116396 0.911566
0.532279 0.726358
0.238525 0.890106
0.465959 0.69038
0.347538 0.454813
0.474686 0.682284
0.666928 0.363826
0.833468 0.196051
0.0345242 0.46032
0.415524 0.599604
0.0958686 0.371569
0.526765 0.229996
0.761671 0.941791
0.849586 0.112443
0.35613 0.15016
0.457464 0.472526
0.061726 0.989743
0.198884 0.300251
0.87985 0.664842
0.990631 0.227388
0.119656 0.465317
0.909672 0.786584
0.829143 0.74314
0.982634 0.863667
0.20346 0.398159
0.463271 0.299329
0.769727 0.990037
0.529325 0.531399
0.931828 0.37891
0.643841 0.287958
0.529071 0.101305
0.760483 0.590797
0.0910487 0.959367
0.891048 0.970898
0.624209 0.881679
0.198286 0.743865
0.346997 0.107958
0.530449 0.17614
0.851098 0.513083
0.0398074 0.054559
0.911242 0.503079
0.353888 0.680969
0.493115 0.883213
0.212368 0.424943
0.262123 0.856209
0.712901 0.791194
0.957514 0.473384
0.381991 0.0485628
0.43275 0.273039
0.0194611 0.0569593
0.154718 0.217747
0.800824 0.501715
0.325706 0.331273
0.677855 0.176804
0.844356 0.717662
0.231363 0.755597
0.220741 0.585251
0.436566 0.713856
0.468464 0.648934
0.138799 0.730588
0.505143 0.8517
0.521782 0.462657
0.325083 0.903773
0.511219 0.757834
0.176811 0.530681
0.814793 0.33153
0.748428 0.615617
0.833245 0.0741339
0.94689 0.511099
0.250938 0.791246
0.228762 0.482302
0.546843 0.449503
0.067553 0.98341
0.163359 0.536017
0.632343 0.302158
0.266605 0.137486
0.153858 0.788386
0.600143 0.478942
0.692159 0.111362
0.236775 0.86897
0.642043 0.0515684
0.2005 0.390471
0.667186 0.0337444
0.464605 0.614076
0.544844 0.715543
0.405322 0.773605
0.197845 0.952165
0.223108 0.265398
0.935575 0.386467
0.801415 0.567919
0.688625 0.0680194
0.705405 0.842483
0.856406 0.305547
0.321425 0.548565
0.416909 0.558201
0.417535 0.0589522
0.609769 0.618035
0.449423 0.276955
0.651779 0.914028
0.89103 0.196623
0.629571 0.296352
0.970228 0.827416
0.248518 0.193336
0.0928131 0.184093
0.579803 0.894228
0.752012 0.268428
0.962247 0.457416
0.110911 0.818653
0.762963 0.432336
0.367218 0.179873
0.990537 0.784752
0.238825 0.600306
0.402787 0.688248
0.87726 0.0545661
0.602276 0.768291
0.251189 0.231847
0.0646433 0.221417
0.0592623 0.313161
0.414753 0.152075
0.497254 0.994556
0.0463033 0.249266
0.262984 0.00855068
0.706682 0.373895
0.827204 0.469645
0.806232 0.194421
0.649518 0.796768
0.979174 0.888343
0.397074 0.381961
0.576591 0.274334
0.436527 0.178867
0.0426254 0.687716
0.410714 0.107269
0.909133 0.469976
0.42043 0.323886
0.622052 0.917684
0.318442 0.668355
0.166949 0.581426
0.676906 0.873631
0.955322 0.504109
0.343276 0.761553
0.698531 0.992794
0.558321 0.677704
0.881137 0.955395
0.0596651 0.457728
0.22973 0.496192
0.636595 0.272355
0.183908 0.0473091
0.379624 0.093041
0.517285 0.800054
0.416927 0.139337
0.717738 0.73537
0.807692 0.884687
0.316796 0.484597
0.758318 0.272118
0.988707 0.101594
0.0336706 0.687237
0.0943885 0.591992
0.364942 0.975526
0.547387 0.424607
0.433254 0.777117
0.920799 0.0698491
0.0494728 0.104707
0.117158 0.429097
0.197748 0.634443
0.229151 0.614675
0.77378 0.946888
0.350045 0.581472
0.831575 0.666841
0.066069 0.589893
0.938958 0.0547755
0.691488 0.972629
0.742013 0.785876
0.564621 0.106954
0.761402 0.112008
0.531561 0.194656
0.889126 0.45236
0.264505 0.938598
0.557066 0.381663
0.367695 0.754814
0.0161066 0.596846
0.369489 0.789887
0.543734 0.719533
0.371359 0.375309
0.386374 0.437428
0.965203 0.325332
0.492203 0.65669
0.297961 0.234216
0.442567 0.862582
0.34117 0.203969
0.97459 0.872731
0.398625 0.863715
0.325091 0.66313
0.802314 0.882157
0.0447927 0.170009
0.636971 0.0608994
0.766854 0.00645998
0.850786 0.310588
0.725993 0.222145
0.685897 0.112368
0.659572 0.6511
0.4377 0.151776
0.30779 0.735661
0.385991 0.750357
0.598243 0.727161
0.954325 0.572833
0.599893 0.35295
0.436548 0.924983
0.0160795 0.238862
0.807141 0.0608722
0.40887 0.444112
0.121772 0.175725
0.450572 0.972558
0.486313 0.176565
0.194703 0.17221
0.288933 0.854275
0.82331 0.726633
0.00605053 0.1311
0.462293 0.392042
0.881457 0.0605362
0.119203 0.835782
0.633369 0.719096
0.188732 0.0699168
0.644079 0.204812
0.308778 0.45122
0.265684 0.717649
0.895331 0.387455
0.893373 0.345903
0.360013 0.379686
0.522468 0.554716
0.551896 0.811401
0.408991 0.375206
0.538033 0.415041
0.506306 0.000326675
0.807083 0.387763
0.0608629 0.926287
0.223545 0.694232
0.645382 0.412277
0.764148 0.289462
0.617089 0.0729269
0.740681 0.882773
0.790576 0.636013
0.270228 0.683949
0.981916 0.630241
0.0636353 0.504384
0.184957 0.615532
0.315784 0.593948
0.990738 0.853817
0.00898963 0.497044
0.854144 0.816073
0.884806 0.915007
0.74236 0.108351
0.609239 0.387742
0.520629 0.373387
0.677203 0.137717
0.446314 0.417885
0.0204901 0.23689
0.0538973 0.290718
0.920839 0.0358128
0.92096 0.984474
0.540196 0.105917
0.600005 0.855981
0.699865 0.590743
0.709798 0.708855
0.0877868 0.563942
0.524928 0.972593
0.478949 0.267287
0.0809448 0.0881876
0.655029 0.601573
0.461575 0.332233
0.739291 0.907889
0.750117 0.759781
0.144778 0.804015
0.0504992 0.0656167
0.839827 0.971459
0.0500906 0.380024
0.0773757 0.650096
0.236004 0.777241
0.240839 0.945802
0.486096 0.328626
0.509744 0.0110233
0.301219 0.988693
0.278311 0.382164
0.0768807 0.93334
0.983738 0.538455
0.265572 0.723028
0.446344 0.0156896
0.482809 0.591122
0.819704 0.533309
0.656739 0.659532
0.504767 0.706829
0.0395552 0.582143
0.356925 0.275559
0.359384 0.597765
0.221362 0.84548
0.926391 0.731106
0.856503 0.22761
0.719799 0.134813
0.609774 0.79668
0.0681531 0.593512
0.335135 0.333725
0.31654 0.781479
0.349415 0.799349
0.372601 0.169119
0.332658 0.0293396
0.828651 0.837425
0.736169 0.868206
0.419568 0.0930943
0.143765 0.778952
0.690859 0.365127
0.624432 0.617249
0.0962327 0.480935
0.844859 0.816032
0.615748 0.454633
0.612711 0.683901
0.0481446 0.947846
0.0176268 0.364685
0.729325 0.367042
0.164034 0.101926
0.536161 0.496692
0.131266 0.364811
0.334117 0.867435
0.233017 0.753685
0.960529 0.376783
0.532638 0.651388
0.74191 0.15707
0.268637 0.838142
0.638005 0.113496
0.654174 0.253753
0.568129 0.266885
0.937655 0.616274
0.214732 0.955281
0.980958 0.944057
0.322323 0.144992
0.0459828 0.858484
0.641684 0.177249
0.223295 0.975801
0.0446831 0.456313
0.729486 0.005212
0.833095 0.262124
0.6566 0.575005
0.419194 0.925237
0.413147 0.0571989
0.0387328 0.0673214
0.310952 0.606862
0.334207 0.248607
0.223136 0.548938
0.203888 0.204094
0.492995 0.526211
0.349086 0.538978
0.384695 0.99077
0.716226 0.607991
0.966571 0.76091
0.0643034 0.696057
0.766122 0.897399
0.958181 0.422721
0.472404 0.377376
0.347958 0.885551
0.434575 0.386691
0.952873 0.745527
0.993553 0.287079
0.994133 0.216688
0.836018 0.198021
0.420782 0.329013
0.724232 0.769868
0.86799 0.108927
0.760638 0.584217
0.716918 0.727209
0.345126 0.781221
0.423266 0.111248
0.67862 0.381447
0.533969 0.151024
0.758823 0.881927
0.0365753 0.193398
0.268618 0.989448
0.938924 0.26217
0.276527 0.933057
0.478858 0.112545
0.131079 0.89964
0.441557 0.855311
0.669508 0.309548
0.964239 0.430146
0.893764 0.681157
0.157355 0.238891
0.462378 0.580621
0.350139 0.140998
0.962068 0.884108
0.292022 0.720891
0.766035 0.328598
0.914288 0.0346524
0.318045 0.853212
0.296823 0.594573
0.78627 0.775681
0.707117 0.917349
0.675321 0.148674
0.77266 0.34483
0.458222 0.736898
0.774976 0.351986
0.418055 0.932331
0.590877 0.880433
0.512951 0.941016
0.0214311 0.475019
0.825123 0.313453
0.19591 0.591158
0.642051 0.110198
0.625811 0.960097
0.96341 0.922633
0.554669 0.74968
0.698314 0.261786
0.667029 0.373635
0.410461 0.439688
0.718465 0.868683
0.176586 0.49344
0.220669 0.594641
0.425771 0.811546
0.475074 0.938722
0.752562 0.496505
0.413741 0.577685
0.809958 0.609651
0.168843 0.45201
0.719849 0.794654
0.412106 0.683259
0.717287 0.966775
