0.378627 0.896012
0.854942 0.0107958
0.391975 0.28134
0.79005 0.0665106
0.557004 0.949162
0.790394 0.461982
0.818852 0.798277
0.961429 0.815891
0.67349 0.521977
0.188131 0.127541
0.930016 0.631963
0.131164 0.160944
0.0174528 0.776997
0.941063 0.180564
0.244363 0.353786
0.966769 0.62299
0.249799 0.821711
0.633786 0.641774
0.103051 0.423836
0.708285 0.660056
0.372997 0.498679
0.122037 0.191849
0.296956 0.083466
0.00773985 0.970446
0.605443 0.19587
0.097987 0.535459
0.827834 0.229151
0.696403 0.845287
0.00614765 0.637466
0.0258505 0.250511
0.991253 0.99262
0.873501 0.241052
0.814331 0.507286
0.882826 0.917382
0.931122 0.591111
0.577438 0.304119
0.0897898 0.699475
0.495969 0.386746
0.782941 0.503709
0.357192 0.388384
0.699579 0.455179
0.923843 0.527413
