0.0739434 0.136555
0.460042 0.483768
0.690568 0.289364
0.773244 0.605699
0.257042 0.613261
0.265095 0.0583355
0.449151 0.332238
0.649749 0.243572
0.395156 0.265129
0.277289 0.735973
0.72715 0.118745
0.659453 0.000482462
0.33075 0.268871
0.87528 0.455411
0.878851 0.874112
0.801862 0.952794
0.0106665 0.261904
0.436563 0.701234
0.551268 0.209807
0.306933 0.80831
0.823068 0.572029
0.866645 0.272219
0.904267 0.516394
0.51579 0.299423
0.781523 0.793079
0.0353953 0.508672
0.911824 0.694849
0.509155 0.242575
0.963719 0.384435
0.697985 0.84257
0.258547 0.499847
0.795365 0.269213
0.76175 0.231927
0.970448 0.313018
0.441734 0.277381
0.121328 0.264802
0.84941 0.987973
0.53702 0.753676
0.504367 0.0528106
0.0530992 0.28589
0.84589 0.0884946
0.794562 0.757714
0.783343 0.303717
0.000288433 0.747062
0.688152 0.698274
0.589633 0.946699
0.19812 0.384997
0.215913 0.95987
0.616925 0.18636
0.272889 0.0586585
0.463741 0.394216
0.32346 0.313151
0.38219 0.86048
0.0668275 0.886557
0.913291 0.119927
0.172447 0.759181
0.208421 0.967009
0.516895 0.991764
0.270726 0.517183
0.738827 0.958878
0.215457 0.328459
0.905578 0.413577
0.713456 0.12149
0.373447 0.330381
0.307851 0.646336
0.38904 0.771592
0.0405522 0.7125
0.0847432 0.422742
0.57298 0.151571
0.309298 0.486271
0.271497 0.481745
0.245452 0.479919
0.448754 0.762346
0.471683 0.71948
0.279529 0.21051
0.678359 0.494986
0.538969 0.583936
0.908563 0.252426
0.705427 0.28201
0.582807 0.0132772
0.928346 0.971846
0.784869 0.968898
0.684346 0.869612
0.39164 0.257326
0.021183 0.700938
0.743597 0.29268
0.182683 0.989048
0.772599 0.631438
0.751395 0.244282
0.350918 0.0309242
0.454792 0.0292765
0.52591 0.993761
0.613213 0.434473
0.246186 0.318639
0.716483 0.828993
0.331917 0.644829
0.800839 0.116786
0.613727 0.485185
0.986398 0.00536674
0.74251 0.00758128
0.706305 0.486107
0.300262 0.888989
0.475156 0.0728608
0.520426 0.22655
0.317143 0.871344
0.257475 0.771935
0.90062 0.783385
0.765696 0.513833
0.217858 0.0118823
0.832473 0.934341
0.840875 0.164389
0.579169 0.641714
0.281175 0.192896
0.126899 0.267574
0.198263 0.86941
0.275155 0.904568
0.355517 0.575417
0.793557 0.830673
0.648277 0.313983
0.0572231 0.96542
0.185327 0.314698
0.737355 0.085947
0.0980825 0.503051
0.59978 0.31594
0.514933 0.432253
0.250281 0.355808
0.596643 0.82945
0.997523 0.877818
0.022346 0.124422
0.145392 0.220609
0.993832 0.420546
0.125177 0.349349
0.995963 0.918733
0.180022 0.64424
0.232716 0.237245
0.60966 0.418042
0.551942 0.347015
0.50399 0.650025
0.850066 0.10377
0.965965 0.364999
0.536023 0.216246
0.720808 0.132666
0.0456957 0.718331
0.0104835 0.0680418
0.842753 0.155875
0.288651 0.836585
0.576421 0.413827
0.185934 0.572384
0.332561 0.365955
0.216625 0.565277
0.6032 0.826285
0.983319 0.155142
0.173301 0.487309
0.805167 0.0233668
0.591079 0.771132
0.388366 0.127102
0.987378 0.109174
0.259767 0.033074
0.827505 0.270251
0.101116 0.670258
0.426126 0.389766
0.506842 0.00254709
0.803594 0.692776
0.574931 0.136155
0.058731 0.791556
0.701431 0.661931
0.617841 0.684751
0.817073 0.791142
0.172059 0.62224
0.814508 0.763138
0.393373 0.202875
0.890239 0.380751
0.312049 0.150006
0.413825 0.139553
0.420257 0.514941
0.809811 0.846383
0.904707 0.316653
0.84893 0.708301
0.0094289 0.423861
0.844456 0.0681599
0.215417 0.545887
0.730091 0.833258
0.230638 0.547164
0.6244 0.402697
0.169404 0.438908
0.165835 0.562777
0.641783 0.0560743
0.943528 0.953831
0.206081 0.357353
0.0933845 0.626338
0.872294 0.903195
0.472721 0.777002
0.219848 0.32165
0.485303 0.229277
0.745512 0.329759
0.297437 0.960929
0.875646 0.0275279
0.794187 0.106284
0.574692 0.418587
0.508981 0.744096
0.857495 0.674816
0.306873 0.499278
0.73089 0.250401
0.453109 0.936971
0.607754 0.546494
0.563309 0.480049
0.449689 0.0360296
0.25705 0.669537
0.35768 0.742353
0.898815 0.103192
