0.869871 0.869768
0.226703 0.189065
0.53526 0.400203
0.610919 0.352644
0.33382 0.246884
0.373488 0.0303004
0.0398851 0.351741
0.0292572 0.900232
0.877498 0.658851
0.485138 0.117885
0.0885952 0.730696
0.962913 0.881809
0.708772 0.131472
0.655172 0.0220611
0.438151 0.271338
0.772178 0.308022
0.141106 0.998881
0.497087 0.676366
0.399084 0.108006
0.02901 0.732904
0.354889 0.402498
0.763205 0.394774
0.754239 0.792462
0.295007 0.631737
0.451313 0.780145
0.749622 0.539908
0.510841 0.712535
0.421717 0.219613
0.844007 0.0768892
0.241674 0.282158
0.348228 0.0138521
0.59018 0.489334
0.0127331 0.0872673
0.1657 0.411817
0.195273 0.19471
0.144722 0.550162
0.597208 0.907926
0.944937 0.351447
0.700388 0.239943
0.982135 0.151061
0.0200885 0.732806
0.69161 0.530929
0.445341 0.113327
0.750543 0.289347
0.190216 0.992217
0.571506 0.538444
0.00606912 0.161686
0.027778 0.0188022
0.248953 0.193478
0.43062 0.444226
0.388188 0.575341
0.994388 0.985396
0.483268 0.939325
0.336843 0.183656
0.179268 0.320027
0.335357 0.199357
0.0528327 0.0269668
0.730286 0.498174
0.140294 0.480829
0.787521 0.330511
0.473046 0.359027
0.868955 0.479115
0.520712 0.896733
0.497917 0.769665
0.0902107 0.928537
0.213891 0.478399
0.503878 0.208279
0.463795 0.987145
0.147604 0.800638
0.170801 0.326872
0.120665 0.506158
0.526229 0.173497
0.533125 0.256515
0.671671 0.673419
0.737343 0.459192
0.00392965 0.210389
0.818218 0.872884
0.689504 0.338931
0.769617 0.187421
0.108596 0.859828
0.115958 0.322487
0.338227 0.619836
0.530766 0.802022
0.606981 0.67837
0.602659 0.777782
0.0052423 0.723324
0.28394 0.531471
0.896821 0.817065
0.787986 0.568492
0.490484 0.525329
0.0276841 0.494414
0.735718 0.845903
0.367298 0.425223
0.184833 0.136915
0.612644 0.293429
0.996743 0.728602
0.615916 0.33497
0.348437 0.146682
0.136991 0.955419
0.825053 0.739651
0.733201 0.830295
0.462975 0.0171415
0.361766 0.359796
0.834207 0.149752
0.928288 0.324691
0.675081 0.955972
0.819105 0.410799
0.801875 0.186404
0.836022 0.986708
0.323319 0.448666
0.280137 0.320062
0.177267 0.896053
0.655031 0.525705
0.0427358 0.792022
0.481123 0.867788
0.531673 0.214325
0.698083 0.994648
0.231466 0.0598493
0.354444 0.065673
0.209601 0.282732
0.390364 0.884682
0.238704 0.20947
0.295481 0.0405793
0.395873 0.131503
0.0272874 0.719192
0.580169 0.307425
0.0392541 0.757436
0.203478 0.694285
0.283141 0.246214
0.486308 0.764264
0.114002 0.017981
0.978589 0.812086
0.0126286 0.210055
0.871935 0.367072
0.275728 0.0815361
0.649804 0.666092
0.966218 0.888508
0.875562 0.261699
0.929088 0.271435
0.393202 0.956375
0.990627 0.973371
0.2638 0.0298815
0.730807 0.467278
0.724167 0.0139484
0.713492 0.210475
0.778213 0.827494
0.228456 0.756802
0.63958 0.241084
0.966857 0.511515
0.608157 0.242585
0.593051 0.257961
0.908677 0.559269
0.146469 0.784239
0.820968 0.0755566
0.0556739 0.214171
0.0319317 0.0463013
0.187542 0.295731
0.0761827 0.91835
0.763009 0.80035
0.932298 0.476501
0.0108246 0.710511
0.303996 0.23928
0.467313 0.943576
0.480365 0.434169
0.455091 0.0885215
0.676754 0.0481421
0.346482 0.585431
0.607411 0.492951
0.369669 0.42838
0.568508 0.425343
0.642551 0.600439
0.471645 0.830093
0.896171 0.547827
0.748443 0.65918
0.348177 0.680741
0.135682 0.359002
0.391252 0.439677
0.598282 0.858564
0.383253 0.078647
0.292733 0.838344
0.167168 0.969487
0.886486 0.513651
0.554918 0.493897
0.00660177 0.924587
0.922277 0.57511
0.349931 0.564828
0.175549 0.821575
0.394921 0.07172
0.369403 0.143363
0.7309 0.71758
0.824104 0.866582
0.0765813 0.215356
0.30626 0.674863
0.0739203 0.689513
0.75351 0.366654
0.527857 0.920679
0.336141 0.414343
0.43433 0.891059
0.90824 0.440931
0.815646 0.830517
0.0160409 0.165577
0.395345 0.19159
0.987152 0.790266
0.26331 0.356555
0.93363 0.99421
0.0741347 0.757734
0.860792 0.150716
0.97309 0.167052
0.82558 0.0470102
0.856565 0.57909
0.413664 0.384421
0.499769 0.749805
0.798764 0.934099
0.640864 0.707005
0.37503 0.45651
0.537522 0.391071
0.622087 0.932867
0.582661 0.60924
0.723134 0.845971
0.965795 0.656763
0.840181 0.0399295
0.414497 0.700973
0.190646 0.387587
0.868025 0.0162251
0.434597 0.72459
0.595315 0.848261
0.109011 0.095084
0.598066 0.907776
0.0291825 0.23893
0.61478 0.404212
0.69544 0.152302
0.795283 0.317528
0.0851699 0.377944
0.926768 0.808304
0.223914 0.892563
0.465067 0.0640952
0.932492 0.879564
0.765068 0.123138
0.267151 0.633094
0.139363 0.701748
0.357684 0.734678
0.550009 0.466695
0.829762 0.148075
0.374471 0.858944
0.387005 0.989251
0.263157 0.0824459
0.141554 0.05844
0.399974 0.226724
0.436384 0.326742
0.0350274 0.660298
0.219304 0.500094
0.724393 0.151796
0.379658 0.489462
0.274934 0.646809
0.122556 0.414297
0.348557 0.480239
0.148974 0.898566
0.946935 0.978736
0.0466414 0.321406
0.837681 0.433647
0.310657 0.100838
0.516093 0.452211
0.159278 0.916067
0.678935 0.595661
0.242808 0.713963
0.255959 0.462112
0.214057 0.980353
0.613908 0.593715
0.469814 0.888842
0.240524 0.59237
0.303139 0.589081
0.0726092 0.452113
0.487647 0.0195439
0.430849 0.534288
0.34095 0.26853
0.967935 0.651607
0.369368 0.484028
0.103818 0.528645
0.400094 0.782753
0.124307 0.642903
0.496716 0.380266
0.105015 0.710773
0.360619 0.718923
0.304488 0.830433
0.607765 0.545011
0.422803 0.910904
0.134092 0.495412
0.363017 0.621739
0.514956 0.793866
0.156027 0.855906
0.0623964 0.123962
0.507513 0.431764
0.60799 0.611331
0.960409 0.00808399
0.394084 0.084716
0.650987 0.8908
0.464982 0.756001
0.601573 0.8256
0.474924 0.90606
0.656033 0.0826897
0.451072 0.0788359
0.993594 0.585163
0.574248 0.356611
0.206902 0.0892035
0.150477 0.362929
0.945109 0.212873
0.48689 0.452622
0.644637 0.09488
0.0639525 0.605047
0.102964 0.458037
0.689763 0.753951
0.348837 0.154745
0.509952 0.95041
0.980345 0.984876
0.85647 0.636379
0.0675661 0.307542
0.715215 0.0611597
0.892705 0.289462
0.41777 0.0996074
0.378666 0.568247
0.462536 0.323775
0.78112 0.949426
0.776396 0.425758
0.0443065 0.840349
0.0308048 0.14727
0.298386 0.720568
0.901221 0.647223
0.875313 0.411173
0.597632 0.855658
0.396049 0.454103
0.492037 0.463615
0.761645 0.207251
0.524775 0.65435
0.496713 0.942545
0.753957 0.875379
0.510792 0.216494
0.199154 0.291913
0.16592 0.97555
0.717671 0.210227
0.815899 0.748475
0.357497 0.114285
0.469043 0.258718
0.761508 0.344356
0.669891 0.35914
0.200014 0.0659403
0.813243 0.69205
0.529556 0.574888
0.899301 0.0543309
0.229238 0.396015
0.996876 0.983195
0.271394 0.507669
0.199689 0.470548
0.799582 0.365609
0.446098 0.517252
0.575835 0.261997
0.265728 0.933332
0.376282 0.734771
0.19205 0.13779
0.0791268 0.861941
0.49693 0.279141
0.927882 0.310173
0.971191 0.457437
0.885061 0.870492
0.511768 0.114298
0.266507 0.508644
0.0974935 0.5379
0.0163131 0.297182
0.00844818 0.815895
0.662791 0.454546
0.333147 0.238626
0.716544 0.598875
0.171959 0.0928262
0.333646 0.364009
0.230616 0.412773
0.22595 0.727546
0.691913 0.153832
0.0377194 0.663104
0.611269 0.92278
0.533596 0.123037
0.0370783 0.800103
0.631682 0.134572
0.338004 0.647995
0.431754 0.346452
0.46389 0.0945452
0.800998 0.797037
0.333172 0.517542
0.395912 0.50513
0.610368 0.729558
0.869139 0.840984
0.142331 0.0950893
0.568531 0.834244
0.248921 0.60625
0.497348 0.86019
0.52903 0.0309443
0.983227 0.566108
0.831047 0.614909
0.70068 0.169051
0.262904 0.132434
0.515503 0.726793
0.22698 0.316501
0.52383 0.560151
0.834042 0.919742
0.0652813 0.44441
0.649299 0.93442
0.285394 0.79163
0.0295096 0.853925
0.625874 0.278431
0.460175 0.123222
0.138621 0.989205
0.154166 0.121848
0.555314 0.985214
0.736757 0.255994
0.154264 0.999661
0.388429 0.669767
0.726454 0.615408
0.986268 0.250284
0.17556 0.82031
0.170026 0.240841
0.26472 0.819325
0.175261 0.550115
0.610955 0.204771
0.40404 0.236829
0.483201 0.864215
0.360051 0.621822
0.85342 0.514217
0.74367 0.408734
0.499431 0.480427
0.664729 0.653695
0.480088 0.0531574
0.323462 0.206543
0.668566 0.30973
0.456827 0.844125
0.13004 0.626853
0.0849663 0.39476
0.446179 0.260227
0.944875 0.057134
0.464998 0.348914
0.293963 0.9482
0.213129 0.654014
0.570022 0.0665498
0.168232 0.313692
0.475284 0.667663
0.79412 0.140013
0.321358 0.274208
0.19317 0.64482
0.480751 0.861736
0.95455 0.937578
0.705861 0.0845903
0.564431 0.790828
0.47935 0.0106096
0.0510551 0.424225
0.0677436 0.516053
0.773139 0.361707
0.464253 0.986268
0.0157213 0.0342753
0.0528182 0.183953
0.347968 0.528102
0.851616 0.142088
0.668115 0.172974
0.416296 0.861285
0.817794 0.897047
0.723021 0.772345
0.834625 0.428883
0.856935 0.399056
0.21971 0.336285
0.409666 0.270765
0.76051 0.477409
0.786819 0.533649
0.839116 0.251072
0.519918 0.854837
0.285347 0.572736
0.0387905 0.633315
0.100838 0.890406
0.775403 0.768953
0.0633802 0.191698
0.630238 0.881175
0.0887453 0.35326
0.653519 0.92337
0.782142 0.510454
0.322426 0.00185247
0.84674 0.732092
0.272618 0.60725
0.209501 0.0594365
0.140899 0.0486172
0.310508 0.660817
0.903455 0.595856
0.233552 0.942245
0.229171 0.334391
0.832652 0.00457314
0.103344 0.896032
0.196272 0.733582
0.777206 0.285017
0.086842 0.430726
0.208387 0.868984
0.94118 0.530813
0.870837 0.78792
0.262905 0.143455
0.395169 0.472406
0.202891 0.536068
0.521024 0.513399
0.196885 0.424478
0.109255 0.430437
0.366723 0.338426
0.764828 0.199375
0.342999 0.868171
0.0954067 0.53927
