0.637461 0.27255
0.644949 0.0548115
0.931222 0.579654
0.202593 0.928979
0.245452 0.753723
0.399086 0.631565
0.771058 0.328824
0.630679 0.692508
0.465524 0.695981
0.623616 0.413601
0.108521 0.198783
0.55986 0.965207
0.0756785 0.709556
0.975413 0.664664
0.696918 0.224709
0.725096 0.334379
0.49726 0.370045
0.38919 0.428482
0.949699 0.591784
0.357461 0.195151
0.345507 0.756547
0.826715 0.116565
0.0853713 0.457395
0.809073 0.550895
0.153376 0.432689
0.964496 0.261897
0.631472 0.524356
0.227104 0.707151
0.233912 0.202517
0.371815 0.930831
0.427227 0.0969111
0.26521 0.924487
0.466956 0.6544
0.352969 0.416656
0.246184 0.71043
0.611806 0.591691
0.466977 0.438522
0.708256 0.552348
0.895916 0.517329
0.103243 0.0492923
0.950018 0.0677392
0.311189 0.581491
