0.553566 0.536027
0.572915 0.380144
0.502602 0.520628
0.526868 0.501959
0.544617 0.4491
0.527876 0.520034
0.507321 0.51389
0.5 0.5
0.53134 0.582494
0.459593 0.522085
0.597648 0.406851
0.500009 0.588464
0.510184 0.5185
0.498537 0.344449
0.436669 0.696701
0.519632 0.458804
0.494649 0.343539
0.35596 0.807403
0.5 0.5
0.485091 0.514233
0.5 0.5
0.5 0.5
0.255917 0.418689
0.478776 0.543749
0.468718 0.515007
0.485837 0.583715
0.799614 0.907225
0.517404 0.566744
0.5 0.5
0.5 0.5
0.647527 0.570434
0.5 0.5
0.480392 0.496386
0.458405 0.528829
0.632986 0.531298
0.483099 0.483497
0.493591 0.483897
0.503573 0.539833
0.574406 0.770307
0.528301 0.520238
0.517438 0.410241
0.501956 0.519289
0.468801 0.491578
0.5 0.5
0.5 0.5
0.505366 0.382551
0.547903 0.430263
0.576879 0.733619
0.47649 0.504367
0.498255 0.390036
0.472545 0.612008
0.497582 0.48785
0.736755 0.57751
0.517526 0.503023
0.478795 0.607706
0.5 0.5
0.548297 0.554505
0.481106 0.614706
0.5 0.5
0.5 0.5
0.612032 0.492592
0.499222 0.492452
0.513677 0.514368
0.493312 0.52834
0.463623 0.506785
0.692274 0.524564
0.37434 0.764513
0.518717 0.465126
0.481833 0.618339
0.519618 0.540409
0.487198 0.517836
0.493454 0.472002
0.480462 0.492762
0.0507254 0.674523
0.506599 0.487232
0.488246 0.486794
0.490051 0.521473
0.52322 0.502851
0.435659 0.44909
0.566626 0.44319
0.644972 0.547702
0.555296 0.418686
0.502741 0.521137
0.488635 0.527748
0.5 0.5
0.577922 0.469497
0.486115 0.504387
0.492721 0.322662
0.491563 0.484942
0.5 0.5
0.510963 0.309605
0.497313 0.145686
0.5 0.5
0.421689 0.436475
0.511415 0.48441
0.5 0.5
0.534402 0.338221
0.497734 0.457587
0.552459 0.650058
0.522651 0.504403
0.550987 0.554182
0.485699 0.512282
0.583424 0.603044
0.575065 0.55482
0.5 0.5
0.729056 0.597317
0.351757 0.432271
0.520102 0.506673
0.515608 0.514512
0.283319 0.304718
0.736479 0.591809
0.514326 0.489885
0.718429 0.34313
0.5 0.5
0.449123 0.471985
0.5 0.5
0.459993 0.469084
0.510136 0.570574
0.529241 0.503974
0.500293 0.563273
0.5 0.5
0.503146 0.507851
0.512425 0.281558
0.511218 0.316409
0.517387 0.488715
0.503643 0.519707
0.5 0.5
0.116076 0.204653
0.487535 0.480416
0.552321 0.63446
0.69484 0.630202
0.524993 0.559591
0.516109 0.485277
0.564567 0.7042
0.524605 0.459874
0.550267 0.419738
0.447188 0.458862
0.489944 0.530385
0.490587 0.542161
0.50862 0.521028
0.567351 0.50511
0.466503 0.448786
0.518447 0.517427
0.48302 0.512961
0.531614 0.567543
0.541646 0.493277
0.508683 0.512982
0.41212 0.480358
0.732534 0.749065
0.520013 0.492252
0.731249 0.71922
0.515381 0.421514
0.495241 0.517442
0.471007 0.50518
0.5 0.5
0.462575 0.519151
0.505495 0.37695
0.645606 0.369037
0.497877 0.388352
0.480104 0.503313
0.647569 0.426499
0.512591 0.489173
0.633036 0.627377
0.566861 0.556503
0.507901 0.529983
0.442164 0.527114
0.498037 0.513964
0.765027 0.784617
0.654348 0.649959
0.504786 0.567513
0.760286 0.545057
0.520438 0.500536
0.687597 0.541583
0.505807 0.431192
0.512875 0.508463
0.518634 0.500578
0.51427 0.518326
0.578633 0.407094
0.773726 0.514031
0.610246 0.521266
0.506032 0.480187
0.495236 0.485188
0.518345 0.503381
0.5 0.5
0.553995 0.502732
0.658888 0.590077
0.507741 0.524294
0.516651 0.516256
0.5 0.5
0.580817 0.529692
0.482703 0.412714
0.463398 0.530071
0.5 0.5
0.635284 0.379291
0.531539 0.606235
0.516932 0.542038
0.527931 0.528546
0.5 0.5
0.541965 0.431505
0.571308 0.512691
0.524848 0.51915
0.475657 0.496745
0.3537 0.411527
0.5 0.5
0.524378 0.483779
0.602724 0.408557
0.512764 0.481394
0.5 0.5
0.488486 0.513107
0.487164 0.525879
0.561497 0.755574
0.521166 0.483273
0.564809 0.588069
0.471311 0.493588
0.513731 0.52268
0.5 0.5
0.514021 0.440586
0.519496 0.523085
0.497369 0.620929
0.525766 0.466627
0.482335 0.490828
0.488427 0.533256
0.479736 0.498691
0.773281 0.683964
0.5 0.5
0.52094 0.510675
0.694307 0.741131
0.241729 0.450087
0.514808 0.508749
0.596236 0.407072
0.529093 0.620415
0.5 0.5
0.492162 0.513559
0.563499 0.498407
0.519609 0.491924
0.64076 0.289877
0.516212 0.494443
0.54732 0.511904
0.557092 0.717736
0.493218 0.521315
0.752984 0.599393
0.525077 0.579853
0.506856 0.527224
0.439567 0.454122
0.378852 0.749974
0.451589 0.586116
0.5265 0.501777
0.495183 0.522652
0.573281 0.508832
0.483342 0.488962
0.5 0.5
0.76087 0.795619
0.485606 0.489546
0.474519 0.574655
0.520295 0.536705
0.49709 0.50053
0.5 0.5
0.5 0.5
0.519199 0.504798
0.571552 0.434626
0.649132 0.364656
0.5 0.5
0.81517 0.914837
0.455634 0.535497
0.533543 0.587566
0.493225 0.481074
0.493053 0.482584
0.508803 0.525361
0.668851 0.674857
0.61387 0.491326
0.527059 0.372391
0.7726 0.757954
0.496505 0.528597
0.656157 0.285209
0.668982 0.539471
0.475467 0.559994
0.569324 0.481126
0.494924 0.542081
0.447745 0.659991
0.5 0.5
0.52243 0.507552
0.485761 0.529543
0.525007 0.780699
0.606434 0.448105
0.525902 0.494723
0.771867 0.395688
0.53128 0.554674
0.498809 0.518817
0.5 0.5
0.434244 0.546424
0.558794 0.518736
0.521439 0.470678
0.500586 0.481841
0.487763 0.489305
0.499576 0.47791
0.5 0.5
0.562609 0.569444
0.350615 0.432384
0.51074 0.532623
0.517033 0.501809
0.371469 0.582637
0.522045 0.494937
0.5 0.5
0.18802 0.26655
0.113294 0.195191
0.746701 0.667752
0.520647 0.49172
0.474519 0.521755
0.485033 0.485004
0.518428 0.492734
0.522801 0.497249
0.5 0.5
0.447193 0.430325
0.752191 0.847427
0.523369 0.504495
0.417334 0.327466
0.465301 0.470203
0.514297 0.506342
0.498775 0.483918
0.50763 0.483143
0.507507 0.487355
0.175839 0.233301
0.755578 0.317286
0.530454 0.462041
0.518398 0.529944
0.484327 0.478555
0.5 0.5
0.657689 0.552352
0.406114 0.545828
0.50642 0.436706
0.5 0.5
0.421485 0.360378
0.44558 0.546784
0.778226 0.529611
0.5 0.5
0.534292 0.515726
0.521822 0.496073
0.531237 0.503773
0.436831 0.538093
0.515244 0.520945
0.504679 0.513874
0.427481 0.645068
0.5 0.5
0.514697 0.490914
0.626023 0.672734
0.503684 0.513573
0.527677 0.507248
0.486008 0.504565
0.493405 0.473736
0.616901 0.497842
0.489885 0.507405
0.5 0.5
0.542312 0.614258
0.478783 0.492055
0.493902 0.525537
0.702455 0.638332
0.612079 0.330348
0.55426 0.627455
0.485164 0.484349
0.516835 0.4855
0.5 0.5
0.5 0.5
0.635675 0.447776
0.497153 0.479615
0.481239 0.536008
0.811041 0.896348
0.503796 0.477273
0.483595 0.549358
0.512508 0.518064
0.564605 0.729744
0.480343 0.491627
0.488506 0.464148
0.49263 0.479324
0.531166 0.532987
0.496394 0.518749
0.513126 0.520421
0.664737 0.727489
0.55342 0.516713
0.493616 0.516595
0.145696 0.636143
0.525861 0.789526
0.513438 0.519133
0.658705 0.236589
0.468827 0.448659
0.518896 0.52198
0.518729 0.492615
0.389502 0.58364
0.5 0.5
0.519649 0.498255
0.538497 0.53436
0.538459 0.57005
0.517334 0.486786
0.586324 0.719257
0.5 0.5
0.657563 0.313924
0.481849 0.508084
0.189944 0.358029
0.493993 0.516361
0.482496 0.515151
0.484993 0.505918
0.5 0.5
0.464126 0.51919
0.529967 0.477367
0.535784 0.504057
0.329334 0.468644
0.437271 0.695308
0.478163 0.489986
0.488853 0.508129
0.477279 0.4858
0.560792 0.402593
0.480195 0.493233
0.473467 0.473163
0.593719 0.502847
0.483303 0.474457
0.509218 0.513774
0.231921 0.378311
0.507284 0.461962
0.520456 0.513003
0.444713 0.559523
0.744155 0.581981
0.472001 0.496728
0.488137 0.468813
0.573399 0.520414
0.488135 0.480311
0.519102 0.503296
0.577576 0.428837
0.498598 0.517608
0.511514 0.537655
0.744202 0.671381
0.738238 0.662133
0.5 0.5
0.490443 0.51915
0.493176 0.518659
0.703397 0.354302
0.574422 0.599425
0.54979 0.530647
0.511492 0.514374
0.531706 0.507535
0.510469 0.478906
0.373452 0.57991
0.581495 0.423202
0.482599 0.501545
0.525581 0.407447
0.482143 0.507549
0.5138 0.510804
0.490346 0.488233
0.510817 0.522495
0.501025 0.477773
0.568238 0.438271
0.499578 0.517363
0.539166 0.49448
0.487633 0.508594
0.528883 0.468392
0.511802 0.521394
0.435199 0.527071
0.485525 0.519768
0.719908 0.737321
0.50262 0.518763
0.48188 0.515843
0.499098 0.481921
0.48663 0.515806
0.5 0.5
0.505686 0.488853
0.550117 0.484345
0.56746 0.398021
0.563632 0.516468
0.516892 0.45845
0.480833 0.479386
0.49424 0.513412
0.757673 0.676038
0.5 0.5
0.525527 0.468405
0.53774 0.520418
0.488656 0.568829
0.495093 0.552318
0.5 0.5
0.489013 0.49438
0.518668 0.504977
0.588195 0.521628
0.5 0.5
0.525925 0.519392
0.564526 0.441998
0.553985 0.450771
0.481028 0.362556
0.744787 0.33475
0.502986 0.48529
0.468669 0.573017
0.382526 0.410819
0.504893 0.519915
0.35393 0.389957
0.5 0.5
0.5 0.5
0.471291 0.513945
0.471381 0.527392
0.489901 0.49901
0.449832 0.544698
0.494447 0.221877
0.5 0.5
0.487195 0.509069
0.638402 0.270011
0.638678 0.650173
0.451914 0.467441
0.524644 0.455773
0.422159 0.47329
0.501321 0.452524
0.489759 0.534697
0.479469 0.473602
0.645776 0.457007
0.5 0.5
0.508757 0.516242
0.771456 0.34672
0.520308 0.491415
0.415412 0.587495
0.526018 0.502846
0.415481 0.483502
0.5 0.5
0.531493 0.503656
0.498886 0.480325
0.53134 0.479549
0.491534 0.465619
0.455845 0.627167
0.49045 0.518425
0.703436 0.749933
0.486433 0.485144
0.504593 0.479524
0.485154 0.573113
0.486865 0.491746
0.5 0.5
0.515831 0.498635
0.499717 0.53292
0.340545 0.355992
0.545055 0.513558
0.476721 0.493788
0.51483 0.596109
0.465201 0.574083
0.242696 0.681272
0.507803 0.480382
0.464469 0.515039
0.444621 0.493913
0.459475 0.46157
0.738226 0.629635
0.525659 0.485927
0.508654 0.467688
0.466843 0.511536
0.629896 0.678127
0.486681 0.215143
0.253035 0.439745
0.487086 0.511918
0.503658 0.437467
0.348846 0.60805
0.234083 0.379246
0.512388 0.517295
0.525923 0.791274
0.516917 0.496159
0.51238 0.489342
0.516968 0.476111
0.488889 0.492158
0.517394 0.772612
0.750343 0.786218
0.474521 0.612482
0.780609 0.887392
0.507976 0.469805
0.444717 0.379344
0.481562 0.533869
0.479943 0.508249
0.565887 0.493219
0.607641 0.346856
0.328413 0.367855
0.5 0.5
0.5 0.5
0.5 0.5
0.507422 0.441991
0.603873 0.388844
0.48903 0.519383
0.512862 0.48315
0.478137 0.554605
0.49892 0.518129
0.5 0.5
0.346469 0.466548
0.709895 0.638609
0.572349 0.510986
0.470526 0.505062
0.523042 0.499614
0.524661 0.491875
0.505286 0.517362
0.5 0.5
0.514951 0.49981
0.515679 0.489579
0.515727 0.502836
0.498717 0.38267
0.690735 0.7035
0.535572 0.479413
0.789047 0.897987
0.5 0.5
0.5 0.5
0.572203 0.450692
0.521842 0.538339
0.767858 0.399157
0.404944 0.688334
0.187997 0.238277
0.531668 0.49326
0.5 0.5
0.474854 0.484409
0.533772 0.464303
0.495793 0.451255
0.5 0.5
0.5 0.5
0.539508 0.446837
0.499382 0.476928
0.502934 0.477843
0.489886 0.561737
0.503686 0.211535
0.590462 0.465574
0.495382 0.513116
0.492999 0.513478
0.5 0.5
0.76083 0.517531
0.478921 0.510025
0.714002 0.783611
0.486644 0.49218
0.489463 0.516701
0.588911 0.506878
0.487006 0.517024
0.503006 0.535368
0.65708 0.62209
0.476612 0.465366
0.565325 0.651293
0.483712 0.49504
0.512757 0.512581
0.506733 0.510478
0.488418 0.511635
0.56303 0.730606
0.521583 0.585487
0.594879 0.434497
0.527228 0.56158
0.500041 0.51921
0.547307 0.499452
0.455417 0.627049
0.5 0.5
0.506818 0.494366
0.526864 0.494204
0.739007 0.400581
0.521602 0.477275
0.788047 0.894949
0.504783 0.493839
0.411411 0.563846
0.506619 0.537846
0.514093 0.45587
0.488239 0.480526
0.482544 0.313345
0.524188 0.501013
0.506708 0.488487
0.519427 0.522453
0.508557 0.546889
0.482889 0.492968
0.47852 0.386217
0.481624 0.495893
0.529131 0.455917
0.519178 0.497285
0.5 0.5
0.5 0.5
0.581762 0.616433
0.5 0.5
0.616269 0.30751
0.5 0.5
0.452344 0.407696
0.485166 0.524305
0.413534 0.436275
0.391142 0.558943
0.83183 0.900618
0.767914 0.393044
0.5 0.5
0.639389 0.268532
0.5 0.5
0.508292 0.520876
0.480275 0.521994
0.666974 0.635014
0.496873 0.520422
0.521879 0.461454
0.479103 0.505225
0.480761 0.506845
0.487807 0.559989
0.427748 0.482982
0.615337 0.517419
0.519587 0.491175
0.512037 0.68334
0.653974 0.645157
0.431793 0.545042
0.501509 0.513095
0.75437 0.583925
0.5 0.5
0.300386 0.452341
0.698386 0.516203
0.541099 0.499064
0.556775 0.689493
0.550428 0.635745
0.5 0.5
0.508148 0.501787
0.515421 0.419525
0.487161 0.510381
0.642724 0.546189
0.549871 0.681922
0.47693 0.62183
0.490947 0.490226
0.479543 0.50297
0.5 0.5
0.491591 0.481209
0.476243 0.473067
0.567989 0.569479
0.486596 0.476386
0.511967 0.474031
0.5 0.5
0.495181 0.518435
0.507523 0.530883
0.713998 0.568221
0.479707 0.597604
0.5 0.5
0.49196 0.535061
0.507731 0.521272
0.422112 0.525643
0.476879 0.501209
0.558586 0.65156
0.463151 0.582747
0.601874 0.331001
0.478753 0.498934
0.419487 0.34001
0.524398 0.602116
0.494545 0.537368
0.499887 0.51911
0.524253 0.468894
0.491633 0.519137
0.658166 0.457929
0.492125 0.514259
0.482526 0.500222
0.458141 0.438874
0.514352 0.529228
0.146567 0.235947
0.300908 0.424875
0.51929 0.519919
0.473625 0.54718
0.487569 0.539268
0.5 0.5
0.498499 0.467202
0.52519 0.568771
0.522569 0.510249
0.57716 0.41137
0.42336 0.554615
0.599956 0.509586
0.569356 0.522157
0.5 0.5
0.591786 0.729757
0.520089 0.531178
0.5 0.5
0.5 0.5
0.727868 0.523292
0.513219 0.488663
0.476239 0.501223
0.534188 0.539169
0.5316 0.48963
0.498228 0.588867
0.569249 0.450657
0.643162 0.331928
0.512602 0.492617
0.567281 0.671628
0.5 0.5
0.525248 0.523521
0.695856 0.571116
0.489673 0.507664
0.510736 0.504397
0.769501 0.369568
0.5 0.5
0.477188 0.482289
0.510239 0.514057
0.436389 0.544404
0.744565 0.640135
0.501304 0.507875
0.482233 0.497819
0.570151 0.687951
0.512582 0.487466
0.50309 0.524556
0.381692 0.555688
0.5 0.5
0.506928 0.516712
0.485676 0.509885
0.487964 0.503783
0.478376 0.488613
0.512721 0.491826
0.542497 0.436235
0.720226 0.734128
0.601226 0.536055
0.518895 0.267138
0.480433 0.509505
0.499129 0.514376
0.459622 0.588522
0.486855 0.512776
0.510918 0.361176
0.556068 0.644023
0.477868 0.550016
0.514066 0.485922
0.500787 0.520584
0.431837 0.548361
0.420594 0.455339
0.499518 0.48572
0.496224 0.450013
0.656988 0.451967
0.631796 0.406825
0.524708 0.647223
0.747749 0.792313
0.535038 0.453274
0.576726 0.55495
0.300177 0.319526
0.5 0.5
0.430471 0.480597
0.517691 0.515926
0.569548 0.469825
0.489696 0.50804
0.48043 0.470063
0.402775 0.482726
0.540744 0.510137
0.575667 0.72902
0.508181 0.478933
0.447472 0.538589
0.521794 0.510062
0.506794 0.563128
0.466597 0.48651
0.49552 0.513674
0.51458 0.541012
0.46729 0.550275
0.484371 0.493312
0.528444 0.654066
0.509135 0.341517
0.698312 0.635742
0.48217 0.536404
0.500703 0.476069
0.547753 0.619019
0.406538 0.539511
0.155167 0.215318
0.467515 0.446015
0.495386 0.516911
0.402757 0.414751
0.448194 0.800014
0.516826 0.490742
0.518031 0.51255
0.588654 0.58564
0.5 0.5
0.681719 0.511198
0.544179 0.49211
0.484112 0.489317
0.516592 0.485639
0.5 0.5
0.460919 0.488848
0.502179 0.478196
0.494879 0.481523
0.563931 0.735853
0.507196 0.522139
0.495331 0.482167
0.546124 0.528143
0.564238 0.504998
0.683689 0.526556
0.502876 0.518028
0.47291 0.48177
0.434615 0.629967
0.517443 0.576352
0.701039 0.689697
0.519135 0.494787
0.52296 0.48196
0.713108 0.616011
0.528243 0.494492
0.74385 0.818789
0.439477 0.420656
0.712992 0.339986
0.561847 0.570466
0.446219 0.480845
0.5005 0.484421
0.598947 0.460999
0.550176 0.658693
0.461691 0.732064
0.490815 0.522145
0.532799 0.598418
0.692409 0.524869
0.506604 0.511983
0.561233 0.667416
0.45293 0.791976
0.473089 0.501467
0.555354 0.470342
0.46092 0.517257
0.490077 0.520439
0.488422 0.498434
0.462398 0.467476
0.482327 0.506693
0.510325 0.482789
0.532946 0.483765
0.359507 0.567485
0.452086 0.519906
0.486261 0.502222
0.4576 0.473637
0.51515 0.543959
0.518015 0.502212
0.58021 0.419287
0.417867 0.595226
0.587633 0.615621
0.481309 0.5021
0.521579 0.543307
0.434014 0.551836
0.527739 0.54321
0.687166 0.505345
0.477745 0.503803
0.493553 0.512766
0.488372 0.501492
0.5 0.5
0.483789 0.488217
0.584311 0.449998
0.224666 0.69381
0.506139 0.583989
0.680923 0.669659
0.607274 0.515744
0.486147 0.613581
0.809015 0.903268
0.500447 0.514386
0.498028 0.482109
0.608155 0.432917
0.640814 0.64327
0.527343 0.519023
0.441448 0.452326
0.487537 0.48026
0.512898 0.511474
0.506991 0.500409
0.400923 0.562218
0.489306 0.503596
0.519486 0.40164
0.519146 0.454768
0.537889 0.446617
0.476022 0.494008
0.483986 0.516131
0.487882 0.51592
0.516905 0.492328
0.479842 0.498153
0.489486 0.485098
0.473032 0.42301
0.410473 0.59736
0.49927 0.433671
0.519292 0.512177
0.506359 0.515849
0.561781 0.744922
0.556402 0.415068
0.484675 0.507486
0.360708 0.574598
0.574553 0.488007
0.405926 0.561292
0.495906 0.480643
0.489503 0.23042
0.619414 0.541999
0.50755 0.514114
0.535435 0.471832
0.482034 0.499371
0.502475 0.522189
0.498553 0.486219
0.5196 0.5199
0.515154 0.391762
0.492836 0.478729
0.490665 0.483165
0.554646 0.53944
0.481461 0.498499
0.462488 0.482749
0.496272 0.490474
0.711418 0.575439
0.469608 0.536204
0.440819 0.450486
0.507784 0.47041
0.493402 0.505026
0.5 0.5
0.629261 0.407996
0.513991 0.513084
0.5 0.5
0.577707 0.541183
0.567004 0.424721
0.488103 0.491773
0.516508 0.499379
0.520334 0.502496
0.493457 0.382194
0.483302 0.429205
0.513143 0.506979
0.5 0.5
0.473483 0.53367
0.62921 0.531269
0.594353 0.344498
0.5 0.5
0.484753 0.592395
0.513613 0.487807
0.4791 0.605644
0.234852 0.379518
0.625172 0.38669
0.643823 0.60136
0.513073 0.517925
0.50909 0.482916
0.567239 0.472258
0.415527 0.561622
0.329974 0.465895
0.480057 0.498348
0.495864 0.515144
0.504644 0.482762
0.552632 0.681216
0.49867 0.567064
0.708368 0.523769
0.448856 0.396584
0.319761 0.463247
0.494989 0.491392
0.523677 0.488479
0.566845 0.416637
0.497412 0.517409
0.336684 0.365898
0.5 0.5
0.538347 0.472419
0.50582 0.488536
0.527806 0.308621
0.510556 0.491467
0.455352 0.515479
0.524887 0.493096
0.505448 0.452921
0.516581 0.491249
0.501136 0.477866
0.5 0.5
0.498641 0.415267
0.484729 0.398325
0.272207 0.66121
0.524909 0.48342
0.521713 0.496314
0.649393 0.603403
0.501738 0.513251
0.503546 0.515985
0.490026 0.515512
0.493417 0.514399
0.623057 0.513414
0.509109 0.488634
0.508116 0.494657
0.417614 0.374191
0.530917 0.598483
0.50103 0.477968
0.562923 0.520327
0.482237 0.509266
0.514863 0.484207
0.161529 0.219888
0.51875 0.511665
0.506173 0.496427
0.504974 0.469148
0.48277 0.521658
0.519153 0.493476
0.695269 0.767287
0.129667 0.643186
0.438505 0.530123
0.565687 0.50572
0.571365 0.448241
0.487681 0.488136
0.471475 0.534498
0.407649 0.567992
0.519034 0.597646
0.698889 0.574191
0.496363 0.5014
0.510729 0.517495
0.508052 0.29538
0.543753 0.526698
0.675772 0.292689
0.433233 0.558156
0.487976 0.484532
0.482581 0.476456
0.147269 0.229134
0.508643 0.502802
0.516706 0.559247
0.536889 0.63591
0.494476 0.530854
0.504128 0.241921
0.495812 0.517105
0.56904 0.492497
0.5 0.5
0.481627 0.553986
0.494987 0.516465
0.485532 0.473057
0.494477 0.511777
0.749113 0.378211
0.5 0.5
0.517112 0.491725
0.492912 0.488297
0.505674 0.525626
0.48693 0.501404
0.513782 0.531439
0.719022 0.335424
0.579229 0.466052
0.599036 0.501624
0.759359 0.843559
0.561251 0.402821
0.52879 0.457991
0.311784 0.43679
0.518786 0.501783
0.503949 0.483588
0.540686 0.529422
0.497874 0.510136
0.436015 0.522097
0.545884 0.481292
0.537629 0.30501
0.445578 0.479548
0.528503 0.515169
0.528591 0.577909
0.49945 0.488115
0.5 0.5
0.48745 0.517101
0.50246 0.483931
0.494774 0.478051
0.487593 0.491657
0.513751 0.516846
0.498297 0.416917
0.674286 0.632992
0.498174 0.343168
0.50888 0.516263
0.460615 0.736592
0.546211 0.517624
0.39278 0.566761
0.496516 0.304516
0.466369 0.580451
0.487174 0.539849
0.784872 0.563493
0.710611 0.364369
0.483746 0.492259
0.681775 0.430182
0.475648 0.461667
0.471164 0.547387
0.312225 0.352799
0.492282 0.538302
0.484054 0.510032
0.450216 0.526503
0.62247 0.582926
0.497103 0.487545
0.411588 0.600684
0.502583 0.507641
0.500051 0.506742
0.541972 0.499476
0.306238 0.448747
0.517462 0.520999
0.405667 0.595332
0.387605 0.55388
0.544721 0.517118
0.512717 0.498578
0.537445 0.536804
0.5 0.5
0.50017 0.499681
0.646683 0.515234
0.516902 0.495463
0.707002 0.51526
0.512667 0.48563
0.486499 0.484903
0.519177 0.681358
0.515351 0.518527
0.509322 0.479557
0.512102 0.503051
0.741348 0.729182
0.491324 0.50891
0.495047 0.573541
0.444285 0.393676
0.443797 0.706605
0.49351 0.521318
0.47621 0.493263
0.491762 0.484889
0.5 0.5
0.689094 0.569588
0.503275 0.435333
0.492594 0.480716
0.134427 0.207699
0.690829 0.445474
0.503492 0.507704
0.482874 0.490958
0.512747 0.502849
0.5 0.5
0.486456 0.502363
0.47225 0.500457
0.502007 0.487198
0.48621 0.342068
0.513827 0.470472
0.535249 0.507588
0.589029 0.526354
0.482767 0.490344
0.506983 0.528526
0.252929 0.672235
0.5 0.5
0.510149 0.4904
0.48172 0.475305
0.542836 0.522511
0.513083 0.540159
0.512133 0.609319
0.430018 0.558548
0.5 0.5
0.48467 0.499898
0.548199 0.538666
0.590908 0.510029
0.446081 0.349412
0.232957 0.602194
0.481004 0.568853
0.584095 0.503509
0.484551 0.507517
0.466096 0.619447
0.412066 0.689666
0.561541 0.475665
0.501152 0.486694
0.449606 0.434883
0.482143 0.496653
0.576003 0.387962
0.5 0.5
0.554336 0.659631
0.495888 0.512879
0.514112 0.512092
0.516833 0.483366
0.746739 0.838298
0.444453 0.495705
0.488738 0.618219
0.482525 0.51619
0.435794 0.547069
0.557309 0.425276
0.53125 0.486155
0.612347 0.334292
0.474517 0.528774
0.611128 0.324145
0.570077 0.565929
0.603334 0.524404
0.568342 0.539736
0.578778 0.410759
0.62297 0.459465
0.524421 0.578233
0.4721 0.577289
0.512548 0.484699
0.484311 0.456023
0.66545 0.62196
0.508703 0.488598
0.526849 0.533147
0.742003 0.600901
0.488406 0.49929
0.515611 0.697196
0.484901 0.499891
0.526021 0.470577
0.5 0.5
0.5 0.5
0.508878 0.545738
0.481614 0.496656
0.480598 0.556541
0.749949 0.519345
0.515617 0.358861
0.661666 0.431991
0.747035 0.726328
0.693375 0.704581
0.606796 0.574079
0.504711 0.588947
0.488903 0.495183
0.557333 0.512914
0.511517 0.527029
0.623886 0.51451
0.519699 0.509743
0.518481 0.511878
0.743437 0.657125
0.527262 0.345088
0.494959 0.48153
0.514205 0.513275
0.516431 0.586007
0.475935 0.489247
0.49204 0.466862
0.457583 0.395641
0.762623 0.848897
0.509153 0.518177
0.476257 0.493385
0.50513 0.523349
0.507006 0.503963
0.608379 0.51619
0.440642 0.46177
0.5 0.5
0.0540973 0.677541
0.482051 0.483622
0.51149 0.519067
0.471091 0.515064
0.501303 0.486339
0.476833 0.503959
0.614117 0.509917
0.441012 0.495721
0.505156 0.475286
0.479818 0.502373
0.494437 0.520147
0.667988 0.33657
0.485926 0.487514
0.583838 0.393423
0.491806 0.521532
0.481669 0.489204
0.487597 0.486539
0.501029 0.60829
0.419117 0.557798
0.494395 0.513292
0.476356 0.502308
0.478079 0.694436
0.603672 0.532219
0.449105 0.407236
0.500265 0.5167
0.665599 0.524826
0.541124 0.588431
0.649574 0.524541
0.493358 0.486713
0.568085 0.514909
0.495294 0.512609
0.499835 0.517945
0.497502 0.484276
0.52518 0.499122
0.729278 0.792964
0.579933 0.408602
0.493873 0.480552
0.448107 0.46267
0.61525 0.536714
0.513488 0.652547
0.490109 0.482774
0.513759 0.691123
0.555178 0.458
0.496025 0.344158
0.540342 0.478675
0.566893 0.406891
0.494337 0.483004
0.45383 0.464734
0.504716 0.619785
0.491641 0.447732
0.508013 0.50518
0.491046 0.488945
0.505596 0.556875
0.48324 0.447305
0.469777 0.46497
0.366626 0.582833
0.467166 0.571513
0.51213 0.383815
0.5 0.5
0.552257 0.703996
0.305152 0.428089
0.425049 0.466104
0.62425 0.407946
0.508369 0.510627
0.420867 0.380185
0.575658 0.386754
0.494234 0.462461
0.492458 0.534069
0.5 0.5
0.435043 0.446967
0.801378 0.571517
0.679967 0.431292
0.479375 0.421996
0.567746 0.507849
0.510576 0.479522
0.394698 0.577935
0.481073 0.448445
0.518561 0.511866
0.560606 0.517298
0.554974 0.695208
0.503055 0.488052
0.5 0.5
0.515064 0.509328
0.678407 0.559
0.496539 0.522608
0.734546 0.406017
0.528682 0.527614
0.525065 0.478089
0.420558 0.467087
0.685089 0.540091
0.492084 0.455609
0.479766 0.482905
0.505904 0.414864
0.483388 0.472573
0.516693 0.459762
0.236774 0.378453
0.5153 0.4992
0.49747 0.52377
0.502507 0.462512
0.513762 0.51289
0.253342 0.426896
0.5 0.5
0.495459 0.497646
0.418264 0.445203
0.5 0.5
0.570537 0.550922
0.487747 0.48459
0.560386 0.528428
0.281966 0.428045
0.585692 0.706788
0.491488 0.543814
0.469024 0.537395
0.52435 0.501457
0.530707 0.457778
0.523804 0.355332
0.48299 0.517987
0.498731 0.282884
0.633688 0.593277
0.76517 0.764197
0.345352 0.38349
0.741268 0.759913
0.72648 0.75364
0.483192 0.494555
0.476697 0.486714
0.503455 0.480024
0.513354 0.512504
0.656682 0.388367
0.485956 0.514089
0.518201 0.502796
0.511051 0.507813
0.484232 0.515277
0.260141 0.595843
0.574762 0.676318
0.495407 0.493428
0.510824 0.486154
0.597469 0.514718
0.390684 0.474366
0.495697 0.510219
0.477136 0.560553
0.485661 0.486954
0.519816 0.499868
0.504164 0.492126
0.492626 0.511241
0.278633 0.418415
0.510627 0.500142
0.519379 0.503469
0.460403 0.538374
0.5 0.5
0.475709 0.449175
0.487587 0.443979
0.57913 0.380302
0.54585 0.606937
0.515872 0.506424
0.502665 0.517351
0.564308 0.477461
0.436267 0.629696
0.567045 0.447304
0.488594 0.485787
0.520464 0.525589
0.675749 0.641894
0.500408 0.519123
0.473066 0.488014
0.495016 0.480467
0.5 0.5
0.445014 0.53458
0.494488 0.503495
0.690162 0.364509
0.493084 0.492034
0.491211 0.514983
0.509711 0.473538
0.487318 0.539301
0.424451 0.454856
0.744831 0.658737
0.51834 0.506277
0.480048 0.429836
0.194885 0.254223
0.564987 0.404064
0.466961 0.571694
0.33413 0.442718
0.45325 0.524038
0.5 0.5
0.543318 0.596351
0.463792 0.53157
0.446285 0.537019
0.550201 0.516458
0.581405 0.432826
0.5 0.5
0.504223 0.654671
0.51225 0.479731
0.486314 0.490285
0.504907 0.368247
0.469456 0.466512
0.475959 0.580129
0.439614 0.538892
0.649839 0.535779
0.501295 0.482405
0.552454 0.656829
0.484632 0.507684
0.518388 0.721611
0.502918 0.467681
0.477376 0.48851
0.54238 0.484328
0.47398 0.657103
0.5 0.5
0.512492 0.514594
0.446038 0.538815
0.516497 0.495156
0.506881 0.507525
0.444009 0.469546
0.124057 0.219167
0.516476 0.49837
0.505637 0.471138
0.495434 0.486124
0.504903 0.511776
0.520502 0.540583
0.484375 0.499346
0.51159 0.514785
0.504858 0.505982
0.497153 0.263121
0.517241 0.527914
0.522566 0.524292
0.481914 0.505424
0.49633 0.471786
0.484618 0.485598
0.47808 0.499172
0.504405 0.479735
0.442194 0.668696
0.502214 0.482793
0.501886 0.521929
0.259204 0.448721
0.517337 0.4001
0.567738 0.765489
0.542965 0.467208
0.472256 0.368864
0.492914 0.485323
0.518418 0.486846
0.500886 0.520529
0.505352 0.473104
0.424695 0.721982
0.532044 0.533445
0.748222 0.584297
0.551471 0.456246
0.461249 0.41573
0.546453 0.437248
0.5 0.5
0.495959 0.514375
0.421044 0.380985
0.477285 0.637703
0.459171 0.584597
0.377376 0.555334
0.487466 0.513392
0.527175 0.55706
0.471338 0.481994
0.509712 0.512614
0.149317 0.211077
0.480501 0.614951
0.712477 0.341866
0.481166 0.471792
0.489208 0.515593
0.474566 0.511541
0.682051 0.543964
0.401777 0.419424
0.588368 0.524993
0.487671 0.515197
0.501486 0.486472
0.502291 0.342557
0.508198 0.413023
0.476401 0.522026
0.501704 0.511907
0.511072 0.538321
0.516994 0.496772
0.514499 0.496799
0.499252 0.487455
0.58264 0.714815
0.502215 0.541687
0.490911 0.615772
0.478993 0.545289
0.522819 0.473438
0.5 0.5
0.540748 0.502739
0.483523 0.489936
0.544535 0.545398
0.504573 0.457405
0.5008 0.490688
0.514795 0.487035
0.497486 0.490289
0.147854 0.237857
0.523085 0.496679
0.74969 0.588167
0.487763 0.508631
0.462013 0.532535
0.475719 0.490362
0.490487 0.510597
0.569928 0.505656
0.517211 0.516205
0.214377 0.367321
0.457175 0.587694
0.501763 0.483106
0.0808635 0.666841
0.548719 0.514185
0.742354 0.573475
0.455836 0.523966
0.565527 0.392028
0.485025 0.50776
0.509464 0.49666
0.478609 0.473084
0.53731 0.488886
0.619989 0.392265
0.463126 0.579592
0.491235 0.511251
0.511742 0.580079
0.526002 0.560675
0.560114 0.701991
0.513465 0.507296
0.475257 0.602432
0.476438 0.461972
0.264299 0.450295
0.5 0.5
0.501397 0.484352
0.490222 0.508077
0.44847 0.665887
0.481207 0.500494
0.515579 0.494001
0.5159 0.54161
0.518151 0.484107
0.492785 0.483803
0.579877 0.504869
0.508653 0.503069
0.453132 0.543814
0.480299 0.498277
0.323555 0.441832
0.486304 0.483252
0.608251 0.354679
0.516498 0.488603
0.519523 0.498979
0.496296 0.503225
0.615984 0.437805
0.487846 0.487731
0.497604 0.511711
0.511761 0.673476
0.511427 0.50641
0.517194 0.51215
0.5 0.5
0.499705 0.514635
0.518676 0.474069
0.373198 0.779585
0.554101 0.488762
0.407176 0.551813
0.565696 0.641654
0.619492 0.663976
0.662135 0.238936
0.680082 0.533115
0.49917 0.522677
0.492795 0.538833
0.51675 0.517252
0.603074 0.492405
0.461102 0.55964
0.491822 0.517284
0.53747 0.535451
0.526849 0.488605
0.48537 0.486782
0.51681 0.496866
0.550695 0.506756
0.490553 0.37879
0.30462 0.326305
0.517494 0.491548
0.487436 0.487197
0.55334 0.707498
0.5 0.5
0.512201 0.516452
0.313224 0.365396
0.5 0.5
0.546586 0.492915
0.713478 0.571827
0.470662 0.519266
0.539533 0.48283
0.504681 0.518035
0.50007 0.503421
0.505898 0.58061
0.391445 0.573611
0.500489 0.504994
0.689646 0.361617
0.513841 0.510489
0.500037 0.51469
0.429132 0.583794
0.486956 0.504962
0.691159 0.332298
0.565935 0.542672
0.526279 0.575608
0.487309 0.512992
0.507591 0.366635
0.665188 0.539195
0.477166 0.490787
0.431756 0.716208
0.648415 0.55062
0.498648 0.519513
0.449004 0.486906
0.429381 0.524408
0.515152 0.425699
0.497235 0.489015
0.571172 0.477832
0.507439 0.484785
0.522796 0.380009
0.514715 0.29914
0.743702 0.763192
0.720364 0.416902
0.490651 0.483076
0.528743 0.481022
0.441253 0.473431
0.49779 0.502531
0.592599 0.507441
0.49294 0.49898
0.601339 0.565122
0.540522 0.516883
0.512742 0.48304
0.48474 0.544766
0.440254 0.676632
0.498479 0.484858
0.518501 0.503807
0.446404 0.540775
0.39226 0.418474
0.492704 0.476542
0.518264 0.505088
0.488627 0.567859
0.494018 0.507703
0.774848 0.381443
0.449618 0.495976
0.513879 0.514143
0.479933 0.463695
0.507694 0.369512
0.5 0.5
0.534031 0.499548
0.693573 0.54821
0.538718 0.591352
0.574579 0.558797
0.488673 0.576242
0.751621 0.583713
0.683419 0.623152
0.510611 0.506739
0.589132 0.35304
0.655534 0.551849
0.49926 0.464343
0.47562 0.512238
0.279963 0.401032
0.622678 0.534105
0.510956 0.449122
0.509318 0.508067
0.51125 0.48266
0.516844 0.496503
0.0882416 0.662363
0.667904 0.517963
0.461336 0.538237
0.334009 0.370923
0.484644 0.499402
0.496598 0.296618
0.753219 0.348958
0.513684 0.49107
0.504522 0.514204
0.512932 0.516636
0.5 0.5
0.497589 0.52332
0.588263 0.517914
0.737698 0.570444
0.674624 0.66886
0.562509 0.652242
0.505646 0.483509
0.457436 0.756713
0.501958 0.478537
0.362933 0.472397
0.464906 0.524768
0.497676 0.273053
0.274258 0.336978
0.466845 0.486231
0.705545 0.421691
0.492626 0.51131
0.501809 0.483183
0.455389 0.411544
0.468756 0.458434
0.688303 0.326004
0.504573 0.519047
0.467524 0.514949
0.5 0.5
0.522973 0.479261
0.52056 0.519359
0.52218 0.429642
0.48524 0.444689
0.494641 0.510904
0.426724 0.52907
0.612162 0.39928
0.645422 0.548608
0.406024 0.42405
0.513478 0.49221
0.515215 0.568437
0.610485 0.442094
0.516251 0.506506
0.65946 0.651882
0.50921 0.648864
0.5 0.5
0.467954 0.500505
0.60376 0.537984
0.533541 0.500682
0.610228 0.57862
0.10937 0.20574
0.371034 0.763918
0.510423 0.48365
0.488781 0.515896
0.47096 0.621045
0.5 0.5
0.484119 0.513647
0.489857 0.52085
0.513506 0.502528
0.611628 0.400191
0.488634 0.482525
0.477799 0.436504
0.493095 0.37324
0.5 0.5
0.578791 0.587915
0.589106 0.596582
0.48733 0.508513
0.508424 0.514442
0.511293 0.518619
0.52348 0.540832
0.5605 0.562217
0.634019 0.30288
0.508986 0.500481
0.479616 0.474292
0.496862 0.516943
0.506903 0.500069
0.449166 0.591402
0.538394 0.552723
0.465708 0.533367
0.490041 0.498063
0.584173 0.592942
0.745585 0.577662
0.714549 0.5574
0.544838 0.449983
0.617652 0.585254
0.633648 0.548757
0.502905 0.572576
0.613383 0.311706
0.492256 0.478201
0.492847 0.482294
0.515232 0.505701
0.503584 0.500721
0.512633 0.491856
0.490453 0.527837
0.481993 0.464502
0.5523 0.541366
0.492277 0.519546
0.504206 0.483984
0.466329 0.455347
0.482094 0.527837
0.489018 0.493306
0.528448 0.477491
0.504737 0.498027
0.526626 0.731024
0.519249 0.50332
0.515511 0.484543
0.670594 0.531114
0.487361 0.511125
0.497468 0.488621
0.469605 0.490856
0.534936 0.430766
0.532285 0.473153
0.539946 0.476396
0.830001 0.894847
0.49256 0.409472
0.51451 0.503032
0.677628 0.54688
0.530362 0.546321
0.576541 0.514017
0.636497 0.345431
0.46767 0.599443
0.506214 0.516892
0.5 0.5
0.506783 0.459637
0.611288 0.591694
0.512168 0.518251
0.638974 0.43601
0.502888 0.498588
0.545426 0.596601
0.506647 0.369167
0.463973 0.507898
0.519551 0.512415
0.49214 0.513038
0.683857 0.692152
0.334307 0.615926
0.502369 0.478852
0.531421 0.498237
0.489414 0.503465
0.500553 0.34348
0.451082 0.443488
0.287457 0.580434
0.499313 0.516084
0.420019 0.546841
0.500707 0.510727
0.512407 0.507929
0.722869 0.551323
0.383954 0.553645
0.505849 0.493025
0.509163 0.520948
0.28468 0.439297
0.4086 0.420388
0.665559 0.655597
0.747812 0.651495
0.636188 0.402676
0.485419 0.495938
0.491674 0.146448
0.715869 0.351792
0.692439 0.716588
0.389846 0.416653
0.593195 0.512544
0.673902 0.570213
0.481224 0.494685
0.510393 0.504028
0.44444 0.523948
0.445497 0.536152
0.586211 0.532901
0.703941 0.718631
0.472951 0.527485
0.52576 0.325457
0.580791 0.526152
0.283931 0.456956
0.497503 0.278275
0.516729 0.509598
0.594025 0.545345
0.461058 0.516569
0.474333 0.489056
0.283068 0.433545
0.511257 0.505637
0.48225 0.500972
0.5 0.5
0.452086 0.421671
0.489981 0.512663
0.598709 0.466752
0.536517 0.476217
0.583814 0.621347
0.624511 0.615455
0.5 0.5
0.670956 0.612847
0.547384 0.523832
0.513359 0.460733
0.417492 0.59689
0.497434 0.496868
0.39624 0.536999
0.136068 0.20075
0.47776 0.497836
0.583718 0.620009
0.503922 0.490268
0.540584 0.45557
0.514118 0.511697
0.514534 0.517272
0.5 0.5
0.513367 0.513406
0.532356 0.500165
0.73605 0.663078
0.195454 0.361075
0.545709 0.47806
0.506304 0.485486
0.480383 0.496384
0.513528 0.512215
0.473972 0.496158
0.510245 0.506585
0.490189 0.494677
0.397618 0.718003
0.435671 0.384734
0.439573 0.62526
0.746536 0.414366
0.462808 0.465036
0.502058 0.424407
0.501439 0.442028
0.643406 0.549843
0.57059 0.737303
0.563513 0.513495
0.5 0.5
0.509721 0.452973
0.236921 0.597756
0.611659 0.418412
0.512137 0.654523
0.551032 0.664197
0.563884 0.395827
0.49184 0.486842
0.485416 0.486532
0.499231 0.463899
0.382565 0.759925
0.490531 0.504899
0.334172 0.438283
0.466145 0.581725
0.305146 0.452918
0.505037 0.511819
0.482796 0.583117
0.49128 0.493734
0.52505 0.495395
0.531038 0.465192
0.48436 0.440749
0.492595 0.515325
0.496006 0.485011
0.469532 0.494234
0.482487 0.511574
0.505215 0.504608
0.509366 0.653894
0.435919 0.579137
0.473663 0.557461
0.506029 0.495678
0.476309 0.539083
0.696144 0.590525
0.560048 0.488222
0.510417 0.513401
0.66833 0.583718
0.506469 0.404806
0.496232 0.497383
0.456738 0.42619
0.563749 0.542147
0.552919 0.676501
0.48938 0.468986
0.455595 0.516838
0.70719 0.543346
0.516256 0.489647
0.473537 0.556628
0.529401 0.524258
0.575788 0.494521
0.509995 0.517552
0.528845 0.485093
0.525747 0.547742
0.436169 0.473139
0.47623 0.493971
0.601575 0.469432
0.512974 0.476623
0.5 0.5
0.38729 0.409557
0.510188 0.497713
0.749998 0.841526
0.212083 0.281078
0.438171 0.497175
0.5 0.5
0.439504 0.5205
0.497955 0.492404
0.370469 0.441641
0.686085 0.678592
0.5 0.5
0.434694 0.451097
0.5 0.5
0.519229 0.484221
0.366859 0.56746
0.485546 0.51385
0.664166 0.381779
0.698278 0.565639
0.476939 0.521068
0.574968 0.484273
0.428245 0.712864
0.391553 0.547673
0.479666 0.556777
0.514323 0.484776
0.520956 0.505126
0.492178 0.482082
0.522677 0.515292
0.509471 0.484841
0.487009 0.537741
0.478087 0.585489
0.435458 0.641793
0.498771 0.518991
0.401515 0.421706
0.528685 0.492311
0.483475 0.486201
0.571447 0.503011
0.513591 0.506646
0.386071 0.543209
0.655889 0.355307
0.431165 0.547015
0.496688 0.487262
0.61849 0.331837
0.5 0.5
0.50703 0.508377
0.539156 0.51348
0.492854 0.523585
0.493439 0.605723
0.469695 0.520805
0.693748 0.708719
0.505171 0.515473
0.4838 0.597997
0.429831 0.544274
0.403752 0.483024
0.492257 0.495743
0.559462 0.505196
0.54375 0.561114
0.512333 0.483842
0.357471 0.392625
0.506992 0.393379
0.499855 0.468667
0.497888 0.509021
0.295879 0.428107
0.496467 0.515115
0.5 0.5
0.491947 0.480421
0.381695 0.586094
0.437624 0.542445
0.431125 0.447515
0.398992 0.488281
0.431485 0.645765
0.515232 0.489284
0.507909 0.536091
0.508261 0.537409
0.357761 0.397898
0.693394 0.583793
0.476492 0.536261
0.527786 0.496526
0.387023 0.454355
0.595886 0.418006
0.552525 0.416604
0.518063 0.497474
0.506502 0.498041
0.614477 0.613744
0.52883 0.469743
0.489727 0.503079
0.500277 0.50999
0.473735 0.50716
0.459827 0.548661
0.520236 0.504539
0.57816 0.444117
0.488415 0.514826
0.466166 0.522679
0.520653 0.392317
0.511867 0.47943
0.459437 0.65316
0.421428 0.713359
0.515544 0.50762
0.443164 0.52773
0.73868 0.744079
0.670391 0.349332
0.542546 0.547141
0.464779 0.71614
0.478432 0.550868
0.555239 0.607955
0.541905 0.483173
0.508619 0.508116
0.49546 0.264161
0.491334 0.483848
0.341707 0.451766
0.456894 0.553608
0.446052 0.543501
0.500403 0.394388
0.652963 0.587208
0.733067 0.655856
0.545452 0.632624
0.531106 0.49151
0.486992 0.460114
0.46657 0.564852
0.5 0.5
0.558668 0.668301
0.486925 0.569244
0.489331 0.518503
0.510386 0.48356
0.5 0.5
0.499536 0.496813
0.564876 0.61414
0.462396 0.430515
0.49638 0.495794
0.508649 0.492126
0.598152 0.428405
0.366087 0.550283
0.581518 0.499708
0.485097 0.497562
0.476855 0.495456
0.490255 0.506141
0.529012 0.510359
0.550865 0.565339
0.506231 0.406839
0.646093 0.524544
0.485552 0.477178
0.439486 0.518073
0.536548 0.479038
0.569394 0.499931
0.492046 0.480778
0.561704 0.443085
0.513887 0.507825
0.654377 0.447874
0.510963 0.617453
0.50684 0.52889
0.540297 0.515477
0.676213 0.665797
0.492562 0.514972
0.51867 0.509225
0.669846 0.347561
0.513569 0.503228
0.49056 0.509811
0.585861 0.440817
0.46621 0.546392
0.505119 0.506433
0.510499 0.493926
0.643429 0.645117
0.528669 0.588817
0.470224 0.461491
0.542021 0.594628
0.512085 0.513705
0.499357 0.524537
0.515192 0.505806
0.438612 0.67069
0.680765 0.371338
0.523188 0.511143
0.48858 0.508022
0.439262 0.453279
0.603802 0.515397
0.506646 0.488838
0.458581 0.57599
0.517912 0.473213
0.541643 0.493452
0.774714 0.877071
0.486894 0.472057
0.518983 0.489402
0.666265 0.648351
0.472512 0.453624
0.267401 0.589521
0.499601 0.525772
0.5 0.5
0.698521 0.35784
0.484758 0.559123
0.510201 0.484928
0.51561 0.49885
0.406412 0.610054
0.517144 0.500906
0.664744 0.588116
0.689159 0.629549
0.488737 0.477249
0.434067 0.453129
0.502833 0.48651
0.5 0.5
0.506596 0.518937
0.504252 0.482638
0.778361 0.566587
0.506908 0.513392
0.596706 0.546765
0.507803 0.48115
0.570276 0.38375
0.488642 0.451249
0.618592 0.457741
0.391167 0.565374
0.468976 0.482857
0.466472 0.511616
0.492186 0.488353
0.497842 0.505483
0.456681 0.761991
0.538525 0.508811
0.50512 0.488288
0.408997 0.431441
0.351304 0.436724
0.659206 0.341921
0.5 0.5
0.484902 0.519191
0.510914 0.616383
0.746903 0.364339
0.479076 0.502926
0.563093 0.468794
0.500131 0.489318
0.507034 0.512058
0.513796 0.639185
0.4961 0.504056
0.599402 0.535789
0.480905 0.498457
0.243986 0.68014
0.491919 0.520571
0.519168 0.502582
0.50721 0.431588
0.490593 0.48045
0.50123 0.491681
0.542135 0.50469
0.489715 0.500287
0.538845 0.470899
0.611661 0.333372
0.4444 0.700665
0.480511 0.495971
0.510471 0.478718
0.658073 0.537311
0.764172 0.659655
0.513509 0.571533
0.48507 0.546787
0.50507 0.483895
0.519573 0.746028
0.520849 0.49541
0.526525 0.494186
0.504954 0.49153
0.393281 0.412106
0.505564 0.509207
0.492909 0.533818
0.490072 0.519153
0.565726 0.388974
0.491308 0.495508
0.487945 0.545394
0.227476 0.296325
0.575647 0.582861
0.493937 0.503181
0.306945 0.460765
0.546652 0.693933
0.487346 0.483406
0.709025 0.354354
0.502247 0.495871
0.483887 0.516761
0.511174 0.510463
0.489101 0.509017
0.535054 0.489916
0.514239 0.476825
0.512828 0.495726
0.516749 0.51559
0.460318 0.650934
0.48306 0.506552
0.481325 0.613047
0.489245 0.504226
0.467783 0.533819
0.454241 0.621811
0.657609 0.35845
0.485434 0.487823
0.503376 0.511819
0.498804 0.405182
0.730492 0.665103
0.497877 0.503468
0.447266 0.448267
0.528755 0.590583
0.49135 0.487281
0.486351 0.433226
0.5 0.5
0.371655 0.455684
0.463335 0.340032
0.5 0.5
0.529489 0.509296
0.575398 0.741228
0.561582 0.603323
0.477024 0.499296
0.728432 0.767465
0.533408 0.612027
0.508863 0.453656
0.526919 0.529533
0.488578 0.512253
0.499863 0.512497
0.530413 0.429968
0.35375 0.600062
0.481863 0.337298
0.50632 0.521928
0.500775 0.445728
0.71309 0.516877
0.478588 0.398291
0.481131 0.486368
0.744308 0.57162
0.580251 0.754788
0.508522 0.448242
0.50675 0.373768
0.271941 0.458893
0.601688 0.52267
0.510111 0.477608
0.56264 0.652951
0.49028 0.613657
0.455231 0.770642
0.521445 0.519583
0.660676 0.540585
0.548904 0.644112
0.488331 0.489273
0.475933 0.491802
0.476166 0.499206
0.116325 0.650557
0.736104 0.583128
0.740264 0.380173
0.631887 0.289589
0.759571 0.673173
0.496153 0.528574
0.414629 0.430786
0.390721 0.576173
0.532848 0.531882
0.519062 0.633111
0.283663 0.460245
0.482499 0.551962
0.5 0.5
0.548318 0.450912
0.50528 0.497732
0.487593 0.506436
0.516419 0.47413
0.517114 0.504706
0.491765 0.518249
0.524463 0.461155
0.559672 0.452278
0.787675 0.875752
0.504761 0.357305
0.497389 0.497202
0.51723 0.510106
0.453517 0.467021
0.564038 0.639615
0.457513 0.528679
0.5 0.5
0.527609 0.531475
0.558314 0.539058
0.649438 0.599985
0.53179 0.49204
0.339258 0.362929
0.465677 0.577347
0.4835 0.476585
0.476674 0.487227
0.509352 0.500694
0.526742 0.583846
0.515129 0.511084
0.559714 0.449527
0.645678 0.451032
0.61846 0.615215
0.5 0.5
0.567925 0.579166
0.559331 0.533129
0.677109 0.575808
0.493896 0.59859
0.708326 0.631689
0.516079 0.515731
0.498038 0.462013
0.496763 0.498989
0.545061 0.475478
0.415497 0.430725
0.505745 0.516161
0.555496 0.568729
0.478662 0.508153
0.304237 0.33971
0.432943 0.363292
0.504522 0.466296
0.356221 0.382908
0.5 0.5
0.588254 0.470674
0.499845 0.506463
0.518223 0.485911
0.53613 0.582517
0.606506 0.546977
0.42901 0.526334
0.521214 0.513335
0.573101 0.567489
0.548651 0.660055
0.497316 0.517447
0.486001 0.538261
0.527067 0.509334
0.480595 0.528422
0.501181 0.504765
0.513382 0.494628
0.483089 0.491989
0.468278 0.548129
0.5 0.5
0.394158 0.566521
0.457213 0.492044
0.409577 0.423855
0.508845 0.49303
0.542929 0.608718
0.47483 0.466445
0.573134 0.683995
0.485099 0.489251
0.636746 0.523093
0.602348 0.346575
0.405328 0.538144
0.539508 0.655379
0.550456 0.67799
0.492185 0.487018
0.490796 0.494755
0.477429 0.538037
0.600259 0.524607
0.517765 0.502413
0.52782 0.481033
0.474548 0.573474
0.504542 0.508843
0.677414 0.606898
0.501313 0.372873
0.517683 0.489206
0.484199 0.485788
0.485672 0.564983
0.49917 0.506985
0.484988 0.571587
0.559671 0.557395
0.659306 0.513217
0.445555 0.451002
0.497735 0.314235
0.629044 0.590892
0.48481 0.516003
0.50955 0.511279
0.514049 0.492902
0.505454 0.485636
0.506412 0.523586
0.491523 0.493532
0.5 0.5
0.761355 0.65199
0.580545 0.693246
0.635488 0.287066
0.535743 0.578975
0.505326 0.477788
0.371823 0.399426
0.49382 0.579297
0.310071 0.410444
0.512272 0.484668
0.502363 0.485595
0.491817 0.497057
0.416252 0.556479
0.626193 0.299844
0.481773 0.486786
0.487721 0.535016
0.47284 0.508162
0.495761 0.530022
0.481707 0.499398
0.545849 0.512967
0.504236 0.569422
0.563278 0.519164
0.477297 0.505725
0.499607 0.480253
0.742564 0.654349
0.710589 0.77828
0.480262 0.478844
0.48614 0.454751
0.512272 0.466194
0.495598 0.30363
0.480416 0.618664
0.584968 0.488868
0.48224 0.502818
0.350533 0.46301
0.562729 0.451455
0.492988 0.479655
0.479737 0.494944
0.487322 0.500408
0.496703 0.521103
0.502719 0.386601
0.330294 0.42664
0.386991 0.39865
0.462538 0.573802
0.513076 0.506668
0.512828 0.480481
0.210359 0.370971
0.509235 0.516728
0.653974 0.393298
0.499563 0.294161
0.549184 0.475116
0.464669 0.55551
0.529593 0.479902
0.539678 0.454418
0.510094 0.501982
0.492504 0.490647
0.534812 0.532714
0.496073 0.288849
0.518422 0.505196
0.482685 0.509703
0.638415 0.556668
0.5 0.5
0.496433 0.488618
0.557673 0.641927
0.505809 0.466426
0.587192 0.400759
0.490291 0.475492
0.5 0.5
0.511641 0.684313
0.501762 0.471443
0.504171 0.473669
0.51566 0.510349
0.499203 0.485944
0.502494 0.500075
0.54158 0.543649
0.349988 0.607571
0.525763 0.347395
0.625579 0.507351
0.390587 0.414859
0.51863 0.489857
0.498397 0.414812
0.49821 0.489996
0.515643 0.489903
0.552915 0.623438
0.597934 0.410658
0.592388 0.36675
0.485727 0.491078
0.470384 0.510199
0.527214 0.503862
0.62327 0.574438
0.476542 0.448439
0.460635 0.615117
0.468714 0.461933
0.486758 0.495772
0.463024 0.550999
0.507361 0.491947
0.54338 0.430384
0.683521 0.669117
0.5 0.5
0.506822 0.547264
0.508274 0.487201
0.485885 0.522912
0.487056 0.483643
0.506993 0.499224
0.584202 0.527517
0.482766 0.506687
0.535875 0.497032
0.523444 0.553781
0.498682 0.43601
0.508741 0.503782
0.591144 0.505791
0.754592 0.391294
0.57973 0.751689
0.461904 0.525789
0.47568 0.497875
0.483694 0.636905
0.493053 0.475553
0.189052 0.354654
0.574878 0.548061
0.506463 0.495544
0.362351 0.561509
0.476146 0.51168
0.517105 0.492031
0.586867 0.621389
0.715474 0.70429
0.576837 0.541994
0.485752 0.500977
0.725552 0.764434
0.496246 0.474393
0.519848 0.554043
0.538454 0.430185
0.50475 0.587936
0.520228 0.510542
0.517293 0.499847
0.491253 0.504824
0.481019 0.453105
0.273562 0.659014
0.480126 0.509022
0.557147 0.660511
0.73499 0.542929
0.537164 0.488904
0.48673 0.511738
0.5 0.5
0.514312 0.528062
0.501521 0.520461
0.527926 0.532285
0.503866 0.400165
0.497743 0.300009
0.632035 0.462736
0.432496 0.396208
0.538484 0.516069
0.487776 0.463485
0.482247 0.58561
0.479388 0.504684
0.499789 0.420307
0.52546 0.457735
0.523715 0.546392
0.48419 0.496087
0.601171 0.347699
0.528933 0.51084
0.541724 0.526999
0.535418 0.341601
0.522179 0.491853
0.442036 0.543154
0.477412 0.39691
0.525369 0.491857
0.15086 0.22627
0.501141 0.530695
0.651142 0.663307
0.490333 0.507045
0.0963946 0.277391
0.468628 0.605884
0.636925 0.525985
0.402115 0.546964
0.59157 0.633055
0.500458 0.485127
0.498005 0.378867
0.501 0.48735
0.488114 0.510624
0.517189 0.495077
0.473828 0.536771
0.494282 0.488206
0.521579 0.516697
0.536259 0.522997
0.490933 0.510649
0.480253 0.49512
0.582486 0.523166
0.60149 0.522902
0.461808 0.465563
0.508098 0.488816
0.445404 0.522959
0.469451 0.574075
0.514984 0.497934
0.302231 0.637062
0.549612 0.426607
0.471895 0.543571
0.100351 0.2938
0.5 0.5
0.507506 0.483991
0.617992 0.310541
0.443388 0.624028
0.485242 0.580268
0.506003 0.514828
0.506454 0.510364
0.55542 0.623821
0.507202 0.522162
0.501934 0.51016
0.510644 0.46688
0.716464 0.630737
0.705681 0.566317
0.534504 0.458839
0.519393 0.73565
0.424808 0.590914
0.555426 0.437523
0.567947 0.581475
0.492059 0.482377
0.489827 0.576168
0.518399 0.52006
0.482071 0.488495
0.483961 0.545608
0.470515 0.574049
0.519459 0.541064
0.560371 0.407008
0.746212 0.528825
0.682633 0.578519
0.369375 0.595694
0.734295 0.648822
0.564481 0.405109
0.442949 0.530226
0.491205 0.516347
0.408007 0.482582
0.687463 0.537198
0.507065 0.511245
0.441076 0.365412
0.449936 0.639236
0.384006 0.542019
0.521392 0.582635
0.474318 0.437046
0.560304 0.448892
0.557213 0.534333
0.75005 0.826491
0.541488 0.622816
0.501549 0.470961
0.607843 0.638007
0.544713 0.431756
0.505514 0.493777
0.5108 0.647848
0.569278 0.643127
0.812824 0.904343
0.506079 0.493731
0.518337 0.463432
0.493591 0.500107
0.528741 0.482855
0.505194 0.606154
0.495016 0.473791
0.490393 0.519419
0.481501 0.510904
0.51238 0.512355
0.517034 0.489
0.74019 0.760841
0.693261 0.686095
0.583786 0.479236
0.556779 0.482191
0.429567 0.530695
0.474558 0.655819
0.579583 0.431355
0.515144 0.501449
0.460224 0.589428
0.514664 0.480681
0.50337 0.509802
0.513008 0.510416
0.477726 0.493642
0.497106 0.484406
0.437275 0.676066
0.498056 0.506558
0.535311 0.462648
0.495809 0.517752
0.459743 0.743843
0.5 0.5
0.564565 0.491748
0.526553 0.513159
0.549712 0.4843
0.478025 0.50725
0.425681 0.489545
0.514822 0.521338
0.469831 0.48242
0.288106 0.429101
0.499525 0.532776
0.516103 0.489241
0.555018 0.620556
0.465654 0.467588
0.752131 0.58661
0.502973 0.512478
0.508227 0.507717
0.572077 0.382058
0.504565 0.462593
0.486242 0.505942
0.499461 0.529286
0.425718 0.561092
0.498784 0.477857
0.458545 0.507491
0.350737 0.452812
0.493225 0.512542
0.38194 0.562867
0.5 0.5
0.452303 0.519513
0.508927 0.491587
0.484317 0.469557
0.487262 0.519237
0.456767 0.434783
0.686881 0.590844
0.492175 0.483109
0.504836 0.521989
0.520232 0.674337
0.511745 0.646278
0.651373 0.645639
0.518807 0.383117
0.481063 0.519112
0.399037 0.54854
0.484644 0.481785
0.615237 0.508765
0.75426 0.818691
0.49626 0.49815
0.485672 0.502459
0.589705 0.47681
0.158997 0.639465
0.418366 0.432063
0.489332 0.518475
0.150723 0.636928
0.73712 0.595445
0.54687 0.605671
0.489032 0.465954
0.500758 0.51975
0.621145 0.311176
0.512707 0.515987
0.492594 0.279223
0.506543 0.489581
0.5 0.5
0.520164 0.493475
0.508712 0.482395
0.488948 0.497124
0.55016 0.543811
0.461457 0.455797
0.527035 0.482783
0.594979 0.514826
0.649436 0.443394
0.360585 0.41906
0.514962 0.393638
0.454603 0.485103
0.49781 0.493473
0.514911 0.481107
0.517447 0.483025
0.48607 0.519194
0.505306 0.598322
0.605364 0.508271
0.696904 0.438233
0.522497 0.594207
0.453792 0.516696
0.567165 0.652111
0.511186 0.491886
0.453307 0.783052
0.729587 0.642297
0.407454 0.450259
0.692417 0.427222
0.486706 0.496579
0.531367 0.528437
0.48162 0.480496
0.356909 0.436008
0.448309 0.514369
0.530206 0.521274
0.515606 0.515898
0.471271 0.498855
0.487459 0.498301
0.503118 0.487935
0.464452 0.535155
0.478595 0.551818
0.504582 0.448308
0.469426 0.553195
0.477907 0.373285
0.44945 0.436792
0.497904 0.393312
0.681297 0.585363
0.518677 0.489226
0.746609 0.556203
0.78102 0.88107
0.488803 0.490976
0.568447 0.547099
0.498733 0.510297
0.482066 0.507167
0.495217 0.485536
0.292786 0.453185
0.460585 0.529799
0.534057 0.4903
0.492383 0.510864
0.514864 0.500977
0.45949 0.493877
0.5 0.5
0.702534 0.579654
0.495731 0.518822
0.41872 0.669337
0.657896 0.612092
0.499108 0.494966
0.456249 0.764644
0.555753 0.497031
0.472232 0.600895
0.672348 0.5981
0.485606 0.502786
0.472081 0.589573
0.514477 0.509686
0.619363 0.328909
0.510658 0.486474
0.479438 0.492717
0.715251 0.338604
0.498179 0.529687
0.456445 0.435189
0.51294 0.493093
0.717588 0.641756
0.511955 0.473689
0.50879 0.499385
0.518755 0.500758
0.506988 0.503573
0.629485 0.286425
0.5 0.5
0.566335 0.548087
0.508312 0.504738
0.640884 0.44491
0.48378 0.468136
0.498873 0.487154
0.517976 0.490174
0.637959 0.629081
0.490727 0.485384
0.638098 0.635496
0.506828 0.492852
0.504185 0.48155
0.715017 0.595104
0.523349 0.51879
0.443425 0.525078
0.556396 0.489308
0.626508 0.516456
0.475072 0.502572
0.512011 0.493768
0.525667 0.49993
0.46711 0.694047
0.496347 0.504144
0.514545 0.503474
0.694452 0.270089
0.328679 0.620965
0.525325 0.502859
0.514096 0.48695
0.513449 0.503103
0.511262 0.485339
0.730816 0.621889
0.475305 0.507865
0.5 0.5
0.352529 0.370969
0.301643 0.45067
0.411546 0.7034
0.572118 0.553763
0.552771 0.500853
0.653292 0.615106
0.457941 0.494789
0.608774 0.388493
0.494693 0.519356
0.553271 0.525706
0.490668 0.507086
0.494584 0.470511
0.359077 0.434774
0.521514 0.512609
0.492611 0.483498
0.512576 0.513702
0.435224 0.530595
0.532742 0.57627
0.489957 0.503436
0.497017 0.307317
0.514996 0.497306
0.643504 0.692042
0.645032 0.556626
0.34951 0.377468
0.454265 0.621169
0.628161 0.311367
0.518418 0.496845
0.504313 0.622802
0.523267 0.476477
0.430172 0.534402
0.504149 0.530654
0.573766 0.583905
0.497524 0.488235
0.507884 0.486463
0.497879 0.516251
0.506535 0.602067
0.477477 0.507885
0.652158 0.362542
0.50885 0.503293
0.519005 0.499775
0.536034 0.442803
0.496865 0.416183
0.488559 0.492113
0.464941 0.486726
0.494767 0.519707
0.512664 0.610009
0.485166 0.510285
0.607027 0.336856
0.745977 0.339775
0.520075 0.56316
0.502981 0.486339
0.534677 0.585678
0.490979 0.439659
0.536229 0.494076
0.468947 0.421635
0.634293 0.333305
0.497435 0.493711
0.45911 0.655258
0.440144 0.57707
0.496685 0.506229
0.386927 0.453629
0.547604 0.432875
0.557999 0.508098
0.463709 0.507435
0.699292 0.773152
0.503477 0.49143
0.48716 0.501777
0.595155 0.524909
0.472465 0.520223
0.631893 0.52886
0.457637 0.528015
0.505819 0.518048
0.481955 0.474759
0.431741 0.494937
0.707711 0.765548
0.50986 0.501814
0.491931 0.496846
0.481301 0.509917
0.499871 0.517744
0.506799 0.409082
0.486077 0.517788
0.522159 0.513904
0.488343 0.475581
0.47432 0.536106
0.495876 0.51276
0.486108 0.488534
0.536227 0.432197
0.567623 0.659316
0.478288 0.527376
0.468639 0.686063
0.635977 0.587307
0.559068 0.579317
0.525143 0.48286
0.51054 0.516881
0.590061 0.503004
0.485843 0.502847
0.433239 0.638155
0.505582 0.549421
0.499751 0.520299
0.519776 0.511631
0.513405 0.468989
0.54797 0.594341
0.231501 0.281411
0.510007 0.343021
0.479703 0.492151
0.269033 0.660622
0.498982 0.324857
0.583112 0.38095
0.408582 0.572707
0.384506 0.745484
0.493998 0.516696
0.512199 0.519025
0.507466 0.550541
0.495439 0.546104
0.492527 0.264367
0.318565 0.3564
0.460968 0.532685
0.557738 0.444683
0.490838 0.492618
0.485017 0.488355
0.499927 0.498819
0.488401 0.53079
0.557451 0.482033
0.449759 0.511664
0.314679 0.436792
0.534622 0.481333
0.48937 0.502625
0.531437 0.514972
0.51058 0.493323
0.5536 0.747401
0.454426 0.632088
0.505273 0.504586
0.483649 0.495216
0.530574 0.506923
0.502844 0.401324
0.556693 0.666824
0.49525 0.478692
0.53652 0.383393
0.696317 0.584384
0.501833 0.513323
0.577889 0.526098
0.493705 0.451521
0.29353 0.450163
0.749139 0.527637
0.692032 0.444699
0.519109 0.49814
0.405949 0.487534
0.511884 0.51318
0.498705 0.465084
0.474803 0.65202
0.503651 0.545915
0.610273 0.316651
0.476635 0.499623
0.477894 0.506464
0.516466 0.515199
0.488816 0.514735
0.687266 0.598049
0.480119 0.497322
0.504433 0.480972
0.496787 0.505223
0.502954 0.507371
0.479471 0.494707
0.481924 0.527498
0.480592 0.506278
0.485818 0.51073
0.505 0.523914
0.563622 0.487883
0.763604 0.832924
0.655328 0.28874
0.456073 0.530515
0.478823 0.452669
0.538417 0.445834
0.563124 0.550112
0.545367 0.539635
0.500137 0.507692
0.687923 0.760572
0.52104 0.521811
0.482034 0.471385
0.696153 0.626719
0.500569 0.481201
0.450343 0.613698
0.716708 0.750838
0.432468 0.569609
0.616642 0.393605
0.525317 0.516305
0.502643 0.485029
0.494862 0.504583
0.5 0.5
0.497008 0.432856
0.518646 0.476272
0.461781 0.58528
0.514509 0.505497
0.575696 0.485608
0.49722 0.491355
0.456553 0.480916
0.51377 0.503803
0.257179 0.316894
0.493195 0.493747
0.676478 0.341355
0.559982 0.6067
0.494759 0.518381
0.485269 0.484383
0.425757 0.554242
0.465952 0.517443
0.534747 0.442961
0.585184 0.362999
0.55135 0.525656
0.520905 0.516107
0.409754 0.539533
0.671805 0.434697
0.610086 0.338109
0.537573 0.549704
0.520857 0.489257
0.463803 0.48661
0.433837 0.682882
0.579155 0.49753
0.491716 0.469947
0.5788 0.490575
0.479891 0.501369
0.470156 0.488732
0.650841 0.633509
0.530254 0.529859
0.574322 0.59788
0.502921 0.484229
0.502306 0.499692
0.49109 0.506308
0.247065 0.310865
0.695937 0.43325
0.485295 0.565236
0.544811 0.628461
0.689469 0.42866
0.454306 0.417287
0.748995 0.768767
0.513775 0.542299
0.593209 0.557817
0.701883 0.596812
0.506091 0.537813
0.479273 0.492385
0.496501 0.483014
0.55316 0.513537
0.492162 0.491142
0.529435 0.478574
0.482397 0.505634
0.711957 0.594482
0.501929 0.49405
0.505276 0.516019
0.674767 0.558334
0.454234 0.549511
0.496297 0.504786
0.505498 0.48591
0.516301 0.500928
0.763733 0.838252
0.486471 0.479998
0.479604 0.495129
0.510342 0.509267
0.123438 0.200511
0.474605 0.516784
0.614496 0.49839
0.500982 0.51947
0.48364 0.466051
0.598982 0.529378
0.444807 0.620221
0.489767 0.482467
0.529413 0.569185
0.510515 0.481172
0.508365 0.517913
0.57092 0.638314
0.529741 0.589944
0.703839 0.572831
0.488575 0.523759
0.522664 0.509233
0.591568 0.58943
0.478095 0.494769
0.488744 0.512726
0.519188 0.504582
0.505492 0.510549
0.516649 0.495693
0.549292 0.474169
0.475471 0.471708
0.500839 0.494635
0.521518 0.710221
0.463571 0.476069
0.569463 0.693117
0.343877 0.565264
0.481871 0.427995
0.48638 0.487244
0.626734 0.409236
0.515161 0.510512
0.637227 0.40906
0.514005 0.504375
0.79163 0.865076
0.620325 0.635568
0.548505 0.607017
0.387212 0.580989
0.491763 0.487999
0.504636 0.49484
0.497183 0.504458
0.552636 0.522311
0.460571 0.544073
0.513041 0.517999
0.507874 0.502637
0.582208 0.572946
0.689663 0.751365
0.642764 0.592446
0.479231 0.486924
0.490297 0.457159
0.487031 0.38291
0.492983 0.505565
0.642325 0.37385
0.485602 0.523036
0.424421 0.67066
0.486915 0.447924
0.441385 0.419687
0.516635 0.484533
0.607411 0.387912
0.514134 0.509955
0.612547 0.374935
0.684145 0.623056
0.492014 0.481751
0.501813 0.488311
0.488094 0.508852
0.563936 0.523772
0.43153 0.528992
0.514297 0.527625
0.670784 0.434374
0.575078 0.427486
0.502765 0.489097
0.512416 0.47637
0.247046 0.460406
0.516897 0.512105
0.515133 0.485657
0.507338 0.519923
0.481656 0.512071
0.392509 0.463736
0.485091 0.500039
0.743264 0.527457
0.519963 0.506516
0.481296 0.508325
0.465824 0.52146
0.496258 0.311471
0.535957 0.499212
0.491584 0.489404
0.46134 0.60498
0.517466 0.489174
0.50429 0.503811
0.514748 0.512912
0.509461 0.542713
0.453094 0.575851
0.491152 0.477823
0.487829 0.48011
0.47497 0.507085
0.502156 0.48997
0.529478 0.514973
0.728818 0.567126
0.41505 0.489317
0.642015 0.298212
0.551313 0.434842
0.482918 0.495524
0.515191 0.492166
0.506191 0.499289
0.526107 0.586867
0.682287 0.339536
0.513744 0.512578
0.521092 0.496486
0.501119 0.44887
0.744045 0.595893
0.427992 0.423194
0.437037 0.521209
0.533723 0.465454
0.460797 0.763822
0.504397 0.421927
0.448912 0.46811
0.446673 0.493792
0.490614 0.570338
0.50459 0.341795
0.432909 0.450597
0.756844 0.746942
0.520996 0.491476
0.209549 0.367227
0.430622 0.525309
0.536612 0.643505
0.499845 0.502812
0.370363 0.443753
0.533933 0.679647
0.507749 0.499217
0.667719 0.626406
0.5 0.5
0.26545 0.392312
0.497806 0.516037
0.50448 0.518312
0.647839 0.400069
0.12287 0.647813
0.354572 0.376344
0.582498 0.462735
0.530073 0.660003
0.522271 0.498441
0.608359 0.330938
0.507808 0.506513
0.48412 0.502363
0.501317 0.508458
0.510041 0.50471
0.471995 0.58511
0.496233 0.511628
0.650855 0.64169
0.532273 0.479949
0.733465 0.612816
0.519064 0.616447
0.44303 0.619734
0.448149 0.46176
0.488382 0.52741
0.489341 0.502847
0.682597 0.66397
0.50426 0.519927
0.56292 0.564287
0.475162 0.423377
0.38605 0.763357
0.522456 0.507099
0.506493 0.353975
0.253283 0.460953
0.452777 0.459636
0.51009 0.515739
0.592547 0.435156
0.564519 0.454036
0.46466 0.463588
0.440814 0.342811
0.613003 0.531586
0.412719 0.691548
0.483406 0.519409
0.614874 0.315981
0.475352 0.493878
0.407079 0.555435
0.497754 0.506059
0.490553 0.505847
0.379668 0.554892
0.515585 0.475788
0.617346 0.520309
0.520095 0.490421
0.722506 0.404834
0.490357 0.511788
0.506059 0.385408
0.269671 0.455054
0.666436 0.559116
0.493553 0.513101
0.407641 0.356664
0.258207 0.461158
0.481629 0.486602
0.493255 0.498741
0.494029 0.495295
0.513224 0.491964
0.604792 0.539151
0.476923 0.559666
0.521131 0.50267
0.466446 0.445159
0.510436 0.514428
0.548259 0.508509
0.3679 0.411293
0.497659 0.523042
0.612863 0.512189
0.490877 0.513918
0.517243 0.364922
0.474516 0.598527
0.582599 0.479889
0.516451 0.485741
0.726029 0.578069
0.457818 0.603832
0.495443 0.485477
0.464274 0.439584
0.673607 0.516963
0.497538 0.522829
0.469599 0.320319
0.658417 0.504475
0.519428 0.657708
0.487837 0.49876
0.483098 0.516605
0.491704 0.516251
0.525576 0.768984
0.513993 0.515899
0.483089 0.503749
0.630822 0.299651
0.184641 0.248305
0.539102 0.457948
0.142379 0.303338
0.535182 0.634147
0.597829 0.606634
0.52923 0.50459
0.272583 0.437436
0.619788 0.580475
0.517613 0.500013
0.478918 0.49329
0.494655 0.549736
0.494455 0.229314
0.499207 0.39516
0.398528 0.721609
0.504303 0.508123
0.554352 0.512944
0.453276 0.600491
0.533143 0.495494
0.515552 0.507522
0.48678 0.497251
0.444402 0.690307
0.469697 0.502883
0.508293 0.478346
0.510453 0.519612
0.506283 0.51849
0.505554 0.480068
0.483259 0.5034
0.572165 0.605582
0.522377 0.553815
0.454493 0.334601
0.520759 0.494765
0.310371 0.414253
0.496758 0.487141
0.505277 0.469163
0.556422 0.65249
0.523287 0.494049
0.490877 0.486326
0.577933 0.594706
0.477776 0.595516
0.485623 0.486928
0.509154 0.456936
0.608779 0.52872
0.567733 0.519315
0.346544 0.448431
0.527741 0.621064
0.540047 0.518826
0.416283 0.529276
0.55315 0.488721
0.639158 0.517255
0.674612 0.384151
0.465896 0.501146
0.423551 0.533572
0.527854 0.752678
0.516448 0.499819
0.560988 0.449313
0.483219 0.501758
0.464128 0.441202
0.491611 0.508034
0.51805 0.49546
0.503902 0.473912
0.580682 0.376519
0.505674 0.502533
0.745258 0.777951
0.486012 0.517058
0.477462 0.48528
0.721197 0.575442
0.446694 0.463591
0.402509 0.579317
0.487665 0.498505
0.550065 0.660981
0.512527 0.553687
0.489199 0.487044
0.496967 0.488239
0.13985 0.226173
0.426492 0.479242
0.519422 0.712342
0.566137 0.541833
0.553125 0.473696
0.469757 0.684682
0.5 0.5
0.515866 0.504537
0.490741 0.47299
0.452686 0.517635
0.491391 0.490445
0.526552 0.524344
0.629441 0.511992
0.49909 0.43636
0.536579 0.560998
0.46 0.529573
0.574537 0.504867
0.46305 0.481018
0.469632 0.571556
0.504721 0.494634
0.375875 0.465763
0.186941 0.254458
0.486055 0.496172
0.562697 0.510208
0.519765 0.482103
0.492229 0.514555
0.407202 0.457457
0.50875 0.51743
0.501402 0.522473
0.485012 0.502168
0.533586 0.488579
0.464794 0.530818
0.60528 0.429
0.470419 0.48615
0.219003 0.318465
0.501999 0.524652
0.530294 0.4885
0.467506 0.566164
0.504788 0.413553
0.545136 0.659544
0.51972 0.500237
0.365058 0.439276
0.508664 0.51622
0.455331 0.470647
0.519516 0.493898
0.722143 0.776614
0.627461 0.661941
0.581415 0.548144
0.484658 0.515498
0.525923 0.483328
0.444916 0.467165
0.455148 0.667378
0.528061 0.545712
0.516871 0.476473
0.228431 0.374891
0.254124 0.38855
0.491339 0.478515
0.552927 0.551267
0.779321 0.87243
0.603606 0.607641
0.421172 0.600641
0.639033 0.306662
0.551578 0.508007
0.736608 0.820652
0.459467 0.572639
0.507693 0.486806
0.672338 0.541285
0.489235 0.524017
0.470813 0.672431
0.607664 0.458553
0.481562 0.545285
0.679227 0.505416
0.494078 0.501536
0.487277 0.50122
0.503661 0.503649
0.516734 0.499258
0.514253 0.496921
0.762134 0.373285
0.646878 0.553853
0.435741 0.443231
0.507701 0.49262
0.735439 0.347185
0.503369 0.498243
0.517566 0.505686
0.492112 0.518569
0.582359 0.467365
0.543035 0.533381
0.725442 0.612954
0.488517 0.488766
0.510468 0.38378
0.246587 0.31243
0.571119 0.531478
0.555923 0.667319
0.507034 0.519954
0.46535 0.432352
0.612972 0.589702
0.707053 0.55305
0.5 0.5
0.500223 0.476721
0.534041 0.56415
0.561406 0.482219
0.508068 0.484839
0.508013 0.511615
0.464371 0.450981
0.719481 0.597231
0.505739 0.542006
0.580978 0.454419
0.572677 0.500349
0.171466 0.628305
0.492012 0.4965
0.111466 0.652336
0.498425 0.509938
0.421173 0.430156
0.735842 0.781
0.319333 0.459797
0.506222 0.51691
0.661742 0.576622
0.511201 0.675351
0.518616 0.581162
0.483374 0.504193
0.493419 0.49095
0.469652 0.434399
0.505609 0.527714
0.654345 0.620963
0.526058 0.526167
0.366179 0.596041
0.490276 0.47738
0.564147 0.627423
0.532655 0.472211
0.514378 0.622806
0.606967 0.386823
0.759661 0.614516
0.61457 0.476123
0.502362 0.487782
0.486812 0.5191
0.736982 0.530879
0.248824 0.319065
0.709441 0.625995
0.485202 0.498997
0.475625 0.576575
0.505911 0.507245
0.551468 0.612851
0.556977 0.4625
0.491092 0.509158
0.561059 0.727244
0.48977 0.488661
0.508217 0.507066
0.449549 0.517957
0.554494 0.544534
0.483279 0.479017
0.502934 0.535514
0.475366 0.461735
0.313661 0.349799
0.182311 0.351769
0.678066 0.443716
0.492692 0.510831
0.557092 0.512905
0.562998 0.689505
0.747334 0.786299
0.506567 0.49809
0.53511 0.527567
0.694182 0.595857
0.487669 0.489367
0.457787 0.569165
0.545528 0.498853
0.517546 0.7208
0.454241 0.755778
0.519095 0.511077
0.456112 0.458631
0.709171 0.78801
0.49797 0.513991
0.616028 0.538891
0.55126 0.551836
0.526926 0.500654
0.512593 0.646509
0.647799 0.369106
0.512292 0.524761
0.697285 0.618723
0.501506 0.437416
0.517212 0.508824
0.492974 0.497007
0.141576 0.204777
0.698695 0.423235
0.539039 0.46287
0.588043 0.515739
0.503783 0.515751
0.471651 0.697458
0.465809 0.464648
0.53439 0.620055
0.497066 0.47066
0.514786 0.494189
0.468091 0.488344
0.496264 0.488421
0.539344 0.522861
0.4204 0.431783
0.492716 0.500357
0.458222 0.435441
0.403312 0.352913
0.482394 0.578046
0.506763 0.497123
0.509741 0.488143
0.493932 0.505342
0.483789 0.504147
0.562945 0.516147
0.513345 0.492112
0.544267 0.565934
0.504444 0.504328
0.498153 0.488564
0.687785 0.696636
0.567001 0.450782
0.477084 0.526137
0.402876 0.464513
0.700229 0.405141
0.507028 0.495454
0.518903 0.51435
0.467465 0.516232
0.526069 0.586423
0.551362 0.602214
0.459556 0.477772
0.370654 0.455375
0.442034 0.515953
0.480156 0.49585
0.501229 0.472269
0.347181 0.466131
0.516697 0.500202
0.497296 0.476401
0.545185 0.539139
0.464379 0.562671
0.450124 0.534878
0.578254 0.470193
0.507844 0.497467
0.490852 0.519195
0.703078 0.590999
0.498379 0.427402
0.278062 0.654175
0.511204 0.486405
0.523303 0.477603
0.443879 0.40858
0.496208 0.415595
0.475317 0.426518
0.496754 0.439428
0.485005 0.478357
0.580251 0.591152
0.5 0.5
0.510745 0.49698
0.470609 0.673124
0.475285 0.494256
0.734566 0.753056
0.486048 0.510493
0.524412 0.505507
0.37513 0.426113
0.470991 0.573609
0.725148 0.599876
0.711989 0.355037
0.236716 0.376691
0.54919 0.508702
0.501445 0.497763
0.548095 0.445308
0.56664 0.559251
0.448043 0.529457
0.612991 0.546321
0.498327 0.400289
0.494567 0.517671
0.54171 0.474437
0.694506 0.687741
0.492413 0.497159
0.484544 0.517102
0.615433 0.655807
0.511374 0.498235
0.318192 0.444013
0.760606 0.839121
0.503488 0.487134
0.458298 0.51445
0.498319 0.376159
0.492251 0.497395
0.552812 0.576915
0.511273 0.486665
0.599035 0.518289
0.576322 0.53246
0.669945 0.517682
0.4903 0.515122
0.578014 0.577925
0.504566 0.49372
0.512891 0.489237
0.5 0.5
0.650055 0.655422
0.653098 0.663701
0.497335 0.482018
0.505752 0.516282
0.511375 0.487686
0.500471 0.585341
0.495231 0.521025
0.709294 0.596849
0.514242 0.494888
0.446716 0.452148
0.687047 0.546537
0.41906 0.546342
0.440806 0.459077
0.50054 0.50885
0.516268 0.501915
0.570012 0.507496
0.739279 0.521615
0.465083 0.710857
0.492033 0.407961
0.509719 0.518464
0.497833 0.507585
0.487298 0.50306
0.501591 0.494365
0.505588 0.5163
0.494649 0.474941
0.530337 0.501551
0.518683 0.508164
0.49716 0.483676
0.467438 0.554568
0.772365 0.865711
0.765126 0.520406
0.499823 0.613212
0.489521 0.506691
0.59497 0.492225
0.535841 0.491671
0.618482 0.453065
0.480031 0.566393
0.680346 0.544949
0.539194 0.556589
0.448005 0.453705
0.519059 0.487979
0.485115 0.561074
0.574832 0.435201
0.54876 0.464203
0.386473 0.545151
0.487138 0.506461
0.501406 0.498809
0.504846 0.409596
0.492976 0.503035
0.664853 0.383531
0.47457 0.604306
0.532054 0.579949
0.503029 0.517207
0.525817 0.49226
0.355219 0.568532
0.513341 0.495178
0.494653 0.335348
0.470471 0.496961
0.511362 0.497688
0.469904 0.442528
0.522053 0.476452
0.506524 0.495162
0.507498 0.515529
0.318242 0.457454
0.508853 0.50203
0.560242 0.469458
0.521226 0.475143
0.501891 0.494121
0.602595 0.615624
0.499018 0.513535
0.523478 0.499309
0.484447 0.55208
0.500062 0.483137
0.493945 0.532979
0.446174 0.551479
0.467372 0.451971
0.480654 0.514554
0.462035 0.478995
0.330807 0.364035
0.498417 0.439533
0.498242 0.481754
0.49774 0.34169
0.564184 0.717017
0.486662 0.494381
0.497096 0.501996
0.505179 0.411977
0.564473 0.538286
0.505726 0.52129
0.39131 0.418795
0.388089 0.546114
0.523944 0.489916
0.522377 0.484612
0.522813 0.497829
0.356066 0.376923
0.487702 0.512928
0.518425 0.494942
0.703174 0.722934
0.482544 0.480054
0.48867 0.526274
0.56523 0.489104
0.473922 0.491545
0.513342 0.497736
0.48813 0.509537
0.447893 0.387538
0.526961 0.493644
0.729098 0.7628
0.45992 0.524797
0.515912 0.507309
0.513529 0.492804
0.464798 0.473338
0.538072 0.532725
0.691778 0.539733
0.500901 0.487582
0.512111 0.516364
0.491063 0.50518
0.596577 0.38534
0.423853 0.478846
0.478844 0.486272
0.507468 0.491347
0.502478 0.476959
0.489008 0.513616
0.604358 0.531843
0.5 0.5
0.67776 0.441781
0.420668 0.444996
0.539478 0.5567
0.506284 0.504344
0.476261 0.535287
0.540404 0.463164
0.262692 0.591948
0.507276 0.511517
0.737156 0.40071
0.477132 0.487767
0.508923 0.507159
0.529182 0.360951
0.465689 0.582476
0.494106 0.505654
0.477477 0.593795
0.450752 0.460972
0.452631 0.488264
0.518031 0.722119
0.499143 0.515106
0.489316 0.580457
0.435174 0.450074
0.282067 0.332034
0.555061 0.478624
0.440122 0.522335
0.495754 0.48874
0.593518 0.371031
0.510711 0.491509
0.485237 0.514943
0.459304 0.425861
0.468751 0.554747
0.725368 0.640448
0.52944 0.51268
0.487951 0.491791
0.767531 0.37092
0.194493 0.346775
0.241499 0.308408
0.501337 0.456155
0.443867 0.392804
0.502351 0.491008
0.51739 0.500265
0.613067 0.624161
0.498289 0.48153
0.430524 0.48096
0.502715 0.458891
0.526495 0.766784
0.429154 0.473577
0.513993 0.403793
0.470815 0.505358
