0.94129 0.502173
0.630334 0.112575
0.354279 0.663649
0.182192 0.27433
0.213455 0.741958
0.85019 0.113437
0.62309 0.66095
0.349789 0.350111
0.221084 0.0116365
0.249889 0.531693
0.166284 0.83401
0.968927 0.657125
0.925823 0.427817
0.511094 0.874354
0.511676 0.718438
0.897875 0.484165
0.210481 0.527208
0.580751 0.553688
0.185639 0.752328
0.823344 0.387162
0.491578 0.682392
0.501919 0.125504
0.345795 0.833241
0.471177 0.568359
0.836922 0.712061
0.164245 0.0828204
0.536889 0.0649138
0.654414 0.484633
0.510218 0.222141
0.354629 0.0487005
0.920271 0.215674
0.527949 0.105298
0.772092 0.117414
0.658732 0.962155
0.884937 0.499129
0.373235 0.384461
0.182256 0.851907
0.499051 0.525275
0.67066 0.974989
0.102152 0.479211
0.673637 0.200362
0.534784 0.236135
0.29353 0.234187
0.698786 0.77681
0.415444 0.0626117
0.81324 0.311955
0.325739 0.356138
0.425439 0.0976783
0.476411 0.0952937
0.100156 0.350834
0.587119 0.412326
0.73217 0.772577
0.30042 0.263979
0.316572 0.915413
0.221942 0.403877
0.476424 0.893779
0.594369 0.0575653
0.160616 0.907237
0.251313 0.828164
0.633516 0.659785
0.885968 0.461469
0.915857 0.223013
0.807465 0.391303
0.29839 0.292942
0.481388 0.347873
0.668527 0.0979899
0.750162 0.387043
0.833973 0.0582212
0.626827 0.15034
0.526243 0.521358
0.541834 0.483093
0.734746 0.135089
0.486074 0.847941
0.0849231 0.798447
0.670074 0.644745
0.418256 0.562781
0.12448 0.388105
0.75795 0.92767
0.806941 0.130956
0.229288 0.282888
0.384543 0.837972
0.349921 0.155351
0.291161 0.258804
0.178211 0.877683
0.343811 0.154411
0.719139 0.885909
0.621633 0.44701
0.0984139 0.14508
0.301116 0.0293676
0.544469 0.589744
0.670291 0.29652
0.533952 0.77268
0.687771 0.304569
0.687525 0.47378
0.358499 0.899023
0.737013 0.754013
0.769948 0.128017
0.873928 0.0620698
0.289104 0.0840225
0.891427 0.626856
0.207613 0.660561
0.494851 0.85573
0.0783538 0.454867
0.539007 0.491455
0.545931 0.862462
0.33461 0.236614
0.158043 0.874403
0.0231393 0.839315
0.182478 0.728961
0.329856 0.533715
0.594746 0.0734031
0.308817 0.37891
0.178022 0.249674
0.398376 0.45642
0.292766 0.282693
0.0913577 0.442089
0.897008 0.583003
0.392169 0.953994
0.123841 0.354416
0.359505 0.703389
0.20802 0.723896
0.865859 0.37073
0.536012 0.926836
0.222545 0.740841
0.614023 0.52379
0.29243 0.253516
0.584037 0.551027
0.583115 0.759153
0.743656 0.99603
0.200314 0.0439323
0.279505 0.272382
0.556314 0.170737
0.604665 0.683369
0.160452 0.956851
0.304816 0.466354
0.622764 0.512549
0.119503 0.531932
0.872658 0.675399
0.478136 0.0998215
0.411716 0.105042
0.622095 0.673625
0.32392 0.227739
0.240169 0.905788
0.923274 0.0775807
0.917767 0.184796
0.090156 0.202911
0.469801 0.601712
0.375067 0.310254
0.54809 0.504213
0.272983 0.803891
0.563345 0.558148
0.34254 0.0849351
0.506812 0.246682
0.743652 0.970916
0.31528 0.167738
0.160779 0.948288
0.836063 0.391158
0.181481 0.086954
0.327813 0.160435
0.104873 0.243988
0.346341 0.130024
0.46274 0.803477
0.728164 0.802147
0.11534 0.279789
0.312934 0.388027
0.129868 0.254917
0.287751 0.449504
0.345434 0.798792
0.678672 0.118551
0.745439 0.985614
0.254322 0.826565
0.922065 0.0944236
0.222226 0.0978502
0.17234 0.53434
0.287472 0.282633
0.788532 0.596536
0.386964 0.235214
0.399637 0.127609
0.0752511 0.403985
0.4162 0.331393
0.880337 0.509194
0.570304 0.195585
0.55703 0.553464
0.983337 0.623732
0.995225 0.746204
0.590731 0.257462
0.583828 0.533055
0.335588 0.79128
0.624584 0.525413
0.328153 0.859676
0.773184 0.118123
0.479842 0.189734
0.352237 0.862282
0.309114 0.398288
0.35605 0.675945
0.718922 0.250586
0.2144 0.308899
0.445541 0.169122
0.226198 0.433396
0.781218 0.209108
0.181934 0.395232
0.459423 0.743738
0.908377 0.80873
0.545356 0.528042
0.32627 0.860185
0.414765 0.124064
0.141852 0.980095
0.30336 0.371624
0.752492 0.578658
0.750714 0.131804
0.322143 0.482402
0.39349 0.489445
0.770765 0.817119
0.61393 0.984739
0.262288 0.419069
0.209502 0.426225
0.790449 0.657389
0.170517 0.72142
0.466358 0.708312
0.243413 0.803186
0.580525 0.644696
0.920781 0.594104
0.542784 0.213874
0.56844 0.451834
0.779834 0.71549
0.421319 0.0607154
0.194393 0.786166
0.54386 0.949678
0.607068 0.159113
0.574212 0.559816
0.563584 0.149103
0.291787 0.3724
0.802165 0.441272
0.08534 0.268352
0.16428 0.316626
0.109264 0.745445
0.898381 0.073497
0.334005 0.485794
0.225273 0.305918
0.766009 1.0096
0.0402592 0.189819
0.079259 0.216601
0.998864 0.585921
0.150712 0.601521
0.7397 0.151348
0.46765 0.31611
0.281713 0.749545
0.692902 0.10717
0.187056 0.738039
0.369745 0.345479
0.104607 0.380522
0.153919 0.100076
0.448153 0.428329
0.519487 0.647052
0.713904 0.312935
0.628679 0.723385
0.504681 0.701085
0.924954 0.503289
0.2868 0.0970696
0.18513 0.0846103
0.206069 0.585793
0.335208 0.481229
0.324958 0.0157965
0.577648 0.5144
0.755291 0.92961
0.848559 0.817392
0.366688 0.923612
0.83281 0.790659
0.366312 0.354697
0.44116 0.064929
0.665215 0.101268
0.777106 0.148851
0.770865 0.711569
0.677647 0.0911184
0.802468 0.773243
0.164378 0.101205
0.354134 0.434861
0.515226 0.677555
0.443839 0.0897864
0.207273 0.241993
0.037573 0.0470017
0.0642103 0.345228
0.567931 0.550304
0.161949 0.321204
0.188705 0.586529
0.378293 0.852202
0.665641 0.172597
0.0966707 0.361565
0.869597 0.663871
0.510012 0.683991
0.443509 0.599819
0.699382 0.790844
0.0583227 0.208995
0.4926 0.469195
0.337951 0.666523
0.664553 0.317139
0.675749 0.684007
0.672471 0.652412
0.519985 0.833732
0.963272 0.735195
0.415081 0.356757
0.578303 0.0914025
0.518285 0.596846
0.536411 0.388505
0.261238 0.0516566
0.12541 0.702923
0.635543 0.776665
0.484031 0.67737
0.18616 0.9854
0.152234 0.315338
0.587527 0.81221
0.625297 0.287026
0.492312 0.310604
0.876047 0.0960047
0.151312 0.903214
0.758993 0.562622
0.267984 0.362908
0.639516 0.762467
0.945105 0.191962
0.168096 0.257099
0.312969 0.252295
0.860602 0.851822
0.656537 0.471691
0.578743 0.9419
0.334978 0.713331
0.299198 0.922409
0.516061 0.931147
0.224794 0.018755
0.281784 0.225573
0.0919629 0.326868
0.0821622 0.805168
0.618326 0.434255
0.143314 0.587543
0.145621 0.125424
0.793853 0.229272
0.316065 0.0419097
0.441927 0.223415
0.93033 0.439253
0.614763 0.508817
0.418111 0.924352
0.224291 0.731861
0.870809 0.745772
0.670133 0.114599
0.757856 0.924495
0.264651 0.810184
0.310623 0.332976
0.601873 0.247901
0.631512 0.771235
0.837559 0.730045
0.873421 0.637706
0.957991 0.189251
0.675017 0.407344
0.416952 0.61152
0.826667 0.0515221
0.123213 0.28999
0.582148 0.461437
0.0435455 0.823217
0.112623 0.704452
0.817561 0.768683
0.608428 0.186676
0.646893 0.909654
0.518495 0.254153
0.195757 0.190942
0.177691 1.00943
0.7408 0.738164
0.624242 0.850069
0.104982 0.31464
0.271175 0.507968
0.921033 0.107981
0.517053 0.0548261
0.408351 0.482185
0.379065 0.432672
0.296122 0.461306
0.14558 0.231211
0.309678 0.735094
0.380478 0.923281
0.641973 0.916283
0.219332 0.801385
0.0993145 0.248976
0.754224 0.989505
0.197709 0.423782
0.821656 0.267459
0.764136 0.15028
0.779511 0.674888
0.196775 0.317325
0.708124 0.578205
0.783743 0.117368
0.970755 0.109963
0.538363 0.113397
0.298381 0.814537
0.846625 0.713721
0.788285 0.500239
0.639827 0.0405247
0.328818 0.749799
0.265179 0.109593
0.677393 0.427687
0.554515 0.504942
0.702254 0.30455
0.580302 0.491925
0.971383 0.75412
0.788889 0.688049
0.352322 0.578089
0.759426 0.321138
0.660148 0.310914
0.452789 0.930673
0.161126 0.307488
0.672311 0.942636
0.795381 0.3115
0.946124 0.12292
0.057384 0.198442
0.225452 0.76047
0.627899 0.764487
0.20737 0.355044
0.0899476 0.770024
0.839673 0.0852624
0.541989 0.633316
0.726911 0.863555
0.209571 0.49793
0.196449 0.862154
0.80655 0.643309
0.672339 0.852539
0.945023 0.513617
0.899733 0.74692
0.81146 0.831246
0.838899 0.855821
0.142071 0.112071
0.531985 0.720948
0.832965 0.759037
0.129712 0.970299
0.516345 0.891977
0.899477 0.0641868
0.518541 0.674644
0.915392 0.722814
0.204295 0.121083
0.583996 0.961422
0.75467 0.423146
0.942143 0.703056
0.635406 0.610891
0.451729 0.763687
0.708114 0.314139
0.60645 0.780548
0.384692 0.187745
0.511189 0.251921
0.938492 0.555195
0.160181 0.442966
0.452389 0.0711663
0.543124 0.948777
0.738006 0.44846
0.688467 0.915675
0.554942 0.288564
0.843503 0.337193
0.705267 0.848802
0.069177 0.622689
0.690778 0.480774
0.426354 0.421451
0.810099 0.114485
0.225121 0.224144
0.218202 0.73199
0.399835 0.164051
0.247385 0.519638
0.61557 0.681982
0.584948 0.153738
0.65171 0.32971
0.599977 0.345694
0.283159 0.229898
0.624361 0.14681
0.484771 0.339136
0.99 0.51422
0.979692 0.689219
0.72673 0.461659
0.0901688 0.7947
0.449264 0.300403
0.960271 0.65333
0.528834 0.491117
0.809078 0.20588
0.879513 0.434514
0.892519 0.471517
0.597867 0.556944
0.799259 0.186932
0.885909 0.0640247
0.359425 0.50435
0.18895 0.839154
0.850938 0.177251
0.359962 0.835829
0.865805 0.352737
0.262188 0.931563
0.148444 0.681712
0.256846 0.109308
0.326373 0.22287
0.47424 0.150297
0.423416 0.356682
0.572791 0.326306
0.814392 0.159458
0.866141 0.625489
0.332556 0.757245
0.659354 0.707853
0.262059 0.825988
0.545964 0.133705
0.140724 0.98752
0.528946 0.520068
0.30181 0.23492
0.875079 0.406676
0.888595 0.135291
0.529633 0.23613
0.363379 0.943012
0.332696 0.783939
0.343312 0.917618
0.149528 0.186056
0.13397 0.984489
0.781746 0.447074
0.741676 0.45618
0.154876 0.0364582
0.344486 0.73017
0.165789 0.366391
0.607684 0.136257
0.254891 0.840204
0.352119 0.153828
0.311562 0.25183
0.293909 0.805306
0.458618 0.6439
0.775758 0.818016
0.438398 0.123898
0.747551 0.544539
0.271151 0.819695
0.528323 0.0415167
0.306389 0.277684
0.518349 0.473256
0.294037 0.806709
0.175625 0.427699
0.196576 0.756141
0.601602 0.469054
0.631106 0.939777
0.609931 0.918834
0.183866 0.903225
0.711583 0.644417
0.556866 0.502886
0.455776 0.949282
0.605679 0.215334
0.51519 0.891702
0.109113 0.0932844
0.54168 0.479108
0.310327 0.467843
0.802567 0.631497
0.323929 0.919801
0.1177 0.44458
0.716659 0.69019
0.534818 0.492568
0.617443 0.575725
0.295869 0.824016
0.502525 0.00800413
0.469426 0.0459563
0.49522 0.915449
0.100745 0.14476
0.119479 0.524411
0.0256422 0.176867
0.586163 0.988661
0.521246 0.951507
0.430566 0.354926
0.553417 0.754727
0.34266 0.687597
0.247684 0.0386341
0.353194 0.220028
0.396248 0.94708
0.791486 0.694811
0.798658 0.285508
0.700782 0.254963
0.328655 0.210867
0.173686 0.361306
0.341542 0.300603
0.848524 0.363818
0.479638 0.517617
0.315814 0.0241313
0.461163 0.746179
0.371913 0.043692
0.495097 0.680058
0.699348 0.743922
0.738704 0.118561
0.956542 0.113557
0.0790502 0.750747
0.795089 0.828377
0.0670514 0.42185
0.106085 0.37162
0.728501 0.272273
0.751035 0.122233
0.554846 0.634434
0.409176 0.0442637
0.149795 0.727675
0.0954759 0.600224
0.471993 0.448953
0.647452 0.965205
0.117384 0.367439
0.703485 0.831921
0.43264 0.662166
0.950992 0.484473
0.40776 0.762495
0.309274 0.456791
0.306635 0.444142
0.819431 0.070739
0.705437 0.556309
0.0892912 0.265588
0.193751 0.476647
0.329361 0.348543
0.209407 0.387735
0.957621 0.671115
0.808316 0.621244
0.632621 0.921592
0.517974 0.503614
0.751987 0.424497
0.0830635 0.747024
0.908476 0.425181
0.478344 0.250694
0.879605 0.762846
0.671205 0.716057
0.773147 0.387721
0.269953 0.829715
0.650666 0.4716
0.337218 0.95013
0.800309 0.533093
0.328665 0.762466
0.245033 0.223807
0.39189 0.850303
0.108761 0.381371
0.193117 0.845949
0.804768 0.202457
0.532619 0.72337
0.631828 0.0642015
0.963152 0.513197
0.794874 0.646495
0.215217 0.586893
0.0782606 0.40834
0.42725 0.697451
0.95402 0.763336
0.664093 0.765079
0.302427 0.0378052
0.532315 0.498098
0.204641 0.914995
0.362207 0.301643
0.312539 0.54393
0.176741 0.124624
0.739467 0.708047
0.817529 0.376281
0.734894 0.787154
0.893283 0.541285
0.438659 0.128794
0.155644 0.444429
0.599342 0.53579
0.161983 0.567054
0.310496 0.828932
0.346869 0.612536
0.877165 0.859928
0.148031 0.120321
0.787694 0.475237
0.390385 0.091366
0.0718802 0.435936
0.195905 0.760964
0.239461 0.0175118
0.179585 0.953127
0.823424 0.114517
0.51302 0.225455
0.153213 0.635184
0.699317 0.785324
0.194358 0.877706
0.365086 0.495683
0.722965 0.707156
0.124595 0.602205
0.56061 0.259389
0.704563 0.36293
0.73993 0.13132
0.450039 0.74741
0.619642 0.64399
0.504155 0.863138
0.655589 0.670637
0.839883 0.468049
0.709286 0.358555
0.701718 0.879854
0.0967642 0.322538
0.653752 0.199311
0.296143 0.0267098
0.567429 0.350515
0.722052 0.837519
0.645654 0.301211
0.0984356 0.351666
0.65462 0.821779
0.453503 0.129272
0.560149 0.0718615
0.774337 0.12642
0.93502 0.430531
0.760573 0.77979
0.898169 0.479739
0.12042 0.580914
0.361776 0.145823
0.0194112 0.0239129
0.35085 0.314063
0.0727904 0.0826714
0.348576 0.768797
0.5555 0.612312
0.153414 0.975898
0.347678 0.730938
0.78937 0.786815
0.853394 0.365833
0.855772 0.626318
0.451838 0.78674
0.094196 0.214236
0.547736 0.947595
0.697469 0.721785
0.545024 0.0566108
0.861865 0.573183
0.0926338 0.215999
0.879378 0.133179
0.313718 0.25019
0.900715 0.127102
0.224983 0.925121
0.103171 0.482481
0.709274 0.895309
0.342067 0.564707
0.304706 0.24532
0.200591 0.756736
0.571486 0.45225
0.952794 0.557801
0.199436 0.721686
0.284528 0.778384
0.736404 0.134703
0.34574 0.818262
0.337105 0.232688
0.949037 0.586895
0.458806 0.843802
0.707388 0.6438
0.8238 0.813971
0.176222 0.527897
0.700597 0.498067
0.134976 0.967764
0.68098 0.301029
0.684508 0.662903
0.550389 0.648964
0.220473 0.755358
0.306608 0.493696
0.528447 0.0583706
0.624347 0.879585
0.617494 0.741653
0.103464 0.79632
0.567999 0.547905
0.657091 0.279602
0.191729 0.478798
0.10056 0.363469
0.0384358 0.797531
0.859426 0.127232
0.76543 0.543482
0.445531 0.467495
0.232621 0.928051
0.148737 0.395862
0.737385 0.415288
0.83731 0.279751
0.458433 0.562046
0.167784 0.317107
0.508593 0.261228
0.148013 0.134889
0.805219 0.776766
0.38429 0.926682
0.322429 0.470085
0.368289 0.280135
0.291766 0.250133
0.402091 0.0451681
0.766605 0.822089
0.524088 0.961096
0.794783 0.614798
0.414246 0.535625
0.0809328 0.309625
0.814856 0.48818
0.554637 0.602154
0.793997 0.415841
0.235628 0.892441
0.508432 0.0534271
0.690395 0.90122
0.175417 0.963091
0.380913 0.421303
0.205139 0.699727
0.630641 0.622625
0.689975 0.405171
0.452177 0.209215
0.387069 0.251786
0.809502 0.787936
0.782181 0.847691
0.139357 0.588808
0.341396 0.923451
0.576401 0.134473
0.41706 0.818383
0.159443 0.968803
0.858797 0.740596
0.633796 0.682113
0.685015 0.207146
0.315911 0.90347
0.632669 0.763388
0.548728 0.539093
0.363742 0.933978
0.732291 0.74333
0.236474 0.560583
0.525437 0.0487417
0.391693 0.635345
0.617355 0.734733
0.624904 0.220393
0.865463 0.0561161
0.155238 0.98959
0.524616 0.512946
0.645644 0.811946
0.800201 0.343756
0.124629 0.179358
0.25288 0.835717
0.0886258 0.813244
0.425104 0.445095
0.796449 0.149417
0.178176 0.0496319
0.697189 0.707431
0.140036 0.126084
0.333142 0.704939
0.653219 0.810977
0.924571 0.709007
0.156629 0.981253
0.634893 0.0348257
0.87228 0.265613
0.812291 0.669388
0.620871 0.836159
0.713246 0.889346
0.702992 0.869171
0.711372 0.140734
0.305954 0.517703
0.321954 0.481734
0.565256 0.945279
0.171586 0.645679
0.100688 0.463754
0.369526 0.924872
0.511611 0.283862
0.633385 0.539526
0.275452 0.291076
0.537555 0.11108
0.554677 0.359453
0.781781 0.189456
0.182646 0.57115
0.136269 0.938155
0.454623 0.803699
0.091576 0.784635
0.331236 0.292544
0.220919 0.883872
0.283154 0.40895
0.531237 0.35532
0.756203 0.751506
0.309085 0.439214
0.184074 0.932346
0.961425 0.429481
0.206858 0.49958
0.554094 0.762182
0.853433 0.327475
0.898292 0.0750912
0.899983 0.0731634
0.570448 0.473601
0.65568 0.810485
0.132678 0.199933
0.261587 0.331473
0.0772521 0.430986
0.714395 0.588206
0.864166 0.645955
0.481082 0.173455
0.11025 0.655419
0.172739 0.11585
0.096099 0.287366
0.565843 0.646953
0.0957108 0.351514
0.499598 0.483861
0.456465 0.868492
0.0837873 0.352595
0.224257 0.878591
0.388284 0.324011
0.0811385 0.600697
0.637438 0.10383
0.143827 0.35747
0.558634 0.325757
0.0443885 0.157666
0.175606 0.0930155
0.835398 0.245008
0.13214 0.907261
0.540148 0.67188
0.567397 0.602086
0.0972924 0.436386
0.598719 0.536564
0.380667 0.6125
0.936034 0.602038
0.50935 0.31069
0.921416 0.557744
0.933203 0.557727
0.677788 0.0988436
0.813513 0.376265
0.124129 0.948506
0.508057 0.229509
0.511163 0.495757
0.494198 0.119088
0.251417 0.0352649
0.778592 0.794239
0.611211 0.855901
0.34903 0.222841
0.373859 0.679266
0.834849 0.320352
0.300905 0.358812
0.622958 0.21114
0.909661 0.565709
0.760948 0.568531
0.628874 0.67561
0.912195 0.715063
0.591397 0.434566
0.959189 0.587382
0.768181 0.452053
0.558285 0.355551
0.513193 0.502389
0.809982 0.107164
0.346696 0.118573
0.329756 0.72591
0.791139 0.16305
0.155321 0.150295
0.516569 0.684408
0.312984 0.435713
0.250315 0.0591104
0.501551 0.491286
0.733248 0.917862
0.601732 0.330471
0.375334 0.559049
0.917424 0.118658
0.0664993 0.571545
0.151212 0.483104
0.126991 0.951842
0.615803 0.449428
0.154367 0.944611
0.181843 0.865707
0.130686 0.23372
0.950921 0.623636
0.925376 0.235027
0.112165 0.187998
0.307063 0.0530902
0.0684823 0.0734677
0.961428 0.649935
0.383866 0.31717
0.231301 0.298725
0.438081 0.243333
0.907759 0.571453
0.644583 0.277337
0.523486 0.350524
0.483641 0.585153
0.318244 0.66397
0.464261 0.39979
0.871289 0.417614
0.0447295 0.787539
0.683228 0.102622
0.495573 0.512602
0.163513 0.983441
0.287683 0.296116
0.645816 0.380399
0.390701 0.837329
0.65605 0.832156
0.108651 0.553825
0.409682 0.830041
0.578957 0.926163
0.182094 0.0667123
0.522244 0.490838
0.693081 0.967347
0.85987 0.584085
0.401764 0.85402
0.376863 0.071052
0.592746 0.443912
0.134876 0.140542
0.322188 0.0524444
0.179525 0.939133
0.435439 0.556724
0.826502 0.0981908
0.39817 0.898727
0.66268 0.792276
0.746498 0.259406
0.716848 0.923581
0.318663 0.239805
0.390882 0.0374726
0.259542 0.266385
0.615047 0.627571
0.170988 0.977031
0.716917 0.1199
0.323813 0.731325
0.141616 0.63071
0.781683 0.303125
0.593211 0.222673
0.862398 0.433071
0.315938 0.253628
0.357777 0.93562
0.169861 0.178957
0.263513 0.771457
0.075967 0.529318
0.091798 0.325233
0.612531 0.243925
0.655356 0.244551
0.869288 0.79099
0.22443 0.58139
0.872029 0.553489
0.313949 0.0273649
0.194448 0.101477
0.346503 0.796017
0.339155 0.200743
0.204165 0.68711
0.458354 0.579949
0.639308 0.504926
0.677927 0.884009
0.27607 0.750631
0.479014 0.283484
0.149301 0.127862
0.515154 0.77793
0.351861 0.394837
0.565963 0.57314
0.96088 0.440777
0.138721 0.282117
0.464803 0.319313
0.361934 0.79173
0.111975 0.684271
0.519074 0.491997
0.304789 0.448452
0.532895 0.533596
0.951277 0.5952
0.837652 0.217311
0.306614 0.308691
0.499553 0.427491
0.39735 0.0211372
0.202207 0.752469
0.402698 0.755244
0.320026 0.378951
0.220483 0.434877
0.64031 0.668926
0.673996 0.244361
0.445821 0.854843
0.709345 0.467744
0.193406 0.043194
0.918845 0.107269
0.496006 0.506895
0.697803 0.830218
0.151383 0.0801634
0.121711 0.570146
0.433093 0.527175
0.60357 0.601959
0.263084 0.0230561
0.398664 0.548968
0.389238 0.572942
0.93678 0.108397
0.252381 0.739959
0.118795 0.723626
0.578545 0.787008
0.183891 0.77657
0.82323 0.101638
0.891034 0.818888
0.973589 0.595504
0.670096 0.0909594
0.582517 0.785642
0.617423 0.155374
0.319996 0.27909
0.604664 0.558276
0.337006 0.941538
0.138997 0.692224
0.557336 0.129037
0.724103 0.804246
0.865938 0.796951
0.518688 0.48513
0.555143 0.704471
0.263045 0.415088
0.792981 0.132933
0.227305 0.771577
0.732406 0.877978
0.837367 0.328824
0.640029 0.501118
0.343055 0.950506
0.761971 0.969275
0.528526 0.0592093
0.944727 0.677301
0.751974 0.507964
0.80505 0.487607
0.342257 0.696731
0.281793 0.802031
0.161639 0.894188
0.528908 0.384221
0.286874 0.341223
0.522605 0.496629
0.128675 0.258013
0.39576 0.942697
0.582666 0.0587745
0.441204 0.915063
0.0398636 0.218037
0.88906 0.550266
0.296038 0.808296
0.230979 0.0582095
0.350585 0.0400951
0.544961 0.666361
0.707795 0.832451
0.474653 0.848436
0.560744 0.347719
0.256743 0.939395
0.329829 0.744638
0.494988 0.478843
0.0177467 0.844922
0.421445 0.58679
0.856851 0.839363
0.500877 0.896414
0.14053 0.37681
0.452725 0.417772
0.24416 0.730912
0.481731 0.58528
0.587172 0.330853
0.278438 0.430909
0.840372 0.74725
0.288007 0.547299
0.767297 0.502947
0.51596 0.129842
0.289546 0.938093
0.58438 0.261716
0.824786 0.0653424
0.83955 0.725109
0.846434 0.379639
0.628928 0.0325272
0.781973 0.147041
0.419034 0.0191869
0.74154 0.88503
0.601803 0.456514
0.880688 0.839111
0.875021 0.74291
0.595997 0.154965
0.303399 0.378573
0.646298 0.800644
0.489269 0.914533
0.794946 0.128402
0.157627 0.618214
0.17684 0.07755
0.350357 0.0115057
0.385413 0.955499
0.0806621 0.156064
0.0850318 0.375299
0.148534 0.775786
0.320957 0.744998
0.306157 0.260994
0.593505 0.116932
0.954 0.199217
0.301721 0.264514
0.569187 0.937227
0.139039 0.145088
0.839983 0.830008
0.173898 0.0338871
0.465093 0.293983
0.0474244 0.801926
0.312361 0.40915
0.769603 0.298706
0.530637 0.813778
0.724784 0.696041
0.589108 0.0481122
0.444034 0.82736
0.261509 0.0423733
0.943641 0.21346
0.310667 0.254681
0.441057 0.804017
0.158058 0.483197
0.553233 0.592546
0.332629 0.0636836
0.645569 0.589249
0.347283 0.0247285
0.581596 0.636541
0.417223 0.37113
0.495764 0.510379
0.180223 0.699
0.643963 0.769796
0.738614 0.127903
0.592753 0.96455
0.133403 0.520728
0.215052 0.390386
0.756475 0.659537
0.197113 0.901994
0.177456 0.0988804
0.888877 0.490955
0.147531 0.880176
0.308587 0.49635
0.875076 0.834653
0.136028 0.329662
0.229536 0.0796858
0.315516 0.410963
0.749639 0.963592
0.177932 0.490527
0.0797081 0.771621
0.491081 0.222995
0.353665 0.715924
0.562961 0.0770444
0.333165 0.770583
0.98504 0.509095
0.748527 0.752831
0.00685319 0.00475915
0.760779 0.267436
0.49565 0.665129
0.133859 0.611591
0.598028 0.482621
0.708013 0.297608
0.771841 0.466426
0.256496 0.911546
0.574264 0.456742
0.721289 0.443302
0.523326 0.0351683
0.147817 0.105777
0.155072 0.454314
0.846605 0.112839
0.985927 0.707128
0.500279 0.511199
0.702286 0.747766
0.296051 0.228092
0.421717 0.424584
0.828461 0.40369
0.777189 0.538809
0.695856 0.555875
0.181839 0.980372
0.520531 0.952871
0.304783 0.247545
0.404489 0.74548
0.286827 0.546755
0.822749 0.395002
0.0959725 0.721358
0.505859 0.0255437
0.38832 0.471842
0.297331 0.314002
0.262263 0.291536
0.33526 0.667405
0.688177 0.152103
0.104614 0.415935
0.666763 0.758798
0.0870517 0.721321
0.70019 0.530465
0.644864 0.953969
0.776292 0.15005
0.580699 0.318729
0.614372 0.541801
0.43177 0.629941
0.223512 0.928919
0.633051 0.594884
0.434805 0.647712
0.689705 0.677122
0.861877 0.0752404
0.3291 0.613061
0.14771 0.388513
0.082039 0.827921
0.172318 0.127031
0.497187 0.844085
0.628098 0.173948
0.796447 0.390499
0.245968 0.508716
0.441685 0.844881
0.141497 0.948239
0.48074 0.265554
0.788488 0.11126
0.872292 0.214767
0.763243 0.561622
0.89916 0.689428
0.556162 0.237243
0.323331 0.752098
0.614013 0.381229
0.554437 0.757645
0.523128 0.0511588
0.595686 0.118691
0.241137 0.411111
0.51551 0.48627
0.574846 0.57504
0.324046 0.920821
0.792044 0.784604
0.207387 0.606283
0.902124 0.085368
0.817777 0.670477
0.633461 0.729847
0.359462 0.22547
0.957455 0.662346
0.931349 0.577115
0.0961152 0.424427
0.341382 0.517817
0.518173 0.933989
0.629558 0.753376
0.342347 0.159932
0.241462 0.26679
0.108354 0.467182
0.215847 0.889163
0.290115 0.440525
0.500426 0.239569
0.524914 0.311396
0.87723 0.17632
0.0730932 0.224151
0.399395 0.00595499
0.808939 0.347668
0.55353 0.935975
0.705138 0.88103
0.472068 0.328308
0.845132 0.12345
0.104598 0.228232
0.289719 0.295064
0.439973 0.383053
0.810898 0.659585
0.27426 0.124582
0.0835386 0.762276
0.34124 0.620018
0.0837286 0.229997
0.796233 0.109061
0.45761 0.206339
0.118847 0.354749
0.51747 0.694461
0.316621 0.320975
0.592328 0.781799
0.640797 0.45665
0.894942 0.718093
0.640506 0.18507
0.292859 0.299607
0.543485 0.832199
0.746297 0.828964
0.615487 0.594419
0.581268 0.288301
0.475614 0.65729
0.505152 0.270053
0.758241 0.958232
0.45752 0.884417
0.350791 0.934077
0.561508 0.610913
0.31556 0.190667
0.396111 0.927133
0.638458 0.292336
0.664161 0.288257
0.471712 0.677164
0.381204 0.0313836
0.510508 0.132522
0.8572 0.462541
0.978624 0.445476
0.743985 0.45605
0.127112 0.248158
0.730396 0.875419
0.216205 0.245618
0.752248 0.499266
0.196145 0.341026
0.138681 0.454862
0.516429 0.498539
0.440866 0.165883
0.801308 0.122511
0.450167 0.279429
0.773232 0.823156
0.305827 0.290648
0.954455 0.151931
0.740522 0.939863
0.616557 0.49751
0.369953 0.704379
0.737249 0.150775
0.565597 0.928278
0.338995 0.3443
0.461416 0.518691
0.666603 0.547083
0.0261074 0.172167
0.0970565 0.387007
0.338195 0.838866
0.533461 0.7849
0.110908 0.3205
0.606976 0.40969
0.587289 0.549253
0.562318 0.354191
0.501706 0.188889
0.675847 0.688391
0.874902 0.586235
0.095923 0.37601
0.519317 0.338698
0.747912 0.976
0.847959 0.470827
0.484288 0.851645
0.650427 0.553316
0.334269 0.926829
0.405135 0.835878
0.781093 0.507678
0.154113 0.399436
0.912211 0.749946
0.956284 0.47991
0.132118 0.434908
0.638054 0.947905
0.352934 0.51102
0.535743 0.362514
0.944921 0.092861
0.68842 0.781002
0.0706938 0.460298
0.259436 0.512144
0.397633 0.880578
0.126118 0.700244
0.904163 0.46345
0.520814 0.693612
0.968703 0.671569
0.143712 0.942559
0.427244 0.046761
0.378666 0.515811
0.500927 0.0236378
0.460705 0.845904
0.540248 0.0395974
0.211707 0.523353
0.125588 0.955353
0.309069 0.0895275
0.457888 0.559879
0.589703 0.857138
0.462275 0.669238
0.546296 0.370508
0.147104 0.0994872
0.152441 0.159759
0.755968 0.147193
0.963915 0.147059
0.195636 0.37914
0.686085 0.69164
0.389964 0.184239
0.514935 0.940773
0.194769 0.735852
0.465034 0.277217
0.634861 0.76461
0.361488 0.107637
0.323141 0.93461
0.885836 0.739749
0.640895 0.516386
0.163841 0.772526
0.569368 0.216067
0.86712 0.316994
0.349144 0.863357
0.485053 0.544439
0.285623 0.253893
0.209018 0.680605
0.34395 0.762463
0.563611 0.559757
0.507533 0.0341906
0.820641 0.162205
0.782058 0.185592
0.272961 0.107026
0.170837 0.238083
0.885292 0.77475
0.72391 0.188863
0.540656 0.321589
0.270364 0.422319
0.637066 0.600571
0.289368 0.141983
0.149175 0.51047
0.348338 0.388716
0.158861 0.707777
0.151115 0.726452
0.238762 0.748753
0.74576 0.139526
0.833139 0.524118
0.276433 0.10717
0.628646 0.419067
0.341114 0.507707
0.201644 0.0779791
0.536603 0.743886
0.391921 0.814042
0.156899 0.0587643
0.429812 0.450568
0.17681 0.558913
0.965966 0.515168
0.954961 0.110348
0.217916 0.10789
0.84022 0.47438
0.772545 0.579576
0.575365 0.61939
0.080275 0.801912
0.705709 0.736637
0.256348 0.054789
0.308451 0.439052
0.12557 0.802083
0.191718 0.524372
0.618048 0.342507
0.570219 0.0627848
0.776436 0.757477
0.579491 0.753122
0.289297 0.556071
0.871229 0.487475
0.644082 0.714983
0.957709 0.431734
0.302008 0.521247
0.0908172 0.347267
0.32924 0.756063
0.119756 0.590453
0.809125 0.383702
0.163302 0.949819
0.224357 0.259478
0.461451 0.809933
0.588341 0.0506494
0.847455 0.371546
0.797498 0.451167
0.155734 0.106936
0.5 0.5
0.558938 0.664559
0.701788 0.520336
0.154517 0.0793619
0.0977381 0.168796
0.415282 0.410322
0.900773 0.537321
0.0814437 0.755427
0.922872 0.0682096
0.657602 0.133258
0.322152 0.132751
0.636804 0.633539
0.176628 0.783558
0.324726 0.94784
0.262089 0.413487
0.0788721 0.233545
0.406911 0.610598
0.910246 0.105783
0.174027 0.0591619
0.147702 0.201294
0.153557 0.494315
0.569075 0.0492066
0.0917886 0.539005
0.747943 0.980888
0.64957 0.421691
0.128147 0.972638
0.548987 0.0602923
0.874687 0.728058
0.818144 0.160998
0.724291 0.115146
0.538325 0.764528
0.326712 0.9391
0.36287 0.240132
0.108885 0.429023
0.279869 0.249365
0.669202 0.385041
0.692916 0.245646
0.429337 0.741347
0.822801 0.19613
0.710624 0.474233
0.60733 0.815832
0.450003 0.18593
0.8434 0.322849
0.898054 0.675547
0.498892 0.609053
0.772317 0.139729
0.366332 0.072897
0.101932 0.764279
0.305336 0.103553
0.226528 0.539676
0.27165 0.85933
0.519531 0.50686
0.141411 0.365262
0.716833 0.964248
0.560569 0.455607
0.441551 0.191319
0.239906 0.844637
0.359893 0.11105
0.231735 0.270479
0.778313 0.696485
0.86724 0.534943
0.752502 0.223953
0.590727 0.785007
0.566743 0.563691
0.881378 0.181734
0.455345 0.182425
0.124827 0.362434
0.172278 0.260693
0.739617 0.878395
0.186149 0.308257
0.325738 0.615214
0.474725 0.595176
0.47349 0.836388
0.677634 0.701204
0.140956 0.425865
0.37627 0.9408
0.0681531 0.159183
0.175739 0.608106
0.935368 0.138656
0.510178 0.817017
0.332711 0.948136
0.740908 0.461752
0.35463 0.141876
0.61141 0.0961957
0.0422974 0.78943
0.421104 0.340543
0.401917 0.848812
0.744272 0.739405
0.706477 0.610651
0.580317 0.811117
0.135637 0.994568
0.777353 0.125776
0.163671 0.948432
0.727813 0.116766
0.14052 0.237998
0.886375 0.447947
0.206443 0.872241
0.854244 0.555499
0.0950741 0.392412
0.647213 0.0746029
0.267159 0.0430497
0.372882 0.659254
0.785014 0.330093
0.560899 0.630952
0.905646 0.15428
0.429693 0.942949
0.162803 0.25521
0.0925596 0.277523
0.174473 0.781702
0.361529 0.294087
0.0530262 0.225717
0.733285 0.223141
0.13569 0.569519
0.773452 0.12847
0.111926 0.376364
0.179632 0.337338
0.459942 0.539377
0.671332 0.470018
0.839356 0.559051
0.0921203 0.783823
0.71048 0.450697
0.729556 0.858155
0.647437 0.813191
0.132198 0.82393
0.616428 0.494819
0.113995 0.605948
0.732305 0.859269
0.805278 0.812137
0.452353 0.628708
0.98925 0.514904
0.10615 0.191524
0.845967 0.531312
0.703073 0.846344
0.918479 0.546436
0.388456 0.909845
0.293568 0.119053
0.386328 0.0240326
0.926386 0.0919052
0.831809 0.114568
0.872464 0.439196
0.601366 0.964376
0.107616 0.328959
0.63541 0.661415
0.207747 0.314623
0.539893 0.187759
0.818094 0.604318
0.36866 0.684593
0.160012 0.0798291
0.501974 0.0394168
0.589073 0.917568
0.510686 0.494896
0.0820805 0.331717
0.869226 0.066506
0.412007 0.742148
0.130714 0.300473
0.195418 0.754843
0.322365 0.263265
0.0900556 0.195906
0.180705 0.273678
0.445999 0.70505
0.457439 0.282884
0.323937 0.795794
0.938134 0.448427
0.845361 0.455264
0.509851 0.464562
0.374159 0.478708
0.351081 0.409468
0.886206 0.227591
0.428138 0.301965
0.996399 0.536505
0.573344 0.190269
0.251672 0.837561
0.43044 0.344619
0.078558 0.544053
0.609193 0.468436
0.309337 0.0554585
0.732336 0.622948
0.841127 0.679117
0.124124 0.704215
0.12323 0.550649
0.153463 0.485323
0.11782 0.411067
0.581926 0.583739
0.716169 0.290878
0.237887 0.743078
0.861882 0.809939
0.906475 0.129621
0.683357 0.343189
0.465528 0.697726
0.908603 0.0573761
0.186169 0.259384
0.128858 0.906261
0.587692 0.671696
0.560756 0.928509
0.651638 0.719267
0.503892 0.804709
0.207444 0.592689
0.286978 0.133398
0.525125 0.0291182
0.452779 0.750829
0.724218 0.291234
0.554707 0.640342
0.451918 0.26044
0.523127 0.523707
0.58527 0.580589
0.977108 0.138727
0.201411 0.114497
0.0446657 0.0614336
0.108919 0.587436
0.978785 0.741838
0.321009 0.493326
0.553896 0.540346
0.0736089 0.82849
0.66591 0.60869
0.837369 0.132914
0.406662 0.56191
0.435262 0.919018
0.218249 0.895149
0.202494 0.24659
0.810782 0.126073
0.126149 0.797416
0.255535 0.319131
0.910978 0.231608
0.354089 0.931659
0.858931 0.329302
0.726333 0.177632
0.823461 0.287991
0.727734 0.917019
0.154615 0.373083
0.542385 0.948814
0.522709 0.896541
0.564751 0.967677
0.820604 0.765752
0.851758 0.0597417
0.963235 0.708062
0.165716 0.125851
0.513621 0.378478
0.414525 0.443934
0.621067 0.751733
0.453524 0.507729
0.119759 0.204504
0.686481 0.915308
0.460976 0.424704
0.827648 0.573972
0.819273 0.352584
0.539374 0.365966
0.250485 0.0881101
0.356968 0.0765082
0.866781 0.231917
0.0871215 0.823549
0.95105 0.210799
0.916791 0.468213
0.58796 0.322218
0.897555 0.226981
0.119954 0.316293
0.73613 0.153068
0.488628 0.436318
0.155037 0.944935
0.661611 0.677383
0.514398 0.668481
0.256026 0.0573755
0.0720199 0.403998
0.143997 0.390034
0.58257 0.943442
0.622371 0.652361
0.812109 0.58177
0.864118 0.731806
0.0969383 0.40661
0.172365 0.955725
0.686648 0.138656
0.297498 0.427866
0.289667 0.775012
0.834184 0.348539
0.696929 0.683646
0.313849 0.244174
0.348631 0.490163
0.294338 0.386186
0.0951176 0.332594
0.759935 0.581389
0.426328 0.405889
0.290953 0.250906
0.963446 0.13823
0.904464 0.0987473
0.564711 0.0384671
0.533594 0.477575
0.158629 0.266511
0.672897 0.419515
0.0621571 0.409931
0.763919 0.733664
0.195274 0.0207349
0.95411 0.541986
0.518167 0.222924
0.921077 0.528207
0.642492 0.683729
0.167179 0.108702
0.118375 0.337577
0.297227 0.0561158
0.460966 0.265385
0.157227 0.106265
0.272496 0.0634664
0.299652 0.41871
0.319038 0.933403
0.826273 0.344493
0.490789 0.584729
0.11116 0.665312
0.625028 0.0607657
0.24879 0.202455
0.268328 0.128805
0.669731 0.916769
0.807863 0.786517
0.517105 0.495478
0.146195 0.285028
0.941404 0.591739
0.531674 0.043157
0.603927 0.807302
0.136201 0.944201
0.231962 0.411848
0.854359 0.0732038
0.740552 0.305582
0.63967 0.830496
0.53094 0.469647
0.85887 0.173312
0.426014 0.137383
0.320486 0.0974819
0.109014 0.168243
0.871346 0.0732424
0.024145 0.0250579
0.32503 0.923009
0.594527 0.846474
0.822214 0.288949
0.670401 0.093415
0.159377 0.904824
0.472291 0.948535
0.911249 0.230359
0.315488 0.56925
0.0687759 0.269715
0.628163 0.672072
0.477883 0.269461
0.0718762 0.784798
0.365697 0.100797
0.922164 0.242848
0.139363 0.933098
0.302194 0.417382
0.878737 0.845572
0.264978 0.853445
0.139914 0.931133
0.951571 0.211629
0.796316 0.427145
0.191069 0.755665
0.627393 0.487277
0.299716 0.755673
0.759622 0.122802
0.623919 0.244436
0.38272 0.684094
0.0771873 0.772297
0.77123 0.965266
0.506206 0.516537
0.908301 0.218713
0.334434 0.789625
0.116412 0.617086
0.669966 0.216739
0.556742 0.630639
0.418763 0.379846
0.0929571 0.599178
0.0999863 0.718713
0.109267 0.372719
0.431967 0.858329
0.501094 0.0300535
0.129654 0.913466
0.758082 0.148775
0.647008 0.530381
0.12638 0.647133
0.43523 0.945639
0.904879 0.789556
0.796826 0.111018
0.45058 0.461095
0.283038 0.947474
0.123857 0.670468
0.370388 0.153889
0.306654 0.463045
0.862661 0.393587
0.822342 0.296086
0.28223 0.343217
0.376517 0.393885
0.235892 0.107437
0.516906 0.886605
0.631132 0.625901
0.52611 0.0668881
0.618368 0.444147
0.862406 0.397814
0.484501 0.297939
0.849779 0.719272
0.303224 0.907219
0.39098 0.658232
0.128829 0.680285
0.141195 0.959773
0.150381 0.946523
0.275915 0.352756
0.304346 0.636351
0.722333 0.510494
0.726586 0.258447
0.437708 0.365922
0.609469 0.619476
0.468382 0.51442
0.396719 0.311318
0.865263 0.823907
0.583198 0.764681
0.567165 0.894041
0.689947 0.981726
0.537203 0.802715
0.641881 0.662677
0.758651 0.724871
0.611961 0.0515213
0.143671 0.961439
0.636584 0.795216
0.42987 0.389015
0.0731144 0.793401
0.730314 0.945033
0.735195 0.178884
0.453763 0.128338
0.481261 0.35727
0.95637 0.118775
0.107872 0.51934
0.541716 0.525326
0.528805 0.52406
0.617079 0.178911
0.201892 0.399454
0.897858 0.799646
0.395613 0.927548
0.711183 0.104291
0.767718 0.129266
0.442856 0.813199
0.887479 0.181018
0.752056 0.630224
0.357141 0.214277
0.742383 0.843663
0.53613 0.731134
0.924098 0.676906
0.276723 0.873108
0.486742 0.807011
0.440323 0.129288
0.980865 0.627859
0.496992 0.884883
0.414438 0.91438
0.846944 0.12258
0.994122 0.615165
0.227504 0.444926
0.435182 0.108154
0.612954 0.191004
0.711646 0.979881
0.411055 0.480043
0.704289 0.905758
0.198566 0.739515
0.64731 0.487656
0.659306 0.140022
0.29242 0.0971338
0.273108 0.292212
0.715553 0.766504
0.200656 0.187604
0.556746 0.333239
0.267451 0.760278
0.637083 0.48874
0.162461 0.0864912
0.563705 0.758344
0.254471 0.328442
0.722772 0.640456
0.784304 0.551942
0.587574 0.961563
0.341512 0.238026
0.472574 0.937499
0.327996 0.75381
0.0932685 0.590135
0.0533426 0.779926
0.374308 0.200425
0.910325 0.0591596
0.230103 0.247912
0.754428 0.827428
0.696704 0.890714
0.890916 0.269215
0.637392 0.129602
0.596559 0.370021
0.757408 0.382955
0.773086 0.403707
0.373779 0.234597
0.570214 0.846795
0.204372 0.938165
0.591779 0.260141
0.562827 0.644098
0.155618 0.975686
0.667653 0.840096
0.930336 0.116354
0.192863 0.744259
0.717269 0.724062
0.62816 0.745221
0.192278 0.292168
0.867016 0.773815
0.648259 0.631829
0.151136 0.561231
0.990745 0.535533
0.800136 0.573573
0.386447 0.925826
0.535003 0.969818
0.254253 0.071468
0.620845 0.29506
0.994979 0.45137
0.316394 0.931561
0.49396 0.495206
0.734788 0.334659
0.375811 0.405973
0.0975157 0.480751
0.668141 0.963465
0.327521 0.336919
0.607934 0.477663
0.906743 0.589999
0.0838001 0.748468
0.166436 0.41052
0.696645 0.685969
0.395791 0.950493
0.661396 0.26926
0.26116 0.753942
0.479184 0.543793
0.73582 0.947167
0.997259 0.493174
0.308461 0.367328
0.885633 0.387572
0.899042 0.570354
0.350719 0.220755
0.561055 0.569692
0.677746 0.812027
0.509143 0.713431
0.526254 0.70505
0.119014 0.22945
0.404099 0.484414
0.23138 0.193736
0.476095 0.456095
0.626095 0.632249
0.966738 0.637495
0.566883 0.628289
0.171179 0.192597
0.33225 0.0272898
0.543626 0.239811
0.584859 0.905354
0.470564 0.504492
0.850427 0.132959
0.325116 0.40199
0.82919 0.828625
0.113989 0.927832
0.0942162 0.408591
0.398655 0.246875
0.622113 0.871488
0.679868 0.527461
0.797147 0.654727
0.1696 0.687529
0.62264 0.299769
0.639247 0.775923
0.339903 0.403232
0.187392 0.915794
0.328979 0.642461
0.418377 0.171219
0.750476 0.723749
0.576496 0.590731
0.549006 0.66364
0.522965 0.61028
0.161569 0.900787
0.848191 0.78698
0.77477 0.534556
0.332967 0.582143
0.194367 0.477406
0.262177 0.820326
0.789609 0.132107
0.780685 0.137471
0.514277 0.943079
0.0408305 0.804956
0.583305 0.438201
0.536848 0.471262
0.154895 0.513577
0.9257 0.706045
0.202868 0.447048
0.329958 0.342957
0.353854 0.168517
0.170958 0.158681
0.700564 0.439576
0.710761 0.895194
0.520268 0.528494
0.698352 0.705557
0.11933 0.418059
0.803491 0.578078
0.441887 0.824515
0.388972 0.0240723
0.276784 0.365614
0.372322 0.43049
0.885568 0.283885
0.153999 0.100243
0.737392 0.442031
0.413121 0.0969264
0.616663 0.539553
0.233421 0.323294
0.54459 0.525829
0.20502 0.893781
0.717403 0.716679
0.586392 0.970239
0.40654 0.418165
0.547131 0.83576
0.243212 0.922442
0.85547 0.494128
0.34324 0.232977
0.908692 0.190411
0.51178 0.0518123
0.288879 0.282219
0.481396 0.66543
0.354259 0.0927784
0.192151 0.567381
0.403606 0.183583
0.513453 0.609015
0.11932 0.356756
0.520365 0.674554
0.397375 0.894849
0.14728 0.956338
0.744677 0.294625
0.900219 0.606307
0.803084 0.205997
0.822409 0.716301
0.428451 0.35198
0.747451 0.657694
0.59596 0.240676
0.320448 0.933543
0.3316 0.51277
0.540117 0.723444
0.57989 0.313213
0.34842 0.766456
0.460459 0.846632
0.444571 0.829102
0.767135 0.516984
0.779173 0.521118
0.822607 0.685644
0.122593 0.616477
0.565853 0.590238
0.357871 0.294787
0.307981 0.105839
0.6212 0.617242
0.343857 0.267614
0.862298 0.666568
0.77917 0.392347
0.406502 0.475799
0.41937 0.723737
0.247866 0.857495
0.561323 0.689429
0.693249 0.361901
0.209132 0.479788
0.871057 0.0674291
0.173671 0.0391811
0.687828 0.099588
0.90125 0.090784
0.355692 0.274911
0.128947 0.30136
0.187456 0.45389
0.55512 0.0472488
0.136366 0.34449
0.471032 0.532425
0.713086 0.745103
0.254382 0.0733886
0.73599 0.836978
0.756246 0.437761
0.214177 0.916831
0.923157 0.070605
0.28004 0.292354
0.111776 0.673071
0.158199 0.0547986
0.676466 0.502127
0.323175 0.809174
0.795144 0.493498
0.287327 0.366103
0.542737 0.404892
0.688573 0.963099
0.924922 0.526568
0.860722 0.184191
0.586648 0.598986
0.0609126 0.346898
0.0774653 0.19749
0.324544 0.940774
0.290374 0.332036
0.103357 0.346371
0.87085 0.255964
0.38727 0.68093
0.700608 0.712329
0.484997 0.508581
0.203452 0.750575
0.863923 0.747054
0.15135 0.557921
0.744721 0.143145
0.12187 0.581697
0.268693 0.750423
0.223273 0.289448
0.0835301 0.234288
0.484334 0.383226
0.214813 0.753611
0.703928 0.272174
0.116387 0.696083
0.480543 0.515861
0.375117 0.198853
0.23862 0.872456
0.700365 0.428369
0.608951 0.556541
0.179312 0.776261
0.153406 0.910133
0.882199 0.220257
0.519551 0.135135
0.931379 0.719315
0.408297 0.948535
0.545267 0.53516
0.371631 0.190157
0.682729 0.105253
0.459838 0.78222
0.763452 0.941845
0.30477 0.148175
0.123935 0.493865
0.0280693 0.819729
0.954526 0.633067
0.398494 0.142247
0.434294 0.53535
0.0619436 0.275015
0.772875 0.56712
0.417398 0.710049
0.283447 0.808658
0.705676 0.260358
0.751316 0.146056
0.44751 0.411689
0.157085 0.888261
0.193575 0.92204
0.82434 0.492678
0.154725 0.952086
0.203363 0.21536
0.756985 0.987663
0.715156 0.164713
0.160752 0.154853
0.707327 0.163256
0.438213 0.487003
0.73053 0.844532
0.198688 0.022982
0.680242 0.903385
0.304958 0.428508
0.975245 0.723949
0.819012 0.130261
0.625755 0.0428585
0.102055 0.395351
0.509805 0.126291
0.410394 0.520585
0.242508 0.225488
0.497265 0.917311
0.345735 0.615807
0.0828994 0.0918605
0.78497 0.466596
0.525921 0.518819
0.332928 0.74291
0.568279 0.968913
0.611724 0.830676
0.422433 0.603139
0.538544 0.248741
0.736562 0.177809
0.264993 0.796121
0.606965 0.7676
0.878616 0.0720817
0.298949 0.122252
0.192488 0.795237
0.0884093 0.431175
0.429511 0.0896658
0.561491 0.21739
0.545317 0.0917271
0.732258 0.865098
0.823974 0.275968
0.855447 0.447305
0.122444 0.277744
0.0859217 0.668367
0.508526 0.786909
0.837637 0.775696
0.587109 0.469762
0.549878 0.505456
0.466964 0.837913
0.609371 0.671948
0.635551 0.652992
0.208502 0.0666466
0.734047 0.780533
0.289074 0.294709
0.849647 0.0752169
0.159018 0.710996
0.295727 0.0189225
0.163237 0.396071
0.320121 0.214366
0.0836146 0.805378
0.523286 0.519518
0.578595 0.569806
0.380059 0.127323
0.159329 0.949271
0.958377 0.681645
0.555442 0.61136
0.347766 0.741722
0.687315 0.110967
0.535211 0.936194
0.381652 0.417361
0.963842 0.529249
0.123494 0.261288
0.525339 0.255986
0.648955 0.835209
0.445656 0.726445
0.641709 0.437517
0.631782 0.225676
0.0174 0.017692
0.349322 0.0726096
0.877175 0.297798
0.747771 0.41448
0.913717 0.0898865
0.147143 0.572867
0.172858 0.69844
0.542215 0.536956
0.115092 0.44395
0.0980925 0.227605
0.753861 0.621105
0.462121 0.422681
0.437371 0.887495
0.17496 0.112158
0.346916 0.792673
0.330477 0.34688
0.803769 0.661774
0.401912 0.688136
0.970894 0.164568
0.144939 0.923251
0.282056 0.28728
0.470116 0.442356
0.888435 0.0823199
0.918596 0.0880669
0.508721 0.0474563
0.25624 0.287493
0.646795 0.680031
0.691807 0.123524
0.566062 0.849153
0.204687 0.913637
0.63591 0.527196
0.319073 0.44199
0.188271 0.690051
0.179856 0.180875
0.850907 0.235497
0.200901 0.204615
0.506126 0.503977
0.515139 0.481188
0.524941 0.50982
0.522054 0.0273684
0.529648 0.728513
0.313155 0.181672
0.416402 0.0117844
0.328199 0.934704
0.847581 0.489279
0.907804 0.488591
0.046104 0.163141
0.935751 0.186896
0.850488 0.100838
0.366512 0.693157
0.335569 0.383899
0.762704 0.82531
0.863961 0.279084
0.301676 0.418659
0.759206 0.779371
0.456565 0.296792
0.512161 0.750911
0.445503 0.907357
0.747062 0.746692
0.908869 0.603723
0.235756 0.81783
0.115944 0.241765
0.924191 0.108317
0.434341 0.82743
0.0806835 0.776191
0.506533 0.441283
0.165067 0.278303
0.255652 0.0409484
0.559056 0.534374
0.457922 0.340344
0.303392 0.876991
0.590989 0.826542
0.670176 0.0881081
0.738722 0.400245
0.804608 0.653174
0.0413383 0.0571051
0.472724 0.103937
0.30831 0.464518
0.128621 0.713104
0.314481 0.251115
0.477068 0.782647
0.662292 0.632069
0.143079 0.964946
0.663912 0.609973
0.461373 0.133306
0.927971 0.76992
0.0721124 0.442763
0.584329 0.665885
0.599473 0.340574
0.11538 0.357532
0.96378 0.102839
0.483828 0.46207
0.17494 0.739193
0.729397 0.369308
0.451901 0.21956
0.518999 0.948644
0.866689 0.257791
0.564399 0.047737
0.152763 0.253244
0.661276 0.5861
0.395957 0.580752
0.37683 0.397163
0.155643 0.943614
0.089477 0.738555
0.299146 0.125299
0.160729 0.295079
0.180316 0.598206
0.748265 0.364643
0.367896 0.693282
0.665583 0.796362
0.894117 0.203451
0.732837 0.881958
0.448273 0.321562
0.93545 0.563535
0.581038 0.607736
0.165055 0.910366
0.207355 0.510371
0.320299 0.344564
0.464168 0.360824
0.104157 0.768802
0.499851 0.256334
0.10563 0.69311
0.827966 0.809299
0.111001 0.200442
0.488947 0.731076
0.573115 0.485215
0.948269 0.701546
0.268854 0.393363
0.0306213 0.176828
0.949277 0.558124
0.800853 0.123698
0.474282 0.966579
0.600401 0.783695
0.33917 0.0886049
0.173021 0.388638
0.846957 0.626806
0.632344 0.905357
0.286281 0.468735
0.713047 0.361194
0.630936 0.207766
0.125064 0.591263
0.571087 0.0484346
0.308187 0.806338
0.45026 0.346419
0.067469 0.321918
0.877152 0.808337
0.485285 0.358259
0.804005 0.105635
0.183537 0.168135
0.20603 0.289439
0.551942 0.063881
0.904078 0.193228
0.94528 0.215159
0.651496 0.663859
0.578139 0.30125
0.861983 0.680262
0.905371 0.443183
0.727296 0.217318
0.309712 0.226498
0.528163 0.285317
0.552512 0.428123
0.183573 0.110184
0.737936 0.931555
0.158184 0.904581
0.0919776 0.325724
0.174324 0.592456
0.382392 0.102278
0.780797 0.320281
0.292061 0.44694
0.521401 0.506623
0.747082 0.857938
0.57405 0.654532
0.312023 0.316244
0.876552 0.575145
0.481004 0.432497
0.859583 0.0557139
0.66443 0.824683
0.11106 0.593102
0.879089 0.208299
0.507056 0.919815
0.538117 0.715384
0.528241 0.926993
0.803098 0.308854
0.271056 0.12832
0.760332 0.249847
0.0644174 0.406634
0.136871 0.587902
0.180081 0.416403
0.900026 0.0858626
0.722839 0.463206
0.446968 0.862118
0.449708 0.312995
0.823419 0.515909
0.899289 0.696784
0.739803 0.424003
0.615142 0.31019
0.182745 0.163462
0.258288 0.907841
0.471103 0.529129
0.0884356 0.23531
0.787577 0.133454
0.713555 0.895929
0.703604 0.883863
0.326824 0.631366
0.690721 0.388797
0.0684445 0.32322
0.187079 0.43261
0.681776 0.985039
0.967966 0.590273
0.678795 0.715102
0.0754565 0.286665
0.0748962 0.16629
0.452415 0.287163
0.142626 0.92881
0.789512 0.171128
0.10344 0.552149
0.277506 0.820064
0.466311 0.948265
0.681021 0.782006
0.59115 0.613754
0.118762 0.604931
0.0450206 0.240389
0.122544 0.698513
0.248681 0.0435802
0.290979 0.901368
0.752637 0.285396
0.246298 0.775194
0.44697 0.686949
0.0920362 0.477981
0.564055 0.848776
0.713052 0.675963
0.414737 0.947758
0.467767 0.893761
0.962052 0.175448
0.667393 0.572825
0.787118 0.760441
0.195158 0.790437
0.0552421 0.250776
0.495354 0.257647
0.322539 0.769941
0.200618 0.064418
0.116827 0.389618
0.838666 0.521104
0.136022 0.893166
0.120677 0.718742
0.732116 0.793066
0.383974 0.16625
0.773755 0.875443
0.0744411 0.757844
0.109868 0.753481
0.336338 0.824241
0.475768 0.525098
0.642313 0.49977
0.789073 0.111263
0.761868 0.141814
0.569735 0.595007
0.18812 0.927556
0.397148 0.012063
0.478961 0.522168
0.900979 0.550401
0.213657 0.693929
0.347404 0.610899
0.78888 0.126658
0.462063 0.846727
0.892777 0.51792
0.556117 0.234216
0.349445 0.0511223
0.742659 0.980413
0.543844 0.549419
0.0984457 0.293181
0.647885 0.9806
0.246407 0.827764
0.938482 0.638759
0.82975 0.420559
0.16658 0.741116
0.720874 0.468194
0.39297 0.32202
0.0417127 0.170062
0.477043 0.50626
0.0718894 0.326402
0.0804414 0.533088
0.567691 0.364378
0.640119 0.327123
0.34093 0.18301
0.877282 0.428281
0.469386 0.534454
0.396576 0.716893
0.390382 0.355472
0.360601 0.210928
0.771098 0.525721
0.936556 0.747069
0.687509 0.401632
0.158867 0.946822
0.488799 0.503697
0.463829 0.528301
0.852094 0.45632
0.151431 0.392015
0.812873 0.75638
0.753445 0.156569
0.934126 0.632081
0.579664 0.41789
0.206814 0.95253
0.13321 0.512968
0.346884 0.489468
0.740764 0.151698
0.0890526 0.714133
0.595258 0.670296
0.176718 0.988237
0.897223 0.499144
0.441853 0.336344
0.0793378 0.285356
0.783798 0.127962
0.723565 0.612195
0.8889 0.48046
0.759044 0.826527
0.119439 0.346213
0.261353 0.300987
0.357805 0.386672
0.818818 0.68664
0.883203 0.568631
0.696707 0.852243
0.249797 0.744742
0.888093 0.236673
0.600689 0.765671
0.771297 0.150508
0.0844757 0.783562
0.372204 0.884151
0.910083 0.103287
0.494706 0.798585
0.572188 0.272891
0.617728 0.694241
0.603618 0.871929
0.520836 0.530363
0.257198 0.811079
0.640373 0.142091
0.38646 0.464913
0.0855967 0.610372
0.145012 0.912872
0.883714 0.748131
0.674667 0.64588
0.814446 0.785018
0.425448 0.201831
0.677825 0.334232
0.316176 0.197553
0.142874 0.890591
0.449995 0.758245
0.567111 0.0682591
0.619484 0.549826
0.161557 0.978622
0.370164 0.660574
0.0842686 0.779049
0.156994 0.106767
0.384696 0.256634
0.545724 0.461685
0.100486 0.74369
0.913082 0.818216
0.444835 0.333882
0.0939989 0.157218
0.670199 0.310672
0.326454 0.802515
0.194213 0.76177
0.550032 0.784019
0.838392 0.195884
0.327015 0.848621
0.106127 0.706983
0.532312 0.107273
0.455513 0.653834
0.181194 0.833443
0.90421 0.173598
0.121811 0.922097
0.831511 0.0602061
0.732904 0.307067
0.329855 0.737285
0.441312 0.0384475
0.0820526 0.748476
0.849368 0.239239
0.515914 0.405994
0.0631782 0.347762
0.600151 0.350984
0.224466 0.739477
0.0832674 0.75735
0.795065 0.510604
0.40426 0.940665
0.362447 0.326961
0.18037 0.424245
0.277315 0.928813
0.481216 0.936602
0.293329 0.805136
0.691801 0.733005
0.857816 0.756244
0.479379 0.696406
0.00557419 0.00757313
0.165626 0.089893
0.341925 0.683333
0.407977 0.570854
0.397555 0.435961
0.347013 0.190904
0.929555 0.758548
0.184489 0.28982
0.123857 0.30621
0.729625 0.292375
0.332695 0.210682
0.298184 0.634778
0.179184 0.986069
0.354545 0.902127
0.72888 0.83149
0.577542 0.740638
0.825206 0.70013
0.72525 0.160829
0.403966 0.127267
0.773787 0.787281
0.544713 0.120665
0.971833 0.476906
0.885809 0.143364
0.745973 0.975389
0.496089 0.49905
0.288413 0.798527
0.703847 0.555546
0.403537 0.743102
0.539273 0.759271
0.651869 0.267669
0.578315 0.261172
0.0993138 0.334849
0.952927 0.752391
0.613964 0.357974
0.87079 0.394093
0.179826 0.392052
0.519673 0.117409
0.893753 0.405416
0.227866 0.742428
0.340077 0.715855
0.151256 0.658442
0.498869 0.860642
0.215938 0.919
0.589402 0.747241
0.68668 0.268708
0.0656232 0.256405
0.522013 0.0298065
0.693366 0.480966
0.760012 0.305791
0.833064 0.64367
0.696565 0.970105
0.0987246 0.217925
0.126512 0.9644
0.634545 0.360537
0.629001 0.0379661
0.0995698 0.784658
0.656996 0.601657
0.626062 0.878777
0.506053 0.242123
0.613872 0.22083
0.528924 0.63802
0.52505 0.0303102
0.639069 0.199882
0.518831 0.421273
0.509952 0.359464
0.0927975 0.210275
0.344412 0.124563
0.483022 0.434107
0.167012 0.116517
0.794444 0.708501
0.14236 0.928495
0.483943 0.760951
0.494481 0.126817
0.646712 0.0642319
0.378206 0.274036
0.223518 0.862272
0.898953 0.732613
0.9256 0.551497
0.927307 0.444214
0.964233 0.439882
0.816528 0.0985765
0.662386 0.153897
0.18506 0.138746
0.574817 0.238734
0.217771 0.395861
0.629564 0.423966
0.29715 0.435321
0.0988228 0.771809
0.524793 0.728272
0.726144 0.918413
0.926393 0.108836
0.690192 0.804718
0.760572 0.737076
0.440177 0.695765
0.193933 0.419407
0.175528 0.965239
0.456586 0.80931
0.122625 0.561767
0.915068 0.715472
0.811923 0.12471
0.0798119 0.767459
0.430207 0.388926
0.192329 0.502089
0.157058 0.747795
0.235028 0.927125
0.655101 0.215039
0.97862 0.471567
0.0854137 0.754583
0.210679 0.546719
0.44511 0.39792
0.958018 0.586356
0.391514 0.408455
0.393615 0.495882
0.542505 0.465951
0.230941 0.798354
0.437673 0.346825
0.548327 0.872928
0.706098 0.75269
0.370741 0.860062
0.498486 0.603079
0.80592 0.150104
0.80733 0.797364
0.619391 0.911691
0.530171 0.837761
0.455514 0.95837
0.245996 0.428675
0.56101 0.605494
0.725187 0.951722
0.11051 0.786574
0.293939 0.34943
0.569874 0.724183
0.671064 0.167927
0.585985 0.391678
0.544852 0.553518
0.276517 0.408278
0.55019 0.0667801
0.552399 0.376628
0.866877 0.179747
0.308661 0.421937
0.0830133 0.784
0.409608 0.249154
0.204669 0.944911
0.62059 0.742298
0.50251 0.52084
0.788703 0.232632
0.326577 0.391825
0.503802 0.50892
0.550122 0.534759
0.38664 0.470876
0.513514 0.634457
0.865933 0.0800093
0.705294 0.41043
0.441238 0.577103
0.567644 0.736115
0.990002 0.612706
0.478775 0.412261
0.853003 0.654247
0.359789 0.70528
0.644374 0.337813
0.676927 0.432838
0.573979 0.94339
0.81828 0.523137
0.559125 0.487686
0.105147 0.334425
0.821903 0.563149
0.973695 0.679898
0.619581 0.681193
0.154124 0.132504
0.255065 0.751864
0.805079 0.247758
0.307594 0.282306
0.648161 0.16254
0.883782 0.0896829
0.866186 0.578372
0.385043 0.533445
0.17732 0.976125
0.518121 0.834163
0.499193 0.51556
0.203087 0.527168
0.838551 0.0574117
0.0752604 0.814491
0.69202 0.724888
0.504712 0.794224
0.786254 0.776689
0.483624 0.598106
0.0527813 0.776593
0.860242 0.681093
0.933212 0.7972
0.711007 0.803613
0.383021 0.095044
0.364049 0.397357
0.162162 0.968496
0.231121 0.506563
0.39582 0.438327
0.0689415 0.22073
0.453892 0.139525
0.0967656 0.195972
0.851326 0.57994
0.945324 0.642531
0.356457 0.440403
0.244915 0.393508
0.213911 0.100284
0.0915377 0.191249
0.894431 0.782514
0.635506 0.410279
0.87933 0.285476
0.662257 0.913867
0.180769 0.888486
0.423688 0.563984
0.286145 0.456184
0.797024 0.768269
0.57646 0.869159
0.91774 0.440805
0.459625 0.863307
0.0996214 0.81237
0.312508 0.321538
0.192439 0.507715
0.418501 0.258972
0.656932 0.312241
0.0850339 0.571169
0.578606 0.917053
0.922858 0.220749
0.841513 0.09716
0.165497 0.263482
0.637358 0.465531
0.712542 0.448689
0.245262 0.318368
0.319572 0.154319
0.740179 0.765648
0.0384329 0.829856
0.566908 0.324663
0.167013 0.765611
0.83254 0.564124
0.076362 0.385423
0.876561 0.0537315
0.139103 0.429427
0.908098 0.0740625
0.712559 0.803568
0.167615 0.938629
0.0926654 0.735026
0.349601 0.773708
0.175492 0.555557
0.107855 0.434478
0.710306 0.827863
0.275088 0.750332
0.646965 0.833676
0.0742442 0.80403
0.58041 0.893557
0.394338 0.58774
0.387105 0.253632
0.631782 0.483927
0.70767 0.63049
0.486534 0.450493
0.432547 0.570067
0.293973 0.490164
0.328705 0.645782
0.304905 0.485466
0.20091 0.35118
0.524622 0.520233
0.188791 0.261915
0.633826 0.827363
0.107816 0.708017
0.627851 0.673637
0.628394 0.0612849
0.322283 0.941435
0.265539 0.901961
0.464782 0.942153
0.542327 0.934303
0.400814 0.951806
0.526559 0.704379
0.474034 0.821438
0.347618 0.747363
0.318028 0.526704
0.0975609 0.293869
0.444015 0.272964
0.533775 0.0765488
0.117332 0.620177
0.783352 0.723927
0.326176 0.3952
0.729166 0.59241
0.377464 0.931865
0.514096 0.837011
0.949725 0.139346
0.78032 0.369405
0.0991362 0.304023
0.101894 0.564738
0.165694 0.377588
0.317773 0.439727
0.94317 0.422457
0.728558 0.382054
0.684917 0.282746
0.469528 0.763503
0.912862 0.231287
0.51036 0.252166
0.643436 0.231101
0.816984 0.0917163
0.229259 0.35281
0.856822 0.177272
0.439457 0.646447
0.56672 0.535966
0.948532 0.63821
0.155372 0.11485
0.101789 0.397008
0.523164 0.0170483
0.891899 0.227258
0.384443 0.551631
0.514283 0.85621
0.306149 0.442815
0.106977 0.811439
0.651014 0.770481
0.0934794 0.42058
0.797842 0.267378
0.814102 0.655579
0.463654 0.267193
0.304821 0.0229339
0.799723 0.250599
0.654071 0.907414
0.331041 0.712036
0.358375 0.846953
0.709428 0.232998
0.159609 0.139369
0.785274 0.634855
0.954561 0.116885
0.149727 0.119366
0.936212 0.743846
0.634439 0.772838
0.202344 0.691376
0.266902 0.0457606
0.311041 0.756479
0.315077 0.593531
0.750786 0.130416
0.845344 0.400698
0.0297353 0.172878
0.119516 0.362023
0.0571606 0.827499
0.59292 0.14561
0.848442 0.394655
0.749427 0.894467
0.487575 0.859938
0.950724 0.44469
0.593895 0.798732
0.44372 0.829686
0.428839 0.699966
0.869945 0.726192
0.43235 0.188412
0.326069 0.172986
0.302614 0.227413
0.564785 0.283757
0.34926 0.678319
0.642046 0.399603
0.510471 0.228251
0.544122 0.456571
0.625957 0.326195
0.326486 0.134153
0.204807 0.285105
0.565823 0.799267
0.146452 0.105171
0.639753 0.511604
0.71501 0.500078
0.276187 0.212003
0.676214 0.556118
0.318056 0.933461
0.729769 0.896151
0.234768 0.0920921
0.570498 0.877765
0.492744 0.103512
0.189211 0.0916195
0.552714 0.74446
0.356642 0.860403
0.876433 0.549529
0.170483 0.418846
0.343088 0.228195
0.473924 0.942289
0.718539 0.191965
0.478561 0.9327
0.346208 0.152738
0.515667 0.665409
0.126125 0.250103
0.557368 0.339625
0.340855 0.144477
0.216258 0.830101
0.25528 0.344244
0.863716 0.786914
0.104783 0.223694
0.64513 0.947718
0.773563 0.798988
0.411404 0.129098
0.145302 0.969127
0.0940792 0.742841
0.100188 0.531141
0.697393 0.416109
0.709905 0.212918
0.0884 0.823593
0.460838 0.639493
0.157159 0.791404
0.777639 0.367646
0.63106 0.0557278
0.694041 0.494312
0.810544 0.776702
0.717715 0.469459
0.721078 0.501243
0.271756 0.134942
0.622808 0.285926
0.0865002 0.757521
0.211577 0.219685
0.300688 0.74826
0.511214 0.976058
0.937044 0.586799
0.810966 0.395025
0.255337 0.941628
0.197822 0.0279421
0.345771 0.82246
0.0783511 0.0916826
0.31094 0.831436
0.838732 0.0963095
0.339229 0.542488
0.569429 0.602613
0.683093 0.174769
0.870766 0.694724
0.783728 0.780038
0.778427 0.171164
0.623461 0.289407
0.160907 0.552644
0.571011 0.639234
0.949428 0.134102
0.958777 0.155634
0.116627 0.306567
0.983273 0.152667
0.362002 0.308371
0.0442715 0.164592
0.361508 0.333857
0.718268 0.893682
0.904743 0.395944
0.0828669 0.795609
0.126496 0.956891
0.698404 0.881305
0.130433 0.325222
0.181602 0.302035
0.884192 0.0655312
0.271605 0.822735
0.169853 0.244932
0.0516391 0.245608
0.566266 0.974442
0.410987 0.867815
0.317449 0.425566
0.0955287 0.635881
0.740922 0.782588
0.536494 0.672453
0.166179 0.592848
0.474781 0.285611
0.550519 0.166888
0.162918 0.689447
0.489174 0.331067
0.621774 0.478968
0.375338 0.259711
0.241645 0.517367
0.490075 0.242131
0.798165 0.115553
0.2874 0.254815
0.925883 0.538372
0.599991 0.973912
0.189441 0.369057
0.76295 0.720654
0.159013 0.972408
0.318356 0.487534
0.232056 0.867599
0.656676 0.393069
0.552616 0.148861
0.717529 0.531846
0.524981 0.0907001
0.783469 0.765236
0.608467 0.282276
0.0741394 0.31279
0.31946 0.250631
0.57341 0.246374
0.786909 0.196882
0.257398 0.939547
0.556031 0.0250881
0.687276 0.583808
0.893829 0.0850257
0.103615 0.228066
0.884322 0.734095
0.586792 0.451421
0.865783 0.301171
0.867599 0.442095
0.392984 0.761711
0.181569 0.0297892
0.0925304 0.20587
0.434465 0.37418
0.4327 0.946564
0.597796 0.232281
0.18806 0.835767
0.200105 0.73558
0.674789 0.694474
0.344907 0.799754
0.898996 0.408153
0.694351 0.620183
0.13498 0.551148
0.243762 0.0301577
0.886847 0.200933
0.45432 0.292424
0.987792 0.624731
0.295455 0.044474
0.806877 0.698884
0.410704 0.255248
0.56842 0.310846
0.468936 0.882759
0.848442 0.679549
0.614915 0.691794
0.542534 0.940103
0.49744 0.502956
0.375249 0.491207
0.281847 0.501139
0.078886 0.427065
0.515474 0.94154
0.716393 0.982333
0.220298 0.748945
0.617611 0.51008
0.760901 0.417348
0.244809 0.228302
0.670739 0.895115
0.228827 0.204229
0.794957 0.125222
0.827526 0.396518
0.734495 0.402356
0.351378 0.239394
0.873674 0.718853
0.718848 0.147819
0.230095 0.759186
0.6441 0.764911
0.69839 0.390865
0.745097 0.915357
0.122432 0.35203
0.41679 0.856861
0.767081 0.624416
0.101007 0.392961
0.509766 0.231496
0.594306 0.293817
0.307776 0.438158
0.576482 0.305727
0.835299 0.0834802
0.275032 0.732653
0.752818 0.977382
0.594201 0.688791
0.730904 0.521509
0.757584 0.43364
0.915309 0.507781
0.350173 0.0353425
0.856884 0.767048
0.910068 0.633638
0.377137 0.946533
0.123664 0.951338
0.213165 0.721927
0.207875 0.493189
0.135755 0.920798
0.528507 0.92832
0.939912 0.774459
0.645306 0.712257
0.741409 0.520273
0.69963 0.481638
0.0998908 0.421275
0.544009 0.546487
0.562546 0.454071
0.520253 0.50833
0.145987 0.993246
0.468579 0.442623
0.875804 0.549079
0.339914 0.0901214
0.22896 0.538307
0.581283 0.33506
0.441525 0.110987
0.293611 0.38809
0.608354 0.635032
0.125831 0.61363
0.448583 0.791386
0.128626 0.46053
0.270234 0.0285346
0.46598 0.252175
0.302694 0.464671
0.124048 0.310555
0.392293 0.538804
0.74933 0.236682
0.169391 0.130411
0.344251 0.332404
0.619943 0.909183
0.676657 0.101606
0.179812 0.970689
0.432343 0.882566
0.871568 0.537328
0.52191 0.329925
0.348911 0.626975
0.828292 0.604254
0.6588 0.296829
0.632943 0.755681
0.748311 0.936686
0.280834 0.123099
0.505239 0.0371705
0.403059 0.567351
0.116255 0.690766
0.906184 0.742364
0.592943 0.557723
0.804827 0.621057
0.515602 0.24409
0.516046 0.38277
0.811128 0.11856
0.710847 0.132944
0.668578 0.541822
0.719058 0.30585
0.836976 0.581879
0.308197 0.606452
0.482589 0.571659
0.7023 0.959848
0.578461 0.0814893
0.553251 0.714718
0.768985 0.489366
0.449934 0.38292
0.0810183 0.252869
0.0668962 0.499925
0.51547 0.512988
0.608355 0.436281
0.55732 0.662732
0.442591 0.244263
0.241485 0.223106
0.565507 0.0599937
0.747202 0.851833
0.629729 0.264209
0.411683 0.359516
0.260537 0.00956773
0.436854 0.838713
0.711622 0.199004
0.331127 0.172268
0.577431 0.392037
0.435467 0.578743
0.531713 0.537309
0.119379 0.932011
0.226758 0.734623
0.548358 0.698248
0.887419 0.77356
0.859699 0.458809
0.812026 0.611641
0.288161 0.44994
0.869285 0.724588
0.789703 0.128065
0.72924 0.22444
0.968206 0.449114
0.443412 0.316251
0.629833 0.0344423
0.669799 0.168041
0.578625 0.645621
0.10492 0.732534
0.54587 0.268788
0.343678 0.137216
0.915731 0.231046
0.909013 0.816512
0.677645 0.729037
0.423261 0.937672
0.187989 0.313687
0.711562 0.975959
0.465291 0.455629
0.215955 0.417781
0.905195 0.628672
0.704733 0.530673
0.633654 0.397951
0.575816 0.226017
0.090594 0.563467
0.90287 0.611051
0.872389 0.230623
0.741033 0.813855
0.477188 0.656873
0.627055 0.169786
0.387501 0.065864
0.158069 0.547112
0.366636 0.881097
0.522703 0.809838
0.345169 0.735079
0.244498 0.271417
0.376338 0.918283
0.767738 1.01168
0.344167 0.380089
0.233142 0.384355
0.970051 0.119698
0.518138 0.517016
0.332186 0.722333
0.627119 0.84806
0.39812 0.276837
0.0608054 0.79382
0.339777 0.180352
0.338375 0.708601
0.163974 0.957385
0.516114 0.427899
0.582555 0.739364
0.663764 0.968506
0.648231 0.476592
0.508097 0.490325
0.837147 0.186712
0.358502 0.799592
0.33253 0.35941
0.625571 0.68554
0.102149 0.272927
0.536934 0.510939
0.54972 0.546867
0.236766 0.845244
0.725741 0.593781
0.57602 0.803742
0.465392 0.112641
0.221628 0.0685177
0.674024 0.702818
0.0719132 0.412217
0.361189 0.0123158
0.505897 0.230075
0.205328 0.859221
0.0646546 0.42062
0.198277 0.703064
0.220694 0.317895
0.916783 0.742421
0.785143 0.467942
0.297422 0.0472782
0.353562 0.0281696
0.62701 0.937537
0.823835 0.0979363
0.0842945 0.0948753
0.169353 0.880811
0.936954 0.205257
0.404151 0.303882
0.216951 0.884254
0.503315 0.43144
0.747029 0.511859
0.512231 0.525433
0.205141 0.181142
0.279733 0.0841937
0.898636 0.0585129
0.545539 0.185403
0.127444 0.919767
0.210385 0.733854
0.843322 0.0704533
0.676993 0.697388
0.147657 0.0952877
0.791356 0.102736
0.256231 0.230412
0.294803 0.431185
0.0657403 0.812481
0.850357 0.810294
0.347798 0.788285
0.777173 0.496673
0.908271 0.0693429
0.56681 0.827062
0.168812 0.161014
0.0413743 0.219011
0.0659487 0.203125
0.533095 0.50844
0.25684 0.824624
0.758015 0.325045
0.83276 0.550189
0.358734 0.053284
0.710805 0.680357
0.479392 0.774335
0.49782 0.337893
0.576191 0.839242
0.127779 0.370274
0.337141 0.061687
0.415271 0.899847
0.882187 0.553905
0.143979 0.973036
0.786248 0.111658
0.0758526 0.773507
0.562333 0.480422
0.563984 0.742128
0.702126 0.421603
0.285681 0.0617267
0.517377 0.0200146
0.724991 0.959519
0.783997 0.235748
0.309299 0.380585
0.117609 0.362269
0.740799 0.405423
0.479924 0.19454
0.337755 0.362089
0.724926 0.364454
0.258997 0.513526
0.44482 0.364819
0.30231 0.420632
0.72692 0.874094
0.189393 0.400684
0.314255 0.43908
0.489688 0.765439
0.436976 0.239968
0.72225 0.217798
0.490798 0.0301609
0.60874 0.550796
0.430788 0.345725
0.621809 0.61695
0.521014 0.255001
0.30097 0.265695
0.634095 0.524662
0.764145 0.126861
0.875548 0.0610189
0.509085 0.609754
0.91212 0.646377
0.0718413 0.197099
0.0903397 0.45948
0.980547 0.511767
0.749558 0.709547
0.728322 0.219415
0.715743 0.293387
0.756219 0.167331
0.654185 0.703841
0.112022 0.220796
0.543296 0.472113
0.430034 0.603034
0.859807 0.179389
0.680577 0.745479
0.28099 0.239914
0.353352 0.144601
0.832439 0.387324
0.36376 0.908413
0.736571 0.395933
0.421095 0.676998
0.110603 0.179766
0.896654 0.770606
0.489238 0.657988
0.941229 0.139926
0.362266 0.0148072
0.349395 0.336455
0.328856 0.752337
0.934219 0.221158
0.937155 0.62676
0.960945 0.164681
0.810721 0.312599
0.339716 0.673683
0.693528 0.66733
0.559943 0.621691
0.5 0.5
0.303568 0.0491536
0.182058 0.251636
0.812911 0.648444
0.855964 0.754736
0.802142 0.220724
0.760987 0.130383
0.552118 0.121527
0.893843 0.488617
0.343951 0.832582
0.1184 0.309986
0.171946 0.987157
0.617901 0.31383
0.58867 0.323424
0.976767 0.164012
0.505731 0.513537
0.181681 0.255827
0.0762182 0.304096
0.457029 0.836612
0.572774 0.449325
0.582922 0.77626
0.528847 0.367777
0.908785 0.0831288
0.480177 0.800371
0.558627 0.83778
0.628953 0.686246
0.133155 0.632739
0.606271 0.762685
0.951361 0.211519
0.140012 0.935885
0.377574 0.0310779
0.912132 0.537115
0.28341 0.900143
0.853249 0.722957
0.77593 0.829552
0.0812349 0.327966
0.586064 0.549231
0.741143 0.509298
0.637749 0.239427
0.342011 0.216655
0.151529 0.957245
0.907745 0.217861
0.603545 0.540889
0.977781 0.549034
0.766597 0.140013
0.485007 0.126734
0.127428 0.383151
0.657635 0.366687
0.337777 0.508595
0.148017 0.116706
0.351129 0.124713
0.503544 0.93805
0.680798 0.243366
0.45492 0.330375
0.475868 0.76897
0.552847 0.546913
0.726703 0.458515
0.75487 0.313501
0.985018 0.741691
0.870058 0.734374
0.800326 0.354918
0.69356 0.712226
0.749072 0.513969
0.268544 0.08863
0.0795948 0.347891
0.211513 0.390103
0.479465 0.695486
0.333666 0.166633
0.917191 0.773588
0.495804 0.428137
0.565798 0.0495704
0.585131 0.441683
0.513435 0.728263
0.638879 0.498745
0.50101 0.504115
0.249904 0.292686
0.869574 0.0979005
0.159195 0.604751
0.602664 0.444981
0.69274 0.638467
0.714927 0.877203
0.0651941 0.262878
0.594812 0.350694
0.470171 0.5406
0.150995 0.934522
0.939958 0.708677
0.516629 0.516797
0.069235 0.3846
0.632921 0.629987
0.976611 0.141677
0.15879 0.235251
0.395027 0.927131
0.325948 0.56422
0.593445 0.910068
0.0799877 0.27799
0.534026 0.81301
0.196989 0.563237
0.106025 0.805452
0.914205 0.540589
0.333867 0.0597703
0.49286 0.27615
0.764036 0.473946
0.188883 0.768167
0.537738 0.530814
0.377488 0.930809
0.932846 0.541403
0.191655 0.329558
0.539896 0.505076
0.887362 0.135822
0.39556 0.87405
0.420492 0.930508
0.703788 0.642712
0.499524 0.802221
0.455305 0.433182
0.336879 0.768848
0.464395 0.826929
0.077807 0.232285
0.339002 0.243355
0.0555824 0.264248
0.10216 0.379952
0.274496 0.945168
0.894692 0.438611
0.312383 0.503783
0.904707 0.200863
0.6413 0.306251
0.171657 0.125324
0.255865 0.810722
0.711522 0.764441
0.608468 0.160809
0.206084 0.916375
0.924156 0.669301
0.772377 0.988966
0.916222 0.0923051
0.219817 0.935393
0.37352 0.26981
0.394125 0.589001
0.269188 0.358922
0.0824587 0.489686
0.618649 0.698458
0.760339 0.496965
0.24761 0.867757
0.588905 0.495146
0.671713 0.298434
0.268609 0.300919
0.48123 0.433663
0.258624 0.39466
0.183901 0.093824
0.364352 0.0284157
0.123392 0.543088
0.965779 0.491552
0.831875 0.339433
0.168402 0.134005
0.689411 0.136003
0.650872 0.547255
0.100658 0.368466
0.0554478 0.286262
0.306116 0.640306
0.769979 0.969276
0.889782 0.0823128
0.254954 0.386371
0.506768 0.489985
0.760289 0.583354
0.517155 0.126996
0.604467 0.634686
0.695286 0.576641
0.128467 0.506927
0.913126 0.236273
0.619027 0.604328
0.360603 0.289586
0.169836 0.401153
0.700127 0.198863
0.687474 0.962886
0.81918 0.485321
0.941649 0.739482
0.521256 0.205303
0.161205 0.982224
0.670782 0.883137
0.57088 0.193132
0.0314405 0.178392
0.820768 0.708684
0.75394 0.967962
0.248876 0.736542
0.193331 0.868845
0.308383 0.54488
0.186125 0.423685
0.588776 0.567542
0.641223 0.65283
0.853731 0.4704
0.136186 0.795873
0.196534 0.718731
0.530253 0.48667
0.645789 0.660175
0.253607 0.248613
0.85508 0.213875
0.41271 0.675117
0.928323 0.189032
0.629317 0.180507
0.873321 0.826017
0.116576 0.194539
0.369531 0.215614
0.615425 0.325964
0.090808 0.258993
0.542733 0.519815
0.731866 0.150997
0.72193 0.947514
0.76963 0.72104
0.296737 0.438237
0.388713 0.475476
0.655627 0.234236
0.722016 0.131445
0.903414 0.644646
0.287798 0.54832
0.811822 0.144429
0.364486 0.863558
0.324275 0.735632
0.143089 0.938567
0.095963 0.197139
0.199884 0.04801
0.141233 0.937559
0.167687 0.806074
0.598835 0.651943
0.530454 0.157059
0.382319 0.902523
0.645149 0.0770836
0.152284 0.361895
0.163762 0.0916823
0.083288 0.311987
0.585802 0.826352
0.544654 0.963593
0.692828 0.86153
0.703571 0.7766
0.78798 0.780785
0.52683 0.510601
0.814251 0.0702782
0.533175 0.509243
0.820289 0.800994
0.655129 0.438623
0.606487 0.435924
0.29719 0.614662
0.356036 0.428362
0.954587 0.473755
0.482224 0.935568
0.88181 0.0776451
0.777647 0.412061
0.091446 0.424652
0.282553 0.765077
0.253743 0.0690397
0.530783 0.185442
0.102126 0.352089
0.21704 0.934018
0.358189 0.0145286
0.779495 0.289057
0.331199 0.7264
0.603912 0.636429
0.338099 0.941205
0.0697929 0.280726
0.454804 0.537881
0.263987 0.323926
0.609582 0.0540666
0.716044 0.656765
0.519159 0.979272
0.402109 0.756684
0.15885 0.947907
0.946286 0.107215
0.311234 0.133976
0.136312 0.663292
0.146457 0.881981
0.961183 0.512117
0.609014 0.558064
0.172025 0.934638
0.537653 0.216528
0.273915 0.925404
0.745154 0.500911
0.29594 0.366882
0.536103 0.0254725
0.0482882 0.0672876
0.0981977 0.334388
0.812895 0.0975902
0.323049 0.744797
0.199751 0.702848
0.860001 0.295074
0.343282 0.0349453
0.199055 0.311936
0.532448 0.810462
0.869215 0.697958
0.76382 0.406758
0.879531 0.0683101
0.380095 0.660113
0.523623 0.663893
0.103669 0.119163
0.642958 0.120241
0.137787 0.665972
0.443075 0.906032
0.731867 0.825504
0.665864 0.929657
0.485237 0.562408
0.234148 0.846448
0.588075 0.417984
0.191399 0.164371
0.228322 0.0224521
0.637903 0.777577
0.42561 0.743184
0.0347734 0.808232
0.424158 0.534016
0.472965 0.448832
0.59467 0.139044
0.465144 0.703798
0.717963 0.905731
0.607382 0.528986
0.74954 0.284678
0.475548 0.256422
0.849405 0.703869
0.126409 0.413043
0.142363 0.246947
0.580664 0.347646
0.280712 0.423362
0.350761 0.69975
0.169027 0.362065
0.495447 0.576305
0.552563 0.597715
0.0716332 0.38153
0.150868 0.442389
0.200443 0.917893
0.403679 0.825743
0.469962 0.164045
0.12721 0.934806
0.386707 0.937355
0.62529 0.503608
0.413698 0.756679
0.636975 0.284362
0.154764 0.989791
0.440478 0.453482
0.685115 0.582199
0.801683 0.190835
0.158635 0.707275
0.207973 0.201802
0.205946 0.293587
0.634286 0.387257
0.209971 0.037986
0.204597 0.722582
0.195902 0.336406
0.595352 0.578886
0.331496 0.259692
0.103556 0.724508
0.0296952 0.818156
0.724 0.148129
0.810545 0.143147
0.578045 0.514262
0.724997 0.368674
0.701441 0.887285
0.164867 0.956313
0.0715356 0.243827
0.160442 0.691447
0.646032 0.362117
0.716708 0.858659
0.147835 0.994873
0.172362 0.633514
0.504978 0.518124
0.886943 0.57974
0.21125 0.89464
0.387378 0.914694
0.0501304 0.206986
0.108786 0.566969
0.726402 0.814414
0.95687 0.433613
0.584146 0.310002
0.316776 0.741495
0.305876 0.470588
0.413025 0.922308
0.818269 0.147511
0.774355 0.863164
0.166526 0.984482
0.487256 0.550632
0.465596 0.389829
0.133596 0.687378
0.294426 0.533287
0.615728 0.304341
0.745014 0.704611
0.890338 0.486914
0.49891 0.849372
0.920172 0.217817
0.88686 0.207215
0.961575 0.166875
0.694638 0.392474
0.115774 0.475223
0.529375 0.90434
0.40503 0.591638
0.817009 0.808478
0.153827 0.352287
0.27387 0.277609
0.0829776 0.459744
0.805175 0.646167
0.854811 0.564984
0.338685 0.7427
0.151795 0.943441
0.577069 0.970196
0.125163 0.41753
0.207106 0.0442285
