0.578596 0.953623
0.484008 0.442483
0.101288 0.735359
0.854152 0.838985
0.549369 0.704602
0.0453252 0.0603003
0.999136 0.433486
0.106474 0.92866
0.917423 0.854295
0.779945 0.254733
0.235469 0.885102
0.331582 0.101363
0.988065 0.765459
0.772294 0.12259
0.862943 0.105431
0.325631 0.441539
0.0590546 0.809639
0.884022 0.160342
0.544998 0.738174
0.999327 0.0943675
0.442777 0.0446527
0.154668 0.441913
0.478138 0.261142
0.370573 0.395562
0.115437 0.150518
0.650295 0.350905
0.03562 0.981877
0.452269 0.0236847
0.747336 0.224563
0.146275 0.610278
0.329994 0.471906
0.0518174 0.389049
0.281545 0.935839
0.549391 0.826543
0.674014 0.548718
0.92091 0.11679
0.593371 0.0755778
0.558703 0.0715094
0.33672 0.929276
0.467071 0.452157
0.0797936 0.117366
0.803062 0.115414
0.0992423 0.255331
0.139098 0.846578
0.479894 0.285373
0.456856 0.809888
0.757279 0.508674
0.198936 0.0388238
0.444513 0.748327
0.865366 0.118527
0.297045 0.786276
0.235318 0.890416
0.861854 0.794021
0.961926 0.198574
0.723296 0.428996
0.650731 0.80309
0.546362 0.453793
0.918504 0.645605
0.709124 0.0576021
0.492183 0.189017
0.342975 0.949039
0.998905 0.100255
0.457713 0.197841
0.139078 0.902226
0.946168 0.00444478
0.0207537 0.243213
0.790721 0.256071
0.133629 0.652576
0.0500921 0.0955545
0.85115 0.773389
0.524551 0.50188
0.576479 0.0709132
0.955673 0.494982
0.716518 0.664797
0.552584 0.2087
0.853814 0.89556
0.15774 0.852719
0.995814 0.615453
0.0505595 0.134893
0.517679 0.996727
0.139337 0.538433
0.23994 0.930059
0.794504 0.373569
0.582634 0.844596
0.469124 0.433784
0.617985 0.993675
0.935664 0.194463
0.0645879 0.891337
0.689445 0.781106
0.556134 0.24203
0.989806 0.409947
0.137589 0.147546
0.262666 0.133404
0.762998 0.313225
0.268297 0.280677
0.309953 0.407634
0.81911 0.549893
0.337693 0.613614
0.923462 0.920327
0.458211 0.392585
0.354111 0.0761952
0.38626 0.289775
0.270658 0.450848
0.181112 0.960104
0.231954 0.737245
0.202134 0.22176
0.147193 0.339723
0.369306 0.409859
0.473127 0.132304
0.723084 0.741424
0.412981 0.0330366
0.149058 0.232092
0.582929 0.48675
0.845706 0.506391
0.407077 0.303916
0.898977 0.761188
0.380112 0.285237
0.0509629 0.65077
0.736085 0.232075
0.610874 0.968038
0.96932 0.813008
0.189798 0.116513
0.152731 0.559104
0.526372 0.625858
0.691407 0.249456
0.367282 0.104389
0.282492 0.516339
0.33648 0.865422
0.00308928 0.182186
0.371813 0.410166
0.486103 0.270789
0.171354 0.866214
0.556026 0.222317
0.516985 0.292111
0.454392 0.127859
0.260149 0.423712
0.940866 0.449947
0.540225 0.0935975
0.0090507 0.0665966
0.719456 0.700458
0.316052 0.0867371
0.804847 0.598544
0.603076 0.141327
0.463966 0.606165
0.323514 0.835779
0.0163319 0.809617
0.106568 0.187686
0.675831 0.662594
0.410004 0.192816
0.954705 0.864396
0.320674 0.214854
0.288108 0.261541
0.664801 0.828333
0.355138 0.673852
0.89493 0.0745939
0.37431 0.210982
0.161331 0.179157
0.809526 0.764407
0.320484 0.273492
0.370573 0.643998
0.109271 0.386905
0.453615 0.215839
0.574591 0.129446
0.878433 0.984595
0.322261 0.833138
0.848991 0.642936
0.0479914 0.137099
0.904476 0.712792
0.965432 0.259615
0.386644 0.860362
0.334209 0.760954
0.0713436 0.49554
0.940111 0.88087
0.259947 0.260595
0.154362 0.630519
0.904593 0.263633
0.0174241 0.358208
0.479472 0.592015
0.487653 0.357905
0.57661 0.809914
0.191042 0.425601
0.45285 0.239034
0.562699 0.357326
0.951826 0.528131
0.616941 0.33847
0.388493 0.95115
0.0994236 0.459837
0.446689 0.0395341
0.340706 0.706636
0.300129 0.495068
0.337155 0.204722
0.758701 0.35458
0.562929 0.238173
0.946595 0.0505825
0.596077 0.523205
0.860497 0.78712
0.948805 0.313347
0.0261532 0.511505
0.670673 0.977979
0.039636 0.287615
0.316449 0.428129
0.238764 0.415873
0.887966 0.685454
0.455407 0.228672
0.39209 0.755536
0.72374 0.729245
0.960257 0.482442
0.0838246 0.523187
0.720615 0.0304193
0.573769 0.316692
0.553624 0.434266
0.103812 0.502429
0.747613 0.129965
0.0139342 0.418287
0.107944 0.0535702
0.705901 0.424393
0.481699 0.944666
0.840266 0.369665
0.630119 0.295672
0.598337 0.0222087
0.0512079 0.322077
0.523884 0.459068
0.804519 0.835278
0.534652 0.525134
0.865698 0.108421
0.841826 0.419322
0.542687 0.945638
0.921751 0.290301
0.0756029 0.935685
0.708587 0.183547
0.989255 0.414489
0.60794 0.470955
0.359154 0.448206
0.840619 0.989274
0.743878 0.438956
0.0114822 0.795086
0.761033 0.762936
0.806552 0.565552
0.598214 0.341204
0.0906859 0.463912
0.449625 0.932512
0.883233 0.992312
0.87815 0.804984
0.282613 0.953753
0.74067 0.9912
0.1373 0.729925
0.405689 0.74524
0.20088 0.764844
0.193446 0.0414991
0.754117 0.937325
0.480455 0.765599
0.732411 0.241489
0.528535 0.538963
0.807041 0.126749
0.880166 0.897727
0.590661 0.329791
0.830238 0.473894
0.322104 0.708388
0.278879 0.604717
0.662141 0.0195482
0.595917 0.79944
0.53071 0.44737
0.54468 0.950353
0.76645 0.738126
0.991852 0.520567
0.675451 0.472307
0.286166 0.407862
0.713796 0.814702
0.946825 0.520837
0.941451 0.826991
0.418563 0.532112
0.156783 0.248802
0.00600595 0.478886
0.95719 0.284885
0.0836031 0.61933
0.304433 0.67952
0.418771 0.0539061
0.681127 0.963451
0.00425916 0.447577
0.701577 0.996111
0.968144 0.377028
0.468419 0.25431
0.78489 0.182215
0.0690116 0.731715
0.703051 0.0104624
0.558706 0.121614
0.542574 0.715489
0.370416 0.54858
0.194375 0.327606
0.833465 0.277978
0.946936 0.137897
0.957499 0.365706
0.191804 0.638625
0.329157 0.196063
0.0862019 0.0307347
0.192174 0.0543457
0.407763 0.660593
0.308656 0.192654
0.842807 0.377667
0.924369 0.545858
0.38813 0.483075
0.667473 0.930704
0.198564 0.0378885
0.479284 0.392939
0.365494 0.312748
0.670917 0.31243
0.450646 0.628416
0.678136 0.642449
0.267041 0.00729369
0.838512 0.353243
0.0380284 0.0306861
0.407589 0.445792
0.691279 0.716245
0.638445 0.534086
0.093912 0.562814
0.0799442 0.482042
0.0458893 0.747417
0.412745 0.244453
0.785305 0.892029
0.637393 0.150799
0.204778 0.30831
0.463229 0.655424
0.936726 0.141366
0.297873 0.203767
0.148659 0.136385
0.557011 0.186688
0.167071 0.964599
0.632479 0.85835
0.680844 0.270924
0.392436 0.774756
0.833738 0.47238
0.256798 0.879628
0.219797 0.669543
0.124081 0.00510217
0.561572 0.761474
0.155901 0.76635
0.0697839 0.619131
0.421774 0.00651009
0.760496 0.719647
0.210278 0.909155
0.856032 0.767288
0.095843 0.023103
0.731888 0.728322
0.881453 0.412732
0.999247 0.273889
0.187488 0.832985
0.746269 0.444285
0.712613 0.966066
0.113828 0.836694
0.971168 0.675401
0.598168 0.12707
0.441751 0.667951
0.7462 0.863525
0.674462 0.506696
0.583171 0.884739
0.415852 0.439203
0.652027 0.511695
0.462306 0.383915
0.240017 0.343759
0.796646 0.239263
0.617648 0.984134
0.0722483 0.363917
0.428419 0.784861
0.329983 0.542247
0.621555 0.301151
0.217648 0.219722
0.428221 0.659399
0.887674 0.174421
0.522924 0.562135
0.681117 0.106095
0.446874 0.0969689
0.545298 0.0989016
0.608664 0.00760452
0.482816 0.84868
0.351364 0.279462
0.0879438 0.969012
0.263596 0.160192
0.332929 0.692015
0.945053 0.662912
0.234262 0.566608
0.964063 0.45191
0.78633 0.392284
0.111309 0.674004
0.566705 0.634233
0.236139 0.247822
0.740327 0.683014
0.344791 0.285626
0.781915 0.953455
0.29323 0.264732
0.802135 0.644594
0.544194 0.890079
0.613606 0.80779
0.0502711 0.946535
0.499805 0.995324
0.609447 0.734068
0.561932 0.57351
0.185978 0.348262
0.965794 0.297287
0.0222664 0.532499
0.931519 0.258406
0.780321 0.671847
0.94142 0.125112
0.957473 0.723335
0.0785671 0.250703
0.988067 0.880702
0.895297 0.532261
0.770781 0.508903
0.340051 0.821052
0.455438 0.839857
0.816376 0.0648844
0.573924 0.378309
0.638395 0.759902
0.726571 0.604189
0.057189 0.748837
0.136688 0.988708
0.00724321 0.917009
0.660555 0.948663
0.0421215 0.618028
0.671998 0.120689
0.868731 0.660065
0.00139081 0.764027
0.192325 0.772172
0.27293 0.532376
0.593224 0.728368
0.372233 0.409601
0.793252 0.946157
0.787909 0.431647
0.706059 0.51448
0.0358353 0.763248
0.263318 0.172523
0.751957 0.270561
0.0895322 0.412512
0.219224 0.131654
0.0305397 0.891222
0.252342 0.89927
0.551286 0.253733
0.663298 0.743611
0.0259051 0.936228
0.275988 0.619129
0.664595 0.648221
0.0287301 0.457847
0.594378 0.816639
0.889494 0.300438
0.33112 0.925329
0.0636862 0.594437
0.097852 0.815643
0.864998 0.187384
0.228155 0.0842219
0.319038 0.258695
0.975443 0.57138
0.157965 0.52673
0.825113 0.821262
0.270341 0.851018
0.75749 0.546329
0.470148 0.422085
0.19455 0.498878
0.879932 0.788928
0.315517 0.769425
0.0893658 0.646637
0.694754 0.153052
0.241074 0.792606
0.968695 0.106073
0.979991 0.19685
0.190294 0.299029
0.455545 0.165738
0.870409 0.61351
0.692467 0.695522
0.434772 0.962808
0.54654 0.192262
0.509137 0.0166882
0.614347 0.703687
0.515566 0.494279
0.492615 0.831083
0.263704 0.581981
0.47772 0.958459
0.735033 0.718795
0.751065 0.703728
0.824867 0.731056
0.900578 0.0151616
0.0300844 0.356123
0.180899 0.900493
0.969632 0.873367
0.596015 0.404405
0.836175 0.142556
0.596667 0.345312
0.159244 0.211014
0.0489992 0.67481
0.705293 0.541614
0.505893 0.968997
0.123595 0.983613
0.927456 0.858628
0.702408 0.678521
0.562356 0.527275
0.409577 0.462934
0.542437 0.439661
0.819057 0.723336
0.340155 0.788689
0.596703 0.93617
0.193094 0.432878
0.0787254 0.789761
0.77819 0.237969
0.000774269 0.827189
0.912779 0.706067
0.368804 0.418672
0.675064 0.492399
0.402286 0.60252
0.351027 0.104694
0.281041 0.913383
0.631969 0.690618
0.376317 0.174406
0.13028 0.195374
0.897742 0.470434
0.984063 0.494445
0.406604 0.177157
0.927323 0.485329
0.966918 0.705513
0.723299 0.967692
0.532703 0.636078
0.673759 0.901506
0.05475 0.348823
0.393905 0.457036
0.951343 0.744931
0.56173 0.232384
0.658314 0.193699
0.923003 0.034631
0.368105 0.0532823
0.230005 0.265847
0.523717 0.214068
0.760292 0.930321
0.391225 0.687615
0.41565 0.358142
0.393129 0.138949
0.325834 0.925831
0.775027 0.999593
0.827337 0.829777
0.348416 0.221242
0.286812 0.299759
0.966174 0.848542
0.532144 0.624488
0.0422406 0.455146
0.659119 0.410345
0.508428 0.889124
0.676192 0.032145
0.103191 0.436484
0.962466 0.494416
0.1241 0.378116
0.852559 0.517228
0.517064 0.178393
0.44306 0.292091
0.177986 0.270397
0.121868 0.526402
0.491639 0.40868
0.826161 0.457813
0.257222 0.358305
0.0823006 0.299462
0.813451 0.741419
0.709808 0.32188
0.630543 0.386
0.354025 0.733734
0.822484 0.31649
0.228151 0.946584
0.694606 0.0807092
0.463813 0.21167
0.259102 0.906872
0.503761 0.437088
0.17727 0.625629
0.963491 0.668909
0.0343089 0.789652
0.126721 0.291531
0.147957 0.209022
0.590993 0.961408
0.950442 0.300801
0.283288 0.580985
0.686801 0.637312
0.314719 0.509285
0.953803 0.542869
0.45587 0.648409
0.623579 0.919683
0.860079 0.882681
0.826555 0.36384
0.319769 0.00382449
0.989469 0.28326
0.672733 0.023778
0.0729117 0.799455
0.315309 0.220869
0.00847668 0.906302
0.182277 0.958918
0.207103 0.465565
0.539903 0.893904
0.102877 0.854622
0.403189 0.0566799
0.397491 0.859059
0.705089 0.0210695
0.778742 0.565167
0.90375 0.605296
0.929008 0.223519
0.609121 0.918477
0.506779 0.281854
0.942255 0.579691
0.0813088 0.257563
0.80056 0.0897854
0.163865 0.982837
0.0487036 0.370968
0.448401 0.588606
0.264872 0.551279
0.443228 0.668061
0.607959 0.840719
0.52712 0.313047
0.861788 0.305862
0.878215 0.765539
0.911158 0.807222
0.989058 0.520279
0.725699 0.495837
0.802133 0.667954
0.0755278 0.883442
0.925517 0.876087
0.973228 0.0893824
0.858924 0.0219312
0.460351 0.307325
0.610538 0.725223
0.858604 0.0537654
0.393284 0.466562
0.894484 0.920404
0.779609 0.756273
0.226266 0.657824
0.521811 0.137424
0.465046 0.510869
0.657704 0.190745
0.00670615 0.459837
0.858699 0.0822339
0.343279 0.784216
0.958321 0.316507
0.873598 0.817245
0.338438 0.333949
0.124571 0.948976
0.0591714 0.983174
0.00274109 0.452455
0.449737 0.897225
0.37286 0.229346
0.653498 0.599126
0.88717 0.175309
0.73655 0.352216
0.686178 0.394254
0.542961 0.692884
0.854091 0.40166
0.775118 0.19737
0.185875 0.73344
0.513877 0.0594735
0.550685 0.852315
0.393422 0.675255
0.801291 0.452593
0.65843 0.804032
0.905049 0.108166
0.701257 0.277909
0.337513 0.354755
0.877034 0.224683
0.530064 0.613585
0.576899 0.216242
0.00783867 0.119861
0.909127 0.86193
0.521521 0.684245
0.0593 0.707396
0.417685 0.573177
0.76687 0.96837
0.425492 0.160292
0.643625 0.226783
0.612885 0.302055
0.0308153 0.517934
0.410221 0.732073
0.795843 0.747734
0.0868278 0.672877
0.972417 0.616892
0.286462 0.549316
0.833135 0.294301
0.669177 0.742261
0.15623 0.190698
0.426506 0.21553
0.898094 0.844191
0.788707 0.664964
0.812561 0.2142
0.825256 0.456185
0.440983 0.438141
0.75824 0.471798
0.956075 0.168461
0.203871 0.751918
0.916195 0.290699
0.424795 0.888612
0.907591 0.711257
0.437928 0.740726
0.00555787 0.107105
0.482987 0.161788
0.297803 0.909493
0.377319 0.195897
0.753684 0.166026
0.860861 0.566245
0.380226 0.686116
0.0224305 0.821209
0.124257 0.780671
0.293008 0.0803323
0.949132 0.496879
0.83225 0.865327
0.787578 0.257045
0.753938 0.695169
0.968302 0.191866
0.435894 0.97386
0.298972 0.918881
0.135649 0.596775
0.828374 0.512967
0.792672 0.582059
0.678993 0.653533
0.148304 0.0592193
0.339649 0.170734
0.880428 0.463906
0.951405 0.173436
0.544239 0.900537
0.670315 0.376489
0.765863 0.457892
0.633534 0.519802
0.153061 0.601836
0.711668 0.588955
0.575697 0.0106398
0.507837 0.711345
0.607415 0.336211
0.224313 0.400086
0.91827 0.903306
0.053619 0.066574
0.962525 0.393268
0.237309 0.842954
0.857174 0.188714
0.0163895 0.401413
0.0892504 0.686704
0.777902 0.855114
0.144597 0.411436
0.374916 0.297658
0.0132723 0.0865837
0.886613 0.588969
0.0972236 0.39445
0.300314 0.704638
0.730661 0.524627
0.104724 0.648931
0.427933 0.158343
0.715505 0.390458
0.551612 0.952814
0.233412 0.408786
0.141528 0.249801
0.810199 0.230778
0.936505 0.588101
0.0858917 0.0811021
0.999537 0.460807
0.37876 0.012809
0.547391 0.265373
0.601778 0.644614
0.659824 0.902093
0.349253 0.390485
0.42672 0.453977
0.0394161 0.854652
0.61232 0.754922
0.24511 0.163932
0.707735 0.478522
0.572718 0.849263
0.728323 0.382917
0.0800409 0.664828
0.971018 0.165933
0.74593 0.970555
0.62674 0.124691
0.983364 0.174131
0.390064 0.585142
0.818745 0.0498876
0.487234 0.167998
0.440372 0.913954
0.621975 0.479789
0.768606 0.234295
0.23471 0.0137167
0.398227 0.942445
0.492239 0.970945
0.791708 0.220562
0.353863 0.871749
0.88539 0.324881
0.0376819 0.63132
0.295435 0.664422
0.756011 0.278799
0.838552 0.146075
0.863941 0.657298
0.195963 0.351176
0.825295 0.636335
0.26513 0.44727
0.116124 0.0337359
0.681565 0.350834
0.0474526 0.0797923
0.293279 0.539691
0.0507376 0.0849875
0.760253 0.4046
0.956737 0.645643
0.729481 0.994419
0.276963 0.0249162
0.65884 0.0329739
0.303716 0.497393
0.179049 0.167657
0.15469 0.375011
0.518832 0.979986
0.0113464 0.783962
0.427255 0.12747
0.817698 0.108821
0.478304 0.865151
0.188613 0.771583
0.404842 0.23935
0.85657 0.165094
0.64395 0.813307
0.810737 0.373431
0.807726 0.0876999
0.398347 0.466566
0.120674 0.702063
0.963959 0.299723
0.86972 0.118649
0.674734 0.388552
0.0986349 0.68608
0.172514 0.52589
0.81355 0.990212
0.634711 0.291854
0.855363 0.823324
0.0634366 0.260204
0.0626741 0.920007
0.425299 0.706625
0.733314 0.236036
0.0800558 0.541039
0.323736 0.478403
0.0076056 0.444409
0.180466 0.971565
0.744132 0.0501859
0.0902139 0.418866
0.438738 0.188849
0.104947 0.611252
0.714739 0.918497
0.601465 0.34945
0.210351 0.456827
0.172774 0.273787
0.717032 0.235448
0.193794 0.142331
0.942073 0.927108
0.378366 0.0221284
0.468147 0.702102
0.500532 0.475753
0.146511 0.680998
0.447317 0.890643
0.731184 0.537531
0.30951 0.169922
0.72638 0.414456
0.781174 0.441119
0.332953 0.382639
0.79057 0.543304
0.839466 0.963344
0.817091 0.556498
0.198792 0.0108854
0.698829 0.140864
0.937993 0.0771949
0.162993 0.40614
0.779297 0.663524
0.881893 0.925808
0.344522 0.329211
0.816452 0.0757058
0.866742 0.125961
0.245628 0.593122
0.540417 0.026802
0.0342416 0.87337
0.409441 0.824811
0.416674 0.248907
0.788155 0.233766
0.805405 0.986946
0.244651 0.504234
0.127811 0.182644
0.581429 0.290803
0.588784 0.360726
0.954328 0.470678
0.286534 0.29885
0.799888 0.102986
0.374556 0.66663
0.228947 0.620183
0.259753 0.769364
0.646985 0.293994
0.642735 0.0564261
0.118805 0.059409
0.305333 0.90696
0.293174 0.110739
0.893907 0.537825
0.614973 0.0217174
0.720469 0.196402
0.312521 0.309254
0.557128 0.266848
0.779932 0.843662
0.565698 0.57982
0.946648 0.940254
0.24645 0.175595
0.560437 0.506203
0.944959 0.207422
0.800197 0.587694
0.263848 0.919002
0.647103 0.569182
0.825963 0.940278
0.67992 0.719869
0.478103 0.294893
0.741587 0.198572
0.491296 0.0541075
0.507826 0.0484236
0.320956 0.287758
0.892086 0.886654
0.867578 0.838734
0.826908 0.114028
0.0143288 0.387344
0.620231 0.959288
0.594766 0.420428
0.546982 0.858614
0.33943 0.194086
0.427796 0.165393
0.134363 0.107716
0.885262 0.612466
0.40261 0.626849
0.811039 0.893905
0.680956 0.318865
0.942329 0.00191228
0.606623 0.834415
0.888566 0.4742
0.673149 0.715474
0.588228 0.687478
0.102818 0.208459
0.646766 0.697584
0.628887 0.193748
0.556199 0.968317
0.387834 0.983995
0.13371 0.522197
0.0917112 0.0189717
0.134663 0.494321
0.645821 0.945702
0.388227 0.326777
0.264566 0.330556
0.328689 0.871189
0.164971 0.217255
0.345389 0.838119
0.932729 0.933618
0.525597 0.0355474
0.142077 0.172363
0.733132 0.770964
0.366111 0.289331
0.739281 0.753945
0.273326 0.87299
0.276142 0.365037
0.891962 0.410805
0.859358 0.537782
0.356506 0.247585
0.864559 0.621073
0.57814 0.193248
0.492262 0.743111
0.410504 0.837651
0.58123 0.343233
0.771269 0.106827
0.378781 0.913346
0.27919 0.111913
0.684309 0.645301
0.401243 0.42359
0.399246 0.674569
0.29658 0.675387
0.0396057 0.188542
0.0861922 0.898964
0.726324 0.442698
0.146548 0.590883
0.0637711 0.724689
0.784132 0.556033
0.4678 0.194636
0.393684 0.0490301
0.537869 0.164952
0.155857 0.916649
0.078298 0.435047
0.0285619 0.762607
0.0803484 0.429805
0.186197 0.479594
0.104374 0.482777
0.154982 0.14398
0.671319 0.241174
0.0429434 0.397643
0.683872 0.189492
0.988526 0.747643
0.91418 0.772657
0.303676 0.38198
0.967293 0.69736
0.43101 0.505162
0.862312 0.586868
0.421811 0.94061
0.0219149 0.450373
0.703217 0.102263
0.880178 0.889414
0.581858 0.984552
0.372191 0.736839
0.128532 0.0435096
0.978013 0.171476
0.441152 0.661885
0.360967 0.429678
0.409528 0.275148
0.202335 0.713204
0.657128 0.169628
0.410564 0.0881379
0.67479 0.272876
0.675005 0.0966011
0.213486 0.69692
0.546974 0.916703
0.799184 0.427152
0.806117 0.381041
0.411705 0.178308
0.11788 0.540237
0.221818 0.0958932
0.711713 0.66297
0.757778 0.0726798
0.0926478 0.167307
0.347827 0.294983
0.880511 0.00495523
0.464611 0.291075
0.0930931 0.139401
0.563951 0.768099
0.236002 0.777437
0.465019 0.782977
0.69414 0.264203
0.210129 0.500258
0.645244 0.621834
0.678566 0.763124
0.162071 0.900384
0.859017 0.873783
0.563354 0.616796
0.946463 0.656002
0.784102 0.294291
0.950985 0.664613
0.299246 0.415596
0.955688 0.392339
0.554998 0.519639
0.160438 0.791
0.297077 0.625456
0.573977 0.991217
0.889659 0.784106
0.491475 0.534903
0.40594 0.170041
0.298027 0.568011
0.0704249 0.157044
0.441794 0.633779
0.77384 0.388257
0.289781 0.557942
0.682548 0.240766
0.222555 0.981794
0.656362 0.178244
0.374132 0.21136
0.697883 0.53457
0.00236029 0.99496
0.160026 0.576337
0.986177 0.0496854
0.360443 0.477651
0.584588 0.766383
0.647692 0.882615
0.334394 0.718117
0.0396595 0.776188
0.351896 0.813499
0.164445 0.641677
0.371441 0.846992
0.882443 0.593997
0.828786 0.538805
0.77224 0.202919
0.750165 0.470123
0.737489 0.752525
0.465083 0.897515
0.328863 0.451259
0.9472 0.689306
0.92891 0.531789
0.455689 0.576602
0.414404 0.790083
0.294719 0.454063
0.56627 0.646615
0.267563 0.730715
0.288292 0.639004
0.577708 0.170735
0.233001 0.406494
0.70954 0.00524053
0.609412 0.459705
0.475364 0.346901
0.212231 0.940446
0.244416 0.541093
0.391705 0.191616
0.230399 0.320615
0.723404 0.686088
0.897218 0.137808
0.476171 0.191937
0.591872 0.0424408
0.838553 0.859434
0.773156 0.126845
0.498438 0.350863
0.29758 0.731439
0.541765 0.428425
0.736679 0.366769
0.466825 0.212043
0.71367 0.679056
0.152489 0.958085
0.220149 0.544194
0.149701 0.450548
0.86481 0.873105
0.136636 0.762027
0.0109138 0.612807
0.953965 0.602786
0.655248 0.792517
0.46222 0.428404
0.919362 0.960658
0.779267 0.216942
0.692097 0.536624
0.224062 0.428777
0.903393 0.690887
0.64082 0.617063
0.369943 0.793309
0.575148 0.590092
0.337503 0.724849
0.0406401 0.202312
0.597954 0.177277
0.96434 0.608868
0.790083 0.918305
0.211654 0.445331
0.710822 0.673874
0.873735 0.630184
0.634532 0.653002
0.847126 0.326629
0.189626 0.0711873
0.755406 0.0930189
0.762074 0.396226
0.710082 0.132017
0.189534 0.285229
0.722108 0.527037
0.0100783 0.762749
0.72935 0.608033
0.940025 0.69369
0.216901 0.730109
0.611994 0.428554
0.17544 0.322816
0.102428 0.0491747
0.953 0.73696
0.702177 0.800126
0.0635889 0.891803
0.871313 0.818995
0.984821 0.633387
0.215221 0.694903
0.765403 0.404755
0.980133 0.487512
0.931792 0.990211
0.25026 0.661142
0.598244 0.190285
0.354832 0.815144
0.920394 0.966826
0.243699 0.0958338
0.289642 0.346126
0.145009 0.242642
0.0830861 0.847185
0.0427678 0.146675
0.738988 0.914081
0.96567 0.723809
0.547467 0.18089
0.418712 0.312871
0.585645 0.398845
0.800383 0.517438
0.389056 0.0506431
0.17858 0.987299
0.240929 0.533412
0.802444 0.161323
0.500238 0.0461423
0.257156 0.789881
0.392269 0.402165
0.0325231 0.475355
0.24935 0.0752909
0.62203 0.988338
0.989372 0.5877
0.712147 0.536839
0.76859 0.130859
0.84971 0.354236
0.529704 0.650093
0.871673 0.91876
0.700736 0.0502536
0.906059 0.941664
0.583666 0.708503
0.102987 0.0839042
0.754645 0.360143
0.873785 0.146914
0.762308 0.906308
0.622269 0.0116581
0.981599 0.244299
0.999996 0.970971
0.831998 0.712143
0.50781 0.600588
0.843002 0.357519
0.954824 0.372706
0.00761203 0.826497
0.291466 0.708348
0.876751 0.197525
0.650012 0.460416
0.906028 0.752999
0.544321 0.660674
0.113142 0.418106
0.807588 0.87545
0.324414 0.429856
0.887108 0.306013
0.674155 0.887104
0.276983 0.506153
0.599246 0.784793
0.106741 0.442248
0.142312 0.0615649
0.814954 0.149925
0.888062 0.10642
0.858272 0.764813
0.303945 0.508284
0.225229 0.209974
0.261283 0.76955
0.870647 0.374424
0.187655 0.678235
0.249874 0.512069
0.108092 0.136982
0.818082 0.782247
0.0240855 0.0950652
0.2884 0.623332
0.879858 0.395141
0.0655801 0.0221708
0.456706 0.880534
0.172095 0.344768
0.986955 0.0303675
0.10958 0.2909
0.538652 0.334809
0.500874 0.799934
0.104359 0.371521
0.174359 0.292014
0.0497564 0.424233
0.804083 0.157848
0.561215 0.622165
0.940095 0.5853
0.71723 0.228494
0.208632 0.597088
0.623635 0.274212
0.619259 0.0803411
0.154746 0.791354
0.425109 0.141701
0.821722 0.534689
0.432601 0.360373
0.869498 0.933474
0.160308 0.973857
0.304996 0.334666
0.265871 0.354752
0.758899 0.069954
0.5126 0.320114
0.692119 0.452695
0.905414 0.409348
0.681189 0.114046
0.00643661 0.304825
0.388258 0.625696
0.385166 0.543004
0.41705 0.810275
0.684705 0.238771
0.344964 0.117305
0.599145 0.214462
0.0507797 0.759452
0.188319 0.355775
0.0941184 0.454191
0.710528 0.853017
0.524145 0.223128
0.173131 0.216263
0.675823 0.0785447
0.625612 0.357012
0.19259 0.632048
0.661836 0.580848
0.257744 0.0470022
0.123852 0.674793
0.857277 0.808556
0.913565 0.202241
0.925861 0.51271
0.416703 0.976641
0.272162 0.605022
0.332416 0.36628
0.0592127 0.042944
0.219298 0.583357
0.266072 0.392429
0.79962 0.941894
0.470973 0.425232
0.298906 0.663564
0.0572801 0.960743
0.244411 0.315024
0.00774502 0.368263
0.989817 0.865022
0.176819 0.903382
0.0672623 0.10268
0.416092 0.483965
0.079321 0.688253
0.0889872 0.411737
0.0545337 0.1482
0.454681 0.273831
0.731557 0.720753
0.66626 0.531178
0.662648 0.137233
0.956409 0.961554
0.800797 0.0136896
0.922297 0.045208
0.328713 0.930042
0.413471 0.318531
0.795064 0.59029
0.221913 0.862326
0.69297 0.638005
0.346291 0.772291
0.326258 0.435278
0.184028 0.380792
0.583478 0.638709
0.654623 0.315035
0.359463 0.320883
0.846213 0.0221102
0.458116 0.802622
0.983664 0.258913
0.816312 0.905961
0.304121 0.145025
0.836003 0.717592
0.463556 0.631066
0.307881 0.685469
0.493392 0.000851124
0.323474 0.839683
0.773142 0.649732
0.274961 0.95717
0.0305237 0.85844
0.595879 0.685147
0.173475 0.955342
0.00602988 0.0196876
0.977452 0.464146
0.82231 0.961116
0.723059 0.638622
0.867077 0.0271801
0.783647 0.70308
0.744772 0.247203
0.334147 0.0526534
0.932672 0.827539
0.0535046 0.256146
0.667222 0.826646
0.905877 0.942184
0.783816 0.936401
0.800623 0.379695
0.621548 0.974098
0.335037 0.627578
0.993786 0.312489
0.091724 0.816096
0.273606 0.814783
0.454717 0.140683
0.841963 0.238364
0.843763 0.586735
0.485567 0.177909
0.639389 0.418239
0.00544829 0.692893
0.674385 0.672671
0.51954 0.580262
0.614854 0.303356
0.516664 0.415478
0.683051 0.138212
0.389576 0.0180885
0.765789 0.383362
0.330578 0.857513
0.199457 0.604183
0.672296 0.654175
0.744866 0.51426
0.892539 0.588629
0.100995 0.378106
0.766538 0.740384
0.796345 0.771987
0.433277 0.47073
0.444657 0.952816
0.0509928 0.0595116
0.256172 0.567656
0.474989 0.939223
0.705868 0.864565
0.957312 0.471657
0.247927 0.28789
0.329171 0.447384
0.892073 0.00146709
0.101559 0.636939
0.515727 0.994098
0.225568 0.616722
0.372204 0.992107
0.357105 0.168549
0.764093 0.790382
0.639279 0.208751
0.743198 0.690272
0.268262 0.99937
0.257929 0.743252
0.938594 0.963797
0.607817 0.895905
0.435454 0.855744
0.183795 0.764625
0.303128 0.0758681
0.766092 0.404687
0.712807 0.281819
0.398784 0.938376
0.89854 0.770988
0.930483 0.255645
0.939537 0.694576
0.0460274 0.578816
0.903327 0.789226
0.269089 0.171589
0.788596 0.527017
0.914841 0.72719
0.490814 0.522658
0.623095 0.926268
0.378401 0.80689
0.690893 0.681529
0.882758 0.456984
0.086216 0.595566
0.738803 0.485
0.533941 0.637343
0.255988 0.464424
0.892989 0.195525
0.159 0.939016
0.774341 0.0623268
0.728242 0.0434296
0.233916 0.516838
0.570447 0.148757
0.244027 0.0612608
0.671414 0.867122
0.987529 0.0498157
0.674012 0.678421
0.731345 0.55677
0.135406 0.817561
0.152335 0.874209
0.302561 0.686277
0.511552 0.558549
0.150701 0.40454
0.754074 0.309701
0.343556 0.528415
0.372028 0.0717979
0.571844 0.605944
0.588635 0.142291
0.7547 0.832663
0.203552 0.426115
0.699785 0.191081
0.47593 0.373797
0.869502 0.207275
0.930567 0.0049078
0.0248365 0.0829021
0.879116 0.327398
0.769179 0.390668
0.885947 0.91988
0.795209 0.640021
0.229581 0.138765
0.168436 0.601608
0.210563 0.74028
0.207552 0.799198
0.882571 0.962252
0.631861 0.0861233
0.388367 0.331645
0.277204 0.864297
0.705442 0.146706
0.0715722 0.636009
0.151614 0.0964086
0.718911 0.0307304
0.423806 0.48809
0.421399 0.309753
0.40797 0.216607
0.949774 0.63755
0.355372 0.118209
0.239158 0.565935
0.858489 0.44671
0.365133 0.741061
0.408962 0.996994
0.827184 0.797329
0.328639 0.104388
0.661625 0.0340813
0.251094 0.733198
0.67009 0.402708
0.829606 0.389001
0.433438 0.253413
0.877091 0.854837
0.563166 0.28506
0.0714441 0.512939
0.922611 0.426816
0.631149 0.161769
0.992751 0.489638
0.608479 0.357884
0.230699 0.0174415
0.354877 0.0578826
0.81477 0.683516
0.16227 0.476396
0.717598 0.413364
0.209593 0.387688
0.816072 0.0391996
0.776689 0.249511
0.292612 0.653779
0.104348 0.855778
0.93884 0.175792
0.368717 0.86145
0.602608 0.999866
0.0232194 0.595358
0.489504 0.631699
0.953242 0.720203
0.64914 0.308119
0.778085 0.46391
0.991635 0.940356
0.940306 0.709233
0.35372 0.149899
0.0969207 0.169793
0.189099 0.873609
0.419304 0.481711
0.527389 0.523651
0.337489 0.466228
0.699443 0.706206
0.327679 0.302051
0.706072 0.350898
0.897409 0.195577
0.982597 0.850651
0.915779 0.631737
0.15877 0.693865
0.0956471 0.150406
0.634221 0.035953
0.859639 0.987941
0.185852 0.95656
0.157734 0.374951
0.830169 0.577038
0.856662 0.357557
0.100689 0.194151
0.823786 0.800132
0.900357 0.151465
0.102183 0.60643
0.502363 0.999592
0.802006 0.484959
0.850243 0.717786
0.116696 0.00901374
0.41165 0.212343
0.15942 0.0458711
0.248296 0.0190584
0.0338123 0.434149
0.975618 0.191546
0.8091 0.805787
0.768584 0.665762
0.163344 0.869273
0.859913 0.98713
0.669405 0.76027
0.138595 0.771588
0.3667 0.640957
0.77118 0.168706
0.125917 0.621424
0.886491 0.242613
0.630437 0.298142
0.454956 0.789857
0.344013 0.703252
0.808915 0.377825
0.137401 0.784533
0.569372 0.9465
0.59032 0.337956
0.612262 0.753664
0.207229 0.472175
0.740794 0.876634
0.232445 0.879389
0.648222 0.599145
0.520346 0.419402
0.767851 0.646263
0.0408256 0.654342
0.888876 0.671263
0.952484 0.343832
0.46112 0.296497
0.0470838 0.270035
0.674322 0.184484
0.0545681 0.243694
0.130985 0.644888
0.58165 0.743247
0.398552 0.788879
0.215422 0.139347
0.665512 0.447867
0.018736 0.313734
0.0470124 0.539082
0.733136 0.814863
0.185345 0.773962
0.469206 0.074221
0.445225 0.42169
0.418053 0.906344
0.718187 0.465136
0.176379 0.39251
0.649621 0.230947
0.636204 0.780606
0.875836 0.217853
0.523853 0.274388
0.00673188 0.739275
0.413735 0.672244
0.187142 0.432471
0.985979 0.234154
0.971554 0.719115
0.0490176 0.156899
0.493077 0.518223
0.23112 0.938302
0.939913 0.649172
0.844646 0.6581
0.114309 0.0210254
0.05061 0.763929
0.251973 0.686814
0.544535 0.127809
0.904667 0.0683874
0.402197 0.911399
0.807662 0.815932
0.583643 0.994804
0.248403 0.569622
0.228958 0.219956
0.288737 0.277976
0.376855 0.781814
0.796199 0.607975
0.720115 0.736112
0.257147 0.564761
0.394213 0.371456
0.585787 0.444823
0.135385 0.83776
0.131636 0.67992
0.965568 0.0363034
0.748308 0.367765
0.947702 0.55597
0.183697 0.531345
0.550773 0.4321
0.100967 0.779731
0.652056 0.389704
0.0577071 0.0289112
0.171517 0.853906
0.636886 0.891632
0.590018 0.894034
0.456394 0.984231
0.265489 0.0421802
0.429054 0.400875
0.87994 0.560691
0.0807948 0.845508
0.596994 0.829102
0.213273 0.544696
0.385072 0.39697
0.0760415 0.935845
0.829069 0.177009
0.715577 0.481125
0.566712 0.773284
0.510036 0.738229
0.62719 0.146922
0.629862 0.217209
0.040956 0.0862554
0.20144 0.306445
0.128436 0.630494
0.70732 0.00837544
0.191185 0.788115
0.853883 0.788179
0.617217 0.0671563
0.332875 0.00228934
0.464126 0.408916
0.938135 0.293195
0.585925 0.653712
0.77432 0.152637
0.426995 0.284356
0.890866 0.0541855
0.431279 0.520728
0.271394 0.472235
0.606984 0.472834
0.77868 0.735419
0.103328 0.486
0.743795 0.294512
0.274115 0.597678
0.0826909 0.891333
0.664835 0.415566
0.893622 0.12896
0.824482 0.831757
0.422156 0.410407
0.485468 0.196476
0.563044 0.912464
0.480832 0.45391
0.966649 0.912111
0.974638 0.238043
0.384346 0.581622
0.710877 0.163026
0.317041 0.814205
0.649027 0.0608362
0.108717 0.923142
0.658514 0.191408
0.814475 0.323349
0.606974 0.708097
0.452309 0.431456
0.539853 0.874465
0.841862 0.0253218
0.0709407 0.404906
0.937785 0.551773
0.858816 0.904435
0.463884 0.833454
0.142478 0.84823
0.415076 0.853355
0.0112562 0.732117
0.66756 0.660283
0.792954 0.776277
0.583425 0.451468
0.967685 0.397899
0.774817 0.574659
0.105996 0.227126
0.00611438 0.64585
0.101591 0.847977
0.671171 0.172532
0.252882 0.608957
0.724305 0.111698
0.513392 0.188189
0.945152 0.655869
0.036419 0.360228
0.509224 0.0476752
0.0923453 0.176784
0.707958 0.885299
0.953061 0.291383
0.336767 0.920746
0.689282 0.111584
0.495405 0.795278
0.33871 0.501519
0.441128 0.440302
0.349496 0.112299
0.612834 0.602378
0.721256 0.337139
0.714076 0.234648
0.525328 0.659228
0.890517 0.561747
0.0194557 0.399742
0.609422 0.111801
0.576526 0.31738
0.9971 0.529587
0.608763 0.333867
0.450333 0.298045
0.445451 0.945738
0.0933235 0.784161
0.447258 0.534451
0.224463 0.796754
0.646751 0.837297
0.399132 0.368007
0.174436 0.113208
0.602655 0.699765
0.772436 0.493172
0.261512 0.791891
0.892914 0.870934
0.903692 0.46944
0.188315 0.900792
0.999027 0.797078
0.234659 0.449361
0.0951233 0.68011
0.395099 0.188447
0.464271 0.842357
0.722898 0.688735
0.639111 0.369649
0.526032 0.0382427
0.737656 0.700468
0.151451 0.340311
0.400233 0.923886
0.833483 0.661745
0.715778 0.726398
0.53268 0.61947
0.195838 0.720995
0.520263 0.194865
0.518073 0.754922
0.644225 0.613196
0.435032 0.0393244
0.801643 0.899303
0.881681 0.524541
0.588038 0.520792
0.89419 0.11407
0.559035 0.631846
0.814538 0.710485
0.972158 0.214771
0.634372 0.805641
0.876517 0.350149
0.532039 0.409196
0.96962 0.727876
0.130191 0.489882
0.922741 0.648263
0.244804 0.566966
0.261459 0.679836
0.606291 0.0631016
0.579139 0.487972
0.587643 0.167177
0.00876406 0.481833
0.281247 0.567799
0.113679 0.0957858
0.278284 0.0858366
0.310557 0.912656
0.891478 0.187074
0.262805 0.423516
0.59627 0.232425
0.151393 0.72646
0.722307 0.0741336
0.374724 0.967111
0.6411 0.636183
0.646947 0.247391
0.699284 0.226086
0.735363 0.286927
0.393263 0.744127
0.768759 0.674511
0.311926 0.882438
0.770297 0.59021
0.968275 0.0808539
0.502865 0.859753
0.267928 0.76567
0.283269 0.864197
0.998095 0.434662
0.590658 0.720402
0.508795 0.965381
0.687513 0.149895
0.601564 0.334459
0.397286 0.300848
0.560545 0.132649
0.587775 0.953809
0.876776 0.356534
0.62832 0.188702
0.238973 0.398616
0.778911 0.207248
0.47947 0.281777
0.0670005 0.747398
0.0474471 0.35027
0.611595 0.0455422
0.784931 0.202253
0.765944 0.293727
0.167635 0.453457
0.443622 0.769199
0.787916 0.840908
0.0700466 0.348461
0.973557 0.657821
0.30227 0.850333
0.0143557 0.930589
0.0390343 0.253328
0.329205 0.817945
0.460576 0.808676
0.0997221 0.527577
0.556073 0.147169
0.877846 0.167669
0.192711 0.662777
0.369922 0.958655
0.956504 0.537556
0.412112 0.400126
0.306755 0.200028
0.241034 0.376801
0.548489 0.214591
0.0346228 0.850758
0.0649234 0.0489785
0.781348 0.103958
0.302307 0.110553
0.921903 0.762883
0.919229 0.0216253
0.290459 0.475302
0.168794 0.168305
0.642971 0.361506
0.831083 0.0128923
0.320161 0.787587
0.550449 0.732273
0.187712 0.857203
0.932301 0.428746
0.234005 0.48079
0.643337 0.268627
0.331548 0.70826
0.317606 0.112896
0.812218 0.619913
0.223449 0.734121
0.382796 0.142677
0.755746 0.673255
0.617979 0.924541
0.84156 0.26095
0.286046 0.672643
0.273842 0.606207
0.46023 0.824291
0.338481 0.647942
0.681494 0.270781
0.0766881 0.915498
0.751571 0.720025
0.184126 0.0831191
0.428285 0.501732
0.196015 0.240502
0.121644 0.419463
0.974623 0.50444
0.56214 0.730369
0.177695 0.18012
0.65491 0.0192554
0.441069 0.940956
0.691899 0.714912
0.547164 0.152128
0.539202 0.885644
0.80007 0.220696
0.156426 0.876758
0.136195 0.907997
0.596783 0.32032
0.991116 0.0250679
0.822052 0.18713
0.26557 0.943697
0.606594 0.240194
0.448137 0.168734
0.970563 0.625832
0.348854 0.625473
0.645087 0.789923
0.566429 0.336986
0.504835 0.113593
0.489114 0.0440372
0.999237 0.289184
0.264733 0.155663
0.165943 0.400928
0.0636599 0.762726
0.721248 0.0547757
0.787794 0.5433
0.241906 0.053364
0.486997 0.8485
0.293558 0.935134
0.017234 0.264121
0.560965 0.366088
0.889594 0.206052
0.156011 0.456023
0.543038 0.660846
0.569616 0.0321517
0.704883 0.568854
0.321336 0.969617
0.724517 0.487279
0.370544 0.788177
0.250004 0.0917926
0.842952 0.0377981
0.635093 0.0848587
0.0911622 0.12209
0.933359 0.38472
0.0572236 0.950593
0.648841 0.618189
0.31668 0.538435
0.824241 0.472692
0.994458 0.367279
0.133538 0.564074
0.399431 0.838421
0.132928 0.720767
0.808037 0.857445
0.208045 0.178582
0.645622 0.45805
0.270374 0.488574
0.495848 0.905467
0.573433 0.58701
0.0275573 0.506791
0.97173 0.0847809
0.457384 0.620571
0.70297 0.774064
0.159005 0.527211
0.246756 0.153463
0.89449 0.380293
0.717537 0.293921
0.218714 0.850465
0.0146877 0.0267516
0.70791 0.222733
0.205333 0.353532
0.680783 0.475708
0.842106 0.176631
0.381175 0.415539
0.763641 0.408732
0.92233 0.735371
0.493513 0.379714
0.355942 0.196483
0.153778 0.514947
0.723694 0.400534
0.66841 0.618184
0.780828 0.385947
0.912105 0.999542
0.236412 0.926793
0.0262934 0.944322
0.149526 0.231627
0.297854 0.830309
0.707335 0.13996
0.00693999 0.0885097
0.555499 0.770581
0.497242 0.477829
0.505952 0.990756
0.857544 0.861894
0.187239 0.0113222
0.37684 0.910933
0.411856 0.04525
0.529117 0.192684
0.431197 0.441223
0.192226 0.667609
0.368016 0.218519
0.611931 0.517542
0.450146 0.909786
0.347851 0.157481
0.0497458 0.354791
0.24599 0.605245
0.125372 0.743233
0.0830744 0.631324
0.733988 0.940618
0.493217 0.921227
0.95194 0.870058
0.83216 0.363797
0.915308 0.361277
0.556481 0.346505
0.8025 0.748707
0.0141136 0.170516
0.967226 0.626045
0.688057 0.417372
0.535831 0.0359083
0.574853 0.585576
0.390699 0.820843
0.190821 0.516071
0.564076 0.273896
0.147395 0.298064
0.214514 0.640612
0.219291 0.166454
0.51067 0.0514507
0.530251 0.425978
0.412728 0.0867317
0.772482 0.215228
0.835438 0.786596
0.385744 0.802664
0.412641 0.0738013
0.220036 0.948471
0.10971 0.794889
0.534048 0.500409
0.615732 0.724869
0.0164799 0.179808
0.998765 0.163875
0.477871 0.213278
0.804487 0.697162
0.379733 0.315157
0.748613 0.909984
0.741134 0.161341
0.996715 0.513617
0.376569 0.832154
0.300212 0.762313
0.634818 0.712853
0.836114 0.854855
0.661324 0.945824
0.649744 0.195372
0.446233 0.265476
0.920241 0.462713
0.445284 0.919006
0.626587 0.923155
0.132284 0.431075
0.620317 0.512017
0.746231 0.36893
0.422 0.487366
0.530271 0.418715
0.000982555 0.90684
0.250869 0.301195
0.669153 0.885687
0.014048 0.505267
0.740542 0.675372
0.451091 0.390285
0.870744 0.897324
0.655761 0.790985
0.360036 0.101045
0.709991 0.986624
0.0242002 0.842275
0.417698 0.644518
0.354292 0.16393
0.0134478 0.776292
0.651296 0.543719
0.195007 0.652278
0.450559 0.445876
0.953473 0.119712
0.331563 0.967521
0.624979 0.0721049
0.642893 0.07607
0.46239 0.513638
0.973394 0.118151
0.304623 0.33343
0.219196 0.014614
0.320053 0.243397
0.856889 0.737752
0.887914 0.211181
0.901681 0.901362
0.987472 0.552977
0.445081 0.18248
0.205255 0.89564
0.628356 0.158728
0.0153518 0.959919
0.126249 0.640331
0.0320241 0.769142
0.716401 0.494414
0.28278 0.689795
0.612566 0.587403
0.0232243 0.831762
0.602017 0.343278
0.0751584 0.458906
0.0810294 0.963073
0.670087 0.982711
0.864434 0.657559
0.535687 0.309515
0.840039 0.740942
0.205155 0.468395
0.89967 0.220507
0.428314 0.0259191
0.860838 0.460338
0.795061 0.577239
0.954752 0.0778416
0.267033 0.567318
0.665245 0.290257
0.39908 0.267262
0.633535 0.474238
0.726168 0.714565
0.437311 0.396255
0.697275 0.301745
0.0538144 0.232963
0.61126 0.893853
0.973905 0.816415
0.362248 0.873575
0.0369224 0.790562
0.899494 0.89776
0.2509 0.694555
0.474999 0.205652
0.772397 0.742032
0.77297 0.437642
0.0322894 0.17205
0.704904 0.665825
0.646288 0.431072
0.380389 0.0835985
0.827327 0.0776645
0.385344 0.881142
0.310627 0.996604
0.774995 0.284532
0.813019 0.137243
0.158107 0.849942
0.927805 0.0576005
0.747702 0.178705
0.752156 0.222701
0.384358 0.524553
0.964733 0.157328
0.962194 0.997022
0.329378 0.667098
0.662847 0.975666
0.0981706 0.043236
0.0592644 0.925498
0.1209 0.444608
0.80664 0.431527
0.441212 0.581635
0.716059 0.254231
0.718878 0.874166
0.104173 0.646683
0.931766 0.851875
0.825389 0.683922
0.0745755 0.209746
0.208475 0.039308
0.367074 0.170669
0.03633 0.696452
0.837768 0.699177
0.672118 0.935938
0.742413 0.731383
0.861436 0.863313
0.175991 0.668076
0.294841 0.617202
0.249712 0.0108997
0.871434 0.96859
0.885066 0.975607
0.615273 0.816832
0.827482 0.440662
0.500754 0.902057
0.650408 0.709229
0.941365 0.0174829
0.879898 0.977695
0.713935 0.717666
0.676872 0.386053
0.653604 0.419284
0.117436 0.515041
0.282597 0.293427
0.183117 0.577438
0.910629 0.432829
0.588338 0.782063
0.401419 0.473403
0.591073 0.343923
0.290235 0.585151
0.457354 0.790989
0.487208 0.107763
0.500218 0.428573
0.125246 0.380116
0.406268 0.839181
0.0977821 0.0831399
0.225234 0.751387
0.502424 0.34267
0.266427 0.785021
0.636097 0.449545
0.362459 0.546726
0.882374 0.950797
0.328789 0.283793
0.4242 0.0864584
0.300485 0.714435
0.67161 0.757839
0.505424 0.158818
0.865601 0.00564154
0.587391 0.990847
0.385758 0.993659
0.830027 0.48354
0.0767989 0.0552618
0.234926 0.579223
0.397932 0.501354
0.364244 0.0340292
0.950898 0.726704
0.580755 0.833272
0.677501 0.909544
0.117065 0.1017
0.996003 0.417549
0.816135 0.667612
0.175388 0.321559
0.82643 0.0409891
0.327201 0.413821
0.0318358 0.712958
0.40748 0.861863
0.196498 0.484279
0.917125 0.431424
0.0635017 0.315057
0.932778 0.427746
0.349086 0.883676
0.15445 0.929842
0.716948 0.83195
0.839386 0.834013
0.933651 0.835389
0.251562 0.749786
0.503001 0.42695
0.0713451 0.329431
0.467939 0.398546
0.743251 0.499775
0.111504 0.150731
0.361638 0.308002
0.63501 0.278763
0.739426 0.698511
0.593821 0.672204
0.126257 0.942907
0.55588 0.280707
0.877502 0.25477
0.112658 0.712135
0.106842 0.0463083
0.547523 0.358404
0.796094 0.0505239
0.785354 0.867439
0.379954 0.253293
0.265985 0.123206
0.753069 0.377489
0.273937 0.114707
0.685491 0.908946
0.39347 0.424917
0.607458 0.987291
0.0971204 0.733715
0.930198 0.653
0.0144225 0.802947
0.925829 0.12708
0.515081 0.0326703
0.173388 0.0626046
0.391074 0.969483
0.113128 0.176428
0.836922 0.493083
0.429722 0.102907
0.616289 0.18279
0.480396 0.890225
0.297497 0.165887
0.799172 0.690968
0.590803 0.40663
0.678259 0.687924
0.140345 0.608457
0.340924 0.154768
0.411404 0.266753
0.281848 0.926485
0.299423 0.455236
0.98909 0.690497
0.424719 0.102218
0.866925 0.26164
0.595301 0.296647
0.364548 0.21159
0.479437 0.844943
0.101815 0.776935
0.0108301 0.900987
0.467902 0.601633
0.307617 0.146161
0.289557 0.447962
0.754618 0.630481
0.60273 0.166022
0.897234 0.884577
0.092507 0.196657
0.339813 0.0815969
0.887154 0.764532
0.183815 0.754079
0.0261722 0.779117
0.0507264 0.39072
0.990707 0.530164
0.235663 0.092522
0.307099 0.246493
0.993509 0.775001
0.848127 0.301127
0.921162 0.137683
0.749089 0.67578
0.768164 0.351818
0.841802 0.665398
0.236396 0.934309
0.862055 0.576209
0.0159056 0.749208
0.340741 0.199721
0.503288 0.366913
0.978837 0.554014
0.757633 0.969544
0.0841779 0.993296
0.062066 0.391277
0.239789 0.0555753
0.166277 0.0879157
0.356702 0.0874394
0.225599 0.105791
0.763219 0.993764
0.457609 0.605021
0.659162 0.694005
0.53933 0.521216
0.270214 0.555235
0.270424 0.610955
0.754956 0.773712
0.977867 0.733793
0.327726 0.7355
0.703337 0.411904
0.728796 0.765403
0.803181 0.968585
0.820979 0.969458
0.0565009 0.177681
0.0568974 0.2821
0.283471 0.820117
0.275864 0.74108
0.425138 0.935025
0.435085 0.964467
0.456241 0.705299
0.519703 0.726666
0.316253 0.274659
0.500378 0.294121
0.00845221 0.828104
0.0296208 0.71179
0.240008 0.758417
0.477193 0.0431887
0.727002 0.298172
0.0126468 0.783503
0.475852 0.0695442
0.0656032 0.759323
0.889661 0.341467
0.500404 0.314799
0.276492 0.935488
0.279266 0.732733
0.640787 0.798969
0.459399 0.95704
0.0736276 0.959777
0.251161 0.0820799
0.787881 0.280782
0.793869 0.027889
0.0391985 0.271062
0.0710778 0.766201
0.569234 0.0837245
0.549704 0.0450865
0.153269 0.615307
0.80441 0.0429297
0.956774 0.304814
0.357728 0.233266
0.240302 0.636995
0.965999 0.881089
0.435963 0.425398
0.838129 0.509591
0.385175 0.08929
0.591671 0.173056
0.370072 0.38554
0.200945 0.40927
0.656603 0.272022
0.175471 0.225837
0.355747 0.725174
0.270924 0.509016
0.340481 0.0753335
0.551945 0.297255
0.380147 0.909674
0.530521 0.620449
0.546668 0.496519
0.501538 0.982632
0.921917 0.339667
0.492223 0.307092
0.428957 0.0838937
0.480148 0.799029
0.469434 0.681093
0.208299 0.126037
0.953115 0.38377
0.351874 0.308862
0.108944 0.622798
0.817878 0.449425
0.698131 0.369823
0.74668 0.0782782
0.279497 0.277201
0.698727 0.826165
0.77372 0.200265
0.808797 0.695638
0.539933 0.30102
0.00272992 0.96889
0.384913 0.482878
0.767919 0.854348
0.16397 0.976218
0.980385 0.117085
0.359988 0.332259
0.425947 0.468932
0.955056 0.243825
0.918357 0.653187
0.613648 0.665037
0.731466 0.893145
0.942238 0.430193
0.71931 0.715959
0.630458 0.528107
0.411596 0.170391
0.829127 0.414326
0.139281 0.21404
0.897204 0.907199
0.0683876 0.0611744
0.883417 0.0487722
0.17826 0.243405
0.381031 0.604207
0.712336 0.336087
0.848032 0.630694
0.989274 0.46168
0.295731 0.72074
0.354825 0.237969
0.150933 0.0741354
0.953928 0.781391
0.602242 0.365525
0.951782 0.431369
0.779851 0.0910629
0.645409 0.677055
0.998262 0.713797
0.73823 0.88168
0.762569 0.916489
0.125084 0.1436
0.520696 0.837421
0.479687 0.368728
0.468115 0.468961
0.830409 0.763846
0.189701 0.185234
0.00181494 0.340635
0.259369 0.955743
0.122026 0.861612
0.321268 0.0738081
0.292981 0.101119
0.164871 0.93839
0.778174 0.163134
0.652187 0.516403
0.0448132 0.414756
0.432893 0.169898
0.558355 0.953589
0.00731863 0.0380423
0.322317 0.475433
0.507004 0.152726
0.239279 0.696705
0.33796 0.241094
0.0373395 0.597329
0.196837 0.159365
0.458941 0.518104
0.233174 0.751921
0.619223 0.398045
0.690311 0.397397
0.561178 0.342498
0.9138 0.605991
0.757254 0.346693
0.775889 0.315609
0.300282 0.783208
0.353651 0.622599
0.258641 0.860655
0.775325 0.49792
0.55736 0.113285
0.739013 0.594699
0.710614 0.93585
0.754065 0.169554
0.453954 0.987238
0.921476 0.0731771
0.385283 0.611787
0.470574 0.946461
0.954285 0.384374
0.552452 0.711539
0.731066 0.328341
0.027148 0.031348
0.111549 0.380799
0.653947 0.37019
0.241454 0.429272
0.868109 0.798814
0.542556 0.607123
0.393514 0.25317
0.542972 0.147578
0.422725 0.996927
0.134817 0.344201
0.0701039 0.5201
0.955988 0.540678
0.466561 0.910273
0.925051 0.0190132
0.621812 0.656118
0.347355 0.64896
0.687466 0.458904
0.029759 0.341413
0.829094 0.271213
0.770684 0.697203
0.0700273 0.313241
0.304325 0.463541
0.566411 0.847298
0.611119 0.989136
0.844225 0.745936
0.333336 0.914329
0.266036 0.289324
0.455006 0.732596
0.199597 0.380058
0.751609 0.821409
0.0361756 0.0989641
0.470368 0.723641
0.557868 0.500127
0.0650541 0.386961
0.771341 0.835739
0.0841641 0.841368
0.148979 0.38849
0.304909 0.715391
0.235788 0.916028
0.704526 0.0800123
0.661964 0.0378627
0.994341 0.927999
0.327187 0.449347
0.660596 0.526784
0.829405 0.412205
0.348193 0.86558
0.511169 0.818561
0.589222 0.0690371
0.318688 0.654276
0.455998 0.0900292
0.490014 0.540162
0.931397 0.638994
0.928652 0.236306
0.354384 0.16444
0.152334 0.0589107
0.244452 0.814298
0.0967734 0.238793
0.742297 0.42396
0.68814 0.402893
0.950744 0.517545
0.815099 0.298937
0.383125 0.326268
0.117498 0.972347
0.395305 0.436186
0.626622 0.851303
0.526215 0.116637
0.391466 0.457612
0.755631 0.320118
0.693918 0.110015
0.484557 0.846253
0.168926 0.729009
0.660551 0.265699
0.967802 0.402848
0.689659 0.655942
0.805741 0.640403
0.173486 0.62084
0.93934 0.556611
0.947108 0.0568373
0.528958 0.342413
0.493023 0.15558
0.193716 0.0192385
0.272217 0.585182
0.476851 0.0278478
0.9053 0.170769
0.137863 0.389857
0.017022 0.306788
0.118866 0.677573
0.572487 0.0866685
0.0804208 0.262147
0.74261 0.886162
0.90255 0.916097
0.507002 0.84189
0.472708 0.45411
0.898727 0.00166609
0.796523 0.391751
0.157246 0.990239
0.410989 0.429464
0.57542 0.88784
0.457311 0.48072
0.0586094 0.595174
0.870577 0.0756314
0.901963 0.989443
0.753204 0.47445
0.076112 0.833625
0.736597 0.818722
0.719787 0.639147
0.734819 0.226789
0.481037 0.207528
0.680899 0.379764
0.209194 0.477422
0.771514 0.36644
0.46766 0.182503
0.795904 0.0430808
0.0703434 0.253215
0.523801 0.128953
0.848389 0.394378
0.204584 0.750352
0.383821 0.957788
0.224802 0.459933
0.791413 0.961399
0.278656 0.5112
0.600546 0.0134752
0.737989 0.0815822
0.221003 0.418888
0.461346 0.430196
0.89631 0.23286
0.796636 0.36397
0.415364 0.59254
0.407051 0.485707
0.845755 0.930852
0.61466 0.694144
0.32523 0.819244
0.444496 0.709051
0.777032 0.669298
0.168985 0.568445
0.630697 0.44764
0.0796453 0.231242
0.461116 0.817635
0.312825 0.682118
0.236523 0.774171
0.112315 0.132833
0.00703092 0.908951
0.496803 0.422395
0.501491 0.903855
0.908102 0.347247
0.834707 0.522762
0.0413911 0.159937
0.342006 0.485887
0.868988 0.119038
0.155186 0.0379727
0.687483 0.785882
0.485613 0.767128
0.0171248 0.946729
0.584763 0.329949
0.628847 0.821286
0.10412 0.741162
0.954119 0.111151
0.650113 0.450922
0.533545 0.151605
0.354777 0.441647
0.498851 0.189484
0.964409 0.540242
0.34942 0.306415
0.0261297 0.218408
0.425452 0.181315
0.256381 0.112935
0.967198 0.741994
0.880063 0.984322
0.688723 0.464826
0.314272 0.317571
0.286112 0.418392
0.0587326 0.24023
0.529542 0.708846
0.691152 0.0630879
0.86045 0.0459292
0.504735 0.359301
0.235413 0.469144
0.899544 0.584833
0.775559 0.925673
0.803242 0.201011
0.106989 0.059623
0.313946 0.0741863
0.801617 0.194009
0.0585088 0.490341
0.658835 0.372781
0.807911 0.944947
0.791172 0.866644
0.185177 0.320715
0.57549 0.87633
0.383802 0.43594
0.922259 0.888538
0.795241 0.157672
0.357682 0.694785
0.742505 0.13324
0.620458 0.545747
0.334251 0.727447
0.60537 0.648197
0.801633 0.406987
0.842207 0.860142
0.897328 0.501042
0.232923 0.705239
0.445989 0.0240949
0.571883 0.631167
0.344809 0.147373
0.507497 0.728612
0.583313 0.429756
0.61715 0.378554
0.587428 0.974831
0.0733392 0.329933
0.108072 0.693798
0.87568 0.442323
0.421245 0.481049
0.0905204 0.222878
0.888037 0.932727
0.0830203 0.785365
0.433769 0.315943
0.490604 0.879758
0.340038 0.0624871
0.510925 0.684847
0.20986 0.0184215
0.413459 0.793173
0.448177 0.0306091
0.171727 0.0356046
0.00544047 0.245066
0.365537 0.113512
0.938863 0.241217
0.555835 0.360108
0.722266 0.646356
0.582986 0.610303
0.579083 0.666007
0.395668 0.0128519
0.98195 0.886272
0.89261 0.321988
0.948759 0.403535
0.00683497 0.158619
0.421957 0.420294
0.951791 0.870134
0.450903 0.123518
0.905738 0.456344
0.368584 0.271276
0.569856 0.307447
0.512493 0.125692
0.667556 0.234759
0.772047 0.250542
0.845062 0.35113
0.916549 0.24073
0.363982 0.898498
0.127002 0.256592
0.220486 0.0757607
0.660127 0.227321
0.23438 0.0820838
0.647615 0.186171
0.952218 0.0985185
0.309689 0.857956
0.554862 0.678273
0.129231 0.124719
0.985721 0.641724
0.25041 0.653276
0.876483 0.0224573
0.903818 0.721545
0.373587 0.820367
0.962275 0.737569
0.718865 0.0892764
0.994161 0.939351
0.165037 0.654289
0.166671 0.399417
0.736373 0.814286
0.585588 0.68859
0.912805 0.895277
0.546546 0.467667
0.57355 0.675777
0.592386 0.559271
0.317501 0.842796
0.212547 0.193984
0.865253 0.116365
0.915529 0.238841
0.936732 0.877803
0.97641 0.655597
0.96708 0.970571
0.594948 0.132117
0.62486 0.761619
0.531533 0.361233
0.575905 0.117121
0.0498227 0.48871
0.0123983 0.596368
0.956377 0.585949
0.272146 0.548763
0.14522 0.589647
0.391559 0.357767
0.78363 0.256812
0.474132 0.699159
0.495653 0.410864
0.576962 0.472063
0.0664609 0.544042
0.442634 0.661408
0.676158 0.067494
0.423027 0.207692
0.428727 0.998932
0.324813 0.478549
0.487642 0.337211
0.0749178 0.44402
0.92316 0.347063
0.992783 0.0683794
0.93671 0.384342
0.426146 0.720341
0.641154 0.900278
0.4195 0.136807
0.311142 0.996462
0.608869 0.377603
0.540504 0.0515033
0.0390112 0.216662
0.118997 0.462038
0.424354 0.547724
0.460971 0.749167
0.0262732 0.948613
0.0863781 0.101191
0.392633 0.00953802
0.448254 0.385416
0.0779174 0.384965
0.769758 0.504063
0.105305 0.410912
0.404342 0.524805
0.547719 0.715483
0.521267 0.156588
0.0930863 0.0617705
0.208091 0.132098
0.278433 0.327089
0.594136 0.702786
0.874813 0.0551067
0.451953 0.901086
0.00371998 0.538331
0.00227678 0.396353
0.547869 0.450531
0.781769 0.625787
0.835496 0.551527
0.12985 0.940801
0.962439 0.534192
0.465606 0.510158
0.249675 0.986873
0.666746 0.342762
0.048643 0.874837
0.474859 0.327076
0.201926 0.0689952
0.029862 0.0767382
0.124102 0.481815
0.977824 0.127822
0.0201468 0.980101
0.524175 0.568016
0.430632 0.305944
0.193803 0.266128
0.857471 0.323654
0.206929 0.81991
0.857845 0.672534
0.330068 0.107521
0.659407 0.996814
0.450283 0.70805
0.871651 0.925142
0.0351256 0.0735762
0.994137 0.0649876
0.150314 0.118239
0.546803 0.128138
0.246061 0.56695
0.108239 0.770236
0.134966 0.538871
0.0761798 0.328769
0.804999 0.933651
0.652423 0.0119276
0.753561 0.510268
0.684462 0.0836289
0.617789 0.343869
0.0804424 0.0680717
0.051919 0.952093
0.993214 0.0870446
0.0256692 0.987351
0.152032 0.175984
0.10559 0.698835
0.304122 0.35165
0.265785 0.412361
0.121886 0.400751
0.951232 0.198066
0.72952 0.756231
0.131717 0.381943
0.768159 0.885278
0.892211 0.452621
0.968907 0.51
0.79649 0.0493493
0.578072 0.848409
0.00144222 0.571286
0.935453 0.0271114
0.558636 0.0874856
0.203095 0.664226
0.786321 0.507217
0.0158763 0.0521054
0.919578 0.137762
0.452856 0.87081
0.335828 0.182376
0.627042 0.467545
0.564319 0.3952
0.352823 0.45653
0.847821 0.32173
0.96653 0.644311
0.37108 0.544602
0.49272 0.372522
0.115888 0.428174
0.399633 0.674524
0.515659 0.602728
0.33875 0.30198
0.109945 0.354626
0.354085 0.0295232
0.492389 0.806941
0.900334 0.828217
0.989318 0.527375
0.295763 0.553637
0.922576 0.648586
0.0101667 0.770397
0.970316 0.976697
0.414708 0.341396
0.521299 0.907428
0.713918 0.637187
0.335602 0.113551
0.311711 0.851261
0.716279 0.650461
0.15324 0.826224
0.00508744 0.507326
0.855747 0.497476
0.314267 0.756081
0.325693 0.303585
0.283456 0.621456
0.857221 0.206032
0.270042 0.867388
0.976429 0.240358
0.844085 0.391137
0.581754 0.365385
0.298565 0.295672
0.00257177 0.634167
0.409223 0.314283
0.485427 0.125502
0.964744 0.638668
0.951726 0.969832
0.145993 0.807474
0.467308 0.460261
0.563555 0.793001
0.763845 0.847011
0.414457 0.621067
0.0530429 0.684498
0.488455 0.0294717
0.924857 0.33254
0.420609 0.506611
0.697924 0.719173
0.802282 0.700496
0.35334 0.211505
0.0147793 0.838767
0.337007 0.979524
0.477435 0.288734
0.949355 0.623428
0.0962074 0.416663
0.083689 0.659762
0.209664 0.847534
0.506773 0.624121
0.468601 0.559816
0.30862 0.957056
0.589288 0.233476
0.289596 0.00989619
0.740087 0.98752
0.72907 0.542369
0.688016 0.0824096
0.753874 0.702796
0.921177 0.0908816
0.682319 0.398612
0.379615 0.631675
0.0220402 0.475823
0.048338 0.105729
0.135585 0.258002
0.953263 0.642358
0.882124 0.421864
0.202174 0.190743
0.37892 0.791462
0.424219 0.668516
0.801358 0.164306
0.656036 0.530427
0.706675 0.344052
0.612837 0.460549
0.0468473 0.534014
0.551431 0.729167
0.932626 0.931046
0.360841 0.954666
0.406869 0.409179
0.0603952 0.542454
0.667182 0.0136586
0.184812 0.549305
0.435523 0.386986
0.740048 0.814443
0.178447 0.164268
0.482958 0.979805
0.328574 0.138994
0.510233 0.0352487
0.483046 0.12307
0.495798 0.529893
0.657084 0.0472293
0.25906 0.589709
0.978276 0.619901
0.544375 0.385145
0.02908 0.60477
0.927598 0.696262
0.618429 0.11241
0.245567 0.053952
0.499396 0.985615
0.868395 0.677843
0.149883 0.351353
0.657648 0.478457
0.490347 0.16788
0.513705 0.973393
0.29095 0.00950354
0.503286 0.948034
0.0567328 0.762346
0.537743 0.0350084
0.382247 0.0821183
0.420153 0.411327
0.686889 0.347751
0.107589 0.305318
0.460161 0.353155
0.35927 0.959557
0.338771 0.227665
0.6374 0.488654
0.579018 0.295048
0.96711 0.0693658
0.462928 0.480816
0.0427591 0.753878
0.490319 0.546045
0.701912 0.547052
0.308391 0.239655
0.582061 0.690638
0.321773 0.00221352
0.101965 0.00866209
0.349965 0.209554
0.31398 0.810126
0.562709 0.67325
0.769683 0.90148
0.900915 0.407082
0.390134 0.479933
0.70213 0.357244
0.549299 0.165058
0.83806 0.592058
0.918936 0.328379
0.138104 0.620848
0.875431 0.446495
0.860503 0.457492
0.137133 0.182276
0.459705 0.239099
0.190938 0.80967
0.448652 0.504918
0.619796 0.0113612
0.178168 0.389479
0.912841 0.0790835
0.796562 0.302975
0.559017 0.498692
0.660219 0.108316
0.66375 0.498279
0.700374 0.582686
0.826658 0.838478
0.203534 0.70209
0.284973 0.0640374
0.159582 0.422107
0.246314 0.619287
0.661205 0.437252
0.428957 0.109857
0.942171 0.0487536
0.121219 0.120339
0.438233 0.0340598
0.199423 0.234794
0.337035 0.758439
0.733486 0.997254
0.866755 0.397236
0.495533 0.56713
0.979922 0.322191
0.405608 0.183456
0.0242803 0.690581
0.247493 0.183862
0.112688 0.493807
0.803149 0.773893
0.931059 0.232106
0.88375 0.87323
0.28086 0.00496912
0.993569 0.719093
0.0390289 0.192991
0.953887 0.376064
0.951431 0.687373
0.373317 0.818186
0.0846088 0.86885
0.385316 0.0645307
0.19104 0.790923
0.247987 0.215321
0.481504 0.49548
0.399182 0.594192
0.989287 0.202331
0.368085 0.920347
0.434438 0.251836
0.793577 0.715297
0.256805 0.787146
0.43439 0.295834
0.980137 0.388277
0.671897 0.931568
0.0756501 0.0452143
0.749754 0.160259
0.914064 0.13507
0.224789 0.105104
0.925993 0.472776
0.320425 0.407498
0.968257 0.719607
0.00168974 0.957544
0.921939 0.369775
0.877891 0.356376
0.62161 0.671467
0.0716738 0.878415
0.458613 0.506064
0.174249 0.43875
0.894341 0.846146
0.370318 0.969991
0.89136 0.120072
0.13025 0.805424
0.255142 0.355039
0.910529 0.181135
0.827816 0.230954
0.588633 0.796072
0.950561 0.590323
0.753616 0.8725
0.960097 0.631507
0.228876 0.581708
0.302974 0.30055
0.460123 0.761588
0.806614 0.634372
0.200338 0.700955
0.480518 0.570656
0.670946 0.371878
0.690728 0.801195
0.177302 0.94587
0.156235 0.0878308
0.127005 0.98405
0.318784 0.715638
0.780122 0.269345
0.30596 0.533739
0.141845 0.266058
0.165246 0.370721
0.847766 0.46822
0.671271 0.307889
0.229808 0.477885
0.94226 0.430145
0.17884 0.422778
0.000800913 0.849785
0.794656 0.691529
0.650981 0.971958
0.637399 0.807215
0.0597886 0.764403
0.791266 0.378573
0.480041 0.571388
0.647919 0.786002
0.105127 0.789764
0.0520593 0.270372
0.160485 0.899825
0.738592 0.831757
0.207713 0.9684
0.309642 0.149974
0.398545 0.488481
0.572752 0.399346
0.338267 0.367407
0.0908746 0.989247
0.339365 0.728273
0.796463 0.399154
0.492677 0.587728
0.777727 0.972718
0.159116 0.425645
0.758719 0.264243
0.215409 0.810779
0.534615 0.375894
0.710604 0.273207
0.207651 0.918317
0.241607 0.517293
0.0682907 0.640152
0.00577387 0.641042
0.0394979 0.344041
0.00844948 0.130372
0.333288 0.347815
0.858646 0.129751
0.746968 0.351322
0.717479 0.524695
0.32404 0.876596
0.950341 0.0827594
0.140839 0.16575
0.893538 0.675454
0.541644 0.604142
0.948661 0.749295
0.522459 0.190269
0.266588 0.590749
0.830421 0.272361
0.231792 0.869919
0.616402 0.240241
0.000291001 0.94969
0.588056 0.858937
0.0794406 0.335024
0.210259 0.79692
0.859719 0.534299
0.673515 0.81006
0.617058 0.814354
0.97581 0.510596
0.489808 0.517454
0.114738 0.43847
0.266749 0.637196
0.628738 0.533336
0.227946 0.459159
0.805698 0.459737
0.329077 0.4221
0.699978 0.329368
0.37179 0.288034
0.188305 0.45123
0.623058 0.398564
0.24815 0.482777
0.932862 0.921666
0.292837 0.54992
0.73602 0.268647
0.0605164 0.225828
0.786101 0.175254
0.664297 0.0528495
0.812451 0.293035
0.586186 0.0403965
0.752194 0.391884
0.500134 0.0812717
0.813984 0.200112
0.41064 0.185774
0.488146 0.598945
0.637004 0.111204
0.997509 0.885154
0.593982 0.930371
0.80682 0.886819
0.480291 0.542839
0.155466 0.540808
0.768667 0.941566
0.716062 0.432964
0.994416 0.528513
0.726 0.580602
0.568909 0.478194
0.972486 0.0690429
0.559466 0.78647
0.269155 0.970106
0.972243 0.757301
0.569051 0.609247
0.868506 0.56656
0.494401 0.462487
0.496931 0.301221
0.349306 0.977222
0.84406 0.504772
0.51803 0.612727
0.446338 0.234092
0.0456911 0.440754
0.762605 0.771691
0.0213565 0.331514
0.249885 0.993842
0.400557 0.80935
0.780312 0.669712
0.779456 0.752555
0.427013 0.348507
0.361802 0.295519
0.915067 0.856203
0.758006 0.411997
0.157424 0.107312
0.389219 0.00148364
0.612084 0.907249
0.614211 0.0584226
0.141341 0.659902
0.499177 0.903945
0.431592 0.520534
0.235459 0.681477
0.514376 0.636016
0.490827 0.294688
0.305727 0.270283
0.0472426 0.732741
0.61879 0.409045
0.0282592 0.533857
0.265248 0.786265
0.945854 0.422671
0.893577 0.335074
0.424155 0.505661
0.242323 0.0383654
0.564084 0.383664
0.698267 0.063261
0.287609 0.129859
0.583794 0.523068
0.811336 0.0981703
0.159084 0.302164
0.392858 0.464811
0.572447 0.440101
0.197552 0.191238
0.849145 0.225811
0.725095 0.114393
0.0120762 0.670949
0.537064 0.905653
0.00602268 0.961219
0.411315 0.248345
0.999584 0.975399
0.632009 0.697851
0.0386597 0.919618
0.827711 0.622454
0.442686 0.639047
0.720624 0.60177
0.941211 0.113482
0.0665813 0.513658
0.553583 0.264133
0.704896 0.402728
0.489944 0.42999
0.517121 0.50202
0.10094 0.0541845
0.407674 0.106962
0.0154033 0.818989
0.355308 0.0149876
0.794387 0.987316
0.712839 0.833047
0.906934 0.54055
0.455501 0.349621
0.179597 0.176126
0.951391 0.120808
0.289608 0.0179719
0.634466 0.843191
0.282105 0.339361
0.245919 0.772049
0.769352 0.763039
0.27407 0.870291
0.817224 0.681743
0.977254 0.832627
0.500732 0.332561
0.847615 0.295119
0.319878 0.560454
0.128166 0.226812
0.101003 0.583667
0.576433 0.2806
0.759793 0.527823
0.401408 0.0494007
0.545795 0.0358736
0.892591 0.8279
0.375235 0.13851
0.599949 0.144587
0.901549 0.874019
0.0148784 0.718773
0.555763 0.992132
0.5514 0.0564946
0.324693 0.399014
0.351614 0.644571
0.959468 0.47978
0.871383 0.0604709
0.0634476 0.447816
0.341071 0.82324
0.975639 0.742479
0.872641 0.521434
0.778352 0.765233
0.349334 0.153587
0.903743 0.949283
0.298174 0.805292
0.823302 0.313053
0.524064 0.379065
0.305185 0.0754638
0.43556 0.629878
0.474478 0.787173
0.274449 0.433946
0.266954 0.145832
0.494416 0.330401
0.593647 0.835487
0.153642 0.569286
0.577966 0.0262829
0.0907202 0.356319
0.791515 0.440054
0.509906 0.695258
0.389338 0.80808
0.50055 0.21264
0.121133 0.0246139
0.591705 0.426318
0.100078 0.0272647
0.0561965 0.574556
0.814438 0.330645
0.00850114 0.0813918
0.476477 0.502918
0.411793 0.0701248
0.338405 0.565435
0.639411 0.916371
0.591718 0.730131
0.27269 0.383233
0.170186 0.782596
0.0784911 0.559523
0.590676 0.579041
0.772163 0.711809
0.603655 0.363869
0.138128 0.703732
0.391133 0.194324
0.278288 0.205571
0.52497 0.286789
0.286963 0.00144699
0.789707 0.698756
0.0715718 0.128112
0.264191 0.710983
0.0444826 0.855909
0.441114 0.317172
0.239142 0.6113
0.0997677 0.317633
0.170823 0.690444
0.896674 0.942986
0.402253 0.500328
0.306855 0.540381
0.204061 0.697988
0.734705 0.482349
0.90356 0.259675
0.769138 0.190523
0.261122 0.558845
0.88928 0.332693
0.686956 0.153471
0.0436764 0.731439
0.00937943 0.484791
0.0486112 0.248521
0.0960905 0.148379
0.566154 0.266914
0.838823 0.462828
0.2099 0.241076
0.963157 0.516755
0.781457 0.167217
0.214744 0.516162
0.649566 0.118303
0.775836 0.418705
0.308827 0.0369578
0.97755 0.198106
0.369651 0.664506
0.351577 0.413328
0.395945 0.360956
0.898118 0.444556
0.609478 0.994209
0.592935 0.175632
0.261122 0.431758
0.63846 0.471022
0.672834 0.601617
0.987777 0.45429
0.768834 0.202521
0.970452 0.418401
0.320824 0.746288
0.837105 0.629651
0.783246 0.814655
0.827757 0.152897
0.479161 0.179334
0.566225 0.875106
0.54029 0.464343
0.319662 0.149768
0.458552 0.912597
0.3254 0.719674
0.344355 0.96386
0.190696 0.0171886
0.565476 0.178474
0.471479 0.33431
0.380995 0.44193
0.752711 0.701819
0.188218 0.589816
0.33147 0.971464
0.404471 0.159228
0.124361 0.883631
0.338562 0.690585
0.758737 0.878852
0.154928 0.078399
0.02862 0.61348
0.990996 0.35402
0.333154 0.335351
0.31788 0.523851
0.35254 0.883356
0.702325 0.824018
0.217667 0.0833197
0.265949 0.970378
0.785139 0.454167
0.560194 0.116609
0.425631 0.964664
0.275837 0.549992
0.848296 0.614398
0.240577 0.607033
0.49325 0.395505
0.685432 0.52187
0.00898546 0.676428
0.87589 0.34214
0.0117792 0.19377
0.86599 0.364319
0.0771261 0.568315
0.188337 0.294793
0.651635 0.454286
0.26517 0.436774
0.908453 0.825364
0.553383 0.334084
0.790028 0.82922
0.884075 0.638324
0.443618 0.124652
0.245357 0.936869
0.520158 0.930789
0.458739 0.529143
0.607217 0.334629
0.871283 0.618996
0.528399 0.737273
0.983315 0.605525
0.305588 0.171652
0.900318 0.957223
0.625938 0.165488
0.393997 0.534391
0.990852 0.94738
0.868475 0.78088
0.7766 0.752551
0.419204 0.220218
0.877203 0.664561
0.157087 0.39736
0.59535 0.615826
0.926504 0.202566
0.950455 0.797786
0.821562 0.478855
0.53506 0.804877
0.0843802 0.840648
0.976529 0.984698
0.797871 0.602468
0.150187 0.191868
0.136859 0.141039
0.139248 0.00533454
0.921919 0.915848
0.757885 0.341123
0.136066 0.635088
0.00568416 0.293153
0.0324485 0.601034
0.908979 0.958952
0.8036 0.859435
0.756738 0.625162
0.338289 0.291798
0.430039 0.42267
0.132446 0.406568
0.407368 0.930317
0.00903611 0.557555
0.122185 0.145895
0.698593 0.261433
0.15123 0.620512
0.177281 0.909115
0.961636 0.313347
0.544203 0.96732
0.6065 0.576652
0.568353 0.515479
0.535604 0.371953
0.374914 0.292342
0.997115 0.713203
0.58414 0.427154
0.135872 0.716586
0.833723 0.54324
0.646903 0.842759
0.100795 0.769088
0.988654 0.799388
0.0305206 0.139884
0.419901 0.207801
0.0489991 0.381536
0.521148 0.593202
0.348856 0.127648
0.169854 0.91721
0.643127 0.705457
0.289163 0.0180408
0.9978 0.286278
0.731244 0.58194
0.713433 0.867116
0.298526 0.547155
0.410356 0.945429
0.389914 0.511151
0.714516 0.378568
0.310539 0.745037
0.518452 0.73044
0.952838 0.567451
0.111976 0.473986
0.160654 0.460832
0.601634 0.330507
0.378042 0.244762
0.0359649 0.667205
0.262802 0.0337645
0.953483 0.994046
0.615704 0.666916
0.861162 0.91423
0.214071 0.271519
0.859659 0.603985
0.78267 0.574175
0.982553 0.0932095
0.319212 0.501006
0.82365 0.27205
0.068457 0.935626
0.746037 0.229111
0.396458 0.347671
0.559618 0.7745
0.592433 0.595583
0.441705 0.855235
0.629347 0.395188
0.849281 0.245051
0.0621037 0.710443
0.159281 0.276175
0.981962 0.0189401
0.88016 0.764632
0.593115 0.862713
0.857841 0.912327
0.363719 0.681491
0.184378 0.432176
0.617117 0.930414
0.661286 0.013575
0.278085 0.220904
0.788075 0.870518
0.816487 0.22978
0.725753 0.445834
0.624968 0.575034
0.690885 0.687072
0.285477 0.850167
0.963247 0.267439
0.869107 0.843406
0.0320704 0.462222
0.706119 0.889912
0.374549 0.069838
0.571403 0.558927
0.502014 0.188519
0.489341 0.1633
0.202094 0.767426
0.384204 0.99017
0.637944 0.20069
0.21995 0.363697
0.646524 0.844918
0.93873 0.33741
0.53199 0.224207
0.187577 0.495236
0.491645 0.0566836
0.338642 0.523716
0.518906 0.0447619
0.413627 0.893455
0.1146 0.98503
0.452382 0.616614
0.17355 0.941723
0.779913 0.375644
0.70915 0.164117
0.365814 0.347094
0.364807 0.585763
0.71079 0.0113317
0.430681 0.649521
0.348741 0.962671
0.873727 0.536318
0.457907 0.365373
0.593002 0.796549
0.889089 0.111907
0.841311 0.302716
0.00536268 0.955911
0.287746 0.457745
0.572524 0.461296
0.399468 0.352438
0.83694 0.108618
0.516555 0.202753
0.455711 0.881362
0.788516 0.166502
0.892694 0.219197
0.816022 0.241435
0.181868 0.68975
0.777753 0.639775
0.0551226 0.370755
0.436324 0.944211
0.482662 0.277635
0.246927 0.488025
0.233546 0.534674
0.94577 0.80607
0.995969 0.345238
0.158508 0.832909
0.453856 0.675063
0.0356622 0.909567
0.556425 0.824179
0.0760692 0.449118
0.043376 0.892092
0.690554 0.225244
0.581841 0.468307
0.865019 0.636964
0.839062 0.301342
0.581175 0.321724
0.578977 0.828103
0.809749 0.812523
0.362776 0.755519
0.618593 0.358745
0.100757 0.777101
0.191654 0.554613
0.452164 0.227316
0.46418 0.0085881
0.0514951 0.54025
0.457706 0.0948711
0.432341 0.14826
0.320115 0.0141823
0.616567 0.185134
0.651146 0.455629
0.486476 0.232321
0.777353 0.0654535
0.060424 0.587102
0.877976 0.4232
0.342621 0.49657
0.781945 0.443378
0.273671 0.9736
0.997991 0.725834
0.200916 0.462171
0.734422 0.252411
0.0024206 0.192129
0.347282 0.434762
0.340389 0.667398
0.448944 0.956955
0.852531 0.10009
0.412584 0.339008
0.332412 0.189937
0.404461 0.392836
0.777038 0.282437
0.816036 0.119659
0.779007 0.597981
0.563037 0.0526777
0.571581 0.561027
0.778512 0.772497
0.0231983 0.512934
0.0249083 0.0256189
0.705063 0.372191
0.460381 0.0454517
0.0395884 0.909325
0.00240718 0.89212
0.00941478 0.414991
0.231127 0.341826
0.604928 0.635588
0.734662 0.381966
0.918026 0.550698
0.501625 0.697033
0.148679 0.0646613
0.74971 0.72026
0.625689 0.528222
0.492757 0.648887
0.0411567 0.517665
0.674506 0.74622
0.889856 0.134886
0.791671 0.929445
0.0442108 0.794079
0.821564 0.0536256
0.20907 0.0526914
0.395452 0.813997
0.68828 0.130114
0.195963 0.606305
0.680812 0.697588
0.303338 0.829491
0.76225 0.0530485
0.549751 0.387938
0.581271 0.0425083
0.036825 0.622428
0.560174 0.711331
0.368647 0.45003
0.846217 0.160319
0.379474 0.890428
0.954397 0.201038
0.944053 0.163467
0.25373 0.339505
0.977464 0.94201
0.46962 0.173428
0.548315 0.150432
0.871016 0.851653
0.979923 0.633266
0.904701 0.529674
0.0212038 0.485972
0.572183 0.0580289
0.1084 0.132356
0.76936 0.477047
0.582386 0.615577
0.637365 0.96186
0.506004 0.591763
0.162899 0.450058
0.755229 0.416629
0.789563 0.732694
0.358638 0.259183
0.906122 0.906953
0.409615 0.777138
0.758606 0.389538
0.410403 0.663307
0.919212 0.431607
0.149279 0.491395
0.489636 0.257679
0.623751 0.258996
0.734725 0.206137
0.874572 0.372091
0.167997 0.380577
0.963853 0.330896
0.830635 0.719083
0.747525 0.620198
0.451777 0.106163
0.879381 0.357898
0.0131155 0.288995
0.135036 0.771721
0.678533 0.54544
0.435028 0.597745
0.977047 0.584307
0.0891401 0.466683
0.841985 0.712891
0.725679 0.576711
0.919028 0.600251
0.948802 0.0870254
0.980828 0.912655
0.417921 0.811463
0.631738 0.165446
0.43166 0.0835149
0.271609 0.311041
0.441413 0.284724
0.600036 0.57645
0.0564452 0.27857
0.121889 0.491473
0.876315 0.0989361
0.0757801 0.965455
0.565619 0.917766
0.678346 0.291298
0.494477 0.597374
0.891549 0.443278
0.6844 0.872377
0.355933 0.102321
0.68384 0.987672
0.267767 0.1155
0.0711864 0.539375
0.426541 0.5126
0.824099 0.0265779
0.0890493 0.880545
0.305148 0.210938
0.372018 0.181463
0.309875 0.447798
0.146918 0.875494
0.365564 0.825264
0.166792 0.86004
0.422638 0.0583412
0.303318 0.107038
0.930718 0.659252
0.209359 0.614558
0.646923 0.477126
0.730059 0.71811
0.0165017 0.1566
0.230709 0.840601
0.183178 0.319759
0.721146 0.488326
0.530697 0.0931638
0.669788 0.840572
0.540962 0.816706
0.716066 0.906525
0.64197 0.882857
0.766565 0.0646081
0.941199 0.0698837
0.171646 0.871917
0.729135 0.381006
0.486475 0.376059
0.858132 0.216534
0.0941685 0.874634
0.373134 0.324878
0.715235 0.556313
0.644637 0.436381
0.0446381 0.175334
0.529544 0.714426
0.0159054 0.0705062
0.531132 0.731971
0.977032 0.173102
0.614828 0.743597
0.23771 0.556027
0.813481 0.409356
0.427944 0.542616
0.790362 0.914419
0.918675 0.648494
0.130954 0.0128433
0.523127 0.504088
0.337721 0.238362
0.0604006 0.982358
0.674743 0.105039
0.157691 0.204287
0.819465 0.173597
0.274793 0.350597
0.905568 0.251825
0.523698 0.520396
0.995422 0.761408
0.0764227 0.808902
0.170764 0.504367
0.351519 0.961126
0.418786 0.270193
0.60962 0.54974
0.283037 0.132747
0.0538277 0.620758
0.371109 0.114228
0.603116 0.0458518
0.219267 0.760807
0.250139 0.0387318
0.934404 0.524932
0.389329 0.839971
0.776757 0.913027
0.360367 0.772179
0.674435 0.43679
0.581082 0.8452
0.941157 0.9326
0.806326 0.359943
0.202794 0.415945
0.909682 0.48583
0.548692 0.96351
0.106588 0.919801
0.0777382 0.709704
0.965653 0.297005
0.470511 0.215792
0.335737 0.404915
0.740724 0.725066
0.244886 0.517482
0.638093 0.605254
0.289661 0.312528
0.0420436 0.870742
0.157727 0.9832
0.803343 0.964053
0.343143 0.00613614
0.379998 0.252825
0.491966 0.928691
0.216335 0.598555
0.848492 0.294073
0.308259 0.814145
0.591078 0.77877
0.0299371 0.926815
0.183685 0.770661
0.651881 0.428571
0.288143 0.289973
0.0338244 0.577804
0.602501 0.075868
0.448547 0.760228
0.0590682 0.251889
0.724281 0.402211
0.258025 0.10428
0.655036 0.749992
0.0329705 0.871371
0.348547 0.881462
0.165444 0.656805
0.695608 0.756522
0.435575 0.725545
0.683337 0.619259
0.496206 0.335218
0.0478303 0.784349
0.625191 0.0816546
0.362153 0.227692
0.157523 0.8107
0.987921 0.216591
0.0625893 0.712202
0.618802 0.320615
0.816482 0.273838
0.0706065 0.849453
0.145209 0.419153
0.730915 0.310653
0.0759583 0.426523
0.0671749 0.511533
0.152067 0.750512
0.130793 0.648273
0.0857305 0.178623
0.432623 0.710922
0.260278 0.794776
0.938614 0.4178
0.605476 0.926535
0.634391 0.668066
0.638737 0.253193
0.98868 0.45522
0.52703 0.0592867
0.304672 0.672239
0.47844 0.0355874
0.982892 0.554398
0.46211 0.0500667
0.0659312 0.614177
0.800579 0.196724
0.262451 0.88631
0.375347 0.695073
