0.655208 0.530657
0.306485 0.205633
0.150513 0.0952552
0.822733 0.33908
0.0351014 0.260697
0.37241 0.122202
0.440959 0.594414
0.781891 0.149622
0.415961 0.404185
0.789021 0.0389771
0.375141 0.132952
0.785451 0.673889
0.936702 0.618952
0.178231 0.249037
0.490484 0.68272
0.153619 0.145692
0.213377 0.460104
0.351325 0.36389
0.555359 0.174059
0.70297 0.590461
0.434754 0.0753801
0.712663 0.875713
0.669794 0.494554
0.0253348 0.0857549
0.898739 0.814356
0.124732 0.27388
0.947307 0.910183
0.947769 0.884009
0.529135 0.126
0.133046 0.0196193
0.80872 0.286665
0.165312 0.0220974
0.746769 0.516637
0.385988 0.302129
0.690696 0.0889576
0.89259 0.12545
0.164338 0.605253
0.00116288 0.834131
0.0998071 0.0264977
0.919886 0.998546
0.840853 0.0446185
0.272426 0.788161
0.954802 0.220196
0.67217 0.483937
0.346196 0.805216
0.503556 0.154917
0.091881 0.668868
0.177014 0.83865
0.185504 0.563002
0.140779 0.8762
0.651959 0.0333691
0.00165019 0.816297
0.638622 0.00281307
0.650428 0.738429
0.0293108 0.570315
0.736976 0.870164
0.614933 0.00940185
0.658325 0.569735
0.229597 0.330495
0.0536716 0.575793
0.135711 0.557227
0.73071 0.227592
0.226095 0.907724
0.0662419 0.411599
0.470726 0.207021
0.2878 0.122685
0.24039 0.28945
0.938981 0.879012
0.292263 0.58941
0.617442 0.321574
0.159725 0.354417
0.191738 0.774658
0.363819 0.850063
0.344393 0.593417
0.180557 0.398064
0.16921 0.316268
0.955292 0.89992
0.54386 0.181387
0.807644 0.610102
0.592986 0.27837
0.817123 0.880786
0.401054 0.0575126
0.170236 0.340036
0.936525 0.462499
0.929445 0.553967
0.784073 0.0891701
0.908384 0.97581
0.863828 0.272203
0.825873 0.208221
0.86562 0.0064304
0.606285 0.0348295
0.322698 0.561577
0.93475 0.866558
0.742964 0.742394
0.476659 0.33595
0.0207631 0.293782
0.216736 0.421817
0.351295 0.386972
0.761853 0.28782
0.849471 0.691298
0.841786 0.633544
0.780469 0.75017
0.609354 0.644296
0.0223731 0.435227
0.852517 0.887993
0.441658 0.458802
0.922822 0.764356
0.0203792 0.857572
0.630914 0.763343
0.599965 0.107573
0.0992933 0.620728
0.401355 0.31603
0.0425457 0.75265
0.703002 0.804399
0.0404695 0.552473
0.495697 0.882256
0.186017 0.276166
0.632426 0.795371
0.920462 0.654799
0.230598 0.772979
0.542792 0.672256
0.231782 0.465614
0.436612 0.252161
0.323186 0.0675258
0.015504 0.923151
0.175099 0.114797
0.543879 0.576454
0.430827 0.586425
0.329104 0.133829
0.390824 0.369574
0.686302 0.886521
0.25183 0.872318
0.162686 0.884255
0.667689 0.0831485
0.539054 0.898287
0.856128 0.0818458
0.570543 0.0879095
0.54746 0.00715494
0.34007 0.870645
0.0746807 0.355574
0.793796 0.24978
0.470372 0.337675
0.826234 0.901198
0.9241 0.155339
0.0350273 0.314924
0.524913 0.721329
0.201444 0.776742
0.593647 0.364131
0.660997 0.261337
0.447279 0.200052
0.159624 0.303407
0.281897 0.730167
0.391317 0.829357
0.737322 0.731387
0.700002 0.812003
0.0869613 0.493798
0.0617825 0.557333
0.831473 0.888017
0.458531 0.755573
0.0433555 0.493559
0.0704971 0.568268
0.214888 0.271942
0.34501 0.808535
0.636072 0.00600739
0.0698715 0.0833518
0.206059 0.229495
0.386759 0.487956
0.959662 0.778076
0.317314 0.696984
0.509463 0.0173157
0.508987 0.596424
0.511114 0.570769
0.153757 0.342587
0.458786 0.612288
0.0981605 0.502142
0.105847 0.168658
0.0704097 0.320735
0.440599 0.41542
0.12927 0.0766718
0.421427 0.199141
0.160024 0.627486
0.428636 0.546783
0.115443 0.388299
0.324859 0.432756
0.0852829 0.834321
0.450072 0.59427
0.430746 0.961186
0.165039 0.584503
0.303773 0.623825
0.196791 0.401933
0.125967 0.302638
0.570591 0.196377
0.623372 0.0111902
0.611797 0.752642
0.0878619 0.0332236
0.951783 0.247886
0.66071 0.380419
0.794668 0.776152
0.768718 0.119527
0.208908 0.854001
0.953848 0.65898
0.448271 0.384594
0.620166 0.61331
0.969096 0.923939
0.237135 0.165887
0.325872 0.363102
0.468525 0.896463
0.559479 0.0918973
0.907653 0.171276
0.844539 0.995515
0.204499 0.796322
0.2434 0.865209
0.176741 0.0380687
0.641362 0.945459
0.157596 0.85027
0.79946 0.111444
0.50925 0.247731
0.496037 0.129416
0.861041 0.465134
0.0533545 0.098176
0.631021 0.379226
0.461279 0.0995458
0.275689 0.0207579
0.191443 0.183342
0.192034 0.0359824
0.178857 0.396533
0.832305 0.422257
0.261742 0.00904586
0.460326 0.903104
0.954505 0.617921
0.753374 0.753965
0.729365 0.262624
0.00161148 0.224563
0.39204 0.862737
0.690536 0.445395
0.960913 0.321557
0.824621 0.422191
0.421103 0.10031
0.442949 0.612546
0.283652 0.634983
0.648528 0.462509
0.031516 0.480833
0.884766 0.293258
0.489879 0.345091
0.196362 0.444384
0.963013 0.949736
0.198349 0.692378
0.21236 0.200045
0.91778 0.604401
0.0627816 0.608316
0.0497954 0.0236943
0.929873 0.874416
0.445886 0.350976
0.974726 0.888835
0.963522 0.258378
0.523818 0.61205
0.720887 0.555334
0.0928832 0.605653
0.848592 0.582762
0.950744 0.0449544
0.0271458 0.913756
0.994691 0.225495
0.606134 0.207051
0.42554 0.523914
0.811452 0.488321
0.13223 0.861247
0.512016 0.0621031
0.735664 0.957901
0.413079 0.71039
0.846736 0.376601
0.968768 0.370554
0.988651 0.689655
0.925887 0.0815347
0.295308 0.774479
0.664297 0.246052
0.819434 0.691442
0.159808 0.814125
0.916937 0.765942
0.0211759 0.342477
0.289856 0.832628
0.830798 0.422086
0.693875 0.342814
0.484189 0.429539
0.300715 0.897268
0.139929 0.147451
0.273869 0.108697
0.518005 0.262521
0.798353 0.443892
0.344055 0.0936607
0.218372 0.00835198
0.339712 0.0378056
0.699794 0.49952
0.85193 0.616732
0.265462 0.873106
0.959208 0.555318
0.705734 0.790007
0.977404 0.399609
0.132821 0.461593
0.829148 0.433536
0.358861 0.969077
0.580987 0.63273
0.0777745 0.0989922
0.89525 0.876127
0.542885 0.239306
0.969788 0.761257
0.247658 0.3095
0.799062 0.947452
0.809021 0.650992
0.564184 0.0744833
0.524099 0.523392
0.629801 0.229833
0.313399 0.607205
0.629442 0.446219
0.0687979 0.45859
0.879755 0.427658
0.427667 0.460742
0.0603883 0.505441
0.559735 0.955639
0.381569 0.102619
0.194944 0.351357
0.863876 0.442602
0.660857 0.662938
0.390054 0.469878
0.313931 0.954238
0.544361 0.838029
0.47763 0.174163
0.0678617 0.791029
0.781368 0.697303
0.237248 0.850166
0.155893 0.117003
0.277824 0.58356
0.577746 0.338213
0.0890013 0.13748
0.293851 0.470569
0.2401 0.488796
0.821926 0.103976
0.931398 0.482783
0.766914 0.321452
0.952661 0.0808446
0.27569 0.497022
0.918874 0.75332
0.671185 0.986735
0.544348 0.452553
0.684039 0.781596
0.302719 0.839932
0.898599 0.580543
0.423492 0.476345
0.918756 0.512493
0.613825 0.212607
0.983062 0.853925
0.701403 0.804988
0.957901 0.6328
0.287771 0.724815
0.954252 0.240432
0.805659 0.229942
0.737454 0.724533
0.983262 0.408639
0.711268 0.52761
0.861192 0.395307
0.309207 0.163911
0.235239 0.207806
0.744454 0.658731
0.684151 0.663209
0.171224 0.297976
0.875816 0.154286
0.151901 0.577219
0.959274 0.109801
0.210019 0.247045
0.834616 0.164272
0.487477 0.640275
0.394214 0.224931
0.364808 0.377476
0.63357 0.0760769
0.905086 0.494762
0.471384 0.214292
0.658673 0.706623
0.422098 0.403127
0.365354 0.106249
0.0663363 0.536578
0.404225 0.942153
0.690863 0.556126
0.519372 0.650137
0.665927 0.729391
0.897182 0.500543
0.893662 0.384659
0.140819 0.287876
0.609589 0.505627
0.665352 0.24316
0.581704 0.570437
0.737922 0.053088
0.78473 0.396595
0.759711 0.206828
0.799722 0.125066
0.313077 0.866058
0.661644 0.717302
0.808211 0.352507
0.273428 0.327582
0.00264408 0.939355
0.0569729 0.899826
0.439898 0.950635
0.284484 0.580717
0.238511 0.894074
0.0863439 0.903863
0.137234 0.668048
0.4743 0.875155
0.721136 0.25903
0.27175 0.480847
0.465858 0.0714719
0.605913 0.778936
0.93753 0.267557
0.496238 0.74574
0.620064 0.769666
0.0733225 0.622708
0.709021 0.130295
0.522533 0.148919
0.0809305 0.807018
0.729636 0.319442
0.701092 0.81598
0.223304 0.838325
0.484028 0.697605
0.713481 0.205164
0.956635 0.985231
0.686011 0.422493
0.0567027 0.291924
0.201429 0.994233
0.55948 0.697667
0.739973 0.179544
0.467333 0.813295
0.802252 0.176354
0.943591 0.324785
0.325273 0.0245213
0.131803 0.0549092
0.343963 0.832895
0.87089 0.567267
0.67122 0.354918
0.264872 0.384701
0.560081 0.221507
0.369931 0.246092
0.644 0.426634
0.538016 0.845429
0.420867 0.0974968
0.543096 0.160839
0.277041 0.0104282
0.974135 0.0792926
0.186782 0.917726
0.404078 0.512055
0.942247 0.535881
0.566964 0.28621
0.368776 0.437853
0.853477 0.0399955
0.792771 0.118349
0.424696 0.352852
0.339856 0.794627
0.598945 0.983856
0.221261 0.136961
0.829285 0.642128
0.234458 0.372381
0.802967 0.511499
0.382809 0.777102
0.590791 0.569591
0.694828 0.994869
0.0816455 0.637074
0.53075 0.648609
0.923284 0.899526
0.0864628 0.776761
0.939521 0.879234
0.895111 0.364217
0.232086 0.234967
0.158844 0.831031
0.218823 0.380106
0.967992 0.0481083
0.0223529 0.202089
0.420489 0.8252
0.713949 0.803298
0.602302 0.30474
0.372889 0.29713
0.29961 0.454535
0.934205 0.83036
0.103144 0.857489
0.729885 0.189607
0.63425 0.669406
0.0688408 0.529361
0.0336231 0.300927
0.764328 0.192467
0.131958 0.983151
0.572573 0.0999504
0.0312593 0.594806
0.302401 0.451748
0.420007 0.0163497
0.255047 0.0223091
0.32109 0.627936
0.319439 0.6207
0.0824708 0.253644
0.45106 0.185615
0.111133 0.180945
0.375222 0.745383
0.850351 0.444063
0.274744 0.883974
0.74499 0.0390714
0.0764413 0.876948
0.0222224 0.649014
0.976898 0.0534816
0.24382 0.279299
0.50523 0.663827
0.295649 0.760277
0.686136 0.616739
0.388213 0.00557534
0.237439 0.470684
0.259219 0.688498
0.656299 0.370352
0.869443 0.0315207
0.115734 0.719794
0.475583 0.390478
0.603768 0.220573
0.429549 0.680209
0.0975212 0.451772
0.329223 0.0744196
0.505253 0.573044
0.353718 0.0104834
0.236871 0.649367
0.77076 0.923007
0.266106 0.158973
0.928582 0.503544
0.629657 0.187801
0.192043 0.285956
0.558153 0.0614854
0.317477 0.673887
0.781279 0.79306
0.0643647 0.385047
0.0136332 0.493914
0.0652558 0.111154
0.945686 0.394479
0.185574 0.450939
0.967523 0.539292
0.461422 0.204393
0.18866 0.232183
0.1274 0.454765
0.391156 0.0559819
0.95831 0.020813
0.243783 0.150352
0.306769 0.801936
0.211838 0.624245
0.475823 0.993117
0.417305 0.540187
0.378164 0.430939
0.0341013 0.443419
0.542093 0.979787
0.837898 0.727667
0.430726 0.805421
0.266959 0.892148
0.00981423 0.455619
0.124331 0.137214
0.910384 0.515487
0.193196 0.868694
0.5363 0.436979
0.0190468 0.843069
0.238915 0.230885
0.467314 0.714737
0.224002 0.88462
0.254924 0.602165
0.315558 0.289026
0.0455847 0.857651
0.268813 0.883483
0.585318 0.699539
0.688904 0.852278
0.591687 0.698718
0.307897 0.716018
0.835933 0.218281
0.231505 0.0291286
0.0869754 0.767805
0.466108 0.106022
0.610873 0.705022
0.336907 0.0781876
0.419759 0.560908
0.962807 0.674684
0.163074 0.278365
0.96371 0.208658
0.136017 0.232522
0.0921416 0.721335
0.932061 0.781046
0.573612 0.523748
0.479764 0.881509
0.239766 0.315697
0.0997901 0.47127
0.344825 0.186765
0.239075 0.810933
0.292788 0.849948
0.515955 0.629694
0.928136 0.935715
0.190603 0.890943
0.610399 0.353677
0.169309 0.574108
0.562335 0.305325
0.806631 0.654476
0.0266599 0.738692
0.435522 0.600272
0.262439 0.915286
0.481781 0.502205
0.230983 0.581571
0.973475 0.575809
0.768337 0.21255
0.386742 0.0611245
0.0624987 0.902697
0.690819 0.990635
0.838412 0.881422
0.881578 0.448811
0.235098 0.0508863
0.0229191 0.797433
0.356211 0.82955
0.45191 0.382871
0.568241 0.887432
0.983144 0.830681
0.802718 0.464925
0.332886 0.0337017
0.0464964 0.306361
0.609511 0.814833
0.518912 0.996252
0.875958 0.581411
0.89895 0.566777
0.572045 0.737362
0.448199 0.453623
0.186172 0.683297
0.504509 0.209091
0.48073 0.860721
0.038641 0.93264
0.243592 0.606882
0.820072 0.226736
0.437563 0.62279
0.691661 0.770449
0.656492 0.738157
0.0768107 0.266002
0.55299 0.595723
0.262255 0.428948
0.177133 0.161204
0.995725 0.749178
0.898566 0.443923
0.202801 0.0847378
0.12722 0.70731
0.293829 0.60795
0.568031 0.33247
0.54059 0.811623
0.939353 0.360662
0.038359 0.376916
0.983452 0.73002
0.147365 0.639944
0.468177 0.224176
0.905946 0.0211671
0.819898 0.1682
0.450115 0.997032
0.329405 0.44584
0.74621 0.22797
0.889763 0.949011
0.312708 0.0169835
0.656322 0.606537
0.624934 0.224353
0.939007 0.165524
0.035976 0.87836
0.526186 0.074335
0.255276 0.509638
0.804355 0.402641
0.149582 0.272531
0.626816 0.0555275
0.293699 0.446715
0.223728 0.743814
0.443746 0.553132
0.189654 0.189956
0.781103 0.0794167
0.138967 0.0938106
0.0964002 0.795289
0.700348 0.721334
0.0196416 0.639355
0.886858 0.0556176
0.517715 0.413044
0.129953 0.77299
0.922682 0.934307
0.175631 0.0722639
0.206839 0.802447
0.127791 0.500537
0.249162 0.351519
0.244351 0.692909
0.904652 0.434004
0.882865 0.685754
0.513421 0.0218322
0.779565 0.609821
0.817121 0.479913
0.331155 0.836763
0.119267 0.218014
0.89238 0.636982
0.631058 0.0223329
0.409973 0.55374
0.95664 0.585603
0.626004 0.163479
0.388051 0.753795
0.664016 0.637213
0.105315 0.908367
0.330122 0.00996631
0.342371 0.212987
0.695721 0.855792
0.234819 0.475285
0.465613 0.0519398
0.955198 0.796769
0.888703 0.0744653
0.0147826 0.781083
0.711448 0.645841
0.803416 0.12142
0.199581 0.760056
0.707024 0.825585
0.923535 0.0950744
0.579381 0.58755
0.732288 0.684695
0.495917 0.0624092
0.694662 0.838288
0.275396 0.390382
0.69408 0.510215
0.865667 0.159694
0.562154 0.820865
0.956463 0.450857
0.89533 0.971245
0.23194 0.606778
0.617086 0.0353555
0.728198 0.816667
0.795411 0.435222
0.642252 0.718946
0.530296 0.221632
0.306496 0.262584
0.906328 0.802414
0.324993 0.600989
0.640702 0.600389
0.991371 0.334782
0.110603 0.857039
0.494476 0.672758
0.677904 0.450939
0.123615 0.573234
0.422184 0.355554
0.180012 0.0392703
0.39091 0.90821
0.855937 0.186321
0.343432 0.498189
0.905267 0.873728
0.719821 0.211763
0.136312 0.626149
0.0141771 0.461304
0.227138 0.654879
0.0616939 0.218508
0.989662 0.172296
0.0755479 0.484138
0.845054 0.753452
0.935077 0.968668
0.326686 0.357261
0.324223 0.506698
0.396532 0.715133
0.414909 0.252469
0.901454 0.758341
0.750658 0.806721
0.632069 0.470479
0.0184844 0.76838
0.0966282 0.0326615
0.229685 0.323766
0.687541 0.291378
0.542276 0.677202
0.463674 0.617824
0.16134 0.308728
0.371275 0.0964169
0.277397 0.697961
0.453678 0.601619
0.20466 0.85021
0.316752 0.619568
0.102679 0.218206
0.377909 0.853337
0.0249268 0.0099778
0.323816 0.0434112
0.778358 0.420445
0.0760727 0.00804314
0.744211 0.763613
0.299421 0.286487
0.440815 0.763096
0.90431 0.602155
0.0718239 0.275585
0.698572 0.349221
0.973547 0.152251
0.95084 0.178206
0.00246028 0.267592
0.797775 0.10514
0.485798 0.175684
0.958477 0.510725
0.185662 0.282293
0.554136 0.96402
0.702738 0.630209
0.972063 0.446949
0.393822 0.271484
0.733435 0.834637
0.0345797 0.637746
0.436793 0.106404
0.913331 0.135365
0.455624 0.886878
0.287615 0.406464
0.0650842 0.290076
0.674056 0.862859
0.395216 0.159855
0.0385428 0.353693
0.67058 0.224204
0.635986 0.224716
0.188224 0.338724
0.854925 0.160287
0.785673 0.248747
0.431771 0.519108
0.083384 0.466351
0.156854 0.520177
0.572755 0.0701846
0.655541 0.0283789
0.957062 0.943156
0.434843 0.0221466
0.233232 0.1089
0.885006 0.628448
0.268754 0.923548
0.982141 0.939334
0.147753 0.618127
0.164049 0.335977
0.956851 0.0189739
0.496264 0.742524
0.267721 0.928036
0.261632 0.351104
0.394387 0.418486
0.871281 0.967142
0.48867 0.526822
0.995521 0.445733
0.469979 0.430364
0.467879 0.703211
0.539263 0.352885
0.331659 0.808018
0.276433 0.313801
0.747351 0.424186
0.931928 0.911401
0.760164 0.888779
0.930375 0.256428
0.631303 0.198095
0.184464 0.892935
0.5492 0.578851
0.311421 0.42048
0.545992 0.800091
0.947303 0.541513
0.245824 0.417281
0.971877 0.713703
0.120492 0.51114
0.0665884 0.452152
0.319158 0.343022
0.765952 0.0665094
0.767208 0.69788
0.97791 0.527372
0.58666 0.908285
0.7838 0.217963
0.10638 0.968263
0.110898 0.655579
0.547114 0.422319
0.0760596 0.0931063
0.22241 0.0233623
0.634619 0.468234
0.440644 0.606496
0.181938 0.561136
0.117637 0.248526
0.013288 0.436795
0.591548 0.77924
0.503304 0.358756
0.477121 0.481214
0.886128 0.0637804
0.389499 0.669928
0.281743 0.495878
0.638191 0.392641
0.151457 0.185305
0.814961 0.227517
0.278411 0.037371
0.250879 0.913031
0.505606 0.691523
0.519527 0.687543
0.252659 0.637164
0.93607 0.265947
0.0739588 0.527618
0.0451873 0.577263
0.886374 0.522308
0.0584772 0.772502
0.586089 0.447976
0.44243 0.867832
0.943854 0.0806205
0.260473 0.0953117
0.265925 0.0754338
0.322829 0.544337
0.112805 0.573708
0.457367 0.61841
0.265231 0.976895
0.305954 0.51789
0.614058 0.242023
0.783837 0.688017
0.769641 0.829024
0.26528 0.656015
0.351332 0.323757
0.428517 0.937421
0.771733 0.870946
0.805253 0.715588
0.951567 0.0657258
0.810899 0.217492
0.14116 0.133728
0.761829 0.253964
0.707436 0.219197
0.872375 0.972667
0.196091 0.178328
0.490557 0.81015
0.420352 0.274393
0.498167 0.189993
0.103417 0.763447
0.846008 0.45475
0.0872044 0.274524
0.39217 0.858938
0.145471 0.197423
0.574525 0.097038
0.263149 0.385425
0.31453 0.404308
0.519153 0.0763597
0.658273 0.226589
0.295556 0.530648
0.199256 0.491648
0.708976 0.689813
0.301797 0.129328
0.964206 0.799964
0.31932 0.0676234
0.563411 0.165328
0.522373 0.650615
0.439852 0.914543
0.509553 0.585323
0.111966 0.0840786
0.682361 0.375115
0.469503 0.996892
0.779423 0.988657
0.0732513 0.437696
0.215246 0.368808
0.968344 0.414502
0.860455 0.67732
0.104314 0.162252
0.806647 0.0685203
0.962216 0.125968
0.136144 0.525627
0.291295 0.658517
0.176242 0.731148
0.57306 0.685795
0.316471 0.685026
0.769874 0.998832
0.0601373 0.239375
0.995724 0.839564
0.228034 0.0689749
0.277261 0.44328
0.437783 0.245604
0.857781 0.298238
0.922924 0.962096
0.46049 0.729571
0.030616 0.422706
0.855539 0.16676
0.948333 0.146834
0.825276 0.124575
0.877982 0.398336
0.810371 0.194453
0.0833623 0.580245
0.193285 0.143503
0.819623 0.189009
0.983068 0.0476565
0.257984 0.260328
0.490936 0.695766
0.505933 0.348718
0.994004 0.428857
0.310813 0.454494
0.158428 0.341429
0.877199 0.0139672
0.508189 0.825533
0.160802 0.333465
0.950108 0.0387836
0.731802 0.760479
0.233237 0.815164
0.340724 0.426522
0.958667 0.160346
0.61553 0.941735
0.208003 0.873514
0.202063 0.698939
0.56928 0.707996
0.0476568 0.563284
0.136853 0.35847
0.0177773 0.295281
0.699899 0.894977
0.309249 0.208088
0.720509 0.47005
0.541554 0.670617
0.508834 0.273355
0.431096 0.74207
0.0885193 0.77182
0.168592 0.0471865
0.932167 0.784122
0.988921 0.14017
0.657636 0.190985
0.839109 0.226916
0.898981 0.886766
0.7902 0.0358342
0.245236 0.807977
0.331115 0.945135
0.702954 0.640364
0.153224 0.423463
0.110414 0.694777
0.0940808 0.619248
0.968133 0.525177
0.361318 0.0566521
0.296997 0.52991
0.103839 0.229164
0.314032 0.0927601
0.369334 0.971669
0.283745 0.208443
0.198585 0.182726
0.0952087 0.988785
0.21856 0.340445
0.796762 0.549676
0.28558 0.499716
0.19004 0.438803
0.92318 0.300454
0.133581 0.0172606
0.919702 0.101714
0.542438 0.28102
0.158366 0.839435
0.81093 0.262204
0.0685994 0.124962
0.354964 0.437933
0.0966307 0.638709
0.646376 0.295216
0.821435 0.741585
0.284 0.0399956
0.0820292 0.0807625
0.589671 0.367609
0.580479 0.779711
0.806412 0.503659
0.0801649 0.939993
0.520919 0.999867
0.0417064 0.063357
0.280886 0.200072
0.902792 0.0918164
0.462276 0.971391
0.216779 0.817241
0.409324 0.313409
0.45595 0.0557004
0.608625 0.277386
0.797285 0.892625
0.317381 0.879314
0.973388 0.907053
0.246923 0.553867
0.686764 0.0533353
0.0575252 0.766929
0.993328 0.578444
0.766795 0.0350347
0.641801 0.0476818
0.235107 0.544593
0.139498 0.697383
0.515985 0.356277
0.514624 0.925309
0.669686 0.970575
0.98101 0.278311
0.24796 0.778295
0.170936 0.565342
0.657609 0.144324
0.472395 0.904532
0.698191 0.159158
0.957868 0.755716
0.926087 0.951196
0.33416 0.692883
0.98623 0.975961
0.740564 0.221337
0.520555 0.880063
0.918721 0.0365396
0.236339 0.433345
0.961849 0.906026
0.403919 0.942858
0.184337 0.65188
0.721153 0.355273
0.217222 0.378762
0.499597 0.689616
0.283294 0.197787
0.848775 0.241162
0.953503 0.774862
0.192358 0.287663
0.467744 0.178588
0.263625 0.208309
0.399925 0.784179
0.0883713 0.318646
0.820719 0.324711
0.751991 0.782568
0.230736 0.15591
0.725426 0.415073
0.80779 0.446579
0.770346 0.0250113
0.825341 0.269943
0.714628 0.108636
0.46773 0.563402
0.349798 0.421233
0.338264 0.542155
0.708896 0.806008
0.720743 0.972521
0.0146072 0.12071
0.7567 0.102688
0.439315 0.577419
0.427399 0.191305
0.359987 0.658135
0.347216 0.0854127
0.0732083 0.155004
0.531992 0.843554
0.180017 0.357333
0.113497 0.894644
0.465969 0.581227
0.458046 0.815766
0.00245974 0.79631
0.357921 0.711356
0.602318 0.0786648
0.683877 0.616635
0.199334 0.440577
0.719324 0.638648
0.016603 0.147294
0.829954 0.377983
0.804858 0.177169
0.463395 0.878066
0.332175 0.995387
0.721619 0.512191
0.35272 0.835116
0.406835 0.818689
0.416343 0.864882
0.634455 0.418802
0.661192 0.992377
0.130158 0.26351
0.0710414 0.814035
0.880146 0.270375
0.254612 0.599469
0.909023 0.272608
0.746191 0.738977
0.65059 0.551049
0.916146 0.113985
0.429115 0.248321
0.109373 0.150734
0.760512 0.462092
0.98585 0.167347
0.280781 0.402193
0.032229 0.915236
0.820995 0.693421
0.907613 0.951153
0.956931 0.978654
0.765188 0.837076
0.249029 0.0198002
0.436546 0.158052
0.292408 0.182737
0.897029 0.942998
0.733786 0.813176
0.0569841 0.1629
0.061497 0.166355
0.313635 0.822009
0.628448 0.299485
0.989356 0.90923
0.701677 0.0215851
0.824466 0.522672
0.715006 0.732079
0.473826 0.671937
0.710733 0.239014
0.509013 0.959762
0.258814 0.945559
0.117815 0.551222
0.128296 0.0148441
0.49422 0.862082
0.82802 0.551204
0.0249827 0.889516
0.71756 0.338618
0.711525 0.346008
0.638102 0.700881
0.255238 0.33978
0.722466 0.0797039
0.862452 0.437472
0.811783 0.336278
0.109409 0.522516
0.575292 0.618422
0.482278 0.834106
0.563981 0.600092
0.385328 0.692277
0.614936 0.879548
0.554359 0.442956
0.430751 0.579341
0.332473 0.148311
0.917959 0.0439977
0.494319 0.556061
0.744879 0.749557
0.895841 0.467345
0.829261 0.758293
0.904817 0.641044
0.0945713 0.0142258
0.163559 0.669863
0.632648 0.645837
0.503969 0.196629
0.245929 0.889296
0.888906 0.860865
0.768844 0.443264
0.303822 0.199595
0.0226056 0.636294
0.347906 0.940565
0.680292 0.842226
0.496626 0.425171
0.591783 0.392467
0.892516 0.421044
0.15076 0.797333
0.0620852 0.24533
0.811558 0.225647
0.915195 0.444206
0.871484 0.419163
0.640835 0.117413
0.308459 0.529741
0.978279 0.0773032
0.973005 0.2821
0.276898 0.995611
0.918395 0.624804
0.936175 0.598686
0.46703 0.432801
0.0238571 0.0588127
0.825268 0.916373
0.479857 0.976029
0.713705 0.541945
0.22136 0.525264
0.767592 0.136555
0.96947 0.639076
0.555718 0.610305
0.756489 0.864178
0.140046 0.734768
0.941481 0.113051
0.0169196 0.217827
0.108662 0.935263
0.843184 0.0448373
0.533949 0.310214
0.477638 0.557807
0.369027 0.302906
0.474179 0.848883
0.278935 0.187885
0.390828 0.500295
0.713148 0.158419
0.63685 0.682619
0.797495 0.192569
0.292924 0.553984
0.0567469 0.43297
0.288752 0.998228
0.546021 0.305621
0.216607 0.654683
0.240884 0.0597913
0.699521 0.774833
0.370005 0.177159
0.33264 0.739032
0.480066 0.806819
0.587915 0.759001
0.994704 0.978743
0.259296 0.707852
0.137162 0.896146
0.390471 0.934657
0.0887154 0.683395
0.488642 0.145462
0.116365 0.777394
0.14369 0.662387
0.0830147 0.360298
0.31707 0.323898
0.420089 0.0165908
0.0987315 0.790094
0.19375 0.431371
0.529126 0.673816
0.23819 0.117041
0.432816 0.232894
0.0957836 0.692112
0.940746 0.232946
0.588259 0.331217
0.167603 0.676974
0.0146123 0.656245
0.822436 0.130977
0.433639 0.966127
0.793364 0.516654
0.326425 0.110434
0.840552 0.746514
0.127025 0.939283
0.536608 0.320775
0.370655 0.0657343
0.99459 0.608845
0.182775 0.427407
0.841739 0.278559
0.119519 0.782486
0.511504 0.707778
0.113703 0.679108
0.384752 0.128315
0.335352 0.207188
0.259293 0.768991
0.173315 0.0526568
0.285645 0.49974
0.163091 0.126197
0.246254 0.290116
0.0654806 0.782862
0.61089 0.436135
0.848596 0.605481
0.0449803 0.0313715
0.0328874 0.886719
0.30993 0.152406
0.669205 0.821435
0.860184 0.782908
0.500542 0.244935
0.911223 0.835895
0.452124 0.170516
0.604886 0.625439
0.223173 0.890531
0.125178 0.386264
0.0167282 0.371432
0.67638 0.0822088
0.154294 0.28727
0.518344 0.00289039
0.892751 0.563324
0.0342619 0.925638
0.450044 0.344192
0.0780447 0.119249
0.165627 0.938228
0.902157 0.666169
0.183164 0.813381
0.502063 0.635287
0.983897 0.106949
0.260726 0.20707
0.99748 0.385904
0.593334 0.0142087
0.757336 0.269713
0.0964175 0.91163
0.556983 0.614762
0.914521 0.449734
0.178086 0.948782
0.375372 0.62813
0.292974 0.453417
0.747379 0.458601
0.391645 0.649536
0.12477 0.574809
0.462917 0.626833
0.210096 0.446813
0.733783 0.470822
0.653883 0.731263
0.856726 0.247217
0.745472 0.614062
0.51693 0.841889
0.525693 0.0739135
0.456651 0.440213
0.523648 0.634737
0.388996 0.89902
0.262867 0.68197
0.352437 0.0102459
0.140571 0.744083
0.659782 0.265341
0.318892 0.122699
0.892174 0.528988
0.569512 0.625957
0.99981 0.223395
0.35722 0.856536
0.470612 0.102692
0.470599 0.987542
0.944581 0.996291
0.0614559 0.401232
0.436505 0.585104
0.0359688 0.8255
0.484124 0.298836
0.507471 0.836561
0.309082 0.648042
0.580643 0.968864
0.913383 0.899535
0.0915622 0.805558
0.428523 0.661074
0.431515 0.428333
0.88447 0.788735
0.284869 0.355082
0.891427 0.755468
0.342624 0.836008
0.75176 0.40408
0.23724 0.188265
0.989184 0.273209
0.0137649 0.473307
0.572045 0.521235
0.309868 0.881126
0.169277 0.890512
0.84999 0.0826605
0.790047 0.941552
0.888218 0.21857
0.602626 0.319733
0.646903 0.487096
0.108468 0.931772
0.842178 0.999895
0.68724 0.184802
0.835903 0.439
0.588882 0.0731428
0.627265 0.578066
0.346352 0.64103
0.0513734 0.918396
0.162265 0.361242
0.799522 0.331543
0.251753 0.649512
0.414203 0.0418001
0.591064 0.302421
0.26037 0.19369
0.622154 0.907272
0.680785 0.730622
0.839045 0.522963
0.730516 0.526285
0.707765 0.566419
0.965285 0.296647
0.639562 0.59255
0.874713 0.985914
0.233579 0.926087
0.90431 0.395845
0.287328 0.703832
0.727387 0.539082
0.353344 0.14159
0.580882 0.944408
0.444011 0.841252
0.138098 0.0661652
0.748524 0.818883
0.796787 0.587569
0.341846 0.527303
0.113854 0.0496112
0.0937223 0.0791386
0.346258 0.733284
0.671689 0.220972
0.719198 0.905268
0.147058 0.623508
0.301113 0.434386
0.32734 0.0284998
0.973468 0.680684
0.17009 0.55435
0.625092 0.614101
0.395602 0.763189
0.680266 0.144126
0.582073 0.477053
0.731695 0.923919
0.00435654 0.845548
0.97353 0.0980789
0.924687 0.319788
0.831363 0.596375
0.54076 0.550561
0.501643 0.687818
0.174068 0.802756
0.122204 0.501408
0.831256 0.0956725
0.182092 0.00134571
0.650023 0.807184
0.615447 0.0456247
0.570374 0.295713
0.189751 0.152446
0.772767 0.921445
0.0763648 0.777123
0.766993 0.0498947
0.875202 0.69168
0.369683 0.706565
0.288056 0.910443
0.257126 0.789699
0.598261 0.431194
0.592455 0.720465
0.932603 0.423711
0.816137 0.114695
0.425056 0.46616
0.921879 0.0405033
0.511785 0.492253
0.336217 0.701536
0.644699 0.108983
0.622981 0.721064
0.886106 0.389974
0.770958 0.761308
0.0816548 0.140641
0.467873 0.36971
0.051084 0.724999
0.159409 0.649345
0.156194 0.751864
0.369809 0.0887965
0.175575 0.185947
0.203492 0.600631
0.652107 0.125371
0.641134 0.163892
0.617623 0.977351
0.865427 0.262322
0.0863342 0.488408
0.983386 0.972441
0.878382 0.754344
0.733749 0.960037
0.894985 0.201622
0.329747 0.946069
0.926622 0.489156
0.595414 0.0828156
0.24102 0.965223
0.171612 0.416594
0.15117 0.375104
0.0172251 0.803277
0.500474 0.658359
0.967169 0.118098
0.63571 0.832596
0.38042 0.722045
0.321004 0.363805
0.694485 0.199387
0.118149 0.428234
0.159424 0.0131346
0.629857 0.48917
0.959204 0.556478
0.978326 0.554618
0.639294 0.219345
0.519841 0.810906
0.63594 0.671011
0.18601 0.653165
0.474289 0.686484
0.311524 0.441458
0.804582 0.947235
0.274054 0.185001
0.669279 0.595058
0.548806 0.363765
0.794445 0.666956
0.791999 0.953869
0.68009 0.421855
0.443039 0.639294
0.978334 0.421365
0.193912 0.617628
0.64071 0.713754
0.428534 0.27665
0.384765 0.614544
0.929815 0.859054
0.301028 0.241339
0.300511 0.105609
0.188574 0.574565
0.29061 0.857853
0.169623 0.839417
0.221618 0.964069
0.506372 0.0136166
0.917937 0.186463
0.435472 0.360976
0.825757 0.413806
0.782341 0.0196696
0.0314338 0.423051
0.733423 0.459968
0.699701 0.118188
0.0745114 0.629516
0.977242 0.375539
0.870855 0.277753
0.481148 0.0594282
0.852318 0.771759
0.917281 0.0219415
0.611175 0.138899
0.98601 0.117548
0.152515 0.903947
0.304011 0.587988
0.264923 0.129768
0.00179348 0.047264
0.149438 0.0332273
0.470315 0.882861
0.493195 0.170016
0.00104891 0.567706
0.799532 0.978291
0.943246 0.670386
0.256044 0.424394
0.729815 0.108362
0.196152 0.647096
0.130303 0.807328
0.785995 0.116313
0.924875 0.93851
0.0201705 0.22835
0.526498 0.285184
0.358654 0.528291
0.332448 0.508092
0.561519 0.802763
0.390952 0.0547136
0.972779 0.392001
0.62242 0.772311
0.370292 0.565666
0.442697 0.626336
0.990059 0.172512
0.734697 0.186212
0.819607 0.865
0.993539 0.605602
0.981313 0.918415
0.544112 0.00157378
0.147301 0.0706101
0.286757 0.505955
0.598901 0.619205
0.0274916 0.156102
0.421967 0.404999
0.215134 0.394746
0.797 0.837554
0.167057 0.167292
0.403219 0.609754
0.793627 0.393279
0.782265 0.528325
0.57949 0.601873
0.393325 0.57303
0.207475 0.374638
0.491444 0.751587
0.376212 0.638745
0.822197 0.662969
0.1447 0.421099
0.282174 0.158746
0.581518 0.704142
0.563745 0.796652
0.0988877 0.360745
0.634206 0.265944
0.528037 0.0374249
0.875698 0.321664
0.430704 0.657963
0.849988 0.0101941
0.259836 0.243313
0.583224 0.46731
0.617951 0.0746683
0.218897 0.994164
0.713413 0.0410945
0.657133 0.858113
0.462193 0.939307
0.0168595 0.0437115
0.643448 0.580604
0.840364 0.742336
0.941349 0.474569
0.00828055 0.469386
0.511994 0.883979
0.79105 0.942698
0.541942 0.641038
0.952892 0.801778
0.884351 0.536116
0.269088 0.502303
0.610784 0.487985
0.496466 0.324197
0.52908 0.153599
0.182311 0.991273
0.0929063 0.19917
0.0349845 0.736355
0.779774 0.875348
0.478691 0.721123
0.349917 0.486971
0.190509 0.861911
0.37095 0.981559
0.804609 0.912892
0.622597 0.757501
0.714669 0.506948
0.293616 0.983757
0.00925036 0.9044
0.471742 0.505717
0.228597 0.000822388
0.659316 0.410908
0.992095 0.752222
0.610078 0.0270798
0.488576 0.389852
0.902428 0.967267
0.110975 0.252345
0.454238 0.301484
0.114256 0.825188
0.283043 0.918865
0.73808 0.90564
0.676365 0.452749
0.412587 0.969982
0.436506 0.421838
0.874382 0.908248
0.927554 0.102979
0.909071 0.58687
0.513887 0.901166
0.339091 0.123964
0.928246 0.827668
0.513817 0.830674
0.794935 0.624792
0.0830186 0.249173
0.926277 0.197275
0.0743634 0.20932
0.11614 0.812441
0.114959 0.792505
0.265189 0.527546
0.762487 0.701695
0.949384 0.636868
0.609944 0.876938
0.739847 0.519015
0.463808 0.253734
0.420181 0.802899
0.377698 0.348427
0.630567 0.891515
0.1791 0.425502
0.516307 0.262119
0.674674 0.442583
0.459394 0.749035
0.651903 0.575533
0.561476 0.766862
0.368039 0.826665
0.294408 0.130525
0.52836 0.243792
0.767394 0.138304
0.12073 0.507241
0.657319 0.584538
0.760975 0.0774996
0.387437 0.138673
0.425926 0.0180041
0.0301875 0.605027
0.443506 0.546494
0.867146 0.11818
0.989077 0.32654
0.867215 0.64098
0.902073 0.428691
0.407842 0.270112
0.255356 0.70225
0.400637 0.783717
0.946042 0.168031
0.922021 0.0667722
0.675272 0.57934
0.65131 0.436247
0.656839 0.0387472
0.574919 0.0827655
0.0567513 0.605107
0.687792 0.500257
0.151601 0.554938
0.618437 0.140678
0.881478 0.485652
0.781658 0.783551
0.914344 0.1895
0.053663 0.169697
0.89175 0.4543
0.953416 0.837793
0.622331 0.875437
0.904565 0.297603
0.454777 0.555875
0.73385 0.111616
0.594622 0.308769
0.194382 0.651373
0.913876 0.882174
0.15163 0.0654772
0.437112 0.770067
0.206156 0.31859
0.25572 0.987814
0.102142 0.170063
0.177314 0.155805
0.339763 0.0690649
0.610105 0.293179
0.906857 0.232436
0.168617 0.811422
0.53004 0.623394
0.367297 0.26389
0.73501 0.961919
0.572659 0.929391
0.613292 0.486535
0.811565 0.764922
0.552012 0.248678
0.53499 0.758168
0.567268 0.79071
0.745982 0.669409
0.960773 0.923296
0.825214 0.300536
0.992361 0.435319
0.593716 0.899219
0.667756 0.762332
0.710641 0.197795
0.385726 0.0779376
0.461685 0.120736
0.0398563 0.0343439
0.0501271 0.653148
0.520879 0.861692
0.418071 0.0728911
0.11037 0.95306
0.831059 0.677638
0.74377 0.577041
0.347047 0.704543
0.500337 0.172261
0.00507888 0.492698
0.60758 0.598794
0.391917 0.275336
0.361127 0.102558
0.473131 0.746853
0.180495 0.934816
0.867588 0.220352
0.96916 0.917715
0.8735 0.490039
0.779408 0.291571
0.56293 0.889778
0.244631 0.393989
0.567416 0.988401
0.97103 0.914463
0.692944 0.471367
0.0867239 0.698023
0.964065 0.694304
0.296817 0.355982
0.96964 0.657944
0.45854 0.442771
0.404796 0.639035
0.377588 0.272384
0.859386 0.346748
0.1901 0.732886
0.836787 0.969507
0.0244569 0.399717
0.859285 0.269088
0.793706 0.426701
0.257489 0.764735
0.341163 0.950433
0.236102 0.427887
0.648455 0.200167
0.122191 0.945272
0.556149 0.0918315
0.603216 0.0146883
0.534603 0.00801208
0.653723 0.91219
0.280397 0.51311
0.258938 0.470496
0.245996 0.0957248
0.440004 0.270453
0.495442 0.299289
0.539541 0.289147
0.72599 0.797029
0.0538825 0.0671532
0.747462 0.289984
0.495041 0.395917
0.490151 0.617232
0.341189 0.0462998
0.709064 0.944405
0.0609853 0.243664
0.952417 0.714711
0.155857 0.232814
0.227821 0.414795
0.70331 0.473817
0.51052 0.143314
0.74427 0.00596147
0.442603 0.28381
0.295109 0.168593
0.0808397 0.348991
0.235746 0.828302
0.638976 0.730786
0.224219 0.129127
0.348019 0.565408
0.175426 0.0570822
0.509813 0.236415
0.300749 0.46223
0.951126 0.456606
0.695044 0.178947
0.871401 0.398354
0.652763 0.38192
0.541668 0.397033
0.387882 0.984271
0.680843 0.682991
0.152863 0.761683
0.0319818 0.388609
0.589985 0.670957
0.119396 0.814203
0.800084 0.467414
0.379611 0.97551
0.524496 0.889424
0.211925 0.825245
0.351655 0.163051
0.28185 0.0466986
0.341997 0.153251
0.445053 0.994761
0.535171 0.986721
0.391794 0.923053
0.970991 0.0726369
0.606044 0.123854
0.83432 0.638026
0.512464 0.424304
0.308983 0.631859
0.238508 0.109067
0.0992734 0.618119
0.0845772 0.62377
0.507543 0.296502
0.449015 0.859198
0.459553 0.730865
0.905896 0.80155
0.884116 0.350949
0.796311 0.419288
0.33767 0.188105
0.342341 0.308661
0.260741 0.948385
0.432515 0.0950613
0.58641 0.944979
0.519366 0.895393
0.576838 0.757873
0.00446018 0.676111
0.375992 0.0890374
0.299881 0.883535
0.38554 0.748896
0.742733 0.845092
0.479761 0.648629
0.646643 0.363877
0.999578 0.442953
0.783165 0.337248
0.631058 0.125506
0.645909 0.891799
0.0738905 0.0784237
0.986861 0.660301
0.0234026 0.506227
0.555694 0.600241
0.2641 0.560154
0.276352 0.640092
0.649192 0.576233
0.523627 0.0347314
0.325129 0.26636
0.879824 0.80489
0.91499 0.526466
0.168767 0.914568
0.96942 0.951931
0.251816 0.600478
0.0774371 0.897724
0.492277 0.151328
0.976148 0.479138
0.811629 0.999551
0.985365 0.367323
0.599791 0.249464
0.927477 0.876143
0.889556 0.576669
0.452376 0.413184
0.6114 0.777505
0.679544 0.491224
0.582394 0.594533
0.0176905 0.751161
0.509101 0.98711
0.703093 0.760917
0.587588 0.78053
0.658641 0.0798652
0.931857 0.634789
0.559003 0.743486
0.63434 0.544368
0.110809 0.234131
0.793832 0.0382859
0.110274 0.683388
0.614955 0.56265
0.096572 0.226355
0.340155 0.776116
0.71758 0.922549
0.370649 0.73527
0.67371 0.87975
0.72238 0.376803
0.640667 0.309968
0.157333 0.299308
0.389833 0.0891901
0.934097 0.948836
0.832676 0.568437
0.493204 0.943485
0.802568 0.287036
0.981771 0.912842
0.970425 0.596725
0.475491 0.0669967
0.823081 0.815646
0.843113 0.54066
0.738195 0.213762
0.27593 0.411906
0.0935119 0.998311
0.788708 0.734179
0.308279 0.946041
0.0334871 0.698112
0.0352314 0.967584
0.646948 0.867907
0.536021 0.140152
0.811392 0.338589
0.427189 0.793163
0.25143 0.397613
0.389888 0.726922
0.46461 0.212969
0.542568 0.307723
0.753629 0.280763
0.521484 0.0295597
0.692669 0.614996
0.0278702 0.481377
0.349175 0.336149
0.427418 0.382662
0.0342607 0.46265
0.350247 0.681209
0.330557 0.886268
0.821362 0.141949
0.224857 0.24855
0.935112 0.476287
0.646164 0.325
0.203209 0.110774
0.537969 0.745777
0.418496 0.291598
0.0265398 0.939981
0.321158 0.719208
0.554977 0.349028
0.200586 0.904152
0.685177 0.628004
0.286814 0.719438
0.0906538 0.637061
0.400647 0.421211
0.523329 0.222008
0.56316 0.748186
0.470558 0.498272
0.224473 0.116722
0.823272 0.427681
0.227496 0.361241
0.173458 0.645992
0.652839 0.199998
0.585973 0.973997
0.919206 0.14095
0.323025 0.119792
0.045102 0.00820173
0.747796 0.331916
0.727639 0.83845
0.968977 0.128286
0.259661 0.492306
0.350294 0.822821
0.240492 0.820853
0.321093 0.464964
0.937575 0.144365
0.892646 0.165071
0.505605 0.0661037
0.811063 0.158444
0.266101 0.397036
0.132441 0.185308
0.537986 0.455466
0.305099 0.583088
0.463668 0.0528953
0.915004 0.191307
0.891345 0.883982
0.319593 0.151006
0.376288 0.669887
0.973826 0.61678
0.49074 0.294919
0.0817444 0.428314
0.439284 0.97439
0.593385 0.944889
0.0404938 0.404448
0.103333 0.306595
0.801484 0.235774
0.491903 0.339469
0.69124 0.797002
0.922557 0.154908
0.849898 0.837561
0.346214 0.741243
0.721543 0.665807
0.892248 0.0978309
0.335694 0.866075
0.714611 0.826434
0.160994 0.796355
0.254748 0.600278
0.770745 0.848133
0.545167 0.811239
0.252581 0.6485
0.117834 0.0540642
0.884274 0.609737
0.393534 0.575514
0.40674 0.316091
0.730422 0.256637
0.153652 0.0766362
0.99788 0.875195
0.742443 0.890128
0.973026 0.0781377
0.756203 0.687637
0.904571 0.917197
0.483992 0.15932
0.517475 0.254737
0.00745253 0.0626416
0.0659762 0.260033
0.711142 0.183811
0.314097 0.595416
0.793548 0.707631
0.17093 0.200287
0.0237216 0.901352
0.456925 0.177374
0.977988 0.454804
0.0525683 0.720432
0.344933 0.025594
0.798569 0.101136
0.71323 0.703141
0.0187858 0.196474
0.86246 0.535808
0.451959 0.869913
0.598449 0.517936
0.129946 0.309591
0.701746 0.444043
0.905007 0.495294
0.151674 0.0759371
0.695581 0.175396
0.977289 0.152506
0.35277 0.955277
0.60731 0.405338
0.675709 0.952243
0.430932 0.474278
0.0533789 0.144161
0.177419 0.0717118
0.341385 0.039879
0.60752 0.793344
0.909792 0.205969
0.311279 0.0397378
0.51556 0.0130255
0.483781 0.420567
0.508319 0.635456
0.496504 0.203901
0.810852 0.473793
0.356406 0.163621
0.42907 0.963716
0.568959 0.104779
0.915959 0.999891
0.579057 0.969338
0.144053 0.756476
0.0410501 0.485438
0.796355 0.64857
0.278782 0.706146
0.854538 0.590061
0.745884 0.370098
0.603087 0.229665
0.790665 0.111406
0.865121 0.287169
0.315307 0.675973
0.760961 0.671713
0.839594 0.190031
0.635429 0.408553
0.29481 0.551389
0.408444 0.873867
0.520727 0.552497
0.630342 0.561777
0.037935 0.426697
0.210347 0.316717
0.132843 0.0648854
0.906778 0.878727
0.434984 0.509864
0.108393 0.225648
0.62127 0.973514
0.512817 0.936577
0.649487 0.273778
0.608289 0.489081
0.46381 0.243719
0.897634 0.75862
0.795107 0.306079
0.632487 0.315835
0.858576 0.262829
0.877612 0.896511
0.689526 0.0879588
0.213227 0.822369
0.152844 0.120005
0.701097 0.587828
0.629869 0.80949
0.813476 0.251139
0.783004 0.326293
0.187716 0.432491
0.600072 0.796005
0.921572 0.0638814
0.039724 0.819206
0.822501 0.834832
0.125285 0.454988
0.150666 0.983861
0.717817 0.028278
0.880371 0.407343
0.116237 0.0935988
0.229713 0.269081
0.213604 0.930809
0.856909 0.843473
0.740299 0.670385
0.0946124 0.523303
0.996679 0.282328
0.955794 0.59675
0.0783336 0.877366
0.660632 0.118058
0.696572 0.483133
0.952889 0.821857
0.938121 0.103555
0.805718 0.655938
0.131833 0.686089
0.0632789 0.248068
0.779688 0.292994
0.517151 0.993292
0.223803 0.37406
0.836765 0.964103
0.0444455 0.931377
0.487406 0.0411241
0.213706 0.4432
0.637874 0.292039
0.320565 0.298506
0.410097 0.0171376
0.781639 0.362986
0.838995 0.71976
0.466541 0.644712
0.375699 0.598374
0.330801 0.43898
0.846445 0.110489
0.731974 0.363596
0.103781 0.955777
0.737656 0.940546
0.91988 0.782102
0.871923 0.407286
0.823226 0.0856287
0.850485 0.4611
0.377668 0.171051
0.759606 0.787765
0.188188 0.541246
0.15075 0.027183
0.261006 0.617292
0.671895 0.636705
0.215666 0.00269648
0.0756845 0.0621106
0.113186 0.807658
0.425707 0.216967
0.763436 0.163363
0.157513 0.683316
0.945464 0.0294358
0.0906018 0.76869
0.115065 0.941087
0.229791 0.492732
0.112138 0.989397
0.280497 0.300326
0.530643 0.431247
0.327509 0.791649
0.0485389 0.999405
0.428353 0.264205
0.00210109 0.504038
0.326315 0.115287
0.311696 0.752022
0.332254 0.075132
0.915385 0.489766
0.758448 0.860849
0.519202 0.84905
0.629539 0.634267
0.790137 0.85933
0.126999 0.902275
0.848727 0.407496
0.202601 0.37937
0.838743 0.530111
0.171018 0.887282
0.529515 0.599371
0.151487 0.531616
0.103409 0.477802
0.646903 0.415105
0.229824 0.979157
0.490237 0.145209
0.468923 0.248685
-0.0150263 0.980342
0.0977347 0.635598
0.622391 0.887872
0.494928 0.74939
0.790146 0.343655
0.156886 0.992748
0.723024 0.995629
0.522858 0.894042
0.882911 0.0523736
0.493414 0.0343981
0.58399 0.596823
0.5122 0.230893
0.011928 0.742025
0.21005 0.502165
0.887234 0.678973
0.75085 0.893292
0.667097 0.848585
0.52889 0.289489
0.736456 0.0238176
0.0388789 0.526603
0.367472 0.195765
0.51935 0.0904964
0.191394 0.0422087
0.984539 0.0743052
0.0945824 0.477953
0.108703 0.678572
0.0747755 0.620904
0.909466 0.0867035
0.362929 0.119515
0.588869 0.250162
0.798488 0.339719
0.143455 0.465585
0.188303 0.672344
0.755074 0.92476
0.696162 0.793953
0.451362 0.0636343
0.989718 0.970713
0.154131 0.181112
0.0141063 0.138552
0.255417 0.107504
0.616622 0.364121
0.786076 0.691398
0.985024 0.695542
0.778101 0.347953
0.815057 0.36697
0.598115 0.613545
0.706689 0.74157
0.0791308 0.894992
0.413915 0.834205
0.819752 0.110077
0.628158 0.271114
0.173711 0.617876
0.241827 0.327842
0.798988 0.254749
0.466511 0.0544057
0.362252 0.0831332
0.418526 0.148329
0.774531 0.403551
0.843871 0.552632
0.751504 0.658928
0.919602 0.349619
0.272473 0.626291
0.0911892 0.351604
0.521283 0.505104
0.185809 0.341034
0.61518 0.813967
0.612148 0.788891
0.431843 0.853975
0.116733 0.230832
0.108724 0.583244
0.285237 0.470976
0.666377 0.703764
0.619305 0.440908
0.107314 0.463176
0.99354 0.858818
0.122104 0.913142
0.208437 0.394577
0.539433 0.299627
0.746182 0.0607153
0.80473 0.931991
0.40175 0.419911
0.745958 0.013898
0.208802 0.177801
0.867873 0.325535
0.408633 0.976597
0.908779 0.69387
0.447574 0.575156
0.397634 0.066879
0.0160636 0.504948
0.530055 0.00960371
0.363766 0.652159
0.922746 0.572204
0.0467365 0.462179
0.871831 0.792918
0.522894 0.676561
0.724909 0.924644
0.0964719 0.470866
0.938542 0.305274
0.648668 0.806415
0.630809 0.0573004
0.783012 0.539587
0.75117 0.230586
0.114743 0.148804
0.297465 0.130806
0.653752 0.82752
0.14041 0.0175187
0.479679 0.063156
0.589723 0.526416
0.525335 0.461553
0.319334 0.0482287
0.138114 0.0442425
0.972872 0.234586
0.515109 0.911414
0.53986 0.163777
0.717829 0.170669
0.221077 0.500842
0.710256 0.972247
0.731428 0.824999
0.121051 0.0288927
0.955805 0.774804
0.856413 0.0962151
0.792322 0.336092
0.159371 0.382045
0.862508 0.684706
0.843598 0.181842
0.732935 0.981712
0.226084 0.705807
0.216298 0.741193
0.617221 0.756158
0.90497 0.33505
0.926827 0.126046
0.835892 0.637083
0.0982937 0.567319
0.462082 0.219345
0.596212 0.417887
0.994149 0.452625
0.514102 0.786471
0.788717 0.673473
0.168516 0.651225
0.358179 0.0121138
0.833066 0.0911134
0.993826 0.0591505
0.79692 0.210124
0.800344 0.414141
0.966283 0.705313
0.749192 0.89311
0.83136 0.585083
0.530193 0.929653
0.152402 0.992275
0.148998 0.748614
0.410161 0.143147
0.201239 0.924263
0.929618 0.989956
0.597736 0.0981337
0.641181 0.955915
0.110247 0.474248
0.0470285 0.104073
0.533398 0.843949
0.314198 0.333742
0.25809 0.280481
0.0390547 0.00728167
0.173591 0.870414
0.592365 0.703784
0.800068 0.744767
0.696059 0.949066
0.493382 0.10622
0.0922129 0.694621
0.0304834 0.0218308
0.684577 0.62822
0.119965 0.325758
0.584135 0.230212
0.800006 0.631163
0.334286 0.333404
0.475112 0.648483
0.667146 0.733202
0.928964 0.7062
0.740484 0.102555
0.576615 0.332849
0.806339 0.376682
0.0776162 0.502398
0.325748 0.570998
0.608618 0.417961
0.265619 0.639101
0.439792 0.950196
0.267321 0.559756
0.275955 0.851456
0.789968 0.0759606
0.482619 0.124254
0.409365 0.957732
0.772737 0.0765101
0.690934 0.701701
0.78271 0.431418
0.804256 0.359325
0.764267 0.610595
0.736007 0.841883
0.112993 0.0617547
0.412881 0.721611
0.479715 0.6785
0.360712 0.919507
0.628696 0.628033
0.479263 0.904651
0.479489 0.269231
0.980612 0.962108
0.393485 0.389976
0.91984 0.166222
0.466486 0.610774
0.867923 0.249197
0.0421916 0.67218
0.608521 0.806459
0.282775 0.344528
0.648342 0.395768
0.406283 0.0612229
0.117379 0.885998
0.739723 0.478091
0.805505 0.368419
0.106124 0.284768
0.273071 0.585612
0.554 0.253682
0.54772 0.947484
0.643658 0.46756
0.113706 0.110145
0.0783334 0.981629
0.359341 0.120525
0.653809 0.967862
0.926984 0.936584
0.312391 0.575325
0.332352 0.718674
0.636548 0.449731
0.604672 0.376271
0.927822 0.410177
0.744691 0.0339457
0.694946 0.0177613
0.619558 0.248945
0.271444 0.167278
0.19643 0.915102
0.634838 0.310136
0.0252465 0.713172
0.291765 0.384588
0.833697 0.945574
0.35245 0.76068
0.882158 0.664841
0.336005 0.21451
0.383514 0.972554
0.664242 0.988186
0.348825 0.592064
0.398363 0.0935159
0.626009 0.093309
0.111277 0.245568
0.342254 0.382721
0.412846 0.538684
0.297823 0.0476843
0.84882 0.323069
0.760856 0.140585
0.707657 0.594552
0.086159 0.0601068
0.355233 0.968317
0.724947 0.691238
0.182828 0.108462
0.663792 0.847069
0.0966478 0.0126168
0.439133 0.495011
0.106133 0.0651426
0.58832 0.21741
0.31071 0.930574
0.600131 0.723556
0.469258 0.897953
0.77124 0.318078
0.221022 0.532096
0.458663 0.928679
0.126649 0.544822
0.988786 0.481881
0.513139 0.713733
0.173119 0.695967
0.822195 0.836911
0.543036 0.918843
0.849528 0.982169
0.413854 0.955661
0.0473117 0.0021741
0.17307 0.358022
0.932749 0.773201
0.0815781 0.402007
0.671154 0.852819
0.720085 0.892177
0.384915 0.178748
0.820856 0.511564
0.72357 0.809642
0.993445 0.236709
0.523375 0.166564
0.932675 0.34557
0.00347538 0.475711
0.264413 0.853003
0.45788 0.678267
0.808664 0.505192
0.680441 0.981734
0.863214 0.61319
0.754935 0.944792
0.0151967 0.426089
0.797611 0.735282
0.318266 0.182526
0.914029 0.139122
0.694089 0.637599
0.948764 0.687534
0.874307 0.472139
0.854099 0.806983
0.81771 0.857574
0.282694 0.0821228
0.710577 0.740574
0.76039 0.519241
0.245767 0.440831
0.500975 0.108981
0.0540193 0.255905
0.053773 0.0692179
0.682 0.851384
0.804499 0.000265663
0.0339094 0.718529
0.139388 0.727999
0.356128 0.0881516
0.415533 0.230435
0.560291 0.269632
0.0374177 0.378
0.127205 0.320112
0.460123 0.837783
0.0606862 0.220511
0.357024 0.306453
0.661345 0.857999
0.415434 0.715366
0.113909 0.469207
0.784584 0.795908
0.320591 0.589083
0.796174 0.3545
0.307612 0.935562
0.0824987 0.66374
0.0237131 0.498032
0.894175 0.584004
0.767663 0.931592
0.962004 0.894869
0.251704 0.422127
0.732651 0.31239
0.64264 0.0896748
0.618843 0.303985
0.947673 0.034277
0.0193511 0.061582
0.503484 0.803935
0.85749 0.824074
0.393018 0.653664
0.178574 0.700631
0.589226 0.261073
0.36437 0.612939
0.759105 0.258545
0.196942 0.526768
0.190138 0.158947
0.421636 0.441842
0.581074 0.154288
0.754232 0.223714
0.243962 0.373076
0.5277 0.191636
0.407353 0.547051
0.253218 0.910836
0.350986 0.110708
0.734911 0.744004
0.764372 0.913485
0.444635 0.353598
0.174558 0.809005
0.966536 0.933662
0.0675504 0.163478
0.46043 0.257688
0.322425 0.882066
0.699529 0.903499
0.0363539 0.453761
0.127214 0.280316
0.826837 0.654913
0.471952 0.23419
0.201964 0.72517
0.145026 0.55295
0.835878 0.879937
0.296954 0.60025
0.793421 0.741588
0.953848 0.967979
0.550593 0.920384
0.901641 0.618143
0.0838628 0.362071
0.875831 0.406288
0.244138 0.57536
0.309788 0.280492
0.0291218 0.437001
0.560808 0.855959
0.0919145 0.0327601
0.0901484 0.293878
0.75793 0.235174
0.846828 0.593808
0.115111 0.143782
0.194058 0.908532
0.88537 0.147906
0.876511 0.435963
0.06829 0.778153
0.0541069 0.152152
0.140224 0.929938
0.558441 0.384362
0.505298 0.868229
0.664854 0.53442
0.30523 0.225662
0.390379 0.397144
0.258422 0.480527
0.691023 0.0163519
0.715701 0.537851
0.61016 0.830812
0.681632 0.804218
0.739344 0.567002
0.952124 0.615856
0.00296564 0.0204142
0.394009 0.0570723
0.172567 0.534233
0.98701 0.731008
0.918595 0.492308
0.599236 0.583449
0.0267278 0.904466
0.809111 0.417106
0.301611 0.0675325
0.897633 0.992633
0.0838844 0.613335
0.530484 0.694044
0.444147 0.212116
0.498263 0.183491
0.779119 0.450387
0.799347 0.782084
0.470801 0.193356
0.839157 0.643368
0.727589 0.826167
0.374376 0.646184
0.318475 0.973612
0.229633 0.345202
0.878079 0.038744
0.762309 0.179689
0.106276 0.659942
0.172323 0.190161
0.273277 0.702807
0.884205 0.717424
0.914923 0.382468
0.900915 0.694042
0.832855 0.700262
0.476126 0.303656
0.893618 0.315283
0.947024 0.621207
0.14145 0.3214
0.267391 0.459924
0.295012 0.497024
0.805127 0.173091
0.535768 0.567436
0.35278 0.642045
0.227378 0.525102
0.832206 0.500655
0.227909 0.716411
0.218079 0.142832
0.0988789 0.118994
0.836874 0.931733
0.819256 0.313
0.235389 0.712874
0.628283 0.182413
0.334081 0.769732
0.503812 0.601472
0.229657 0.798824
0.0984965 0.0347837
0.971915 0.634265
0.602219 0.324695
0.27631 0.829597
0.849797 0.108515
0.330252 0.0777065
0.824926 0.548331
0.220539 0.923805
0.667325 0.0574123
0.855538 0.486581
0.370412 0.0909276
0.199455 0.998695
0.27334 0.533536
0.768428 0.777153
0.135008 0.998084
0.575977 0.233505
0.0328682 0.547892
0.867769 0.635088
0.872587 0.144079
0.464685 0.722384
0.252595 0.794937
0.800091 0.0775211
0.343269 0.0206294
0.00132614 0.0105937
0.0780417 0.856865
0.497175 0.448454
0.947792 0.69663
0.447149 0.221133
0.230166 0.215577
0.998285 0.365174
0.213661 0.574262
0.598678 0.246529
0.122154 0.466448
0.881617 0.994741
0.610527 0.346302
0.717126 0.863121
0.14124 0.517217
0.940643 0.484508
0.537846 0.941969
0.495102 0.615888
0.798833 0.992276
0.0643417 0.746626
0.688906 0.511491
0.967758 0.919072
0.727068 0.966043
0.284245 0.940729
0.540306 0.882923
0.187258 0.66246
0.349371 0.0688752
0.657201 0.959898
0.415177 0.374327
0.823019 0.556417
0.891544 0.763662
0.0409249 0.42939
0.70563 0.536027
0.0452773 0.504464
0.528303 0.109619
0.251089 0.217209
0.62111 0.218847
0.136281 0.348177
0.18489 0.420526
0.288906 0.725196
0.30345 0.476164
0.387656 0.65282
0.545039 0.044857
0.612718 0.960217
0.419184 0.435737
0.516633 0.310728
0.199398 0.557558
0.740117 0.905029
0.093585 0.785394
0.409492 0.621888
0.895013 0.660581
0.839097 0.516123
0.879428 0.975379
0.864301 0.0643188
0.395905 0.153207
0.789515 0.699354
0.629371 0.17717
0.352175 0.17441
0.222027 0.964892
0.134627 0.641211
0.400629 0.651261
0.951939 0.600028
0.208819 0.692056
0.505056 0.302404
0.47745 0.914549
0.924292 0.372464
0.57513 0.76339
0.888587 0.454558
0.738768 0.752888
0.518877 0.134673
0.906094 0.308392
0.834027 0.535465
0.485562 0.186202
0.709876 0.70759
0.151094 0.844503
0.348801 0.551723
0.495763 0.30074
0.151751 0.704582
0.992796 0.656808
0.00698619 0.470246
0.571356 0.931278
0.84271 0.146486
0.694668 0.731297
0.601045 0.433436
0.484185 0.119922
0.568109 0.390279
0.428314 0.402136
0.925744 0.913876
0.588337 0.63562
0.621466 0.739431
0.480122 0.970267
0.291155 0.975886
0.271007 0.442906
0.680468 0.263803
0.0997134 0.687454
0.734049 0.67107
0.618733 0.57676
0.817556 0.3134
0.308057 0.418601
0.746836 0.792241
0.538523 0.314945
0.18252 0.966837
0.71708 0.108264
0.880713 0.305417
0.743884 0.502179
0.0448429 0.223977
0.472446 0.336003
0.199892 0.743453
0.778909 0.88036
0.00725596 0.878622
0.567814 0.741305
0.549692 0.186547
0.318065 0.367248
0.499947 0.626121
0.785849 0.246783
0.418363 0.324372
0.561728 0.600883
0.291209 0.278808
0.709147 0.171922
0.584226 0.453031
0.674101 0.629074
0.677037 0.146547
0.965077 0.876929
0.89 0.743986
0.757289 0.897256
0.622609 0.325103
0.638561 0.172301
0.51165 0.956626
0.539549 0.0115977
0.582747 0.325399
0.258381 0.00110992
0.649771 0.820109
0.601993 0.94098
0.0989173 0.31114
0.112902 0.683143
0.76417 0.787002
0.312217 0.441207
0.933549 0.277295
0.318136 0.823549
0.0212809 0.0754247
0.720804 0.64389
0.400528 0.359365
0.816191 0.912178
0.315991 0.35574
0.923776 0.898738
0.681139 0.182157
0.899848 0.330909
0.00226625 0.501841
0.271889 0.101184
0.81298 0.384791
0.784327 0.577151
0.171793 0.0965437
0.0183577 0.105342
0.373838 0.336493
0.928891 0.395119
0.411918 0.649695
0.0390089 0.812446
0.0090602 0.8552
0.724625 0.325051
0.21094 0.648401
0.223789 0.892078
0.830558 0.123637
0.222987 0.832824
0.625478 0.494876
0.934008 0.438458
0.879667 0.718334
0.0156091 0.0514602
0.814878 0.0339668
0.156802 0.188716
0.37046 0.0856931
0.583835 0.782378
0.735388 0.622844
0.594825 0.744448
0.478044 0.319449
0.0694995 0.688983
0.96785 0.293289
0.581061 0.798408
0.416926 0.804049
0.631232 0.0424041
0.298925 0.56524
0.480863 0.178592
0.283574 0.496472
0.230053 0.0984517
0.530438 0.386855
0.287168 0.900899
0.472548 0.871003
0.683277 0.207936
0.493848 0.278102
0.952385 0.971892
0.597551 0.0218841
0.660875 0.565401
0.315173 0.241936
0.363809 0.732099
0.0459852 0.995041
0.774503 0.34491
0.56028 0.255365
0.523503 0.843854
0.751837 0.753556
0.942306 0.282275
0.140411 0.229474
0.183174 0.612959
0.100477 0.866451
0.820895 0.594325
0.144553 0.77328
0.566216 0.742104
0.795164 0.227091
0.307505 0.110337
0.469027 0.671314
0.842436 0.515013
0.666355 0.616938
0.859923 0.226635
0.872304 0.383426
0.0704892 0.624141
0.136982 0.012795
0.906416 0.277392
0.242269 0.0895905
0.890351 0.342746
0.956042 0.711246
0.93707 0.100595
0.484526 0.503287
0.842699 0.27969
0.730378 0.150204
0.390027 0.199405
0.821518 0.232462
0.714418 0.487873
0.849401 0.574341
0.714508 0.721705
0.957767 0.784998
0.345846 0.0947488
0.797793 0.252262
0.372141 0.0400613
0.341852 0.262492
0.382807 0.297894
0.973739 0.319877
0.398489 0.458265
0.823164 0.241188
0.737955 0.553542
0.391392 0.127981
0.752947 0.212911
0.360444 0.467365
0.700784 0.209844
0.0417055 0.415292
0.931549 0.999473
0.20029 0.277394
0.0942214 0.998083
0.529656 0.466363
0.0381439 0.871509
0.728855 0.420951
0.169403 0.702594
0.740828 0.567892
0.160859 0.563992
0.80908 0.898813
0.117534 0.200473
0.0267948 0.870481
0.413383 0.387238
0.337845 0.114167
0.597083 0.379551
0.52946 0.528632
0.379023 0.72975
0.806026 0.473245
0.727832 0.335683
0.939607 0.765976
0.207192 0.668462
0.186927 0.376595
0.371056 0.927755
0.944487 0.531915
0.491748 0.753568
0.430728 0.609282
0.95404 0.457523
0.479762 0.367424
0.844761 0.817607
0.481591 0.441844
0.197158 0.0110506
0.970476 0.576181
0.7408 0.776502
0.0494257 0.468632
0.112185 0.989033
0.234609 0.319377
0.657495 0.421536
0.695971 0.0285514
0.349291 0.640459
0.560466 0.841039
0.394026 0.991194
0.45032 0.348066
0.448717 0.930082
0.71549 0.293479
0.74769 0.197081
0.735323 0.944848
0.208132 0.705799
0.521029 0.948932
0.482301 0.570454
0.417564 0.594486
0.559487 0.652173
0.913863 0.216983
0.0737085 0.609835
0.245534 0.423
0.250293 0.806
0.264038 0.644319
0.797194 0.714359
0.992386 0.245912
0.644441 0.707876
0.53939 0.392131
0.904957 0.274713
0.336978 0.113088
0.980512 0.858007
0.0620199 0.462814
0.428461 0.479584
0.0573003 0.987949
0.131757 0.971163
0.204931 0.205465
0.580998 0.450465
0.628465 0.831291
0.256466 0.892503
0.47561 0.0536598
0.606862 0.467996
0.299571 0.251303
0.175872 0.838962
0.643434 0.0808287
0.113675 0.980412
0.193917 0.0941875
0.838419 0.255937
0.557001 0.266881
0.735521 0.614302
0.25483 0.867278
0.585465 0.459761
0.0727434 0.166462
0.910226 0.701208
0.997754 0.166692
0.593711 0.473365
0.220352 0.200573
0.941361 0.519923
0.451877 0.117233
0.358885 0.0953106
0.198062 0.47256
0.075723 0.391978
0.566747 0.914142
0.647915 0.123749
0.181023 0.383436
0.73805 0.435853
0.250714 0.323516
0.895614 0.323457
0.489978 0.80584
0.0246654 0.487733
0.972532 0.618377
0.961097 0.192884
0.81895 0.902458
0.712807 0.270827
0.0196908 0.0716922
0.366137 0.217752
0.544252 0.44186
0.609731 0.111
0.356003 0.257646
0.234748 0.537026
0.641082 0.972799
0.972879 0.891796
0.296314 0.868492
0.215254 0.786293
0.674333 0.239919
0.274026 0.646865
0.858296 0.235123
0.839749 0.677246
0.137581 0.552556
0.948073 0.157272
0.624249 0.31421
0.375024 0.168501
0.756071 0.984755
0.2795 0.112074
0.242401 0.514249
0.649099 0.883483
0.487048 0.621978
0.77528 0.783362
0.490471 0.990533
0.569655 0.164803
0.230452 0.843681
0.811668 0.0887481
0.0788033 0.651418
0.765994 0.216384
0.203974 0.714067
0.373656 0.828223
0.0282775 0.748679
0.996723 0.784348
0.733434 0.276224
0.896422 0.975835
0.790473 0.545521
0.859318 0.277521
0.1675 0.634598
0.0608827 0.65797
0.625131 0.630538
0.822774 0.855583
0.474218 0.634442
0.944331 0.553022
0.285859 0.710326
0.769406 0.489833
0.424393 0.143061
0.318056 0.45267
0.891741 0.314779
0.237019 0.625175
0.591003 0.13344
0.60101 0.381476
0.678962 0.460328
0.658996 0.846461
0.0949258 0.719879
0.504432 0.720057
0.350417 0.327205
0.57564 0.824635
0.961647 0.519971
0.377657 0.247507
0.230297 0.147063
0.73734 0.65469
0.290124 0.055396
0.10736 0.181865
0.370175 0.344379
0.80704 0.961179
0.477819 0.40805
0.342655 0.156781
0.868378 0.001651
0.0032421 0.963303
0.72153 0.507674
0.68336 0.0719471
0.834879 0.259
0.896582 0.796526
0.778972 0.27424
0.0440325 0.00926879
0.421302 0.781372
0.663959 0.711426
0.836768 0.771319
0.893291 0.206944
0.115697 0.700331
0.168122 0.593516
0.10838 0.510777
0.750297 0.976758
0.512428 0.753539
0.940061 0.233958
0.261213 0.623422
0.305905 0.0960914
0.882422 0.202488
0.892617 0.661394
0.476727 0.93665
0.670662 0.898029
0.718022 0.334621
0.609456 0.554791
0.10594 0.502747
0.761734 0.221637
0.203077 0.929857
0.815153 0.311457
0.440634 0.56545
0.288215 0.953062
0.318989 0.228277
0.18702 0.580202
0.851699 0.492925
0.676293 0.734121
0.695413 0.56891
0.395514 0.17214
0.50556 0.0661768
0.0701682 0.223582
0.400798 0.679625
0.778373 0.506738
0.182371 0.540107
0.728375 0.385449
0.469964 0.543528
0.696906 0.910598
0.108977 0.985121
0.863659 0.427966
0.213398 0.050679
0.00816797 0.0650969
0.543604 0.684461
0.799218 0.239016
0.253371 0.194732
0.411156 0.758931
0.260909 0.481325
0.982513 0.661707
0.16095 0.760886
0.168444 0.343321
0.300993 0.896819
0.72877 0.770957
0.440346 0.425676
0.681555 0.549324
0.410797 0.545214
0.97729 0.624196
0.595893 0.985458
0.689293 0.139497
0.669919 0.48851
0.378513 0.92329
0.683242 0.789669
0.682221 0.944151
0.270995 0.664734
0.605857 0.431945
0.42562 0.774301
0.775266 0.726613
0.67112 0.504036
0.49757 0.111466
0.929712 0.179125
0.66079 0.34051
0.724339 0.63808
0.964705 0.320233
0.623538 0.653998
0.45973 0.293457
0.142508 0.838243
0.216747 0.82575
0.627912 0.898968
0.769901 0.898907
0.563702 0.375758
0.330852 0.989322
0.150059 0.106118
0.715935 0.821179
0.610154 0.213505
0.932645 0.539866
0.39263 0.593435
0.880376 0.116969
0.231515 0.845082
0.437202 0.855052
0.49908 0.896931
0.148509 0.641588
0.735174 0.365255
0.467338 0.363087
0.264223 0.237239
0.261994 0.827925
0.612997 0.592846
0.817246 0.763057
0.698964 0.533181
0.584236 0.309118
0.746686 0.516881
0.848984 0.139316
0.110316 0.729361
0.256285 0.341831
0.574442 0.693487
0.196883 0.0735217
0.590418 0.345392
0.71511 0.325592
0.710647 0.182448
0.688679 0.97487
0.419687 0.950673
0.802795 0.0326848
0.543518 0.620041
0.795742 0.242482
0.153222 0.379978
0.5516 0.899907
0.896859 0.400584
0.0392229 0.00717503
0.129945 0.295508
0.349006 0.704387
0.988995 0.545889
0.777909 0.579413
0.89128 0.493018
0.905005 0.601927
0.675466 0.593684
0.576797 0.0951538
0.544357 0.379592
0.127839 0.0878756
0.999632 0.92358
0.330358 0.152854
0.303558 0.881958
0.0527735 0.200409
0.282542 0.0919839
0.207592 0.412487
0.387492 0.556598
0.116873 0.376486
0.102486 0.894782
0.955899 0.993766
0.3878 0.860905
0.595693 0.0632669
0.454589 0.17249
0.158421 0.998946
0.552082 0.286259
0.0868219 0.551714
0.20984 0.41718
0.704568 0.513398
0.299137 0.757329
0.713814 0.581679
0.849313 0.921406
0.994166 0.236805
0.478004 0.111039
0.613291 0.58049
0.0058211 0.56919
0.574256 0.393622
0.430095 0.16995
0.456888 0.884684
0.34244 0.615309
0.88363 0.894522
0.901569 0.970452
0.446236 0.111408
0.387632 0.150804
0.624806 0.686769
0.908133 0.33862
0.268448 0.757445
0.260027 0.262613
0.99425 0.738031
0.373652 0.607541
0.318521 0.379473
0.176732 0.892777
0.773095 0.606827
0.0627228 0.229982
0.491511 0.405166
0.845293 0.375141
0.299688 0.746861
0.345593 0.745924
0.858269 0.733225
0.896728 0.483075
0.419994 0.80486
0.821696 0.688442
0.562306 0.0817225
0.951055 0.556556
0.819753 0.324707
0.164097 0.138274
0.70418 0.340829
0.031051 0.477275
0.947656 0.0937776
0.707259 0.439166
0.498944 0.552551
0.814307 0.798632
0.299412 0.159901
0.544556 0.157682
0.893126 0.441284
0.640757 0.31312
0.246145 0.462453
0.00156159 0.80845
0.544175 0.952616
0.365006 0.363928
0.277324 0.529104
0.502202 0.981504
0.869932 0.533253
0.458779 0.817588
0.627031 0.166038
0.256754 0.125975
0.718589 0.0710617
0.924607 0.0180009
0.230963 0.469163
0.175683 0.124089
0.910448 0.816439
0.437208 0.156592
0.278892 0.43877
0.965043 0.823067
0.391387 0.330049
0.186995 0.66871
0.859153 0.689198
0.650214 0.729085
0.222451 0.108993
0.546673 0.849482
0.275031 0.803427
0.975457 0.993619
0.874489 0.900064
0.0116155 0.105442
0.369227 0.187303
0.22954 0.279675
0.0037421 0.666749
0.436267 0.282634
0.105519 0.401309
0.105701 0.496905
0.731358 0.292697
0.165615 0.590511
0.981894 0.815829
0.319596 0.204345
0.924822 0.866269
0.0538417 0.199845
0.669696 0.0292834
0.193472 0.544185
0.929347 0.205092
0.649636 0.298574
0.392395 0.879176
0.578249 0.396137
0.545925 0.0145158
0.678771 0.651443
0.415825 0.784472
0.148349 0.147184
0.0771686 0.313964
0.737694 0.0590628
0.129793 0.0572902
0.263408 0.0546149
0.923559 0.317235
0.254467 0.593255
0.346518 0.447939
0.13744 0.275865
0.653031 0.787076
0.57444 0.0454258
0.666252 0.152689
0.441563 0.212177
0.167204 0.120333
0.86362 0.58303
0.904805 0.011969
0.730213 0.981974
0.325933 0.467907
0.0410369 0.455726
0.525198 0.304445
0.510341 0.448757
0.62168 0.764808
0.0420115 0.968198
0.212747 0.179451
0.244063 0.865778
0.966527 0.818503
0.911204 0.632779
0.971191 0.352767
0.844956 0.138395
0.4731 0.708577
0.721425 0.377906
0.720546 0.451638
0.35988 0.0464785
0.919546 0.400916
0.502204 0.444743
0.705361 0.0125447
0.8935 0.327041
0.777353 0.935511
0.295238 0.9901
0.114963 0.539301
0.855878 0.0814895
0.357804 0.767083
0.714269 0.328995
0.119849 0.559225
0.467391 0.592949
0.267802 0.188816
0.970855 0.988347
0.640454 0.330734
0.0348256 0.559999
0.731651 0.53703
0.00474243 0.437012
0.549574 0.898242
0.764053 0.326927
0.833754 0.0592914
0.317027 0.948716
0.598593 0.172905
0.0302058 0.956397
0.939988 0.744475
0.285392 0.0598371
0.303699 0.752783
0.652786 0.571501
0.941598 0.623641
0.559848 0.582052
0.954376 0.594674
0.142051 0.686027
0.131703 0.146794
0.123039 0.681278
0.045036 0.887091
0.00820489 0.87879
0.946383 0.325232
0.827506 0.544976
0.498137 0.857712
0.501373 0.438125
0.602186 0.786765
0.497962 0.905886
0.539547 0.150748
0.477387 0.481146
0.77439 0.0372348
0.0631979 0.728765
0.631908 0.205249
0.414792 0.763612
0.352043 0.537831
0.44489 0.397079
0.424922 0.453095
0.275869 0.371305
0.778326 0.103375
0.916281 0.276464
0.961086 0.417653
0.714589 0.563273
0.204418 0.212551
0.469158 0.743965
0.363299 0.946545
0.225111 0.137689
0.98378 0.288309
0.866454 0.615688
0.493558 0.281246
0.3793 0.845601
0.819077 0.82419
0.24268 0.243999
0.277285 0.518549
0.615304 0.0556112
0.621923 0.531584
0.332075 0.58301
0.949238 0.0466634
0.146282 0.153656
0.259214 0.615441
0.897621 0.622513
0.561986 0.122732
0.760202 0.545766
0.411041 0.626656
0.161454 0.904599
0.907902 0.540755
0.7502 0.726979
0.364945 0.99288
0.970978 0.642229
0.511429 0.586282
0.697841 0.133352
0.117866 0.0299154
0.716362 0.0671038
0.0765788 0.862644
0.220759 0.335793
0.478085 0.11838
0.958306 0.0400711
0.241113 0.718508
0.585837 0.652154
0.345164 0.747291
0.556753 0.253066
0.288046 0.306954
0.980045 0.652991
0.299834 0.951023
0.29522 0.811263
0.537305 0.993061
0.944615 0.655171
0.0229764 0.660977
0.722275 0.0995551
0.523622 0.943034
0.435348 0.00170663
0.0614144 0.393654
0.0417778 0.302527
0.112161 0.627615
0.954681 0.457325
0.374906 0.511434
0.710391 0.662952
0.818388 0.690436
0.315943 0.118222
0.641459 0.611164
0.929485 0.178764
0.604225 0.8741
0.833934 0.627201
0.535077 0.556209
0.726756 0.0586988
0.499243 0.162104
0.0604054 0.560657
0.555758 0.102183
0.863184 0.667919
0.729798 0.817865
0.125244 0.104704
0.329299 0.835635
0.767657 0.147686
0.526072 0.0836
0.265908 0.167531
0.694764 0.195393
0.346294 0.298988
0.0694975 0.180225
0.926189 0.60457
0.736438 0.652945
0.663269 0.23568
0.815049 0.723674
0.796338 0.370807
0.825858 0.659522
0.0387261 0.555656
0.477387 0.16397
0.66036 0.806686
0.999606 0.428017
0.954373 0.525677
0.511617 0.220281
0.693208 0.20638
0.415673 0.0395021
0.505368 0.485166
0.219731 0.431557
0.0897363 0.956168
0.0845027 0.753005
0.191849 0.899552
0.47668 0.988187
0.270359 0.302537
0.647709 0.309085
0.858193 0.125096
0.473055 0.518553
0.931782 0.472661
0.946569 0.886154
0.998339 0.458186
0.106435 0.691547
0.664566 0.522108
0.731049 0.169934
0.00727464 0.950779
0.601492 0.0970109
0.906948 0.685994
0.850016 0.0987964
0.585546 0.326696
0.0869829 0.855905
0.629233 0.734692
0.173985 0.468532
0.859787 0.638045
0.0059781 0.791569
0.110707 0.952547
0.677724 0.109045
0.410733 0.784159
0.800592 0.0752986
0.306267 0.53164
0.245233 0.313542
0.48242 0.846724
0.410553 0.389368
0.532719 0.260569
0.488164 0.118265
0.587265 0.575147
0.97417 0.216498
0.309838 0.13916
0.703923 0.169626
0.777205 0.709901
0.961195 0.887912
0.662449 0.638919
0.996957 0.0731814
0.423078 0.797548
0.14848 0.729346
0.329189 0.393713
0.0428877 0.811609
0.240437 0.453441
0.200976 0.773156
0.71401 0.68914
0.89142 0.301275
0.264287 0.86559
0.517772 0.574126
0.00473016 0.220911
0.743751 0.781955
0.931597 0.704947
0.669867 0.594046
0.343866 0.666823
0.667227 0.766944
0.464372 0.815707
0.49629 0.793561
0.20942 0.539178
0.605169 0.449857
0.992618 0.806146
0.223012 0.706628
0.495286 0.114433
0.0079029 0.759573
0.980023 0.525675
0.333698 0.984773
0.747371 0.0774498
0.766727 0.678968
0.782397 0.436594
0.273014 0.126263
0.103417 0.94024
0.893207 0.567789
0.755947 0.389497
0.36135 0.965367
0.928674 0.966519
0.415223 0.921293
0.772665 0.638235
0.627921 0.26795
0.752668 0.635824
0.0275233 0.732691
0.161499 0.361222
0.717463 0.90887
0.438672 0.484191
0.587838 0.221068
0.920785 0.860851
0.347331 0.0242018
0.801092 0.240538
0.591991 0.557039
0.630034 0.95334
0.522406 0.558708
0.919859 0.937629
0.480001 0.692524
0.575864 0.107922
0.960474 0.328532
0.743745 0.987998
0.061223 0.905244
0.349219 0.778686
0.814114 0.787891
0.262877 0.401952
0.0210288 0.179427
0.262804 0.35629
0.207863 0.0638954
0.596827 0.799854
0.620934 0.226862
0.753194 0.14334
0.78557 0.673053
0.0809694 0.265571
0.365577 0.656834
0.373493 0.326052
0.985366 0.117238
0.31405 0.0465892
0.0224825 0.663269
0.825275 0.836597
0.45116 0.088152
0.238549 0.460119
0.271813 0.501352
0.816409 0.479676
0.565248 0.413237
0.27953 0.186182
0.640098 0.0327238
0.329522 0.425668
0.705777 0.410492
0.69124 0.0713545
0.0673257 0.0647323
0.397406 0.0526919
0.181971 0.711456
0.0992813 0.204453
0.374725 0.924557
0.0410497 0.825885
0.0127077 0.279599
0.286004 0.284522
0.780951 0.102414
0.764198 0.346198
0.51565 0.0437275
0.532381 0.155748
0.0764512 0.861903
0.581417 0.782228
0.272395 0.272656
0.853583 0.33972
0.337389 0.250989
0.392412 0.519359
0.962445 0.491694
0.723812 0.33717
0.41625 0.764862
0.163055 0.428959
0.0444604 0.44906
0.71348 0.825411
0.551473 0.477678
0.17161 0.0671233
0.521405 0.70399
0.222872 0.597857
0.565893 0.804288
0.380085 0.838288
0.0769442 0.233668
0.178008 0.414333
0.484657 0.570421
0.933692 0.447102
0.0621142 0.657504
0.784272 0.478364
0.422366 0.947327
0.907323 0.466826
0.396387 0.620803
0.292238 0.94786
0.0984807 0.463847
0.0149836 0.619886
0.167837 0.237855
0.217743 0.73373
0.0421433 0.597827
0.572018 0.119088
0.831495 0.750027
0.53342 0.316152
0.320447 0.467112
0.763254 0.382561
0.124617 0.547527
0.860926 0.546983
0.494854 0.768248
0.0138093 0.891241
0.389051 0.306047
0.839101 0.487532
0.769894 0.854085
0.107418 0.937731
0.09194 0.32516
0.671462 0.134083
0.922988 0.24348
0.253171 0.754483
0.993507 0.786591
0.0706352 0.313954
0.253704 0.83389
0.696516 0.378321
0.381416 0.557441
0.925303 0.87627
0.32569 0.939113
0.767511 0.714741
0.24516 0.606612
0.202273 0.0150537
0.460697 0.309691
0.952785 0.552637
0.634851 0.624247
0.686721 0.557839
0.867728 0.939892
0.312322 0.861234
0.726483 0.382957
0.175189 0.980187
0.216846 0.871704
0.358508 0.598262
0.429146 0.283811
0.474532 0.754835
0.222924 0.242043
0.469576 0.468083
0.848656 0.671849
0.483137 0.309353
0.98154 0.435922
0.861991 0.616391
0.0601694 0.548711
0.174229 0.927897
0.488603 0.486551
0.789131 0.215086
0.869508 0.96432
0.195273 0.0863543
0.836024 0.55378
0.684617 0.26517
0.837591 0.159149
0.0200055 0.0605147
0.401193 0.489582
0.528598 0.249848
0.161431 0.0117348
0.559202 0.14297
0.447657 0.421192
0.759361 0.507826
0.969903 0.93359
0.435723 0.458506
0.420141 0.224855
0.673592 0.289649
0.189175 0.868865
0.376004 0.025199
0.422645 0.0606203
0.290369 0.260236
0.219769 0.310375
0.320751 0.620962
0.799956 0.849349
0.870811 0.961387
0.861084 0.430012
0.104358 0.308741
0.851204 0.863719
0.816567 0.821108
0.797309 0.25229
0.279614 0.21745
0.477145 0.953206
0.5071 0.666319
0.822071 0.883103
0.691518 0.244716
0.943723 0.981887
0.504953 0.163493
0.292262 0.825704
0.784455 0.092218
0.675053 0.655265
0.0536052 0.536136
0.0852779 0.157962
0.844877 0.936482
0.0216815 0.661443
0.75759 0.81899
0.913733 0.0372042
0.0364408 0.390878
0.990411 0.54354
0.0571971 0.812482
0.426643 0.748715
0.0571984 0.370367
0.730602 0.562151
0.533859 0.022864
0.387855 0.318314
0.115082 0.0629074
0.97358 0.168687
0.599044 0.0588572
0.32665 0.44392
0.995339 0.348332
0.105364 0.752929
0.167322 0.0190972
0.790133 0.203763
0.409975 0.780544
0.747303 0.467172
0.593026 0.173947
0.215887 0.650225
0.544313 0.94649
0.212376 0.0781728
0.969354 0.60023
0.396487 0.0844357
0.663138 0.370067
0.253123 0.262181
0.428924 0.579773
0.706102 0.424263
0.928105 0.811465
0.177192 0.0954266
0.830562 0.967326
0.299189 0.240538
0.74787 0.0464926
0.70771 0.340896
0.220439 0.923597
0.991121 0.764753
0.870087 0.203496
0.842925 0.839441
0.803727 0.239412
0.923876 0.466865
0.609479 0.176999
0.729046 0.0384031
0.756772 0.435148
0.462666 0.684877
0.246613 0.639859
0.780303 0.0771753
0.607185 0.0794928
0.317713 0.355055
0.125985 0.0254228
0.695951 0.346425
0.94902 0.687072
0.111177 0.819107
0.890568 0.954103
0.658548 0.694295
0.193515 0.582424
0.16116 0.802994
0.759423 0.890206
0.841397 0.516195
0.325353 0.304064
0.201072 0.571966
0.943922 0.981376
0.649142 0.551107
0.0608685 0.966855
0.906162 0.186854
0.992277 0.602113
0.533279 0.941297
0.289184 0.644456
0.760404 0.179753
0.598558 0.418952
0.874048 0.792073
0.00137608 0.0352072
0.595067 0.760799
0.925413 0.436464
0.276995 0.250767
0.740528 0.478067
0.822733 0.68445
0.459443 0.471875
0.235557 0.520311
0.438729 0.141719
0.707165 0.431007
0.743832 0.240444
0.372304 0.0330164
0.8849 0.132709
0.212769 0.483458
0.551661 0.0868165
0.275531 0.553037
0.122024 0.870598
0.313836 0.0474367
0.307063 0.590831
0.298203 0.0475908
0.0688983 0.120936
0.732041 0.528341
0.592811 0.967598
0.0486522 0.0315402
0.109318 0.755817
0.462547 0.85315
0.996261 0.834851
0.886166 0.881161
0.96756 0.098935
0.364619 0.519221
0.185751 0.64015
0.0722577 0.307775
0.510748 0.386094
0.355212 0.817811
0.976925 0.653415
0.865402 0.0458231
