0.608908 0.114023
0.700315 0.117782
0.729166 0.816795
0.941037 0.750404
0.491768 0.100831
0.655287 0.0652367
0.549675 0.810596
0.481613 0.164865
0.452542 0.852272
0.110741 0.229271
0.447012 0.708957
0.283686 0.84501
0.905381 0.117857
0.260939 0.862179
0.151554 0.239102
0.0687271 0.760462
0.353125 0.769042
0.878244 0.0822902
0.585837 0.81928
0.832694 0.0776047
0.920112 0.487981
0.142841 0.469787
0.298577 0.624454
0.634652 0.751119
0.476726 0.745393
0.98039 0.923738
0.454349 0.264075
0.768748 0.359731
0.381932 0.029687
0.221909 0.533486
0.268789 0.290636
0.293948 0.621913
0.0596785 0.172191
0.704203 0.645516
0.991472 0.536897
0.72312 0.911583
0.0248784 0.865962
0.38137 0.323455
0.490416 0.0160221
0.0745745 0.967142
0.761415 0.0549641
0.89088 0.215764
0.31904 0.659628
0.575494 0.700972
0.689315 0.797404
0.234458 0.958103
0.0880399 0.528405
0.580017 0.147718
0.700597 0.28422
0.793234 0.692069
0.821117 0.516354
0.603652 0.845996
0.382316 0.985023
0.169451 0.872731
0.00104473 0.244026
0.839873 0.762459
0.29899 0.730753
0.978223 0.618029
0.390381 0.553718
0.319001 0.0796955
0.351121 0.553459
0.0377989 0.439161
0.0818641 0.617816
0.58688 0.782461
0.902035 0.380113
0.47453 0.723153
0.896467 0.0781817
0.569148 0.278783
0.0632043 0.7386
0.151514 0.064249
0.982625 0.991388
0.826708 0.281615
0.72214 0.804932
0.899644 0.112521
0.358649 0.218645
0.192216 0.709771
0.772104 0.230015
0.148932 0.853968
0.847831 0.735811
0.636429 0.749866
0.115925 0.110959
0.473019 0.0123922
0.18914 0.0421677
0.291175 0.252345
0.780767 0.44269
0.316594 0.763393
0.434077 0.143302
0.0450079 0.156218
0.948234 0.944652
0.268739 0.306883
0.163298 0.460955
0.0166538 0.935402
0.69097 0.165586
0.78937 0.538801
0.901397 0.425799
0.288668 0.0173217
0.536758 0.761687
0.0297139 0.725899
0.803855 0.320889
0.978243 0.584622
0.763579 0.294837
0.348015 0.197656
0.438139 0.393023
0.353874 0.386373
0.337675 0.622612
0.693256 0.500973
0.0835672 0.70991
0.436375 0.774538
0.875495 0.225745
0.313339 0.776892
0.651545 0.602007
0.794214 0.188303
0.363694 0.823928
0.914201 0.167549
0.144817 0.892445
0.752171 0.908396
0.187282 0.100186
0.106052 0.625421
0.493209 0.459925
0.0117933 0.830884
0.0825375 0.705049
0.331857 0.166105
0.414959 0.768232
0.940642 0.290454
0.993978 0.253982
0.0673462 0.645523
0.855988 0.86156
0.833825 0.219682
0.685488 0.748027
0.387231 0.830305
0.640471 0.139402
0.7387 0.827753
0.239588 0.844752
0.453173 0.732797
0.304678 0.464967
0.563681 0.387215
0.170016 0.895538
0.55332 0.584975
0.66377 0.493962
0.875429 0.657748
0.747944 0.942775
0.30327 0.603932
0.804335 0.137096
0.823615 0.489823
0.885122 0.210846
0.320128 0.525594
0.350248 0.058828
0.353347 0.589836
0.90358 0.80652
0.322632 0.208258
0.271487 0.886313
0.595473 0.441503
0.781851 0.148793
0.0264776 0.445621
0.642755 0.901906
0.103368 0.390699
0.844681 0.406639
0.994631 0.649016
0.543734 0.818246
0.138839 0.428857
0.0290922 0.458967
0.954451 0.37934
0.517795 0.307798
0.969176 0.421375
0.114318 0.291809
0.629633 0.385805
0.178122 0.225106
0.827308 0.959972
0.373899 0.853785
0.405593 0.0166542
0.755692 0.508962
0.407353 0.600373
0.9156 0.401985
0.24939 0.459335
0.220231 0.388229
0.888191 0.249323
0.847196 0.842642
0.628663 0.364991
0.15044 0.59784
0.786366 0.264757
0.889648 0.415999
0.650562 0.0677701
0.641106 0.47787
0.0277426 0.0150045
0.331655 0.433336
0.0316587 0.0873473
0.942297 0.439012
0.687721 0.857898
0.840997 0.93711
0.317232 0.0612274
0.325339 0.205424
0.310551 0.172535
0.0480656 0.939214
0.537526 0.198505
0.537054 0.323893
0.463262 0.426702
0.739892 0.113825
0.494472 0.380998
0.591695 0.522215
0.396002 0.92335
0.95555 0.427661
0.0106974 0.897848
0.866673 0.698418
0.755745 0.707669
0.635528 0.0729777
0.768897 0.960868
0.278401 0.0794474
0.133403 0.326467
0.0186613 0.67093
0.524972 0.555715
0.994822 0.988235
0.982417 0.734715
0.102059 0.476889
0.115712 0.693754
0.999103 0.511715
0.617104 0.954653
0.939375 0.627802
0.852501 0.806048
0.326219 0.608247
0.513718 0.961748
0.681224 0.282614
0.922615 0.959626
0.362062 0.0560185
0.286093 0.380723
0.726948 0.811065
0.936438 0.72177
0.7993 0.918855
0.456485 0.901359
0.395743 0.572197
0.595113 0.394846
0.0839119 0.212217
0.3495 0.0232873
0.840019 0.202001
0.829336 0.166238
0.810248 0.343053
0.127986 0.491472
0.625667 0.0506011
0.451098 0.987729
0.10662 0.737191
0.368452 0.833568
0.548256 0.30489
0.555338 0.347555
0.223745 0.0118232
0.248914 0.619488
0.584021 0.844027
0.0143345 0.667933
0.0562443 0.363834
0.69122 0.896263
0.565836 0.520555
0.0625009 0.376084
0.863609 0.190487
0.867556 0.489276
0.241088 0.318654
0.477005 0.347707
0.0558448 0.845457
0.181275 0.604101
0.150348 0.736613
0.951656 0.374092
0.748436 0.20057
0.99358 0.332457
0.0445978 0.00791492
0.000389595 0.100842
0.371749 0.691609
0.997105 0.937585
0.212165 0.0596058
0.313669 0.0757734
0.250092 0.181224
0.565049 0.49118
0.499878 0.0420545
0.838888 0.555723
0.887512 0.0201625
0.159824 0.0378596
0.756776 0.11148
0.411952 0.505212
0.31205 0.405532
0.837669 0.356648
0.413447 0.838059
0.45749 0.785197
0.529668 0.454595
0.722782 0.741833
0.514201 0.0364502
0.817607 0.764293
0.217675 0.382656
0.255474 0.717553
0.42471 0.094361
0.273276 0.312222
0.114524 0.433099
0.350082 0.871299
0.544579 0.762034
0.376511 0.856629
0.167566 0.214181
0.213277 0.581014
0.0522394 0.670767
0.36621 0.581908
0.125362 0.0889919
0.323741 0.639563
0.125442 0.141347
0.403857 0.343117
0.524003 0.65933
0.0606694 0.948714
0.753691 0.333945
0.260936 0.868215
0.767044 0.611018
0.739514 0.311623
0.373052 0.116025
0.168252 0.540618
0.330206 0.38153
0.121632 0.382445
0.0522967 0.487842
0.964353 0.177659
0.576834 0.288094
0.817222 0.702276
0.429441 0.221079
0.0453926 0.953444
0.880409 0.106062
0.902158 0.6341
0.440007 0.163094
0.502314 0.207051
0.774112 0.241828
0.518675 0.147164
0.357854 0.686927
0.687782 0.68806
0.0684568 0.809414
0.0705053 0.120753
0.297256 0.0348584
0.298412 0.87409
0.322952 0.115635
0.576366 0.752394
0.336713 0.621758
0.705838 0.217122
0.72782 0.607996
0.851222 0.167827
0.77109 0.353536
0.374879 0.545203
0.595364 0.893554
0.692367 0.953218
0.580481 0.380149
0.641278 0.648938
0.189563 0.711783
0.769691 0.48682
0.746642 0.0681036
0.36091 0.0695942
0.183738 0.937276
0.821988 0.520451
0.559034 0.527826
0.737573 0.286854
0.135822 0.588795
0.454682 0.906912
0.942331 0.829561
0.452115 0.537695
0.723115 0.144482
0.490913 0.303596
0.524631 0.132192
0.952533 0.714194
0.843975 0.722225
0.201014 0.590617
0.790328 0.561924
0.660211 0.974066
0.499199 0.482199
0.494518 0.0582333
0.0100246 0.232091
0.345088 0.145847
0.820886 0.79977
0.0527589 0.763216
0.62933 0.504874
0.300912 0.352445
0.649355 0.791825
0.656041 0.173986
0.924017 0.608574
0.888181 0.767992
0.330799 0.089195
0.358608 0.121127
0.651119 0.0188194
0.0951935 0.150318
0.501018 0.589711
0.208551 0.511043
0.821802 0.553639
0.656889 0.642688
0.353409 0.709648
0.405904 0.982739
0.214522 0.706815
0.335184 0.863878
0.49864 0.991225
0.037864 0.422657
0.599799 0.926045
0.190648 0.930598
0.0152398 0.549257
0.0517249 0.666359
0.568076 0.146918
0.816677 0.0690945
0.73663 0.0252278
0.580137 0.558432
0.578867 0.237027
0.201119 0.932275
0.946675 0.607023
0.915014 0.161197
0.313838 0.250198
0.0250748 0.812479
0.241423 0.0629388
0.235136 0.841222
0.988984 0.425784
0.77182 0.00422357
0.975041 0.823545
0.670582 0.543117
0.970463 0.487259
0.612212 0.707093
0.512486 0.192349
0.265524 0.0913532
0.429376 0.466643
0.0236284 0.376051
0.0736662 0.938643
0.537248 0.387505
0.188841 0.562323
0.199983 0.430264
0.625262 0.435119
0.271486 0.614246
0.860903 0.0433056
0.618469 0.835944
0.86685 0.289051
0.379061 0.837313
0.77631 0.991273
0.544406 0.288796
0.183622 0.80993
0.380149 0.612998
0.276573 0.403778
0.989049 0.350239
0.34242 0.526297
0.737744 0.531261
0.0886203 0.937727
0.961525 0.713882
0.372847 0.233011
0.328128 0.23375
0.276316 0.946597
0.069694 0.143167
0.235648 0.448755
0.98048 0.0119579
0.440029 0.524886
0.300754 0.623651
0.334816 0.680904
0.236649 0.611389
0.0846814 0.225698
0.961629 0.427102
0.751996 0.699373
0.958363 0.840616
0.6371 0.919888
0.554498 0.00994685
0.152899 0.882626
0.243697 0.429215
0.829223 0.313391
0.572382 0.0648705
0.762146 0.552862
0.0768284 0.202175
0.0777479 0.377583
0.825826 0.412564
0.0584862 0.0624751
0.0239531 0.143168
0.288174 0.985582
0.570269 0.0401692
0.684955 0.528632
0.880785 0.322055
0.448521 0.435283
0.332002 0.601419
0.317909 0.575698
0.0306348 0.147132
0.889089 0.603017
0.212002 0.651235
0.155879 0.28883
0.85341 0.233627
0.666413 0.679236
0.646191 0.724899
0.741711 0.670144
0.868067 0.0298845
0.655725 0.438336
0.0700537 0.34068
0.966969 0.950839
0.662735 0.415489
0.386122 0.994736
0.0169086 0.704031
0.570435 0.0475433
0.851163 0.459524
0.65056 0.0631647
0.110759 0.806439
0.351995 0.964169
0.0400656 0.0184082
0.643405 0.686256
0.743307 0.385116
0.3564 0.611374
0.415 0.012125
0.0497102 0.485054
0.352805 0.0166789
0.435893 0.0155397
0.432168 0.822015
0.0102761 0.449077
0.526046 0.580711
0.49662 0.377209
0.0402346 0.14718
0.440374 0.150993
0.953619 0.792369
0.115162 0.993685
0.810777 0.758567
0.679941 0.554084
0.143683 0.0363403
0.165458 0.558683
0.0484654 0.215169
0.0437367 0.40127
0.231847 0.47963
0.41681 0.664016
0.301645 0.427086
0.113092 0.827691
0.00779687 0.609712
0.2049 0.0480314
0.756892 0.645273
0.199025 0.710511
0.437642 0.314187
0.704196 0.248419
0.0727539 0.384136
0.802503 0.216436
0.420477 0.967962
0.775119 0.468942
0.18313 0.818856
0.870212 0.414978
0.298486 0.287022
0.0789933 0.60013
0.714108 0.192085
0.427821 0.721905
0.801797 0.632721
0.769937 0.55869
0.277994 0.968961
0.269201 0.715636
0.283148 0.973396
0.964055 0.355902
0.357533 0.766558
0.572339 0.778009
0.73452 0.347458
0.246951 0.91765
0.166314 0.117163
0.332628 0.4648
0.404186 0.411621
0.0649298 0.118294
0.603707 0.492751
0.840199 0.405504
0.125471 0.610135
0.964194 0.403465
0.579097 0.233394
0.119101 0.862245
0.20679 0.0831562
0.218147 0.564323
0.849714 0.790486
0.342332 0.584234
0.137944 0.589283
0.501884 0.304258
0.706447 0.834512
0.769058 0.110632
0.246133 0.833988
0.228926 0.84984
0.326739 0.0691246
0.255344 0.45221
0.67926 0.219537
0.855675 0.258357
0.452932 0.974777
0.120602 0.659722
0.057933 0.338749
0.224045 0.907647
0.129235 0.566377
0.491882 0.26718
0.15566 0.993766
0.571438 0.862107
0.828278 0.340496
0.972739 0.0744115
0.174483 0.201665
0.924251 0.501222
0.270789 0.179595
0.953432 0.950049
0.399133 0.809107
0.208406 0.852064
0.783884 0.329008
0.511786 0.841817
0.667757 0.735831
0.749464 0.796992
0.302208 0.241346
0.0641718 0.457869
0.235112 0.63561
0.319975 0.0633901
0.976105 0.292714
0.137802 0.150589
0.494379 0.062053
0.651811 0.765168
0.241648 0.605242
0.715217 0.640781
0.41435 0.923623
0.492845 0.198234
0.252631 0.00463126
0.0400508 0.920388
0.740462 0.789515
0.71738 0.0426708
0.0308612 0.781552
0.500539 0.265973
0.417161 0.820515
0.329363 0.393267
0.113229 0.467165
0.543855 0.607607
0.529218 0.195666
0.372775 0.770866
0.800908 0.0879924
0.411647 0.215258
0.0116154 0.904492
0.413492 0.264246
0.909123 0.453543
0.184634 0.649586
0.243058 0.902013
0.692256 0.273919
0.683565 0.192796
0.539892 0.100726
0.0133102 0.869256
0.493993 0.126539
0.33642 0.0378485
0.734146 0.865638
0.233515 0.106921
0.636504 0.034423
0.194914 0.0481509
0.249681 0.206529
0.952643 0.663173
0.470775 0.861766
0.116716 0.655409
0.511351 0.359774
0.557422 0.203608
0.633693 0.240987
0.396403 0.173585
0.341714 0.409714
0.0428409 0.835707
0.536252 0.379261
0.873555 0.270399
0.244899 0.10707
0.37732 0.881404
0.141493 0.572234
0.929554 0.391174
0.778763 0.882197
0.0543473 0.249538
0.743963 0.171063
0.904947 0.255314
0.530837 0.462369
0.458922 0.16453
0.703357 0.855325
0.338116 0.0450704
0.265039 0.380957
0.880777 0.801291
0.760218 0.754333
0.07169 0.00511729
0.861403 0.44901
0.886521 0.00289559
0.0212438 0.816075
0.39407 0.800007
0.698272 0.448417
0.0495451 0.442235
0.61948 0.954492
0.69755 0.150318
0.416861 0.156472
0.314848 0.120218
0.0117975 0.652964
0.165289 0.276836
0.0339205 0.0460658
0.0781278 0.794138
0.800399 0.149818
0.799256 0.661801
0.598828 0.685776
0.664697 0.620072
0.501852 0.0587666
0.420079 0.200124
0.507184 0.469624
0.64236 0.126664
0.424116 0.33991
0.276982 0.840977
0.496382 0.59183
0.961195 0.508179
0.244794 0.126484
0.785016 0.278714
0.172549 0.863143
0.0728524 0.972948
0.0129612 0.872108
0.634749 0.611789
0.557885 0.299446
0.231861 0.0597363
0.358213 0.651939
0.25986 0.865396
0.121563 0.90222
0.99206 0.545678
0.24213 0.269042
0.386655 0.738511
0.860872 0.347851
0.24669 0.105665
0.474334 0.0317059
0.38438 0.646884
0.894849 0.457232
0.619832 0.90781
0.32934 0.254581
0.519599 0.887225
0.554027 0.75146
0.946961 0.91224
0.403399 0.206821
0.777636 0.524962
0.109041 0.769697
0.0706403 0.351171
0.0387387 0.457296
0.0896825 0.899611
0.805146 0.336373
0.00527598 0.279481
0.368079 0.389655
0.926364 0.262928
0.846887 0.546196
0.170738 0.176227
0.800777 0.690338
0.0634519 0.354804
0.441798 0.0104127
0.267044 0.845197
0.217234 0.0446806
0.370159 0.326275
0.814377 0.440799
0.677446 0.853116
0.898095 0.767129
0.752726 0.703241
0.103502 0.758002
0.982722 0.471581
0.147658 0.909086
0.734509 0.994545
0.455282 0.905247
0.170773 0.256059
0.595585 0.234225
0.610864 0.037383
0.244637 0.877908
0.88258 0.461871
0.922589 0.252739
0.788146 0.736966
0.693538 0.465593
0.590082 0.591633
0.232722 0.342808
0.294875 0.336224
0.100811 0.277597
0.807804 0.248468
0.186683 0.542313
0.243014 0.641965
0.44756 0.413786
0.898025 0.0431453
0.648011 0.508888
0.0805283 0.892648
0.386797 0.963108
0.354519 0.309385
0.215847 0.142666
0.0463513 0.909386
0.608258 0.636433
0.501019 0.84098
0.979241 0.795894
0.177204 0.0800517
0.0734909 0.985008
0.32852 0.260174
0.527321 0.571534
0.902139 0.974882
0.98532 0.800164
0.0180269 0.633331
0.309052 0.0985552
0.525979 0.695849
0.0616635 0.880498
0.00523403 0.277511
0.0231632 0.0515853
0.186897 0.631422
0.688018 0.687916
0.472402 0.66726
0.48381 0.649606
0.747311 0.557301
0.634614 0.0758313
0.817475 0.161936
0.647365 0.719614
0.136817 0.632685
0.519778 0.154844
0.266015 0.82883
0.253399 0.791994
0.524678 0.315063
0.672492 0.529912
0.592574 0.695655
0.581498 0.779471
0.327077 0.269516
0.467387 0.799478
0.936776 0.951197
0.449084 0.684087
0.508498 0.0836986
0.759918 0.325973
0.245634 0.407283
0.0455874 0.382451
0.0399679 0.565365
0.537296 0.305983
0.394195 0.790695
0.0979773 0.918873
0.105758 0.770469
0.448786 0.698332
0.466124 0.0302834
0.477803 0.793201
0.2998 0.945189
0.592679 0.236575
0.896386 0.0417634
0.920662 0.404885
0.125462 0.68058
0.730858 0.371096
0.0878633 0.776445
0.753548 0.127831
0.341811 0.290843
0.433814 0.736005
0.0815384 0.531792
0.654878 0.187296
0.302261 0.103664
0.885628 0.768385
0.133948 0.363431
0.561585 0.433747
0.30862 0.154264
0.670322 0.205006
0.196028 0.590984
0.609891 0.32149
0.271565 0.340749
0.692586 0.359428
0.117195 0.446134
0.487259 0.459005
0.736977 0.921074
0.195011 0.818516
0.452865 0.849889
0.00581194 0.755126
0.953553 0.89144
0.523511 0.0875009
0.254871 0.0850963
0.521248 0.563491
0.239361 0.19157
0.768497 0.435388
0.782555 0.378388
0.756878 0.0541192
0.719138 0.449464
0.413547 0.836332
0.895598 0.900806
0.295338 0.632575
0.82188 0.490348
0.451091 0.274745
0.340238 0.456903
0.0298713 0.293791
0.348343 0.553382
0.381292 0.603214
0.638479 0.90254
0.166704 0.877839
0.09411 0.935201
0.313228 0.876665
0.31359 0.0701058
0.930784 0.0327272
0.51957 0.344331
0.86906 0.415168
0.245137 0.164398
0.0477432 0.0670167
0.654746 0.498834
0.341762 0.994984
0.955737 0.371633
0.288774 0.30408
0.925015 0.670066
0.907293 0.563494
0.572606 0.0739974
0.441333 0.666716
0.00919865 0.754561
0.54338 0.322788
0.824667 0.474164
0.355515 0.344237
0.818495 0.224575
0.759405 0.0636319
0.388973 0.807148
0.130649 0.0437186
0.305982 0.47241
0.0387022 0.261719
0.844043 0.327477
0.565799 0.769059
0.997543 0.473092
0.332553 0.570149
0.547089 0.773886
0.236864 0.556288
0.528447 0.780245
0.879076 0.353114
0.254409 0.234592
0.697351 0.0729038
0.459167 0.456756
0.136536 0.848139
0.263904 0.267184
0.891858 0.569886
0.739595 0.93056
0.831605 0.583638
0.258037 0.397404
0.352697 0.255579
0.870495 0.68525
0.825728 0.417585
0.459136 0.0625924
0.973873 0.987583
0.842837 0.852949
0.340697 0.0972459
0.0875404 0.038048
0.17015 0.546707
0.494804 0.306685
0.394847 0.758707
0.57387 0.286705
0.328593 0.313464
0.217265 0.160198
0.897102 0.475302
0.557602 0.249799
0.730881 0.428097
0.935049 0.556609
0.845682 0.394185
0.619201 0.819554
0.381768 0.462039
0.672503 0.722465
0.559285 0.760044
0.760513 0.729434
0.306751 0.255317
0.0361196 0.701597
0.0140241 0.609989
0.988302 0.342617
0.923453 0.205567
0.502816 0.820556
0.680868 0.0604173
0.0703545 0.411749
0.488514 0.00540321
0.968358 0.334196
0.399588 0.58756
0.153751 0.781355
0.0495985 0.826254
0.50382 0.608883
0.586297 0.264333
0.338317 0.893048
0.51965 0.374437
0.594645 0.533674
0.984426 0.582947
0.876292 0.907879
0.788514 0.379107
0.728435 0.469382
0.439524 0.798789
0.881131 0.928039
0.804193 0.84949
0.262235 0.20378
0.437049 0.415986
0.985136 0.486648
0.242239 0.488956
0.0955309 0.828537
0.75329 0.433848
0.721585 0.27294
0.808285 0.31623
0.806614 0.792711
0.899177 0.682905
0.70059 0.687691
0.0620124 0.429025
0.157073 0.501537
0.227815 0.0382045
0.429576 0.0320072
0.887694 0.691811
0.235788 0.324744
0.107796 0.220924
0.811392 0.350036
0.70988 0.906922
0.178573 0.463169
0.340771 0.900157
0.736109 0.149056
0.216388 0.542723
0.941766 0.115565
0.225628 0.642357
0.803256 0.28764
0.0713818 0.96033
0.789177 0.299196
0.998534 0.218753
0.331204 0.886228
0.910564 0.566991
0.210972 0.0183598
0.787915 0.0223633
0.368396 0.497795
0.929286 0.546968
0.960964 0.270056
0.447126 0.697073
0.419112 0.663513
0.239796 0.360878
0.779078 0.465424
0.003235 0.582335
0.753064 0.0746168
0.542664 0.542241
0.373813 0.541198
0.760994 0.705017
0.427426 0.671558
0.272008 0.638398
0.689917 0.0599229
0.660761 0.0583131
0.557718 0.590047
0.605281 0.518682
0.860104 0.0524068
0.215755 0.279216
0.71592 0.455551
0.640094 0.494998
0.920974 0.643329
0.0773331 0.674039
0.717946 0.619997
0.21628 0.0917588
0.161196 0.977274
0.796776 0.588622
0.648832 0.0687837
0.22702 0.338749
0.128707 0.887782
0.397062 0.686424
0.477829 0.00234347
0.205106 0.337932
0.0547503 0.420861
0.617148 0.77067
0.876411 0.257242
0.265669 0.797386
0.900571 0.343002
0.471424 0.618516
0.962999 0.687704
0.710275 0.124195
0.664978 0.507051
0.712817 0.31381
0.575834 0.939837
0.652559 0.704541
0.827619 0.0496216
0.390965 0.305447
0.0519651 0.596071
0.64338 0.106715
0.0169316 0.260528
0.877386 0.893343
0.51777 0.143054
0.690729 0.41834
0.486056 0.162153
0.0368565 0.449056
0.849858 0.747132
0.57325 0.514836
0.254182 0.286067
0.828646 0.830017
0.225904 0.481205
0.534558 0.053523
0.530827 0.925523
0.35897 0.582792
0.521594 0.00235028
0.689508 0.538525
0.262878 0.566893
0.431868 0.780648
0.709948 0.122597
0.198988 0.196004
0.284751 0.235844
0.645059 0.134608
0.982976 0.21831
0.649444 0.237158
0.504377 0.47809
0.0671753 0.730282
0.959296 0.601733
0.783805 0.490123
0.527256 0.142775
0.0729151 0.04885
0.145125 0.762423
0.587375 0.408003
0.329316 0.0192439
0.188651 0.0392634
0.141841 0.387639
0.235267 0.426592
0.623483 0.880327
0.5612 0.606459
0.0986366 0.210644
0.843618 0.603014
0.688734 0.910793
0.333295 0.64803
0.512526 0.1171
0.138153 0.0397823
0.259875 0.211068
0.0886323 0.405001
0.973491 0.676008
0.813004 0.302806
0.695252 0.00165514
0.34207 0.837093
0.389294 0.577337
0.263684 0.0127772
0.457664 0.824884
0.619236 0.5563
0.0355283 0.462854
0.159314 0.724263
0.373647 0.49261
0.372293 0.886173
0.60971 0.510446
0.925956 0.869585
0.721514 0.014588
0.274586 0.695004
0.690596 0.08759
0.997811 0.385847
0.0892452 0.339881
0.22294 0.478539
0.917218 0.486625
0.491316 0.374882
0.311509 0.110553
0.931182 0.347037
0.573407 0.0904965
0.0712997 0.947054
0.583106 0.443592
0.833228 0.192816
0.954038 0.759183
0.0624015 0.675552
0.773771 0.336987
0.370556 0.464367
0.424577 0.368367
0.850214 0.513823
0.708248 0.0731544
0.992362 0.625466
0.559779 0.483678
0.000347595 0.871288
0.594231 0.93153
0.218325 0.167638
0.0220263 0.289625
0.114692 0.605133
0.733217 0.94792
0.797949 0.687255
0.707103 0.86035
0.362807 0.480874
0.197338 0.733363
0.945241 0.621915
0.101731 0.795456
0.135738 0.809978
0.86861 0.1281
0.435444 0.428389
0.611778 0.435792
0.299677 0.206009
0.367322 0.518002
0.373647 0.389348
0.807626 0.488339
0.994481 0.540844
0.436259 0.79243
0.228099 0.143362
0.65278 0.590906
0.624236 0.850118
0.324269 0.569478
0.472033 0.426
0.364933 0.607771
0.235978 0.233543
0.735871 0.671423
0.661932 0.347648
0.107215 0.961609
0.553657 0.474536
0.479611 0.927304
0.863884 0.287237
0.415643 0.858365
0.828081 0.851901
0.650794 0.0561798
0.995263 0.303574
0.647086 0.619499
0.153692 0.971355
0.188977 0.625725
0.397354 0.55391
0.233496 0.633333
0.787454 0.969367
0.304755 0.449386
0.317015 0.41197
0.410995 0.870672
0.886506 0.890606
0.797976 0.75039
0.177844 0.213619
0.608755 0.00592456
0.0655204 0.25955
0.0621043 0.0607836
0.563124 0.70919
0.680283 0.716816
0.680545 0.86926
0.342541 0.0778991
0.42317 0.576038
0.711232 0.210624
0.545405 0.0159869
0.66001 0.86242
0.427957 0.0710048
0.733092 0.314463
0.961611 0.531069
0.0648528 0.139454
0.744688 0.673608
0.145379 0.810208
0.933158 0.207483
0.870992 0.496282
0.916673 0.551275
0.213098 0.597218
0.420535 0.555639
0.675117 0.843705
0.131677 0.386349
0.0543285 0.677082
0.402336 0.714338
0.539501 0.830292
0.785343 0.272594
0.144755 0.746954
0.803663 0.209608
0.886408 0.548351
0.883216 0.0317874
0.358559 0.816373
0.239271 0.229551
0.312655 0.155944
0.780826 0.525753
0.753162 0.20136
0.0813917 0.428279
0.0450652 0.213069
0.814628 0.0993937
0.89015 0.216964
0.813732 0.429652
0.0472563 0.599075
0.702246 0.192011
0.346029 0.505908
0.401619 0.232437
0.0542588 0.284835
0.264224 0.412818
0.101208 0.503495
0.642368 0.413863
0.659439 0.423194
0.939616 0.412602
0.624554 0.0210075
0.840881 0.66962
0.234076 0.655509
0.769013 0.124226
0.872473 0.582745
0.553878 0.919729
0.18182 0.256123
0.11174 0.527849
0.762032 0.51336
0.760286 0.81629
0.798195 0.0245101
0.229108 0.899403
0.528005 0.871477
0.313266 0.187445
0.294671 0.252882
0.600046 0.919225
0.273889 0.440927
0.588845 0.507965
0.0964359 0.357858
0.632192 0.968909
0.940603 0.186069
0.888638 0.122423
0.442193 0.000377822
0.650271 0.204224
0.513737 0.410557
0.0205146 0.311932
0.435067 0.249623
0.211335 0.963072
0.121099 0.524601
0.150517 0.41577
0.777483 0.750564
0.334995 0.0513722
0.191491 0.92384
0.559338 0.287926
0.281697 0.191529
0.256835 0.2223
0.377599 0.145473
0.344723 0.819791
0.14585 0.994994
0.0240154 0.659588
0.405551 0.04453
0.97152 0.840618
0.294153 0.182854
0.803691 0.415252
0.707455 0.954208
0.831022 0.484938
0.704771 0.166017
0.53631 0.896262
0.0898561 0.0956482
0.184188 0.371554
0.287177 0.441023
0.593854 0.664776
0.586496 0.938577
0.484567 0.732346
0.933571 0.508583
0.391934 0.339122
0.553113 0.363454
0.179741 0.847265
0.546308 0.983431
0.262517 0.253763
0.937639 0.093539
0.738702 0.64241
0.259556 0.275012
0.538672 0.349412
0.37066 0.72286
0.720965 0.657838
0.163884 0.314819
0.322614 0.75038
0.253396 0.807181
0.482726 0.186967
0.315764 0.87466
0.52609 0.868876
0.238113 0.70583
0.716142 0.784421
0.689262 0.978659
0.0381846 0.6269
0.0721979 0.776886
0.269311 0.331753
0.0518982 0.807983
0.681165 0.422558
0.530843 0.40213
0.0803961 0.694727
0.716949 0.40301
0.445106 0.970345
0.210191 0.927832
0.157312 0.525954
0.802492 0.683402
0.394831 0.0406053
0.389232 0.110972
0.825027 0.0784938
0.0896312 0.863211
0.705394 0.161829
0.640097 0.974705
0.493582 0.691996
0.782688 0.174748
0.114554 0.313531
0.576878 0.19495
0.00825752 0.293827
0.59796 0.453364
0.264173 0.80815
0.381196 0.421485
0.334105 0.183688
0.104887 0.728935
0.224293 0.494119
0.839907 0.0493199
0.572613 0.929539
0.912531 0.278007
0.0913676 0.552628
0.252712 0.58495
0.244624 0.0353999
0.759698 0.359178
0.348931 0.336576
0.554128 0.357188
0.630403 0.152087
0.810552 0.894576
0.960238 0.191748
0.316061 0.294342
0.375436 0.420948
0.0232775 0.59973
0.915068 0.863185
0.64905 0.487681
0.792723 0.561581
0.765688 0.884091
0.114209 0.0184004
0.469041 0.358833
0.0538003 0.228739
0.718011 0.402731
0.565315 0.272138
0.759919 0.195718
0.424226 0.570471
0.0902939 0.384464
0.762219 0.406355
0.678806 0.137656
0.827303 0.702084
0.737385 0.742371
0.565269 0.386435
0.230052 0.357992
0.948016 0.99574
0.242083 0.0622251
0.0141404 0.711124
0.421058 0.0679407
0.939863 0.139069
0.470672 0.505177
0.411207 0.230591
0.700895 0.835433
0.801062 0.791189
0.219897 0.563281
0.197544 0.898703
0.700937 0.0248476
0.600787 0.438322
0.767219 0.166056
0.832392 0.955891
0.524048 0.772773
0.993011 0.766131
0.834998 0.00715104
0.477255 0.256056
0.0750918 0.417118
0.395125 0.545763
0.922296 0.806332
0.776354 0.623191
0.641766 0.577416
0.41438 0.861663
0.140697 0.611924
0.760366 0.841633
0.636772 0.361153
0.279955 0.403991
0.527208 0.104712
0.401261 0.0512562
0.877486 0.394272
0.817387 0.712484
0.401423 0.294642
0.96854 0.476515
0.71176 0.363665
0.0222779 0.634056
0.169998 0.798632
0.257246 0.811764
0.376047 0.671626
0.673426 0.516744
0.283551 0.433792
0.358377 0.920322
0.794945 0.638333
0.324313 0.322153
0.743045 0.725574
0.373409 0.620531
0.119846 0.190796
0.333015 0.521269
0.485439 0.301555
0.997783 0.197199
0.66522 0.0200609
0.831254 0.835218
0.818693 0.0885006
0.646982 0.19474
0.760127 0.320408
0.711484 0.0436777
0.7542 0.0698616
0.964 0.549145
0.708194 0.288313
0.871298 0.451239
0.0138873 0.244708
0.0717697 0.133733
0.435504 0.404784
0.655002 0.920942
0.706339 0.652785
0.118141 0.37156
0.672846 0.949395
0.206778 0.491538
0.0378959 0.85376
0.686279 0.798023
0.174168 0.397763
0.841701 0.928368
0.467625 0.805701
0.477513 0.175819
0.0940139 0.348811
0.627058 0.107901
0.593518 0.698828
0.241634 0.0290223
0.103612 0.896636
0.949965 0.809951
0.549421 0.0681058
0.181511 0.222266
0.0175011 0.388289
0.713805 0.0553969
0.242049 0.400083
0.85342 0.416216
0.797846 0.69512
0.344584 0.265471
0.500821 0.822097
0.44129 0.594835
0.170908 0.0683475
0.702736 0.764426
0.767175 0.944371
0.793449 0.870787
0.841007 0.743413
0.680738 0.390427
0.811519 0.862249
0.612693 0.82902
0.250537 0.326498
0.884417 0.492586
0.726581 0.737837
0.908802 0.524427
0.432957 0.253386
0.789898 0.933779
0.0754834 0.231188
0.528614 0.246391
0.299535 0.23135
0.0108175 0.0667103
0.175721 0.804266
0.937497 0.0167275
0.54768 0.618235
0.407155 0.359199
0.480484 0.019848
0.188219 0.731021
0.346346 0.0726362
0.223606 0.072927
0.810473 0.132409
0.597354 0.243431
0.385795 0.387253
0.177209 0.461278
0.61844 0.705823
0.707669 0.917976
0.937174 0.718487
0.984686 0.112895
0.522753 0.922183
0.129622 0.0704327
0.540418 0.536777
0.429631 0.0209017
0.556625 0.617851
0.751922 0.902971
0.690487 0.975529
0.975898 0.50096
0.107937 0.573252
0.744391 0.493732
0.960505 0.9216
0.95501 0.578945
0.627423 0.66268
0.496921 0.564597
0.381167 0.481607
0.677492 0.90392
0.40379 0.807114
0.974353 0.944208
0.343891 0.403984
0.96511 0.900516
0.0218348 0.717033
0.803487 0.712321
0.692561 0.779384
0.213281 0.800499
0.352636 0.957672
0.294231 0.313141
0.879272 0.249241
0.892086 0.506696
0.911921 0.389007
0.0712928 0.293088
0.870614 0.748785
0.197008 0.274404
0.555899 0.171361
0.218612 0.89979
0.575345 0.183723
0.800306 0.59718
0.900755 0.603792
0.309502 0.593316
0.383177 0.522783
0.393815 0.735813
0.480455 0.688046
0.0489539 0.359727
0.937288 0.94104
0.866423 0.849209
0.330047 0.937716
0.142297 0.200661
0.6865 0.339306
0.475065 0.242399
0.510667 0.693677
0.142189 0.086012
0.8774 0.942495
0.683192 0.778155
0.546287 0.992694
0.371471 0.929464
0.515477 0.765286
0.665277 0.995932
0.453333 0.714231
0.355659 0.39062
0.655271 0.222082
0.239829 0.985318
0.159798 0.382127
0.185978 0.846298
0.721432 0.661043
0.0886975 0.232099
0.35472 0.230887
0.318111 0.23212
0.173382 0.00130308
0.0102746 0.719669
0.993997 0.381746
0.649133 0.509474
0.147032 0.31441
0.505406 0.600365
0.0286406 0.861065
0.990985 0.683911
0.0831467 0.230815
0.669229 0.242944
0.612941 0.855207
0.0892426 0.334374
0.51625 0.17794
0.566473 0.87097
0.408827 0.884583
0.10309 0.582208
0.885887 0.113364
0.301877 0.879883
0.49511 0.95101
0.389357 0.642143
0.26542 0.894763
0.242508 0.294061
0.755827 0.233493
0.977972 0.838974
0.464308 0.647201
0.0819187 0.0772493
0.502408 0.171161
0.411623 0.018658
0.349101 0.978096
0.889628 0.757928
0.862679 0.992718
0.340136 0.748565
0.106082 0.642014
0.628449 0.601193
0.593024 0.017806
0.243335 0.858444
0.912569 0.485843
0.152505 0.668396
0.719336 0.130478
0.50737 0.183644
0.777679 0.589289
0.260893 0.280087
0.76045 0.672516
0.298745 0.109552
0.650612 0.188373
0.86748 0.513291
0.181091 0.207616
0.261856 0.287173
0.84963 0.890305
0.888366 0.442654
0.908111 0.131701
0.301099 0.82068
0.617544 0.453604
0.489076 0.336881
0.584081 0.996446
0.520525 0.36176
0.585735 0.781418
0.641847 0.346186
0.453934 0.940591
0.455737 0.104546
0.128964 0.323217
0.617837 0.310054
0.530833 0.879694
0.597227 0.380463
0.769999 0.485593
0.823117 0.67811
0.617294 0.124216
0.49879 0.234839
0.57782 0.987866
0.571719 0.161901
0.984312 0.0922436
0.523661 0.570048
0.873662 0.165508
0.916233 0.327596
0.106099 0.371971
0.432143 0.235062
0.695188 0.0499798
0.545117 0.226021
0.929673 0.142344
0.606483 0.699672
0.627937 0.4296
0.377782 0.245231
0.553816 0.876572
0.48007 0.131636
0.864437 0.0517886
0.293537 0.84875
0.144032 0.817198
0.418797 0.0176939
0.982705 0.335031
0.34529 0.0888037
0.707001 0.777433
0.323866 0.402189
0.827412 0.868983
0.62821 0.757086
0.0113264 0.234693
0.456758 0.639263
0.664294 0.83454
0.884494 0.21811
0.711112 0.364564
0.349745 0.575549
0.416352 0.643282
0.424299 0.560385
0.460479 0.843096
0.578078 0.443185
0.178127 0.923368
0.531988 0.885128
0.700801 0.855854
0.287317 0.528213
0.724837 0.915527
0.285299 0.736163
0.15022 0.742057
0.375426 0.814514
0.576597 0.259921
0.0326235 0.287708
0.624484 0.382369
0.863257 0.0408367
0.0256505 0.287556
0.601221 0.48613
0.130652 0.1793
0.929315 0.308779
0.102668 0.461303
0.193907 0.803469
0.317157 0.481224
0.331682 0.0419942
0.396751 0.616981
0.778157 0.546971
0.359038 0.153584
0.361485 0.935634
0.413505 0.394108
0.223343 0.037989
0.776477 0.0866
0.0788258 0.802127
0.374156 0.680047
0.288257 0.504808
0.859347 0.217572
0.813587 0.962015
0.678875 0.00749328
0.765484 0.996032
0.488717 0.0971658
0.0380262 0.885468
0.714147 0.816184
0.432439 0.0731849
0.969768 0.793923
0.00881935 0.383272
0.188032 0.232162
0.421261 0.964508
0.318762 0.500087
0.766636 0.692918
0.180134 0.054893
0.197726 0.0394806
0.272465 0.0113129
0.00149529 0.95134
0.0188061 0.766979
0.947372 0.507523
0.864145 0.985398
0.392991 0.578292
0.801582 0.82543
0.651477 0.771349
0.619353 0.660296
0.154621 0.807385
0.892458 0.575883
0.771893 0.21122
0.0759697 0.538529
0.904138 0.256104
0.593422 0.101864
0.295584 0.865887
0.113177 0.29708
0.817226 0.131983
0.0640586 0.764598
0.639507 0.928203
0.749996 0.0324977
0.506495 0.551577
0.857927 0.157972
0.322927 0.47728
0.818267 0.477548
0.284665 0.710725
0.0534305 0.056558
0.921946 0.1294
0.595087 0.826084
0.385504 0.188508
0.927948 0.681088
0.0543949 0.0411256
0.978168 0.871621
0.173109 0.0422265
0.636219 0.812616
0.97043 0.386215
0.845113 0.476925
0.937792 0.703041
0.634896 0.260719
0.180321 0.453164
0.738267 0.464986
0.163889 0.791697
0.521544 0.085835
0.921098 0.116631
0.911919 0.306601
0.305139 0.839867
0.98769 0.359534
0.880993 0.965858
0.231155 0.0541017
0.00808428 0.867374
0.866717 0.978514
0.253589 0.711831
0.455439 0.191382
0.414872 0.0903354
0.452101 0.595193
0.543499 0.190367
0.0601792 0.707389
0.982065 0.581724
0.793224 0.903162
0.698355 0.705143
0.209764 0.00349382
0.54501 0.197453
0.363028 0.426002
0.163311 0.594183
0.480104 0.171395
0.461558 0.346821
0.149909 0.715147
0.058652 0.605348
0.906529 0.473524
0.695684 0.358629
0.0687165 0.239183
0.548996 0.128896
0.946572 0.531061
0.710619 0.739796
0.434223 0.408974
0.444938 0.643986
0.412468 0.989948
0.84144 0.775496
0.41595 0.00475083
0.369679 0.896054
0.176146 0.831236
0.242875 0.326056
0.546383 0.301527
0.931404 0.452912
0.775051 0.627088
0.811541 0.843767
0.866271 0.360537
0.972663 0.812843
0.891598 0.683282
0.552639 0.325821
0.092256 0.997577
0.969807 0.504724
0.987524 0.811247
0.280219 0.403474
0.815998 0.649898
0.299528 0.992144
0.481134 0.542403
0.3182 0.0275175
0.843931 0.249604
0.480429 0.618981
0.876692 0.29197
0.462749 0.742963
0.652507 0.435412
0.555806 0.544105
0.118694 0.108444
0.869926 0.21095
0.106021 0.839733
0.715673 0.0935454
0.650981 0.995893
0.49702 0.466979
0.645791 0.796548
0.459123 0.126925
0.338952 0.777323
0.154442 0.182882
0.0269265 0.634872
0.801863 0.903618
0.926842 0.264612
0.646581 0.579349
0.700024 0.202386
0.123454 0.818717
0.31083 0.99338
0.0296671 0.416851
0.833113 0.745341
0.510397 0.484094
0.741233 0.00741657
0.951072 0.387024
0.803965 0.410195
0.513949 0.142916
0.187518 0.668391
0.325798 0.214444
0.303263 0.127662
0.118063 0.230104
0.392274 0.764643
0.809453 0.0922975
0.96703 0.932906
0.911015 0.27786
0.926286 0.940682
0.694712 0.759399
0.686022 0.205108
0.243493 0.427256
0.212525 0.194565
0.814279 0.0164896
0.60476 0.328228
0.159406 0.792278
0.996619 0.485204
0.00672276 0.299882
0.612866 0.124785
0.529986 0.00513949
0.889429 0.339439
0.0974369 0.856459
0.272345 0.00845177
0.134319 0.198631
0.949134 0.82903
0.95803 0.635156
0.0341386 0.201523
0.0624118 0.246664
0.396088 0.876691
0.263153 0.000848304
0.204919 0.422559
0.793127 0.201538
0.907763 0.799849
0.50142 0.520628
0.924635 0.0314062
0.525768 0.814064
0.370845 0.623205
0.670522 0.64319
0.631657 0.804841
0.841822 0.58079
0.633871 0.799852
0.215947 0.66801
0.001375 0.278358
0.914673 0.397463
0.155049 0.177826
0.398311 0.359969
0.600385 0.191438
0.561507 0.508148
0.991287 0.0629272
0.0287762 0.915922
0.0943334 0.554544
0.729985 0.465178
0.177749 0.400508
0.108369 0.809406
0.205348 0.950191
0.390196 0.839219
0.750043 0.606142
0.507229 0.751418
0.884501 0.421902
0.148881 0.0395503
0.599728 0.547192
0.399519 0.200113
0.73863 0.961026
0.708261 0.729917
0.0239531 0.737037
0.645839 0.118286
0.291582 0.375824
0.583465 0.469331
0.776332 0.691834
0.278736 0.98168
0.642024 0.668932
0.8209 0.392067
0.275075 0.328128
0.143485 0.159575
0.750031 0.292365
0.199126 0.349759
0.839557 0.598645
0.549872 0.578187
0.55967 0.258134
0.308104 0.583624
0.995171 0.953943
0.70191 0.286753
0.329767 0.285375
0.756083 0.106099
0.977209 0.0348194
0.0877795 0.619233
0.703751 0.908679
0.0113001 0.978826
0.236807 0.154785
0.138401 0.986838
0.44715 0.337527
0.336597 0.286707
0.936171 0.88647
0.864894 0.495842
0.144603 0.172997
0.0794653 0.139774
0.12694 0.781375
0.426527 0.456708
0.0667502 0.182611
0.562807 0.043959
0.21743 0.650586
0.663192 0.921181
0.559265 0.674492
0.900007 0.796073
0.829277 0.0384087
0.782911 0.276427
0.375936 0.119508
0.563133 0.312107
0.00597778 0.428027
0.807949 0.150581
0.601024 0.887414
0.290356 0.727965
0.668789 0.716883
0.184672 0.73554
0.899493 0.747479
0.779499 0.116923
0.398066 0.442691
0.0381047 0.957331
0.117183 0.938112
0.753404 0.94646
0.976521 0.536315
0.222886 0.352456
0.655823 0.78602
0.664563 0.661801
0.214046 0.472512
0.812382 0.815071
0.359926 0.102738
0.543035 0.0287159
0.819621 0.727708
0.764256 0.719114
0.475187 0.543754
0.836037 0.873253
0.986445 0.874142
0.830584 0.103628
0.812254 0.583988
0.050088 0.788775
0.120303 0.272974
0.141231 0.776126
0.0589939 0.805795
0.437927 0.27304
0.278307 0.250309
0.0881111 0.638233
0.353047 0.631147
0.666949 0.172667
0.358854 0.431205
0.891781 0.834041
0.974959 0.727818
0.707294 0.961405
0.60196 0.537878
0.0650329 0.414214
0.121865 0.115121
0.202989 0.242168
0.388095 0.34422
0.0182937 0.447089
0.150015 0.45622
0.720129 0.428322
0.706529 0.80824
0.0665556 0.0595759
0.439387 0.733505
0.232243 0.798241
0.16471 0.124024
0.632283 0.13967
0.851842 0.339577
0.101074 0.453802
0.877454 0.166107
0.868016 0.999319
0.281228 0.0710055
0.241487 0.669323
0.415226 0.259781
0.116412 0.565241
0.716001 0.836541
0.993563 0.422531
0.644782 0.0601188
0.482107 0.084169
0.793624 0.714349
0.88241 0.958334
0.838373 0.514693
0.0980036 0.690216
0.85427 0.199078
0.144018 0.731724
0.365185 0.0120342
0.731043 0.646413
0.0830397 0.97253
0.315736 0.498266
0.232311 0.432148
0.0635066 0.948313
0.26869 0.0570697
0.370843 0.913472
0.117188 0.85295
0.997641 0.910812
0.567299 0.880051
0.869146 0.405673
0.394745 0.96715
0.0958882 0.249014
0.166228 0.239906
0.980738 0.531413
0.25194 0.711782
0.177826 0.33498
0.684312 0.493562
0.833246 0.916623
0.92571 0.896752
0.864936 0.1944
0.953822 0.235779
0.107872 0.0710103
0.0887291 0.105513
0.981823 0.656028
0.985564 0.850969
0.0617011 0.380309
0.818119 0.157589
0.629323 0.984346
0.397495 0.610061
0.515759 0.649436
0.321843 0.693585
0.984416 0.00615479
0.187147 0.817661
0.922778 0.112857
0.714413 0.787714
0.307257 0.668235
0.0234933 0.415129
0.739245 0.112222
0.520642 0.721068
0.768251 0.506206
0.572037 0.829952
0.886515 0.390155
0.987541 0.515838
0.374502 0.385037
0.125899 0.89026
0.0344721 0.447742
0.583845 0.0188876
0.453897 0.770992
0.836549 0.376675
0.883849 0.550962
0.164389 0.191106
0.219197 0.187882
0.606236 0.958442
0.300105 0.126878
0.67951 0.0683556
0.633084 0.251547
0.898307 0.519599
0.641702 0.885849
0.0354373 0.0162037
0.270885 0.161337
0.906464 0.305357
0.609079 0.490309
0.324245 0.0629756
0.261301 0.160793
0.439651 0.14515
0.711755 0.60404
0.336257 0.930952
0.791922 0.942492
0.889394 0.0920269
0.0693703 0.568905
0.160382 0.702454
0.820451 0.0586899
0.222054 0.462154
0.944539 0.257491
0.478357 0.215424
0.418828 0.384821
0.520781 0.0279063
0.875131 0.845026
0.0908818 0.136432
0.00581902 0.530532
0.281582 0.717574
0.134572 0.617839
0.648526 0.926494
0.560332 0.537921
0.018521 0.629702
0.106825 0.178903
0.332157 0.927277
0.237593 0.55421
0.38943 0.182132
0.811701 0.867787
0.397556 0.230529
0.252609 0.918336
0.258435 0.127739
0.763362 0.349317
0.264172 0.769181
0.879849 0.545754
0.486755 0.0144214
0.163593 0.135282
0.940916 0.723925
0.673202 0.959437
0.353627 0.780028
0.13834 0.685784
0.707305 0.375933
0.239994 0.0967348
0.558065 0.0516952
0.964522 0.955621
0.282224 0.217131
0.873957 0.540659
0.344871 0.637319
0.889976 0.609042
0.4065 0.769825
0.154796 0.893255
0.784247 0.318389
0.0285369 0.725162
0.0423144 0.701739
0.684599 0.395942
0.481767 0.822939
0.0817253 0.189072
0.198872 0.321719
0.285807 0.756938
0.373414 0.250329
0.712558 0.655639
0.46746 0.586515
0.196298 0.81233
0.223834 0.0862737
0.421372 0.630334
0.856099 0.576169
0.52359 0.640346
0.894558 0.552127
0.365508 0.936872
0.253866 0.0501073
0.332814 0.735633
0.873046 0.414539
0.924705 0.0719186
0.736258 0.210511
0.828856 0.109673
0.46084 0.541415
0.765311 0.9283
0.12793 0.961609
0.74063 0.351764
0.0478826 0.162003
0.982099 0.903982
0.738171 0.505689
0.544328 0.632729
0.0578152 0.909836
0.569601 0.311681
0.959943 0.902415
0.0473142 0.83299
0.316954 0.972019
0.904908 0.0532127
0.18253 0.733764
0.162885 0.64337
0.275179 0.928197
0.57167 0.403109
0.889806 0.312301
0.754873 0.937688
0.474304 0.736972
0.84167 0.212475
0.242661 0.385998
0.845204 0.300476
0.295834 0.414806
0.612157 0.255777
0.317221 0.659471
0.0887666 0.634175
0.63149 0.993675
0.687388 0.814021
0.727439 0.850273
0.457391 0.00261821
0.77847 0.0290616
0.405727 0.668276
0.341362 0.1606
0.605964 0.815666
0.897573 0.447634
0.0281408 0.140233
0.833632 0.873345
0.440709 0.129466
0.288151 0.0528665
0.385243 0.605371
0.712338 0.47401
0.239547 0.343828
0.467685 0.926935
0.157849 0.195124
0.777208 0.61524
0.197742 0.555678
0.644302 0.603469
0.223954 0.985664
0.76407 0.829919
0.80133 0.661642
0.277553 0.829471
0.801876 0.111185
0.702816 0.242585
0.240652 0.990966
0.295452 0.625895
0.596338 0.00778948
0.0999043 0.835884
0.351618 0.567589
0.762819 0.509467
0.762713 0.540027
0.124707 0.960455
0.0957055 0.769009
0.563924 0.31966
0.754673 0.327994
0.149579 0.556003
0.989636 0.427132
0.385474 0.791512
0.538317 0.0882893
0.0340967 0.778969
0.0792555 0.329548
0.404864 0.675593
0.337338 0.504768
0.511478 0.688956
0.0723567 0.274297
0.198422 0.835069
0.814324 0.323129
0.795524 0.910029
0.0921378 0.359448
0.229689 0.84681
0.687442 0.379268
0.402813 0.677078
0.8064 0.788287
0.468589 0.344717
0.876576 0.502686
0.123686 0.955832
0.832234 0.52855
0.631425 0.169572
0.0333174 0.142902
0.858528 0.105674
0.417199 0.0569499
0.940744 0.231522
0.380079 0.736268
0.141552 0.472217
0.095716 0.371241
0.319027 0.783158
0.750508 0.721841
0.460235 0.556908
0.510127 0.928825
0.901625 0.386703
0.431511 0.0253112
0.342535 0.263745
0.553861 0.973959
0.433317 0.587178
0.116862 0.291845
0.692852 0.53406
0.348794 0.633596
0.765583 0.728874
0.369864 0.907134
0.20109 0.46558
0.278375 0.520118
0.248738 0.0288832
0.241958 0.708973
0.585791 0.752085
0.637798 0.487416
0.138789 0.0693084
0.512728 0.481323
0.333053 0.0665885
0.455283 0.76637
0.653767 0.572144
0.0582147 0.346619
0.106205 0.407009
0.980215 0.871788
0.135883 0.350079
0.778922 0.336973
0.815659 0.0572968
0.857091 0.0643965
0.08618 0.099049
0.77337 0.671971
0.851134 0.411167
0.159388 0.989923
0.480476 0.672115
0.471246 0.813529
0.738704 0.926529
0.579899 0.39247
0.498674 0.638114
0.73909 0.604879
0.0451231 0.719305
0.476666 0.181006
0.0693835 0.255588
0.517979 0.885042
0.312885 0.37507
0.949439 0.399065
0.474119 0.722808
0.071036 0.325253
0.133976 0.230424
0.315176 0.614451
0.902539 0.786423
0.42798 0.641243
0.712952 0.00787949
0.0337133 0.211626
0.645993 0.772803
0.816504 0.691116
0.492107 0.29317
0.872122 0.561491
0.548758 0.390101
0.446533 0.861643
0.765171 0.395972
0.260708 0.23929
0.11878 0.331744
0.564543 0.252756
0.562167 0.879719
0.867207 0.464706
0.666142 0.295188
0.105949 0.379094
0.303067 0.139662
0.590719 0.94906
0.912465 0.407223
0.640177 0.404573
0.700393 0.512299
0.966064 0.249152
0.902401 0.412597
0.110795 0.667572
0.808569 0.371502
0.906862 0.927349
0.703246 0.471405
0.180104 0.265414
0.351124 0.0473117
0.73012 0.0172661
0.342499 0.836069
0.39636 0.645566
0.975732 0.987079
0.594627 0.888197
0.394302 0.234804
0.29277 0.0946959
0.747103 0.258833
0.343848 0.649503
0.67143 0.454642
0.317075 0.479998
0.826145 0.223937
0.407347 0.529391
0.695342 0.587451
0.794805 0.0464658
0.634763 0.524925
0.0637319 0.977262
0.360994 0.460092
0.622829 0.336726
0.447171 0.217456
0.224923 0.841473
0.452259 0.517692
0.936169 0.199362
0.776525 0.280017
0.848866 0.447955
0.734659 0.165941
0.927953 0.560804
0.389878 0.3353
0.0901947 0.0852193
0.922751 0.884999
0.131685 0.557515
0.409924 0.195417
0.534777 0.770918
0.655509 0.157606
0.107644 0.102679
0.375061 0.332567
0.944152 0.82732
0.850259 0.880321
0.0266824 0.626784
0.160338 0.875548
0.0747393 0.894997
0.0414888 0.00269256
0.4558 0.431366
0.337993 0.545995
0.516586 0.260744
0.430995 0.648271
0.818259 0.840919
0.843688 0.353036
0.611837 0.499197
0.510641 0.719481
0.601876 0.885702
0.052048 0.546028
0.713022 0.902307
0.42635 0.739705
0.529091 0.586688
0.615253 0.603831
0.481685 0.656742
0.606523 0.937485
0.0881081 0.944516
0.48348 0.604694
0.20526 0.914475
0.252965 0.0235186
0.755393 0.0966526
0.376554 0.367231
0.595849 0.887195
0.0867119 0.197725
0.772897 0.13876
0.743753 0.48592
0.0410668 0.170103
0.225625 0.570158
0.756791 0.840878
0.173989 0.238476
0.497619 0.780512
0.17596 0.585727
0.725028 0.659441
0.190421 0.930288
0.573915 0.443386
0.953806 0.329309
0.540039 0.33036
0.696539 0.135888
0.217556 0.783251
0.333613 0.990453
0.922011 0.0773662
0.476373 0.963078
0.247469 0.701997
0.533236 0.00426044
0.542875 0.707225
0.242736 0.0404942
0.487736 0.418696
0.626222 0.212764
0.078137 0.816643
0.143052 0.652052
0.260029 0.0968579
0.981361 0.800068
0.427218 0.6779
0.935955 0.644774
0.461151 0.269568
0.635227 0.383162
0.346934 0.111599
0.34624 0.594404
0.813597 0.879476
0.598664 0.356472
0.586701 0.8414
0.396966 0.0744373
0.260097 0.0231874
0.287201 0.338234
0.83983 0.430253
0.990286 0.0998593
0.527111 0.971647
0.899927 0.954329
0.649547 0.835882
0.599103 0.110698
0.105451 0.23433
0.493861 0.452385
0.345929 0.840101
0.0467888 0.159526
0.719577 0.645453
0.515998 0.306278
0.486853 0.912963
0.380716 0.74695
0.936151 0.667917
0.0851838 0.775981
0.0981698 0.0754697
0.87584 0.625281
0.0471165 0.775767
0.57961 0.696664
0.61165 0.178712
0.807362 0.7171
0.413042 0.301223
0.169485 0.758971
0.141324 0.216274
0.918497 0.860901
0.861727 0.434495
0.16718 0.348581
0.347458 0.547895
0.0955308 0.283609
0.215812 0.180715
0.0595899 0.313982
0.256184 0.93543
0.939262 0.303301
0.711198 0.518872
0.999964 0.322847
0.697584 0.807326
0.0399478 0.110626
0.108549 0.209433
0.869598 0.249873
0.425707 0.788095
0.110774 0.287434
0.222589 0.277954
0.636015 0.570047
0.825849 0.731546
0.853656 0.0416612
0.91226 0.913246
0.355643 0.168445
0.848676 0.294905
0.471746 0.559874
0.813777 0.47171
0.882721 0.511362
0.279036 0.922669
0.621988 0.387585
0.132102 0.491586
0.637459 0.557809
0.27968 0.748233
0.845243 0.502269
0.0261869 0.481258
0.072316 0.852036
0.212804 0.925972
0.893697 0.125064
0.839217 0.24934
0.293509 0.687893
0.544246 0.765254
0.247767 0.358023
0.236964 0.130488
0.869385 0.516001
0.0531569 0.491373
0.903586 0.185259
0.982958 0.541045
0.743068 0.262638
0.289278 0.588311
0.764907 0.315465
0.0695687 0.837223
0.167501 0.282372
0.763195 0.061198
0.407436 0.602412
0.310538 0.700945
0.290305 0.854784
0.4662 0.538072
0.212807 0.703164
0.66856 0.0821916
0.219165 0.721717
0.573564 0.122751
0.906976 0.556522
0.663795 0.650044
0.819161 0.953073
0.238354 0.584068
0.268538 0.307923
0.421291 0.436038
0.590295 0.184486
0.497236 0.997732
0.786899 0.807774
0.698677 0.077204
0.662559 0.164877
0.615276 0.875366
0.86804 0.283837
0.957557 0.087205
0.0055537 0.531121
0.209956 0.91253
0.0876438 0.873751
0.562573 0.906804
0.826824 0.800928
0.490872 0.0953616
0.108851 0.912164
0.5314 0.699146
0.0966498 0.0286359
0.696878 0.883548
0.83641 0.395555
0.960752 0.498969
0.560432 0.576029
0.374334 0.428472
0.859865 0.331892
0.515677 0.865419
0.863013 0.725633
0.777949 0.950657
0.599384 0.340522
0.857461 0.426208
0.141449 0.348334
0.521569 0.2503
0.260497 0.0529691
0.949446 0.357147
0.081605 0.646324
0.240695 0.918015
0.0418791 0.201448
0.416984 0.602311
0.777476 0.791319
0.0307825 0.637342
0.12321 0.546459
0.502761 0.986223
0.272092 0.280709
0.93688 0.871476
0.621231 0.794342
0.297683 0.762681
0.142675 0.819253
0.0129806 0.403173
0.872222 0.962427
0.76032 0.953827
0.608751 0.00101493
0.871842 0.65063
0.202463 0.288826
0.252941 0.979939
0.080145 0.283723
0.617281 0.203355
0.830182 0.120042
0.189579 0.102274
0.400751 0.126459
0.97375 0.0219821
0.920801 0.271433
0.784663 0.0634764
0.0906859 0.797643
0.466649 0.962908
0.76007 0.226969
0.916735 0.368821
0.227983 0.788577
0.0194508 0.430446
0.077403 0.272391
0.410385 0.157548
0.556114 0.0276663
0.360903 0.386297
0.147708 0.550482
0.488571 0.548459
0.676941 0.462321
0.570441 0.597742
0.733754 0.355104
0.661219 0.82444
0.152747 0.127868
0.787348 0.912817
0.354836 0.704082
0.281638 0.58282
0.492659 0.301089
0.0132657 0.570062
0.57348 0.423651
0.72761 0.129595
0.451317 0.0885135
0.515892 0.599025
0.638996 0.00446273
0.147484 0.315937
0.466784 0.717925
0.913679 0.200538
0.0730292 0.574898
0.0249783 0.225776
0.702765 0.812326
0.138593 0.0576014
0.516409 0.420231
0.640421 0.00906781
0.72132 0.653687
0.57913 0.2948
0.0773378 0.30674
0.424395 0.528655
0.395254 0.940286
0.127681 0.0342493
0.944749 0.275165
0.350186 0.411533
0.99309 0.263865
0.612071 0.0661193
0.838763 0.637049
0.291896 0.541529
0.449376 0.430489
0.59913 0.965784
0.85072 0.239551
0.974852 0.57204
0.893238 0.553982
0.866841 0.970575
0.860722 0.291235
0.499231 0.255976
0.231522 0.626911
0.290225 0.176271
0.902076 0.640411
0.587804 0.895166
0.904277 0.199875
0.961285 0.74304
0.836925 0.253181
0.284568 0.286301
0.68367 0.883698
0.252085 0.53439
0.123249 0.226937
0.10643 0.016487
0.780919 0.973271
0.987062 0.641642
0.264506 0.486293
0.897618 0.496028
0.113204 0.187843
0.672299 0.0152802
0.828254 0.260103
0.910446 0.732531
0.459979 0.871732
0.475571 0.296903
0.124913 0.760139
0.583204 0.808583
0.643838 0.835289
0.342973 0.767087
0.0622262 0.449403
0.783574 0.843146
0.422674 0.770636
0.484787 0.68718
0.25693 0.382405
0.183208 0.370134
0.570248 0.855507
0.385414 0.398502
0.115611 0.295861
0.131033 0.575589
0.167592 0.606604
0.872493 0.292505
0.366743 0.455697
0.101088 0.010581
0.290986 0.444061
0.777668 0.353212
0.893463 0.561242
0.196358 0.316137
0.331879 0.681145
0.00331694 0.588808
0.06355 0.186525
0.958942 0.633798
0.0420321 0.344356
0.0323 0.157643
0.640217 0.163333
0.733232 0.807809
0.769937 0.605725
0.100314 0.13668
0.0614213 0.201402
0.147261 0.352407
0.645463 0.924929
0.705619 0.538926
0.486171 0.901976
0.855063 0.81805
0.583121 0.85838
0.406858 0.646671
0.0449052 0.3658
0.280469 0.0869373
0.710156 0.312769
0.24458 0.350373
0.476102 0.977812
0.158182 0.246039
0.583537 0.258497
0.38272 0.644958
0.459899 0.529981
0.997365 0.105362
0.45491 0.702984
0.644288 0.941082
0.60496 0.499351
0.759132 0.188081
0.357732 0.16599
0.834753 0.402637
0.53179 0.115222
0.489574 0.241947
0.427991 0.734154
0.59232 0.904093
0.711966 0.750502
0.150133 0.295503
0.00899906 0.532852
0.940461 0.468898
0.0628334 0.937826
0.57426 0.517744
0.640809 0.218548
0.458826 0.245769
0.717899 0.217957
0.433851 0.0756313
0.383947 0.268603
0.478268 0.915737
0.383825 0.967843
0.157684 0.811816
0.701997 0.750004
0.71591 0.413963
0.500506 0.866042
0.709466 0.509505
0.398895 0.649927
0.978403 0.461728
0.587753 0.552663
0.979472 0.228562
0.771211 0.438297
0.474331 0.489111
0.656255 0.908182
0.564742 0.0402021
0.176785 0.0430104
0.955939 0.56061
0.0108531 0.113624
0.372426 0.71285
0.863627 0.0883358
0.126814 0.364134
0.954378 0.83628
0.873639 0.353273
0.486207 0.852042
0.815001 0.0739601
0.404705 0.794473
0.302522 0.175917
0.23277 0.776853
0.665027 0.889025
0.685035 0.229769
0.929227 0.86182
0.27278 0.885167
0.42243 0.283633
0.99879 0.794857
0.996483 0.862418
0.883192 0.123297
0.226551 0.83757
0.959577 0.10019
0.190843 0.445785
0.952232 0.0058439
0.519745 0.356938
0.800317 0.822267
0.532855 0.0330869
0.59912 0.197882
0.922112 0.284155
0.427652 0.851339
0.145975 0.700431
0.736506 0.568406
0.984064 0.735296
0.363262 0.980548
0.597713 0.246454
0.103845 0.824265
0.0840247 0.063422
0.924455 0.274868
0.509206 0.876687
0.280712 0.0289511
0.233625 0.0810283
0.851218 0.76648
0.114115 0.450338
0.964362 0.0362272
0.734493 0.392014
0.887566 0.880468
0.0924449 0.624072
0.448874 0.0765093
0.359368 0.812136
0.057057 0.957081
0.0585903 0.160902
0.781346 0.142615
0.224324 0.705801
0.417483 0.73353
0.582488 0.698194
0.762481 0.816114
0.779223 0.613699
0.582594 0.893338
0.0640367 0.546956
0.929565 0.798529
0.938969 0.817131
0.678998 0.0314143
0.441203 0.127871
0.107924 0.800571
0.940007 0.164981
0.757653 0.998598
0.325882 0.538999
0.141213 0.550206
0.2448 0.558695
0.283736 0.827288
0.25689 0.0462177
0.643402 0.0361126
0.659917 0.225996
0.929451 0.723953
0.772952 0.859016
0.522483 0.711921
0.676147 0.20148
0.743335 0.117351
0.329352 0.851259
0.917922 0.269359
0.0162395 0.675575
0.267957 0.342122
0.214574 0.409169
0.892328 0.459374
0.967865 0.176064
0.286662 0.224754
0.222282 0.930065
0.260867 0.882199
0.156061 0.190318
0.606152 0.929012
0.0493335 0.128635
0.640933 0.725481
0.330116 0.384269
0.842832 0.659467
0.235528 0.760754
0.928826 0.251767
0.436329 0.196783
0.593889 0.650902
0.605952 0.486217
0.110276 0.573817
0.662282 0.396939
0.798571 0.884564
0.327003 0.0594381
0.766763 0.483064
0.249756 0.372915
0.412076 0.299089
0.50155 0.0530094
0.02457 0.831666
0.437278 0.867402
0.491133 0.672806
0.628155 0.419959
0.924573 0.0644838
0.616742 0.518462
0.715386 0.222694
0.00467931 0.825662
0.796511 0.666961
0.222601 0.595082
0.551525 0.549604
0.65452 0.318287
0.0326679 0.904276
0.691202 0.444744
0.203365 0.192752
0.497753 0.227935
0.024418 0.935031
0.0953365 0.515551
0.607837 0.723492
0.93551 0.53241
0.787975 0.552252
0.0508724 0.503362
0.774946 0.0555517
0.329024 0.571457
0.722513 0.551625
0.166539 0.274037
0.101229 0.821059
0.592325 0.133897
0.725335 0.283527
0.578641 0.9287
0.47628 0.0763946
0.156635 0.500698
0.011426 0.251972
0.0162486 0.619263
0.975463 0.951759
0.151674 0.763439
0.504011 0.202546
0.266801 0.278957
0.258098 0.595825
0.850414 0.98061
0.14745 0.0169538
0.254648 0.248679
0.838013 0.846973
0.382577 0.563348
0.1305 0.961218
0.492049 0.60678
0.0376126 0.648684
0.107478 0.0490386
0.900655 0.123726
0.668302 0.876119
0.0754847 0.819976
0.639558 0.579495
0.0225215 0.906358
0.858453 0.280619
0.502183 0.708867
0.26123 0.649633
0.725821 0.515877
0.898312 0.563834
0.36285 0.280889
0.127183 0.49335
0.242107 0.619231
0.10013 0.279719
0.267915 0.207608
0.328758 0.168571
0.331334 0.99706
0.0446894 0.406818
0.817036 0.684247
0.986314 0.839557
0.590605 0.844767
0.120176 0.0927879
0.553634 0.381406
0.742421 0.279455
0.897283 0.640733
0.843289 0.260134
0.921622 0.970471
0.753484 0.163729
0.589703 0.853614
0.443448 0.857618
0.0612215 0.772206
0.0261885 0.392555
0.769266 0.0708778
0.799374 0.586302
0.755125 0.785688
0.425859 0.34573
0.630454 0.546035
0.438518 0.184088
0.927441 0.180938
0.463542 0.824725
0.821671 0.306831
0.0848583 0.743293
0.277303 0.838342
0.907022 0.867005
0.691956 0.35047
0.724623 0.753178
0.122676 0.750812
0.145733 0.891943
0.821689 0.945107
0.478244 0.576814
0.730794 0.904103
0.922544 0.361248
0.450139 0.361062
0.545336 0.37758
0.542 0.00887852
0.202305 0.363672
0.31571 0.287163
0.106965 0.593012
0.125505 0.0139862
0.460017 0.817461
0.364456 0.184641
0.570639 0.487132
0.935452 0.716372
0.379075 0.757142
0.661478 0.857319
0.333956 0.392272
0.761423 0.2565
0.753521 0.211561
0.617562 0.298857
0.589141 0.159562
0.307735 0.791446
0.523234 0.623445
0.0786085 0.630198
0.216457 0.204113
0.644184 0.676475
0.0215745 0.00864049
0.861115 0.592213
0.495773 0.796567
0.308585 0.874848
0.553709 0.970063
0.732167 0.887665
0.362335 0.49359
0.144164 0.115856
0.705151 0.761726
0.414713 0.294292
0.921288 0.722448
0.0857375 0.444522
0.345893 0.164346
0.07472 0.56235
0.36846 0.718904
0.238825 0.390034
0.727545 0.0999399
0.982247 0.223318
0.896507 0.290832
0.0981653 0.450216
0.260895 0.830332
0.33788 0.62323
0.323922 0.482045
0.739086 0.0290725
0.243771 0.153799
0.323364 0.165059
0.876247 0.409102
0.609581 0.22214
0.573448 0.684301
0.78449 0.941907
0.403206 0.0233146
0.331942 0.13075
0.123255 0.314189
0.354068 0.0197616
0.605021 0.452233
0.469978 0.865916
0.282565 0.807858
0.489146 0.606487
0.289903 0.228232
0.63556 0.533674
0.38203 0.958924
0.698733 0.258277
0.368026 0.308315
0.480417 0.941474
0.992616 0.264907
0.883381 0.395821
0.288221 0.215323
0.526572 0.411476
0.529512 0.88064
0.431237 0.134533
0.332873 0.901215
0.000448409 0.615438
0.709073 0.489594
0.221926 0.998976
0.717826 0.857485
0.53265 0.0998564
0.816409 0.231383
0.358133 0.184435
0.539698 0.83855
0.125909 0.532314
0.103457 0.00929077
0.928135 0.391678
0.224614 0.454707
0.803154 0.754125
0.335346 0.234391
0.888658 0.668219
0.135606 0.889107
0.283658 0.844679
0.378701 0.505583
0.843655 0.0965268
0.363069 0.376305
0.196383 0.179478
0.607688 0.554517
0.363914 0.147386
0.393067 0.489823
0.679699 0.496524
0.499114 0.607834
0.888202 0.723728
0.0625409 0.691355
0.477853 0.397887
0.925746 0.366511
0.0661067 0.0613526
0.255618 0.349765
0.906032 0.634318
0.855348 0.749687
0.730845 0.218417
0.125991 0.927228
0.397895 0.733679
0.481745 0.761809
0.881065 0.874812
0.251632 0.560764
0.371335 0.750746
0.168598 0.259537
0.474474 0.231139
0.950892 0.952327
0.629026 0.876639
0.318838 0.695133
0.937991 0.574456
0.0448976 0.844023
0.208774 0.900246
0.59371 0.93962
0.118663 0.719701
0.866848 0.516558
0.45338 0.348593
0.278367 0.334444
0.223405 0.529999
0.895208 0.59474
0.280745 0.0638059
0.854277 0.755219
0.294945 0.805169
0.707546 0.923971
0.681808 0.0263844
0.619104 0.619799
0.60084 0.664002
0.463822 0.809615
0.564247 0.0575316
0.749234 0.68291
0.777232 0.616082
0.199468 0.230612
0.964676 0.477835
0.565056 0.188081
0.00783391 0.460264
0.782821 0.288579
0.52407 0.637098
0.0437986 0.819015
0.442267 0.751345
0.742986 0.124075
0.777729 0.36209
0.743874 0.378569
0.0260918 0.207696
0.188184 0.590339
0.265228 0.937418
0.273249 0.0424602
0.553501 0.472717
0.273072 0.518176
0.950551 0.838129
0.706257 0.958385
0.298393 0.489078
0.246965 0.822463
0.126176 0.290763
0.641478 0.568443
0.042108 0.384464
0.692518 0.819837
0.746554 0.436392
0.198407 0.772646
0.644089 0.386591
0.362985 0.909317
0.324009 0.636234
0.951777 0.87751
0.108951 0.224849
0.395686 0.0595024
0.0629778 0.101943
0.0178877 0.361371
0.59102 0.264852
0.183834 0.717196
0.555615 0.825312
0.285639 0.597723
0.209776 0.978157
0.417561 0.956331
0.414549 0.615967
0.728977 0.0586383
0.00255792 0.0919623
0.967955 0.326567
0.728197 0.919732
0.204077 0.837148
0.144581 0.599762
0.89665 0.207559
0.701705 0.914538
0.56893 0.292725
0.17939 0.752763
0.00992113 0.735006
0.578075 0.29556
0.332729 0.787851
0.273717 0.75029
0.744182 0.688267
0.366257 0.473159
0.746905 0.368815
0.565121 0.71486
0.695382 0.293318
0.634592 0.899458
0.130465 0.779173
0.499221 0.0271156
0.986732 0.200926
0.941654 0.555661
0.493651 0.121044
0.308425 0.503572
0.856049 0.8865
0.799132 0.188779
0.674351 0.0728491
0.939068 0.418532
0.761116 0.305326
0.891691 0.50802
0.674141 0.456812
0.22288 0.369522
0.750129 0.857472
0.268981 0.880595
0.636645 0.768202
0.90771 0.623377
0.969127 0.849364
0.179038 0.462778
0.970407 0.487463
0.966351 0.826457
0.373962 0.765483
0.0152353 0.0483127
0.838332 0.954304
0.466845 0.599447
0.259629 0.358536
0.107468 0.93377
0.815347 0.330348
0.303292 0.565476
0.18782 0.572273
0.446071 0.824465
0.340475 0.353781
0.447842 0.309602
0.203145 0.62688
0.772381 0.173552
0.114342 0.738731
8.68272e-06 0.488305
0.504214 0.015244
0.536617 0.342545
0.969548 0.00346219
0.941993 0.229177
0.361998 0.0494608
0.162947 0.177345
0.379809 0.466239
0.742821 0.567629
0.0385122 0.188892
0.392094 0.378987
0.542673 0.839936
0.688589 0.745817
0.466816 0.46097
0.919369 0.581158
0.199701 0.919378
0.0694626 0.703915
0.934622 0.60608
0.04646 0.90417
0.609542 0.988453
0.133347 0.97154
0.0379137 0.296293
0.148885 0.417723
0.762533 0.891706
0.985352 0.801045
0.0805977 0.377445
0.180032 0.62327
0.217381 0.868621
0.369088 0.684197
0.329591 0.288457
0.265355 0.529291
0.207835 0.334817
0.233206 0.142457
0.940897 0.279666
0.0466266 0.550439
0.268119 0.179973
0.521979 0.306033
0.476267 0.670864
0.723755 0.238799
0.56257 0.709107
0.039844 0.643167
0.0865522 0.219876
0.266438 0.303933
0.0884966 0.635526
0.98813 0.418087
0.923983 0.253485
0.947379 0.131818
0.588302 0.180585
0.274275 0.529199
0.460251 0.320901
0.0796384 0.728369
0.500874 0.601618
0.034402 0.977141
0.272482 0.758157
0.21594 0.835051
0.467264 0.255784
0.478219 0.553816
0.47566 0.744657
0.857749 0.564157
0.380182 0.845879
0.982244 0.304165
0.099364 0.929623
0.435982 0.687666
0.110207 0.710257
0.216865 0.570458
0.031158 0.296503
0.298827 0.532032
0.898121 0.333229
0.509173 0.170602
0.0913864 0.725114
0.00565376 0.55865
0.980898 0.483872
0.112466 0.456559
0.228529 0.970216
0.0207154 0.608711
0.816095 0.00295938
0.912876 0.915459
0.932582 0.348858
0.603125 0.0427892
0.0591151 0.81999
0.613247 0.0902731
0.116493 0.912074
0.622305 0.0146139
0.245303 0.131479
0.185216 0.33669
0.856593 0.19087
0.89534 0.837491
0.674743 0.00780625
0.29405 0.903272
0.978022 0.314765
0.511983 0.794117
0.317724 0.424859
0.709576 0.250306
0.773717 0.312701
0.293096 0.832832
0.132691 0.906343
0.923105 0.249184
0.818417 0.545411
0.263798 0.0637199
0.67689 0.449014
0.40041 0.533482
0.639884 0.295749
0.370973 0.314627
0.303556 0.665023
0.217898 0.281578
0.979788 0.729881
0.0756946 0.297513
0.15474 0.785271
0.547819 0.928457
0.0979715 0.840915
0.761289 0.230662
0.747257 0.684394
0.479846 0.565674
0.229805 0.743643
0.629394 0.906695
0.192657 0.0298034
0.440177 0.832541
0.325553 0.811151
0.147168 0.629108
0.476174 0.365067
0.910686 0.455962
0.094948 0.986381
0.753475 0.249688
0.771651 0.301294
0.178145 0.869623
0.142209 0.939434
0.100285 0.889466
0.623829 0.580131
0.45514 0.853634
0.323774 0.0845339
0.760329 0.516431
0.114337 0.200506
0.348973 0.43989
0.0116565 0.496141
0.0689986 0.48783
0.861208 0.979685
0.943792 0.956156
0.966065 0.697267
0.205844 0.737717
0.998561 0.383989
0.60734 0.14077
0.323423 0.707625
0.0302357 0.947252
0.287756 0.485376
0.800886 0.61153
0.56991 0.561215
0.127961 0.684247
0.761721 0.476934
0.124137 0.773377
0.973075 0.193136
0.261207 0.834282
0.17282 0.205
0.790438 0.138886
0.902267 0.996282
0.876603 0.900827
0.380271 0.483942
0.0415971 0.703694
0.191567 0.0718328
0.650945 0.479323
0.557209 0.451831
0.0908524 0.127118
0.013046 0.218813
0.811365 0.774767
0.695747 0.935502
0.548144 0.668822
0.128637 0.809351
0.503104 0.301458
0.0143503 0.293542
0.440343 0.916617
0.289824 0.316946
0.817444 0.670094
0.800888 0.859042
0.373788 0.992455
0.930874 0.0247335
0.471778 0.488083
0.476565 0.562631
0.615201 0.489611
0.781444 0.426566
0.264377 0.477191
0.362068 0.812521
0.146013 0.490705
0.621872 0.649117
0.792163 0.636222
0.942659 0.232506
0.552839 0.232483
0.549452 0.370283
0.902577 0.350341
0.229325 0.276365
0.342796 0.160199
0.301099 0.814574
0.648282 0.777664
0.377205 0.263483
0.267274 0.158649
0.690049 0.531652
0.63584 0.0521168
0.344173 0.781853
0.542822 0.966044
0.43097 0.334985
0.602266 0.373629
0.567492 0.155105
0.606112 0.116944
0.525388 0.508689
0.467285 0.754713
0.785054 0.810081
0.914912 0.0861531
0.624655 0.563194
0.863817 0.00186021
0.826677 0.131091
0.160509 0.516725
0.662743 0.796349
0.568842 0.00691543
0.578202 0.111664
0.97296 0.00917215
0.44665 0.575226
0.382801 0.0141418
0.730331 0.988913
0.131086 0.255719
0.497602 0.598371
0.0104318 0.282656
0.408452 0.925344
0.368809 0.0331068
0.488537 0.232626
0.0349671 0.315214
0.363717 0.195476
0.831939 0.0264597
0.991826 0.400781
0.0333751 0.570028
0.512446 0.00633475
0.5792 0.959096
0.581561 0.962001
0.973238 0.311891
0.950914 0.104324
0.56761 0.448516
0.702694 0.578042
0.731172 0.111146
0.503386 0.0999808
0.144253 0.991923
0.332607 0.17922
0.307137 0.696323
0.374696 0.139076
0.722783 0.366522
0.539858 0.756158
0.93655 0.0523034
0.762493 0.51575
0.0113992 0.344053
0.477751 0.984637
0.655945 0.428665
0.0889604 0.223555
0.877181 0.791655
0.801597 0.608353
0.902801 0.304983
0.708333 0.0470534
0.296906 0.0409399
0.226273 0.604043
0.737263 0.600969
0.743119 0.460046
0.967491 0.282976
0.216205 0.904041
0.33528 0.978697
0.419791 0.346679
0.322751 0.897543
0.331316 0.978696
0.326208 0.420276
0.202251 0.203389
0.211931 0.003848
0.811742 0.114731
0.308831 0.520075
0.161785 0.605737
0.561015 0.388058
0.209779 0.298278
0.989027 0.952898
0.758325 0.956519
0.235874 0.974529
0.86056 0.571154
0.953227 0.280351
0.917833 0.275978
0.177894 0.249148
0.254673 0.504102
0.669424 0.456924
0.707491 0.881355
0.460772 0.519233
0.996087 0.769603
0.0393078 0.157871
0.37534 0.600323
0.545929 0.585119
0.898601 0.534957
0.538017 0.656925
0.491475 0.773891
0.631455 0.352036
0.345045 0.584681
0.632387 0.262877
0.860659 0.810281
0.512026 0.115332
0.314384 0.18145
0.572256 0.0218751
0.0628054 0.0330283
0.541108 0.0588919
0.802631 0.580416
0.216763 0.177971
0.180738 0.762692
0.76309 0.0793393
0.297649 0.301106
0.736265 0.789125
0.0749973 0.367719
0.14116 0.420042
0.9524 0.773547
0.682919 0.813059
0.583829 0.194945
0.928391 0.898212
0.376395 0.500647
0.920087 0.439201
0.533675 0.461196
0.498093 0.336307
0.0416114 0.714856
0.514278 0.22235
0.477548 0.277367
0.301689 0.775197
0.578474 0.0379538
0.564322 0.653471
0.405673 0.705482
0.0735128 0.358073
0.47903 0.756432
0.171132 0.0628582
0.951377 0.0995234
0.961071 0.327773
0.600171 0.881158
0.766973 0.133846
0.342354 0.265066
0.470153 0.383965
0.979922 0.98443
0.606315 0.45747
0.261797 0.908004
0.232667 0.840271
0.945958 0.796989
0.493742 0.351631
0.502472 0.567255
0.709704 0.981501
0.323687 0.880836
0.0443594 0.275064
0.98036 0.0054299
0.602836 0.58053
0.886588 0.369809
0.714376 0.228942
0.634875 0.184529
0.612906 0.614797
0.168959 0.219221
0.0722666 0.430757
0.127225 0.304934
0.271028 0.0731826
0.101923 0.764769
0.424813 0.604395
0.332024 0.134517
0.585896 0.655711
0.0153532 0.630255
0.930774 0.995713
0.635685 0.533611
0.576243 0.522273
0.90342 0.290619
0.751215 0.538295
0.475148 0.364121
0.153092 0.644107
0.583342 0.225359
0.0748642 0.710567
0.530293 0.345892
0.78375 0.632216
0.110661 0.208563
0.23661 0.442685
0.34308 0.822506
0.0983959 0.358433
0.452761 0.0291702
0.354146 0.0884461
0.562781 0.930389
0.610719 0.466201
0.221008 0.361934
0.00449636 0.696157
0.726055 0.157589
0.340264 0.309397
0.382947 0.415128
0.019964 0.91324
0.76102 0.803714
0.545455 0.871682
0.0122769 0.782065
0.314367 0.355357
0.604571 0.412763
0.71379 0.0573325
0.441933 0.0679366
0.145779 0.00471399
0.998326 0.756498
0.470915 0.219334
0.118431 0.475411
0.915491 0.844486
0.633 0.255755
0.153883 0.0159472
0.670883 0.173846
0.929187 0.431904
0.97756 0.474642
0.303585 0.989837
0.256708 0.617952
0.345194 0.861279
0.0307152 0.0589847
0.918612 0.472648
0.126921 0.0643902
0.477362 0.125247
0.820888 0.948277
0.344581 0.939319
0.423689 0.260072
0.783805 0.0566885
0.515827 0.937687
0.0726357 0.18671
0.111534 0.00182265
0.618614 0.0890942
0.476465 0.922199
0.0789315 0.733173
0.540151 0.424126
0.594452 0.570867
0.483111 0.513064
0.0435149 0.610032
0.577454 0.520877
0.735279 0.398342
0.469154 0.0798601
0.337661 0.892843
0.339932 0.121466
0.949532 0.855759
0.0591531 0.0221672
0.0424696 0.170687
0.0239898 0.661083
0.259781 0.500455
0.583283 0.338713
0.233628 0.123434
0.762839 0.82808
0.694301 0.245949
0.341143 0.737816
0.855981 0.918597
0.258693 0.59126
0.316939 0.727847
0.67112 0.6546
0.62069 0.0110521
0.776066 0.570222
0.866811 0.835219
0.592389 0.909281
0.00590573 0.616379
0.570364 0.265687
0.116833 0.153647
0.6044 0.350461
0.277081 0.367238
0.178541 0.971382
0.613187 0.519684
0.709197 0.469168
0.438281 0.96789
0.0604279 0.75522
0.695737 0.731548
0.40982 0.316427
0.7426 0.185886
0.886649 0.609411
0.0211046 0.479038
0.518692 0.0270103
0.0954168 0.0890563
0.292697 0.21225
0.242703 0.897097
0.562711 0.519784
0.264335 0.741252
0.491166 0.877523
0.260936 0.200363
0.346691 0.699217
0.168253 0.407119
0.454438 0.863991
0.138666 0.864258
0.180418 0.881266
0.0501437 0.0670673
0.490677 0.0712482
0.546105 0.00936942
0.0982585 0.641522
0.0984258 0.390956
0.853772 0.341129
0.288053 0.416484
0.860913 0.552388
0.157736 0.35208
0.42991 0.418672
0.552443 0.776601
0.117889 0.720696
0.18372 0.572327
0.584687 0.322386
0.436584 0.765105
0.203652 0.486728
0.832172 0.69433
0.557976 0.378278
0.703699 0.656235
0.0197997 0.802125
0.0471906 0.873572
0.143254 0.335243
0.290056 0.0041675
0.887631 0.447791
0.356247 0.317542
0.866463 0.90869
0.0941428 0.984352
0.629386 0.277863
0.556678 0.214073
0.600249 0.993263
0.979178 0.803901
0.479991 0.81135
0.498231 0.0379674
0.189628 0.20193
0.694202 0.209428
0.00405512 0.741393
0.0829996 0.147309
0.0766363 0.373055
0.151477 0.964268
0.820846 0.507724
0.281809 0.687309
0.416414 0.375952
0.671661 0.0457998
0.653815 0.22834
0.259873 0.254063
0.221603 0.239051
0.0579644 0.701594
0.0504015 0.556195
0.739561 0.240029
0.758125 0.433763
0.449457 0.762181
0.175156 0.532457
0.90949 0.251793
0.905512 0.0609665
0.21606 0.726358
0.56869 0.497869
0.413667 0.985104
0.873821 0.0853286
0.0309036 0.527636
0.313668 0.290777
0.781699 0.535271
0.529828 0.839664
0.236865 0.580229
0.395859 0.976426
0.820259 0.153985
0.410189 0.269716
0.916165 0.585346
0.802172 0.825655
0.837138 0.707684
0.886621 0.0531986
0.434042 0.455312
0.551068 0.847709
0.440415 0.42489
0.933038 0.471319
0.952526 0.246706
0.762096 0.734225
0.781977 0.291923
0.573889 0.0188418
0.872152 0.969748
0.995268 0.692411
0.123732 0.405457
0.962126 0.0398974
0.990802 0.764298
0.865552 0.827941
0.471982 0.752174
0.881139 0.906024
0.207485 0.432208
0.753733 0.647901
0.857097 0.686771
0.11922 0.809623
0.933478 0.881315
0.543848 0.715455
0.173239 0.117736
0.734297 0.045391
0.0874839 0.729564
0.737802 0.211216
0.135021 0.699928
0.251114 0.125823
0.464227 0.116666
0.953764 0.936209
0.86884 0.834904
0.842233 0.076325
0.267111 0.595967
0.724226 0.124208
0.282738 0.843445
0.933831 0.216216
0.724761 0.477679
0.931671 0.897999
0.595415 0.665967
0.94339 0.682899
0.395531 0.681192
0.894115 0.530552
0.38112 0.145228
0.656376 0.845347
0.261894 0.61014
0.781556 0.130734
0.445044 0.623789
0.207059 0.712155
0.219756 0.931285
0.836364 0.502494
0.77473 0.770195
0.71871 0.499491
0.247873 0.65038
0.39749 0.843288
0.316347 0.340881
0.526187 0.711879
0.0220728 0.420301
0.242431 0.403193
0.56553 0.898807
0.24854 0.827424
0.508947 0.0300966
0.958158 0.953991
0.653886 0.165217
0.666146 0.873642
0.0965018 0.50251
0.376136 0.871232
0.272704 0.0948455
0.370723 0.520578
0.745226 0.768213
0.363866 0.061573
0.109094 0.890053
0.773452 0.131167
0.310354 0.0158825
0.53436 0.875884
0.914689 0.782901
0.703308 0.423636
0.812997 0.661466
0.377626 0.466883
0.826683 0.0437722
0.340525 0.923185
0.546282 0.716661
0.794417 0.818986
0.811506 0.16514
0.339564 0.556732
0.933354 0.70343
0.618305 0.0424478
0.593483 0.391756
0.173615 0.903837
0.407639 0.707975
0.779721 0.322328
0.490876 0.483029
0.745964 0.303873
0.144495 0.12359
0.770756 0.971178
0.167362 0.111281
0.894363 0.713644
0.827942 0.68878
0.53263 0.639448
0.85392 0.872195
0.19618 0.787274
0.575624 0.814484
0.829722 0.169107
0.206241 0.00333639
0.0729436 0.61388
0.711311 0.852664
0.936208 0.202187
0.335693 0.682171
0.50606 0.480188
0.805762 0.276816
0.451365 0.973124
0.388097 0.345728
0.686768 0.216039
0.0345084 0.219398
0.855487 0.888429
0.091593 0.051666
0.675702 0.667217
0.86615 0.505424
0.836324 0.0723913
0.50876 0.909268
0.686271 0.220072
0.761932 0.622479
0.422259 0.0976249
0.30465 0.928319
0.577812 0.110412
0.205136 0.0291778
0.0835355 0.593233
0.374906 0.770304
0.809271 0.409415
0.989702 0.664758
0.297843 0.0812951
0.716424 0.973546
0.748512 0.582574
0.47897 0.584837
0.654966 0.98773
0.494105 0.341237
0.207802 0.256037
0.963715 0.630061
0.353662 0.268366
0.558381 0.931474
0.378777 0.763516
0.960652 0.462313
0.356749 0.335558
0.232616 0.16602
0.744973 0.222319
0.830778 0.0428161
0.303614 0.547202
0.0163619 0.0521261
0.129777 0.495332
0.636963 0.784743
0.483062 0.131068
0.125979 0.690864
0.387105 0.0896947
0.320926 0.740766
0.35806 0.879307
0.67224 0.736838
0.642823 0.632892
0.199151 0.999572
0.96845 0.431767
0.165592 0.713423
0.654086 0.99637
0.756239 0.957699
0.543573 0.772601
0.00982521 0.67335
0.267933 0.646788
0.458092 0.750995
0.777856 0.584071
0.44186 0.16496
0.673766 0.762786
0.905727 0.0318265
0.642092 0.577967
0.768664 0.284915
0.210859 0.967815
0.284487 0.17931
0.399582 0.450079
0.892733 0.0536674
0.446449 0.648972
0.0113666 0.990022
0.421574 0.0211918
0.663371 0.689507
0.66798 0.121464
0.440502 0.445836
0.705535 0.882361
0.610796 0.379301
0.645147 0.516523
0.411128 0.287239
0.0944897 0.179792
0.572154 0.305349
0.147607 0.85664
0.484659 0.547189
0.306719 0.377392
0.600856 0.753168
