0.966431 0.448332
0.450025 0.549164
0.615632 0.661776
0.450174 0.539821
0.495828 0.47579
0.523966 0.499232
0.484232 0.486956
0.495536 0.478015
0.499799 0.520753
0.485096 0.477503
0.818275 0.329159
0.5 0.5
0.460702 0.499818
0.695003 0.136836
0.469362 0.539977
0.488009 0.513624
0.40349 0.32466
0.5 0.5
0.5 0.5
0.576094 0.60177
0.483515 0.504202
0.512109 0.482592
0.476202 0.491676
0.50526 0.522111
0.503745 0.47084
0.520762 0.493664
0.479925 0.506216
0.5184 0.498286
0.636592 0.478292
0.690465 0.764186
0.490344 0.517087
0.926183 0.510183
0.639312 0.684655
0.501146 0.520545
0.496964 0.483241
0.548317 0.472673
0.522999 0.489616
0.506184 0.491736
0.52086 0.490084
0.467305 0.513414
0.518681 0.508373
0.0851454 0.825846
0.413126 0.553765
0.5 0.5
0.458641 0.477742
0.512217 0.484563
0.458234 0.495208
0.510751 0.504094
0.493054 0.503549
0.513377 0.481578
0.529391 0.466197
0.76518 0.889245
0.484998 0.505121
0.51023 0.504288
0.5 0.5
0.804984 0.123184
0.5 0.5
0.593113 0.536321
0.541703 0.490287
0.45842 0.600474
0.747173 0.865029
0.469039 0.560621
0.414875 0.364056
0.504642 0.522859
0.515624 0.505517
0.49748 0.523792
0.427175 0.673322
0.5 0.5
0.523671 0.499276
0.473475 0.563506
0.606699 0.436261
0.532299 0.511066
0.488257 0.52135
0.472323 0.506985
0.461263 0.508696
0.518935 0.533724
0.494791 0.485669
0.58873 0.669652
0.477062 0.487026
0.519372 0.500265
0.504795 0.587252
0.717107 0.792758
0.545178 0.478569
0.66136 0.723551
0.5 0.5
0.528303 0.508342
0.479199 0.493881
0.145772 0.437223
0.508908 0.485155
0.48098 0.499472
0.520047 0.489113
0.444105 0.47213
0.683328 0.963251
0.493367 0.53624
0.476342 0.527056
0.472356 0.523711
0.566505 0.598042
0.518267 0.491522
0.410863 0.444842
0.322998 0.629577
0.512863 0.516569
0.471434 0.543339
0.478369 0.502548
0.359495 0.411634
0.506325 0.478437
0.630258 0.490114
0.396354 0.620612
0.527466 0.520798
0.547526 0.469536
0.520633 0.497508
0.42425 0.595345
0.736312 0.704796
0.518687 0.490584
0.415086 0.337897
0.530774 0.501374
0.5187 0.496337
0.437489 0.392512
0.454883 0.490989
0.502645 0.485503
0.514567 0.521869
0.634937 0.508453
0.46276 0.431578
0.513895 0.515429
0.657785 0.47902
0.487089 0.542099
0.504623 0.485886
0.487149 0.516058
0.497811 0.510731
0.482954 0.511011
0.480254 0.503836
0.158754 0.443573
0.499553 0.480047
0.509137 0.481796
0.514633 0.512078
0.452868 0.553766
0.535695 0.477841
0.375411 0.590801
0.48946 0.485128
0.581351 0.511012
0.897063 0.265264
0.484432 0.529255
0.556128 0.395369
0.467655 0.482338
0.599013 0.401492
0.54369 0.460241
0.463553 0.56315
0.665283 0.715919
0.5 0.5
0.518347 0.531138
0.479244 0.497095
0.488796 0.488686
0.531523 0.471952
0.503721 0.47646
0.73978 0.353442
0.76264 0.90299
0.516543 0.494878
0.497772 0.517908
0.494966 0.516307
0.505969 0.469501
0.505787 0.48546
0.486545 0.515831
0.538843 0.469404
0.494789 0.47965
0.446832 0.623841
0.529946 0.481756
0.533507 0.483308
0.487194 0.48382
0.5 0.5
0.48302 0.507113
0.254302 0.533504
0.483259 0.490824
0.523398 0.463779
0.497738 0.478906
0.524401 0.468589
0.22642 0.543624
0.474721 0.543625
0.574568 0.440106
0.666235 0.724534
0.47457 0.450642
0.5 0.5
0.475557 0.530984
0.396334 0.290541
0.176077 0.869745
0.208788 0.821004
0.511722 0.484532
0.51321 0.508855
0.595424 0.439405
0.607717 0.596311
0.508714 0.483166
0.354573 0.496974
0.199739 0.551337
0.0958665 0.849845
0.510439 0.528958
0.609507 0.385053
0.69839 0.390675
0.437916 0.413585
0.509856 0.518255
0.495126 0.441561
0.543915 0.536996
0.495328 0.484521
0.810215 0.353208
0.248637 0.781015
0.5 0.5
0.53242 0.534222
0.650854 0.702712
0.472278 0.5471
0.481976 0.478149
0.498922 0.509738
0.234088 0.549663
0.503132 0.463011
0.677083 0.714756
0.480802 0.498584
0.648269 0.874861
0.620579 0.411272
0.50814 0.490101
0.503106 0.5204
0.557699 0.507802
0.416426 0.487733
0.685376 0.959204
0.479283 0.478805
0.517189 0.511642
0.485138 0.446915
0.50466 0.518574
0.458763 0.58256
0.51725 0.530252
0.206431 0.510327
0.513119 0.51339
0.466298 0.490088
0.491579 0.526827
0.734152 0.878319
0.492139 0.481089
0.456452 0.492385
0.60612 0.557707
0.567634 0.501843
0.5 0.5
0.226806 0.509181
0.614166 0.497663
0.494261 0.518983
0.520449 0.496028
0.495055 0.52012
0.571091 0.512918
0.711977 0.621353
0.430107 0.433043
0.305048 0.510152
0.618636 0.604903
0.462035 0.537629
0.274703 0.755329
0.501448 0.512727
0.487701 0.497685
0.521434 0.499068
0.510715 0.486302
0.557839 0.58214
0.167534 0.394635
0.51448 0.492781
0.498052 0.515144
0.481629 0.504875
0.515915 0.485472
0.649916 0.526534
0.48132 0.49329
0.13082 0.810453
0.896306 0.493324
0.505243 0.454847
0.449337 0.499245
0.287378 0.706451
0.478404 0.521667
0.454848 0.504495
0.349915 0.706
0.43367 0.40142
0.358512 0.658544
0.473067 0.516343
0.630888 0.259437
0.847095 0.293365
0.585704 0.57288
0.726104 0.827387
0.0564138 0.810587
0.781069 0.904478
0.517572 0.509939
0.508868 0.521108
0.576794 0.355449
0.478446 0.506674
0.501341 0.523812
0.690366 0.14763
0.386826 0.264968
0.490303 0.503861
0.78402 0.549615
0.445502 0.547954
0.503721 0.481695
0.499379 0.51596
0.509007 0.478817
0.5 0.5
0.508687 0.50629
0.731013 0.702939
0.508081 0.51521
0.492924 0.516255
0.50299 0.516075
0.508665 0.515433
0.48292 0.497961
0.128387 0.829149
0.503675 0.522729
0.476269 0.50346
0.23902 0.523699
0.475844 0.510642
0.5 0.5
0.465897 0.496268
0.808758 0.117746
0.50273 0.489634
0.50418 0.495949
0.314754 0.152623
0.502809 0.510489
0.500431 0.492418
0.666603 0.178564
0.509288 0.521218
0.517076 0.511095
0.382068 0.659897
0.310569 0.563898
0.485528 0.486549
0.229346 0.528186
0.488092 0.520341
0.51427 0.516055
0.237749 0.552217
0.505751 0.48048
0.5 0.5
0.495944 0.520756
0.292014 0.510206
0.831691 0.563264
0.46055 0.514027
0.5 0.5
0.341124 0.343446
0.509782 0.483302
0.651671 0.527928
0.800256 0.343938
0.494478 0.519329
0.593126 0.385445
0.517263 0.484594
0.488398 0.51703
0.518239 0.493093
0.367156 0.808079
0.43138 0.475361
0.5 0.5
0.51675 0.508129
0.767968 0.883382
0.61829 0.501684
0.681836 0.847963
0.5 0.5
0.421028 0.513662
0.683427 0.154831
0.690811 0.603999
0.5 0.5
0.626003 0.607813
0.481511 0.508638
0.46821 0.442567
0.483929 0.51133
0.227713 0.514858
0.488576 0.480109
0.674418 0.818899
0.477936 0.511231
0.577158 0.449985
0.5 0.5
0.475537 0.50964
0.492925 0.477221
0.245156 0.558836
0.509013 0.510992
0.485783 0.515317
0.546444 0.597972
0.456975 0.545636
0.328377 0.526314
0.918981 0.518891
0.48262 0.540637
0.491429 0.516317
0.441346 0.540002
0.494285 0.51406
0.384371 0.27498
0.540843 0.472047
0.560206 0.584873
0.569597 0.502474
0.493094 0.516773
0.474193 0.493928
0.476613 0.48055
0.510912 0.48016
0.512183 0.476834
0.487134 0.479228
0.659361 0.4097
0.578755 0.57285
0.378746 0.801571
0.255617 0.541964
0.613622 0.40705
0.5 0.5
0.488266 0.520811
0.484128 0.491023
0.507085 0.480804
0.588522 0.506628
0.493617 0.47611
0.493785 0.491783
0.500703 0.512753
0.485255 0.516031
0.46551 0.519055
0.494137 0.486858
0.616418 0.599888
0.908495 0.253636
0.518294 0.466922
0.500393 0.479518
0.48817 0.493262
0.490586 0.509047
0.484724 0.558332
0.281251 0.658096
0.45767 0.454564
0.424287 0.470866
0.283652 0.482211
0.495791 0.512355
0.601167 0.634947
0.5 0.5
0.494625 0.530491
0.5 0.5
0.609893 0.436407
0.5 0.5
0.502138 0.482152
0.468703 0.531407
0.5 0.5
0.616713 0.429637
0.488078 0.513617
0.506912 0.525758
0.581195 0.469918
0.453538 0.534627
0.525617 0.513351
0.494543 0.514241
0.660651 0.411294
0.507315 0.478226
0.5 0.5
0.5 0.5
0.369725 0.679992
0.573841 0.509643
0.467433 0.469523
0.489326 0.476879
0.598589 0.37907
0.460584 0.450104
0.932998 0.519469
0.0650984 0.842619
0.543876 0.43535
0.528618 0.512869
0.810231 0.312476
0.482919 0.493274
0.514603 0.483781
0.49115 0.484238
0.106027 0.832775
0.485823 0.481602
0.5 0.5
0.498477 0.481549
0.484302 0.506713
0.515581 0.513637
0.493815 0.466602
0.492672 0.481172
0.552884 0.516902
0.290592 0.652804
0.482781 0.490918
0.46492 0.564692
0.450824 0.54955
0.305004 0.718629
0.499221 0.522576
0.522522 0.526022
0.519723 0.500012
0.497088 0.483889
0.335919 0.179715
0.488915 0.519631
0.382574 0.778682
0.527901 0.515895
0.440651 0.476303
0.506304 0.4823
0.505663 0.489026
0.480426 0.503364
0.5 0.5
0.455893 0.488732
0.855766 0.282632
0.459093 0.553792
0.451834 0.456034
0.485635 0.48286
0.314186 0.630878
0.54488 0.493449
0.516314 0.4893
0.452906 0.453299
0.520034 0.501656
0.500609 0.481712
0.301617 0.724604
0.485832 0.514339
0.322634 0.639913
0.5 0.5
0.451086 0.521728
0.492078 0.521794
0.0996073 0.782967
0.586088 0.394402
0.512624 0.495324
0.665871 0.194919
0.428551 0.540004
0.487963 0.490479
0.483584 0.509567
0.478689 0.524482
0.40807 0.719882
0.550975 0.496433
0.625547 0.670399
0.495378 0.521407
0.52554 0.489287
0.54134 0.537045
0.885506 0.50861
0.503655 0.516729
0.475689 0.562819
0.52391 0.512052
0.401462 0.639261
0.421783 0.490157
0.487566 0.519329
0.490801 0.517839
0.481664 0.492727
0.5 0.5
0.499141 0.504565
0.464473 0.434621
0.482394 0.532345
0.496274 0.510421
0.0695126 0.811539
0.459095 0.543961
0.488953 0.470413
0.512148 0.490292
0.601629 0.378746
0.880705 0.263822
0.503136 0.513462
0.622801 0.369751
0.481341 0.481496
0.470229 0.481143
0.494836 0.483438
0.482901 0.484092
0.548276 0.468307
0.429578 0.603135
0.401727 0.316229
0.58509 0.456528
0.477084 0.489731
0.443358 0.458298
0.48625 0.512239
0.514877 0.490057
0.458839 0.581833
0.313523 0.148055
0.484983 0.517821
0.481718 0.462811
0.415422 0.557645
0.5 0.5
0.51724 0.505822
0.505518 0.506063
0.380822 0.280141
0.493786 0.525757
0.491025 0.513846
0.55157 0.467684
0.371332 0.243364
0.544016 0.487649
0.472006 0.557642
0.508815 0.520799
0.484603 0.50595
0.556963 0.532452
0.579867 0.350827
0.611477 0.598596
0.795152 0.514037
0.5 0.5
0.511141 0.517359
0.400725 0.518415
0.602605 0.493685
0.188123 0.851941
0.680666 0.949031
0.489126 0.515259
0.381112 0.583554
0.476464 0.542971
0.386062 0.777908
0.446924 0.616057
0.531175 0.454302
0.509696 0.477104
0.366012 0.518153
0.434801 0.373028
0.485166 0.503257
0.512079 0.510595
0.5 0.5
0.878337 0.282037
0.500374 0.482613
0.485826 0.486213
0.41972 0.475453
0.5 0.5
0.413153 0.556938
0.5013 0.502082
0.549982 0.410127
0.372767 0.397046
0.501795 0.522491
0.512987 0.505852
0.5 0.5
0.466911 0.545942
0.472047 0.496604
0.488299 0.481663
0.394698 0.751395
0.662003 0.642825
0.5 0.5
0.293669 0.29647
0.452326 0.441367
0.51207 0.499619
0.490801 0.509209
0.523689 0.504441
0.449211 0.470401
0.473237 0.504035
0.46438 0.429411
0.520286 0.537895
0.483696 0.498262
0.472888 0.456813
0.539781 0.471245
0.511098 0.491391
0.481659 0.530243
0.576507 0.45339
0.21325 0.828407
0.513308 0.495755
0.471259 0.530825
0.145893 0.395103
0.762703 0.176529
0.484852 0.482483
0.361874 0.387094
0.476624 0.497114
0.420719 0.431216
0.480605 0.527189
0.57329 0.598736
0.533457 0.482507
0.350794 0.679101
0.409699 0.438383
0.510208 0.479634
0.6637 0.917648
0.516918 0.510643
0.529972 0.471652
0.612595 0.597463
0.523581 0.493096
0.488199 0.50562
0.50932 0.500531
0.518571 0.491135
0.484464 0.516308
0.509671 0.505027
0.436282 0.445494
0.52314 0.475933
0.529294 0.432562
0.494865 0.516972
0.480114 0.48739
0.470252 0.465294
0.50239 0.50023
0.38829 0.436859
0.61596 0.62093
0.5 0.5
0.502606 0.535089
0.541484 0.419225
0.613128 0.293603
0.420103 0.413098
0.770451 0.162654
0.5 0.5
0.468144 0.491377
0.425034 0.359785
0.514244 0.488929
0.517852 0.494357
0.465177 0.511585
0.490491 0.52896
0.721739 0.571247
0.480823 0.548082
0.484296 0.496979
0.464544 0.113019
0.475021 0.503323
0.446806 0.536893
0.491897 0.512644
0.499344 0.481893
0.512257 0.490226
0.479416 0.535151
0.473037 0.504328
0.368078 0.601091
0.912684 0.268409
0.510937 0.488247
0.633593 0.42113
0.439847 0.511421
0.438009 0.491515
0.4993 0.509075
0.504161 0.517195
0.502885 0.516713
0.515393 0.483339
0.517069 0.480877
0.413273 0.615917
0.441748 0.640238
0.509448 0.505178
0.698297 0.610163
0.370741 0.804051
0.490664 0.488904
0.38082 0.523587
0.48425 0.537069
0.676238 0.507546
0.481161 0.512272
0.519843 0.528862
0.525261 0.503981
0.518698 0.545117
0.497679 0.518975
0.664905 0.426387
0.714006 0.815542
0.433701 0.378758
0.512792 0.517151
0.529758 0.513346
0.492406 0.5214
0.511854 0.4977
0.504505 0.516161
0.486176 0.545802
0.483367 0.504657
0.485176 0.547943
0.508598 0.512993
0.520689 0.504898
0.444688 0.481898
0.477689 0.509027
0.631421 0.422321
0.450073 0.563241
0.243173 0.54526
0.722386 0.725896
0.5186 0.497042
0.490652 0.517531
0.743609 0.882252
0.479147 0.493639
0.515281 0.48758
0.523428 0.485841
0.483505 0.502084
0.282853 0.533443
0.494813 0.518601
0.464066 0.528105
0.501446 0.472482
0.486332 0.505547
0.682016 0.711903
0.52774 0.524281
0.481358 0.516705
0.679658 0.602215
0.520051 0.499481
0.497712 0.5161
0.445736 0.391019
0.42789 0.670691
0.255932 0.421286
0.563304 0.486838
0.515513 0.488249
0.881074 0.261133
0.5 0.5
0.871452 0.266434
0.516416 0.508537
0.501886 0.511787
0.514594 0.501972
0.431596 0.663055
0.479873 0.490018
0.483008 0.503169
0.505895 0.514031
0.707617 0.617493
0.484047 0.520982
0.489474 0.483383
0.552845 0.453663
0.484927 0.507878
0.521058 0.489431
0.493869 0.504838
0.479443 0.508309
0.518268 0.491877
0.480083 0.503166
0.441932 0.506571
0.520851 0.542811
0.418608 0.694199
0.52087 0.507838
0.536022 0.495044
0.545211 0.504067
0.340504 0.662686
0.498931 0.480391
0.486043 0.513689
0.487642 0.486336
0.473397 0.552539
0.143774 0.782505
0.135499 0.423013
0.453327 0.612275
0.429435 0.404964
0.300807 0.722175
0.604991 0.609653
0.515764 0.495354
0.534421 0.51762
0.379184 0.429778
0.473248 0.495879
0.527336 0.446793
0.490627 0.512849
0.514837 0.505578
0.525597 0.514406
0.501985 0.483631
0.452517 0.567057
0.836274 0.297319
0.470179 0.492446
0.512902 0.489464
0.614488 0.364983
0.481532 0.541984
0.447396 0.457484
0.584243 0.615788
0.526789 0.457439
0.467502 0.553254
0.395181 0.318661
0.526253 0.514363
0.503109 0.48486
0.5 0.5
0.296124 0.503831
0.485894 0.476657
0.436043 0.373004
0.508324 0.51704
0.507411 0.632375
0.522645 0.497636
0.601814 0.519684
0.57229 0.361767
0.524452 0.513101
0.151816 0.425121
0.569027 0.469965
0.470923 0.471563
0.498898 0.480249
0.481786 0.478386
0.489683 0.467865
0.379886 0.436217
0.623452 0.501966
0.651343 0.862393
0.5174 0.49484
0.520894 0.493531
0.498587 0.506077
0.371727 0.822426
0.423667 0.350844
0.419911 0.421157
0.554712 0.391115
0.479534 0.47725
0.507344 0.504648
0.507763 0.484959
0.465437 0.113563
0.396267 0.575801
0.403791 0.437489
0.11959 0.834003
0.623982 0.570129
0.674615 0.507543
0.609514 0.464162
0.540456 0.605043
0.488744 0.506468
0.518003 0.502551
0.178771 0.848282
0.4898 0.488794
0.143956 0.800735
0.526075 0.501231
0.511051 0.495644
0.658992 0.915987
0.522575 0.500643
0.515913 0.501555
0.26735 0.648251
0.484819 0.496043
0.482699 0.526224
0.503806 0.486704
0.4772 0.480906
0.41596 0.454886
0.425252 0.352573
0.618708 0.425437
0.526472 0.491707
0.469341 0.539593
0.40178 0.511255
0.514642 0.511867
0.519075 0.485427
0.500721 0.48591
0.483787 0.492323
0.500017 0.477236
0.702139 0.509274
0.480718 0.504716
0.508849 0.51451
0.486269 0.512408
0.278459 0.741118
0.457149 0.491308
0.483913 0.509755
0.521391 0.504797
0.700143 0.672748
0.533418 0.457159
0.485154 0.477254
0.520418 0.511359
0.54564 0.41702
0.431662 0.59433
0.464617 0.546169
0.476562 0.47322
0.434504 0.470715
0.500528 0.503283
0.334197 0.185162
0.43627 0.430745
0.540502 0.502353
0.557464 0.577803
0.435078 0.459232
0.488556 0.521352
0.4463 0.48721
0.305396 0.637816
0.533741 0.497369
0.487918 0.510506
0.534408 0.519819
0.416638 0.329747
0.516334 0.497964
0.362033 0.674017
0.670976 0.596065
0.481343 0.498235
0.671149 0.743546
0.507908 0.48358
0.510469 0.484921
0.47798 0.552611
0.515346 0.503636
0.64459 0.756326
0.475833 0.497534
0.628894 0.428144
0.533991 0.459263
0.919485 0.507947
0.497344 0.522354
0.540791 0.531501
0.631303 0.81793
0.474647 0.485848
0.543644 0.602167
0.53516 0.478942
0.507074 0.484904
0.482154 0.506644
0.508846 0.487379
0.707954 0.815059
0.516595 0.491151
0.510806 0.511899
0.472416 0.529223
0.485319 0.492557
0.504897 0.497648
0.478491 0.498457
0.488043 0.513396
0.501538 0.513477
0.493876 0.4802
0.554856 0.529645
0.39417 0.488511
0.265301 0.754232
0.5 0.5
0.207131 0.766764
0.516219 0.534543
0.903997 0.246192
0.443369 0.633327
0.473037 0.52768
0.489741 0.50866
0.537529 0.491697
0.388784 0.416366
0.478819 0.510482
0.47991 0.500115
0.484455 0.486778
0.499768 0.472354
0.511475 0.50235
0.503768 0.515345
0.537706 0.470609
0.529033 0.505549
0.373436 0.428886
0.5 0.5
0.517468 0.547515
0.503888 0.485427
0.627598 0.476915
0.90457 0.514458
0.636819 0.358319
0.671444 0.649113
0.513121 0.51032
0.518674 0.499893
0.412944 0.453345
0.5 0.5
0.468718 0.512356
0.408488 0.621572
0.222398 0.806738
0.489011 0.504345
0.358864 0.237161
0.495186 0.520071
0.473624 0.49722
0.521786 0.495522
0.0886488 0.797683
0.473629 0.548942
0.486219 0.494126
0.509979 0.476408
0.595809 0.384197
0.44256 0.576874
0.517062 0.500427
0.491718 0.519555
0.132768 0.789399
0.496781 0.486775
0.493731 0.51488
0.519133 0.509296
0.454857 0.414155
0.499284 0.489312
0.503966 0.522157
0.518651 0.525412
0.644126 0.378781
0.433799 0.669571
0.494337 0.414213
0.487248 0.456356
0.458696 0.48045
0.182062 0.847713
0.503657 0.524254
0.5049 0.519649
0.63121 0.417426
0.51057 0.521277
0.477831 0.491123
0.5 0.5
0.485193 0.491981
0.331008 0.742824
0.511364 0.48419
0.511378 0.509225
0.481472 0.508575
0.485216 0.488022
0.485295 0.485587
0.493917 0.473688
0.58107 0.464977
0.415407 0.509254
0.476682 0.530828
0.373378 0.671961
0.470691 0.49296
0.412366 0.612161
0.387571 0.772283
0.505799 0.486738
0.504519 0.479068
0.5 0.5
0.388618 0.396039
0.454544 0.549313
0.49387 0.480466
0.641061 0.854178
0.596853 0.58407
0.272027 0.728852
0.425078 0.359957
0.494411 0.49523
0.479258 0.496356
0.409004 0.34005
0.486945 0.49448
0.542525 0.413564
0.497321 0.496496
0.541822 0.417792
0.495925 0.482075
0.515505 0.50769
0.486845 0.506867
0.530755 0.506103
0.447586 0.497552
0.47808 0.496873
0.435636 0.489843
0.486856 0.50362
0.543829 0.487146
0.318502 0.540391
0.482035 0.482951
0.636158 0.824892
0.52769 0.503558
0.157901 0.415567
0.604103 0.608561
0.475217 0.236145
0.438311 0.550544
0.403674 0.567086
0.454564 0.407306
0.302058 0.534836
0.50227 0.491373
0.729674 0.853649
0.199672 0.772523
0.560928 0.543916
0.450833 0.613784
0.484876 0.518775
0.268174 0.760671
0.495009 0.386446
0.505641 0.494717
0.508101 0.510823
0.38651 0.760202
0.360742 0.540757
0.53215 0.501972
0.454986 0.590919
0.492328 0.483135
0.5 0.5
0.502921 0.486487
0.507294 0.499759
0.511281 0.488497
0.510452 0.515938
0.468952 0.11156
0.480652 0.487295
0.901178 0.495956
0.556331 0.434898
0.48475 0.484878
0.47647 0.476316
0.524804 0.500774
0.549414 0.509012
0.508877 0.483998
0.504609 0.491158
0.570518 0.37037
0.508171 0.646047
0.46448 0.504132
0.515491 0.494224
0.406069 0.52388
0.402213 0.505043
0.496109 0.478686
0.229617 0.546286
0.492807 0.522838
0.511639 0.518387
0.89941 0.241541
0.522939 0.499403
0.517365 0.515803
0.63221 0.82129
0.513997 0.516293
0.490598 0.509674
0.480861 0.549893
0.479246 0.498224
0.486059 0.464478
0.504275 0.519693
0.85527 0.276903
0.436417 0.515722
0.489571 0.457917
0.259399 0.753704
0.649207 0.631048
0.481204 0.509101
0.484349 0.476904
0.556207 0.4241
0.465797 0.509527
0.256163 0.47076
0.492076 0.487861
0.452747 0.405713
0.486126 0.490034
0.675389 0.75248
0.470454 0.431116
0.485829 0.505692
0.47835 0.508016
0.528428 0.493988
0.7333 0.839673
0.514349 0.485333
0.77975 0.144765
0.539373 0.431633
0.490399 0.496473
0.522012 0.506189
0.497143 0.482947
0.272445 0.760202
0.616066 0.509838
0.859171 0.292242
0.488321 0.528536
0.467072 0.542343
0.510109 0.514176
0.517941 0.492787
0.445412 0.392575
0.471413 0.483687
0.485131 0.513934
0.67633 0.682538
0.505739 0.480244
0.48167 0.500477
0.488864 0.491971
0.531315 0.468978
0.423913 0.6014
0.302449 0.702043
0.398559 0.302298
0.455357 0.536077
0.499576 0.476692
0.50439 0.514408
0.324259 0.537513
0.226075 0.452246
0.519788 0.495463
0.463535 0.539485
0.589043 0.444249
0.509678 0.50774
0.555503 0.476278
0.324039 0.163227
0.502533 0.489139
0.456721 0.565121
0.60197 0.439955
0.645322 0.856639
0.509214 0.486215
0.516901 0.475371
0.359023 0.237693
0.415413 0.484524
0.495542 0.480659
0.502015 0.476716
0.513327 0.496293
0.524397 0.501159
0.481303 0.483392
0.644276 0.521895
0.52454 0.480054
0.519453 0.492558
0.300248 0.802954
0.748112 0.868707
0.456456 0.503146
0.512369 0.491469
0.465248 0.51465
0.406394 0.504913
0.484424 0.48518
0.838743 0.293241
0.507083 0.520283
0.495851 0.52391
0.627524 0.423629
0.544361 0.510299
0.501631 0.488568
0.445565 0.440362
0.43768 0.537841
0.473525 0.51409
0.6364 0.851452
0.459219 0.561099
0.482933 0.438457
0.524777 0.50897
0.515143 0.504621
0.510506 0.482167
0.607675 0.291975
0.490141 0.518178
0.761204 0.87151
0.485676 0.502101
0.454643 0.537636
0.489459 0.519453
0.512564 0.480211
0.506902 0.513844
0.33937 0.67759
0.273899 0.667006
0.524795 0.476042
0.513195 0.459991
0.508467 0.506787
0.503643 0.486663
0.374649 0.255169
0.475651 0.222927
0.397817 0.619107
0.558814 0.583747
0.521681 0.516626
0.548853 0.414838
0.483132 0.487558
0.516861 0.504753
0.49104 0.472112
0.625481 0.524174
0.510154 0.4954
0.508315 0.49258
0.489726 0.490638
0.264431 0.738891
0.734462 0.842216
0.476062 0.467071
0.924059 0.488643
0.396606 0.399588
0.491779 0.489655
0.444428 0.484367
0.516252 0.513776
0.427856 0.436668
0.509347 0.466734
0.493111 0.475224
0.490451 0.503828
0.612848 0.502563
0.530448 0.501761
0.488315 0.512934
0.498886 0.483702
0.526462 0.486211
0.496556 0.517099
0.469805 0.451844
0.492078 0.482189
0.500818 0.526281
0.482654 0.505073
0.393785 0.46566
0.424702 0.498416
0.62851 0.252386
0.489504 0.493351
0.455472 0.606351
0.796953 0.32575
0.510997 0.481034
0.513204 0.515286
0.5 0.5
0.469218 0.483581
0.5 0.5
0.485377 0.449823
0.49844 0.52071
0.494632 0.517286
0.508946 0.521391
0.488564 0.513165
0.499486 0.493595
0.510939 0.510237
0.481045 0.540949
0.487377 0.520414
0.482951 0.498327
0.0984448 0.819267
0.488677 0.492135
0.485676 0.516986
0.599708 0.667239
0.499211 0.522541
0.525955 0.486864
0.484192 0.484536
0.431731 0.593322
0.429089 0.544419
0.699105 0.374585
0.466382 0.493234
0.528395 0.493986
0.728747 0.856803
0.234012 0.459438
0.507873 0.483359
0.436384 0.539155
0.475887 0.472978
0.421286 0.350991
0.494252 0.503892
0.269563 0.462684
0.502306 0.51924
0.82164 0.56194
0.526211 0.488367
0.489074 0.446714
0.713747 0.475662
0.474777 0.493876
0.63636 0.327062
0.541302 0.508788
0.585907 0.577466
0.410938 0.557794
0.478054 0.5153
0.505652 0.507633
0.505993 0.480971
0.514669 0.479637
0.771496 0.162244
0.491458 0.516928
0.521581 0.504181
0.542734 0.560004
0.476846 0.48871
0.182661 0.40282
0.499843 0.477561
0.515834 0.496592
0.536989 0.464597
0.486109 0.488418
0.353893 0.41674
0.43266 0.588526
0.520744 0.497805
0.479668 0.498515
0.504891 0.520275
0.572336 0.502404
0.507606 0.523183
0.480489 0.501767
0.153178 0.41463
0.916651 0.485147
0.516043 0.507474
0.663001 0.404963
0.496894 0.486686
0.501404 0.480775
0.494626 0.473168
0.665856 0.361999
0.466577 0.135026
0.508165 0.478821
0.683798 0.562936
0.48607 0.494025
0.483909 0.474519
0.499115 0.522565
0.334468 0.508415
0.581758 0.448585
0.66321 0.642079
0.51843 0.507628
0.897983 0.50204
0.63116 0.516114
0.518583 0.510906
0.545534 0.426856
0.596455 0.492583
0.460612 0.410543
0.467125 0.486621
0.456596 0.488605
0.603271 0.479255
0.543686 0.410751
0.499657 0.511479
0.823038 0.515673
0.295336 0.808331
0.51231 0.476942
0.584498 0.455628
0.52942 0.535644
0.695966 0.568968
0.499535 0.532365
0.473551 0.56923
0.563551 0.421108
0.452311 0.418526
0.370494 0.65961
0.653072 0.406709
0.465143 0.520173
0.761927 0.87941
0.541505 0.472813
0.516177 0.512684
0.626806 0.678605
0.615139 0.489466
0.682989 0.51071
0.51596 0.492653
0.511113 0.506406
0.475892 0.502785
0.504523 0.518135
0.501959 0.458014
0.638794 0.837441
0.646756 0.674974
0.495312 0.513061
0.435515 0.604508
0.513486 0.492636
0.502183 0.522397
0.474838 0.497041
0.652996 0.219465
0.459413 0.47256
0.51565 0.497752
0.567278 0.49502
0.521497 0.514401
0.304785 0.49138
0.52935 0.512805
0.502172 0.482252
0.339239 0.674947
0.352575 0.713746
0.675385 0.927638
0.475966 0.530442
0.719327 0.527666
0.746096 0.712534
0.518107 0.493299
0.510987 0.481445
0.461913 0.550477
0.672662 0.952018
0.486466 0.519067
0.496231 0.493451
0.590837 0.502493
0.593617 0.592623
0.332639 0.644812
0.63744 0.4176
0.510577 0.510939
0.482372 0.493703
0.314586 0.53316
0.437888 0.388175
0.484843 0.50256
0.550628 0.522743
0.457905 0.414254
0.486601 0.51618
0.415056 0.521875
0.529619 0.439483
0.502724 0.488284
0.510279 0.475891
0.512242 0.513849
0.512279 0.515687
0.640894 0.559527
0.893954 0.508972
0.519581 0.476738
0.679137 0.729282
0.499203 0.47709
0.513712 0.505172
0.349994 0.717916
0.507105 0.487302
0.513526 0.514021
0.474065 0.435424
0.533159 0.460117
0.5 0.5
0.461068 0.593789
0.331867 0.65695
0.503449 0.489602
0.51146 0.513765
0.482672 0.543064
0.506542 0.51628
0.516724 0.490634
0.519446 0.51437
0.507476 0.494623
0.662198 0.446208
0.485159 0.51109
0.52017 0.49778
0.495365 0.502117
0.515624 0.50036
0.498326 0.512432
0.414457 0.647681
0.783232 0.360653
0.609628 0.612802
0.2981 0.543579
0.525636 0.532839
0.47668 0.524297
0.512899 0.48737
0.495972 0.476465
0.506109 0.487855
0.436504 0.587218
0.512453 0.495844
0.432042 0.531803
0.504219 0.570541
0.435555 0.436004
0.512459 0.493464
0.51758 0.489787
0.518357 0.503139
0.481586 0.46967
0.545894 0.532
0.492691 0.508468
0.516132 0.490841
0.502486 0.525168
0.499417 0.505641
0.479655 0.521715
0.660225 0.415787
0.574068 0.518506
0.5 0.5
0.409677 0.324167
0.584589 0.460828
0.231779 0.695263
0.48603 0.487491
0.499092 0.485143
0.473546 0.499406
0.496542 0.502256
0.489777 0.508548
0.543998 0.499307
0.461791 0.42614
0.510523 0.481854
0.494103 0.519603
0.481112 0.283005
0.477604 0.484394
0.519384 0.502544
0.509664 0.497026
0.500335 0.499632
0.509661 0.490137
0.478256 0.524622
0.517061 0.506604
0.495192 0.511848
0.577681 0.350589
0.401934 0.659337
0.472837 0.553763
0.456034 0.602694
0.361448 0.811509
0.402254 0.449051
0.501205 0.515438
0.514018 0.493487
0.528132 0.465077
0.383698 0.519707
0.492411 0.495483
0.498593 0.493353
0.507799 0.469535
0.487465 0.503881
0.436805 0.50709
0.415964 0.63404
0.573723 0.501723
0.625837 0.340912
0.490774 0.452193
0.513888 0.490581
0.40774 0.321798
0.267674 0.763456
0.624724 0.488519
0.472387 0.523023
0.485846 0.507489
0.181956 0.425272
0.378797 0.785441
0.534496 0.52562
0.556904 0.461489
0.487196 0.504104
0.524225 0.476624
0.448988 0.477995
0.502395 0.513664
0.473781 0.549861
0.452372 0.388185
0.515339 0.488998
0.399347 0.635112
0.489138 0.490921
0.409917 0.713651
0.518828 0.503613
0.479495 0.487495
0.37709 0.664607
0.506252 0.511914
0.506493 0.478793
0.409059 0.470308
0.502145 0.517458
0.48603 0.535895
0.410475 0.580954
0.525934 0.471374
0.587699 0.444734
0.4806 0.503297
0.523805 0.525102
0.483689 0.501898
0.495597 0.516766
0.44338 0.458522
0.498054 0.524675
0.523868 0.467893
0.495411 0.512252
0.513813 0.51929
0.719436 0.84462
0.457582 0.497831
0.514839 0.490403
0.43705 0.580627
0.536807 0.439192
0.492654 0.489501
0.487122 0.514663
0.391718 0.288769
0.490809 0.503687
0.508095 0.532206
0.531106 0.491866
0.240159 0.51915
0.254692 0.673314
0.492262 0.498615
0.212821 0.453844
0.507368 0.5099
0.51149 0.518383
0.410636 0.3317
0.47206 0.504028
0.829051 0.299392
0.512503 0.487406
0.707485 0.704459
0.553655 0.40359
0.531879 0.466906
0.509804 0.489671
0.477268 0.534394
0.523052 0.475851
0.406847 0.620229
0.0670241 0.801908
0.328312 0.184865
0.384199 0.65644
0.488046 0.501912
0.499671 0.485623
0.497516 0.47645
0.518905 0.504182
0.419265 0.369142
0.496757 0.500643
0.462534 0.491612
0.515487 0.500378
0.517402 0.483506
0.500627 0.495183
0.417186 0.34217
0.744798 0.512952
0.796259 0.89364
0.423366 0.339473
0.466882 0.517679
0.657672 0.301619
0.487621 0.503719
0.414466 0.34568
0.674147 0.952112
0.546043 0.420988
0.498311 0.526554
0.498065 0.515943
0.305193 0.629389
0.532035 0.508201
0.504311 0.480822
0.500136 0.499891
0.415499 0.450977
0.501292 0.493492
0.475595 0.465115
0.460468 0.515823
0.522022 0.47828
0.496336 0.520552
0.486437 0.503506
0.436045 0.464477
0.506576 0.479831
0.489821 0.503756
0.51794 0.492492
0.512414 0.505586
0.510043 0.484675
0.392611 0.638073
0.491868 0.506676
0.462061 0.503424
0.449359 0.441204
0.524254 0.492193
0.461375 0.581392
0.838026 0.280031
0.277536 0.497965
0.499148 0.504503
0.455672 0.533226
0.100258 0.816546
0.641667 0.481959
0.783819 0.343563
0.494537 0.483958
0.48761 0.497295
0.588653 0.403298
0.504648 0.483172
0.733995 0.544871
0.612025 0.288146
0.541609 0.505097
0.514934 0.512333
0.477292 0.538333
0.450572 0.478437
0.237738 0.792172
0.481972 0.511074
0.483827 0.505008
0.495109 0.514089
0.508124 0.518723
0.508498 0.551909
0.520618 0.516027
0.502206 0.525506
0.656144 0.918214
0.483272 0.528244
0.515553 0.509989
0.51541 0.50344
0.529441 0.465711
0.504069 0.517514
0.187675 0.789906
0.514157 0.505807
0.495828 0.506515
0.490936 0.50834
0.530774 0.526383
0.4754 0.51015
0.537589 0.452497
0.491662 0.512213
0.502209 0.524237
0.492868 0.48625
0.50166 0.482249
0.524504 0.481944
0.636846 0.536612
0.495794 0.511418
0.42724 0.561593
0.475587 0.479665
0.673828 0.685593
0.488757 0.497167
0.493088 0.492512
0.703723 0.383275
0.485914 0.512519
0.590847 0.443832
0.42351 0.664313
0.519703 0.513934
0.491223 0.519391
0.494282 0.474832
0.49968 0.51571
0.475749 0.540436
0.441751 0.58776
0.391802 0.431699
0.499606 0.517272
0.4578 0.554401
0.48405 0.516085
0.505062 0.490218
0.5 0.5
0.40435 0.313994
0.446461 0.623703
0.505086 0.58124
0.530338 0.434742
0.505797 0.474328
0.478255 0.495965
0.437328 0.397223
0.469462 0.533406
0.305202 0.52034
0.445783 0.485197
0.491844 0.501262
0.488702 0.472609
0.511673 0.484243
0.260246 0.768324
0.589517 0.550049
0.54147 0.452764
0.497013 0.508417
0.513014 0.50092
0.705264 0.679074
0.449651 0.512594
0.457283 0.521804
0.392322 0.503038
0.516809 0.517564
0.500819 0.507543
0.540648 0.525397
0.554364 0.53105
0.720439 0.886752
0.275582 0.483456
0.516784 0.47595
0.426289 0.495149
0.502264 0.522853
0.507629 0.483019
0.506755 0.491606
0.694486 0.434394
0.482012 0.510146
0.746115 0.583037
0.246039 0.788214
0.484926 0.48985
0.512785 0.503033
0.506195 0.507431
0.700946 0.404303
0.521657 0.520153
0.455668 0.568377
0.488758 0.510496
0.502401 0.513129
0.505656 0.603454
0.489329 0.49492
0.499728 0.490271
0.6097 0.422767
0.495528 0.461597
0.514676 0.460074
0.700142 0.71095
0.366953 0.634518
0.514713 0.480369
0.469715 0.513012
0.459056 0.467551
0.47941 0.513546
0.525169 0.465712
0.497197 0.51866
0.496112 0.480305
0.457902 0.54678
0.138296 0.808719
0.678683 0.501968
0.67525 0.557985
0.551256 0.459425
0.697994 0.566863
0.505297 0.500336
0.492415 0.480253
0.576396 0.563099
0.623889 0.767889
0.448652 0.615884
0.164993 0.416104
0.508645 0.493851
0.663951 0.789461
0.661329 0.202434
0.420688 0.347714
0.901555 0.266247
0.520947 0.477012
0.692329 0.750507
0.45398 0.53491
0.500355 0.506439
0.458665 0.497854
0.509085 0.493269
0.510316 0.51749
0.50991 0.510155
0.480795 0.508891
0.498958 0.490044
0.503641 0.489292
0.47827 0.496245
0.694535 0.37807
0.642308 0.414312
0.415438 0.626623
0.489225 0.501443
0.594939 0.411155
0.596735 0.438395
0.719351 0.229456
0.497312 0.456644
0.50231 0.488849
0.548769 0.503378
0.510276 0.519447
0.502107 0.493191
0.540353 0.534817
0.478904 0.479086
0.703344 0.583644
0.609813 0.595663
0.666803 0.731922
0.46474 0.452652
0.517081 0.504028
0.428561 0.5035
0.509092 0.459302
0.585156 0.569229
0.382258 0.28698
0.547499 0.567155
0.481161 0.522745
0.488475 0.498373
0.585748 0.549938
0.448631 0.524805
0.47211 0.464499
0.767088 0.365761
0.651704 0.633409
0.348447 0.667845
0.526785 0.498451
0.694107 0.563626
0.648287 0.22626
0.288902 0.536097
0.34642 0.705886
0.268555 0.543387
0.54672 0.551022
0.362429 0.402726
0.491249 0.489453
0.522319 0.476238
0.467756 0.433172
0.497026 0.495847
0.431739 0.647845
0.351286 0.451703
0.581131 0.411572
0.43236 0.515664
0.490894 0.418921
0.49496 0.517118
0.483808 0.488075
0.633409 0.482602
0.0635614 0.8188
0.709881 0.677227
0.561569 0.437436
0.350546 0.21425
0.7623 0.336302
0.434972 0.464062
0.490255 0.465326
0.491832 0.508636
0.873035 0.283046
0.616297 0.521697
0.510194 0.515768
0.471414 0.545841
0.506179 0.516726
0.43912 0.458313
0.478723 0.515481
0.507951 0.506728
0.496141 0.47975
0.374263 0.407014
0.455892 0.513721
0.466969 0.137449
0.548171 0.537366
0.503744 0.485374
0.53322 0.498277
0.491024 0.480398
0.51594 0.502656
0.497393 0.51132
0.485752 0.499032
0.443408 0.590042
0.547695 0.512228
0.395377 0.29007
0.458645 0.414082
0.487807 0.502809
0.679937 0.686533
0.494276 0.488345
0.487976 0.51681
0.861357 0.286946
0.486405 0.504328
0.36565 0.423025
0.659909 0.710866
0.241184 0.539919
0.48961 0.518451
0.516653 0.49472
0.495426 0.509232
0.312979 0.779884
0.491424 0.508097
0.252032 0.74007
0.550341 0.538617
0.891885 0.50205
0.503685 0.522121
0.474552 0.204459
0.356354 0.427286
0.347703 0.694939
0.545719 0.502889
0.42898 0.515352
0.429175 0.380217
0.125327 0.79755
0.526112 0.498584
0.429969 0.43347
0.663048 0.41959
0.39895 0.478882
0.512821 0.468392
0.44439 0.517896
0.551334 0.414585
0.475074 0.474816
0.532796 0.484592
0.452086 0.621734
0.640491 0.578699
0.534558 0.494325
0.47597 0.527337
0.572995 0.503947
0.321527 0.70489
0.49886 0.457188
0.514777 0.511769
0.445187 0.523905
0.748782 0.354727
0.614007 0.606297
0.494266 0.470375
0.502506 0.472295
0.434349 0.449159
0.487771 0.513705
0.498881 0.51216
0.55413 0.546539
0.48049 0.4795
0.508 0.514829
0.487573 0.477988
0.515823 0.501215
0.503664 0.50567
0.402933 0.63042
0.499721 0.484338
0.439311 0.404309
0.569298 0.454799
0.474723 0.494107
0.489165 0.499572
0.460506 0.534592
0.776081 0.549558
0.543526 0.533492
0.511274 0.507895
0.50818 0.509658
0.635311 0.513269
0.486477 0.500783
0.52076 0.509829
0.490262 0.494833
0.490622 0.476998
0.43988 0.643412
0.365905 0.594414
0.36102 0.700838
0.209299 0.419318
0.492707 0.480565
0.507568 0.500549
0.657282 0.908317
0.520409 0.503992
0.526293 0.446206
0.495526 0.488686
0.504935 0.48704
0.48517 0.496775
0.494898 0.474773
0.418536 0.515554
0.5 0.5
0.336153 0.442604
0.510775 0.501057
0.201072 0.704524
0.481222 0.477962
0.480731 0.471571
0.494437 0.487388
0.218819 0.554686
0.373633 0.614271
0.234318 0.795579
0.646603 0.422351
0.433867 0.564068
0.507189 0.49724
0.518773 0.512529
0.488541 0.496677
0.411764 0.476958
0.876972 0.272113
0.489687 0.51246
0.508566 0.651858
0.496377 0.502988
0.664687 0.509167
0.519791 0.489446
0.537964 0.554056
0.371577 0.67592
0.649121 0.406771
0.605602 0.493178
0.519534 0.550201
0.49238 0.492216
0.626196 0.401561
0.510221 0.469169
0.576213 0.683461
0.501734 0.520767
0.474983 0.472531
0.334379 0.608712
0.512631 0.493106
0.451929 0.549961
0.425048 0.42482
0.47199 0.511651
0.485658 0.501328
0.501456 0.485911
0.51836 0.486283
0.450703 0.516579
0.468588 0.484571
0.490145 0.498479
0.505314 0.52048
0.53171 0.490119
0.493771 0.48502
0.616609 0.605383
0.342062 0.204198
0.507116 0.500533
0.494931 0.521928
0.518909 0.530497
0.606603 0.432239
0.497296 0.500992
0.666054 0.294538
0.495253 0.498023
0.495483 0.503971
0.565689 0.43269
0.645937 0.521087
0.521157 0.50193
0.464552 0.554125
0.633115 0.333456
0.10462 0.780033
0.810029 0.337321
0.535771 0.508802
0.471879 0.472984
0.455396 0.402498
0.471097 0.501204
0.496556 0.491372
0.478652 0.456066
0.514328 0.488612
0.0813697 0.808386
0.429655 0.590628
0.490967 0.481917
0.461873 0.422496
0.56729 0.52248
0.0808188 0.815936
0.49793 0.489467
0.586461 0.492947
0.480637 0.495913
0.502773 0.50844
0.480238 0.499051
0.512625 0.519307
0.47891 0.504779
0.661049 0.71617
0.404368 0.443211
0.506575 0.509606
0.385976 0.642895
0.679742 0.39591
0.521401 0.489689
0.496133 0.441195
0.626234 0.502492
0.58078 0.497334
0.49141 0.478966
0.61539 0.597871
0.21521 0.79577
0.503985 0.487769
0.241273 0.544776
0.374147 0.673393
0.53708 0.450061
0.521611 0.550678
0.482179 0.496042
0.509432 0.481438
0.880166 0.252009
0.493292 0.486338
0.479949 0.512045
0.457976 0.466094
0.529793 0.486061
0.501875 0.517703
0.503828 0.518677
0.442628 0.581821
0.68083 0.957844
0.604116 0.613038
0.488602 0.490886
0.491593 0.480714
0.489697 0.506876
0.473553 0.497563
0.483901 0.494942
0.422418 0.453407
0.541289 0.408478
0.486276 0.491072
0.507864 0.608907
0.608853 0.437422
0.674713 0.519895
0.493877 0.52128
0.470041 0.459538
0.404792 0.325091
0.515023 0.50614
0.507157 0.51886
0.486725 0.506389
0.728426 0.586263
0.5 0.5
0.381659 0.438667
0.456304 0.517338
0.549181 0.397447
0.564002 0.461681
0.483992 0.43826
0.479154 0.461801
0.494348 0.520747
0.496942 0.489603
0.481168 0.500077
0.507384 0.505286
0.275824 0.512475
0.414491 0.415716
0.490846 0.507951
0.517033 0.484832
0.308862 0.631401
0.462816 0.483717
0.481599 0.512989
0.571485 0.605219
0.494434 0.518145
0.445839 0.62181
0.665288 0.421774
0.726314 0.356757
0.494452 0.517485
0.523729 0.50993
0.484888 0.497365
0.510305 0.510767
0.506904 0.523909
0.525328 0.515566
0.460748 0.499533
0.493538 0.508634
0.30976 0.567173
0.620269 0.433535
0.299544 0.508815
0.520371 0.512672
0.499293 0.517582
0.489056 0.51136
0.364155 0.508168
0.530516 0.510281
0.326904 0.442751
0.498575 0.51333
0.432995 0.376479
0.450439 0.535802
0.710897 0.681325
0.499463 0.454033
0.45045 0.563404
0.50319 0.484569
0.48641 0.502453
0.613868 0.501223
0.516118 0.493491
0.494517 0.486278
0.702076 0.579041
0.398322 0.742693
0.491137 0.514074
0.476023 0.473378
0.5057 0.522437
0.505144 0.5034
0.480671 0.488711
0.497127 0.505086
0.485731 0.509491
0.769516 0.34089
0.550717 0.454115
0.525655 0.462833
0.511464 0.505204
0.504121 0.515526
0.573821 0.521691
0.511923 0.514719
0.482077 0.51288
0.620323 0.47774
0.496882 0.458598
0.596731 0.315198
0.518017 0.521134
0.558436 0.500904
0.779513 0.346726
0.459454 0.580049
0.512367 0.504918
0.403659 0.51497
0.703316 0.873518
0.507179 0.498948
0.500761 0.493116
0.516557 0.481218
0.634926 0.490603
0.375661 0.801895
0.584802 0.34155
0.516483 0.505324
0.471765 0.466491
0.344184 0.695278
0.514611 0.480529
0.480767 0.506554
0.488175 0.484007
0.536498 0.469507
0.483623 0.495991
0.409408 0.559903
0.576421 0.55839
0.422474 0.474095
0.540063 0.524793
0.506275 0.516267
0.48037 0.505927
0.392149 0.754786
0.454918 0.570128
0.457529 0.48565
0.524352 0.512836
0.340143 0.613541
0.491861 0.500127
0.488553 0.494062
0.441209 0.592105
0.509425 0.509999
0.607988 0.488934
0.467996 0.49873
0.295986 0.298772
0.516008 0.496949
0.501679 0.488298
0.323495 0.758295
0.488179 0.502353
0.53345 0.471326
0.477861 0.566762
0.475328 0.441154
0.497413 0.539656
0.530387 0.560035
0.416789 0.482504
0.692591 0.404246
0.375496 0.435548
0.514588 0.524194
0.631123 0.53894
0.402713 0.722573
0.65652 0.921333
0.600288 0.491518
0.5243 0.496946
0.513655 0.507252
0.483834 0.502043
0.363603 0.68896
0.513823 0.489412
0.877575 0.520863
0.457607 0.560173
0.500051 0.478761
0.427033 0.516237
0.518064 0.483505
0.488327 0.500548
0.508369 0.481683
0.557637 0.533933
0.537511 0.505604
0.599756 0.435067
0.489541 0.496511
0.508275 0.483591
0.470094 0.516263
0.508284 0.482514
0.465826 0.49043
0.469457 0.46999
0.473677 0.518903
0.479964 0.523301
0.592137 0.506218
0.391339 0.501506
0.612311 0.596814
0.609161 0.403945
0.518307 0.491439
0.48943 0.478484
0.51079 0.483313
0.503245 0.484406
0.496713 0.51123
0.4915 0.511919
0.496474 0.517698
0.509607 0.467475
0.463594 0.491627
0.51869 0.518905
0.520494 0.53345
0.508488 0.515111
0.51769 0.498617
0.486034 0.484401
0.496712 0.51207
0.508776 0.491931
0.490575 0.516356
0.466537 0.476397
0.464488 0.583563
0.465924 0.440672
0.521322 0.503592
0.495532 0.483577
0.500711 0.492715
0.465719 0.58944
0.639893 0.701274
0.51689 0.512294
0.60894 0.564245
0.51276 0.499576
0.470441 0.553667
0.502678 0.502552
0.617729 0.274409
0.867831 0.272063
0.501948 0.498582
0.522212 0.447306
0.453769 0.548884
0.486938 0.495019
0.469812 0.572528
0.580006 0.452412
0.479626 0.474973
0.392893 0.671882
0.50597 0.508161
0.49764 0.482795
0.46302 0.496809
0.338353 0.471328
0.648117 0.506607
0.504511 0.477639
0.515534 0.494457
0.537855 0.497055
0.484787 0.492369
0.457747 0.532767
0.515042 0.517444
0.353908 0.712608
0.495831 0.509691
0.444187 0.53018
0.461469 0.487183
0.566423 0.382593
0.617944 0.429376
0.512908 0.493776
0.514156 0.502311
0.450497 0.501988
0.456747 0.476724
0.488014 0.479628
0.483875 0.501509
0.483383 0.496693
0.473324 0.556912
0.628934 0.676321
0.743469 0.865372
0.510037 0.480322
0.408829 0.570153
0.488409 0.481532
0.449656 0.605772
0.460231 0.418304
0.483553 0.486796
0.587912 0.565613
0.440511 0.558309
0.512468 0.509937
0.176119 0.850378
0.508095 0.524263
0.644326 0.354562
0.502114 0.472678
0.4955 0.525773
0.50728 0.502951
0.508249 0.517264
0.485598 0.515842
0.484674 0.493945
0.507352 0.470424
0.496557 0.457942
0.493047 0.493058
0.447327 0.566735
0.492793 0.516972
0.514745 0.486385
0.494844 0.492358
0.456959 0.427723
0.370998 0.791865
0.495082 0.501529
0.488635 0.518153
0.51314 0.508143
0.500437 0.513206
0.677487 0.17775
0.483044 0.478598
0.644383 0.866577
0.484008 0.30255
0.301433 0.480624
0.594357 0.500167
0.473125 0.494751
0.504697 0.490254
0.47018 0.462931
0.467318 0.49909
0.471784 0.532178
0.508532 0.540521
0.541799 0.50584
0.482534 0.52057
0.490025 0.381556
0.473533 0.435493
0.246448 0.544075
0.515011 0.489678
0.48077 0.471271
0.611879 0.537551
0.485936 0.478929
0.464422 0.522921
0.493502 0.499217
0.40774 0.720419
0.504503 0.520514
0.498559 0.514087
0.479299 0.548291
0.509572 0.486304
0.490709 0.502697
0.7167 0.842062
0.469791 0.462721
0.4755 0.482163
0.487609 0.488863
0.519545 0.473001
0.522233 0.514153
0.633126 0.409803
0.439734 0.57165
0.214441 0.800791
0.501764 0.495178
0.509163 0.499449
0.344814 0.450985
0.861678 0.266862
0.480863 0.51814
0.372228 0.685565
0.480993 0.505647
0.517194 0.500013
0.283748 0.733971
0.534776 0.533806
0.490389 0.50201
0.518798 0.510358
0.479623 0.479263
0.62782 0.56019
0.333331 0.699614
0.481044 0.493037
0.396734 0.383664
0.358948 0.515822
0.564176 0.382659
0.507863 0.472002
0.491968 0.51534
0.532335 0.452602
0.276192 0.50065
0.547282 0.439567
0.441639 0.471657
0.612872 0.618431
0.488969 0.494308
0.361753 0.382886
0.464992 0.496437
0.512869 0.491794
0.262948 0.51236
0.450954 0.491341
0.617719 0.442762
0.616419 0.530448
0.465589 0.511577
0.494426 0.484798
0.641158 0.430711
0.428572 0.591443
0.778017 0.141149
0.559429 0.468652
0.487956 0.492075
0.309627 0.48456
0.468792 0.484227
0.530357 0.505751
0.51605 0.494512
0.694827 0.619405
0.4865 0.453586
0.501502 0.504132
0.486707 0.49379
0.694421 0.700168
0.534102 0.499199
0.491435 0.493196
0.721972 0.384303
0.497318 0.507199
0.434387 0.652828
0.497607 0.521296
0.490261 0.50141
0.407682 0.346443
0.489621 0.496427
0.486456 0.486275
0.507521 0.52078
0.502 0.493558
0.512123 0.52014
0.512176 0.52093
0.80749 0.355781
0.509979 0.498552
0.670037 0.733079
0.662874 0.587479
0.436612 0.563617
0.474311 0.484814
0.587157 0.429333
0.418621 0.455745
0.4843 0.480143
0.460862 0.584084
0.5 0.5
0.221196 0.459489
0.517926 0.502293
0.610334 0.771239
0.549398 0.394428
0.671013 0.590246
0.485786 0.503598
0.530096 0.50712
0.504577 0.508365
0.574426 0.504594
0.537388 0.467293
0.248534 0.463431
0.578014 0.459561
0.519143 0.478258
0.498354 0.518327
0.515977 0.499122
0.366059 0.658884
0.637555 0.529801
0.487402 0.504044
0.504499 0.491563
0.656984 0.347708
0.500645 0.491224
0.764817 0.376512
0.471085 0.49184
0.427741 0.458753
0.518596 0.48742
0.616245 0.287163
0.497734 0.505822
0.473239 0.429793
0.481404 0.45863
0.506006 0.503293
0.515453 0.526983
0.437601 0.523157
0.418547 0.634501
0.299046 0.642888
0.498641 0.520409
0.516923 0.507501
0.258693 0.75671
0.726142 0.54025
0.504494 0.488259
0.512466 0.485905
0.495834 0.5302
0.368014 0.789189
0.402609 0.564515
0.469421 0.489645
0.40847 0.561442
0.547871 0.552735
0.481798 0.541638
0.49077 0.536332
0.702558 0.569456
0.464422 0.435696
0.509926 0.501111
0.585798 0.520439
0.400343 0.743132
0.449059 0.545972
0.4984 0.523448
0.613724 0.516077
0.882762 0.260223
0.49282 0.516738
0.240467 0.676114
0.515795 0.465815
0.501295 0.517525
0.525933 0.544481
0.460146 0.476226
0.508602 0.495333
0.520235 0.513547
0.455553 0.515023
0.467841 0.447726
0.448642 0.537155
0.463104 0.513743
0.498613 0.485555
0.501692 0.487405
0.529716 0.486442
0.555817 0.468406
0.489973 0.508921
0.250926 0.783636
0.518685 0.532978
0.489689 0.504675
0.493827 0.513804
0.487615 0.512508
0.47344 0.533424
0.492767 0.511013
0.47116 0.511083
0.476763 0.500048
0.441698 0.473827
0.674192 0.589264
0.628555 0.414406
0.344588 0.506344
0.687477 0.594251
0.799006 0.333876
0.455023 0.405933
0.427337 0.362805
0.583135 0.435635
0.615433 0.380421
0.499331 0.544687
0.438874 0.49597
0.502822 0.487203
0.563164 0.384467
0.332309 0.334827
0.601455 0.413729
0.485315 0.509987
0.771847 0.329089
0.671026 0.285413
0.519702 0.482154
0.50684 0.516172
0.470206 0.536946
0.492443 0.486608
0.50429 0.509567
0.51275 0.513631
0.484134 0.499513
0.487159 0.491384
0.521651 0.494861
0.515022 0.501899
0.500011 0.499244
0.475793 0.563053
0.599171 0.594654
0.479454 0.498059
0.190051 0.450308
0.5003 0.495375
0.396137 0.519637
0.465973 0.421638
0.505748 0.500211
0.471871 0.564732
0.474843 0.504807
0.452129 0.558435
0.438457 0.549463
0.551363 0.543229
0.498842 0.483677
0.531952 0.483988
0.617539 0.376126
0.484206 0.483694
0.519684 0.490794
0.51022 0.507245
0.205964 0.442974
0.897397 0.250979
0.486036 0.495361
0.481575 0.559153
0.283527 0.751798
0.417962 0.474867
0.641997 0.484306
0.477948 0.466656
0.445106 0.518075
0.573767 0.370862
0.588153 0.533252
0.467211 0.522619
0.524764 0.489128
0.452801 0.551989
0.518651 0.497795
0.500499 0.478739
0.408277 0.407463
0.496205 0.480326
0.383829 0.771148
0.602442 0.496717
0.513196 0.518665
0.648131 0.70524
0.456653 0.569582
0.541871 0.492262
0.481519 0.546333
0.514977 0.508416
0.284093 0.636067
0.528133 0.478028
0.258553 0.750382
0.477014 0.505236
0.482716 0.5105
0.42921 0.594008
0.429985 0.587719
0.502853 0.502481
0.636719 0.499232
0.398704 0.484225
0.384572 0.655024
0.458573 0.505977
0.500319 0.51201
0.617198 0.353925
0.530058 0.487441
0.473549 0.565379
0.471294 0.485037
0.492722 0.477236
0.465033 0.451702
0.452636 0.554084
0.379363 0.547205
0.472328 0.496047
0.494729 0.503942
0.51491 0.512957
0.672604 0.918953
0.517354 0.555316
0.737621 0.876474
0.417764 0.392122
0.517024 0.48598
0.487122 0.496954
0.523508 0.497067
0.574409 0.533626
0.548728 0.548934
0.539072 0.426591
0.485028 0.511075
0.550095 0.434932
0.518307 0.466049
0.503055 0.515479
0.511337 0.512864
0.472897 0.518345
0.50137 0.484205
0.655907 0.433961
0.605749 0.407732
0.634466 0.678096
0.496294 0.518254
0.509941 0.499594
0.50952 0.507994
0.670677 0.689638
0.541319 0.524247
0.578062 0.521623
0.55108 0.553317
0.558709 0.469611
0.507401 0.526945
0.481244 0.490509
0.418111 0.497511
0.500881 0.504259
0.437362 0.375926
0.50211 0.481643
0.487055 0.534811
0.578367 0.615886
0.602658 0.546271
0.387158 0.655551
0.497946 0.457955
0.524802 0.475015
0.480624 0.508856
0.523246 0.505055
0.450788 0.465121
0.485258 0.488016
0.762199 0.173303
0.413415 0.700126
0.550044 0.479978
0.479429 0.504524
0.496799 0.503806
0.640879 0.623218
0.409866 0.618868
0.481878 0.490379
0.457788 0.105133
0.10411 0.776919
0.216783 0.692047
0.650221 0.586176
0.513728 0.518993
0.667557 0.645106
0.70118 0.555042
0.498854 0.515474
0.588837 0.460063
0.493767 0.50121
0.511426 0.453502
0.491905 0.492618
0.491716 0.494804
0.21606 0.82792
0.742572 0.846445
0.499118 0.512238
0.483935 0.498662
0.443526 0.453775
0.712635 0.723098
0.594541 0.420434
0.418506 0.604602
0.485734 0.481896
0.487244 0.507139
0.561902 0.593648
0.622716 0.503217
0.419893 0.517191
0.507456 0.510491
0.495256 0.502155
0.387131 0.76923
0.486003 0.478096
0.530034 0.501171
0.50321 0.516751
0.461624 0.489834
0.523241 0.456719
0.477384 0.502356
0.503882 0.513185
0.497428 0.495997
0.679408 0.606463
0.481876 0.48272
0.5292 0.513573
0.36424 0.649465
0.302441 0.637207
0.280381 0.752575
0.265608 0.469214
0.535676 0.422934
0.521121 0.525227
0.485967 0.435839
0.454653 0.521342
0.523551 0.49462
0.522775 0.55363
0.44123 0.437664
0.542725 0.475152
0.62649 0.411682
0.465079 0.492875
0.212372 0.694878
0.495061 0.502127
0.516333 0.492541
0.44861 0.533442
0.494379 0.470674
0.377417 0.671008
0.447007 0.575154
0.459863 0.517017
0.757466 0.176762
0.463573 0.477726
0.520579 0.514668
0.484166 0.503424
0.496715 0.517791
0.740101 0.513318
0.470277 0.501053
0.492343 0.510338
0.790472 0.360625
0.484162 0.511945
0.520609 0.492734
0.480169 0.540023
0.540295 0.499682
0.486565 0.506378
0.388432 0.292215
0.405844 0.314811
0.343887 0.516298
0.459326 0.52994
0.420995 0.611447
0.376929 0.380369
0.502362 0.499869
0.499625 0.486627
0.444445 0.548306
0.518524 0.502321
0.239176 0.449349
0.499422 0.485982
0.623052 0.605672
0.508716 0.48189
0.427998 0.358528
0.340727 0.526391
0.337747 0.531552
0.617627 0.376727
0.637294 0.410702
0.581434 0.439038
0.51661 0.489878
0.510712 0.497863
0.462737 0.530575
0.485534 0.499811
0.521071 0.492962
0.453315 0.585187
0.646108 0.85134
0.525658 0.491134
0.514555 0.472979
0.460788 0.486119
0.505536 0.492308
0.519785 0.486942
0.616395 0.424144
0.502974 0.491194
0.478957 0.512825
0.618305 0.508843
0.494518 0.452451
0.305088 0.466183
0.519732 0.482872
0.595752 0.731574
0.510988 0.482015
0.499874 0.482303
0.529495 0.494492
0.503303 0.531063
0.489072 0.519794
0.573705 0.508805
0.612649 0.469621
0.595654 0.576159
0.525756 0.429489
0.480546 0.49803
0.509106 0.483423
0.724936 0.8276
0.459119 0.581438
0.471639 0.498275
0.208457 0.757384
0.464638 0.541902
0.796026 0.340469
0.507376 0.486455
0.633297 0.484091
0.48803 0.456216
0.403584 0.321296
0.5 0.5
0.514718 0.510884
0.525044 0.490811
0.474558 0.206865
0.503233 0.488133
0.473083 0.524546
0.891393 0.520331
0.510756 0.491094
0.502553 0.485531
0.245987 0.563483
0.51286 0.457344
0.55844 0.505061
0.510149 0.497828
0.504573 0.471163
0.506436 0.514423
0.524298 0.502036
0.50339 0.530347
0.505864 0.506249
0.645655 0.625994
0.471189 0.518407
0.506694 0.497817
0.503179 0.508777
0.523962 0.495745
0.491972 0.515477
0.48973 0.489124
0.478608 0.504329
0.479641 0.476553
0.423012 0.678275
0.708438 0.403145
0.371593 0.504134
0.51289 0.484812
0.705177 0.855301
0.834124 0.297294
0.458894 0.533801
0.349427 0.458137
0.500281 0.502762
0.511498 0.495068
0.508441 0.496826
0.456364 0.612358
0.542287 0.500739
0.877276 0.253102
0.493004 0.457538
0.509665 0.478602
0.25528 0.513127
0.452677 0.455674
0.522589 0.503739
0.441803 0.617401
0.557244 0.473624
0.27791 0.648221
0.383015 0.267168
0.314621 0.709567
0.447402 0.574887
0.467123 0.551507
0.507222 0.483157
0.525039 0.49125
0.119406 0.769514
0.602402 0.496886
0.711072 0.423887
0.432401 0.368862
0.669343 0.417661
0.241696 0.794197
0.302017 0.486294
0.539096 0.532269
0.536311 0.52248
0.486977 0.493687
0.596946 0.512888
0.494485 0.492874
0.503052 0.477188
0.492367 0.51445
0.713821 0.842055
0.565564 0.591721
0.537302 0.500505
0.464481 0.560085
0.506839 0.492846
0.627573 0.57414
0.696551 0.744896
0.523381 0.487389
0.415104 0.376189
0.513167 0.498069
0.442504 0.561436
0.48859 0.444531
0.493702 0.485233
0.477107 0.470015
0.497412 0.498609
0.464344 0.436628
0.407511 0.327235
0.498545 0.501753
0.484008 0.513534
0.599845 0.409117
0.55791 0.507866
0.580756 0.515146
0.443595 0.55349
0.491622 0.506395
0.534217 0.464475
0.428986 0.433618
0.306545 0.464486
0.382199 0.526392
0.579844 0.450108
0.638507 0.349335
0.528569 0.440404
0.50031 0.528956
0.277197 0.646082
0.501904 0.502067
0.505412 0.493544
0.17263 0.808268
0.475552 0.468903
0.488841 0.507649
0.514926 0.460284
0.460075 0.520564
0.277701 0.542344
0.547035 0.420856
0.59932 0.603232
0.502616 0.514494
0.42979 0.487322
0.50247 0.536063
0.498122 0.490072
0.523974 0.512763
0.467827 0.550656
0.494022 0.487024
0.470101 0.565206
0.454096 0.523897
0.488409 0.490663
0.441782 0.464831
0.522928 0.514637
0.614488 0.357866
0.504293 0.527098
0.514337 0.491624
0.505224 0.493765
0.683401 0.749105
0.500978 0.518652
0.736268 0.848957
0.462856 0.511256
0.64291 0.419349
0.502109 0.48907
0.605248 0.756565
0.593537 0.62803
0.489139 0.517627
0.497784 0.525769
0.598147 0.500358
0.50682 0.503308
0.494533 0.494591
0.449323 0.547453
0.588173 0.579002
0.502303 0.511531
0.652645 0.887402
0.505565 0.488733
0.583016 0.525464
0.460213 0.519116
0.687738 0.516262
0.523355 0.526768
0.451052 0.477
0.512559 0.511751
0.510061 0.503471
0.541285 0.511344
0.641222 0.460895
0.494455 0.485765
0.466798 0.483786
0.859851 0.27356
0.498505 0.514577
0.614412 0.598804
0.523215 0.481038
0.488888 0.479556
0.224165 0.461933
0.478495 0.475029
0.511096 0.527864
0.630909 0.451022
0.491543 0.483193
0.473851 0.49203
0.48717 0.493383
0.49765 0.473358
0.50334 0.512689
0.378815 0.798717
0.492441 0.510563
0.255912 0.543884
0.555239 0.410534
0.483994 0.444821
0.490542 0.487476
0.528557 0.516697
0.416054 0.618132
0.51278 0.502373
0.527336 0.491558
0.514385 0.530914
0.489903 0.503541
0.487152 0.495175
0.520309 0.504139
0.191844 0.801357
0.4759 0.468553
0.654675 0.579372
0.652038 0.872719
0.449312 0.466213
0.50253 0.50651
0.519834 0.511235
0.472569 0.493171
0.434155 0.599016
0.469819 0.559978
0.527342 0.53029
0.486475 0.505706
0.704328 0.779335
0.485334 0.497911
0.553384 0.556624
0.485611 0.528173
0.654164 0.710534
0.501264 0.489191
0.511791 0.49092
0.489312 0.50684
0.490445 0.482997
0.500535 0.517952
0.490093 0.53385
0.521386 0.496109
0.611213 0.770911
0.502289 0.510536
0.748145 0.192134
0.493025 0.497683
0.503017 0.510792
0.487745 0.507919
0.487244 0.48342
0.521673 0.470398
0.545975 0.410833
0.664019 0.419437
0.471868 0.512217
0.446812 0.502751
0.486276 0.483925
0.499924 0.491594
0.499293 0.518271
0.463851 0.415222
0.464687 0.423689
0.533199 0.461961
0.291009 0.721037
0.698492 0.251949
0.483484 0.507164
0.79442 0.130427
0.447222 0.547272
0.478837 0.570485
0.483082 0.486412
0.474875 0.435832
0.526275 0.474792
0.489063 0.505424
0.296309 0.433819
0.487334 0.518387
0.521151 0.522381
0.582042 0.399606
0.510301 0.515242
0.395684 0.634801
0.519814 0.484073
0.59079 0.600585
0.50871 0.611921
0.499733 0.479412
0.475582 0.521473
0.585661 0.396043
0.461155 0.54967
0.452004 0.573692
0.481892 0.507476
0.500552 0.49083
0.410291 0.327696
0.442087 0.593612
0.553164 0.4099
0.179019 0.44322
0.554692 0.463215
0.377212 0.271251
0.484751 0.505651
0.48382 0.500613
0.591962 0.606576
0.628748 0.386933
0.447115 0.472047
0.497575 0.514317
0.43739 0.661045
0.518973 0.518109
0.546588 0.443359
0.455992 0.604934
0.37165 0.548513
0.582106 0.5763
0.665473 0.931792
0.469742 0.454149
0.487521 0.491803
0.46351 0.566259
0.629508 0.40071
0.522496 0.520484
0.420608 0.485398
0.56189 0.502177
0.582951 0.493208
0.867284 0.289676
0.446278 0.486481
0.455569 0.446943
0.571525 0.492517
0.641585 0.6251
0.179484 0.838569
0.600356 0.636858
0.533531 0.454433
0.48351 0.50812
0.597135 0.489304
0.702452 0.441378
0.513579 0.486531
0.691665 0.386418
0.444151 0.578439
0.513601 0.466311
0.491966 0.502072
0.505186 0.498177
0.224749 0.424853
0.508087 0.515936
0.650137 0.557716
0.485319 0.501298
0.500234 0.522952
0.520306 0.523773
0.516992 0.51334
0.480404 0.489064
0.455214 0.539122
0.487529 0.515511
0.429179 0.491946
0.470562 0.485466
0.475669 0.430055
0.529369 0.540124
0.626243 0.679873
0.429239 0.623267
0.387503 0.782064
0.572927 0.421526
0.483313 0.511386
0.472837 0.445369
0.510421 0.495427
0.49181 0.512807
0.616848 0.428561
0.381123 0.414059
0.587429 0.618132
0.57969 0.357854
0.50516 0.512227
0.504721 0.483901
0.497648 0.517044
0.498103 0.494756
0.456952 0.505103
0.469495 0.50361
0.417727 0.691615
0.74777 0.865631
0.433015 0.372724
0.229586 0.801644
0.490351 0.508292
0.500539 0.510722
0.851687 0.295442
0.512977 0.506147
0.316515 0.319546
0.590059 0.416908
0.351892 0.39449
0.48765 0.502962
0.516792 0.49573
0.208149 0.712173
0.493599 0.484817
0.393685 0.761741
0.476235 0.45214
0.546817 0.499411
0.466795 0.462188
0.500698 0.49262
0.597074 0.423285
0.513292 0.502083
0.538705 0.516599
0.422161 0.591013
0.668137 0.181309
0.438053 0.449124
0.506632 0.50167
0.639404 0.326142
0.359429 0.613841
0.613911 0.513555
0.4979 0.514868
0.506336 0.481059
0.471534 0.477475
0.584964 0.503612
0.504478 0.526208
0.4898 0.500411
0.510893 0.496567
0.524928 0.476803
0.534928 0.44665
0.910569 0.538257
0.404636 0.657625
0.514741 0.52265
0.634423 0.504353
0.650647 0.703337
0.476267 0.541445
0.501797 0.51796
0.552523 0.584459
0.508423 0.486794
0.506948 0.456771
0.532092 0.54245
0.403449 0.620272
0.233719 0.724135
0.708238 0.716641
0.490689 0.485244
0.430205 0.421412
0.519299 0.508229
0.108424 0.776439
0.692576 0.666606
0.420297 0.600588
0.498772 0.507073
0.473993 0.452269
0.504284 0.494185
0.260578 0.554704
0.477639 0.477505
0.54546 0.492731
0.397731 0.763991
0.358115 0.458305
0.581801 0.624656
0.389987 0.285476
0.489627 0.498816
0.401552 0.567597
0.516954 0.518625
0.510544 0.493303
0.646367 0.628538
0.40955 0.608756
0.488504 0.484061
0.496407 0.493899
0.557647 0.417005
0.52347 0.483416
0.496427 0.491239
0.699176 0.781047
0.286741 0.719677
0.445343 0.63172
0.582005 0.521353
0.757306 0.508382
0.532197 0.448527
0.434582 0.503311
0.335455 0.681306
0.463542 0.460409
0.637 0.402724
0.740585 0.3641
0.0924688 0.780793
0.422241 0.636581
0.511711 0.501346
0.480772 0.482632
0.596219 0.441402
0.478365 0.242659
0.408236 0.559176
0.502019 0.478345
0.473254 0.546639
0.486857 0.504973
0.128043 0.763457
0.53839 0.458645
0.504483 0.519577
0.439109 0.418518
0.512204 0.507451
0.510185 0.487741
0.118453 0.82508
0.208414 0.826985
0.63087 0.501507
0.518289 0.511401
0.49106 0.501086
0.490643 0.521265
0.50759 0.495083
0.539409 0.54784
0.649527 0.420222
0.487724 0.514549
0.449815 0.563683
0.683075 0.658989
0.514456 0.507279
0.464687 0.549073
0.521158 0.505144
0.505239 0.484392
0.537822 0.431222
0.492202 0.510312
0.481945 0.509332
0.870806 0.252493
0.584993 0.572472
0.50746 0.493143
0.414101 0.702179
0.509752 0.504488
0.326062 0.17332
0.569792 0.49403
0.682817 0.569042
0.480797 0.471173
0.634323 0.51555
0.389817 0.487774
0.470633 0.464994
0.380182 0.380749
0.463295 0.538351
0.461031 0.132045
0.523124 0.500059
0.388461 0.287356
0.329301 0.447021
0.449954 0.486647
0.381256 0.430349
0.488646 0.535992
0.511732 0.507339
0.477313 0.516657
0.497221 0.473291
0.541259 0.54913
0.516432 0.512439
0.368599 0.425618
0.472767 0.44501
0.517836 0.509178
0.657497 0.663182
0.56756 0.464844
0.441021 0.37511
0.512785 0.48883
0.501187 0.535007
0.515548 0.501589
0.376201 0.462031
0.501182 0.514086
0.508418 0.489626
0.506692 0.480666
0.536923 0.541436
0.280792 0.642679
0.604583 0.481708
0.318175 0.320726
0.523334 0.496918
0.63959 0.546812
0.488478 0.482179
0.484755 0.52231
0.497266 0.475312
0.460769 0.473331
0.502628 0.470779
0.467022 0.500496
0.505281 0.519207
0.552736 0.437536
0.494279 0.508634
0.492269 0.486908
0.454415 0.555688
0.397409 0.395955
0.43567 0.448538
0.358992 0.666469
0.522599 0.48816
0.496928 0.401426
0.495767 0.496527
0.698429 0.560041
0.525279 0.450431
0.490763 0.508452
0.4401 0.601329
0.389822 0.641511
0.482737 0.442377
0.685419 0.711582
0.72852 0.389027
0.505426 0.514369
0.499373 0.515715
0.404028 0.305115
0.445195 0.489763
0.520926 0.497616
0.516235 0.471444
0.476693 0.516492
0.549759 0.43293
0.579104 0.524447
0.252104 0.757566
0.520408 0.516434
0.721026 0.816336
0.382734 0.386713
0.216322 0.816249
0.505827 0.48476
0.493013 0.482044
0.490934 0.508728
0.503861 0.496125
0.46459 0.561025
0.44078 0.481672
0.493454 0.500276
0.50652 0.49371
0.633644 0.515573
0.494538 0.530084
0.452179 0.465531
0.6344 0.681366
0.493038 0.509968
0.506899 0.500673
0.546378 0.615543
0.502455 0.499179
0.522476 0.528428
0.486309 0.492757
0.249927 0.471628
0.611487 0.463188
0.506188 0.498288
0.514103 0.490347
0.476395 0.492588
0.542453 0.45616
0.449349 0.443044
0.50759 0.48976
0.450395 0.616348
0.365 0.36584
0.504443 0.504007
0.525639 0.460043
0.602428 0.435367
0.675679 0.559941
0.360745 0.605279
0.503074 0.491965
0.46244 0.519896
0.589874 0.580954
0.432834 0.474437
0.48026 0.512312
0.506709 0.536549
0.500432 0.520413
0.719531 0.361723
0.401309 0.446615
0.344061 0.447588
0.467952 0.50912
0.521137 0.487326
0.716072 0.792752
0.570608 0.569136
0.50438 0.487589
0.487076 0.466887
0.447127 0.509593
0.549505 0.577514
0.465481 0.573056
0.487599 0.479348
0.519182 0.477665
0.500755 0.489256
0.286428 0.432158
0.53592 0.476345
0.653044 0.716395
0.579045 0.413583
0.485566 0.48794
0.476775 0.502892
0.481237 0.484221
0.728032 0.426078
0.436948 0.482403
0.517797 0.479746
0.693031 0.448656
0.604203 0.441667
0.495788 0.463313
0.502276 0.508708
0.468352 0.536401
0.500983 0.515455
0.3755 0.382846
0.524323 0.467093
0.406747 0.452377
0.448508 0.573456
0.452514 0.558719
0.448541 0.451246
0.490819 0.50119
0.502745 0.489925
0.480981 0.51133
0.332792 0.4491
0.501214 0.489621
0.502932 0.492225
0.509953 0.502853
0.830672 0.331881
0.373741 0.522107
0.494587 0.510078
0.733956 0.368065
0.501193 0.474235
0.482696 0.500948
0.567916 0.610801
0.62 0.673293
0.277624 0.752583
0.487108 0.499709
0.517555 0.502249
0.693221 0.877029
0.507953 0.494916
0.71946 0.446645
0.45797 0.457803
0.489424 0.498168
0.48284 0.543821
0.503372 0.518734
0.382969 0.419607
0.443038 0.583465
0.518201 0.491465
0.729988 0.431447
0.529408 0.515039
0.475622 0.42045
0.584234 0.445501
0.530744 0.495638
0.515731 0.465134
0.485396 0.538897
0.545197 0.470875
0.524654 0.501976
0.478492 0.498799
0.647713 0.729786
0.5022 0.514837
0.621598 0.544685
0.499575 0.519943
0.496367 0.510054
0.359711 0.528573
0.499593 0.485179
0.428705 0.676745
0.485611 0.490447
0.460321 0.511569
0.487903 0.517284
0.498636 0.507486
0.525243 0.503301
0.487931 0.516156
0.482838 0.543583
0.416118 0.416513
0.539103 0.479203
0.444006 0.594014
0.483192 0.53075
0.702492 0.53721
0.470917 0.460001
0.483528 0.499996
0.315648 0.516916
0.516061 0.489869
0.484946 0.493923
0.586947 0.337613
0.512876 0.508314
0.489574 0.480347
0.51374 0.501588
0.560341 0.538745
0.497033 0.500268
0.528628 0.484022
0.472618 0.484612
0.372992 0.266285
0.479285 0.494748
0.546004 0.426028
0.393798 0.777401
0.515598 0.527322
0.493014 0.509934
0.500088 0.521293
0.837243 0.333414
0.263649 0.538485
0.382216 0.464601
0.610997 0.481693
0.694796 0.431263
0.269641 0.550953
0.221213 0.805219
0.504978 0.486381
0.705614 0.442547
0.465165 0.140101
0.502246 0.477907
0.493498 0.486422
0.43375 0.573242
0.461702 0.542674
0.375937 0.264082
0.521584 0.506719
0.455964 0.561348
0.648914 0.411342
0.481311 0.486964
0.529641 0.471752
0.691782 0.929375
0.519166 0.508401
0.556473 0.526635
0.301043 0.655587
0.258466 0.524104
0.5189 0.489808
0.70647 0.96226
0.678075 0.748647
0.866612 0.290609
0.493892 0.526567
0.379532 0.284972
0.481507 0.498847
0.59212 0.382155
0.487823 0.480581
0.466113 0.551083
0.451932 0.418077
0.650462 0.703014
0.570247 0.531324
0.483725 0.508453
0.48339 0.503488
0.514197 0.500226
0.50348 0.487243
0.512553 0.495791
0.517301 0.507022
0.483644 0.464493
0.507739 0.510444
0.482548 0.486269
0.401302 0.50413
0.520927 0.480553
0.486827 0.510297
0.533513 0.541288
0.415232 0.617394
0.584468 0.395281
0.47474 0.485556
0.37083 0.672938
0.498086 0.533908
0.238675 0.470263
0.671936 0.431845
0.540889 0.418614
0.519023 0.489563
0.497567 0.483572
0.496677 0.484244
0.513865 0.514902
0.498787 0.482193
0.50107 0.479876
0.521024 0.498516
0.863249 0.294475
0.462 0.519798
0.480892 0.524998
0.489577 0.506126
0.399241 0.740111
0.523633 0.48251
0.498392 0.48106
0.653126 0.209647
0.512638 0.49828
0.334239 0.188766
0.502521 0.478522
0.50644 0.486272
0.494914 0.529942
0.697822 0.712468
0.513479 0.485998
0.444715 0.627168
0.717106 0.513306
0.522227 0.471466
0.230754 0.467789
0.451032 0.496624
0.470256 0.574956
0.55477 0.527678
0.500863 0.475915
0.630966 0.661825
0.519518 0.484941
0.813926 0.344127
0.453087 0.41655
0.504485 0.560561
0.536287 0.477976
0.554861 0.540504
0.470149 0.475431
0.512911 0.503761
0.495601 0.508524
0.509925 0.482538
0.512386 0.506025
0.1532 0.803026
0.506492 0.4982
0.49632 0.532855
0.55019 0.479538
0.609187 0.500691
0.513525 0.506161
0.688537 0.722407
0.594324 0.414952
0.618747 0.503312
0.586977 0.447945
0.331057 0.620792
0.464254 0.549676
0.714963 0.797292
0.602121 0.447477
0.480626 0.487415
0.424054 0.516592
0.482274 0.509038
0.50625 0.477952
0.493432 0.476253
0.499838 0.50741
0.516901 0.501357
0.506708 0.501214
0.598709 0.509325
0.567304 0.503296
0.733607 0.427219
0.516654 0.500104
0.517654 0.514655
0.650159 0.654205
0.378478 0.585776
0.465601 0.54153
0.321021 0.441387
0.423888 0.463764
0.368961 0.587248
0.50543 0.481855
0.523536 0.506207
0.615421 0.412495
0.527518 0.493176
0.504858 0.489214
0.311416 0.474803
0.399555 0.6045
0.760576 0.867931
0.195883 0.84216
0.408624 0.332284
0.541389 0.48232
0.613766 0.292248
0.0879748 0.794063
0.454698 0.452041
0.442053 0.482795
0.479446 0.50515
0.724124 0.690086
0.485856 0.506483
0.368749 0.258038
0.505818 0.499163
0.511556 0.491997
0.513605 0.522035
0.515189 0.491574
0.49068 0.477358
0.464799 0.548066
0.40152 0.307236
0.485605 0.567839
0.18378 0.405912
0.543899 0.508639
0.545178 0.438883
0.500766 0.490303
0.515135 0.547925
0.508005 0.498277
0.509478 0.500175
0.517117 0.512259
0.506288 0.526141
0.551726 0.477202
0.505365 0.52991
0.586661 0.456827
0.400496 0.631748
0.498675 0.489339
0.599587 0.553468
0.491003 0.474114
0.31338 0.440963
0.480566 0.513989
0.440347 0.39338
0.493034 0.491817
0.5211 0.483178
0.500324 0.492353
0.48451 0.500188
0.364505 0.800143
0.496552 0.514167
0.513222 0.489111
0.205088 0.823263
0.700243 0.450154
0.610417 0.39971
0.59147 0.519764
0.221591 0.463056
0.499922 0.48663
0.75059 0.875822
0.554461 0.463782
0.446524 0.462997
0.46682 0.495237
0.497347 0.473989
0.461881 0.504554
0.538654 0.487363
0.471214 0.491033
0.508003 0.509501
0.412006 0.552808
0.618021 0.283049
0.300527 0.485504
0.468798 0.149758
0.256107 0.478891
0.474207 0.55317
0.507695 0.482044
0.502111 0.463769
0.507158 0.501227
0.485749 0.481648
0.45563 0.498786
0.465561 0.471096
0.384325 0.526654
0.612472 0.558782
0.237198 0.422018
0.483516 0.502281
0.467192 0.498013
0.51533 0.480472
0.503223 0.501784
0.505352 0.51445
0.437419 0.553714
0.433592 0.590125
0.434494 0.544381
0.465403 0.494713
0.518862 0.495387
0.402257 0.566285
0.532082 0.42498
0.254994 0.752232
0.629841 0.684781
0.522788 0.503649
0.44539 0.607061
0.179705 0.417848
0.214188 0.423124
0.489307 0.51272
0.294198 0.736882
0.405183 0.418636
0.547482 0.522555
0.425677 0.535943
0.496121 0.514987
0.24695 0.758943
0.506872 0.48973
0.49538 0.504033
0.503503 0.477698
0.501292 0.467876
0.4981 0.518843
0.636338 0.620199
0.609009 0.366971
0.425656 0.636457
0.499212 0.521853
0.566505 0.560705
0.514473 0.457942
0.224138 0.457583
0.501639 0.467787
0.321819 0.683958
0.522916 0.469174
0.630187 0.54189
0.489742 0.504597
0.317851 0.704525
0.275382 0.54446
0.499773 0.504301
0.497255 0.517968
0.511035 0.512216
0.163469 0.801045
0.449621 0.515263
0.670187 0.736415
0.321949 0.529778
0.682567 0.390182
0.385919 0.498339
0.514473 0.454715
0.51748 0.507412
0.386692 0.439007
0.656101 0.589658
0.735428 0.835033
0.497664 0.477889
0.496069 0.490968
0.484709 0.499613
0.492569 0.485289
0.481747 0.513303
0.234974 0.545906
0.227338 0.759804
0.497901 0.489535
0.479224 0.499937
0.479356 0.49911
0.647604 0.672578
0.518543 0.480766
0.376735 0.650941
0.523236 0.457371
0.524034 0.484237
0.447228 0.444083
0.463896 0.533304
0.493568 0.522759
0.487645 0.500331
0.430986 0.665965
0.505357 0.515297
0.50522 0.486152
0.499674 0.516919
0.531626 0.510957
0.491056 0.498684
0.471429 0.201372
0.46529 0.434932
0.49769 0.478639
0.517532 0.451416
0.515438 0.493611
0.50582 0.507646
0.514701 0.506737
0.499904 0.492287
0.412085 0.568127
0.473152 0.478978
0.493651 0.498654
0.521781 0.476048
0.518396 0.50157
0.592449 0.507048
0.490184 0.37563
0.566372 0.563688
0.516521 0.511207
0.507197 0.490603
0.674583 0.732131
0.502438 0.496293
0.445913 0.387334
0.656571 0.653521
0.509673 0.482279
0.483419 0.466354
0.522236 0.5141
0.482684 0.502438
0.205417 0.460089
0.468174 0.565878
0.666393 0.416117
0.514819 0.500199
0.406239 0.716719
0.198264 0.451317
0.47678 0.532018
0.667791 0.677103
0.565494 0.473695
0.501179 0.473569
0.497479 0.475632
0.303391 0.462937
0.499889 0.47667
0.490145 0.494014
0.441803 0.618598
0.458379 0.443696
0.47347 0.575561
0.77979 0.327299
0.226062 0.800927
0.488431 0.485879
0.604616 0.515975
0.602193 0.372937
0.496125 0.495707
0.670509 0.447193
0.482905 0.472938
0.476321 0.490153
0.454124 0.50248
0.661229 0.429825
0.511806 0.483762
0.476033 0.553728
0.490382 0.497014
0.453667 0.538539
0.477861 0.438671
0.583517 0.497908
0.27167 0.45063
0.657102 0.628807
0.644915 0.626724
0.908104 0.507838
0.545646 0.568212
0.571491 0.568767
0.249238 0.45608
0.512959 0.507691
0.786951 0.328351
0.490558 0.496664
0.545114 0.615068
0.481886 0.528878
0.464679 0.518195
0.491706 0.500945
0.526331 0.503339
0.36828 0.672391
0.888666 0.252724
0.524174 0.569883
0.441241 0.50832
0.448752 0.626728
0.489294 0.509118
0.595935 0.492292
0.530818 0.436349
0.516152 0.538365
0.425889 0.376245
0.450092 0.418318
0.421598 0.536197
0.514874 0.510983
0.512831 0.507592
0.496567 0.468252
0.440898 0.567121
0.649894 0.215808
0.198802 0.45766
0.810742 0.319826
0.45968 0.490364
0.262014 0.529706
0.496431 0.515709
0.499368 0.493586
0.495741 0.492543
0.830252 0.340194
0.393409 0.395483
0.469828 0.442778
0.530048 0.49048
0.482963 0.487402
0.265563 0.505558
0.506919 0.514515
0.355744 0.685541
0.396515 0.414646
0.49154 0.506644
0.489947 0.515645
0.493388 0.491762
0.519951 0.491343
