0.497515 0.48711
0.426796 0.531677
0.336093 0.895005
0.545109 0.591187
0.441724 0.531078
0.491495 0.50812
0.5 0.5
0.5 0.5
0.482558 0.492319
0.316176 0.329132
0.481204 0.484689
0.5 0.5
0.503509 0.520155
0.5 0.5
0.543962 0.718874
0.536151 0.48656
0.5 0.5
0.525411 0.519976
0.492447 0.50387
0.507028 0.482412
0.43836 0.734613
0.47874 0.426251
0.498205 0.481158
0.496513 0.515497
0.483327 0.513024
0.50833 0.511631
0.51924 0.484456
0.494411 0.458477
0.457747 0.528898
0.70598 0.670286
0.530001 0.575642
0.415705 0.420208
0.521223 0.545809
0.531723 0.527698
0.50743 0.501478
0.432981 0.435972
0.5 0.5
0.464765 0.537871
0.5 0.5
0.498974 0.486411
0.180306 0.153538
0.51932 0.536643
0.483516 0.176151
0.440872 0.528408
0.5 0.5
0.475898 0.511134
0.520635 0.478717
0.521623 0.491853
0.5 0.5
0.5 0.5
0.620716 0.417466
0.40098 0.446248
0.520365 0.499578
0.5 0.5
0.497467 0.518566
0.515495 0.491766
0.521435 0.5015
0.179218 0.317913
0.497173 0.482599
0.524724 0.508572
0.415868 0.389833
0.470418 0.46268
0.514701 0.497736
0.5 0.5
0.484344 0.512669
0.5 0.5
0.521486 0.481957
0.463097 0.539942
0.504847 0.441369
0.474604 0.48843
0.486213 0.514649
0.490716 0.491273
0.435732 0.590033
0.805472 0.838648
0.444618 0.539307
0.483979 0.493581
0.5 0.5
0.455089 0.570224
0.610032 0.58716
0.662121 0.123099
0.563134 0.643154
0.5 0.5
0.485194 0.48807
0.33019 0.337488
0.494465 0.490572
0.501498 0.520952
0.488479 0.505292
0.811492 0.742929
0.479503 0.503341
0.519427 0.495597
0.511405 0.478008
0.515221 0.511333
0.482432 0.157455
0.500173 0.478659
0.41278 0.415664
0.480718 0.499354
0.50091 0.482498
0.281688 0.544953
0.515728 0.513231
0.777728 0.322222
0.520732 0.509409
0.50434 0.487309
0.5 0.5
0.438478 0.512191
0.50625 0.483409
0.609093 0.579157
0.841776 0.638413
0.439366 0.438903
0.533224 0.51429
0.551745 0.55705
0.519185 0.505574
0.460604 0.567523
0.5 0.5
0.287415 0.592758
0.445581 0.463856
0.567954 0.574291
0.557977 0.485645
0.286753 0.234779
0.512126 0.482724
0.535421 0.571851
0.468057 0.518543
0.493565 0.487179
0.461964 0.439756
0.538245 0.366384
0.519769 0.504311
0.875097 0.792069
0.514382 0.516275
0.499077 0.514205
0.574218 0.556883
0.471847 0.511955
0.5 0.5
0.540963 0.542411
0.5 0.5
0.543833 0.466422
0.480153 0.497242
0.450739 0.521017
0.493149 0.546606
0.588964 0.547619
0.499549 0.51762
0.629869 0.64161
0.533388 0.51516
0.524395 0.520724
0.18592 0.318919
0.31512 0.824737
0.5 0.5
0.526582 0.535179
0.5 0.5
0.546937 0.5398
0.512851 0.510937
0.548979 0.462897
0.5 0.5
0.551348 0.54504
0.556503 0.545333
0.535004 0.576802
0.485725 0.50292
0.514562 0.480049
0.468979 0.488875
0.5 0.5
0.5 0.5
0.410362 0.513774
0.5 0.5
0.515916 0.492325
0.5 0.5
0.520056 0.485025
0.5 0.5
0.503836 0.503092
0.475329 0.432934
0.468697 0.451236
0.5 0.5
0.553213 0.46233
0.507703 0.490868
0.424484 0.533024
0.520578 0.530145
0.545012 0.488331
0.765778 0.163601
0.575977 0.45168
0.515233 0.48291
0.0852831 0.823634
0.520601 0.562921
0.439209 0.516699
0.493819 0.519482
0.448587 0.525495
0.5 0.5
0.5 0.5
0.488863 0.514962
0.489143 0.523434
0.336057 0.331174
0.490888 0.483961
0.500588 0.479419
0.306264 0.964321
0.531727 0.227857
0.482616 0.510467
0.491046 0.455881
0.485912 0.511621
0.676719 0.623154
0.574374 0.241908
0.509589 0.614347
0.5 0.5
0.371662 0.575267
0.517865 0.522075
0.514889 0.582087
0.478889 0.51005
0.483167 0.484108
0.513826 0.479172
0.48538 0.176408
0.5 0.5
0.497192 0.478919
0.560267 0.55143
0.520765 0.507432
0.767211 0.64637
0.5 0.5
0.5 0.5
0.275653 0.5926
0.513028 0.508807
0.488488 0.54931
0.539976 0.554288
0.484468 0.488721
0.528425 0.517809
0.505995 0.516992
0.972833 0.80448
0.518089 0.468077
0.528697 0.539342
0.479873 0.497719
0.502416 0.479376
0.5 0.5
0.49918 0.511679
0.5 0.5
0.488801 0.166899
0.483372 0.500227
0.5 0.5
0.490484 0.514341
0.5 0.5
0.521123 0.511817
0.51143 0.495437
0.460625 0.537676
0.518415 0.55827
0.5 0.5
0.576026 0.560837
0.486707 0.503997
0.485671 0.526857
0.5 0.5
0.734936 0.196815
0.48467 0.485665
0.498514 0.482458
0.5 0.5
0.384648 0.320077
0.524997 0.491739
0.470463 0.471943
0.486842 0.52371
0.5 0.5
0.51175 0.541325
0.304206 0.597537
0.483952 0.499147
0.37151 0.311471
0.509672 0.514489
0.481206 0.49974
0.507146 0.487122
0.792968 0.648773
0.510012 0.517255
0.501435 0.483173
0.521145 0.459637
0.482031 0.478632
0.497444 0.479677
0.510804 0.516367
0.528929 0.593414
0.51548 0.501479
0.478318 0.48879
0.784845 0.64079
0.509426 0.491457
0.912574 0.190405
0.588152 0.432961
0.5 0.5
0.294883 0.633184
0.538711 0.462541
0.538341 0.518689
0.51136 0.489681
0.848759 0.771148
0.517149 0.507766
0.495605 0.500819
0.5 0.5
0.507724 0.487245
0.352358 0.699579
0.917619 0.168099
0.500207 0.509641
0.455494 0.452152
0.539009 0.466977
0.493324 0.51696
0.466439 0.518697
0.5 0.5
0.882105 0.19191
0.598955 0.452974
0.503524 0.512935
0.509056 0.50515
0.445866 0.529956
0.5 0.5
0.521902 0.490064
0.464727 0.462105
0.267766 0.279065
0.5 0.5
0.525435 0.679565
0.53494 0.47774
0.503521 0.516351
0.691661 0.41704
0.862597 0.206373
0.509499 0.48294
0.5 0.5
0.518126 0.493841
0.536023 0.533124
0.495444 0.520585
0.513016 0.513344
0.514489 0.495059
0.539499 0.471102
0.484655 0.51021
0.515018 0.518065
0.5 0.5
0.478947 0.2023
0.512571 0.514139
0.503226 0.466911
0.5 0.5
0.456364 0.447219
0.493941 0.492353
0.50437 0.484445
0.49739 0.523327
0.5 0.5
0.516054 0.54642
0.5 0.5
0.362564 0.425988
0.5 0.5
0.299867 0.638188
0.5 0.5
0.500264 0.481079
0.483809 0.486606
0.240296 0.254694
0.422629 0.575099
0.517817 0.495903
0.485666 0.488389
0.525481 0.484927
0.57733 0.48161
0.518205 0.49517
0.5 0.5
0.506914 0.52264
0.747088 0.4323
0.357741 0.348069
0.593991 0.440092
0.5 0.5
0.530092 0.552444
0.548766 0.23492
0.491736 0.513463
0.488279 0.51049
0.524333 0.635036
0.308995 0.600617
0.579343 0.412247
0.327914 0.582143
0.511041 0.512823
0.165455 0.827363
0.46653 0.477134
0.491754 0.519147
0.503885 0.526845
0.483735 0.511777
0.445613 0.461502
0.572888 0.72347
0.906206 0.171902
0.477974 0.48354
0.485132 0.517223
0.497414 0.429204
0.485255 0.492104
0.169305 0.755831
0.507713 0.480751
0.502458 0.450679
0.50096 0.500266
0.350966 0.355456
0.548434 0.541566
0.327202 0.724609
0.582905 0.540148
0.514218 0.505948
0.5 0.5
0.5 0.5
0.480908 0.497396
0.511574 0.530927
0.323866 0.290892
0.410887 0.364661
0.561845 0.480446
0.5 0.5
0.566807 0.567278
0.524626 0.491768
0.480725 0.516181
0.509557 0.481587
0.5084 0.512276
0.5 0.5
0.507761 0.512794
0.582291 0.463836
0.442653 0.510366
0.454803 0.378676
0.571995 0.226752
0.479567 0.502615
0.473571 0.507311
0.448874 0.450604
0.382304 0.41519
0.529004 0.524261
0.537546 0.487876
0.516964 0.498227
0.40851 0.44953
0.393366 0.573088
0.587453 0.575051
0.476439 0.478082
0.263971 0.276529
0.484511 0.487431
0.5 0.5
0.500435 0.519408
0.473841 0.601678
0.453522 0.535281
0.478714 0.206965
0.532689 0.492077
0.483706 0.502051
0.305154 0.313332
0.512012 0.516446
0.181488 0.799966
0.471473 0.475493
0.503231 0.479244
0.368732 0.372674
0.509982 0.462146
0.497544 0.479297
0.483012 0.496955
0.562638 0.627225
0.21239 0.187752
0.510203 0.460393
0.570948 0.412572
0.375211 0.700907
0.516348 0.54762
0.461028 0.525332
0.519954 0.455728
0.497567 0.480318
0.5 0.5
0.634059 0.55756
0.341828 0.879103
0.531864 0.565295
0.306245 0.671333
0.4555 0.446077
0.516239 0.497533
0.513703 0.511471
0.307781 0.95175
0.463122 0.482756
0.5 0.5
0.764959 0.63643
0.239125 0.251847
0.48084 0.537856
0.282429 0.293312
0.509682 0.477263
0.501569 0.517756
0.51484 0.475042
0.506453 0.477093
0.490234 0.513575
0.497451 0.518498
0.5 0.5
0.535662 0.481265
0.482809 0.494805
0.488682 0.522879
0.448108 0.454304
0.461428 0.464016
0.319382 0.400177
0.5 0.5
0.5 0.5
0.504847 0.532875
0.423459 0.573775
0.512646 0.482658
0.917371 0.781273
0.483544 0.436875
0.488645 0.514976
0.5 0.5
0.520659 0.436591
0.536729 0.46114
0.493877 0.518308
0.494581 0.521046
0.502747 0.473424
0.5 0.5
0.521172 0.465725
0.694612 0.652476
0.563606 0.482211
0.516942 0.485807
0.958113 0.806879
0.325615 0.914967
0.554541 0.623676
0.295299 0.95774
0.482271 0.504704
0.5 0.5
0.49438 0.458507
0.5 0.5
0.5 0.5
0.595538 0.447719
0.776939 0.650919
0.5 0.5
0.416844 0.555892
0.513565 0.48544
0.520551 0.50465
0.434198 0.451061
0.524283 0.473456
0.507806 0.496812
0.5 0.5
0.470783 0.48797
0.576158 0.535171
0.506794 0.479468
0.515467 0.493039
0.461125 0.533503
0.657689 0.634464
0.508325 0.523356
0.527081 0.415061
0.481317 0.528232
0.77718 0.623644
0.497342 0.427979
0.509453 0.497543
0.421098 0.392068
0.5 0.5
0.5 0.5
0.509964 0.522008
0.512655 0.488704
0.475316 0.509162
0.484997 0.512419
0.516082 0.483591
0.513095 0.478916
0.482999 0.530971
0.258693 0.687659
0.5 0.5
0.5 0.5
0.483687 0.515987
0.5 0.5
0.500258 0.476229
0.49127 0.486177
0.542188 0.40259
0.536047 0.545117
0.49762 0.474212
0.502593 0.517048
0.516976 0.495885
0.484685 0.505259
0.480462 0.504736
0.47936 0.179049
0.500085 0.531163
0.5 0.5
0.500569 0.47777
0.482591 0.513021
0.462154 0.392696
0.512631 0.470333
0.518501 0.487652
0.515388 0.476476
0.456586 0.363202
0.561807 0.43102
0.445962 0.411518
0.887355 0.169201
0.487116 0.484276
0.454517 0.555453
0.485754 0.48829
0.51833 0.518935
0.402157 0.65806
0.495283 0.480387
0.512411 0.476592
0.486327 0.518595
0.520382 0.477467
0.600252 0.391697
0.377193 0.329753
0.521953 0.578382
0.510793 0.476532
0.837926 0.76529
0.616729 0.745316
0.5 0.5
0.510477 0.479964
0.436004 0.438771
0.334987 0.658816
0.512324 0.514566
0.5 0.5
0.5 0.5
0.467917 0.493652
0.465883 0.456347
0.48884 0.542476
0.505097 0.528955
0.252497 0.232505
0.572196 0.57023
0.487257 0.494969
0.46233 0.441654
0.502575 0.486287
0.597644 0.372269
0.871583 0.78996
0.445958 0.436431
0.5 0.5
0.511749 0.502981
0.535653 0.523796
0.503473 0.464725
0.331584 0.613298
0.525221 0.50391
0.502683 0.545194
0.470486 0.531716
0.0961189 0.827325
0.435714 0.613218
0.482053 0.517126
0.338227 0.606808
0.521 0.495525
0.778598 0.317655
0.545441 0.428689
0.444424 0.410541
0.2299 0.311776
0.451495 0.591914
0.679705 0.635182
0.446369 0.438595
0.523072 0.522646
0.505782 0.473513
0.496445 0.519709
0.5 0.5
0.508953 0.494272
0.501091 0.47939
0.372147 0.377325
0.541456 0.507842
0.483939 0.503073
0.59329 0.606359
0.630934 0.416545
0.384074 0.690483
0.487785 0.508134
0.752938 0.420307
0.5 0.5
0.5 0.5
0.482492 0.494797
0.513375 0.51224
0.536559 0.472752
0.54754 0.548628
0.53817 0.526656
0.650893 0.150448
0.511188 0.51404
0.52595 0.45089
0.494137 0.51761
0.442364 0.440142
0.499045 0.485601
0.470458 0.470255
0.517285 0.516461
0.521104 0.405616
0.5 0.5
0.313875 0.536805
0.5 0.5
0.520468 0.470212
0.502693 0.520538
0.523163 0.481953
0.5 0.5
0.488909 0.454971
0.922633 0.197844
0.382013 0.318329
0.497459 0.50661
0.48742 0.492925
0.50031 0.517012
0.557569 0.685287
0.520035 0.333557
0.5 0.5
0.476363 0.473402
0.481887 0.49006
0.5147 0.50402
0.500102 0.517846
0.5 0.5
0.549583 0.563052
0.483855 0.470703
0.481939 0.498034
0.49776 0.5176
0.53778 0.424124
0.492323 0.484552
0.628551 0.763072
0.619206 0.375911
0.495723 0.487529
0.5143 0.577529
0.532155 0.52539
0.445188 0.547231
0.465695 0.525411
0.507608 0.478975
0.5 0.5
0.5 0.5
0.492191 0.557847
0.492713 0.481524
0.481262 0.49672
0.598081 0.583932
0.494416 0.517322
0.576776 0.583982
0.521227 0.499593
0.477931 0.503587
0.518147 0.498248
0.411656 0.454076
0.512261 0.481541
0.297016 0.540312
0.886314 0.65045
0.376358 0.38307
0.5 0.5
0.5 0.5
0.470307 0.48436
0.589325 0.476181
0.341229 0.701737
0.474836 0.514197
0.5 0.5
0.498133 0.463369
0.492102 0.515669
0.56653 0.232584
0.500552 0.543627
0.49586 0.479912
0.478603 0.501722
0.5 0.5
0.492871 0.49403
0.5 0.5
0.517091 0.476493
0.821069 0.289197
0.518729 0.503934
0.50722 0.517095
0.526386 0.647888
0.490944 0.512418
0.662336 0.632471
0.472419 0.450742
0.456656 0.580439
0.409233 0.636445
0.501243 0.53369
0.508087 0.518929
0.588032 0.185934
0.511446 0.512159
0.513677 0.498509
0.521192 0.512263
0.486351 0.493711
0.796698 0.317222
0.477897 0.502943
0.910638 0.788172
0.349214 0.363036
0.526298 0.480699
0.5 0.5
0.328953 0.332435
0.520649 0.496678
0.50191 0.482144
0.505992 0.541156
0.512801 0.491932
0.5 0.5
0.486477 0.516727
0.342423 0.531264
0.474181 0.547843
0.89688 0.198312
0.469518 0.463731
0.514967 0.45613
0.500294 0.517171
0.490425 0.519942
0.756463 0.432107
0.489449 0.514954
0.503353 0.501708
0.541712 0.523057
0.57905 0.477723
0.510001 0.512577
0.502892 0.41818
0.498971 0.513491
0.5 0.5
0.490823 0.512834
0.498167 0.458333
0.479827 0.543812
0.490742 0.485883
0.522808 0.447375
0.302056 0.312721
0.5 0.5
0.490818 0.51649
0.372216 0.318977
0.367337 0.31434
0.778675 0.289528
0.494999 0.473905
0.5 0.5
0.575361 0.469835
0.520292 0.555821
0.536373 0.537453
0.529583 0.473754
0.725475 0.433116
0.607367 0.369598
0.490534 0.48798
0.491061 0.517645
0.519764 0.492235
0.482002 0.505382
0.117816 0.805798
0.415814 0.431867
0.636566 0.38675
0.494353 0.491373
0.486418 0.502963
0.486106 0.508484
0.517912 0.474148
0.488463 0.486951
0.5 0.5
0.778469 0.717942
0.472518 0.540574
0.853229 0.797006
0.463926 0.466382
0.509223 0.521172
0.504588 0.519121
0.488146 0.515133
0.512795 0.486098
0.587401 0.541005
0.489334 0.476847
0.516474 0.506593
0.532939 0.545329
0.510559 0.486939
0.731304 0.311086
0.339446 0.763814
0.275143 0.258037
0.482411 0.492365
0.794885 0.623792
0.476827 0.463806
0.544328 0.524596
0.50346 0.479328
0.546903 0.389897
0.5 0.5
0.351831 0.73496
0.476885 0.504605
0.481352 0.471245
0.493119 0.513257
0.483221 0.497421
0.517577 0.451368
0.51586 0.534994
0.287839 0.647729
0.115328 0.796839
0.329585 0.914567
0.499118 0.548546
0.5 0.5
0.458946 0.402779
0.621191 0.356442
0.504389 0.518993
0.51235 0.500607
0.516134 0.511105
0.227058 0.201915
0.5 0.5
0.477505 0.467309
0.319884 0.660107
0.442745 0.534349
0.581712 0.464749
0.5 0.5
0.442416 0.555989
0.596001 0.564002
0.5 0.5
0.508694 0.514972
0.5 0.5
0.512909 0.493109
0.506233 0.520506
0.339314 0.653168
0.5 0.5
0.790654 0.150672
0.5 0.5
0.372654 0.708609
0.48202 0.512734
0.538983 0.685638
0.491055 0.491482
0.562039 0.281219
0.513053 0.491806
0.534118 0.459093
0.5 0.5
0.398342 0.580381
0.406481 0.410299
0.5 0.5
0.526496 0.646139
0.513466 0.546363
0.492894 0.504703
0.628558 0.203404
0.5 0.5
0.482154 0.496109
0.487787 0.486995
0.461488 0.478915
0.503571 0.549487
0.491586 0.494777
0.317099 0.388556
0.414365 0.626304
0.479639 0.499029
0.509003 0.443559
0.5 0.5
0.509465 0.48702
0.628532 0.764528
0.499525 0.51502
0.480148 0.49614
0.857133 0.815733
0.46712 0.620489
0.490355 0.489169
0.480959 0.466417
0.504749 0.51171
0.465236 0.515444
0.5 0.5
0.5 0.5
0.5 0.5
0.730067 0.596137
0.515233 0.506155
0.520668 0.491147
0.466865 0.37922
0.610476 0.415487
0.480899 0.499007
0.510849 0.507393
0.510153 0.511126
0.534628 0.498098
0.515338 0.505406
0.564092 0.423446
0.480473 0.507401
0.51559 0.489157
0.484172 0.515707
0.490216 0.512453
0.480246 0.501177
0.324128 0.779743
0.419849 0.55954
0.5 0.5
0.461401 0.552022
0.53078 0.476278
0.446794 0.448998
0.464456 0.443964
0.332609 0.353843
0.560744 0.40512
0.568114 0.568587
0.319916 0.624968
0.545362 0.640762
0.258769 0.268975
0.524732 0.558893
0.514854 0.551244
0.529229 0.552072
0.628047 0.585159
0.520418 0.495413
0.441587 0.638838
0.524419 0.444156
0.315507 0.922127
0.377643 0.639363
0.476105 0.492562
0.406623 0.409487
0.544182 0.56333
0.512096 0.523412
0.469082 0.414899
0.50898 0.501374
0.460622 0.3379
0.486175 0.490042
0.482894 0.485545
0.5 0.5
0.563994 0.550706
0.516682 0.4863
0.506653 0.505673
0.5 0.5
0.49278 0.493602
0.525279 0.545084
0.759118 0.629759
0.486974 0.509781
0.429561 0.578944
0.503564 0.510319
0.933826 0.794579
0.516649 0.497294
0.478749 0.504439
0.531434 0.241416
0.496726 0.513343
0.5 0.5
0.526641 0.5091
0.5 0.5
0.442925 0.424578
0.519103 0.516394
0.525679 0.510543
0.506332 0.483443
0.377771 0.67479
0.401987 0.538867
0.388458 0.336525
0.452745 0.459804
0.443236 0.513883
0.765814 0.165832
0.477703 0.484462
0.34204 0.777725
0.604371 0.472248
0.486823 0.4734
0.446792 0.556121
0.46122 0.530144
0.387947 0.434898
0.541844 0.624241
0.65198 0.462128
0.470342 0.400205
0.469839 0.497731
0.5 0.5
0.520964 0.504505
0.805369 0.73332
0.621242 0.586564
0.588661 0.445719
0.449458 0.442753
0.509903 0.488172
0.524707 0.521737
0.483236 0.522076
0.49866 0.513027
0.484776 0.45848
0.521274 0.507872
0.482552 0.492541
0.49415 0.495789
0.72282 0.655351
0.452976 0.513207
0.491964 0.488598
0.914854 0.169038
0.505272 0.517392
0.5 0.5
0.489088 0.51033
0.520145 0.486623
0.190059 0.322946
0.558445 0.473603
0.450659 0.468075
0.5 0.5
0.502941 0.505579
0.479277 0.531651
0.39198 0.426452
0.33117 0.648568
0.639411 0.394204
0.5498 0.213561
0.5 0.5
0.507804 0.513355
0.471401 0.423005
0.310144 0.59403
0.49511 0.494939
0.5 0.5
0.457949 0.458293
0.495916 0.477847
0.432486 0.513537
0.487268 0.518871
0.488128 0.514572
0.213677 0.184452
0.494487 0.480784
0.5 0.5
0.461878 0.528191
0.528327 0.460653
0.476819 0.513042
0.515907 0.496295
0.497307 0.48322
0.309322 0.593087
0.706837 0.445057
0.360578 0.367853
0.489206 0.522441
0.326209 0.538166
0.485337 0.51332
0.462459 0.485763
0.382783 0.403796
0.512613 0.513103
0.513963 0.489064
0.457784 0.561757
0.933376 0.789429
0.513 0.490165
0.54829 0.435012
0.566518 0.343781
0.332723 0.772092
0.585691 0.259003
0.436081 0.570316
0.47293 0.509627
0.432271 0.44066
0.396799 0.609006
0.5 0.5
0.5 0.5
0.520885 0.514899
0.36719 0.372881
0.5 0.5
0.514351 0.519819
0.5 0.5
0.5 0.5
0.525496 0.509762
0.12753 0.792862
0.507682 0.541057
0.5 0.5
0.424687 0.384553
0.484638 0.492624
0.488836 0.519251
0.5 0.5
0.503581 0.509732
0.5 0.5
0.867157 0.781975
0.321453 0.673811
0.480853 0.507348
0.574281 0.582517
0.493586 0.513982
0.481424 0.51896
0.474404 0.500122
0.494936 0.504392
0.477881 0.462935
0.317234 0.705498
0.489901 0.520011
0.508629 0.489348
0.5 0.5
0.393343 0.619778
0.497651 0.515838
0.545717 0.474475
0.494753 0.52074
0.511606 0.493552
0.48593 0.524652
0.512732 0.502478
0.504216 0.486316
0.836333 0.271935
0.536678 0.468756
0.521401 0.489995
0.634352 0.19254
0.454792 0.479854
0.50983 0.518273
0.532374 0.476362
0.532989 0.596189
0.427502 0.42426
0.509912 0.5248
0.496579 0.422135
0.556901 0.570975
0.5 0.5
0.447346 0.628096
0.501131 0.513136
0.494511 0.476743
0.520757 0.457464
0.52691 0.493658
0.453066 0.396826
0.482498 0.477455
0.518249 0.460515
0.376322 0.424976
0.559665 0.650209
0.478989 0.499578
0.555748 0.554951
0.321651 0.344161
0.513284 0.487029
0.5 0.5
0.699196 0.372944
0.4785 0.424537
0.500844 0.488561
0.509062 0.517185
0.507558 0.502328
0.571581 0.401579
0.476268 0.418925
0.505792 0.473286
0.555307 0.658488
0.346958 0.28654
0.437958 0.445926
0.474973 0.499083
0.510956 0.486913
0.48837 0.471036
0.540713 0.490131
0.531402 0.529408
0.527513 0.492932
0.5 0.5
0.520383 0.505158
0.563443 0.546687
0.684207 0.650328
0.718242 0.361665
0.5 0.5
0.461207 0.514194
0.349849 0.558105
0.527342 0.53259
0.5 0.5
0.809715 0.29451
0.496431 0.490321
0.529964 0.503505
0.5 0.5
0.447723 0.508482
0.871724 0.219407
0.5 0.5
0.528177 0.556316
0.479617 0.497989
0.549094 0.569584
0.51448 0.493566
0.386129 0.37382
0.452953 0.475186
0.517597 0.513651
0.490045 0.511095
0.5 0.5
0.486444 0.498148
0.48494 0.512859
0.421134 0.388559
0.5 0.5
0.507973 0.519118
0.520657 0.536415
0.507706 0.481603
0.497606 0.517516
0.60725 0.426725
0.404038 0.616987
0.617314 0.469694
0.511534 0.522407
0.546005 0.498866
0.817565 0.752808
0.481821 0.478499
0.611651 0.727854
0.486875 0.508865
0.39906 0.671439
0.47011 0.475245
0.449348 0.451714
0.522994 0.492384
0.858634 0.211416
0.405196 0.608241
0.793774 0.306003
0.920383 0.202017
0.559643 0.539559
0.522984 0.553691
0.486592 0.498624
0.474886 0.504828
0.475728 0.45112
0.511914 0.513008
0.160404 0.302948
0.5 0.5
0.603481 0.472701
0.574309 0.398948
0.493782 0.485679
0.5 0.5
0.461898 0.472587
0.408283 0.396534
0.476575 0.18333
0.481468 0.500804
0.507004 0.488831
0.483726 0.497018
0.48517 0.506468
0.308691 0.578033
0.25715 0.208241
0.488575 0.515321
0.418288 0.570199
0.583509 0.414421
0.490433 0.511863
0.499265 0.49397
0.488629 0.474929
0.82691 0.72424
0.569538 0.31837
0.524734 0.480628
0.402098 0.397177
0.494752 0.471304
0.51332 0.491013
0.753316 0.617562
0.549386 0.322573
0.480041 0.498106
0.511755 0.493299
0.36483 0.587886
0.484905 0.568964
0.48781 0.512226
0.432685 0.516059
0.71472 0.631635
0.893865 0.763907
0.480405 0.51284
0.532816 0.490845
0.522518 0.483862
0.516351 0.512456
0.478392 0.500401
0.493708 0.486715
0.565061 0.431589
0.511512 0.483221
0.492716 0.511976
0.508316 0.482527
0.558856 0.278572
0.282238 0.612897
0.493689 0.446153
0.329976 0.353437
0.269349 0.367432
0.512382 0.502219
0.771412 0.179426
0.523709 0.512729
0.414794 0.647083
0.604184 0.618228
0.474015 0.506102
0.49255 0.488524
0.74793 0.689672
0.421204 0.388473
0.613857 0.234736
0.486929 0.473988
0.43269 0.526754
0.59482 0.537129
0.194254 0.328477
0.498533 0.517193
0.5 0.5
0.582457 0.402266
0.497487 0.488146
0.514616 0.510737
0.490816 0.51841
0.494339 0.506362
0.4176 0.644471
0.431977 0.443957
0.522783 0.628642
0.4911 0.485601
0.518862 0.531324
0.506483 0.486074
0.533862 0.494752
0.480982 0.519673
0.509038 0.50284
0.48284 0.495791
0.476883 0.443466
0.488113 0.505326
0.477811 0.497607
0.876539 0.242215
0.349787 0.354761
0.401779 0.553454
0.5 0.5
0.5 0.5
0.484749 0.495157
0.510352 0.536855
0.478726 0.476695
0.526255 0.459982
0.545565 0.377364
0.489141 0.501062
0.506785 0.479586
0.499791 0.518893
0.677994 0.266698
0.496453 0.515866
0.55927 0.469784
0.595002 0.600066
0.531684 0.441275
0.565339 0.64455
0.552125 0.558809
0.493078 0.5147
0.439313 0.55801
0.496148 0.507613
0.465838 0.470158
0.535735 0.563638
0.492995 0.455368
0.483863 0.468919
0.6354 0.644002
0.47745 0.518513
0.481694 0.511434
0.489416 0.489447
0.694207 0.342517
0.512746 0.572813
0.502837 0.482567
0.502179 0.515838
0.513698 0.501796
0.528167 0.530058
0.50904 0.505317
0.413304 0.626202
0.526783 0.454573
0.491565 0.489341
0.470991 0.620032
0.429911 0.35471
0.492187 0.496833
0.522342 0.51427
0.312053 0.366049
0.479816 0.481613
0.484926 0.511494
0.551678 0.544292
0.52019 0.471536
0.48157 0.507129
0.5 0.5
0.514728 0.5122
0.906859 0.662432
0.405895 0.555046
0.543336 0.538181
0.459143 0.469451
0.484628 0.485455
0.509431 0.478796
0.764686 0.320041
0.529212 0.451955
0.48576 0.487756
0.251739 0.696183
0.527952 0.557191
0.502982 0.484468
0.5 0.5
0.170482 0.764624
0.771463 0.426103
0.331969 0.769639
0.491272 0.519313
0.516946 0.503656
0.412945 0.553762
0.623365 0.556483
0.484807 0.486357
0.729759 0.205931
0.495876 0.492451
0.479253 0.528341
0.508305 0.42406
0.531189 0.479451
0.5 0.5
0.581433 0.309662
0.755678 0.64003
0.7871 0.727189
0.423689 0.428416
0.562804 0.39078
0.499989 0.484605
0.498868 0.52217
0.378727 0.578937
0.47901 0.473458
0.5 0.5
0.492123 0.493202
0.49294 0.523565
0.49933 0.484762
0.510897 0.483914
0.350328 0.651513
0.511666 0.506361
0.5 0.5
0.529909 0.584926
0.438117 0.564823
0.52014 0.510728
0.509103 0.489261
0.438058 0.542897
0.514272 0.499632
0.5 0.5
0.663344 0.454201
0.190763 0.326003
0.597398 0.54638
0.507038 0.490635
0.55403 0.487158
0.485992 0.48512
0.463877 0.466347
0.514456 0.489928
0.494327 0.529614
0.52414 0.55459
0.515374 0.517526
0.498335 0.521907
0.513764 0.493243
0.553432 0.569838
0.551041 0.543803
0.506282 0.522777
0.319747 0.703202
0.36661 0.418447
0.484636 0.53881
0.510085 0.510574
0.397209 0.353164
0.5 0.5
0.479879 0.558936
0.51599 0.489717
0.491351 0.484128
0.787207 0.617358
0.514122 0.525634
0.525662 0.487062
0.363379 0.304547
0.567911 0.454734
0.461934 0.503977
0.5 0.5
0.463421 0.458741
0.543583 0.609961
0.295152 0.353536
0.513462 0.486687
0.502134 0.509388
0.528719 0.509278
0.525975 0.464654
0.567211 0.310949
0.316267 0.530563
0.609486 0.574446
0.494912 0.498945
0.453929 0.538004
0.483234 0.49674
0.471554 0.502763
0.574378 0.196677
0.445962 0.552669
0.400542 0.649863
0.535159 0.483308
0.519266 0.507274
0.501098 0.475821
0.520578 0.49454
0.514543 0.48263
0.503155 0.507947
0.489164 0.493178
0.464727 0.466953
0.495361 0.504059
0.482345 0.506379
0.507506 0.515752
0.501736 0.445737
0.654831 0.298897
0.517298 0.57988
0.17694 0.817658
0.524827 0.627268
0.485775 0.48712
0.483541 0.502468
0.513589 0.517908
0.475878 0.496078
0.486256 0.483624
0.445541 0.529103
0.641813 0.317183
0.508471 0.506329
0.497908 0.521658
0.787818 0.159566
0.454624 0.458104
0.486043 0.202083
0.5 0.5
0.5 0.5
0.492278 0.516497
0.335951 0.355063
0.5 0.5
0.353212 0.692302
0.407007 0.575522
0.49316 0.511295
0.728807 0.388998
0.475083 0.502216
0.494651 0.38219
0.715823 0.358778
0.372078 0.681268
0.417606 0.595572
0.470907 0.5346
0.485901 0.485315
0.567736 0.555697
0.78623 0.676665
0.416178 0.376697
0.5 0.5
0.519099 0.500977
0.476164 0.506019
0.492373 0.495807
0.416233 0.702122
0.540499 0.513053
0.508333 0.503505
0.488122 0.499952
0.502941 0.448011
0.299517 0.632365
0.578031 0.384645
0.489886 0.49583
0.557908 0.430588
0.480184 0.496339
0.435832 0.53159
0.644399 0.325308
0.481496 0.503858
0.464912 0.417134
0.488346 0.497654
0.523975 0.532837
0.505097 0.506905
0.502755 0.510564
0.512375 0.485219
0.504222 0.444266
0.50687 0.511935
0.445582 0.54085
0.523389 0.512018
0.464072 0.441674
0.500822 0.521451
0.49819 0.480893
0.51064 0.525479
0.407687 0.508396
0.398424 0.669759
0.738788 0.625196
0.315203 0.582044
0.488375 0.514221
0.423775 0.517657
0.5 0.5
0.532523 0.473901
0.411795 0.629891
0.49373 0.481527
0.529466 0.553833
0.475836 0.539706
0.888897 0.188147
0.632946 0.777766
0.461284 0.458058
0.516207 0.514055
0.605152 0.256203
0.4277 0.506818
0.488701 0.515165
0.266618 0.245081
0.390884 0.398207
0.510258 0.502989
0.489087 0.503696
0.545748 0.60503
0.465331 0.503017
0.465315 0.511134
0.449822 0.479812
0.512584 0.482193
0.533701 0.5003
0.480061 0.522236
0.524712 0.626875
0.467578 0.386321
0.688869 0.588964
0.493401 0.493116
0.476244 0.513773
0.5353 0.485344
0.483752 0.500676
0.499286 0.52264
0.515804 0.500523
0.340837 0.767596
0.700253 0.447596
0.521836 0.439485
0.738854 0.384043
0.497971 0.512803
0.492615 0.515843
0.397666 0.377973
0.432016 0.564379
0.503564 0.376684
0.423083 0.375568
0.493374 0.490939
0.514776 0.502236
0.794768 0.42175
0.719997 0.603078
0.699458 0.596231
0.517444 0.478917
0.503543 0.533929
0.513171 0.495166
0.516516 0.507179
0.586704 0.269047
0.493306 0.503397
0.5079 0.488283
0.505942 0.548587
0.494425 0.479586
0.86158 0.204786
0.509079 0.515716
0.499119 0.514044
0.431405 0.539147
0.5 0.5
0.490864 0.51491
0.514307 0.505473
0.788868 0.424132
0.5 0.5
0.5106 0.511582
0.515548 0.512372
0.354703 0.525667
0.488409 0.502341
0.507369 0.513871
0.589658 0.462465
0.540404 0.560127
0.528993 0.441383
0.510493 0.500349
0.493369 0.504446
0.383725 0.549045
0.523772 0.520573
0.486932 0.500621
0.5 0.5
0.510312 0.517911
0.465825 0.485102
0.844813 0.792147
0.495975 0.466515
0.457944 0.405741
0.51757 0.496194
0.489634 0.513882
0.465204 0.375819
0.381574 0.366612
0.507784 0.501453
0.5 0.5
0.510983 0.512423
0.499744 0.48122
0.308308 0.289325
0.496915 0.516847
0.52582 0.482125
0.687939 0.583295
0.525715 0.505868
0.496015 0.461184
0.798689 0.822902
0.487902 0.522144
0.543119 0.46881
0.482261 0.467574
0.502358 0.496632
0.483106 0.514091
0.593043 0.590907
0.58128 0.666102
0.506553 0.498861
0.491169 0.54117
0.391144 0.352795
0.481673 0.512448
0.511599 0.502406
0.483758 0.496444
0.48871 0.488417
0.511166 0.476937
0.513022 0.510864
0.635676 0.616374
0.518776 0.507164
0.447115 0.462518
0.522405 0.507062
0.523461 0.497569
0.543145 0.616812
0.520513 0.267998
0.5 0.5
0.525901 0.492279
0.513619 0.47985
0.502763 0.51675
0.846304 0.783237
0.484905 0.455715
0.558179 0.468649
0.484115 0.511804
0.526976 0.502438
0.487157 0.505733
0.489433 0.495428
0.491725 0.516698
0.723839 0.69153
0.714693 0.436997
0.472166 0.448085
0.514039 0.472019
0.448382 0.424986
0.547133 0.543241
0.530588 0.5693
0.480368 0.489105
0.510545 0.496351
0.6695 0.638478
0.483672 0.190068
0.579369 0.248988
0.501995 0.452543
0.528779 0.43181
0.480416 0.443487
0.439316 0.408524
0.477836 0.47861
0.542431 0.538418
0.554891 0.294243
0.486783 0.488657
0.484394 0.502771
0.52607 0.408093
0.582391 0.416524
0.541612 0.492443
0.493464 0.497254
0.479877 0.533066
0.508997 0.583198
0.487974 0.471658
0.502369 0.476146
0.409596 0.541051
0.496287 0.50577
0.579876 0.472961
0.520196 0.484232
0.595578 0.418546
0.516748 0.505496
0.511813 0.511992
0.526921 0.552133
0.338176 0.418788
0.515513 0.516246
0.615488 0.593608
0.5 0.5
0.600998 0.712053
0.530857 0.565013
0.514772 0.491418
0.682569 0.269704
0.518955 0.483192
0.483176 0.496743
0.471865 0.417439
0.5 0.5
0.546205 0.562329
0.496003 0.478617
0.525621 0.527126
0.604667 0.709038
0.452534 0.616597
0.566494 0.415123
0.524933 0.448381
0.516819 0.50255
0.504768 0.51433
0.489011 0.501995
0.852444 0.238405
0.488125 0.498543
0.48461 0.525471
0.477997 0.522875
0.271901 0.283983
0.929478 0.658536
0.523575 0.492564
0.491058 0.468462
0.442008 0.42857
0.431854 0.541377
0.492907 0.491714
0.564719 0.564026
0.511844 0.502966
0.488881 0.466698
0.576953 0.527976
0.322838 0.640092
0.767422 0.328198
0.500517 0.47938
0.501153 0.519798
0.643275 0.166473
0.515245 0.562224
0.507898 0.513397
0.170088 0.307991
0.567292 0.418483
0.482743 0.50323
0.904106 0.673018
0.852389 0.73744
0.54723 0.326336
0.512268 0.538372
0.451369 0.537468
0.592009 0.405395
0.499575 0.503456
0.519384 0.499788
0.499707 0.48231
0.461261 0.466284
0.504997 0.478899
0.327546 0.401303
0.200089 0.188495
0.490459 0.504416
0.5 0.5
0.575102 0.467294
0.503459 0.496611
0.337724 0.345199
0.535927 0.42126
0.294257 0.945823
0.59845 0.700497
0.416844 0.378701
0.487046 0.512663
0.454467 0.448249
0.50669 0.511058
0.499494 0.518294
0.517533 0.542757
0.261384 0.602034
0.500223 0.510358
0.498515 0.441095
0.548571 0.319163
0.548063 0.406201
0.544627 0.579362
0.521183 0.493991
0.856798 0.807617
0.516606 0.531959
0.603627 0.608822
0.499997 0.488118
0.616244 0.229528
0.496218 0.441032
0.518383 0.514123
0.914646 0.199509
0.512767 0.499063
0.510472 0.486097
0.621792 0.367195
0.499252 0.494443
0.488208 0.181077
0.496122 0.494616
0.352066 0.359921
0.593833 0.691919
0.596179 0.438482
0.51349 0.586592
0.5 0.5
0.0946529 0.816735
0.484706 0.489169
0.538639 0.462821
0.503209 0.482209
0.480665 0.4939
0.90826 0.208221
0.49975 0.502456
0.511089 0.533921
0.500094 0.510574
0.551764 0.47766
0.472143 0.545773
0.482838 0.506034
0.539359 0.476513
0.492683 0.486965
0.448132 0.476848
0.744245 0.213212
0.491392 0.501609
0.486365 0.49729
0.5 0.5
0.592963 0.543449
0.207961 0.770567
0.560863 0.494217
0.498141 0.465535
0.345095 0.352846
0.451898 0.431908
0.498378 0.489002
0.444071 0.589745
0.495743 0.179435
0.437157 0.548672
0.495418 0.477972
0.533296 0.500333
0.482993 0.500332
0.614234 0.732529
0.237711 0.219668
0.529528 0.491935
0.494385 0.488266
0.485189 0.511715
0.506175 0.49916
0.372542 0.557904
0.517264 0.489287
0.624802 0.467196
0.283004 0.294422
0.512 0.511434
0.470282 0.499757
0.452582 0.532928
0.44734 0.440835
0.5 0.5
0.495205 0.517115
0.480695 0.513015
0.520978 0.46988
0.514242 0.506349
0.491902 0.485146
0.551571 0.671438
0.918254 0.6749
0.489416 0.564406
0.474949 0.468056
0.467745 0.46148
0.474913 0.530972
0.499842 0.518638
0.453571 0.619727
0.478656 0.480131
0.5 0.5
0.495874 0.514563
0.487395 0.494201
0.531952 0.457114
0.494106 0.432627
0.476224 0.517431
0.50124 0.54181
0.428152 0.550548
0.498289 0.51485
0.426924 0.615923
0.468729 0.505746
0.5055 0.483091
0.389628 0.608192
0.49152 0.519708
0.525289 0.464156
0.580036 0.541083
0.702678 0.667172
0.809837 0.252665
0.548721 0.527012
0.50209 0.470891
0.659133 0.633278
0.726766 0.439475
0.490991 0.448579
0.5 0.5
0.338071 0.414208
0.492791 0.495176
0.899767 0.650273
0.498357 0.483948
0.487975 0.52061
0.751851 0.18603
0.564644 0.553465
0.714807 0.62672
0.495287 0.493404
0.525191 0.495315
0.458721 0.43016
0.501778 0.44224
0.489793 0.503557
0.51489 0.566893
0.518795 0.495444
0.600891 0.265021
0.634846 0.463074
0.507013 0.485238
0.475477 0.476826
0.5 0.5
0.50925 0.534348
0.567242 0.565768
0.607454 0.46198
0.48269 0.475843
0.320224 0.263673
0.435322 0.610174
0.49571 0.528283
0.722775 0.607439
0.474913 0.498627
0.478928 0.458953
0.5 0.5
0.509 0.491103
0.474433 0.521152
0.525101 0.502246
0.51522 0.655419
0.183517 0.308008
0.494667 0.485493
0.683644 0.427025
0.458629 0.4414
0.49235 0.422403
0.505082 0.483061
0.175584 0.777574
0.572009 0.647134
0.546206 0.329413
0.481026 0.519286
0.428056 0.429491
0.482753 0.490312
0.5 0.5
0.373608 0.599414
0.807847 0.640442
0.520968 0.545706
0.63652 0.463401
0.517902 0.617175
0.49206 0.508882
0.67635 0.365653
0.193836 0.315939
0.5 0.5
0.303406 0.625591
0.921635 0.65673
0.562768 0.47362
0.596009 0.223996
0.486035 0.502216
0.526708 0.55196
0.644705 0.612035
0.595048 0.688262
0.493737 0.46868
0.544361 0.489776
0.504239 0.478494
0.491334 0.482327
0.395507 0.386109
0.533008 0.380727
0.461159 0.537762
0.477968 0.496596
0.462725 0.441274
0.449231 0.437821
0.503435 0.547932
0.484697 0.481951
0.490485 0.473243
0.507267 0.512634
0.383163 0.594578
0.48157 0.51099
0.464028 0.451081
0.544204 0.537935
0.509971 0.470282
0.494846 0.498208
0.50015 0.530389
0.546685 0.525329
0.490408 0.47903
0.490155 0.522468
0.5 0.5
0.515665 0.5088
0.408648 0.453503
0.503828 0.507542
0.516388 0.601495
0.484746 0.51001
0.544892 0.317954
0.361793 0.591697
0.516705 0.506222
0.494804 0.510607
0.509335 0.513261
0.470092 0.547284
0.508316 0.478262
0.498094 0.479275
0.527103 0.503325
0.489959 0.481682
0.377994 0.41468
0.505384 0.443494
0.506845 0.505374
0.734748 0.211619
0.306952 0.627602
0.531022 0.567822
0.927747 0.662165
0.448839 0.355401
0.590224 0.381615
0.331232 0.340346
0.488006 0.498156
0.556031 0.371122
0.497119 0.516375
0.477423 0.503689
0.493186 0.50132
0.534752 0.586334
0.66287 0.288993
0.583703 0.476278
0.508401 0.502278
0.497745 0.492349
0.511095 0.445854
0.39305 0.518212
0.537105 0.518773
0.5 0.5
0.564884 0.623981
0.526381 0.565745
0.414474 0.366193
0.673602 0.647828
0.489607 0.481071
0.497171 0.479439
0.468338 0.470116
0.505834 0.530208
0.464696 0.510239
0.491881 0.513406
0.399083 0.639276
0.327322 0.656081
0.527311 0.495205
0.507406 0.511367
0.683079 0.381841
0.416803 0.549025
0.306428 0.624255
0.5153 0.506375
0.5 0.5
0.456645 0.474519
0.723514 0.653654
0.50705 0.519334
0.514094 0.466854
0.642057 0.633681
0.554297 0.338903
0.5 0.5
0.502011 0.482922
0.707527 0.715457
0.521501 0.482823
0.50416 0.49094
0.506851 0.603595
0.507887 0.517987
0.494411 0.510677
0.518063 0.490684
0.515673 0.486583
0.480892 0.493298
0.472254 0.448208
0.5 0.5
0.5 0.5
0.555423 0.521577
0.553669 0.439217
0.480801 0.501775
0.504103 0.519464
0.488154 0.49109
0.538213 0.574493
0.502136 0.492085
0.503227 0.482233
0.5 0.5
0.5 0.5
0.476695 0.469009
0.463159 0.354922
0.730738 0.604783
0.487189 0.489777
0.480147 0.496769
0.48296 0.49375
0.496337 0.5128
0.750086 0.769248
0.163897 0.765248
0.482611 0.512496
0.569977 0.310576
0.48356 0.213067
0.494054 0.517811
0.513103 0.481665
0.394839 0.400567
0.499587 0.490733
0.492488 0.51583
0.496407 0.482524
0.518874 0.444225
0.519456 0.499572
0.506615 0.489452
0.513359 0.530024
0.573833 0.528561
0.527475 0.463841
0.477202 0.433892
0.481225 0.493595
0.511068 0.488467
0.348886 0.74775
0.534727 0.461533
0.5 0.5
0.484938 0.496881
0.505799 0.511819
0.52081 0.507059
0.410179 0.442411
0.343739 0.870309
0.479423 0.499981
0.520122 0.484773
0.483846 0.515901
0.483636 0.517452
0.49397 0.492247
0.637214 0.190063
0.501929 0.485437
0.519507 0.488959
0.479124 0.501556
0.505436 0.523616
0.17753 0.3071
0.5136 0.502223
0.353922 0.36187
0.487904 0.498169
0.5 0.5
0.328204 0.788385
0.546883 0.538664
0.393942 0.556473
0.492869 0.488371
0.493303 0.497494
0.481982 0.512251
0.622849 0.605501
0.335355 0.626165
0.478226 0.468132
0.512473 0.514107
0.502785 0.520954
0.517489 0.479032
0.470317 0.517848
0.402558 0.389467
0.512432 0.49123
0.336161 0.34145
0.503752 0.511627
0.727982 0.638979
0.614234 0.239742
0.583805 0.669307
0.711613 0.230893
0.518097 0.514754
0.811309 0.831046
0.453603 0.355219
0.300037 0.388605
0.483662 0.517086
0.463104 0.523602
0.520976 0.50175
0.5 0.5
0.506275 0.502098
0.536716 0.537918
0.493947 0.45036
0.518992 0.485382
0.583508 0.464163
0.498247 0.51285
0.482498 0.498242
0.527944 0.452521
0.480195 0.486642
0.628312 0.395874
0.743221 0.205525
0.409202 0.363721
0.511446 0.4848
0.41007 0.588877
0.759146 0.676715
0.521191 0.485416
0.463314 0.486551
0.389778 0.518877
0.477336 0.56616
0.505462 0.483371
0.509765 0.500474
0.504021 0.522318
0.518267 0.507599
0.574546 0.763028
0.511822 0.480751
0.940756 0.787164
0.556632 0.441224
0.488179 0.484615
0.667957 0.436653
0.479467 0.508165
0.482009 0.501793
0.384889 0.391203
0.485674 0.506214
0.51098 0.491864
0.29679 0.592562
0.493498 0.480293
0.502146 0.528128
0.906665 0.764999
0.50817 0.516275
0.519522 0.541204
0.407599 0.551578
0.558646 0.564886
0.181774 0.770767
0.486128 0.509805
0.368627 0.564391
0.522809 0.457936
0.514533 0.515438
0.489231 0.498779
0.510855 0.518283
0.384549 0.671557
0.451158 0.436592
0.491415 0.497516
0.537262 0.39785
0.535762 0.538298
0.495467 0.508979
0.520334 0.503897
0.532164 0.482842
0.516551 0.491407
0.509509 0.49273
0.496331 0.523411
0.481569 0.502353
0.561027 0.477398
0.499468 0.508603
0.485522 0.50164
0.5 0.5
0.524237 0.421457
0.535151 0.580609
0.53089 0.489935
0.5 0.5
0.946585 0.790215
0.499191 0.495619
0.584567 0.563924
0.526956 0.516309
0.59317 0.387813
0.487736 0.490858
0.58584 0.541896
0.350821 0.599754
0.506617 0.514111
0.486581 0.461688
0.493003 0.497525
0.524059 0.482416
0.495286 0.47434
0.5 0.5
0.512348 0.451202
0.769241 0.623909
0.523874 0.503086
0.392147 0.63058
0.317709 0.379624
0.509799 0.494474
0.590606 0.289908
0.479632 0.530373
0.551555 0.476972
0.379167 0.645133
0.37603 0.549192
0.733159 0.615985
0.5 0.5
0.5 0.5
0.510366 0.513502
0.512283 0.513052
0.316318 0.618529
0.508413 0.500184
0.500031 0.482179
0.474356 0.503768
0.480091 0.50117
0.48809 0.4812
0.10135 0.812124
0.433449 0.527379
0.51309 0.501948
0.489853 0.479986
0.292927 0.379115
0.438829 0.444904
0.583323 0.670041
0.491962 0.519305
0.638254 0.56228
0.484846 0.495768
0.480203 0.440285
0.476997 0.501309
0.694514 0.615476
0.382291 0.649518
0.509199 0.502377
0.464561 0.503395
0.54885 0.404641
0.492524 0.480437
0.515368 0.507955
0.374102 0.677508
0.507841 0.48265
0.542759 0.530188
0.494438 0.480432
0.44216 0.42154
0.468559 0.495282
0.370984 0.525508
0.560886 0.461343
0.391287 0.62202
0.807974 0.624882
0.489175 0.523358
0.466894 0.500618
0.518344 0.501752
0.603908 0.589762
0.5 0.5
0.482365 0.490512
0.380412 0.542115
0.605622 0.359074
0.510272 0.515474
0.521056 0.541796
0.495145 0.494291
0.459716 0.507423
0.5 0.5
0.629223 0.60618
0.560098 0.549849
0.512176 0.520198
0.501323 0.494766
0.525622 0.531971
0.551734 0.49325
0.500203 0.480624
0.51323 0.508415
0.474513 0.450803
0.504756 0.423471
0.482667 0.507514
0.474308 0.531677
0.499458 0.502426
0.501914 0.49917
0.541931 0.474447
0.569578 0.530028
0.505628 0.487574
0.487156 0.313646
0.505018 0.498596
0.567207 0.470743
0.480369 0.521901
0.616784 0.599297
0.719967 0.658089
0.525398 0.470667
0.600533 0.439463
0.441141 0.419948
0.5 0.5
0.437137 0.532877
0.601019 0.580028
0.531674 0.647147
0.598148 0.475172
0.539814 0.566536
0.435315 0.435222
0.710214 0.630822
0.589638 0.574424
0.394616 0.396781
0.504845 0.553556
0.697807 0.445752
0.485982 0.510386
0.512045 0.47795
0.573149 0.551693
0.5 0.5
0.400727 0.525363
0.591888 0.289944
0.399263 0.383901
0.811757 0.293777
0.501858 0.500189
0.548257 0.535039
0.510476 0.585967
0.47322 0.39525
0.492907 0.491359
0.51758 0.496471
0.258574 0.192843
0.507189 0.521913
0.49785 0.505581
0.453429 0.524712
0.506637 0.497216
0.530465 0.602107
0.514281 0.485677
0.527961 0.497588
0.527001 0.519833
0.543058 0.482091
0.483351 0.503396
0.465525 0.524091
0.338565 0.535158
0.413509 0.53407
0.513807 0.504148
0.546907 0.457238
0.561143 0.308301
0.493099 0.48197
0.321179 0.30732
0.216305 0.739775
0.530141 0.523379
0.536555 0.536106
0.431826 0.518277
0.460675 0.538787
0.507173 0.494551
0.354672 0.59944
0.389702 0.348691
0.475356 0.524769
0.553711 0.517376
0.501362 0.495183
0.484742 0.51652
0.495012 0.54432
0.5 0.5
0.430048 0.410248
0.510234 0.462778
0.439468 0.46969
0.86321 0.744031
0.478879 0.475416
0.47799 0.438519
0.512637 0.526042
0.478405 0.509055
0.505253 0.486918
0.519151 0.493474
0.301246 0.311348
0.474288 0.471971
0.464646 0.49844
0.51938 0.508052
0.317425 0.300285
0.564796 0.48867
0.49987 0.513798
0.536247 0.432341
0.487381 0.499155
0.255565 0.716948
0.501633 0.485475
0.353078 0.419624
0.495139 0.440078
0.330094 0.338867
0.573255 0.477644
0.583177 0.670173
0.488481 0.492837
0.434012 0.502261
0.282034 0.220426
0.502459 0.520281
0.387226 0.765646
0.502494 0.503826
0.451587 0.371177
0.515267 0.489113
0.828025 0.837015
0.5 0.5
0.464885 0.403193
0.563664 0.581644
0.534682 0.476765
0.322534 0.573839
0.494913 0.522753
0.500426 0.49004
0.791362 0.631724
0.549762 0.350186
0.698465 0.598417
0.505132 0.435651
0.58543 0.320063
0.564352 0.35941
0.498055 0.526741
0.49724 0.508121
0.433675 0.426041
0.866035 0.787738
0.608978 0.591915
0.511423 0.488316
0.516109 0.508195
0.5 0.5
0.499173 0.514387
0.506684 0.485916
0.460401 0.430767
0.404995 0.409433
0.506012 0.486206
0.518389 0.48449
0.535308 0.481745
0.489971 0.496839
0.541575 0.689675
0.524076 0.54568
0.35457 0.571109
0.514542 0.501326
0.46415 0.54174
0.470047 0.379738
0.504031 0.501778
0.492337 0.483252
0.441142 0.453848
0.50324 0.500358
0.373815 0.564764
0.487426 0.478432
0.465057 0.531986
0.488448 0.491905
0.578179 0.39962
0.405187 0.408349
0.5 0.5
0.471944 0.459368
0.518454 0.438134
0.49132 0.508674
0.590074 0.573704
0.467801 0.474338
0.498984 0.485134
0.54892 0.456209
0.378081 0.523282
0.508847 0.507867
0.506332 0.500914
0.511062 0.481251
0.614751 0.23598
0.482607 0.502578
0.470092 0.526993
0.704736 0.239125
0.732867 0.207844
0.483447 0.502755
0.363695 0.571368
0.511426 0.489358
0.496226 0.49949
0.503163 0.486738
0.499404 0.497953
0.510196 0.476669
0.611422 0.471153
0.490129 0.471253
0.506191 0.516201
0.510344 0.390918
0.514765 0.518361
0.550973 0.349714
0.518939 0.493561
0.502202 0.474296
0.532933 0.549542
0.310658 0.652737
0.502666 0.494003
0.505853 0.502422
0.511089 0.477882
0.491101 0.510883
0.5 0.5
0.400844 0.409542
0.485122 0.506506
0.499992 0.498864
0.540984 0.613794
0.480923 0.49479
0.740378 0.64193
0.483453 0.497514
0.396099 0.382597
0.489769 0.507827
0.631689 0.184941
0.496887 0.513924
0.498707 0.485
0.493214 0.514555
0.449744 0.571549
0.413325 0.583571
0.50332 0.514246
0.17903 0.291444
0.489696 0.497059
0.23107 0.759589
0.483414 0.46139
0.486553 0.51115
0.665753 0.420544
0.495811 0.515295
0.45399 0.536461
0.507871 0.438555
0.566412 0.318242
0.360534 0.431769
0.487409 0.520829
0.515019 0.496359
0.484261 0.46944
0.514742 0.441659
0.496628 0.511789
0.468964 0.418518
0.522033 0.500257
0.494257 0.465845
0.487132 0.500252
0.504047 0.478706
0.307718 0.650229
0.497069 0.50677
0.491672 0.482513
0.558763 0.28119
0.456375 0.50305
0.396008 0.666431
0.434639 0.557203
0.505942 0.521144
0.280336 0.285598
0.220825 0.200134
0.490938 0.51892
0.490174 0.514101
0.393272 0.541348
0.785472 0.693228
0.44425 0.40105
0.486765 0.517106
0.467168 0.502921
0.518962 0.492365
0.518772 0.536157
0.526791 0.567764
0.500107 0.516566
0.519653 0.605145
0.502761 0.486184
0.54014 0.629311
0.344159 0.582585
0.684081 0.692075
0.428718 0.436879
0.507064 0.502685
0.5 0.5
0.430322 0.445002
0.516887 0.495556
0.569192 0.571956
0.412993 0.560834
0.424974 0.622267
0.483179 0.505482
0.523315 0.570016
0.273 0.282805
0.369834 0.694657
0.500293 0.522542
0.468882 0.402056
0.532836 0.407506
0.490959 0.488099
0.497465 0.554539
0.517057 0.513974
0.489769 0.502072
0.557446 0.372244
0.486818 0.488682
0.5 0.5
0.379615 0.392127
0.513932 0.52788
0.386589 0.336557
0.495872 0.48421
0.402881 0.667506
0.44727 0.506312
0.557822 0.5452
0.523977 0.463646
0.50814 0.478973
0.486833 0.498963
0.702526 0.401171
0.567634 0.411326
0.527644 0.506742
0.483641 0.505184
0.575392 0.439511
0.496915 0.48793
0.493662 0.512634
0.806312 0.709085
0.509529 0.516859
0.42756 0.391173
0.510852 0.500094
0.474682 0.526101
0.5 0.5
0.493748 0.515738
0.521865 0.517342
0.460402 0.479289
0.310225 0.685723
0.483625 0.503123
0.446992 0.550172
0.497793 0.483415
0.502448 0.483139
0.539758 0.379752
0.508438 0.497779
0.775965 0.687686
0.778404 0.316091
0.863282 0.789796
0.490954 0.508769
0.425889 0.623844
0.320214 0.329314
0.503173 0.534125
0.724085 0.628221
0.574366 0.583062
0.597745 0.296297
0.52522 0.46875
0.482043 0.496376
0.493487 0.529515
0.248549 0.262786
0.532539 0.438432
0.492107 0.486703
0.518807 0.493936
0.535947 0.543746
0.506948 0.501528
0.471917 0.546835
0.434401 0.46476
0.754873 0.630157
0.745065 0.616419
0.432372 0.615501
0.486589 0.487992
0.508909 0.489491
0.409425 0.572487
0.480986 0.493346
0.515837 0.492794
0.505644 0.500324
0.470096 0.488128
0.6133 0.233916
0.487299 0.51406
0.508058 0.496488
0.434482 0.440031
0.290145 0.367453
0.486877 0.504566
0.5872 0.486472
0.484985 0.501044
0.403881 0.395356
0.498848 0.508562
0.524616 0.455303
0.513043 0.491911
0.494986 0.488573
0.587987 0.404655
0.459658 0.542266
0.484278 0.499976
0.648515 0.428315
0.506499 0.516556
0.50309 0.47954
0.493109 0.485793
0.520657 0.468076
0.503232 0.51782
0.516196 0.49622
0.786401 0.637612
0.457129 0.475563
0.663833 0.637815
0.529658 0.610864
0.415625 0.419864
0.524511 0.538734
0.533369 0.395593
0.498255 0.513617
0.509515 0.512384
0.563507 0.558089
0.428583 0.429392
0.318144 0.61571
0.522882 0.565799
0.575457 0.438552
0.502433 0.500496
0.480517 0.494146
0.486864 0.505245
0.492041 0.51372
0.437758 0.457255
0.522138 0.481096
0.501661 0.476356
0.451581 0.450491
0.507294 0.512508
0.373864 0.667643
0.489945 0.511329
0.325673 0.585756
0.481702 0.494778
0.423552 0.610898
0.319538 0.338678
0.564269 0.547632
0.501662 0.512489
0.44283 0.596299
0.491788 0.500139
0.565343 0.463994
0.508985 0.487114
0.567381 0.469289
0.546151 0.549699
0.491938 0.49615
0.672582 0.646785
0.483694 0.504698
0.515697 0.504751
0.387523 0.585871
0.508281 0.516243
0.584188 0.194463
0.488501 0.506963
0.512795 0.519167
0.492549 0.185159
0.535707 0.653371
0.495959 0.507892
0.237211 0.722347
0.762884 0.603204
0.481646 0.561206
0.554375 0.728985
0.471605 0.496711
0.628432 0.605369
0.485975 0.491066
0.409807 0.398074
0.491653 0.45469
0.575557 0.322555
0.490396 0.493179
0.482058 0.472784
0.173005 0.827553
0.479633 0.511607
0.523164 0.45553
0.357074 0.564959
0.413578 0.399209
0.497303 0.512809
0.59509 0.582028
0.515544 0.485582
0.501078 0.474374
0.482964 0.495219
0.518486 0.4614
0.519129 0.512122
0.476577 0.446186
0.505159 0.492037
0.509825 0.47848
0.815459 0.819243
0.455536 0.345397
0.49489 0.392466
0.505553 0.523895
0.703423 0.620768
0.531081 0.398797
0.420256 0.53179
0.518631 0.505317
0.5 0.5
0.487441 0.429243
0.358715 0.365544
0.514805 0.542532
0.179493 0.814655
0.283036 0.292203
0.522419 0.542343
0.494377 0.490588
0.507672 0.498625
0.541796 0.480384
0.429661 0.462823
0.818831 0.815249
0.505007 0.482198
0.423292 0.417455
0.467352 0.468069
0.507229 0.491805
0.522823 0.501926
0.43974 0.567545
0.18464 0.805129
0.48971 0.477862
0.727092 0.442443
0.490936 0.497514
0.34419 0.710597
0.437018 0.436244
0.489896 0.493335
0.48174 0.550802
0.488667 0.48454
0.506077 0.456819
0.745849 0.618748
0.49228 0.480132
0.67669 0.653421
0.397138 0.411298
0.553144 0.545553
0.626651 0.588744
0.588622 0.32209
0.50849 0.495553
0.532662 0.424045
0.517436 0.498093
0.510754 0.464914
0.486471 0.482391
0.516671 0.509996
0.372571 0.794275
0.504633 0.527686
0.463567 0.513989
0.56112 0.379469
0.567028 0.481381
0.562633 0.448891
0.586705 0.570555
0.68974 0.59407
0.511145 0.477343
0.57787 0.484818
0.487211 0.514394
0.484882 0.497205
0.503921 0.444501
0.516637 0.524149
0.512066 0.49277
0.445483 0.55063
0.58957 0.681686
0.597884 0.570185
0.497698 0.492915
0.5 0.5
0.5 0.5
0.559797 0.638343
0.519166 0.499309
0.48017 0.476646
0.679142 0.386513
0.523538 0.609337
0.530608 0.565841
0.52487 0.504427
0.293862 0.604407
0.70499 0.661225
0.5 0.5
0.519386 0.470697
0.824185 0.631969
0.589161 0.541776
0.304176 0.818075
0.395884 0.439455
0.89404 0.645266
0.81386 0.644238
0.390971 0.442474
0.508645 0.49998
0.493517 0.449008
0.544542 0.486648
0.486505 0.48874
0.528689 0.477334
0.503794 0.493675
0.449599 0.548197
0.5 0.5
0.508563 0.496631
0.520001 0.573419
0.208481 0.758514
0.541452 0.441295
0.317147 0.62722
0.521116 0.476761
0.480816 0.491401
0.495839 0.473467
0.785528 0.711773
0.59841 0.58302
0.319762 0.299958
0.409513 0.632679
0.525718 0.619
0.460659 0.5399
0.487098 0.525311
0.545238 0.471627
0.5 0.5
0.315787 0.269514
0.487669 0.497354
0.501855 0.483407
0.811437 0.287756
0.432042 0.42664
0.425554 0.537123
0.679883 0.263544
0.488996 0.519236
0.735029 0.609403
0.57023 0.358873
0.505779 0.493529
0.68406 0.577714
0.651628 0.454647
0.390387 0.657431
0.516262 0.49688
0.441131 0.560637
0.496204 0.489745
0.422468 0.427576
0.520303 0.527011
0.466145 0.44515
0.511972 0.483151
0.798849 0.276785
0.559441 0.47189
0.511968 0.487159
0.489896 0.509878
0.496639 0.481273
0.51356 0.577042
0.491919 0.501253
0.5 0.5
0.44024 0.534723
0.163161 0.315658
0.502428 0.511202
0.499218 0.531069
0.569163 0.486319
0.517965 0.481053
0.543336 0.395987
0.518424 0.509158
0.398498 0.442313
0.5 0.5
0.6087 0.416833
0.413718 0.596732
0.513043 0.552981
0.464767 0.561811
0.504938 0.489549
0.493076 0.504725
0.487962 0.478427
0.512876 0.55851
0.471961 0.484905
0.503869 0.494068
0.505304 0.513316
0.485294 0.514608
0.448159 0.611245
0.487117 0.498254
0.517033 0.508135
0.509967 0.465871
0.410169 0.559781
0.721472 0.674093
0.5227 0.459743
0.535185 0.665641
0.502094 0.511942
0.49997 0.490913
0.498355 0.512276
0.507361 0.50879
0.319294 0.350436
0.474276 0.496124
0.502372 0.488571
0.510858 0.48638
0.498577 0.489047
0.508879 0.583002
0.514582 0.505203
0.688812 0.591229
0.576591 0.568934
0.446991 0.449752
0.416726 0.446367
0.322508 0.694235
0.495701 0.515312
0.496628 0.506376
0.480381 0.489623
0.491402 0.497383
0.533423 0.48611
0.548104 0.463825
0.528567 0.492074
0.236315 0.214002
0.507186 0.505087
0.485262 0.516586
0.519466 0.518006
0.541439 0.504828
0.475961 0.434144
0.556701 0.494417
0.464529 0.468572
0.417675 0.409046
0.554302 0.54548
0.495533 0.487536
0.51273 0.512046
0.404557 0.562757
0.589176 0.683071
0.485274 0.513915
0.491248 0.505369
0.504573 0.502555
0.593076 0.467371
0.360742 0.372405
0.434662 0.45588
0.48847 0.489567
0.505215 0.5407
0.836403 0.760683
0.648584 0.32044
0.543608 0.516262
0.703894 0.346595
0.5 0.5
0.50972 0.512983
0.49184 0.503786
0.735728 0.596765
0.691673 0.260519
0.548801 0.470419
0.493978 0.493037
0.584439 0.467707
0.513986 0.52057
0.511555 0.452995
0.507701 0.508999
0.478044 0.476749
0.55284 0.558098
0.48538 0.556507
0.51557 0.487717
0.518906 0.49695
0.511298 0.495067
0.502798 0.475762
0.550242 0.474677
0.495617 0.48813
0.50468 0.454331
0.49692 0.488999
0.589495 0.694189
0.759462 0.431215
0.491298 0.489004
0.476624 0.499109
0.500545 0.497155
0.499 0.488491
0.524742 0.455456
0.425797 0.463085
0.517212 0.498412
0.624163 0.601463
0.525406 0.303653
0.530857 0.503418
0.490797 0.496554
0.548324 0.449469
0.823907 0.840432
0.511129 0.493007
0.658401 0.587212
0.482678 0.510312
0.394062 0.570725
0.683936 0.584459
0.508337 0.481156
0.533341 0.475425
0.514475 0.5115
0.488429 0.522297
0.510988 0.51302
0.519781 0.569828
0.532697 0.44565
0.850547 0.253311
0.572846 0.559423
0.412226 0.543249
0.523939 0.540885
0.487789 0.48948
0.496517 0.50791
0.298007 0.591395
0.458812 0.470711
0.350011 0.707818
0.492031 0.463831
0.499018 0.511244
0.491268 0.485031
0.693096 0.41108
0.473109 0.487966
0.487748 0.501895
0.523243 0.578353
0.506653 0.483016
0.54944 0.474675
0.477656 0.475718
0.426688 0.42491
0.547978 0.545193
0.522454 0.566198
0.514278 0.575573
0.856199 0.778951
0.445445 0.425252
0.499738 0.498101
0.47689 0.45123
0.463062 0.375631
0.495284 0.499221
0.553178 0.551255
0.489614 0.497796
0.493843 0.484462
0.566143 0.32525
0.347788 0.710174
0.512366 0.509036
0.358994 0.421696
0.494099 0.538886
0.360889 0.726852
0.485319 0.484978
0.523964 0.541414
0.501009 0.536541
0.48222 0.487661
0.489309 0.502874
0.497546 0.512215
0.509513 0.55527
0.497181 0.463546
0.5 0.5
0.449584 0.545611
0.357138 0.566803
0.420288 0.632447
0.497679 0.486223
0.495663 0.512979
0.407872 0.447327
0.511504 0.521551
0.49202 0.503054
0.511247 0.481515
0.414685 0.57934
0.506917 0.511839
0.506465 0.516962
0.473973 0.474603
0.525164 0.540606
0.52081 0.553329
0.767923 0.732439
0.417932 0.378933
0.513868 0.561936
0.617627 0.554542
0.439619 0.555668
0.440531 0.417318
0.50583 0.498753
0.520698 0.513818
0.493418 0.514847
0.492719 0.497394
0.560143 0.412636
0.426062 0.453734
0.493443 0.517274
0.517725 0.528512
0.499647 0.485483
0.423104 0.381497
0.73553 0.602605
0.426108 0.437129
0.472207 0.451548
0.487382 0.476767
0.487816 0.489615
0.511554 0.479224
0.502106 0.473599
0.821724 0.789188
0.474714 0.419379
0.481573 0.438126
0.490498 0.515158
0.505862 0.420275
0.501446 0.51268
0.38642 0.436452
0.510426 0.51357
0.502609 0.518963
0.489425 0.48601
0.479593 0.524851
0.296602 0.545102
0.519615 0.492056
0.327666 0.612945
0.513273 0.493561
0.326537 0.593627
0.434299 0.546693
0.800975 0.806962
0.492747 0.486514
0.446921 0.412863
0.531433 0.469154
0.362513 0.663603
0.512843 0.458493
0.463625 0.559729
0.498212 0.507966
0.54188 0.550529
0.511269 0.522675
0.485895 0.532451
0.502439 0.504534
0.520755 0.509985
0.136373 0.798634
0.5 0.5
0.508952 0.502752
0.395177 0.33101
0.389584 0.572801
0.526224 0.655189
0.299189 0.664611
0.457878 0.526613
0.427645 0.535987
0.540151 0.540377
0.482193 0.507212
0.495717 0.514102
0.511792 0.551969
0.512228 0.498109
0.389379 0.553898
0.502316 0.471917
0.490273 0.475134
0.63583 0.181004
0.514337 0.50197
0.491773 0.485759
0.75963 0.76369
0.462905 0.529243
0.506328 0.514457
0.501522 0.485324
0.366678 0.329775
0.488604 0.514016
0.517253 0.558002
0.442568 0.413106
0.604805 0.259847
0.360152 0.592966
0.596564 0.477129
0.490942 0.520043
0.664694 0.634475
0.49743 0.508506
0.697692 0.658738
0.49037 0.522254
0.500601 0.49632
0.483434 0.508772
0.352695 0.364296
0.362917 0.374739
0.471175 0.521648
0.519856 0.590461
0.493196 0.491075
0.504164 0.516446
0.453614 0.456384
0.496444 0.50232
0.553462 0.284444
0.402387 0.41399
0.671101 0.601672
0.404533 0.54397
0.492342 0.539471
0.305349 0.816673
0.366999 0.589417
0.293059 0.23957
0.510753 0.512594
0.486821 0.356385
0.496315 0.513504
0.5 0.5
0.695973 0.269831
0.510382 0.507003
0.492271 0.501404
0.60477 0.587761
0.512071 0.461335
0.515884 0.50217
0.569882 0.477864
0.185487 0.288959
0.279202 0.376594
0.435008 0.428069
0.499012 0.480109
0.496625 0.513556
0.84349 0.77108
0.459622 0.484746
0.744984 0.341432
0.464873 0.524228
0.514123 0.508182
0.523519 0.490968
0.558753 0.485088
0.473834 0.498676
0.478524 0.438649
0.559542 0.44902
0.536872 0.562113
0.494445 0.527921
0.443104 0.555044
0.619723 0.461108
0.461688 0.488408
0.518713 0.495448
0.511892 0.486811
0.487519 0.506086
0.554031 0.473235
0.566722 0.636346
0.599264 0.482411
0.47815 0.555303
0.511977 0.483452
0.406455 0.353688
0.56505 0.45627
0.527408 0.603064
0.51727 0.496606
0.506168 0.51557
0.504831 0.477849
0.626789 0.633093
0.501665 0.466262
0.714448 0.723647
0.491945 0.488186
0.628237 0.41979
0.509971 0.513492
0.387877 0.439934
0.48171 0.496177
0.51269 0.515438
0.411227 0.519999
0.259179 0.272757
0.522649 0.515387
0.590527 0.299362
0.551274 0.338323
0.527727 0.481399
0.493784 0.48674
0.504953 0.49351
0.509543 0.483404
0.424663 0.444045
0.429173 0.432587
0.479794 0.48306
0.480687 0.493062
0.561283 0.521672
0.438755 0.428157
0.504957 0.469207
0.530125 0.548624
0.453885 0.440884
0.412108 0.376202
0.50196 0.514317
0.502676 0.504558
0.487903 0.496116
0.517368 0.491623
0.304214 0.315366
0.480092 0.218601
0.519714 0.484711
0.448346 0.522043
0.123474 0.80663
0.481184 0.547743
0.506471 0.476187
0.88401 0.197117
0.521772 0.505074
0.504302 0.490367
0.583965 0.434358
0.512572 0.49185
0.481069 0.484399
0.505414 0.505917
0.501519 0.451023
0.509315 0.478551
0.394524 0.389326
0.535287 0.482645
0.525988 0.547423
0.375816 0.563942
0.484617 0.50076
0.563827 0.422338
0.497277 0.517627
0.489435 0.48494
0.362166 0.428577
0.432436 0.427427
0.4846 0.518859
0.516389 0.504392
0.452543 0.45565
0.59809 0.578306
0.499399 0.508257
0.502007 0.487959
0.602719 0.261473
0.629071 0.467354
0.513988 0.50498
0.434622 0.528932
0.541302 0.583347
0.506597 0.496362
0.498933 0.471932
0.482498 0.510029
0.584891 0.563199
0.594033 0.409212
0.448832 0.476206
0.635361 0.564374
0.558352 0.556621
0.499773 0.523255
0.430981 0.542178
0.476545 0.55856
0.521525 0.495696
0.438295 0.526985
0.408402 0.364974
0.497381 0.525751
0.647361 0.46298
0.579483 0.331183
0.729254 0.353321
0.511336 0.50889
0.777998 0.443842
0.501368 0.505691
0.545459 0.591343
0.574716 0.436766
0.527484 0.506261
0.472125 0.513268
0.406823 0.512399
0.522846 0.528874
0.550505 0.542306
0.590902 0.28478
0.5 0.5
0.335127 0.776294
0.4989 0.489403
0.481715 0.474259
0.293844 0.657448
0.530648 0.464818
0.480582 0.48442
0.476051 0.49703
0.514039 0.486282
0.406676 0.53637
0.71626 0.405346
0.492403 0.504326
0.497678 0.49831
0.552641 0.535946
0.505219 0.508001
0.88119 0.755615
0.485247 0.452575
0.511278 0.505242
0.211785 0.75957
0.440188 0.46271
0.540615 0.413951
0.318107 0.799299
0.265184 0.597562
0.547934 0.440658
0.472201 0.4875
0.511334 0.534335
0.440051 0.420717
0.617392 0.42876
0.507671 0.508584
0.5 0.5
0.316817 0.95868
0.54881 0.541804
0.479415 0.514776
0.57859 0.328969
0.466176 0.550973
0.4919 0.449222
0.504569 0.496942
0.301217 0.618714
0.444881 0.620086
0.556702 0.474028
0.561322 0.541483
0.410847 0.396136
0.74053 0.304399
0.56204 0.240737
0.513221 0.517451
0.437244 0.461045
0.513696 0.532758
0.443672 0.539368
0.504098 0.529126
0.283 0.674511
0.436635 0.43957
0.490324 0.492633
0.417172 0.419575
0.50053 0.504584
0.805167 0.706641
0.637456 0.779955
0.508628 0.496671
0.487115 0.530898
0.485443 0.517058
0.614592 0.388364
0.467158 0.600198
0.520805 0.54017
0.530491 0.524491
0.534312 0.457648
0.492081 0.53246
0.5 0.5
0.472196 0.529792
0.467719 0.477195
0.490953 0.497242
0.483296 0.507917
0.52408 0.501772
0.494014 0.498203
0.488587 0.486016
0.481245 0.520251
0.662132 0.460986
0.64161 0.408872
0.479248 0.49928
0.500385 0.501862
0.510044 0.492992
0.493254 0.482288
0.507257 0.472509
0.222563 0.763343
0.310958 0.370871
0.446223 0.455235
0.294803 0.536362
0.551502 0.552443
0.630684 0.610836
0.48862 0.514111
0.516312 0.507091
0.545591 0.571282
0.446829 0.447979
0.76591 0.62075
0.5 0.5
0.553232 0.441606
0.726346 0.658157
0.42207 0.600679
0.5 0.5
0.514662 0.447806
0.510882 0.529496
0.328319 0.621583
0.482778 0.506
0.59257 0.377778
0.515348 0.497304
0.379526 0.522146
0.613422 0.553121
0.342906 0.392046
0.363841 0.348398
0.448022 0.434856
0.265125 0.618421
0.490074 0.280601
0.511565 0.560871
0.488987 0.489484
0.511001 0.497231
0.507525 0.483562
0.488403 0.519295
0.521839 0.507492
0.493285 0.499141
0.544065 0.552565
0.527818 0.655223
0.472501 0.521435
0.518252 0.491456
0.727709 0.610142
0.504619 0.518413
0.542922 0.525572
0.479625 0.505658
0.582805 0.386681
0.366379 0.52388
0.488639 0.49226
0.320381 0.401385
0.483916 0.467575
0.471742 0.49669
0.556196 0.52985
0.571448 0.473962
0.468313 0.479361
0.312722 0.52778
0.782715 0.613881
0.32775 0.637883
0.480689 0.516899
0.522308 0.41818
0.493916 0.469955
0.498982 0.484583
0.496093 0.508554
0.50876 0.514339
0.457909 0.51964
0.446373 0.514012
0.627853 0.419997
0.709408 0.604227
0.39481 0.564917
0.505988 0.507335
0.372304 0.394624
0.26786 0.335096
0.350897 0.356668
0.813869 0.418616
0.51816 0.549582
0.512997 0.551972
0.785449 0.81105
0.512035 0.507058
0.469232 0.444111
0.345087 0.527609
0.535176 0.487552
0.344808 0.605751
0.525707 0.531197
0.514752 0.615133
0.53117 0.537139
0.457418 0.568131
0.626323 0.396233
0.47513 0.550072
0.486583 0.45684
0.492234 0.498285
0.613445 0.618785
0.687015 0.646366
0.511391 0.493815
0.566641 0.462984
0.74482 0.193773
0.652442 0.594644
0.515683 0.499543
0.511994 0.45434
0.489679 0.500355
0.892271 0.658722
0.490609 0.494065
0.531966 0.526665
0.496603 0.491342
0.499686 0.499674
0.31354 0.323301
0.540084 0.582391
0.506691 0.517627
0.527777 0.663513
0.521192 0.497275
0.106952 0.810919
0.549244 0.688272
0.531929 0.384986
0.686977 0.262483
0.397008 0.648496
0.401485 0.448214
0.507475 0.501051
0.504931 0.416358
0.490099 0.49378
0.367996 0.426762
0.583588 0.38199
0.502616 0.501462
0.548771 0.45855
0.502712 0.479205
0.308228 0.317335
0.347404 0.355003
0.579743 0.537321
0.504073 0.498681
0.553094 0.545516
0.494659 0.492887
0.513975 0.584352
0.514849 0.522092
0.596915 0.708338
0.47356 0.471554
0.606223 0.429996
0.563608 0.58138
0.408502 0.719755
0.44143 0.472354
0.342112 0.294464
0.50797 0.505512
0.503896 0.48375
0.503288 0.454176
0.45996 0.401766
0.574312 0.285478
0.189656 0.326853
0.379908 0.533963
0.515633 0.510268
0.527425 0.66173
0.515823 0.501387
0.483339 0.48141
0.820246 0.622864
0.544818 0.456741
0.492278 0.48214
0.55615 0.729906
0.462975 0.481922
0.490824 0.505216
0.511756 0.511402
0.55551 0.633727
0.473056 0.512892
0.843578 0.777548
0.490309 0.266019
0.519853 0.514389
0.532096 0.544823
0.300376 0.222662
0.503639 0.501747
0.513921 0.585916
0.487568 0.492807
0.514767 0.507082
0.478374 0.508194
0.49739 0.492556
0.507123 0.49566
0.496209 0.453311
0.394716 0.579608
0.720208 0.667628
0.136913 0.78495
0.498201 0.52496
0.487858 0.50005
0.463293 0.508413
0.449877 0.462794
0.559536 0.565252
0.574904 0.412061
0.46681 0.518299
0.510859 0.49498
0.361355 0.412492
0.470736 0.512679
0.425559 0.435063
0.413116 0.417953
0.33264 0.358393
0.334739 0.402798
0.226488 0.207942
0.374449 0.596277
0.543557 0.404099
0.71023 0.604511
0.505512 0.528834
0.48326 0.502152
0.508459 0.504832
0.536652 0.465346
0.415015 0.55101
0.514102 0.479641
0.9095 0.646216
0.356085 0.338291
0.530982 0.479833
0.485707 0.535186
0.603854 0.455612
0.499838 0.500797
0.499417 0.487778
0.544355 0.33528
0.503375 0.486966
0.743725 0.748923
0.47739 0.490737
0.488499 0.482987
0.524598 0.392762
0.501662 0.512687
0.733173 0.758017
0.513146 0.486899
0.522778 0.477069
0.572284 0.470952
0.506053 0.483993
0.508731 0.507699
0.51248 0.507846
0.401269 0.408445
0.523648 0.501665
0.49777 0.508028
0.510304 0.492711
0.777378 0.634973
0.392578 0.383257
0.541382 0.561125
0.489973 0.478237
0.491208 0.500884
0.5 0.5
0.294313 0.585899
0.495226 0.462178
0.549795 0.476829
0.484657 0.468845
0.520516 0.497265
0.520283 0.520436
0.489595 0.496415
0.498442 0.508945
0.489723 0.250107
0.460165 0.489151
0.724836 0.627232
0.507539 0.532507
0.535928 0.250597
0.536814 0.438725
0.54297 0.553738
0.479972 0.486308
0.507649 0.501826
0.417978 0.443911
0.47832 0.499163
0.489973 0.512774
0.625285 0.20781
0.747903 0.338895
0.494619 0.550361
0.484833 0.501263
0.507383 0.506127
0.341227 0.571311
0.483826 0.52135
0.453557 0.520146
0.364253 0.606672
0.921072 0.660569
0.48386 0.453786
0.500796 0.577196
0.360673 0.528558
0.552911 0.467685
0.328899 0.399942
0.412058 0.560086
0.51289 0.499968
0.859789 0.742412
0.524402 0.462335
0.511408 0.506414
0.502616 0.481273
0.389891 0.577657
0.606085 0.465183
0.508965 0.485061
0.464851 0.504311
0.546105 0.532315
0.504218 0.491614
0.521896 0.5064
0.516144 0.48251
0.436586 0.606983
0.497326 0.480743
0.578611 0.563319
0.506883 0.506069
0.507252 0.406016
0.63185 0.412253
0.526892 0.510334
0.509776 0.490827
0.437132 0.422586
0.483118 0.519989
0.419529 0.455669
0.469189 0.561317
0.441401 0.435598
0.492488 0.491169
0.461569 0.482539
0.549928 0.453739
0.814759 0.261076
0.727402 0.622361
0.642255 0.410331
0.476983 0.467689
0.463429 0.371074
0.563603 0.302377
0.488134 0.492551
0.5 0.5
0.887028 0.2231
0.607312 0.355143
0.491175 0.509749
0.492271 0.487253
0.430774 0.437135
0.558485 0.453283
0.431404 0.518027
0.53574 0.401053
0.491378 0.501041
0.715896 0.640734
0.503424 0.483377
0.430664 0.425857
0.504939 0.512322
0.468972 0.467436
0.499687 0.473163
0.490839 0.511993
0.503515 0.510807
0.487277 0.490827
0.561794 0.53296
0.530243 0.387349
0.523784 0.493893
0.518384 0.501629
0.50493 0.490785
0.374232 0.364269
0.516366 0.502641
0.502597 0.51192
0.489481 0.501815
0.46737 0.50547
0.492953 0.502774
0.530161 0.443326
0.294519 0.636857
0.48224 0.505338
0.611999 0.39418
0.500492 0.519209
0.545096 0.466429
0.533272 0.540879
0.516666 0.495364
0.522533 0.457201
0.464084 0.532788
0.444122 0.53726
0.511247 0.461791
0.610101 0.594122
0.565328 0.485999
0.463036 0.499897
0.418386 0.40799
0.507961 0.50269
0.490188 0.51809
0.498865 0.516555
0.479303 0.504425
0.468105 0.514249
0.780366 0.791229
0.49126 0.492485
0.891897 0.201473
0.541435 0.470874
0.362348 0.416598
0.577399 0.559639
0.489099 0.519551
0.524378 0.435185
0.455728 0.440313
0.538432 0.464755
0.494634 0.489838
0.555463 0.35487
0.500393 0.489553
0.640315 0.618375
0.453297 0.549252
0.495627 0.480351
0.515006 0.495614
0.582988 0.570461
0.2996 0.609088
0.648848 0.388017
0.672993 0.583639
0.496226 0.506128
0.49285 0.516877
0.365726 0.570589
0.52064 0.526284
0.33828 0.347796
0.375246 0.620994
0.293011 0.25026
0.520472 0.494865
0.552041 0.48484
0.512081 0.518648
0.435753 0.598634
0.486733 0.293961
0.476098 0.511088
0.636583 0.465132
0.566222 0.55487
0.370415 0.552568
0.525701 0.502788
0.344159 0.842214
0.483053 0.495012
0.557505 0.475436
0.43453 0.442598
0.467393 0.483102
0.447169 0.472963
0.45688 0.431606
0.479519 0.50536
0.588209 0.212362
0.411501 0.412828
0.480511 0.489906
0.560306 0.284342
0.613838 0.460677
0.773601 0.173876
0.545026 0.512039
0.49895 0.509167
0.502995 0.497552
0.457092 0.454166
0.472487 0.468025
0.512426 0.484136
0.471017 0.514728
0.5 0.5
0.659416 0.630621
0.47749 0.463022
0.528437 0.473949
0.486561 0.490533
0.493706 0.473309
0.498879 0.51822
0.466948 0.44638
0.514399 0.479943
0.521638 0.501822
0.493014 0.490676
0.563062 0.719832
0.496921 0.522938
0.495453 0.501729
0.504577 0.491111
0.583293 0.459587
0.64535 0.460285
0.472601 0.492884
0.553653 0.384928
0.522237 0.263627
0.351063 0.422014
0.450959 0.516493
0.502223 0.48555
0.559892 0.363839
0.515003 0.503292
0.542676 0.454234
0.494609 0.508906
0.480887 0.48851
0.41867 0.45838
0.494266 0.501227
0.509812 0.4888
0.460463 0.480831
0.481088 0.426165
0.51442 0.470568
0.497436 0.508167
0.490941 0.488911
0.521989 0.499465
0.512845 0.50535
0.867852 0.642486
0.543533 0.656812
0.318245 0.373309
0.32661 0.631638
0.456962 0.423077
0.32817 0.553848
0.54145 0.552765
0.451316 0.628805
0.508192 0.516425
0.393316 0.377035
0.628235 0.610457
0.5 0.5
0.579448 0.567583
0.520297 0.298191
0.494128 0.485773
0.492743 0.496342
0.448185 0.45395
0.571371 0.442067
0.505675 0.484449
0.307604 0.664689
0.343004 0.357194
0.487875 0.502402
0.788885 0.720714
0.724503 0.629781
0.518938 0.485097
0.530789 0.486209
0.500276 0.490148
0.49155 0.518456
0.514951 0.495245
0.554719 0.435331
0.463769 0.482266
0.508773 0.472169
0.522949 0.504017
0.489729 0.469864
0.552737 0.609535
0.7072 0.664851
0.493323 0.511616
0.624389 0.745979
0.512468 0.479049
0.513888 0.504871
0.489531 0.518216
0.532443 0.384013
0.507517 0.520749
0.505299 0.486532
0.424011 0.445444
0.507641 0.475023
0.525861 0.572376
0.598137 0.300759
0.465795 0.460194
0.510793 0.515447
0.588824 0.441044
0.596881 0.70346
0.513014 0.49611
0.491793 0.487935
0.501774 0.489276
0.494512 0.51549
0.601877 0.421394
0.521202 0.499024
0.510421 0.510023
0.482825 0.490313
0.495727 0.519015
0.462628 0.456661
0.440768 0.647816
0.573525 0.573105
0.482925 0.519427
0.495803 0.402478
0.513241 0.497185
0.280402 0.689831
0.492434 0.511163
0.753299 0.628381
0.497333 0.495312
0.404998 0.397474
0.508801 0.548492
0.57545 0.46272
0.448237 0.425459
0.497735 0.510399
0.503462 0.514462
0.50545 0.48795
0.490417 0.484645
0.689862 0.632512
0.536909 0.473959
0.542799 0.461781
0.520675 0.620956
0.726333 0.351378
0.520187 0.536121
0.823465 0.802253
0.495648 0.49419
