0.0669573 0.693741
0.478154 0.528559
0.803989 0.0916594
0.916961 0.0780925
0.273231 0.236211
0.190655 0.621546
0.562505 0.607311
0.507125 0.95845
0.62366 0.0243356
0.281604 0.584423
0.0131857 0.337849
0.898663 0.284444
0.514243 0.271574
0.112314 0.372951
0.277051 0.067851
0.435826 0.344008
0.761592 0.913981
0.872567 0.565581
0.00564008 0.789529
0.643674 0.278871
0.0257401 0.834329
0.900417 0.588245
0.44164 0.407542
0.546695 0.0652994
0.431878 0.828299
0.649722 0.445064
0.166148 0.548386
0.729507 0.680391
0.81996 0.841822
0.0533426 0.0970107
0.909673 0.489169
0.441019 0.671265
0.40315 0.313586
0.236846 0.40879
0.103114 0.88052
0.687661 0.128854
0.714848 0.588078
0.7171 0.156488
0.995621 0.263795
0.221787 0.427499
0.0920944 0.87151
0.872562 0.258243
0.419896 0.60207
0.938634 0.239856
0.443891 0.991977
0.336866 0.353564
0.481146 0.777885
0.0248291 0.884295
0.0914707 0.261675
0.293085 0.194585
0.142195 0.980746
0.323439 0.857044
0.568824 0.0405393
0.0135316 0.564445
0.304334 0.235319
0.991944 0.396429
0.106829 0.864506
0.654671 0.526725
0.466576 0.593305
0.76658 0.910467
0.585282 0.103447
0.264031 0.0664276
0.881332 0.28886
0.950723 0.972802
0.550535 0.243808
0.167387 0.692731
0.224554 0.490827
0.549774 0.793378
0.531366 0.563306
0.357823 0.8357
0.798625 0.349767
0.232129 0.905454
0.214273 0.8868
0.432179 0.680848
0.480106 0.198759
0.591315 0.0653876
0.302206 0.855346
0.131815 0.183537
0.144206 0.0825382
0.15634 0.694742
0.326346 0.323727
0.387472 0.5509
0.814554 0.937246
0.344279 0.34592
0.500552 0.702102
0.18162 0.299177
0.0518685 0.413749
0.204631 0.266141
0.30055 0.63681
0.946989 0.780655
0.835568 0.538304
0.846043 0.137774
0.39365 0.977858
0.321311 0.537857
0.0603962 0.477651
0.232598 0.386742
0.801378 0.620071
0.937643 0.615932
0.557317 0.281921
0.961852 0.0578714
0.984023 0.143472
0.357047 0.0358915
0.557222 0.561678
0.302033 0.857772
0.198487 0.249022
0.638427 0.0340557
0.787326 0.48447
0.17183 0.180976
0.462328 0.493141
0.718833 0.522724
0.970792 0.951431
0.909466 0.772171
0.571502 0.847109
0.388103 0.128819
0.12903 0.349955
0.186688 0.113053
0.493427 0.543735
0.148945 0.050649
0.105413 0.450977
0.908421 0.3039
0.699999 0.546847
0.337956 0.487325
0.0313171 0.509785
0.6683 0.493645
0.00292661 0.387133
0.0163689 0.973719
0.338564 0.925835
0.74589 0.910066
0.772944 0.133992
0.0388846 0.901975
0.483947 0.225573
0.015028 0.977374
0.769308 0.163973
0.0280229 0.874721
0.615082 0.936151
0.178621 0.314949
0.483291 0.516576
0.802273 0.514608
0.0263615 0.470574
0.00825281 0.0292882
0.857707 0.0246217
0.00300716 0.196271
0.950457 0.748897
0.106336 0.723402
0.882889 0.145221
0.625376 0.366836
0.370794 0.640404
0.34421 0.140102
0.804377 0.372232
0.0148229 0.419327
0.308676 0.193444
0.734276 0.791967
0.71002 0.536549
0.306575 0.736381
0.00712248 0.314827
0.765669 0.864829
0.339449 0.768677
0.0610999 0.289906
0.517573 0.167436
0.0133079 0.400462
0.312657 0.638684
0.767298 0.683451
0.279089 0.111508
0.823553 0.0834657
0.48374 0.838376
0.502793 0.792416
0.0318197 0.237068
0.584383 0.741839
0.773617 0.890957
0.478221 0.78074
0.205785 0.24389
0.645569 0.545234
0.0125666 0.706669
0.83514 0.53014
0.874105 0.848448
0.930602 0.186762
0.487132 0.6979
0.870213 0.766221
0.809408 0.693767
0.849687 0.293148
0.532143 0.352479
0.0855636 0.563963
0.589547 0.669946
0.305802 0.363164
0.560903 0.784023
0.143904 0.766688
0.0279127 0.789473
0.311922 0.0404793
0.496141 0.147062
0.570619 0.370246
0.99551 0.501221
0.557008 0.482642
0.199121 0.427222
0.248863 0.00852897
0.120988 0.0985498
0.301677 0.653131
0.451029 0.38724
0.217094 0.0405764
0.0571864 0.522896
0.403741 0.61809
0.306919 0.547645
0.384778 0.334831
0.337117 0.6967
0.375311 0.833259
0.843762 0.94593
0.203505 0.839272
0.447151 0.760513
0.321915 0.646273
0.187735 0.570778
0.654802 0.308723
0.669329 0.95648
0.961855 0.120357
0.343718 0.178949
0.160933 0.400905
0.701845 0.564674
0.0189946 0.00876335
0.112319 0.403773
0.343595 0.449436
0.100473 0.718905
0.282695 0.944235
0.664835 0.4862
0.783507 0.111987
0.246713 0.105422
0.75826 0.434448
0.6762 0.413061
0.743172 0.345528
0.36954 0.705026
0.465885 0.713258
0.883975 0.626818
0.114163 0.58582
0.191493 0.133157
0.594583 0.303812
0.53693 0.938178
0.753248 0.637403
0.657083 0.0359431
0.581638 0.321919
0.522143 0.365145
0.433906 0.768857
0.470567 0.192165
0.203305 0.146768
0.605409 0.946214
0.492296 0.974766
0.651504 0.958182
0.688024 0.535478
0.585 0.802186
0.121298 0.776492
0.935344 0.715881
0.0803037 0.472274
0.654059 0.833552
0.109676 0.311142
0.869495 0.691314
0.633061 0.391638
0.0564594 0.0669669
0.160495 0.527027
0.259132 0.3638
0.673795 0.864358
0.310276 0.166091
0.839124 0.961779
0.124272 0.527148
0.497258 0.709272
0.329335 0.618556
0.485764 0.264678
0.334437 0.566068
0.736948 0.988493
0.399619 0.846629
0.299638 0.269114
0.537943 0.932699
0.660752 0.594402
0.999666 0.821246
0.121429 0.258798
0.185046 0.795224
0.123157 0.495322
0.961315 0.962281
0.457102 0.0855869
0.489429 0.954359
0.794859 0.818763
0.572915 0.280622
0.0834417 0.907351
0.84669 0.820394
0.895847 0.246309
0.667022 0.195485
0.515423 0.204965
0.128185 0.176175
0.799367 0.127851
0.997421 0.920797
0.386649 0.182467
0.716021 0.509806
0.67779 0.677335
0.472087 0.134891
0.762922 0.961516
0.0892505 0.557781
0.780279 0.662165
0.838403 0.863721
0.569516 0.685093
0.684115 0.465363
0.931402 0.351137
0.660849 0.446825
0.556102 0.789033
0.623 0.35547
0.916884 0.620421
0.276266 0.303533
0.802889 0.992287
0.813339 0.480678
0.669622 0.285426
0.61557 0.432545
0.246942 0.70482
0.989247 0.0276507
0.366985 0.828729
0.890941 0.936502
0.513823 0.575056
0.401865 0.445225
0.926193 0.0627145
0.89205 0.482295
0.851747 0.515051
0.837765 0.768631
0.135472 0.114032
0.0721646 0.938361
0.106319 0.885504
0.419039 0.775941
0.17093 0.0346092
0.208486 0.417871
0.739429 0.198812
0.445092 0.106415
0.0275409 0.336033
0.0429166 0.541364
0.911089 0.444782
0.986589 0.837282
0.507496 0.878639
0.319578 0.359243
0.39369 0.157343
0.127874 0.529162
0.271375 0.200039
0.467523 0.377694
0.0855425 0.886562
0.153635 0.256472
0.921171 0.362121
0.674343 0.660601
0.560933 0.119435
0.767016 0.588474
0.455468 0.809932
0.129837 0.366557
0.254714 0.116426
0.20384 0.76221
0.995065 0.523418
0.121453 0.388755
0.680761 0.249327
0.917916 0.952136
0.449366 0.385439
0.32983 0.534909
0.272001 0.483464
0.791381 0.193173
0.845585 0.465724
0.853774 0.406518
0.585159 0.620789
0.994993 0.0406273
0.430722 0.124828
0.407184 0.685436
0.241254 0.611024
0.447646 0.236319
0.134441 0.569099
0.625073 0.815202
0.818426 0.54299
0.767338 0.267792
0.928429 0.097168
0.802701 0.200431
0.580632 0.594082
0.393603 0.426218
0.0598055 0.247377
0.832736 0.644964
0.868167 0.827727
0.685591 0.298888
0.952555 0.0927749
0.984324 0.19381
0.703798 0.43197
0.430128 0.83824
0.00106895 0.0552019
0.653442 0.819495
0.598192 0.42078
0.0872876 0.526621
0.517948 0.889989
0.727052 0.0985804
0.48407 0.120655
0.524798 0.543876
0.368032 0.357534
0.18884 0.236199
0.185261 0.874431
0.535087 0.137816
0.967205 0.519411
0.331626 0.671004
0.951381 0.761754
0.509243 0.95245
0.816956 0.162685
0.771945 0.415148
0.583465 0.859233
0.941769 0.101413
0.749222 0.668821
0.199993 0.233292
0.789476 0.724792
0.777168 0.157508
0.0823255 0.966008
0.393707 0.267586
0.840439 0.928794
0.405402 0.807644
0.448205 0.737028
0.478648 0.399587
0.498782 0.987891
0.352037 0.315739
0.150576 0.123982
0.730887 0.734041
0.983215 0.672656
0.835454 0.732437
0.341476 0.0354471
0.965729 0.130952
0.760239 0.742897
0.28846 0.842564
0.708905 0.682167
0.11015 0.549343
0.61096 0.515553
0.356987 0.0591657
0.252581 0.835635
0.458752 0.751364
0.823526 0.810789
0.0671023 0.974101
0.934772 0.797989
0.708142 0.917987
0.470645 0.543595
0.650424 0.812121
0.579043 0.616153
0.943073 0.339281
0.35905 0.231532
0.181846 0.0679543
0.913699 0.291996
0.617298 0.524659
0.807549 0.974285
0.583825 0.0601301
0.80992 0.0425772
0.811494 0.633446
0.853366 0.878596
0.607547 0.788138
0.676585 0.315689
0.706125 0.14723
0.859284 0.356549
0.95935 0.438327
0.972701 0.902423
0.777608 0.331751
0.133955 0.959454
0.399705 0.0476538
0.25145 0.0170029
0.572313 0.0589984
0.991288 0.156138
0.119128 0.801208
0.198715 0.930622
0.434654 0.0520816
0.809218 0.0422005
0.84022 0.485803
0.357889 0.546344
0.633033 0.217173
0.902893 0.592383
0.655501 0.875594
0.494806 0.433108
0.207346 0.628761
0.392562 0.607051
0.676415 0.644011
0.624054 0.248728
0.70301 0.615342
0.404866 0.822138
0.41655 0.603581
0.75276 0.851203
0.655663 0.561979
0.893404 0.495882
0.0477818 0.251293
0.0422264 0.680815
0.468466 0.945119
0.273198 0.123966
0.820714 0.768004
0.557074 0.0280595
0.396764 0.949636
0.63511 0.0731792
0.593647 0.259164
0.321907 0.296657
0.874506 0.726773
0.118795 0.291056
0.330354 0.871555
0.142259 0.986016
0.433534 0.0356624
0.481898 0.481315
0.286955 0.524125
0.16213 0.755422
0.469244 0.435328
0.879388 0.289958
0.203331 0.436462
0.318018 0.600096
0.386098 0.953128
0.672671 0.979869
0.212292 0.995182
0.276402 0.0867982
0.721955 0.395197
0.377854 0.0523083
0.266752 0.520113
0.0383247 0.700286
0.555775 0.520223
0.181601 0.84273
0.0443479 0.343731
0.598152 0.513592
0.779059 0.47754
0.80355 0.98239
0.914002 0.121568
0.582486 0.300101
0.0746957 0.255761
0.279846 0.286988
0.250943 0.556249
0.373786 0.972897
0.951446 0.75164
0.0252056 0.218198
0.271752 0.0635303
0.918484 0.827527
0.583753 0.100086
0.670258 0.628101
0.443817 0.26841
0.141693 0.222876
0.745949 0.945243
0.205267 0.659951
0.0668112 0.787753
0.960052 0.141507
0.0435136 0.239898
0.428495 0.294456
0.796147 0.802281
0.267354 0.747593
0.553921 0.292559
0.965791 0.825673
0.35609 0.884275
0.653202 0.939843
0.984361 0.323458
0.567944 0.428178
0.591868 0.709637
0.651054 0.337817
0.654881 0.856321
0.997769 0.721692
0.644074 0.957819
0.863199 0.687588
0.197719 0.291694
0.982044 0.993865
0.0939747 0.249398
0.741458 0.647895
0.541957 0.707249
0.473568 0.898046
0.591524 0.126769
0.837889 0.575885
0.450227 0.405833
0.00406284 0.0420949
0.115471 0.655117
0.379912 0.770352
0.511438 0.377681
0.492044 0.155512
0.335501 0.355243
0.8431 0.53322
0.646937 0.825144
0.527085 0.740912
0.0745415 0.268543
0.388807 0.616498
0.975792 0.862375
0.514544 0.567316
0.989144 0.352434
0.143201 0.439371
0.758267 0.147264
0.481466 0.873738
0.802381 0.861378
0.644089 0.313819
0.239059 0.136133
0.469332 0.57456
0.491376 0.312432
0.10778 0.138313
0.137576 0.634865
0.879225 0.212117
0.903408 0.268032
0.828615 0.8792
0.130407 0.34316
0.446516 0.119552
0.695593 0.589717
0.558923 0.45386
0.736981 0.0403894
0.327598 0.539362
0.901768 0.971688
0.853181 0.140827
0.107821 0.322513
0.715387 0.599197
0.634945 0.823166
0.737511 0.77252
0.458031 0.616736
0.984637 0.361439
0.884768 0.813253
0.24064 0.0151751
0.156413 0.687156
0.134727 0.852006
0.276873 0.69365
0.305867 0.0138538
0.734039 0.633465
0.553216 0.635807
0.605152 0.406397
0.776634 0.712973
0.728909 0.49202
0.312171 0.363854
0.315186 0.0496814
0.136374 0.773218
0.666417 0.121012
0.134657 0.551185
0.934264 0.375297
0.56636 0.0906769
0.0624529 0.701087
0.942683 0.339326
0.394737 0.248549
0.35318 0.128776
0.882014 0.906395
0.764583 0.487167
0.312792 0.541217
0.20014 0.0417015
0.0332366 0.512311
0.405556 0.348423
0.561992 0.54193
0.121641 0.228409
0.662942 0.256298
0.779594 0.597206
0.631595 0.345954
0.687883 0.694048
0.0470403 0.630566
0.0333737 0.441777
0.879115 0.386554
0.570553 0.761129
0.292949 0.335136
0.248296 0.605741
0.876353 0.448436
0.647441 0.909588
0.960746 0.0529996
0.258012 0.522738
0.594928 0.379653
0.751147 0.257869
0.635951 0.530741
0.855075 0.267546
0.876694 0.542958
0.961594 0.923735
0.173524 0.994967
0.365512 0.0526393
0.381521 0.936065
0.813769 0.67447
0.271201 0.0620648
0.280211 0.147553
0.5105 0.927653
0.0571425 0.471247
0.980651 0.315155
0.993985 0.575579
0.694808 0.745132
0.833448 0.330759
0.275873 0.688524
0.598304 0.152568
0.231482 0.559898
0.0763024 0.405006
0.554865 0.441814
0.457645 0.936386
0.377879 0.271414
0.610856 0.64908
0.333479 0.891067
0.796633 0.84398
0.81872 0.853775
0.315226 0.799371
0.16893 0.309212
0.37495 0.863738
0.054344 0.208398
0.194496 0.330217
0.896922 0.792801
0.482785 0.128404
0.352699 0.559087
0.53341 0.907564
0.000901489 0.991055
0.84395 0.37878
0.262469 0.454806
0.0278598 0.595948
0.345873 0.824493
0.439928 0.164593
0.678268 0.755154
0.963964 0.847198
0.0643657 0.338914
0.710935 0.11871
0.547312 0.905432
0.448927 0.444234
0.698233 0.931712
0.572638 0.0509307
0.490799 0.106048
0.958494 0.491701
0.0971028 0.802444
0.870481 0.359572
0.25725 0.898341
0.95552 0.603123
0.722834 0.395448
0.767716 0.401101
0.150602 0.731679
0.248299 0.214967
0.0705931 0.959235
0.333677 0.617905
0.864666 0.782604
0.0621391 0.562898
0.714316 0.634777
0.613829 0.205115
0.740825 0.572324
0.696816 0.837928
0.374768 0.567298
0.197499 0.632019
0.465639 0.153019
0.235142 0.188472
0.548467 0.00285768
0.589573 0.699069
0.734537 0.837873
0.914036 0.80513
0.797107 0.247713
0.423035 0.661774
0.0303169 0.485174
0.224672 0.744633
0.119951 0.838501
0.949749 0.860776
0.410825 0.646565
0.698704 0.785593
0.213862 0.896203
0.417612 0.679501
0.0492226 0.652753
0.867973 0.59769
0.655611 0.457547
0.296758 0.390148
0.295419 0.210794
0.195279 0.0925266
0.458507 0.618314
0.7543 0.488824
0.103488 0.978972
0.233457 0.22344
0.817474 0.183206
0.0842158 0.228299
0.82977 0.782919
0.0138915 0.0436329
0.679123 0.431503
0.723134 0.728345
0.0842566 0.591107
0.326035 0.739868
0.0486535 0.622793
0.130016 0.344073
0.833587 0.325295
0.436599 0.292094
0.943608 0.1909
0.780918 0.0470966
0.169872 0.0143754
0.270536 0.987346
0.197581 0.354752
0.215644 0.0273513
0.137671 0.229536
0.0709842 0.816794
0.661039 0.794118
0.545139 0.745295
0.385225 0.871174
0.485163 0.433879
0.493967 0.615179
0.777951 0.327555
0.940474 0.214551
0.619656 0.884069
0.40545 0.400567
0.931179 0.575322
0.414943 0.201715
0.562668 0.612523
0.556467 0.778312
0.639875 0.694138
0.00784791 0.710859
0.510932 0.668887
0.504977 0.0560715
0.414182 0.890202
0.927246 0.899345
0.324081 0.421213
0.514525 0.102032
0.748767 0.454998
0.316583 0.368416
0.339081 0.722034
0.768983 0.270259
0.297356 0.183926
0.471974 0.860024
0.796449 0.0284411
0.638336 0.436324
0.722579 0.646184
0.147183 0.233512
0.315071 0.65216
0.289583 0.729253
0.542362 0.216829
0.6286 0.866438
0.638041 0.143123
0.968475 0.386809
0.598122 0.285059
0.755225 0.937202
0.00709223 0.524208
0.207462 0.304448
0.708134 0.679436
0.164472 0.504583
0.707877 0.802808
0.940907 0.430456
0.448992 0.08809
0.663968 0.764063
0.74025 0.953551
0.493316 0.282612
0.17038 0.121915
0.149055 0.808421
0.265038 0.117531
0.19523 0.86316
0.402589 0.950455
0.800362 0.409681
0.474663 0.00782356
0.71413 0.182797
0.687259 0.878602
0.68738 0.395136
0.68141 0.628287
0.825592 0.130402
0.716377 0.48956
0.894465 0.456627
0.443111 0.387781
0.739239 0.613491
0.509696 0.888294
0.421912 0.774734
0.00582497 0.617143
0.637894 0.408414
0.567597 0.438256
0.818096 0.0422605
0.446079 0.532225
0.225058 0.133338
0.410827 0.912438
0.528474 0.0922368
0.540725 0.354067
0.222639 0.257103
0.843627 0.117104
0.71373 0.286738
0.504885 0.452969
0.900045 0.0363866
0.341264 0.322142
0.789315 0.347089
0.939284 0.427208
0.755503 0.506882
0.865464 0.573598
0.549142 0.311543
0.105824 0.7742
0.444881 0.516651
0.686437 0.97347
0.608887 0.227363
0.327423 0.831526
0.484466 0.171049
0.94863 0.198196
0.457788 0.453515
0.651165 0.358017
0.468096 0.992428
0.680159 0.25741
0.339517 0.619443
0.684618 0.0950196
0.126325 0.550082
0.668618 0.675467
0.861625 0.774442
0.449667 0.306506
0.291092 0.136304
0.279862 0.89998
0.363667 0.607284
0.731506 0.848133
0.778334 0.680136
0.0463283 0.236121
0.133651 0.697493
0.594138 0.601746
0.689921 0.274297
0.859156 0.0294382
0.89374 0.543775
0.124458 0.0200643
0.0938565 0.793076
0.695532 0.955482
0.567518 0.145198
0.261987 0.85861
0.281502 0.541849
0.75859 0.645169
0.149133 0.490095
0.493302 0.927467
0.170231 0.53963
0.163589 0.303882
0.237123 0.757727
0.905628 0.927045
0.0320238 0.764784
0.956483 0.925764
0.308559 0.0809409
0.945828 0.402415
0.874017 0.641359
0.357896 0.441534
0.786557 0.619884
0.300144 0.0680588
0.161733 0.0587338
0.713228 0.310866
0.548829 0.20653
0.238334 0.71906
0.74616 0.401922
0.0229417 0.983284
0.159649 0.92857
0.910329 0.191673
0.693354 0.866812
0.117437 0.00191235
0.947752 0.0632652
0.404328 0.821769
0.704624 0.762224
0.263304 0.49118
0.382108 0.563448
0.559239 0.543841
0.622182 0.272467
0.854707 0.171011
0.478997 0.0930407
0.890071 0.225158
0.494963 0.913013
0.208441 0.654612
0.841582 0.11877
0.846285 0.534936
0.985582 0.963722
0.536848 0.933334
0.0269862 0.941176
0.755104 0.73161
0.7034 0.0184078
0.22279 0.0855076
0.581856 0.78203
0.629348 0.204038
0.0544967 0.484055
0.375049 0.533494
0.577096 0.26512
0.758651 0.0720592
0.178133 0.967093
0.726671 0.0197151
0.085863 0.572956
0.554651 0.0714448
0.536678 0.0914994
0.00477925 0.563664
0.0326753 0.759883
0.295274 0.736075
0.778291 0.518064
0.821583 0.360147
0.300094 0.450931
0.564185 0.35459
0.934987 0.939234
0.888084 0.512083
0.204354 0.646736
0.584142 0.382486
0.613829 0.310813
0.402202 0.699692
0.883769 0.956853
0.771136 0.420447
0.048352 0.775916
0.984111 0.0810277
0.535799 0.279385
0.817102 0.31409
0.797449 0.638685
0.674237 0.0975424
0.0896162 0.238421
0.452133 0.0246028
0.177655 0.340217
0.536686 0.382009
0.986953 0.120828
0.764495 0.600781
0.431641 0.166697
0.300473 0.31541
0.123549 0.0716089
0.735857 0.171901
0.847524 0.719968
0.252928 0.383323
0.999353 0.0700311
0.697413 0.796802
0.708716 0.371649
0.894344 0.798332
0.610071 0.346477
0.822935 0.787726
0.686694 0.359621
0.169735 0.673646
0.480448 0.93423
0.274427 0.912089
0.100927 0.5749
0.227499 0.224476
0.646509 0.963355
0.396377 0.494033
0.683324 0.649305
0.877356 0.682677
0.719336 0.574769
0.479479 0.428052
0.946419 0.373823
0.226385 0.55649
0.720299 0.0493196
0.344216 0.406993
0.40894 0.513951
0.0806391 0.889389
0.448181 0.355066
0.801477 0.549107
0.929965 0.0289732
0.773583 0.576475
0.992333 0.16996
0.0705085 0.675657
0.819265 0.947865
0.358334 0.538602
0.522634 0.837813
0.966654 0.469053
0.211635 0.193039
0.025543 0.931935
0.242358 0.369759
0.338928 0.651299
0.883709 0.419567
0.540687 0.33189
0.774633 0.342165
0.880997 0.7046
0.371141 0.65458
0.281075 0.363474
0.82454 0.351583
0.0391304 0.643805
0.299448 0.397464
0.182407 0.822083
0.235277 0.149061
0.291136 0.446912
0.3421 0.316679
0.378847 0.584458
0.686438 0.717774
0.235757 0.570147
0.137341 0.776444
0.902037 0.911974
0.118608 0.783034
0.616574 0.489749
0.437614 0.897648
0.853223 0.262154
0.249232 0.892353
0.905959 0.54868
0.289818 0.0883661
0.370762 0.525094
0.237427 0.661898
0.972007 0.579527
0.978577 0.350853
0.163985 0.665015
0.0686277 0.399741
0.235162 0.205969
0.176185 0.137199
0.117943 0.294793
0.920233 0.734517
0.784542 0.357847
0.632165 0.637765
0.620008 0.881383
0.530118 0.52596
0.430077 0.819936
0.614326 0.800839
0.34503 0.851753
0.462737 0.317037
0.43128 0.441314
0.66789 0.595265
0.106329 0.736518
0.995007 0.341491
0.942487 0.171192
0.47869 0.0604299
0.465985 0.398923
0.794947 0.250528
0.75677 0.427112
0.888293 0.376771
0.308509 0.418411
0.902731 0.738586
0.238347 0.517058
0.539425 0.583377
0.368811 0.00216225
0.900414 0.800092
0.443477 0.568304
0.395357 0.549805
0.304822 0.390364
0.891296 0.247309
0.561556 0.369986
0.307739 0.0275408
0.768909 0.102686
0.278068 0.525679
0.529798 0.166361
0.90245 0.838307
0.584772 0.805181
0.576893 0.823119
0.322239 0.116318
0.406496 0.69105
0.11848 0.306911
0.491142 0.561956
0.875215 0.886498
0.111762 0.180037
0.276862 0.00305823
0.427346 0.838418
0.373044 0.735085
0.865959 0.141953
0.837771 0.144027
0.667632 0.367569
0.310388 0.570082
0.205876 0.89516
0.375264 0.782768
0.718279 0.697503
0.899086 0.124776
0.388553 0.0175659
0.431686 0.879694
0.579522 0.306901
0.766193 0.691284
0.486938 0.0430549
0.694342 0.914285
0.881473 0.0673868
0.64937 0.747431
0.20934 0.487141
0.891458 0.876972
0.854709 0.201846
0.447054 0.060585
0.0970066 0.822318
0.843353 0.815286
0.519821 0.742439
0.940062 0.908373
0.760005 0.371748
0.788067 0.339528
0.678649 0.55426
0.030812 0.165588
0.597315 0.725155
0.0798723 0.478788
0.792541 0.729242
0.226219 0.00188147
0.216383 0.117677
0.878854 0.0710921
0.319524 0.325908
0.131677 0.41653
0.148226 0.975031
0.231817 0.668046
0.71747 0.171878
0.57642 0.477475
0.543627 0.364487
0.817003 0.222276
0.918747 0.847815
0.387864 0.516063
0.57297 0.467736
0.99485 0.365511
0.196978 0.22107
0.367392 0.413361
0.338747 0.246246
0.484453 0.658271
0.572154 0.61613
0.0748014 0.72038
0.591161 0.306618
0.388426 0.308631
0.478496 0.964846
0.786106 0.0221232
0.329333 0.603109
0.244399 0.248081
0.450924 0.632263
0.764143 0.0238933
0.0999994 0.758994
0.389404 0.296978
0.980063 0.756797
0.710339 0.31881
0.00304274 0.194792
0.977081 0.575197
0.810922 0.0518827
0.295577 0.402083
0.358501 0.684003
0.710713 0.836997
0.648849 0.496819
0.85912 0.978183
0.0999282 0.10352
0.226263 0.550852
0.735783 0.990406
0.574745 0.835782
0.7494 0.964149
0.13276 0.729463
0.720946 0.843099
0.0482732 0.723989
0.0378904 0.0253544
0.299186 0.848812
0.0772371 0.594763
0.250895 0.435738
0.278766 0.961609
0.272735 0.927615
0.458428 0.131855
0.905798 0.558356
0.235375 0.132061
0.109208 0.971158
0.122467 0.683953
0.80694 0.871867
0.648105 0.9397
0.60133 0.369049
0.782799 0.649603
0.0930376 0.82069
0.674958 0.392223
0.669502 0.752195
0.986986 0.920397
0.187933 0.265752
0.882006 0.460668
0.193367 0.340433
0.592523 0.0991649
0.898789 0.827898
0.231226 0.00799734
0.799056 0.353693
0.69195 0.605997
0.22556 0.340053
0.545697 0.82689
0.709102 0.328496
0.476494 0.802139
0.149186 0.151451
0.194363 0.818688
0.903646 0.181349
0.739085 0.0915785
0.4471 0.62109
0.552246 0.640467
0.961524 0.144769
0.739632 0.860313
0.972667 0.970858
0.86831 0.771723
0.324552 0.560261
0.37772 0.550112
0.900314 0.923417
0.377002 0.609416
0.251913 0.853496
0.411555 0.401099
0.0049471 0.605918
0.219786 0.908593
0.787267 0.958871
0.000171526 0.234367
0.579961 0.552418
0.874834 0.541485
0.697187 0.614467
0.401797 0.669854
0.585325 0.270108
0.441577 0.909877
0.830368 0.819297
0.459988 0.730682
0.742714 0.836991
0.340098 0.994627
0.690487 0.751653
0.395725 0.695434
0.357571 0.615512
0.604027 0.144838
0.574383 0.604198
0.379205 0.154344
0.156616 0.25404
0.695828 0.853803
0.868506 0.0976257
0.523657 0.453831
0.367733 0.965234
0.363708 0.198102
0.784531 0.823696
0.928784 0.527245
0.660687 0.268882
0.521872 0.351174
0.0205353 0.917597
0.0466076 0.378107
0.533109 0.650634
0.522945 0.107491
0.254833 0.90215
0.261835 0.411449
0.156189 0.957663
0.265252 0.0246956
0.055289 0.788908
0.478527 0.423022
0.754142 0.842235
0.621124 0.538673
0.665931 0.549908
0.0659177 0.326618
0.81879 0.587789
0.677792 0.839326
0.505386 0.724399
0.217432 0.0384949
0.375034 0.740377
0.145986 0.629867
0.642526 0.407821
0.0413156 0.798716
0.365485 0.306567
0.823411 0.420774
0.0954754 0.301938
0.843796 0.849617
0.144173 0.46492
0.38829 0.810104
0.0148286 0.454208
0.136722 0.833619
0.0419972 0.814514
0.672945 0.547383
0.538913 0.890377
0.585851 0.91392
0.630753 0.731865
0.543814 0.27328
0.139686 0.585129
0.0719956 0.505171
0.891697 0.895407
0.925945 0.987172
0.197345 0.769741
0.836789 0.341518
0.234661 0.22508
0.151622 0.24949
0.679288 0.288344
0.083109 0.721285
0.102858 0.756054
0.268669 0.641771
0.64643 0.854547
0.555718 0.277184
0.586412 0.0995316
0.550464 0.726098
0.684661 0.622459
0.231269 0.576358
0.517866 0.157214
0.563529 0.715211
0.926955 0.400319
0.056729 0.161616
0.625399 0.208351
0.411106 0.304686
0.496695 0.494215
0.0259715 0.599552
0.250269 0.29464
0.241323 0.896699
0.149187 0.797041
0.173883 0.735598
0.896572 0.724347
0.461696 0.581233
0.346806 0.692965
0.157591 0.864672
0.850179 0.72112
0.579883 0.777133
0.121439 0.636612
0.938749 0.746838
0.844963 0.349856
0.051524 0.341657
0.844071 0.0774955
0.941209 0.0943401
0.372136 0.182532
0.991039 0.521322
0.979573 0.164922
0.256921 0.876145
0.889268 0.718617
0.457379 0.236074
0.411582 0.614969
0.100746 0.261761
0.33609 0.680629
0.0388942 0.457529
0.317241 0.977644
0.204366 0.162203
0.327499 0.25589
0.503861 0.17157
0.333386 0.44507
0.26591 0.705521
0.627603 0.256949
0.226844 0.607176
0.421871 0.483765
0.483321 0.311139
0.202382 0.9407
0.547213 0.613964
0.555669 0.647959
0.875725 0.891759
0.328587 0.914619
0.349287 0.645828
0.892263 0.553653
0.808031 0.219762
0.809544 0.311892
0.391333 0.142929
0.756962 0.657243
0.84845 0.384565
0.914191 0.0752942
0.99174 0.336062
0.559059 0.475062
0.647201 0.761441
0.415761 0.194414
0.375405 0.97143
0.842372 0.25113
0.863189 0.17096
0.165749 0.212476
0.816788 0.0580116
0.76613 0.624819
0.277774 0.575673
0.936711 0.669106
0.718603 0.693673
0.326349 0.567053
0.0782377 0.24054
0.642347 0.0699782
0.576602 0.201406
0.54504 0.223803
0.962846 0.960801
0.418217 0.338251
0.932231 0.260589
0.58938 0.79542
0.431549 0.755129
0.00789656 0.248337
0.813141 0.774026
0.873156 0.0909147
0.3497 0.809866
0.760021 0.068302
0.50354 0.08637
0.635355 0.581777
0.32691 0.277702
0.651754 0.903513
0.479108 0.196795
0.127316 0.441954
0.157596 0.545532
0.780205 0.0898274
0.806121 0.369586
0.885248 0.23767
0.124715 0.893144
0.486007 0.937855
0.667171 0.359162
0.0287702 0.01687
0.169029 0.788791
0.085172 0.672568
0.875161 0.720527
0.254346 0.202072
0.998229 0.906101
0.105584 0.477337
0.102896 0.2329
0.919291 0.260493
0.778432 0.699496
0.35032 0.584553
0.0690819 0.235568
0.822224 0.193797
0.128712 0.308231
0.131652 0.795882
0.667393 0.160422
0.812752 0.836422
0.949213 0.897924
0.508991 0.824375
0.618452 0.763336
0.0264463 0.616681
0.669438 0.132031
0.0940177 0.772334
0.36493 0.0133089
0.0328265 0.143362
0.712805 0.383146
0.727916 0.781887
0.618714 0.55014
0.975684 0.747426
0.85837 0.107336
0.543308 0.525763
0.267758 0.356061
0.362186 0.216971
0.253985 0.871176
0.0413462 0.872437
0.634513 0.0677926
0.489117 0.30395
0.199823 0.583135
0.0762842 0.564753
0.596444 0.109111
0.708116 0.309249
0.492257 0.436032
0.0911365 0.110971
0.986172 0.0668208
0.858397 0.844542
0.174156 0.401705
0.370305 0.441914
0.757766 0.732491
0.658886 0.0117512
0.603667 0.700232
0.884188 0.23818
0.768024 0.373305
0.54213 0.967847
0.956441 0.618414
0.532601 0.552885
0.727525 0.240717
0.862134 0.219782
0.676751 0.953272
0.330753 0.66292
0.0200907 0.18915
0.507462 0.194247
0.590856 0.877762
0.636161 0.348621
0.610258 0.295046
0.360372 0.213925
0.995278 0.24456
0.452105 0.763303
0.640015 1
0.73115 0.574306
0.612649 0.263751
0.127191 0.340174
0.504468 0.989325
0.559956 0.181216
0.942595 0.890709
0.844136 0.962686
0.0798583 0.351598
0.156933 0.670713
0.229365 0.793093
0.019334 0.839624
0.0881399 0.379706
0.0535488 0.0834181
0.624266 0.505654
0.846721 0.242132
0.499889 0.577871
0.816438 0.112538
0.841622 0.943629
0.452713 0.346089
0.932957 0.0126653
0.527306 0.875549
0.903377 0.371442
0.838234 0.983235
0.723036 0.995163
0.653951 0.952407
0.788261 0.673283
0.792029 0.8764
0.0529886 0.845578
0.959819 0.677255
0.351232 0.806539
0.919386 0.851121
0.38441 0.735824
0.963659 0.226031
0.679453 0.416372
0.572121 0.612406
0.42904 0.0994264
0.487955 0.332417
0.470868 0.326189
0.315653 0.193908
0.321356 0.969601
0.146314 0.109617
0.642905 0.938336
0.986017 0.695872
0.78392 0.945836
0.373127 0.135152
0.752375 0.292514
0.986273 0.136785
0.0283381 0.949932
0.362816 0.707791
0.366304 0.934937
0.320197 0.795344
0.0343633 0.808152
0.127761 0.505232
0.134341 0.443414
0.69914 0.455697
0.413015 0.845453
0.565314 0.0558991
0.783796 0.551331
0.751772 0.567716
0.497167 0.124899
0.702868 0.249542
0.417413 0.68914
0.386326 0.445751
0.639072 0.749142
0.153542 0.00537603
0.684079 0.473739
0.80072 0.718443
0.281891 0.928481
0.223674 0.416232
0.371895 0.922814
0.871929 0.78491
0.768267 0.437243
0.840809 0.552063
0.988574 0.592581
0.119779 0.485741
0.71748 0.822647
0.735283 0.134893
0.511788 0.121609
0.580643 0.15086
0.870751 0.734185
0.156236 0.554831
0.207924 0.956956
0.273274 0.489815
0.885437 0.496948
0.906046 0.257332
0.419762 0.777976
0.0422427 0.18803
0.215219 0.883052
0.740093 0.203793
0.475633 0.859872
0.689534 0.193113
0.682519 0.424817
0.328006 0.194307
0.546425 0.908649
0.345167 0.417177
0.642834 0.501403
0.972008 0.850758
0.458359 0.245282
0.340572 0.343796
0.74223 0.246619
0.601129 0.161992
0.0245943 0.643371
0.350021 0.239813
0.526424 0.0901144
0.443606 0.00205679
0.949987 0.13314
0.19517 0.632506
0.557956 0.523175
0.826813 0.104382
0.431824 0.17198
0.521559 0.0746581
0.673384 0.493567
0.925416 0.131743
0.738849 0.265988
0.475539 0.481079
0.512607 0.0766676
0.643071 0.537201
0.720036 0.993088
0.777014 0.246463
0.0832064 0.22062
0.248519 0.0331931
0.35376 0.443689
0.665698 0.911716
0.966865 0.492512
0.0160982 0.398689
0.664493 0.537657
0.473347 0.337876
0.0312247 0.398763
0.469619 0.770074
0.664755 0.945161
0.251152 0.177358
0.0218257 0.894223
0.714559 0.741865
0.887315 0.491573
0.988327 0.970521
0.712193 0.236847
0.00371435 0.0659526
0.680536 0.669414
0.977669 0.647401
0.161926 0.993767
0.0460898 0.826419
0.531424 0.519437
0.164295 0.562649
0.9182 0.633914
0.332722 0.582951
0.579072 0.583875
0.760309 0.600898
0.478098 0.474868
0.342763 0.365413
0.966441 0.33109
0.335934 0.678634
0.567937 0.339648
0.744586 0.248473
0.00906183 0.722255
0.895874 0.170988
0.716022 0.941963
0.997407 0.247446
0.4614 0.161702
0.810095 0.3796
0.795616 0.142817
0.962551 0.374689
0.726692 0.72286
0.975587 0.20479
0.197728 0.31835
0.570202 0.164168
0.649438 0.906136
0.842802 0.217376
0.245785 0.587389
0.465849 0.254846
0.309643 0.361723
0.425834 0.0256652
0.303686 0.423241
0.273111 0.765086
0.584943 0.0832058
0.144686 0.38056
0.226023 0.107238
0.755248 0.952715
0.830097 0.730835
0.157505 0.0278251
0.049185 0.727707
0.191994 0.698625
0.633844 0.0347959
0.916001 0.879628
0.622184 0.38185
0.134475 0.931828
0.743573 0.560309
0.957492 0.0472607
0.98355 0.230604
0.812345 0.568493
0.31381 0.957032
0.949053 0.539833
0.0642693 0.704301
0.492548 0.894367
0.435137 0.650053
0.922192 0.484322
0.37776 0.114186
0.182946 0.0116038
0.148981 0.0989473
0.891232 0.771166
0.480798 0.0257065
0.702994 0.224371
0.586015 0.660487
0.27163 0.569565
0.891091 0.0839748
0.138058 0.204901
0.0410066 0.0871112
0.744734 0.105276
0.791413 0.237283
0.999643 0.226549
0.887336 0.921835
0.710871 0.265096
0.0360203 0.893817
0.2767 0.185002
0.992764 0.167932
0.956168 0.473562
0.193638 0.659161
0.697932 0.779653
0.319648 0.969562
0.349219 0.21074
0.0535368 0.487277
0.415641 0.0945434
0.574388 0.160375
0.199819 0.365801
0.397658 0.199462
0.59235 0.284993
0.121297 0.303221
0.550089 0.157317
0.197038 0.826789
0.342319 0.189803
0.994721 0.298487
0.663365 0.188359
0.957648 0.361297
0.968012 0.277296
0.330859 0.317231
0.488036 0.384396
0.804508 0.903677
0.478939 0.378896
0.0640521 0.678759
0.744697 0.46171
0.878221 0.337047
0.746703 0.999517
0.640268 0.296793
0.156835 0.837306
0.123582 0.499154
0.027109 0.118302
0.79764 0.690474
0.306661 0.755288
0.0517706 0.274673
0.0325846 0.38263
0.591904 0.520621
0.767026 0.396412
0.424297 0.245965
0.775308 0.488349
0.924724 0.520006
0.950059 0.802944
0.857053 0.696763
0.802462 0.497321
0.993555 0.959296
0.334628 0.117137
0.45845 0.361737
0.235439 0.25609
0.0522102 0.5421
0.0113783 0.103981
0.816773 0.0439629
0.486611 0.408677
0.564583 0.253636
0.805089 0.988881
0.499601 0.580397
0.47723 0.424325
0.100403 0.42729
0.227269 0.957456
0.124052 0.0297307
0.454777 0.117608
0.989027 0.789404
0.234744 0.447477
0.151141 0.470183
0.703567 0.203351
0.0122833 0.714946
0.307332 0.829056
0.758909 0.793943
0.237733 0.323492
0.0475787 0.0428226
0.312373 0.54718
0.62322 0.789603
0.971504 0.723623
0.216893 0.198773
0.681079 0.340945
0.228504 0.135856
0.458553 0.217531
0.92526 0.693297
0.665008 0.0764011
0.163481 0.368575
0.279752 0.175764
0.083521 0.587084
0.00482037 0.84243
0.381027 0.242554
0.165922 0.428606
0.285376 0.478295
0.975785 0.908596
0.267898 0.947289
0.632219 0.484791
0.146062 0.313298
0.825737 0.374566
0.449154 0.284289
0.592097 0.374414
0.977587 0.257105
0.450815 0.141067
0.62568 0.730567
0.316831 0.709201
0.317651 0.321652
0.551631 0.698678
0.564206 0.717553
0.127284 0.849582
0.195847 0.103069
0.758178 0.463745
0.0503587 0.390398
0.948536 0.196421
0.703696 0.774273
0.570987 0.152849
0.0585624 0.163084
0.527263 0.0361491
0.420189 0.978077
0.177216 0.0458691
0.708644 0.494048
0.75507 0.0262957
0.815699 0.306701
0.724974 0.379905
0.0242536 0.852258
0.229487 0.220101
0.955327 0.987665
0.683846 0.00568592
0.378063 0.632383
0.202107 0.0817587
0.406656 0.773094
0.234608 0.465218
0.936178 0.761871
0.501367 0.356367
0.739948 0.678584
0.402236 0.448592
0.172631 0.157307
0.474888 0.988331
0.464008 0.199862
0.368236 0.488261
0.0521201 0.597722
0.708362 0.0074473
0.585388 0.392208
0.0131332 0.963451
0.024591 0.21524
0.0452096 0.431247
0.988335 0.279818
0.896465 0.924513
0.0416883 0.397832
0.28088 0.781636
0.0764151 0.683117
0.230229 0.249046
0.840423 0.705117
0.237377 0.304431
0.904979 0.605613
0.792693 0.957099
0.203335 0.501055
0.964547 0.788723
0.893263 0.97768
0.752174 0.917854
0.19292 0.797383
0.349101 0.181255
0.0772008 0.245565
0.105768 0.118889
0.643397 0.386648
0.900526 0.719812
0.0697649 0.130755
0.968858 0.910188
0.835872 0.206235
0.21462 0.740851
0.811848 0.00731219
0.69795 0.0151831
0.508367 0.662497
0.803906 0.40163
0.640177 0.55608
0.319484 0.833097
0.353463 0.668585
0.0143517 0.430664
0.91415 0.12012
0.549553 0.557547
0.506768 0.450079
0.277359 0.576533
0.580833 0.246217
0.486721 0.416705
0.452453 0.701341
0.157556 0.264301
0.708653 0.855506
0.279484 0.21702
0.518003 0.08339
0.61865 0.15818
0.639491 0.938127
0.991277 0.992933
0.606719 0.00562831
0.423597 0.520869
0.125748 0.97315
0.0784162 0.632516
0.423228 0.355775
0.209048 0.0040615
0.601993 0.695769
0.420766 0.0544454
0.39711 0.578322
0.318746 0.105762
0.433828 0.59823
0.322782 0.951831
0.681622 0.941432
0.110011 0.32109
0.879566 0.101287
0.314023 0.486285
0.106915 0.73762
0.00715434 0.232663
0.710769 0.0855705
0.865179 0.133998
0.441346 0.0742269
0.138059 0.0433383
0.769996 0.558826
0.0977838 0.167106
0.137148 0.41653
0.272868 0.570976
0.0147604 0.59565
0.522806 0.696381
0.537082 0.632817
0.0174708 0.416648
0.734104 0.331494
0.902933 0.84102
0.0691134 0.910088
0.0736829 0.779883
0.995658 0.938862
0.91388 0.437004
0.0130885 0.0519396
0.480342 0.783084
0.610765 0.578126
0.95019 0.747913
0.994656 0.223058
0.318888 0.00941631
0.818708 0.841695
0.705797 0.35579
0.474512 0.723268
0.772438 0.208616
0.0547616 0.675371
0.0496356 0.123875
0.585459 0.123318
0.903758 0.581117
0.0621802 0.817638
0.0181205 0.0752687
0.869578 0.498463
0.858353 0.480343
0.0765885 0.808543
0.228256 0.0712445
0.031601 0.547144
0.0806608 0.850309
0.388839 0.786458
0.206099 0.863351
0.509726 0.978537
0.0719667 0.564487
0.653908 0.121602
0.688362 0.239366
0.244921 0.59212
0.820483 0.307101
0.409758 0.838603
0.38237 0.279336
0.337066 0.240723
0.759679 0.413654
0.0492659 0.987935
0.484899 0.0808669
0.535079 0.56556
0.931176 0.923918
0.352017 0.137274
0.787268 0.861743
0.115811 0.859235
0.42623 0.769718
0.980837 0.114592
0.00908456 0.225758
0.706712 0.829567
0.532859 0.116471
0.668169 0.915229
0.395807 0.00523639
0.155951 0.155486
0.418891 0.205217
0.143421 0.90379
0.286084 0.678499
0.469349 0.21726
0.602417 0.821366
0.354534 0.389686
0.683109 0.470345
0.248921 0.10934
0.240064 0.229758
0.223932 0.249148
0.455516 0.930644
0.0787156 0.988375
0.0471149 0.746886
0.903604 0.442922
0.752123 0.0595554
0.598407 0.171013
0.264773 0.741828
0.0748028 0.550857
0.420327 0.544152
0.768117 0.0227445
0.365518 0.122651
0.41243 0.0486278
0.592997 0.661351
0.157967 0.83306
0.891109 0.381899
0.0822087 0.346625
0.312544 0.160924
0.335001 0.359658
0.90781 0.238605
0.80258 0.659933
0.29816 0.400987
0.830946 0.562933
0.142815 0.905749
0.11379 0.563142
0.449901 0.881907
0.585887 0.815419
0.00455839 0.998317
0.864047 0.597555
0.659668 0.0220145
0.430616 0.550777
0.403914 0.512824
0.897402 0.716457
0.673749 0.232403
0.0761157 0.581559
0.471007 0.878696
0.241492 0.769167
0.279683 0.0724383
0.3321 0.422498
0.978187 0.44589
0.98564 0.428089
0.327797 0.571527
0.243508 0.332355
0.569844 0.107555
0.929911 0.229512
0.129569 0.360526
0.780289 0.533483
0.87335 0.677692
0.24994 0.547099
0.910094 0.326056
0.128658 0.381102
0.204752 0.37015
0.150269 0.484435
0.442588 0.48237
0.906933 0.420776
0.92826 0.892573
0.848864 0.256057
0.4641 0.0923721
0.588412 0.0339446
0.199927 0.518323
0.263457 0.329497
0.878849 0.0437461
0.86298 0.752199
0.721438 0.11292
0.299298 0.631532
0.438976 0.427956
0.0126342 0.643728
0.798106 0.162904
0.128163 0.240694
0.645273 0.0350959
0.66147 0.573533
0.927669 0.510334
0.82959 0.391769
0.602706 0.418002
0.425714 0.802633
0.936325 0.689171
0.132129 0.815174
0.732915 0.995108
0.567373 0.454355
0.108029 0.866671
0.085887 0.547006
0.294627 0.0985212
0.190734 0.0927328
0.261425 0.318897
0.333427 0.906698
0.353993 0.994896
0.480231 0.281662
0.50523 0.309821
0.673432 0.107936
0.727824 0.0991456
0.910569 0.664149
0.788316 0.0426982
0.479323 0.521233
0.0378073 0.0466957
0.975588 0.145837
0.913367 0.0614754
0.692842 0.207994
0.159997 0.883576
0.300727 0.421421
0.202473 0.634153
0.32812 0.556467
0.62905 0.808351
0.838129 0.13428
0.118172 0.51156
0.242216 0.845996
0.610706 0.152784
0.510144 0.399022
0.195482 0.989467
0.920256 0.23329
0.0361626 0.895844
0.379126 0.94953
0.957319 0.0719695
0.157524 0.117316
0.955545 0.45825
0.538737 0.158018
0.0924038 0.866857
0.714485 0.721454
0.675208 0.552614
0.855733 0.79338
0.064174 0.0979488
0.639376 0.67488
0.250733 0.14952
0.0739021 0.446216
0.138987 0.994158
0.679505 0.175149
0.890002 0.0586316
0.124679 0.847321
0.1306 0.282203
0.964637 0.0861458
0.740453 0.503374
0.244164 0.832857
0.370231 0.958649
0.55431 0.0454389
0.511262 0.410044
0.838819 0.575436
0.507992 0.478194
0.250316 0.758725
0.627714 0.324218
0.204941 0.766701
0.318376 0.884446
0.941851 0.208378
0.943078 0.0665304
0.0556994 0.073678
0.348732 0.0203365
0.159823 0.0891851
0.523711 0.403987
0.922042 0.893942
0.362635 0.476352
0.939381 0.873898
0.886396 0.7782
0.449334 0.394388
0.256394 0.69965
0.153114 0.884109
0.0238681 0.358055
0.65081 0.342244
0.242501 0.592661
0.550622 0.185578
0.65919 0.606322
0.259256 0.00792236
0.626658 0.41908
0.0971075 0.150369
0.823066 0.0191494
0.0443112 0.185701
0.495502 0.983692
0.059599 0.381897
0.761892 0.508933
0.776286 0.0182863
0.208583 0.929399
0.902395 0.232451
0.287454 0.553205
0.574695 0.529954
0.145866 0.125318
0.715533 0.805056
0.731639 0.974789
0.812978 0.358298
0.393869 0.910086
0.508667 0.216935
0.929235 0.552978
0.402637 0.424737
0.53667 0.462236
0.806634 0.298562
0.971168 0.58292
0.316848 0.179751
0.512319 0.219243
0.412202 0.799773
0.772448 0.986897
0.329727 0.918314
0.112215 0.0452603
0.72337 0.843854
0.0200497 0.536348
0.202152 0.413919
0.446433 0.710818
0.630854 0.375669
0.263796 0.0334903
0.800405 0.800466
0.495726 0.60704
0.0990278 0.466894
0.189959 0.415876
0.646645 0.702279
0.635119 0.0588474
0.502051 0.407568
0.0457445 0.831779
0.325882 0.157959
0.877039 0.0492516
0.00181318 0.897089
0.585599 0.203965
0.311007 0.032033
0.914783 0.941861
0.407701 0.178579
0.975352 0.208107
0.979045 0.471077
0.815146 0.0780724
0.937979 0.00510494
0.493949 0.584617
0.707384 0.129068
0.643465 0.209436
0.536636 0.689209
0.0412145 0.862518
0.847168 0.918254
0.911769 0.848982
0.815343 0.497369
0.0529462 0.12635
0.529402 0.967729
0.0682112 0.937103
0.146308 0.0435627
0.14521 0.125352
0.51464 0.960356
0.203425 0.452612
0.965462 0.697373
0.0372292 0.672846
0.826441 0.680694
0.882282 0.363077
0.369903 0.923496
0.225595 0.217071
0.84175 0.137364
0.066053 0.657093
0.634733 0.118999
0.783443 0.164135
0.0867283 0.851654
0.101238 0.233036
0.895217 0.246448
0.358389 0.409857
0.206805 0.561813
0.862469 0.172267
0.259187 0.899698
0.845113 0.0856284
0.580392 0.727395
0.448706 0.950295
0.650891 0.674301
0.167366 0.492641
0.811665 0.233419
0.149734 0.446398
0.352418 0.933177
0.610533 0.439147
0.784831 0.711772
0.672183 0.680047
0.958217 0.0305775
0.0899038 0.165025
0.592564 0.952082
0.337291 0.851572
0.852071 0.182404
0.9372 0.432462
0.909799 0.385906
0.382757 0.560691
0.0602065 0.550123
0.0533321 0.871872
0.783542 0.203066
0.31827 0.135961
0.136243 0.928804
0.575106 0.921075
0.640575 0.24729
0.601121 0.598795
0.277862 0.691024
0.76382 0.870246
0.643397 0.101112
0.721818 0.495468
0.283516 0.659018
0.92793 0.193315
0.0449238 0.310687
0.754006 0.10513
0.86081 0.807338
0.977002 0.644353
0.0104041 0.295272
0.780314 0.146647
0.224076 0.355421
0.0677206 0.864651
0.602711 0.668841
0.463446 0.880573
0.359866 0.227267
0.750819 0.00326284
0.328378 0.472637
0.49873 0.611894
0.131655 0.42666
0.805209 0.176579
0.737347 0.559215
0.281709 0.598157
0.366553 0.258712
0.24251 0.376957
0.553984 0.0228238
0.523604 0.778059
0.378245 0.591325
0.640721 0.979268
0.260166 0.106157
0.861529 0.620032
0.333424 0.612348
0.623294 0.661802
0.0849853 0.122025
0.273696 0.216641
0.548685 0.0789049
0.39322 0.286032
0.63812 0.674929
0.882036 0.0229201
0.933641 0.1267
0.381629 0.487624
0.149524 0.905233
0.265684 0.527769
0.496558 0.908394
0.508725 0.756724
0.0145513 0.370254
0.376755 0.347975
0.982636 0.000180851
0.00977669 0.0675869
0.122074 0.283472
0.284228 0.67076
0.362377 0.677447
0.956809 0.000504397
0.352376 0.840982
0.00516965 0.286017
0.967682 0.386799
0.773641 0.117205
0.292032 0.0393252
0.644974 0.78859
0.947719 0.153699
0.545314 0.962271
0.523952 0.922068
0.310246 0.506554
0.922118 0.320022
0.574141 0.0441928
0.603494 0.858367
0.71491 0.965888
0.535816 0.671744
0.966369 0.888192
0.512726 0.971539
0.174209 0.480407
0.358338 0.947851
0.597613 0.65037
0.987176 0.242587
0.43896 0.934895
0.396286 0.984274
0.897166 0.920238
0.906343 0.207412
0.426792 0.828461
0.527434 0.000933187
0.872654 0.130929
0.859302 0.587606
0.0968012 0.395117
0.25935 0.0631705
0.283309 0.772076
0.0347095 0.457518
0.252483 0.393047
0.405369 0.850096
0.0434177 0.392545
0.0926834 0.482378
0.32744 0.488969
0.466652 0.224606
0.409207 0.372994
0.432018 0.836
0.201455 0.959452
0.836933 0.074109
0.0903806 0.696234
0.661715 0.187182
0.0913518 0.921065
0.250352 0.374661
0.693141 0.285062
0.83218 0.945624
0.678109 0.237549
0.795721 0.721527
0.630098 0.8884
0.203905 0.957533
0.377373 0.670557
0.182139 0.786581
0.0435509 0.614157
0.62258 0.245006
0.573608 0.459513
0.319115 0.663989
0.155748 0.98083
0.851171 0.247099
0.901895 0.101523
0.62176 0.595036
0.386585 0.45394
0.54066 0.064694
0.691489 0.336381
0.786221 0.321582
0.224785 0.990126
0.279115 0.602158
0.660682 0.461254
0.388739 0.704233
0.0754104 0.0113188
0.94924 0.649019
0.470832 0.268355
0.313007 0.626579
0.249185 0.164178
0.873679 0.15108
0.265701 0.495439
0.746116 0.652286
0.949379 0.286776
0.71698 0.640868
0.623157 0.503201
0.962449 0.847942
0.493327 0.241564
0.4501 0.154009
0.702818 0.838839
0.858242 0.778228
0.850158 0.807482
0.427247 0.320989
0.0758368 0.740255
0.947569 0.325022
0.904433 0.821247
0.476101 0.170134
0.316686 0.222217
0.822419 0.266065
0.508994 0.539399
0.906933 0.132151
0.0425997 0.869382
0.980093 0.535926
0.110946 0.430193
0.689935 0.813764
0.269032 0.548178
0.591993 0.119189
0.35566 0.0192399
0.440179 0.431497
0.759494 0.387747
0.756518 0.663927
0.208995 0.23262
0.834061 0.525681
0.454837 0.65648
0.791746 0.963831
0.195879 0.698679
0.0959815 0.238479
0.568061 0.0760743
0.774405 0.679008
0.506267 0.464341
0.492772 0.775299
0.0125184 0.0847648
0.894488 0.368178
0.104005 0.334667
0.799675 0.863499
0.722414 0.556193
0.527426 0.931408
0.788813 0.361487
0.457089 0.24365
0.017967 0.248836
0.207481 0.213846
0.947515 0.303462
0.452325 0.515576
0.379537 0.22673
0.194584 0.885804
0.691071 0.687356
0.661103 0.703589
0.77212 0.555591
0.0717674 0.876125
0.890258 0.871442
0.739624 0.612672
0.427636 0.267051
0.54408 0.216449
0.628538 0.00116959
0.460099 0.646505
0.250005 0.66758
0.860351 0.19752
0.971042 0.312676
0.713096 0.350578
0.539406 0.907679
0.236382 0.230476
0.595011 0.897464
0.934065 0.367155
0.453076 0.00583285
0.243281 0.343334
0.877275 0.982905
0.956005 0.304911
0.249956 0.500086
0.52136 0.878493
0.501255 0.981459
0.524998 0.75126
0.649039 0.385349
0.94878 0.62008
0.698025 0.661876
0.970659 0.23743
0.569556 0.207041
0.467907 0.164591
0.104526 0.401972
0.531746 0.557602
0.407805 0.775027
0.900936 0.28508
0.757932 0.856942
0.589992 0.00788755
0.357027 0.111352
0.886381 0.858282
0.0928104 0.411379
0.609543 0.741849
0.796728 0.558323
0.361929 0.494752
0.220199 0.332588
0.732183 0.789755
0.53963 0.20009
0.954346 0.644156
0.602062 0.486092
0.201758 0.00986698
0.261119 0.102694
0.294947 0.0190508
0.959636 0.884939
0.0269383 0.316663
0.99629 0.913319
0.174945 0.0891009
0.324698 0.784488
0.83095 0.121426
0.342811 0.192879
0.616178 0.563011
0.525468 0.348361
0.352766 0.0650973
0.548451 0.307112
0.709253 0.150513
0.793204 0.911011
0.160379 0.0543227
0.0137053 0.455327
0.0733734 0.973341
0.340266 0.100312
0.290004 0.336556
0.013631 0.464949
0.425657 0.338329
0.249437 0.256607
0.459755 0.592248
0.449487 0.0759336
0.155259 0.974954
0.424295 0.508025
0.0400516 0.972745
0.815136 0.749305
0.123258 0.60834
0.660316 0.283637
0.662663 0.674021
0.738964 0.736036
0.647362 0.0792302
0.836348 0.937366
0.415787 0.849979
0.402315 0.841444
0.188308 0.651752
0.0980511 0.648063
0.244 0.547538
0.723997 0.399259
0.522492 0.148291
0.907283 0.562544
0.121037 0.72242
0.311848 0.244295
0.33076 0.972164
0.527932 0.993422
0.646185 0.266896
0.729458 0.293547
0.346126 0.565806
0.230913 0.761913
0.415785 0.633228
0.603357 0.604093
0.28498 0.701408
0.252156 0.528981
0.248946 0.976152
0.92824 0.771437
0.124444 0.835523
0.333981 0.24548
0.557943 0.645829
0.489775 0.888702
0.617993 0.017707
0.882124 0.264178
0.284603 0.611583
0.557726 0.63073
0.177388 0.788639
0.392643 0.593173
0.421868 0.995999
0.197266 0.706848
0.697407 0.449421
0.235829 0.946353
0.425574 0.164068
0.71779 0.550017
0.99959 0.0517706
0.795498 0.557534
0.6976 0.285273
0.446236 0.315593
0.30298 0.328361
0.579772 0.587583
0.939943 0.137498
0.218313 0.117332
0.926137 0.610955
0.710505 0.348004
0.6069 0.907668
0.0548525 0.304362
0.357191 0.290681
0.250715 0.782765
0.454749 0.968505
0.332782 0.454341
0.020276 0.12828
0.0118745 0.717876
0.413553 0.458111
0.0334696 0.716533
0.786471 0.613241
0.304116 0.726415
0.750739 0.522429
0.843746 0.676876
0.133384 0.554251
0.0248802 0.740338
0.462021 0.0797327
0.0447001 0.819212
0.370414 0.295415
0.601977 0.825163
0.26392 0.934759
0.279504 0.284195
0.0630395 0.291378
0.00207172 0.476593
0.749489 0.0355413
0.193126 0.53596
0.648783 0.497241
0.262375 0.399522
0.01967 0.106121
0.0763974 0.153054
0.660372 0.101278
0.893392 0.122392
0.18101 0.938092
0.941604 0.551424
0.233507 0.543581
0.376587 0.497426
0.47834 0.656091
0.781622 0.54138
0.947469 0.783693
0.0179725 0.696958
0.819235 0.211098
0.232918 0.468017
0.70834 0.495293
0.867539 0.72801
0.601589 0.943671
0.881063 0.261786
0.0452139 0.774455
0.384178 0.226224
0.712547 0.325782
0.777648 0.946054
0.869363 0.154235
0.44348 0.347704
0.810326 0.225101
0.889084 0.757795
0.00879471 0.907056
0.454753 0.828029
0.118154 0.687672
0.296047 0.826494
0.182965 0.163586
0.554503 0.784379
0.107522 0.435566
0.046165 0.152736
0.210021 0.430343
0.37896 0.922568
0.756125 0.156608
0.868622 0.625488
0.310843 0.312102
0.973192 0.12117
0.537203 0.862275
0.878965 0.545998
0.769332 0.333718
0.374027 0.887486
0.0213895 0.670074
0.713979 0.204354
0.83366 0.268483
0.988734 0.941182
0.704049 0.0348986
0.0939178 0.91407
0.465242 0.472878
0.836639 0.221367
0.629486 0.705261
0.846855 0.940329
0.0173625 0.820047
0.0614989 0.554566
0.682324 0.940464
0.100563 0.451654
0.274181 0.47459
0.33914 0.295571
0.144664 0.0531191
0.499925 0.978324
0.321602 0.488659
0.919506 0.0256443
0.523558 0.0134236
0.939721 0.988799
0.486301 0.77636
0.210166 0.115787
0.481621 0.0570208
0.0561168 0.498984
0.877068 0.117616
0.0535491 0.55939
0.0580793 0.154112
0.011044 0.332261
0.628703 0.350184
0.627832 0.773367
0.403303 0.127757
0.751691 0.724905
0.616416 0.671197
0.750555 0.139974
0.684621 0.690277
0.128773 0.170922
0.466637 0.338939
0.28671 0.948258
0.39596 0.342826
0.447241 0.273027
0.460442 0.50079
0.832417 0.518522
0.654903 0.843462
0.850782 0.283606
0.193645 0.478614
0.0569729 0.596948
0.606371 0.808664
0.321853 0.222787
0.479861 0.072408
0.362761 0.164482
0.762685 0.491534
0.335404 0.229321
0.830473 0.622114
0.177579 0.226432
0.964941 0.62482
0.49946 0.425383
0.125611 0.331877
0.943904 0.780513
0.175339 0.794687
0.0641191 0.368984
0.273301 0.121092
0.965932 0.879672
0.929756 0.287784
0.102459 0.409618
0.360192 0.46522
0.5741 0.122877
0.956754 0.909504
0.352198 0.787226
0.531618 0.529777
0.0136584 0.496559
0.154598 0.513118
0.921942 0.280209
0.844995 0.865846
0.0607219 0.0203335
0.660533 0.124841
0.389317 0.933833
0.245933 0.355249
0.813505 0.175689
0.643031 0.915962
0.585307 0.00322588
0.381184 0.159407
0.126103 0.337937
0.0689113 0.478301
0.125163 0.60053
0.00807869 0.138822
0.0970887 0.162677
0.65194 0.0190305
0.442885 0.496935
0.884876 0.503607
0.517268 0.545409
0.628437 0.90658
0.479242 0.874381
0.261834 0.292747
0.0500702 0.904868
0.208711 0.635377
0.908094 0.589894
0.794784 0.0341967
0.927832 0.863696
0.512498 0.0529949
0.464225 0.520577
0.191817 0.561314
0.683253 0.843756
0.580344 0.126138
0.340691 0.465221
0.629746 0.857955
0.01063 0.258193
0.764544 0.489872
0.132574 0.0263789
0.782619 0.182644
0.931247 0.99133
0.818021 0.839341
0.581225 0.612806
0.873537 0.509056
0.476501 0.386035
0.562053 0.940727
0.906612 0.753868
0.50204 0.589865
0.597624 0.0823848
0.716003 0.938315
0.547606 0.345748
0.796274 0.558236
0.603941 0.560819
0.048108 0.736515
0.587198 0.830727
0.91916 0.518444
0.822058 0.737181
0.357785 0.403282
0.349987 0.231323
0.912339 0.826488
0.617358 0.47439
0.767214 0.52397
0.228258 0.269255
0.113835 0.825882
0.35164 0.829838
0.764197 0.899245
0.175586 0.560472
0.457481 0.779528
0.12129 0.505589
0.516043 0.708488
0.336317 0.435203
0.226932 0.158374
0.172384 0.584718
0.561657 0.522371
0.81604 0.473995
0.348859 0.433398
0.948385 0.116074
0.957368 0.176643
0.385328 0.0712025
0.00252528 0.736968
0.901041 0.766723
0.636214 0.0766269
0.327194 0.0936947
0.856155 0.448485
0.599284 0.372198
0.156973 0.9356
0.807401 0.383905
0.0939747 0.979785
0.968623 0.655631
0.502156 0.784663
0.129627 0.851015
0.218061 0.0780118
0.967089 0.175428
0.254655 0.352417
0.246631 0.25718
0.0893852 0.147671
0.0239029 0.725599
0.224298 0.351097
0.819293 0.0804529
0.799582 0.418577
0.452651 0.956555
0.354178 0.260052
0.34046 0.448153
0.239837 0.309082
0.103784 0.741993
0.0937448 0.23341
0.593008 0.311805
0.311422 0.560097
0.487234 0.566077
0.912514 0.733865
0.823257 0.00189884
0.881536 0.84716
0.727498 0.105834
0.198258 0.546791
0.186287 0.997839
0.965368 0.638938
0.954394 0.319546
0.89899 0.294854
0.767699 0.138826
0.603937 0.87148
0.880819 0.69768
0.104893 0.473827
0.00948576 0.416315
0.0339238 0.496719
0.982392 0.946437
0.230584 0.80565
0.948336 0.11212
0.65281 0.675834
0.217954 0.851068
0.222625 0.404241
0.848907 0.187993
0.0431791 0.803301
0.507539 0.942169
0.0981549 0.275238
0.0809952 0.702091
0.14672 0.961814
0.399771 0.251613
0.435642 0.409257
0.667928 0.469565
0.905976 0.650321
0.416003 0.13656
0.455971 0.364339
0.24868 0.108781
0.0401731 0.466634
0.959849 0.262798
0.870875 0.808757
0.450791 0.914054
0.612242 0.958054
0.856223 0.710213
0.233568 0.937218
0.412303 0.380288
0.899033 0.812074
0.631901 0.334674
0.221331 0.29983
0.80424 0.127307
0.950151 0.220243
0.263867 0.406121
0.584582 0.512547
0.514903 0.624755
0.979181 0.474752
0.887553 0.850057
0.283508 0.338344
0.764111 0.895566
0.296674 0.620334
0.605779 0.530242
0.557552 0.0180825
0.91053 0.456585
0.830157 0.542432
0.79126 0.051488
0.842262 0.595499
0.178795 0.792412
0.815742 0.442663
0.198534 0.400324
0.95521 0.713436
0.0250791 0.934391
0.188188 0.912632
0.784448 0.471696
0.250976 0.548559
0.367262 0.54765
0.168893 0.973042
0.0778923 0.726445
0.991124 0.988423
0.18303 0.821281
0.530854 0.97429
0.872769 0.373116
0.569789 0.0515643
0.165528 0.385531
0.494227 0.364062
0.785855 0.449437
0.0774981 0.810934
0.383828 0.265686
0.723566 0.168276
0.737382 0.974542
0.716834 0.104645
0.522192 0.885727
0.0776864 0.600085
0.612172 0.0688105
0.588507 0.795202
0.890092 0.119362
0.769491 0.762861
0.492478 0.33928
0.814425 0.658006
0.724811 0.308652
0.022068 0.510666
0.758088 0.099566
0.3216 0.141916
0.365252 0.0451664
0.310192 0.102634
0.0197087 0.0270261
0.207279 0.541901
0.912753 0.284966
0.141986 0.524924
0.353776 0.730493
0.320126 0.243868
0.849855 0.089617
0.00672814 0.342333
0.428897 0.821153
0.000339478 0.153708
0.129805 0.0224074
0.664374 0.887893
0.121973 0.985974
0.0298095 0.487226
0.0311407 0.340002
0.58986 0.0508494
0.367028 0.797139
0.592751 0.27978
0.0821047 0.734736
0.804705 0.435881
0.46523 0.124831
0.679748 0.315085
0.214448 0.686476
0.657419 0.643345
0.507629 0.657758
0.797053 0.637434
0.680166 0.461427
0.525327 0.802139
0.447401 0.555137
0.289365 0.478542
0.895138 0.879224
0.529391 0.262166
0.676364 0.122142
0.541946 0.758468
0.856878 0.346651
0.194349 0.322108
0.471482 0.874097
0.637194 0.68593
0.560574 0.294612
0.329275 0.068203
0.95237 0.126327
0.705637 0.632536
0.587754 0.230964
0.434675 0.0351555
0.786101 0.724039
0.513697 0.681239
0.603264 0.0430888
0.943405 0.279627
0.165231 0.485352
0.0380957 0.022109
0.832003 0.232445
0.344217 0.303485
0.106542 0.981411
0.989415 0.667115
0.276023 0.31869
0.735318 0.228393
0.445017 0.440955
0.860929 0.0327715
0.67192 0.295604
0.067927 0.458021
0.0196432 0.581624
0.13926 0.622907
0.624713 0.0826658
0.902535 0.789944
0.568024 0.940636
0.812053 0.400021
0.173075 0.15627
0.703506 0.279617
0.137681 0.692921
0.946732 0.413704
0.0116108 0.682051
0.642097 0.456628
0.123006 0.503026
0.489399 0.794926
0.79863 0.557326
0.252947 0.818273
0.138951 0.392207
0.44118 0.763664
0.474873 0.343715
0.553608 0.0428905
0.284345 0.365661
0.442911 0.45742
0.521931 0.146417
0.737037 0.659612
0.839338 0.683769
0.0733163 0.850949
0.365819 0.715414
0.307577 0.488825
0.21844 0.796977
0.283751 0.0170698
0.354303 0.536698
0.835343 0.493254
0.928905 0.276523
0.256918 0.403778
0.620238 0.810526
0.446669 0.904583
0.176187 0.88958
0.362003 0.698119
0.0359973 0.0990398
0.357731 0.875336
0.782809 0.431048
0.726285 0.148628
0.146461 0.0338621
0.637453 0.364901
0.830839 0.921205
0.381971 0.185142
0.457903 0.217314
0.678396 0.386808
0.493837 0.935314
0.790586 0.114075
0.74584 0.237255
0.0186585 0.922027
0.126834 0.380662
0.620146 0.162832
0.479702 0.977877
0.0381674 0.26251
0.408925 0.764452
0.411138 0.555386
0.798314 0.0485916
0.920287 0.629153
0.969796 0.302257
0.814295 0.427699
0.519571 0.49269
0.814507 0.0134081
0.428004 0.605093
0.127483 0.173844
0.842347 0.146142
0.0958712 0.969182
0.526804 0.716017
0.132013 0.00650504
0.693895 0.170181
0.269015 0.10282
0.934633 0.680153
0.658206 0.732947
0.728745 0.578493
0.3621 0.698541
0.88075 0.176395
0.12624 0.400321
0.669089 0.940749
0.413729 0.0970886
0.54584 0.541212
0.270932 0.388187
0.687354 0.366804
0.357368 0.214158
0.0828211 0.489382
0.220663 0.776716
0.659562 0.489678
0.879536 0.594195
0.169831 0.537742
0.327142 0.898576
0.116234 0.689243
0.660944 1
0.865637 0.723358
0.397305 0.534722
0.664105 0.811035
0.631811 0.209945
0.352247 0.902743
0.598131 0.0396014
0.269547 0.9555
0.253759 0.352368
0.444881 0.474422
0.129084 0.104444
0.9641 0.00863725
0.698639 0.133932
0.546361 0.0257816
0.0325081 0.662595
0.715024 0.629626
0.65958 0.580661
0.352984 0.0568853
0.115384 0.0170885
0.86792 0.747194
0.227033 0.220167
0.649937 0.825164
0.259769 0.919484
0.780664 0.513528
0.271852 0.225546
0.98795 0.400936
0.32999 0.95205
0.409555 0.0286287
0.0859818 0.955917
0.0544102 0.11849
0.618512 0.769434
0.748116 0.278092
0.350096 0.101099
0.334977 0.465479
0.118188 0.202897
0.212674 0.345221
0.423064 0.862611
0.170385 0.682833
0.782095 0.95105
0.196361 0.0539475
0.176595 0.184311
0.454883 0.506585
0.136361 0.864439
0.535213 0.222343
0.820355 0.589624
0.340833 0.438867
0.359058 0.0889483
0.716959 0.709154
0.190048 0.0519362
0.174633 0.308236
0.254833 0.387307
0.653457 0.677898
0.249918 0.823842
0.360731 0.0320135
0.774892 0.557091
0.0859611 0.951487
0.741402 0.540844
0.458072 0.877763
0.405283 0.993285
0.100106 0.225639
0.582909 0.440938
0.664511 0.941969
0.529887 0.381465
0.65112 0.719934
0.433401 0.825754
0.02817 0.688235
0.213061 0.681627
0.366132 0.462979
0.505469 0.726863
0.494992 0.28036
0.283954 0.580953
0.231847 0.0253562
0.121798 0.689919
0.903119 0.527081
0.683203 0.00322485
0.75272 0.266112
0.444163 0.417226
0.208079 0.97405
0.798691 0.859199
0.693984 0.232092
0.684953 0.722154
0.920326 0.898013
0.403781 0.286459
0.360992 0.90925
0.0133217 0.855984
0.18961 0.297276
0.436938 0.421457
0.322632 0.558735
0.111375 0.225751
0.0858164 0.794579
0.228976 0.838536
0.0606908 0.673139
0.255762 0.268769
0.647189 0.0544522
0.127968 0.341173
0.286544 0.812921
0.0633277 0.206871
0.710934 0.467109
0.493329 0.0719264
0.376358 0.506651
0.927911 0.565968
0.803927 0.364848
0.987425 0.126559
0.923583 0.0988003
0.35231 0.00939993
0.893379 0.581286
0.847936 0.95407
0.254426 0.103698
0.222839 0.901615
0.15815 0.350808
0.242788 0.444694
0.163729 0.306116
0.651565 0.874663
0.773224 0.144894
0.94659 0.149583
0.651545 0.8745
0.715551 0.455472
0.239348 0.702976
0.582031 0.162932
0.801776 0.934341
0.172332 0.695155
0.515627 0.0202679
0.649225 0.770053
0.123966 0.872064
0.671668 0.282115
0.222872 0.914456
0.726809 0.386601
0.220572 0.378374
0.261264 0.993796
0.523268 0.207853
0.143379 0.174813
0.0823536 0.858929
0.630284 0.321702
0.561905 0.212315
0.484634 0.363681
0.146656 0.656966
0.058836 0.662283
0.677234 0.708061
0.432336 0.801199
0.580125 0.104004
0.0833148 0.802997
0.0184598 0.810124
0.189597 0.239031
0.188498 0.450861
0.232828 0.711766
0.658714 0.376206
0.886578 0.741068
0.235136 0.516862
0.0627701 0.797041
0.729177 0.547404
0.160722 0.875833
0.20437 0.219558
0.538117 0.881604
0.927619 0.970453
0.682803 0.507743
0.0744567 0.766118
0.31074 0.0929165
0.576242 0.500338
0.331948 0.76474
0.951199 0.564775
0.476505 0.609913
0.940982 0.363083
0.350981 0.176117
0.879946 0.413751
0.973158 0.609123
0.961156 0.13388
0.484956 0.165525
0.353438 0.0230729
0.0471292 0.281056
0.993526 0.729932
0.7888 0.0679825
0.49605 0.09954
0.160899 0.0722922
0.599878 0.492847
0.837032 0.551076
0.0576224 0.313537
0.16099 0.998604
0.676621 0.511971
0.174722 0.556567
0.925722 0.14788
0.16569 0.886878
0.28176 0.650646
0.0524035 0.635197
0.673719 0.0995327
0.916254 0.667245
0.829465 0.705053
0.735227 0.325515
0.804593 0.896126
0.397808 0.404471
0.388973 0.23484
0.955547 0.446595
0.548377 0.116537
0.445199 0.224998
0.628508 0.619921
0.781564 0.554231
0.767801 0.947254
0.441109 0.0495605
0.5979 0.493512
0.684758 0.271619
0.593045 0.601012
0.938863 0.42251
0.306065 0.67409
0.748025 0.110658
0.570216 0.145833
0.515129 0.959189
0.380672 0.470677
0.405785 0.929049
0.587214 0.850984
0.154047 0.215722
0.470905 0.935612
0.769953 0.238706
0.882866 0.211061
0.288266 0.480766
0.704507 0.973047
0.752384 0.297618
0.574036 0.691248
0.720128 0.880101
0.365338 0.468153
0.990759 0.935555
0.613986 0.505889
0.894744 0.994659
0.976566 0.300529
0.923708 0.56378
0.151513 0.0777551
0.779502 0.622418
0.0133667 0.549454
0.861124 0.896232
0.760516 0.14939
0.376998 0.465089
0.122414 0.129382
0.762708 0.69645
0.82063 0.482836
0.576552 0.185968
0.950989 0.567311
0.121523 0.564976
0.0731999 0.0162669
0.559634 0.0497655
0.316796 0.483342
0.613545 0.468308
0.561097 0.393047
0.0907262 0.574464
0.942501 0.95185
0.470696 0.703017
0.10124 0.847694
0.168106 0.223654
0.977076 0.930814
0.920105 0.797707
0.41365 0.496656
0.983675 0.364639
0.0639675 0.105198
0.929615 0.137167
0.121465 0.489249
0.186933 0.43826
0.972592 0.800478
0.906569 0.533689
0.193525 0.997295
0.108153 0.136026
0.949145 0.578849
0.839042 0.0503847
0.426544 0.00714857
0.274039 0.40362
0.937962 0.194144
0.201327 0.351612
0.6908 0.185001
0.716252 0.754768
0.290199 0.645867
0.891935 0.411664
0.135116 0.078868
0.849924 0.107707
0.879346 0.756492
0.641396 0.0728705
0.753787 0.749549
0.208896 0.702932
0.328399 0.0479385
0.753317 0.754942
0.0550871 0.0273557
0.158562 0.993049
0.2215 0.359889
0.344662 0.9123
0.54489 0.0609133
0.667068 0.835089
0.70678 0.559003
0.246753 0.841896
0.637871 0.0966764
0.949603 0.517217
0.853169 0.591
0.590087 0.606956
0.340549 0.798983
0.309888 0.668947
0.846922 0.0632047
0.42389 0.902009
0.0905603 0.582452
0.895058 0.31206
0.94234 0.23972
0.22436 0.48723
0.300633 0.891427
0.322319 0.007413
0.45043 0.569072
0.849309 0.0883007
0.665748 0.798912
0.605517 0.518917
0.389912 0.195604
0.125873 0.73046
0.994588 0.435761
0.399408 0.841509
0.498965 0.823297
0.743518 0.589526
0.405749 0.638576
0.901586 0.348089
0.878296 0.125945
0.835319 0.178929
0.0173727 0.157638
0.186342 0.467803
0.72671 0.0356508
0.556103 0.392458
0.834563 0.161621
0.911374 0.224474
0.357225 0.0372473
0.954935 0.351813
0.473008 0.354343
0.193322 0.971974
0.17764 0.93684
0.561499 0.583389
0.575416 0.463085
0.931478 0.453712
0.58903 0.766797
0.632641 0.606403
0.924436 0.818983
0.0742057 0.651145
0.854634 0.630309
0.0436032 0.689196
0.79193 0.954978
0.913671 0.149155
0.992225 0.868605
0.500968 0.465233
0.222948 0.694289
0.437206 0.400588
0.626837 0.995282
0.983977 0.206545
0.461791 0.915455
0.660256 0.050821
0.682252 0.292897
0.657224 0.606687
0.11188 0.73143
0.257833 0.966513
0.361739 0.301436
0.65571 0.153669
0.256414 0.56938
0.302824 0.248638
0.437985 0.803791
0.713871 0.660933
0.498081 0.151078
0.0615209 0.12921
0.149784 0.0454975
0.335755 0.611574
0.960952 0.996011
0.662395 0.643204
0.288908 0.319619
0.249891 0.400788
0.051049 0.507724
0.367301 0.412788
0.80916 0.0230111
0.566456 0.0655733
0.592393 0.869277
0.314212 0.0303767
0.673071 0.0280831
0.69131 0.171152
0.179161 0.752831
0.300361 0.328945
0.798328 0.636116
0.940519 0.75928
0.632127 0.602914
0.402484 0.921035
0.922534 0.652376
0.321823 0.973583
0.1601 0.689125
0.38637 0.969259
0.712136 0.952826
0.0348327 0.304527
0.822106 0.349044
0.334904 0.495177
0.377128 0.0262138
0.666329 0.556289
0.779045 0.96669
0.885233 0.577373
0.602806 0.825752
0.336654 0.234933
0.428666 0.739138
0.155969 0.3512
0.391514 0.477792
0.324783 0.551613
0.166917 0.711153
0.520872 0.879053
0.66398 0.555705
0.18358 0.486086
0.90475 0.518484
0.981263 0.281877
0.544698 0.647592
0.838166 0.323742
0.614283 0.723399
0.901116 0.217089
0.549151 0.237769
0.452022 0.977818
0.976907 0.607991
0.329018 0.368421
0.0857831 0.653801
0.920034 0.2527
0.364954 0.440906
0.131753 0.0289332
0.996612 0.315333
0.515019 0.901361
0.833817 0.496283
0.183238 0.378514
0.143875 0.0214043
0.702257 0.758157
0.744803 0.603372
0.975246 0.293954
0.841141 0.427268
0.271772 0.818049
0.0352594 0.60079
0.186469 0.121042
0.25459 0.106503
0.373742 0.619544
0.54741 0.505495
0.648477 0.544022
0.820828 0.163496
0.445383 0.654644
0.659779 0.628621
0.0331586 0.803654
0.650026 0.735415
0.561811 0.394829
0.338787 0.537057
0.688783 0.179929
0.964326 0.960555
0.997977 0.999585
0.561345 0.184447
0.120627 0.815936
0.29095 0.49437
0.43548 0.83836
0.999865 0.0839576
0.382382 0.820693
0.247454 0.827765
0.475337 0.907233
0.456386 0.508496
0.710886 0.106412
0.243911 0.272697
0.50124 0.582698
0.809755 0.190024
0.762627 0.77408
0.150579 0.760604
0.773665 0.711925
0.945051 0.894293
0.527861 0.236001
0.388663 0.963341
0.0743614 0.388528
0.0472978 0.456743
0.20922 0.294752
0.284508 0.684558
0.201984 0.740894
0.193054 0.912871
0.847305 0.436965
0.185568 0.348546
0.019663 0.995323
0.53857 0.78229
0.769403 0.689149
0.542894 0.543068
0.401073 0.487945
0.437361 0.928934
0.723947 0.826023
0.892275 0.798308
0.214551 0.939572
0.255051 0.423771
0.234324 0.539559
0.108329 0.436308
0.280453 0.301383
0.349179 0.127758
0.738347 0.534747
0.476304 0.75801
0.530069 0.0148736
0.5403 0.299472
0.704022 0.0831947
0.84254 0.105096
0.57114 0.279901
0.0340298 0.295087
0.105924 0.926304
0.0933952 0.320475
0.865877 0.348447
0.744247 0.100201
0.888006 0.852576
0.536509 0.168459
0.153959 0.885688
0.296217 0.892306
0.420434 0.772521
0.650319 0.950504
0.787395 0.190617
0.249975 0.491417
0.273812 0.0925152
0.596513 0.844952
0.372416 0.630543
0.140039 0.47834
0.556847 0.233434
0.798816 0.422724
0.581881 0.543063
0.522925 0.469886
0.395639 0.0594338
0.638345 0.549598
0.945121 0.934562
0.441904 0.365555
0.707084 0.0922204
0.316059 0.494478
0.282837 0.566034
0.985896 0.556649
0.658549 0.582409
0.401601 0.0309651
0.212952 0.54164
0.509305 0.769799
0.775074 0.308121
0.192523 0.356954
0.851184 0.715448
0.826841 0.246822
0.774882 0.465186
0.79642 0.720003
0.399748 0.238324
0.0855584 0.106832
0.330544 0.401617
0.60131 0.613382
0.967651 0.587206
0.17003 0.6262
0.169614 0.571631
0.657165 0.382566
0.113271 0.166471
0.152365 0.888344
0.474592 0.344887
0.245299 0.325776
0.0603351 0.0721391
0.572598 0.835217
0.537325 0.369018
0.55522 0.937074
0.607342 0.640778
0.0439046 0.937886
0.042395 0.645215
0.551268 0.010046
0.23242 0.721298
0.636246 0.402034
0.292929 0.293411
0.7846 0.4062
0.459882 0.936965
0.294544 0.934473
0.281852 0.539843
0.260249 0.342187
0.611982 0.832847
0.177404 0.149307
0.201865 0.732623
0.08638 0.809207
0.373401 0.130285
0.747093 0.415796
0.775499 0.29836
0.425842 0.00791933
0.0196581 0.0620881
0.409954 0.312587
0.355499 0.194554
0.718787 0.815381
0.131519 0.0133319
0.749854 0.413371
0.553175 0.0101028
0.755558 0.165157
0.84295 0.932962
0.314464 0.0448143
0.665585 0.400844
0.854021 0.0389867
0.531129 0.601114
0.454783 0.306628
0.899474 0.880625
0.314547 0.919132
0.942713 0.724501
0.231719 0.298212
0.919055 0.950507
0.113593 0.0505739
0.963838 0.863447
0.463945 0.517013
0.87355 0.219503
0.68217 0.716499
0.152465 0.996634
0.761314 0.818051
0.397479 0.615335
0.857038 0.928607
0.216448 0.311821
0.235235 0.115922
0.192446 0.549782
0.0350536 0.135159
0.274283 0.266773
0.433371 0.193338
0.217279 0.546964
0.243912 0.181118
0.410412 0.707857
0.698131 0.283961
0.927361 0.380301
0.000460908 0.0798261
0.376936 0.761775
0.897877 0.774414
0.377109 0.754915
0.703022 0.593558
0.0667352 0.938257
0.709479 0.259181
0.488039 0.744533
0.39434 0.762322
0.0113059 0.827711
0.955661 0.228585
0.374675 0.199573
0.409703 0.785087
0.90743 0.107834
0.0690484 0.834791
0.488136 0.0695093
0.914617 0.865071
0.831284 0.812494
0.639486 0.208393
0.567409 0.342507
0.801951 0.634144
0.280764 0.51143
0.893325 0.768803
0.255963 0.287664
0.531126 0.267269
0.115375 0.486787
0.495854 0.490051
0.686359 0.905558
0.275138 0.59379
0.0133915 0.344186
0.428581 0.501527
0.413695 0.343198
0.366598 0.244979
0.155692 0.00608414
0.453373 0.723101
0.348592 0.255323
0.357245 0.629356
0.766754 0.250569
0.398159 0.0227172
0.538234 0.929285
0.289986 0.653609
0.416071 0.785841
0.14366 0.102431
0.691398 0.418797
0.696221 0.70479
0.762983 0.124802
0.206317 0.176678
0.468 0.572915
0.421658 0.623692
0.578996 0.875025
0.346793 0.927591
0.130354 0.704038
0.556947 0.897107
0.954607 0.955106
0.919825 0.492841
0.884391 0.209811
0.14645 0.300462
0.995652 0.290109
0.402893 0.68705
0.708907 0.0991139
0.39184 0.47189
0.223916 0.598157
0.648568 0.691916
0.171072 0.070226
0.315609 0.750071
0.945256 0.662402
0.677662 0.07561
0.36644 0.234609
0.972718 0.321047
0.189715 0.892542
0.813888 0.0741052
0.102353 0.960338
0.374567 0.0980053
0.250448 0.77746
0.785056 0.959354
0.876574 0.176896
0.431244 0.10049
0.775053 0.0798127
0.792406 0.946125
0.150039 0.108015
0.696196 0.0952949
0.770417 0.373858
0.170905 0.136857
0.608467 0.143622
0.457904 0.798182
0.0361647 0.271793
0.872287 0.138518
0.232131 0.246854
0.236523 0.482579
0.0243139 0.021579
0.441933 0.900888
0.198475 0.873178
0.00137759 0.973527
0.95299 0.793784
0.919652 0.103029
0.901798 0.615848
0.198324 0.672215
0.989706 0.369229
0.809072 0.598173
0.512851 0.266977
0.396354 0.549016
0.538769 0.268641
0.687534 0.7709
0.515495 0.924057
0.253479 0.539809
0.945636 0.695412
0.440697 0.144111
0.56859 0.442074
0.117638 0.52158
0.235858 0.0372898
0.624609 0.137656
0.653137 0.822933
0.809872 0.642843
0.192162 0.618944
0.241016 0.705014
0.885921 0.63737
0.25403 0.42469
0.906011 0.941564
0.19559 0.421506
0.865621 0.449069
0.961315 0.811257
0.144481 0.402012
0.955368 0.713071
0.844086 0.0730066
0.234652 0.079944
0.110296 0.859261
0.2176 0.763434
0.682195 0.0274722
0.406277 0.874357
0.646416 0.647292
0.57937 0.532337
0.284662 0.8334
0.957026 0.190673
0.774964 0.152616
0.612179 0.640585
0.601685 0.573494
0.451842 0.746167
0.975506 0.407211
0.459238 0.819592
0.480217 0.69389
0.899536 0.590513
0.553151 0.117136
0.353947 0.235346
0.144608 0.760224
0.109702 0.791025
0.407516 0.689073
0.323361 0.692178
0.522473 0.280388
0.882851 0.297436
0.433004 0.495029
0.938019 0.0346898
0.0685235 0.389863
0.780856 0.0440292
0.797074 0.240095
0.863621 0.277291
0.933985 0.763157
0.867804 0.487136
0.880293 0.221752
0.722482 0.0249012
0.981975 0.832184
0.815926 0.389491
0.521257 0.139287
0.0816684 0.0437298
0.419675 0.964519
0.341166 0.852679
0.459548 0.279187
0.887368 0.528072
0.66905 0.668225
0.572101 0.466124
0.90832 0.435722
0.743415 0.842304
0.198879 0.61122
0.32944 0.0791714
0.832971 0.051922
0.104073 0.814946
0.884106 0.919998
0.204437 0.405363
0.0592853 0.286106
0.449093 0.47896
0.250624 0.790259
0.331639 0.710173
0.0694466 0.219007
0.238245 0.738497
0.887232 0.810346
0.204621 0.795552
0.246068 0.948037
0.637856 0.444946
0.559256 0.967298
0.524118 0.392228
0.0192181 0.62819
0.207174 0.903324
0.548189 0.411611
0.308688 0.607474
0.697716 0.757781
0.0864342 0.948341
0.54804 0.418073
0.658514 0.617487
0.637079 0.896758
0.355984 0.524312
0.707104 0.560605
0.319864 0.953172
0.508642 0.95772
0.398118 0.0678983
0.925016 0.922236
0.460126 0.944234
0.550427 0.6673
0.847558 0.0986155
0.0789106 0.156246
0.70609 0.776627
0.914027 0.792524
0.724968 0.462067
0.210597 0.383482
0.0795535 0.847677
0.28024 0.435537
0.371989 0.987344
0.996143 0.691853
0.940516 0.504785
0.649573 0.338635
0.572683 0.574588
0.260871 0.0328086
0.518822 0.811298
0.700108 0.366381
0.909913 0.779019
0.522626 0.616003
0.555646 0.436653
0.408526 0.280614
0.89872 0.619123
0.663677 0.978404
0.4668 0.944335
0.413811 0.838789
0.93168 0.409953
0.530642 0.872196
0.914738 0.180215
0.210831 0.487421
0.754803 0.471702
0.520229 0.273625
0.282999 0.220338
0.640006 0.192912
0.999357 0.162633
0.808915 0.555002
0.599286 0.217442
0.835616 0.498006
0.836565 0.499712
0.476279 0.303365
0.444047 0.89009
0.142154 0.375727
0.300043 0.672796
0.247923 0.214781
0.853011 0.458754
0.702202 0.607814
0.930455 0.222431
0.88144 0.213455
0.442769 0.521446
0.406367 0.442126
0.684078 0.215282
0.997128 0.283364
0.432724 0.832744
0.781369 0.269289
0.332456 0.257648
0.572653 0.776503
0.147738 0.714808
0.15223 0.447781
0.387604 0.400153
0.662562 0.240615
0.858906 0.364764
0.848429 0.789362
0.587195 0.729868
0.0028164 0.0299641
0.251314 0.409184
0.47209 0.935392
0.624466 0.469218
