0.304943 0.903126
0.786874 0.0281197
0.0409062 0.748407
0.668617 0.447087
0.111994 0.109807
0.999607 0.671988
0.434444 0.287592
0.342679 0.451643
0.808859 0.246962
0.535829 0.27177
0.670025 0.481251
0.269962 0.714731
0.788821 0.0361141
0.551228 0.105226
0.648936 0.374982
0.93025 0.953879
0.278108 0.717124
0.981999 0.319014
0.465531 0.650616
0.766101 0.577525
0.760423 0.765708
0.249513 0.194866
0.0532995 0.592192
0.646509 0.862159
0.839154 0.182337
0.133929 0.509179
0.663588 0.403891
0.223909 0.452409
0.440005 0.775137
0.557635 0.0889408
0.150119 0.487885
0.0428198 0.428228
0.205009 0.0248186
0.747242 0.670539
0.675434 0.513343
0.248064 0.435857
0.279051 0.497577
0.630723 0.33235
0.0897685 0.277232
0.194509 0.928922
0.459569 0.328438
0.438101 0.123157
0.732329 0.66201
0.575566 0.172334
0.437147 0.133202
0.261274 0.587266
0.621087 0.304094
0.0154937 0.826095
0.328913 0.762736
0.496635 0.004347
0.276078 0.744699
0.440204 0.555129
0.242275 0.0709268
0.88748 0.332044
0.348159 0.0819885
0.260966 0.807728
0.410427 0.699067
0.930885 0.142755
0.361077 0.506451
0.315089 0.798223
0.639653 0.576363
0.38549 0.260739
0.880457 0.400983
0.0868342 0.20937
0.163719 0.583469
0.213717 0.439797
0.328167 0.653921
0.994927 0.570443
0.724848 0.882406
0.902487 0.0730061
0.964395 0.163453
0.880734 0.374821
0.862519 0.811618
0.517577 0.223596
0.318069 0.832665
0.0218194 0.957722
0.409028 0.407309
0.218461 0.289486
0.808292 0.305295
0.498856 0.972011
0.888764 0.712573
0.411808 0.216931
0.366494 0.406735
0.787374 0.0913411
0.289141 0.68986
0.164347 0.253536
0.853313 0.0450808
0.628357 0.715833
0.856699 0.145933
0.939429 0.174768
0.978599 0.961248
0.13249 0.387627
0.368557 0.350951
0.677113 0.176849
0.656246 0.175969
0.14886 0.54501
0.888541 0.560669
0.761941 0.255035
0.967404 0.549315
0.346376 0.256545
0.239175 0.510723
0.510081 0.0924886
0.555804 0.138437
0.808321 0.412503
0.284371 0.74775
0.587272 0.26297
0.708998 0.719762
0.650597 0.0775556
0.0707132 0.32771
0.254405 0.72696
0.503679 0.403265
0.27197 0.39222
0.963934 0.0339107
0.647255 0.931338
0.583226 0.993631
0.187883 0.822401
0.504355 0.697964
0.91489 0.0601587
0.836401 0.723211
0.472662 0.120772
0.470961 0.0599336
0.383741 0.179959
0.779696 0.0343383
0.257515 0.850409
0.362048 0.51192
0.577368 0.865727
0.915185 0.849338
0.257947 0.87912
0.883249 0.905202
0.810458 0.466474
0.898833 0.998341
0.288875 0.403188
0.696304 0.203765
0.463347 0.532705
0.926976 0.936009
0.653477 0.397937
0.995942 0.0372187
0.577896 0.775638
0.071557 0.835411
0.626047 0.433605
0.347331 0.203415
0.299332 0.262517
0.052753 0.557279
0.141636 0.936002
0.462481 0.952094
0.402476 0.361314
0.950435 0.691351
0.764502 0.64674
0.895116 0.227849
0.179445 0.822092
0.163857 0.832922
0.220029 0.1598
0.870141 0.797925
0.935438 0.941698
0.633336 0.561484
0.375303 0.980667
0.764899 0.674635
0.243184 0.817652
0.231914 0.38482
0.753654 0.694395
0.336914 0.15613
0.0557089 0.287349
0.847481 0.820211
0.934089 0.742598
0.0480597 0.113534
0.564689 0.211917
0.946456 0.784718
0.371717 0.816597
0.582643 0.307154
0.758295 0.215979
0.868639 0.133599
0.196646 0.633538
0.808234 0.43983
0.45119 0.0401478
0.82465 0.204845
0.734543 0.161564
0.360975 0.790251
0.448914 0.208456
0.610462 0.383003
0.951054 0.658522
0.496537 0.515743
0.870439 0.442993
0.300461 0.242156
0.259591 0.883104
0.54931 0.0178862
0.0990834 0.417949
0.151485 0.29573
0.0514871 0.959719
0.73556 0.502678
0.999867 0.56021
0.707522 0.734409
0.721774 0.0684968
0.524661 0.170688
0.276953 0.135123
0.553691 0.228007
0.793645 0.050228
0.74375 0.664084
0.493221 0.0442116
0.90624 0.752812
0.927316 0.45555
0.770698 0.0263994
0.873499 0.922183
0.322129 0.924986
0.881902 0.0576887
0.427664 0.881769
0.617898 0.135186
0.616178 0.339673
0.203683 0.140838
0.510361 0.480636
0.275961 0.0640517
0.708643 0.0696061
0.11428 0.452393
0.73369 0.607501
0.496604 0.63993
0.360313 0.42392
0.0954802 0.131011
0.45032 0.968979
0.0531946 0.772449
0.893966 0.935097
0.830138 0.32163
0.816865 0.448036
0.456816 0.433043
0.787709 0.660498
0.573881 0.298069
0.141134 0.849842
0.362121 0.849777
0.919449 0.476401
0.302169 0.653139
0.0839017 0.798774
0.293069 0.444215
0.222694 0.388549
0.575226 0.673014
0.357528 0.628421
0.445463 0.251494
0.563517 0.275601
0.573124 0.380383
0.723637 0.0299391
0.813426 0.511345
0.690437 0.387307
0.809414 0.831572
0.237149 0.171535
0.681348 0.156598
0.647936 0.983518
0.809737 0.731838
0.782292 0.102805
0.176053 0.0049858
0.491354 0.751279
0.678 0.848883
0.3797 0.123463
0.100377 0.943217
0.399064 0.6735
0.3236 0.1227
0.703439 0.137025
0.634045 0.393877
0.524332 0.443459
0.225448 0.761482
0.614995 0.906797
0.91808 0.262931
0.890314 0.727816
0.994769 0.672606
0.830622 0.170821
0.677591 0.321976
0.9221 0.355591
0.170859 0.301799
0.479054 0.271235
0.245016 0.878118
0.944736 0.568616
0.000817869 0.648175
0.705641 0.634863
0.0420518 0.229973
0.0783224 0.2675
0.991455 0.693317
0.174297 0.909535
0.956248 0.0646109
0.637351 0.951017
0.737217 0.467973
0.121838 0.414808
0.789949 0.0439374
0.770399 0.960808
0.345737 0.249454
0.232043 0.590753
0.127572 0.176779
0.159369 0.128389
0.824954 0.86501
0.763252 0.867005
0.0949838 0.841575
0.134506 0.0864388
0.534892 0.308802
0.995973 0.49114
0.373413 0.633324
0.442157 0.11063
0.101297 0.563994
0.525438 0.891246
0.607932 0.295837
0.852053 0.953668
0.545291 0.0840965
0.544421 0.672862
0.260875 0.70379
0.801252 0.0858287
0.568801 0.564504
0.952834 0.663784
0.406079 0.0873398
0.750223 0.940971
0.396142 0.746197
0.432111 0.769555
0.379521 0.874268
0.880185 0.480818
0.438262 0.405623
0.372064 0.0461933
0.70146 0.224118
0.999862 0.246751
0.308214 0.544283
0.919613 0.569089
0.248073 0.720865
0.654918 0.816874
0.285369 0.607752
0.480659 0.691448
0.695092 0.230882
0.632419 0.0912341
0.977079 0.0645297
0.860789 0.3566
0.938797 0.740975
0.837418 0.377059
0.146597 0.209482
0.423252 0.848057
0.4336 0.423114
0.0948075 0.741814
0.967397 0.0144204
0.310903 0.21547
0.735285 0.965821
0.0323445 0.0206539
0.573573 0.513003
0.712102 0.268665
0.743885 0.34452
0.359899 0.720963
0.40905 0.220688
0.0775631 0.347847
0.961663 0.914981
0.724906 0.10826
0.124463 0.148159
0.956317 0.558063
0.571273 0.0511247
0.299876 0.53867
0.0655452 0.610779
0.75414 0.80083
0.5766 0.786485
0.821484 0.150173
0.299488 0.533586
0.418838 0.0433726
0.878106 0.778737
0.764336 0.287156
0.999425 0.841899
0.635004 0.961088
0.75688 0.35991
0.0693482 0.881343
0.508069 0.0256654
0.439406 0.079342
0.0767902 0.739282
0.618012 0.142335
0.350061 0.372152
0.943166 0.926661
0.158636 0.76465
0.0768342 0.458124
0.298235 0.495672
0.501497 0.176342
0.274409 0.265833
0.463498 0.273834
0.107732 0.0985021
0.234922 0.864612
0.458413 0.30427
0.745955 0.966482
0.329935 0.185361
0.0458239 0.406726
0.924643 0.663836
0.549061 0.274704
0.0359876 0.492226
0.201365 0.194624
0.256876 0.278199
0.652748 0.555111
0.773871 0.154245
0.731453 0.0482798
0.420078 0.194951
0.322114 0.527809
0.293453 0.557035
0.392421 0.751866
0.861306 0.138376
0.718348 0.191241
0.323737 0.764172
0.597967 0.248379
0.428008 0.147028
0.523083 0.463995
0.639254 0.724448
0.658619 0.89613
0.00264749 0.311367
0.451242 0.776519
0.465612 0.182695
0.824798 0.88569
0.377646 0.146912
0.413499 0.6711
0.703947 0.805921
0.422966 0.565253
0.944297 0.141314
0.756494 0.268034
0.905486 0.354461
0.516413 0.333493
0.501488 0.0394967
0.797489 0.140742
0.763945 0.456108
0.0368724 0.766593
0.767475 0.488114
0.543111 0.233088
0.670809 0.36791
0.118778 0.0484549
0.514822 0.532277
0.719555 0.218769
0.338198 0.14252
0.784022 0.282495
0.283834 0.540516
0.550529 0.18932
0.894976 0.0669424
0.522813 0.396465
0.106439 0.320301
0.537207 0.870384
0.776409 0.574079
0.636977 0.543884
0.0621931 0.180088
0.776972 0.733002
0.547997 0.89575
0.781457 0.0628188
0.428027 0.501011
0.281588 0.766225
0.643532 0.0656096
0.04872 0.927366
0.606125 0.599249
0.116685 0.501102
0.666191 0.639498
0.897566 0.772631
0.9598 0.434773
0.643015 0.736209
0.00885205 0.279991
0.280093 0.0710451
0.460079 0.0570654
0.804047 0.00807647
0.952815 0.585504
0.0708953 0.380842
0.0865151 0.352483
0.147067 0.730047
0.418093 0.195787
0.657412 0.024218
0.795036 0.774098
0.52532 0.461228
0.413596 0.422886
0.233858 0.373395
0.857659 0.876873
0.109604 0.866511
0.156864 0.389697
0.937556 0.616944
0.446763 0.741603
0.62502 0.399578
0.327107 0.695915
0.78042 0.413622
0.0483983 0.927487
0.143669 0.466491
0.123275 0.801081
0.490709 0.918311
0.575178 0.0160286
0.379539 0.988774
0.438914 0.613397
0.362169 0.296573
0.49027 0.471773
0.163084 0.647135
0.861471 0.10064
0.264078 0.308233
0.842243 0.889098
0.707811 0.16935
0.585013 0.488232
0.582972 0.633412
0.415719 0.726641
0.0999028 0.538994
0.527722 0.590612
0.457305 0.1029
0.60664 0.836844
0.0916744 0.0455547
0.450241 0.453844
0.342128 0.940511
0.925617 0.505212
0.587645 0.787088
0.605853 0.851723
0.0953213 0.448096
0.740822 0.803133
0.617446 0.325835
0.291364 0.200419
0.959247 0.707083
0.927059 0.0591496
0.246077 0.454781
0.649761 0.703382
0.557682 0.256401
0.540225 0.649356
0.301956 0.990466
0.1032 0.644084
0.930976 0.0288169
0.149297 0.518622
0.815905 0.755149
0.370345 0.911226
0.203245 0.111167
0.714359 0.820692
0.437002 0.00572294
0.0211104 0.396248
0.712806 0.94817
0.455398 0.958883
0.402951 0.105159
0.662265 0.960633
0.361561 0.20249
0.609989 0.663517
0.192956 0.713188
0.307601 0.123932
0.742005 0.456898
0.642554 0.55791
0.212047 0.0128988
0.469136 0.415293
0.124065 0.183495
0.235984 0.561067
0.189218 0.257095
0.957315 0.902024
0.205265 0.412713
0.860907 0.608216
0.517872 0.523172
0.568848 0.879433
0.725662 0.178837
0.54295 0.918617
0.892025 0.850551
0.0425493 0.634031
0.307449 0.685103
0.191941 0.519496
0.698002 0.661077
0.934789 0.822067
0.844572 0.170773
0.383134 0.0337893
0.427868 0.340449
0.935813 0.633133
0.753162 0.79672
0.241348 0.271035
0.319892 0.810197
0.150468 0.0455534
0.989034 0.693418
0.964171 0.881059
0.543969 0.00672003
0.51509 0.851418
0.691823 0.70703
0.370914 0.389825
0.368107 0.305703
0.211892 0.212679
0.476476 0.595026
0.246468 0.904344
0.935475 0.182281
0.537477 0.688638
0.979001 0.778825
0.959672 0.298893
0.589022 0.11014
0.344447 0.578056
0.803558 0.308617
0.459115 0.347527
0.315337 0.974205
0.198945 0.00716041
0.681236 0.569859
0.396985 0.0493428
0.875562 0.608878
0.262022 0.352039
0.203904 0.50849
0.256383 0.139379
0.690771 0.79386
0.828017 0.669772
0.572685 0.787689
0.968665 0.161707
0.897829 0.313112
0.739764 0.701388
0.621729 0.198879
0.0489149 0.937066
0.173084 0.24786
0.944227 0.85432
0.81772 0.341212
0.903662 0.693282
0.95009 0.165684
0.0453207 0.153993
0.674173 0.301704
0.293372 0.364944
0.0955634 0.121389
0.034716 0.668249
0.909078 0.00338108
0.829956 0.806908
0.316493 0.56972
0.508295 0.938222
0.768598 0.55721
0.875288 0.941682
0.80507 0.819514
0.796002 0.62279
0.160726 0.699664
0.316072 0.110816
0.865348 0.361393
0.264809 0.539521
0.663096 0.558182
0.904465 0.75866
0.679571 0.939181
0.426908 0.588649
0.942562 0.256864
0.395556 0.259055
0.826584 0.903852
0.197277 0.595182
0.461062 0.0725647
0.536864 0.266132
0.892079 0.332866
0.888922 0.0528056
0.0325305 0.204994
0.163622 0.897879
0.566387 0.428431
0.4374 0.229483
0.986612 0.341865
0.988143 0.666183
0.281047 0.415051
0.254832 0.223609
0.671915 0.650388
0.482664 0.498499
0.55424 0.679941
0.0936811 0.0153016
0.752506 0.630546
0.281434 0.644585
0.963412 0.170356
0.69739 0.995942
0.37535 0.861012
0.893821 0.941737
0.289443 0.331221
0.17122 0.276055
0.673086 0.159363
0.942238 0.954133
0.574414 0.19707
0.177742 0.246329
0.847458 0.660406
0.744828 0.401698
0.340347 0.838509
0.416999 0.0928529
0.469054 0.698433
0.737438 0.432466
0.868789 0.434828
0.428409 0.244139
0.29584 0.32223
0.185876 0.585283
0.65345 0.357096
0.861339 0.326536
0.516459 0.803577
0.280669 0.0908721
0.000646733 0.458411
0.337201 0.848105
0.118817 0.0820286
0.249803 0.459164
0.920537 0.666802
0.552017 0.389592
0.365235 0.289454
0.822058 0.234024
0.724283 0.250467
0.478163 0.0201228
0.572696 0.664039
0.605406 0.226146
0.0211346 0.466745
0.552683 0.537593
0.270321 0.833352
0.628465 0.270968
0.291762 0.965666
0.119073 0.410579
0.0476947 0.368875
0.869743 0.968232
0.0356772 0.421759
0.357824 0.400912
0.711213 0.179882
0.634936 0.435496
0.430349 0.113099
0.455619 0.00304494
0.777138 0.0610247
0.229191 0.798272
0.527769 0.781874
0.335865 0.798091
0.615226 0.96433
0.0690586 0.906988
0.929996 0.188131
0.317567 0.977691
0.557007 0.187309
0.945923 0.592684
0.609069 0.303747
0.993596 0.320282
0.483629 0.628532
0.755778 0.913978
0.741631 0.211396
0.917023 0.518768
0.272421 0.146214
0.31704 0.80019
0.928089 0.652906
0.598281 0.543314
0.617236 0.66734
0.450303 0.547232
0.855471 0.76787
0.524924 0.412478
0.955179 0.470847
0.0051618 0.564248
0.774594 0.998758
0.884529 0.258223
0.62729 0.640307
0.172201 0.368921
0.851703 0.0892243
0.887689 0.124124
0.235439 0.204729
0.924315 0.163527
0.857635 0.522596
0.706842 0.474871
0.189935 0.157144
0.0221034 0.0454063
0.925014 0.547027
0.457884 0.880193
0.017874 0.463046
0.44444 0.792468
0.461804 0.328969
0.0506916 0.0890937
0.969276 0.222893
0.458014 0.82098
0.312117 0.345703
0.945104 0.547556
0.550433 0.869419
0.711083 0.408068
0.392014 0.417925
0.882939 0.58195
0.575069 0.905042
0.627356 0.500082
0.452069 0.0852401
0.380275 0.469943
0.548286 0.824715
0.262411 0.0100898
0.153684 0.313103
0.0991835 0.12296
0.535996 0.557198
0.94394 0.848113
0.902901 0.889044
0.395669 0.453334
0.758463 0.106752
0.861402 0.150478
0.524676 0.744341
0.732427 0.0997449
0.649383 0.359783
0.599827 0.101453
0.445023 0.980102
0.571396 0.993309
0.804816 0.833807
0.00339933 0.958501
0.14691 0.102583
0.0814611 0.682906
0.659781 0.0254013
0.531019 0.562682
0.914446 0.926688
0.0160166 0.672909
0.0334398 0.877419
0.823386 0.558116
0.62176 0.555813
0.657861 0.271143
0.915597 0.257688
0.372596 0.36062
0.23779 0.943992
0.35393 0.0426065
0.777799 0.357329
0.00110711 0.92471
0.459912 0.0825682
0.607616 0.119693
0.107969 0.138635
0.682375 0.022415
0.0653226 0.698391
0.695324 0.0987624
0.57581 0.51871
0.656879 0.19757
0.074523 0.31474
0.468714 0.99012
0.572428 0.84131
0.35074 0.810218
0.785302 0.704669
0.852825 0.563101
0.0619983 0.853932
0.487811 0.52191
0.9365 0.0954263
0.641603 0.0444693
0.234061 0.323978
0.0668843 0.299384
0.022369 0.762208
0.398146 0.598179
0.280918 0.0550246
0.795749 0.355441
0.369764 0.264463
0.34556 0.942192
0.105773 0.6963
0.75241 0.891075
0.400969 0.605235
0.454176 0.462968
0.459167 0.941987
0.984878 0.395666
0.0374129 0.626481
0.440136 0.271474
0.950458 0.50702
0.570857 0.972827
0.269228 0.969003
0.571006 0.550145
0.0240279 0.366756
0.905586 0.393792
0.631219 0.251146
0.335985 0.736992
0.947446 0.0883951
0.628067 0.348416
0.69363 0.0822429
0.811383 0.152797
0.0242296 0.796261
0.548463 0.0616425
0.422742 0.988599
0.333116 0.3732
0.495619 0.903974
0.346027 0.764847
0.872977 0.917034
0.314992 0.897005
0.28379 0.220578
0.290797 0.915009
0.471724 0.626782
0.652001 0.41917
0.715177 0.280068
0.767586 0.408807
0.362311 0.578969
0.561604 0.38654
0.375231 0.110067
0.448183 0.797973
0.0986655 0.781299
0.171173 0.594284
0.685273 0.5172
0.359131 0.55825
0.434234 0.674123
0.455255 0.718024
0.894701 0.746052
0.633033 0.366425
0.372834 0.285034
0.785596 0.0880104
0.565102 0.553182
0.496817 0.927412
0.132151 0.058421
0.313953 0.507382
0.168488 0.762135
0.305354 0.267153
0.543435 0.476527
0.861437 0.228707
0.993728 0.220568
0.786957 0.427962
0.894692 0.242212
0.145986 0.789393
0.988264 0.779018
0.155818 0.361097
0.0640521 0.941414
0.449108 0.629154
0.494596 0.945925
0.556566 0.626747
0.00434623 0.870518
0.134128 0.172834
0.632654 0.439483
0.439987 0.176088
0.91601 0.301424
0.404796 0.909738
0.521993 0.191753
0.3377 0.416685
0.433965 0.483685
0.206077 0.422229
0.262704 0.361895
0.783326 0.326756
0.303309 0.232434
0.955909 0.797905
0.17836 0.512475
0.424651 0.182706
0.382994 0.55878
0.35554 0.0156475
0.998263 0.795527
0.191736 0.914273
0.0969512 0.596532
0.824011 0.618944
0.788285 0.16171
0.0356286 0.22225
0.645395 0.241706
0.644479 0.908099
0.603601 0.427805
0.234855 0.906911
0.66024 0.190764
0.704816 0.838599
0.703239 0.129467
0.0213053 0.0862329
0.688247 0.376845
0.10188 0.68651
0.172372 0.293616
0.600782 0.269323
0.890148 0.424793
0.888267 0.678433
0.586503 0.923896
0.900683 0.231899
0.165602 0.545162
0.139998 0.769203
0.972967 0.374852
0.676114 0.633207
0.565616 0.38093
0.471807 0.268856
0.510397 0.493112
0.355089 0.198644
0.869957 0.456969
0.885153 0.0423286
0.750585 0.485936
0.311651 0.640733
0.910729 0.199918
0.319166 0.497232
0.123814 0.219849
0.729131 0.289416
0.76501 0.869129
0.0586186 0.737978
0.243981 0.734732
0.371185 0.809598
0.115662 0.842991
0.0784534 0.626059
0.336103 0.433542
0.824702 0.20606
0.890511 0.709855
0.248389 0.641096
0.195791 0.56004
0.281829 0.10652
0.759958 0.600995
0.603752 0.883773
0.820844 0.332883
0.173188 0.585854
0.202012 0.231807
0.323832 0.445993
0.966539 0.695017
0.255591 0.0822012
0.538008 0.334044
0.70826 0.874112
0.767586 0.532962
0.0801717 0.658097
0.242818 0.32856
0.299193 0.438609
0.8886 0.581023
0.545129 0.648559
0.182018 0.148881
0.532331 0.00286171
0.481764 0.70552
0.588716 0.683775
0.937326 0.912548
0.129768 0.903866
0.607565 0.385359
0.986067 0.145574
0.719403 0.694327
0.0196853 0.486989
0.227289 0.099857
0.145086 0.470106
0.428417 0.44428
0.908715 0.317018
0.0253023 0.453843
0.965577 0.20732
0.602724 0.497908
0.210182 0.0844875
0.203428 0.798898
0.768263 0.140754
0.711446 0.898031
0.0446194 0.319011
0.28339 0.0306863
0.464585 0.00279316
0.725013 0.48427
0.489782 0.952302
0.584127 0.634869
0.422408 0.0125446
0.0791487 0.331123
0.329562 0.104451
0.784966 0.295139
0.311771 0.38769
0.793047 0.521953
0.472178 0.996474
0.320851 0.240441
0.137228 0.0322972
0.138472 0.181848
0.351309 0.421862
0.212534 0.815894
0.424655 0.937547
0.300164 0.914437
0.889849 0.884291
0.549306 0.312257
0.896836 0.628455
0.64338 0.226398
0.732906 0.428346
0.521537 0.0446773
0.816036 0.314584
0.56663 0.288214
0.311058 0.887481
0.528655 0.448286
0.919779 0.667127
0.630134 0.271087
0.0889886 0.842668
0.0869808 0.513644
0.780214 0.387145
0.428081 0.670063
0.271436 0.977387
0.98232 0.168272
0.605843 0.625699
0.39467 0.338749
0.0540451 0.916207
0.383426 0.870081
0.230791 0.950056
0.158296 0.541848
0.837538 0.686951
0.990135 0.757316
0.354078 0.620268
0.0284034 0.443066
0.462936 0.115384
0.95671 0.24315
0.502529 0.384791
0.913213 0.773965
0.362178 0.895532
0.942237 0.968021
0.521232 0.336907
0.306769 0.575277
0.253114 0.690195
0.445358 0.483904
0.640252 0.603654
0.0257525 0.477789
0.290605 0.0158871
0.235106 0.644682
0.636155 0.263509
0.0877485 0.099091
0.378893 0.0444582
0.342241 0.881422
0.429249 0.255454
0.655387 0.791427
0.150986 0.597624
0.759448 0.672218
0.934531 0.0662173
0.247495 0.187644
0.756413 0.692853
0.671548 0.396664
0.296507 0.697301
0.874454 0.587111
0.713188 0.109559
0.231794 0.349343
0.373069 0.319542
0.448434 0.751962
0.364 0.790675
0.633384 0.793249
0.0461291 0.288771
0.584677 0.197115
0.886395 0.344124
0.869333 0.820926
0.410342 0.116828
0.00856963 0.166754
0.809681 0.680118
0.563419 0.106188
0.377418 0.437872
0.693299 0.0906062
0.547432 0.925093
0.439949 0.9205
0.244635 0.888383
0.672462 0.608636
0.679058 0.305846
0.401885 0.725188
0.594617 0.986562
0.922303 0.481012
0.330686 0.791636
0.301938 0.741028
0.908465 0.310507
0.907782 0.718146
0.990625 0.471201
0.824333 0.368044
0.909073 0.517632
0.45865 0.456505
0.442725 0.898599
0.377005 0.687361
0.786982 0.0494674
0.295996 0.466041
0.355314 0.697881
0.191228 0.949931
0.684443 0.113531
0.430943 0.0151288
0.905168 0.732881
0.756157 0.813632
0.0433884 0.663939
0.531778 0.0340136
0.13514 0.356111
0.402057 0.0442127
0.873744 0.860707
0.500718 0.316469
0.759306 0.877723
0.00382959 0.546289
0.92719 0.299826
0.0123298 0.282504
0.997707 0.203558
0.232435 0.68215
0.31709 0.663378
0.697279 0.222258
0.396259 0.453435
0.03589 0.439647
0.117374 0.567668
0.473661 0.252514
0.923779 0.875718
0.296726 0.797523
0.736425 0.797444
0.113992 0.495732
0.675167 0.117821
0.0420206 0.602357
0.417647 0.0543504
0.884861 0.415354
0.257909 0.117296
0.0975039 0.574998
0.780674 0.794783
0.797256 0.176932
0.248218 0.833146
0.616579 0.365592
0.400814 0.0902402
0.618105 0.324593
0.965958 0.914832
0.122116 0.702384
0.712275 0.236107
0.198115 0.387442
0.353929 0.240136
0.989799 0.771576
0.294486 0.87466
0.18693 0.552395
0.991956 0.284434
0.127394 0.77263
0.0792161 0.92465
0.949562 0.327434
0.757795 0.566141
0.693026 0.158609
0.656381 0.311131
0.483202 0.62234
0.225963 0.605318
0.324723 0.938238
0.841425 0.522839
0.32568 0.195354
0.762975 0.315479
0.966929 0.0574613
0.19014 0.153859
0.609856 0.182096
0.438292 0.73725
0.954725 0.517509
0.6619 0.904287
0.844942 0.419695
0.470428 0.537968
0.578304 0.12681
0.849099 0.0615064
0.74915 0.0750617
0.666824 0.0738732
0.0132996 0.508249
0.596712 0.33898
0.703603 0.359687
0.654459 0.670532
0.417148 0.844599
0.824391 0.0270045
0.0266946 0.262683
0.764255 0.98142
0.780192 0.426154
0.885707 0.625134
0.845849 0.356136
0.163102 0.424153
0.482946 0.0122014
0.48566 0.232095
0.0872632 0.152484
0.305968 0.100563
0.660733 0.90268
0.439543 0.364336
0.262367 0.0940016
0.0348677 0.679515
0.938601 0.859258
0.70652 0.965295
0.121942 0.470774
0.946715 0.902133
0.896929 0.832422
0.527267 0.742777
0.188558 0.69037
0.166931 0.671504
0.702571 0.65259
0.903599 0.789834
0.805074 0.209567
0.890397 0.465807
0.112248 0.32994
0.830143 0.374615
0.423941 0.86501
0.0541306 0.362542
0.724269 0.760651
0.327837 0.84621
0.231425 0.274552
0.748344 0.128354
0.106974 0.275611
0.871131 0.295532
0.965981 0.0380617
0.967036 0.668552
0.690652 0.870635
0.458386 0.495726
0.080202 0.348783
0.961533 0.19245
0.678722 0.791676
0.567065 0.102664
0.656686 0.621196
0.465205 0.380955
0.381846 0.793042
0.227165 0.613271
0.0675942 0.975509
0.741625 0.174569
0.25112 0.612756
0.470101 0.217101
0.650817 0.437137
0.885652 0.341469
0.307771 0.344038
0.837195 0.387973
0.692821 0.798728
0.580423 0.371544
0.590404 0.147488
0.474207 0.24709
0.768684 0.939413
0.628045 0.15053
0.732455 0.85521
0.763801 0.800049
0.830719 0.505425
0.974618 0.0818386
0.118181 0.444719
0.298939 0.768998
0.881855 0.184591
0.110467 0.189627
0.52863 0.947663
0.5776 0.221451
0.746391 0.158023
0.592995 0.336794
0.305512 0.0672019
0.583884 0.0741952
0.00661459 0.211928
0.224725 0.73907
0.0671383 0.988526
0.539119 0.897857
0.493951 0.513736
0.979696 0.612132
0.958455 0.278635
0.38113 0.84031
0.463226 0.491598
0.0299369 0.991856
0.43926 0.607537
0.213307 0.185651
0.76556 0.806301
0.522445 0.0710718
0.873503 0.106329
0.145267 0.880118
0.318258 0.369992
0.619187 0.385396
0.358518 0.158306
0.283253 0.852469
0.672043 0.262948
0.464601 0.630497
0.541583 0.845732
0.470808 0.00480963
0.33733 0.500745
0.996666 0.77659
0.108282 0.209973
0.962241 0.873842
0.016274 0.484687
0.944914 0.889777
0.591016 0.0901806
0.769895 0.909273
0.460173 0.389083
0.294669 0.818691
0.547389 0.577922
0.67116 0.219431
0.840871 0.135761
0.849929 0.382454
0.981493 0.320737
0.387264 0.318823
0.821481 0.383929
0.0954132 0.929763
0.593902 0.0576545
0.803605 0.610176
0.542341 0.748518
0.499953 0.133357
0.838699 0.269848
0.0426302 0.298872
0.658931 0.3373
0.117562 0.20632
0.915222 0.788722
0.425751 0.756092
0.924483 0.27568
0.138546 0.905976
0.596417 0.52581
0.224799 0.417898
0.909739 0.320212
0.34766 0.503641
0.377867 0.151265
0.113816 0.920208
0.899783 0.613769
0.0535649 0.738482
0.883618 0.0961951
0.0373535 0.542549
0.433495 0.154916
0.748869 0.348716
0.943638 0.17462
0.104808 0.868121
0.4503 0.243355
0.774097 0.0467165
0.769164 0.998896
0.464614 0.678903
0.319109 0.812275
0.182544 0.696976
0.96354 0.29636
0.617184 0.863323
0.910129 0.670749
0.601805 0.793747
0.766944 0.639158
0.336296 0.200438
0.794074 0.0851647
0.549155 0.737711
0.259785 0.653963
0.605832 0.710085
0.897318 0.379929
0.756801 0.666482
0.378826 0.221415
0.345385 0.697934
0.0336898 0.527929
0.39491 0.997229
0.824289 0.0120939
0.860552 0.734418
0.682843 0.462357
0.528165 0.449786
0.101515 0.864461
0.650225 0.895588
0.949626 0.199379
0.6333 0.209411
0.853342 0.239132
0.919495 0.75066
0.619061 0.676296
0.417141 0.997887
0.897712 0.762526
0.695821 0.931401
0.290455 0.0907312
0.928631 0.114744
0.102825 0.789183
0.849162 0.785668
0.251539 0.377327
0.235454 0.353054
0.241789 0.885679
0.248642 0.191415
0.0850577 0.881942
0.400825 0.9384
0.121074 0.320321
0.68906 0.740135
0.996617 0.106201
0.738021 0.894329
0.868727 0.433842
0.82573 0.159182
0.524574 0.75436
0.273926 0.627399
0.543543 0.123088
0.413066 0.795082
0.500415 0.64852
0.148136 0.742204
0.534199 0.396778
0.933618 0.619257
0.27872 0.334444
0.557657 0.399794
0.654765 0.246716
0.139929 0.651382
0.352917 0.87795
0.54571 0.221644
0.311792 0.37144
0.380827 0.836366
0.1258 0.654753
0.463765 0.669344
0.777841 0.876831
0.464426 0.278256
0.525352 0.612562
0.02046 0.0595506
0.00934043 0.954078
0.678807 0.288061
0.288522 0.236464
0.687855 0.943287
0.48318 0.827783
0.594669 0.836097
0.705733 0.140379
0.0577414 0.0175259
0.511819 0.438568
0.853892 0.637619
0.0933213 0.317657
0.306963 0.871162
0.194488 0.771388
0.149419 0.71984
0.38395 0.169879
0.77939 0.393291
0.123957 0.458198
0.681352 0.412479
0.694661 0.369206
0.355766 0.177841
0.19699 0.950435
0.0139382 0.902723
0.0908135 0.0716795
0.920249 0.602632
0.510248 0.774141
0.240251 0.603569
0.0917977 0.547214
0.474731 0.286286
0.318602 0.62415
0.00612536 0.702553
0.794028 0.785516
0.0958434 0.917986
0.243713 0.777195
0.330465 0.938375
0.146401 0.686231
0.116216 0.343391
0.636666 0.130154
0.246114 0.72748
0.201834 0.166363
0.330112 0.712081
0.940504 0.570363
0.315651 0.0323016
0.117577 0.790382
0.318587 0.436179
0.414532 0.324713
0.138731 0.20856
0.110228 0.234575
0.126546 0.353942
0.0117697 0.457011
0.292316 0.158171
0.143242 0.408532
0.501562 0.779908
0.538686 0.747676
0.507388 0.74052
0.914039 0.8375
0.452601 0.854543
0.407863 0.768252
0.886845 0.525439
0.558634 0.205432
0.961618 0.973166
0.530145 0.100349
0.181726 0.640373
0.334924 0.308272
0.994315 0.346694
0.765283 0.286631
0.504865 0.908525
0.695163 0.00642652
0.688433 0.233849
0.754103 0.195821
0.974369 0.668142
0.0333203 0.42697
0.522685 0.441183
0.195222 0.409529
0.966622 0.753856
0.614961 0.92824
0.727021 0.145106
0.028589 0.908747
0.785479 0.363513
0.217019 0.779793
0.710206 0.982302
0.0664242 0.215071
0.890826 0.761587
0.221497 0.579259
0.995436 0.9756
0.77508 0.969805
0.643742 0.8084
0.396775 0.166426
0.249583 0.591997
0.575955 0.216205
0.345853 0.190916
0.144445 0.0728741
0.336022 0.173034
0.981621 0.121501
0.536547 0.19864
0.901294 0.246753
0.180942 0.967719
0.461824 0.0717683
0.729306 0.683322
0.651027 0.724742
0.658922 0.426107
0.694547 0.302663
0.234508 0.0913224
0.469089 0.484091
0.68332 0.0450446
0.700296 0.0291725
0.235961 0.844741
0.102047 0.571983
0.0177753 0.0836678
0.693484 0.554322
0.282308 0.594779
0.801076 0.46325
0.562497 0.2629
0.535018 0.291803
0.946222 0.186046
0.016545 0.605143
0.612153 0.711092
0.907806 0.846661
0.802414 0.376896
0.330751 0.485734
0.42194 0.0310472
0.514907 0.657901
0.875788 0.616953
0.229884 0.893564
0.700621 0.923369
0.447886 0.982929
0.518147 0.248962
0.446179 0.0806446
0.511861 0.981198
0.372448 0.458083
0.167243 0.388993
0.0632264 0.779396
0.100085 0.971033
0.626057 0.902499
0.347929 0.956808
0.388233 0.769869
0.987855 0.90314
0.42777 0.863644
0.520093 0.657655
0.757207 0.220714
0.581023 0.205093
0.203644 0.0991707
0.454055 0.649823
0.179815 0.965916
0.63102 0.552263
0.423999 0.798263
0.941255 0.487226
0.57766 0.0413401
0.458259 0.203717
0.943839 0.806187
0.160525 0.332073
0.576056 0.14838
0.235212 0.00382652
0.0120241 0.755306
0.661481 0.769231
0.97602 0.242505
0.974325 0.179664
0.341675 0.428379
0.829486 0.521491
0.394296 0.460507
0.0737535 0.818295
0.25877 0.0150089
0.30552 0.83643
0.056349 0.763779
0.0401464 0.000188192
0.569966 0.200671
0.332261 0.146022
0.349052 0.567473
0.149849 0.361076
0.322779 0.81133
0.130307 0.298799
0.0538348 0.104632
0.478463 0.39551
0.533011 0.307949
0.917001 0.927307
0.768455 0.990754
0.745601 0.0272253
0.0057633 0.0511218
0.863655 0.0621123
0.814901 0.903801
0.0623005 0.384867
0.104473 0.394561
0.530889 0.453524
0.962034 0.680738
0.8146 0.284813
0.492068 0.944907
0.583612 0.545903
0.0495391 0.0620749
0.941413 0.58255
0.370024 0.858414
0.509857 0.138479
0.849168 0.255458
0.165704 0.854932
0.30658 0.0293593
0.917044 0.121481
0.933161 0.979345
0.506348 0.0376335
0.373906 0.037237
0.491158 0.33594
0.717975 0.305758
0.620753 0.210043
0.250665 0.204366
0.755946 0.300204
0.266441 0.697359
0.882754 0.636464
0.555773 0.392611
0.774943 0.404942
0.64807 0.940648
0.259873 0.95465
0.970007 0.176917
0.0761309 0.903168
0.156262 0.582479
0.940801 0.530168
0.619716 0.431959
0.866108 0.337691
0.737717 0.486861
0.547734 0.988382
0.691227 0.30368
0.288586 0.957667
0.00103865 0.17134
0.594132 0.556812
0.563952 0.369075
0.961753 0.212021
0.309723 0.221627
0.166671 0.279729
0.398544 0.242802
0.182897 0.554806
0.825281 0.123698
0.0849737 0.444997
0.555657 0.951081
0.782687 0.293374
0.437943 0.330421
0.281756 0.129169
0.634101 0.570342
0.0868368 0.635139
0.741683 0.680969
0.191951 0.305634
0.0500435 0.153704
0.517656 0.359766
0.375331 0.684327
0.639496 0.773875
0.92713 0.822393
0.328682 0.752411
0.946091 0.413655
0.197407 0.501749
0.364737 0.980095
0.795123 0.802679
0.310516 0.0768789
0.931849 0.944617
0.647221 0.0186856
0.579756 0.388904
0.699654 0.771707
0.694538 0.749698
0.925411 0.212194
0.109464 0.300743
0.896521 0.748959
0.0746181 0.823651
0.571352 0.4033
0.576062 0.517443
0.816955 0.773469
0.0191918 0.181692
0.753564 0.814315
0.984371 0.0640801
0.891193 0.91622
0.00869666 0.538415
0.934906 0.588452
0.927318 0.63456
0.360159 0.621857
0.384257 0.285571
0.834051 0.493721
0.586313 0.730572
0.242681 0.660931
0.554223 0.814033
0.0642311 0.130285
0.331476 0.881186
0.903754 0.350668
0.062878 0.657318
0.164982 0.0472491
0.721398 0.0561757
0.963469 0.730095
0.59459 0.898375
0.318548 0.521909
0.532934 0.678707
0.143765 0.917192
0.964278 0.977816
0.410913 0.550591
0.708388 0.653593
0.211522 0.262611
0.467626 0.275753
0.392896 0.799102
0.156939 0.29665
0.14977 0.219817
0.953969 0.314752
0.267067 0.675367
0.370928 0.230536
0.405462 0.965518
0.12891 0.72401
0.487427 0.661844
0.402716 0.631192
0.579036 0.366994
0.609008 0.989949
0.917585 0.317396
0.643542 0.129107
0.580007 0.111168
0.404861 0.972903
0.91027 0.5618
0.269553 0.0600393
0.781617 0.223522
0.374791 0.0486838
0.898889 0.745719
0.279219 0.304351
0.711237 0.408129
0.0283603 0.198663
0.0699738 0.431077
0.829855 0.64901
0.798071 0.438863
0.638958 0.715656
0.756259 0.2825
0.844763 0.336266
0.393668 0.249624
0.309169 0.303937
0.811423 0.578722
0.363977 0.593041
0.802244 0.738768
0.641725 0.701132
0.484487 0.920944
0.00548295 0.195724
0.329073 0.0338433
0.394387 0.399047
0.46492 0.224242
0.0480568 0.262991
0.663106 0.687015
0.978647 0.419364
0.969515 0.82341
0.75563 0.363183
0.0730334 0.0647986
0.66712 0.884457
0.64352 0.0310972
0.477498 0.445764
0.769865 0.119222
0.146896 0.254352
0.040166 0.152379
0.450076 0.369239
0.186222 0.844463
0.768287 0.651142
0.0687054 0.816343
0.914133 0.731811
0.503358 0.89278
0.151175 0.472874
0.71619 0.906805
0.836057 0.789223
0.971604 0.503177
0.67368 0.615124
0.534274 0.151178
0.0608881 0.304139
0.2704 0.207784
0.558492 0.310566
0.360163 0.00856726
0.679805 0.546386
0.85303 0.448092
0.197528 0.921736
0.264435 0.111662
0.653547 0.767793
0.00444173 0.804722
0.240667 0.720632
0.711527 0.0767236
0.509855 0.683131
0.579901 0.183535
0.298255 0.114175
0.334713 0.359143
0.418314 0.605113
0.566928 0.976806
0.915679 0.927091
0.985373 0.595484
0.473477 0.838403
0.0435761 0.671005
0.760139 0.308011
0.782666 0.413685
0.0758047 0.787108
0.218407 0.316472
0.50774 0.929934
0.393195 0.017595
0.613065 0.973096
0.20113 0.91132
0.0872709 0.535844
0.270464 0.505585
0.140957 0.837391
0.482391 0.0566356
0.764482 0.467764
0.65212 0.237959
0.306168 0.695696
0.908963 0.0663065
0.00370719 0.69163
0.479992 0.0795119
0.478738 0.698399
0.395984 0.986478
0.628334 0.789179
0.00407268 0.241399
0.762275 0.205203
0.152719 0.849546
0.741047 0.423183
0.355131 0.882003
0.260574 0.837522
0.938639 0.0250558
0.305286 0.590759
0.263015 0.611454
0.286455 0.171978
0.677761 0.290162
0.863608 0.157752
0.369674 0.342346
0.856152 0.765657
0.328823 0.484485
0.554836 0.332896
0.725884 0.317111
0.538099 0.878603
0.166657 0.279146
0.301786 0.521788
0.161149 0.562359
0.35931 0.0997875
0.587415 0.664596
0.690546 0.85043
0.27605 0.977001
0.0224076 0.953811
0.267163 0.886015
0.111563 0.636836
0.228361 0.967715
0.402494 0.557185
0.4522 0.95733
0.890081 0.178084
0.274441 0.42818
0.0566871 0.441098
0.707325 0.358473
0.962886 0.868474
0.920832 0.322196
0.968262 0.508247
0.986792 0.658808
0.358677 0.262842
0.635809 0.381084
0.216653 0.902971
0.2671 0.328216
0.539808 0.495461
0.295931 0.942301
0.0526457 0.748132
0.899631 0.942726
0.926216 0.174072
0.370906 0.982903
0.61517 0.0782316
0.341376 0.578056
0.946706 0.262208
0.900251 0.914967
0.770455 0.887043
0.573775 0.129132
0.149885 0.209584
0.510216 0.366539
0.112555 0.777316
0.694755 0.652362
0.272777 0.990686
0.594664 0.325423
0.738818 0.494295
0.268149 0.665034
0.668367 0.639055
0.647937 0.283537
0.717287 0.989313
0.861592 0.663992
0.25152 0.761844
0.57896 0.0219751
0.648887 0.152735
0.151107 0.798772
0.362319 0.661323
0.165311 0.474873
0.438639 0.860066
0.127236 0.711416
0.850752 0.721899
0.0368381 0.58957
0.216194 0.304987
0.254604 0.884561
0.944042 0.902541
0.168097 0.661329
0.891854 0.0296898
0.325321 0.143374
0.791533 0.904281
0.16535 0.44042
0.057016 0.316456
0.239192 0.419335
0.977779 0.404503
0.894208 0.416418
0.264569 0.021444
0.127833 0.115321
0.743343 0.164671
0.704891 0.959537
0.469658 0.959496
0.844098 0.413701
0.862037 0.0121958
0.0750295 0.753891
0.0418855 0.400351
0.897266 0.833419
0.304632 0.0626153
0.273839 0.361648
0.379072 0.513031
0.780982 0.356851
0.917534 0.675191
0.773268 0.182103
0.696635 0.901102
0.297423 0.439978
0.065773 0.00231483
0.399515 0.535431
0.961811 0.243614
0.949132 0.823848
0.255809 0.0241616
0.577739 0.297695
0.424512 0.475005
0.131114 0.729144
0.53762 0.404953
0.0907919 0.916692
0.917984 0.871774
0.273543 0.835517
0.546965 0.046811
0.01762 0.243599
0.947913 0.315044
0.683577 0.0136857
0.317358 0.0830928
0.549117 0.279169
0.326706 0.498249
0.103017 0.582516
0.522411 0.680756
0.880211 0.946923
0.155761 0.0113248
0.676067 0.693381
0.416277 0.766859
0.610073 0.334261
0.638634 0.883615
0.169778 0.185599
0.930426 0.187398
0.429198 0.878339
0.502442 0.112776
0.892025 0.8198
0.195868 0.441142
0.0989693 0.522575
0.939391 0.201986
0.105091 0.461802
0.882742 0.985302
0.408726 0.0385025
0.996627 0.084793
0.731883 0.412904
0.851652 0.341956
0.747165 0.490286
0.225571 0.916943
0.675885 0.155998
0.104342 0.105083
0.0343367 0.606784
0.217859 0.926361
0.426584 0.413727
0.367503 0.525554
0.936302 0.306895
0.72754 0.041393
0.768697 0.610281
0.0266948 0.177423
0.648784 0.0233214
0.262216 0.380667
0.436225 0.113868
0.722623 0.18339
0.604154 0.948195
0.100334 0.280039
0.104192 0.204675
0.385122 0.138529
0.811459 0.602981
0.0648904 0.238044
0.0167083 0.432394
0.763597 0.95301
0.739288 0.491137
0.994403 0.507985
0.101418 0.0210982
0.685408 0.750202
0.0444196 0.947623
0.130869 0.480645
0.0614914 0.853493
0.664035 0.665646
0.801687 0.764369
0.945685 0.90588
0.969044 0.330807
0.0444084 0.780504
0.933788 0.109299
0.0185473 0.950496
0.541693 0.782144
0.903507 0.280981
0.273281 0.89791
0.788966 0.374699
0.919008 0.474374
0.124902 0.963428
0.421998 0.255771
0.444073 0.483489
0.109264 0.108108
0.149135 0.910951
0.872477 0.0948192
0.81683 0.841521
0.425626 0.861239
0.622025 0.359414
0.970538 0.640572
0.30991 0.51223
0.422716 0.213417
0.793211 0.695997
0.111327 0.582177
0.0706968 0.0303351
0.0565516 0.195598
0.993763 0.478549
0.451369 0.437835
0.962038 0.560633
0.545943 0.111173
0.471584 0.41842
0.205992 0.288414
0.259941 0.631618
0.149653 0.881965
0.991032 0.120191
0.522537 0.300942
0.632421 0.945253
0.514359 0.425632
0.641251 0.625686
0.00780918 0.711948
0.656021 0.0643608
0.907546 0.649784
0.54291 0.358915
0.0876195 0.504948
0.919548 0.633563
0.616121 0.391132
0.0519826 0.822113
0.679546 0.311923
0.453731 0.829199
0.193889 0.444763
0.94939 0.716426
0.745705 0.58181
0.661679 0.260065
0.007442 0.30293
0.885751 0.0152512
0.0148774 0.541772
0.0796119 0.922423
0.191556 0.622522
0.281338 0.279175
0.12747 0.200887
0.912738 0.743591
0.592018 0.964721
0.565704 0.271564
0.276644 0.0194347
0.100763 0.470533
0.464198 0.0501528
0.186959 0.209903
0.631963 0.848638
0.469968 0.639405
0.151568 0.355718
0.654656 0.166445
0.89749 0.734268
0.0888684 0.0890463
0.35679 0.370207
0.368222 0.48426
0.571093 0.28096
0.227851 0.163112
0.245681 0.793555
0.434676 0.522325
0.81299 0.53544
0.992858 0.277187
0.585592 0.179817
0.487091 0.217556
0.0284544 0.957058
0.856961 0.180022
0.312777 0.511617
0.346467 0.210267
0.245885 0.435336
0.299313 0.602675
0.805543 0.667535
0.0869353 0.376636
0.948495 0.314787
0.539748 0.194176
0.108342 0.974424
0.716501 0.921331
0.509864 0.709358
0.198519 0.0954563
0.889175 0.685609
0.313012 0.91763
0.642668 0.169972
0.0976517 0.955444
0.681589 0.444119
0.165712 0.927474
0.879455 0.465025
0.530149 0.684997
0.13256 0.617085
0.0616333 0.0810554
0.931871 0.601381
0.275231 0.0402127
0.575805 0.991732
0.961544 0.0856693
0.70109 0.160063
0.181126 0.590265
0.845672 0.494137
0.507895 0.48834
0.66411 0.605547
0.443784 0.345699
0.0496655 0.609496
0.273173 0.92912
0.074521 0.803323
0.614117 0.207081
0.420407 0.675751
0.288137 0.352278
0.277132 0.563368
0.392491 0.852937
0.5551 0.354035
0.938607 0.25619
0.514098 0.119732
0.846455 0.35977
0.61387 0.35435
0.84811 0.277979
0.959897 0.291895
0.623678 0.00956204
0.901391 0.896852
0.938682 0.975912
0.700174 0.552799
0.182993 0.120582
0.22855 0.47113
0.47286 0.505682
0.0344974 0.865351
0.358619 0.589597
0.219386 0.297226
0.845787 0.733485
0.416958 0.692242
0.093255 0.0308273
0.0465922 0.941365
0.308807 0.00648874
0.23326 0.932485
0.0160508 0.134651
0.829337 0.954733
0.110562 0.529511
0.507532 0.293555
0.650092 0.736082
0.764685 0.122952
0.241764 0.799183
0.988304 0.600383
0.38878 0.20769
0.897609 0.234566
0.941175 0.314567
0.926809 0.0344297
0.345394 0.973401
0.975795 0.654201
0.979889 0.209055
0.586686 0.99594
0.343706 0.416022
0.950673 0.454268
0.945533 0.458206
0.747824 0.595626
0.194288 0.512509
0.718578 0.436052
0.311691 0.706882
0.0364358 0.700471
0.914572 0.934045
0.935037 0.855747
0.248612 0.861846
0.890176 0.594006
0.835247 0.865971
0.248207 0.815136
0.0750264 0.834893
0.811076 0.418732
0.250915 0.761749
0.873 0.196449
0.219955 0.620824
0.792074 0.414243
0.133333 0.510653
0.850295 0.445024
0.217535 0.886731
0.145495 0.132107
0.820776 0.0805325
0.987853 0.0693877
0.942378 0.87803
0.663394 0.777625
0.744001 0.911601
0.592761 0.819028
0.746494 0.403837
0.23776 0.997409
0.165587 0.11076
0.193858 0.385541
0.731584 0.985932
0.799784 0.864917
0.496585 0.65008
0.309942 0.714119
0.53681 0.455437
0.846226 0.357586
0.535969 0.834079
0.426974 0.478348
0.712109 0.090368
0.255973 0.45611
0.00196887 0.848734
0.275138 0.748463
0.252571 0.512898
0.745872 0.418157
0.623658 0.93973
0.803699 0.355242
0.925662 0.603483
0.22016 0.422246
0.253563 0.530102
0.136366 0.790373
0.985539 0.982592
0.147959 0.521508
0.816671 0.574934
0.999856 0.52878
0.665302 0.255828
0.98489 0.66727
0.104562 0.260028
0.415733 0.357133
0.772926 0.161605
0.77529 0.396584
0.101334 0.578989
0.751826 0.026996
0.182472 0.971986
0.449242 0.436035
0.502087 0.585608
0.226408 0.487626
0.5682 0.374367
0.009134 0.384871
0.949301 0.00898975
0.913652 0.614602
0.264818 0.898542
0.281873 0.36938
0.15857 0.697606
0.726513 0.931496
0.859211 0.501803
0.32808 0.960545
0.080792 0.0799058
0.987541 0.263264
0.0518917 0.436783
0.699299 0.553979
0.0223916 0.925707
0.0416052 0.590592
0.300074 0.0507392
0.975463 0.249375
0.0597289 0.889115
0.863977 0.324547
0.787657 0.14585
0.693927 0.946227
0.843456 0.42044
0.877724 0.702666
0.922243 0.205803
0.663211 0.00303547
0.285709 0.650752
0.2663 0.337601
0.0875351 0.965598
0.89158 0.109927
0.891305 0.933185
0.700519 0.191379
0.983924 0.675982
0.440754 0.0436534
0.565097 0.304731
0.3682 0.352754
0.450581 0.0621278
0.298981 0.294036
0.482568 0.176705
0.996703 0.404812
0.382508 0.659914
0.407847 0.668217
0.310665 0.674147
0.00581827 0.398201
0.639745 0.897398
0.508127 0.53105
0.830584 0.208646
0.722429 0.814508
0.884628 0.163182
0.858161 0.449724
0.467913 0.226362
0.802478 0.918494
0.28849 0.101459
0.21253 0.771058
0.278164 0.209233
0.175869 0.660672
0.869147 0.583716
0.328889 0.179812
0.257863 0.334707
0.578013 0.897608
0.232106 0.0861401
0.428658 0.0626893
0.294786 0.151086
0.877197 0.179414
0.314269 0.735359
0.629138 0.782182
0.961721 0.431616
0.700676 0.250211
0.533075 0.913207
0.0212683 0.811239
0.12244 0.197138
0.47191 0.991586
0.780854 0.800799
0.171398 0.0387169
0.135507 0.749411
0.936325 0.367612
0.835551 0.364982
0.430302 0.130337
0.516069 0.307499
0.309751 0.830338
0.042858 0.938889
0.61252 0.00457876
0.370504 0.313196
0.254789 0.903579
0.226403 0.276058
0.714818 0.348842
0.473195 0.186728
0.340429 0.254049
0.987527 0.511827
0.292766 0.123034
0.261238 0.229091
0.490647 0.0967889
0.594073 0.920948
0.227126 0.110142
0.228447 0.536877
0.94048 0.271305
0.475765 0.552999
0.275884 0.84627
0.866196 0.530673
0.749849 0.0925985
0.806731 0.464667
0.441441 0.279926
0.651395 0.78187
0.533975 0.638922
0.293697 0.826742
0.761957 0.554934
0.0558323 0.252603
0.651723 0.649905
0.173551 0.878849
0.760047 0.401999
0.415726 0.700527
0.673304 0.891491
0.253526 0.949188
0.737761 0.119722
0.479862 0.487609
0.21232 0.286593
0.952276 0.653761
0.566519 0.603671
0.435631 0.100494
0.242594 0.729328
0.927236 0.00455027
0.284262 0.983068
0.257153 0.935985
0.632974 0.430705
0.814835 0.393021
0.832704 0.23056
0.0935475 0.506008
0.122051 0.347074
0.455196 0.859812
0.466796 0.935058
0.347421 0.679116
0.22165 0.299698
0.332878 0.788169
0.903369 0.768509
0.888663 0.145962
0.497836 0.815899
0.150513 0.782099
0.798967 0.407666
0.718084 0.431941
0.838371 0.532919
0.824961 0.671075
0.763479 0.918509
0.177082 0.88553
0.265583 0.632278
0.745342 0.732378
0.567336 0.0927633
0.411494 0.788986
0.392461 0.744372
0.577155 0.29583
0.512881 0.465818
0.441792 0.0107171
0.281717 0.592305
0.792816 0.0806845
0.999971 0.5109
0.512625 0.838342
0.0438184 0.337586
0.509416 0.807297
0.256095 0.686499
0.692828 0.521678
0.318777 0.43817
0.254056 0.886113
0.530933 0.66555
0.675099 0.923394
0.409922 0.252255
0.219223 0.922803
0.718073 0.661015
0.93352 0.999791
0.25332 0.726336
0.080475 0.253291
0.237235 0.5931
0.0916323 0.281054
0.930686 0.601049
0.0883511 0.186782
0.287547 0.781179
0.708459 0.606324
0.219348 0.962515
0.492438 0.750281
0.628066 0.167537
0.673675 0.0379878
0.419792 0.892898
0.960791 0.137865
0.553914 0.894311
0.137655 0.807234
0.620646 0.21813
0.0605241 0.857881
0.81123 0.152156
0.138935 0.741917
0.753205 0.227286
0.928698 0.0407524
0.00846509 0.637157
0.647077 0.227814
0.599673 0.139514
0.978095 0.227738
0.307051 0.65177
0.265726 0.726843
0.544669 0.226517
0.864708 0.0985823
0.120827 0.00236284
0.905816 0.741474
0.220493 0.96634
0.599355 0.0317232
0.118496 0.73829
0.77364 0.871701
0.965576 0.702338
0.912454 0.974041
0.339495 0.559531
0.201855 0.939168
0.699045 0.17995
0.166907 0.00609656
0.83172 0.432633
0.73294 0.376389
0.65915 0.597647
0.474971 0.779977
0.60001 0.380787
0.521451 0.820503
0.347127 0.120806
0.852226 0.465623
0.859096 0.625866
0.337325 0.824672
0.328204 0.249779
0.798714 0.6677
0.809309 0.000568692
0.606868 0.508355
0.180519 0.773775
0.514451 0.012239
0.206408 0.247391
0.388628 0.865557
0.845038 0.863599
0.645535 0.445048
0.244386 0.166985
0.265551 0.591513
0.287791 0.117777
0.0571364 0.146887
0.743643 0.394461
0.971559 0.0718473
0.64424 0.770273
0.739547 0.453549
0.770841 0.346415
0.961904 0.95136
0.120189 0.476355
0.963599 0.326597
0.723746 0.352227
0.192154 0.568784
0.215826 0.837689
0.0138318 0.460212
0.00467403 0.279383
0.0517254 0.292465
0.39716 0.108862
0.439352 0.140803
0.503323 0.410911
0.21265 0.147563
0.181183 0.952197
0.601112 0.952025
0.298612 0.563017
0.903385 0.418801
0.0393719 0.866984
0.745398 0.763118
0.219211 0.937552
0.331902 0.435037
0.77524 0.345734
0.895249 0.779914
0.625116 0.946975
0.0723795 0.0222761
0.0558367 0.511731
0.163079 0.55916
0.922642 0.375729
0.706723 0.103826
0.327926 0.307835
0.0558503 0.626538
0.870852 0.959235
0.045339 0.910224
0.826219 0.790737
0.673342 0.04543
0.728288 0.0052437
0.480467 0.503529
0.350977 0.375717
0.283443 0.976094
0.322691 0.355823
0.99837 0.378528
0.867554 0.161449
0.937688 0.790196
0.537178 0.644411
0.894022 0.865105
0.952246 0.949872
0.491643 0.823098
0.909107 0.536982
0.733322 0.735326
0.327718 0.406664
0.780756 0.0560066
0.411908 0.261223
0.559535 0.762885
0.63694 0.842978
0.738979 0.959631
0.198801 0.737349
0.338159 0.0663549
0.898798 0.275847
0.856551 0.435976
0.920258 0.750573
0.301081 0.872505
0.700445 0.792723
0.695603 0.609552
0.329705 0.428925
0.344878 0.657423
0.835589 0.125634
0.71343 0.247496
0.386858 0.272965
0.0103813 0.0237977
0.115943 0.74936
0.983429 0.314744
0.486709 0.321588
0.381099 0.385506
0.597436 0.23765
0.821482 0.517694
0.988223 0.122563
0.390198 0.688668
0.915286 0.0858012
0.29822 0.244991
0.514726 0.643098
0.902414 0.350315
0.768732 0.615844
0.597811 0.15559
0.888809 0.608193
0.179388 0.00475245
0.357553 0.162817
0.319497 0.844261
0.484405 0.700596
0.229768 0.0818408
0.938246 0.05125
0.599535 0.926469
0.173813 0.989733
0.615137 0.0890989
0.0755344 0.913357
0.33409 0.59026
0.556455 0.236504
0.940575 0.325187
0.852348 0.538386
0.480778 0.741157
0.146579 0.660166
0.74591 0.504132
0.822983 0.0654065
0.348393 0.307388
0.766003 0.578161
0.389229 0.704249
0.629411 0.988763
0.630718 0.803223
0.978496 0.245856
0.892322 0.0540307
0.159213 0.226412
0.644291 0.715667
0.462916 0.584866
0.0408549 0.315265
0.123253 0.521633
0.0564218 0.269832
0.181798 0.802331
0.773964 0.00478096
0.867738 0.122357
0.312169 0.633741
0.700517 0.701397
0.33799 0.329928
0.69016 0.968708
0.133151 0.668657
0.214564 0.0254736
0.722688 0.373776
0.251886 0.366979
0.0894439 0.714802
0.951845 0.130299
0.0300668 0.0750982
0.651931 0.0864887
0.34493 0.83373
0.88882 0.118894
0.838511 0.756558
0.24125 0.150679
0.390299 0.941768
0.852077 0.728289
0.271695 0.542237
0.696997 0.404847
0.210894 0.911561
0.43032 0.933582
0.285337 0.682206
0.30056 0.374781
0.397008 0.252406
0.50508 0.427075
0.327504 0.157011
0.513564 0.672434
0.990741 0.402384
0.791328 0.829252
0.158942 0.0325779
0.979931 0.549241
0.974345 0.832008
0.27753 0.246041
0.374245 0.974526
0.650888 0.585139
0.886087 0.0812081
0.518721 0.171424
0.763414 0.819281
0.546205 0.160423
0.0716868 0.0512842
0.587498 0.39919
0.208295 0.101062
0.0716243 0.199036
0.503446 0.862952
0.0282879 0.662389
0.89553 0.00821908
0.21163 0.869875
0.840227 0.489159
0.115916 0.214472
0.463686 0.766804
0.799611 0.349772
0.848012 0.318332
0.521196 0.611426
0.137613 0.0674007
0.771849 0.2093
0.118685 0.359347
0.608491 0.32698
0.460409 0.680115
0.526016 0.963856
0.543067 0.554304
0.626244 0.438597
0.562523 0.837874
0.308472 0.40275
0.327033 0.424388
0.617222 0.790719
0.191192 0.416834
0.140491 0.0392036
0.735166 0.661687
0.65063 0.872779
0.729088 0.422479
0.0820794 0.847773
0.781826 0.69057
0.174753 0.242235
0.370685 0.700769
0.206091 0.913752
0.255073 0.832335
0.352348 0.817597
0.670209 0.66082
0.220347 0.997242
0.085208 0.83757
0.78796 0.2764
0.254403 0.928451
0.315603 0.989569
0.590138 0.966233
0.862349 0.319226
0.388712 0.944428
0.166999 0.170538
0.634998 0.341752
0.412773 0.00568287
0.0425208 0.618864
0.919435 0.297594
0.451199 0.271783
0.115191 0.121407
0.932603 0.335538
0.118649 0.0178108
0.173108 0.906609
0.294211 0.427512
0.83506 0.609814
0.417081 0.425199
0.576047 0.27943
0.744425 0.964759
0.223858 0.911423
0.135297 0.858856
0.253175 0.54807
0.864539 0.295696
0.166934 0.783973
0.59329 0.618132
0.055756 0.708481
0.73954 0.988359
0.0440198 0.858188
0.00616959 0.217128
0.764797 0.30038
0.644639 0.599857
0.910194 0.0617204
0.025056 0.486241
0.34115 0.769481
0.451 0.565008
0.680904 0.586297
0.423864 0.934079
0.134367 0.288402
0.229775 0.301301
0.0723756 0.823065
0.919433 0.128132
0.531547 0.658973
0.11649 0.575566
0.517161 0.12266
0.792694 0.281959
0.42304 0.437334
0.881816 0.333234
0.499054 0.906872
0.819475 0.840204
0.676353 0.270476
0.405212 0.357257
0.856773 0.829076
0.291336 0.991141
0.117478 0.521111
0.292442 0.189854
0.344176 0.211875
0.317985 0.875723
0.870848 0.434476
0.451289 0.388009
0.557135 0.243983
0.669968 0.980176
0.681317 0.551784
0.31341 0.180371
0.458656 0.132885
0.0205758 0.135008
0.403361 0.425788
0.492265 0.260134
0.254864 0.783601
0.251275 0.372342
0.304712 0.543716
0.562196 0.648888
0.755591 0.880181
0.52461 0.626439
0.314657 0.975899
0.0144489 0.871792
0.219883 0.684417
0.851968 0.9012
0.236201 0.165378
0.0815716 0.694857
0.298263 0.102147
0.829865 0.701624
0.527935 0.32213
0.961758 0.782799
0.105731 0.213032
0.155141 0.410442
0.756748 0.717337
0.0593299 0.51234
0.597518 0.58394
0.138779 0.912175
0.55984 0.153228
0.783968 0.779722
0.837645 0.635935
0.680923 0.0738456
0.801313 0.762494
0.768702 0.0995754
0.864642 0.598567
0.801199 0.392577
0.920697 0.762957
0.175376 0.0264279
0.975989 0.330517
0.43687 0.732737
0.0478544 0.4962
0.245077 0.645373
0.0801403 0.383856
0.557548 0.63998
0.537084 0.341515
0.419702 0.374729
0.977451 0.100625
0.448575 0.778764
0.863119 0.217277
0.878339 0.72776
0.815844 0.679538
0.120337 0.736541
0.442495 0.295713
0.762969 0.418483
0.626231 0.199839
0.15122 0.674085
0.696039 0.396297
0.319458 0.776179
0.780153 0.877006
0.416159 0.317237
0.218521 0.835861
0.691966 0.195972
0.936486 0.140541
0.974736 0.799605
0.357817 0.853075
0.527365 0.173661
0.532613 0.647703
0.910202 0.975107
0.943416 0.67317
0.393591 0.569646
0.873009 0.544811
0.243731 0.569048
0.941108 0.563189
0.345228 0.721261
0.440195 0.761387
0.0384982 0.658716
0.597248 0.730464
0.854688 0.533734
0.871005 0.829424
0.333339 0.228822
0.682499 0.860705
0.402483 0.215111
0.508407 0.312685
0.190219 0.451823
0.985855 0.58381
0.0214697 0.858865
0.128621 0.265201
0.427913 0.0697289
0.82839 0.77314
0.79099 0.268585
0.534527 0.829488
0.927301 0.131775
0.559953 0.781989
0.66551 0.430957
0.611413 0.998849
0.65978 0.293911
0.859554 0.0622627
0.509023 0.367961
0.374948 0.699242
0.819784 0.360803
0.283051 0.841254
0.219667 0.411672
0.106455 0.64758
0.481401 0.934845
0.420721 0.272391
0.20343 0.955248
0.101879 0.130731
0.087023 0.661832
0.91272 0.752533
0.0927894 0.524132
0.751381 0.752569
0.818044 0.610935
0.814832 0.327066
0.978896 0.189779
0.026308 0.79868
0.550582 0.309359
0.639934 0.77025
0.721031 0.746389
0.41783 0.202433
0.681234 0.83855
0.474824 0.884664
0.793798 0.576703
0.0153952 0.880821
0.238535 0.928115
0.633354 0.331325
0.452248 0.384735
0.0838935 0.270291
0.99567 0.898725
0.597358 0.974566
0.0885045 0.623666
0.773247 0.639087
0.933025 0.413181
0.409336 0.654057
0.15957 0.827166
0.856489 0.840805
0.665716 0.331313
0.725469 0.459514
0.908016 0.740864
0.340336 0.146551
0.668979 0.973689
0.477875 0.121227
0.358424 0.561769
0.391518 0.354095
0.460494 0.988876
0.328661 0.548999
0.612541 0.101908
0.188085 0.545566
0.515088 0.597422
0.199623 0.674659
0.424588 0.0561122
0.515463 0.0903038
0.387425 0.240932
0.549818 0.295441
0.981796 0.890154
0.441992 0.650775
0.863843 0.919867
0.772002 0.222267
0.481636 0.16352
0.576362 0.942131
0.152396 0.905023
0.491129 0.764937
0.00693076 0.679215
0.310503 0.522019
0.276636 0.510126
0.196678 0.701224
0.566239 0.712141
0.791528 0.953664
0.953073 0.341346
0.249105 0.934869
0.2315 0.691096
0.585645 0.0953426
0.610964 0.357647
0.31761 0.0926
0.521167 0.893972
0.0347306 0.673562
0.798995 0.52586
0.438499 0.805926
0.205075 0.749002
0.327945 0.481711
0.259129 0.524623
0.182935 0.825368
0.236764 0.974463
0.779031 0.189837
0.315809 0.028136
0.124707 0.547309
0.719232 0.710351
0.642651 0.330196
0.067998 0.960261
0.422796 0.589165
0.854234 0.457527
0.262727 0.653229
0.983387 0.701226
0.459155 0.188462
0.450228 0.787101
0.670173 0.709357
0.311724 0.853109
0.534725 0.548488
0.827572 0.313756
0.738326 0.143381
0.341892 0.863032
0.690689 0.0611248
0.573384 0.333341
0.391321 0.641382
0.293602 0.814117
0.230547 0.147835
0.271644 0.493273
0.801065 0.255031
0.194499 0.26022
0.443493 0.644727
0.0473207 0.113666
0.354085 0.359045
0.966774 0.88881
0.907533 0.794346
0.202566 0.645859
0.937727 0.544458
0.508891 0.628416
0.605583 0.0822752
0.961757 0.996904
0.723657 0.255359
0.811021 0.954204
0.403194 0.0826652
0.447477 0.204259
0.337696 0.641976
0.464479 0.781189
0.286704 0.511799
0.894855 0.640788
0.870844 0.861629
0.529598 0.778377
0.655976 0.732164
0.424236 0.593702
0.276622 0.933127
0.222119 0.882205
0.0154026 0.183875
0.879109 0.73906
0.439234 0.69013
0.693263 0.842428
0.772796 0.14074
0.046687 0.110492
0.782717 0.511166
0.891681 0.0694202
0.0229649 0.786535
0.710209 0.893809
0.648165 0.239806
0.672186 0.30414
0.97197 0.096422
0.897843 0.248592
0.0295494 0.119961
0.130798 0.044952
0.303837 0.00990677
0.784012 0.743071
0.700037 0.477275
0.585499 0.472833
0.618015 0.632186
0.583324 0.400732
0.143352 0.475005
0.470152 0.166317
0.26154 0.180361
0.0601257 0.909705
0.420167 0.732312
0.213845 0.392138
0.828734 0.111688
0.64073 0.858283
0.231649 0.771528
0.903235 0.535486
0.781434 0.687247
0.278557 0.481471
0.164522 0.864056
0.954304 0.782537
0.496243 0.537629
0.183269 0.639595
0.0126335 0.653421
0.805911 0.274174
0.833782 0.866037
0.183879 0.253949
0.598349 0.397725
0.646087 0.427083
0.509413 0.286817
0.285366 0.741062
0.0583444 0.188601
0.276548 0.839779
0.875847 0.555105
0.32125 0.0403692
0.419162 0.275554
0.822906 0.915405
0.813183 0.00617553
0.554999 0.825816
0.659597 0.360911
0.0999902 0.493379
0.226948 0.283869
0.747328 0.825297
0.681594 0.393415
0.25238 0.191006
0.680232 0.537745
0.932068 0.738577
0.726346 0.208617
0.578355 0.602193
0.763722 0.899606
0.642563 0.182884
0.17516 0.465469
0.0982888 0.988343
0.471644 0.653288
0.814159 0.131241
0.0141991 0.914149
0.62462 0.241147
0.198019 0.371949
0.0664442 0.879612
0.765364 0.318824
0.0706188 0.445597
0.856569 0.00268728
0.184173 0.582915
0.211304 0.762529
0.185108 0.975026
0.662134 0.827671
0.15791 0.837294
0.29314 0.256199
0.825637 0.764784
0.909487 0.639796
0.896025 0.923686
0.553945 0.520646
0.164834 0.751964
0.892595 0.231278
0.631576 0.657959
0.550101 0.702195
0.103556 0.40667
0.704882 0.287729
0.989585 0.916186
0.0502575 0.174694
0.891212 0.712392
0.00236425 0.0491226
0.549686 0.295504
0.305322 0.375323
0.0602878 0.214809
0.0151187 0.956313
0.138495 0.569064
0.476959 0.303329
0.321028 0.369553
0.534606 0.952604
0.0275122 0.0847078
0.654799 0.131068
0.491378 0.359681
0.418796 0.480964
0.275867 0.469054
0.655657 0.16708
0.181446 0.658021
0.216202 0.731132
0.953525 0.521524
0.106454 0.0138129
0.736332 0.121573
0.970126 0.874828
0.690637 0.447085
0.178156 0.0116645
0.816638 0.712763
0.964268 0.84415
0.79747 0.619067
0.975218 0.288849
0.978748 0.394014
0.769812 0.254615
0.863068 0.425469
0.421695 0.0445139
0.0834903 0.637897
0.775646 0.0370154
0.15942 0.8821
0.0508283 0.895753
0.00367308 0.0209542
0.77058 0.69431
0.468039 0.948736
0.705974 0.284677
0.661499 0.670243
0.128827 0.458969
0.28931 0.104044
0.747818 0.268057
0.498058 0.51763
0.522672 0.361127
0.943099 0.944367
0.405641 0.0265892
0.582263 0.181286
0.0636046 0.741684
0.063386 0.114433
0.637436 0.0670591
0.135387 0.408017
0.761369 0.603426
0.356753 0.467344
0.888102 0.0182517
0.137586 0.0169288
0.477221 0.426896
0.120973 0.225039
0.694953 0.619032
0.742668 0.217625
0.980158 0.685767
0.161992 0.385799
0.712356 0.744256
0.567085 0.775961
0.485939 0.630471
0.890394 0.123376
0.69753 0.0257809
0.531392 0.458899
0.629207 0.888145
0.926243 0.517309
0.906397 0.0638291
0.534238 0.383618
0.490725 0.655211
0.608656 0.185678
0.274243 0.351325
0.403304 0.254401
0.0370917 0.565296
0.6402 0.749448
0.309551 0.207284
0.525409 0.795491
0.837755 0.415803
0.918866 0.535285
0.441584 0.450259
0.994185 0.0707904
0.338404 0.920427
0.588099 0.244801
0.984256 0.122337
0.628418 0.474981
0.777548 0.237074
0.660659 0.0517905
0.588399 0.063963
0.306191 0.625491
0.629259 0.946391
0.374939 0.93881
0.153675 0.900348
0.734301 0.991431
0.31615 0.653167
0.526716 0.757734
0.103426 0.5209
0.828524 0.44183
0.441328 0.416624
0.686631 0.425584
0.538961 0.315049
0.900566 0.316509
0.552123 0.561225
0.368299 0.140522
0.625188 0.674491
0.766013 0.254447
0.620882 0.140951
0.193257 0.774557
0.041299 0.927558
0.765987 0.357449
0.580725 0.292703
0.115184 0.684151
0.813604 0.943708
0.125981 0.254932
0.360332 0.812612
0.680516 0.899293
0.127661 0.581082
0.215802 0.679784
0.142307 0.584101
0.820306 0.767495
0.258592 0.586319
0.0219419 0.879474
0.727271 0.215199
0.65403 0.76857
0.142757 0.420018
0.126019 0.723482
0.712721 0.241203
0.407633 0.526325
0.184911 0.533615
0.781257 0.545242
0.346227 0.461773
0.444535 0.473887
0.0428543 0.660337
0.153672 0.185161
0.244438 0.973978
0.952656 0.50303
0.560297 0.974598
0.382504 0.287568
0.189797 0.0365339
0.0561372 0.332554
0.456552 0.182156
0.0560357 0.169273
0.423359 0.463669
0.695598 0.608269
0.997284 0.476855
0.153512 0.34351
0.938627 0.598047
0.817398 0.981482
0.258384 0.971069
0.166643 0.502822
0.945047 0.119299
0.005852 0.505344
0.093897 0.388356
0.792912 0.283694
0.424889 0.849049
0.616248 0.881441
0.0312052 0.672283
0.050714 0.454564
0.135952 0.746312
0.0628334 0.133236
0.223166 0.216345
0.476747 0.161794
0.814392 0.294144
0.143275 0.072776
0.265214 0.309918
0.575598 0.210261
0.429217 0.58145
0.715605 0.523114
0.969805 0.508517
0.806808 0.394695
0.357566 0.423055
0.276136 0.388771
0.0953386 0.32685
0.843335 0.231291
0.0731621 0.906169
0.364527 0.296329
0.122514 0.841274
0.458122 0.936906
0.135418 0.601398
0.00968181 0.400632
0.911316 0.58528
0.610893 0.340532
0.16673 0.326498
0.863646 0.136535
0.835015 0.670454
0.53123 0.192581
0.0935095 0.807366
0.581353 0.188848
0.134217 0.424688
0.420139 0.207379
0.330856 0.784666
0.503707 0.45337
0.62594 0.96183
0.390276 0.761358
0.563227 0.399958
0.16199 0.474543
0.985237 0.772883
0.815075 0.151967
0.0993811 0.678721
0.288502 0.934396
0.349176 0.819732
0.126978 0.442685
0.627099 0.70833
0.631533 0.761315
0.133018 0.0516722
0.968694 0.463874
0.836338 0.472401
0.917244 0.462278
0.434231 0.30752
0.223636 0.997458
0.707478 0.385626
0.472 0.692715
0.158508 0.287076
0.844683 0.257889
0.965797 0.133185
0.192286 0.314973
0.952917 0.319264
0.757658 0.580016
0.0275941 0.389191
0.341331 0.160612
0.440863 0.310025
0.624487 0.277201
0.782426 0.541731
0.739479 0.216657
0.849251 0.963115
0.214115 0.556729
0.348741 0.686115
0.249445 0.507249
0.973191 0.0941274
0.765138 0.938988
0.227312 0.957424
0.253961 0.18023
0.276688 0.0116186
0.760246 0.304282
0.40081 0.101577
0.464895 0.841673
0.411602 0.0893812
0.118874 0.194028
0.631112 0.858353
0.410685 0.480364
0.821469 0.6248
0.0370931 0.170209
0.310915 0.286538
0.677458 0.284106
0.380665 0.442597
0.223094 0.607978
0.400021 0.477055
0.788207 0.676709
0.488674 0.548453
0.980992 0.889483
0.650029 0.445886
0.731156 0.0616314
0.535267 0.85003
0.25566 0.16638
0.708383 0.666345
0.646743 0.529852
0.291145 0.683837
0.700061 0.60206
0.970374 0.37752
0.886167 0.35104
0.820116 0.109261
0.959017 0.220138
0.586316 0.747224
0.896847 0.0749894
0.295677 0.877839
0.964473 0.945707
0.323725 0.695628
0.00733787 0.858993
0.545658 0.262998
0.0253723 0.254042
0.929342 0.672116
0.783894 0.220487
0.355952 0.483955
0.822548 0.326327
0.861475 0.708714
0.677366 0.681591
0.817975 0.636384
0.901729 0.404291
0.383608 0.798576
0.47928 0.679285
0.676415 0.443753
0.624992 0.000139978
0.139381 0.63233
0.859133 0.685039
0.895327 0.884505
0.939081 0.82467
0.556621 0.722975
0.045157 0.912573
0.20693 0.867705
0.2389 0.0684054
0.576419 0.916266
0.749997 0.394394
0.55265 0.651726
0.798684 0.936258
0.450302 0.277965
0.615544 0.126717
0.721717 0.240536
0.126857 0.861098
0.872865 0.985989
0.546138 0.768193
0.870494 0.485219
0.592862 0.427115
0.208194 0.638019
0.339688 0.415125
0.505724 0.578587
0.48353 0.0821426
0.494854 0.233527
0.476536 0.0475035
0.885253 0.275221
0.983762 0.335554
0.553185 0.599305
0.462271 0.274903
0.839841 0.589128
0.136001 0.712706
0.575117 0.682139
0.480899 0.445611
0.167358 0.0737613
0.872726 0.375552
0.711781 0.212414
0.790676 0.217504
0.791001 0.274206
0.299647 0.285855
0.507733 0.776183
0.333358 0.392986
0.0514043 0.31712
0.72854 0.60459
0.916426 0.190811
0.879492 0.756267
0.779939 0.0154933
0.468973 0.355056
0.697632 0.949872
0.800668 0.86499
0.0236335 0.673394
0.240542 0.735414
0.885808 0.031218
0.952919 0.676809
0.305424 0.252566
0.962664 0.813158
0.0287491 0.296023
0.206143 0.0801534
0.613143 0.934683
0.684743 0.529568
0.125495 0.564235
0.285835 0.905434
0.579729 0.754808
0.26049 0.277361
0.70468 0.0611583
0.14235 0.728314
0.734552 0.382892
0.463728 0.62036
0.41411 0.416647
0.29717 0.719534
0.669212 0.259834
0.532692 0.697961
0.555856 0.738835
0.778115 0.168999
0.673519 0.462858
0.698568 0.799013
0.0270932 0.984403
0.704447 0.606822
0.739211 0.964938
0.884182 0.443891
0.0260961 0.0265326
0.172205 0.760648
0.409424 0.635933
0.381009 0.823534
0.05258 0.678178
0.543068 0.721792
0.938012 0.0757601
0.419754 0.493869
0.814595 0.197869
0.662868 0.488114
0.660726 0.361435
0.287127 0.68782
0.345838 0.991575
0.294642 0.085049
0.956513 0.178824
0.52894 0.982609
0.205357 0.701146
0.743257 0.614781
0.337079 0.124266
0.438315 0.389659
0.802444 0.981383
0.111451 0.740457
0.0571434 0.531205
0.234325 0.871739
0.729074 0.897193
0.359852 0.3898
0.258628 0.64698
0.0776197 0.604466
0.638554 0.372261
0.689515 0.595067
0.551085 0.218456
0.577676 0.756442
0.919602 0.320933
0.371223 0.256681
0.445199 0.809538
0.64634 0.247643
0.790921 0.757791
0.9881 0.848064
0.288996 0.222425
0.719803 0.0180695
0.119618 0.0796554
0.407869 0.378246
0.726635 0.485489
0.982713 0.36519
0.85775 0.672228
0.960257 0.408835
0.890684 0.537932
0.165277 0.810286
0.858865 0.5365
0.0669664 0.304064
0.346037 0.713306
0.551707 0.136958
0.471097 0.539807
0.985023 0.760093
0.762232 0.704826
0.778162 0.88185
0.784481 0.186032
0.260097 0.511116
0.671521 0.242809
0.876306 0.529271
0.915038 0.836562
0.938107 0.805722
0.374494 0.103384
0.616008 0.23336
0.639883 0.682974
0.537424 0.985921
0.39628 0.0891316
0.122879 0.867377
0.628939 0.107902
0.62747 0.391171
0.812727 0.405632
0.273021 0.597208
0.591664 0.533118
0.108324 0.263185
0.775927 0.98463
0.792456 0.690965
0.821192 0.730563
0.496687 0.195687
0.833946 0.112695
0.429046 0.47383
0.79567 0.96647
0.459751 0.19195
0.055602 0.58263
0.0593271 0.684541
0.690531 0.686797
0.0757119 0.503259
0.0924292 0.348733
0.100467 0.684093
0.881851 0.208791
0.947278 0.657778
0.193421 0.739734
0.348744 0.0146134
0.470296 0.845431
0.2103 0.304242
0.958126 0.639346
0.778072 0.753796
0.605817 0.237823
0.945746 0.661419
0.820452 0.005073
0.345959 0.510984
0.69187 0.421671
0.0142423 0.784299
0.770404 0.114709
0.468392 0.652255
0.323501 0.41567
0.310034 0.516922
0.155404 0.658777
0.531535 0.6257
0.504208 0.741835
0.929942 0.462335
0.381181 0.708014
0.216131 0.986998
0.945837 0.161877
0.648417 0.766289
0.16695 0.994376
0.277273 0.85882
0.416047 0.291515
0.643119 0.186452
0.406224 0.111511
0.838707 0.729725
0.527181 0.148741
0.246647 0.682585
0.807518 0.778182
0.308285 0.311727
0.520017 0.238227
0.774061 0.901199
0.946241 0.990192
0.888197 0.892078
0.152069 0.536614
0.658367 0.319018
0.53099 0.93564
0.177838 0.947037
0.227155 0.820957
0.133489 0.633379
0.932468 0.972196
0.363104 0.459649
0.120937 0.609751
0.142234 0.928455
0.387933 0.450519
0.240182 0.90795
0.688745 0.0142434
0.809149 0.634986
0.0044355 0.697346
0.527064 0.156504
0.23396 0.185431
0.475522 0.76495
0.121071 0.65336
0.711987 0.348226
0.474317 0.845476
0.981605 0.406785
0.817672 0.344709
0.866434 0.938609
0.954459 0.00866806
0.867064 0.342392
0.459187 0.107246
0.250342 0.147932
0.121489 0.0594916
0.782918 0.125925
0.756838 0.309982
0.282429 0.990797
0.495414 0.757952
0.755747 0.616485
0.411312 0.467734
0.96471 0.885629
0.313209 0.946315
0.292414 0.130881
0.291023 0.158848
0.0694898 0.245483
0.167516 0.936554
0.587875 0.626703
0.0437998 0.838217
0.774635 0.165289
0.897709 0.557553
0.291214 0.654547
0.867535 0.573643
0.645344 0.362949
0.331595 0.401091
0.979434 0.742907
0.868825 0.944144
0.628536 0.182034
0.890459 0.92095
0.312915 0.181482
0.0797979 0.382405
0.426965 0.247314
0.318959 0.0148399
0.874017 0.362758
0.853057 0.648652
0.528048 0.750766
0.206205 0.819262
0.405313 0.07374
0.392905 0.0506568
0.436689 0.7245
0.451748 0.416123
0.467406 0.320572
0.360267 0.0959419
0.502606 0.250726
0.0168916 0.815521
0.432208 0.0966895
0.197926 0.859173
0.344004 0.516885
0.874013 0.218021
0.879643 0.72707
0.866673 0.407691
0.477836 0.0728773
0.226953 0.883149
0.146617 0.619858
0.933806 0.583306
0.344357 0.385554
0.999429 0.811763
0.706126 0.359696
0.907705 0.208732
0.610421 0.924597
0.0242537 0.0426291
0.0212865 0.22218
0.901802 0.36529
0.739065 0.775815
0.583311 0.618708
0.502885 0.449984
0.0263988 0.980722
0.522861 0.253352
0.863871 0.669478
0.873209 0.797677
0.252785 0.217566
0.183231 0.252214
0.0293299 0.889357
0.611909 0.937035
0.0980892 0.22233
0.861632 0.122343
0.26496 0.882919
0.344523 0.166762
0.248209 0.0835873
0.942577 0.83152
0.702295 0.445462
0.281504 0.728694
0.426184 0.804365
0.982046 0.290055
0.473843 0.855255
0.0877319 0.726627
0.0728212 0.270963
0.978841 0.102151
0.160319 0.59075
0.0391864 0.258408
0.813081 0.900819
0.380751 0.0780401
0.783737 0.725274
0.244802 0.0319464
0.808861 0.187379
0.863466 0.511157
0.632841 0.14497
0.239851 0.0590248
0.949334 0.221896
0.34908 0.423177
0.0771508 0.436812
0.149805 0.149972
0.707774 0.128646
0.252123 0.868093
0.719396 0.29131
0.126502 0.532476
0.192128 0.507253
0.610516 0.975866
0.232527 0.855318
0.00781198 0.0413885
0.0426969 0.871278
0.552545 0.675538
0.0162482 0.792396
0.734562 0.965583
0.0142917 0.0836422
0.38876 0.0914426
0.520454 0.538564
0.241415 0.228228
0.66721 0.493538
0.0963211 0.386606
0.784847 0.222823
0.919082 0.976975
0.730076 0.529598
0.952841 0.962603
0.384917 0.960653
0.00399167 0.427614
0.831931 0.556537
0.103151 0.84818
0.348932 0.837714
0.813762 0.363224
0.921356 0.202522
0.454667 0.44181
0.741086 0.696081
0.670037 0.408296
0.189619 0.766358
0.794902 0.974466
0.989181 0.713984
0.951442 0.719257
0.243582 0.904283
0.68186 0.628499
0.864936 0.685852
0.0561125 0.696867
0.242389 0.159264
0.545047 0.591321
0.996978 0.358809
0.954545 0.918334
0.561331 0.409212
0.360143 0.302417
0.105293 0.0301807
0.710714 0.294912
0.796539 0.505616
0.269378 0.78572
0.2196 0.22082
0.504978 0.463182
0.125103 0.186838
0.0916809 0.990039
0.87269 0.147793
0.686906 0.115079
0.307057 0.231952
0.7064 0.304035
0.590761 0.660946
0.222369 0.152092
0.0701577 0.582512
0.454509 0.175451
0.612693 0.165223
0.470363 0.409232
0.670838 0.739742
0.194952 0.890438
0.960562 0.69993
0.35362 0.0856647
0.886768 0.4453
0.0757032 0.759458
0.593094 0.762609
0.874537 0.900151
0.994561 0.580938
0.204186 0.585322
0.241883 0.426555
0.737414 0.312041
0.00906664 0.191923
0.487492 0.621759
0.357145 0.957855
0.0309909 0.0279832
0.697597 0.225943
0.918421 0.658159
0.925873 0.272041
0.743824 0.812641
0.717341 0.819527
0.572099 0.310435
0.582136 0.446636
0.210586 0.576697
0.027574 0.414772
0.162019 0.269457
0.841327 0.899432
0.581498 0.850393
0.091355 0.0689905
0.472153 0.4485
0.026846 0.503144
0.476483 0.724443
0.729087 0.394904
0.382602 0.65496
0.666945 0.126426
0.4676 0.384286
0.945954 0.0396995
0.694721 0.52809
0.486336 0.905307
0.104787 0.51391
0.320079 0.266805
0.783367 0.161406
0.166238 0.364865
0.0117992 0.257593
0.433856 0.483952
0.706093 0.460702
0.987096 0.182576
0.185145 0.716182
0.57748 0.567748
0.371142 0.244425
0.694174 0.838742
0.628711 0.640128
0.878442 0.323432
0.168217 0.364778
0.228738 0.273004
0.878687 0.548817
0.539809 0.662055
0.710223 0.706047
0.0269201 0.722022
0.96364 0.460776
0.205974 0.669732
0.921478 0.19307
0.852308 0.106623
0.909252 0.429789
0.674371 0.280394
0.674214 0.368545
0.119136 0.302925
0.00867275 0.997578
0.626356 0.17689
0.362356 0.855095
0.449894 0.241043
0.403912 0.989703
0.903098 0.114135
0.69575 0.930018
0.836157 0.65939
0.390794 0.0421306
0.329122 0.312272
0.2352 0.181431
0.418895 0.144452
0.611219 0.0932661
0.424846 0.285433
0.461811 0.543982
0.588358 0.470484
0.54156 0.214714
0.647374 0.903916
0.069809 0.0972678
0.144959 0.473721
0.0869709 0.0480572
0.587855 0.782721
0.978075 0.424012
0.442111 0.368869
0.466143 0.771233
0.681141 0.701343
0.952663 0.100036
0.845795 0.563883
0.193303 0.270641
0.849316 0.655114
0.814623 0.437674
0.125597 0.356183
0.652388 0.772971
0.260099 0.722197
0.870239 0.405058
0.195918 0.95721
0.453116 0.783774
0.739931 0.431191
0.207786 0.182042
0.80006 0.673928
0.953274 0.481201
0.375271 0.905938
0.581238 0.221066
0.46982 0.77454
0.491707 0.319136
0.429654 0.30633
0.75681 0.555251
0.662513 0.409199
0.328223 0.922612
0.131396 0.198462
0.32767 0.327314
0.155672 0.780786
0.111088 0.895603
0.211977 0.318873
0.0776449 0.0120368
0.992801 0.0309192
0.493238 0.368072
0.936857 0.0744757
0.589138 0.406677
0.849016 0.0808449
0.725814 0.27867
0.387175 0.482624
0.833921 0.0496873
0.891822 0.162144
0.972299 0.0232185
0.360606 0.29997
0.350533 0.516278
0.0807555 0.46162
0.411881 0.292732
0.780494 0.489526
0.304769 0.773295
0.520445 0.798007
0.141367 0.457302
0.872483 0.730506
0.863979 0.721499
0.81135 0.589793
0.000168391 0.198525
0.0724165 0.834089
0.248212 0.964239
0.996233 0.220512
0.987458 0.356839
0.520481 0.33799
0.873117 0.601237
0.799611 0.284998
0.893969 0.580104
0.774524 0.198738
0.353399 0.294969
0.996745 0.494766
0.752271 0.869228
0.225272 0.61625
0.590727 0.0366225
0.206043 0.590895
0.235148 0.278459
0.424984 0.48336
0.242698 0.421218
0.703871 0.230156
0.778056 0.224352
0.568146 0.651173
0.825589 0.367757
0.936171 0.719558
0.947861 0.710694
0.918296 0.30126
0.00566306 0.915041
0.796026 0.757934
0.784269 0.0212984
0.374184 0.374996
0.0579209 0.580226
0.965891 0.293068
0.858685 0.390875
0.776428 0.101383
0.812092 0.4803
0.331539 0.590149
0.704652 0.899685
0.241322 0.530241
0.267442 0.177493
0.249799 0.215302
0.888187 0.168095
0.516562 0.89385
0.0831362 0.312589
0.651784 0.867405
0.333887 0.0259675
0.242401 0.391808
0.606194 0.208291
0.684876 0.464879
0.599166 0.461305
0.566262 0.411259
0.941605 0.897801
0.00140738 0.646257
0.797486 0.242729
0.176498 0.0649281
0.420222 0.426297
0.280231 0.308409
0.594392 0.796793
0.202259 0.677528
0.109382 0.854043
0.544934 0.443269
0.880011 0.787334
0.835077 0.486204
0.995626 0.519953
0.951083 0.594792
0.981258 0.517346
0.00605015 0.922863
0.415147 0.00745754
0.569119 0.212633
0.250187 0.745617
0.277561 0.670409
