0.0968706 0.600737
0.91434 0.408418
0.391628 0.687386
0.455082 0.772836
0.782805 0.660624
0.186253 0.193377
0.753813 0.319157
0.488672 0.729015
0.457444 0.352179
0.448292 0.184152
0.757592 0.818725
0.812796 0.180941
0.971301 0.325354
0.654332 0.325394
0.556853 0.385673
0.187862 0.640691
0.105626 0.125096
0.045539 0.403015
0.792939 0.506995
0.176571 0.566863
0.15213 0.362466
0.74419 0.878623
0.672349 0.25378
0.624683 0.129738
0.605192 0.0734213
0.309668 0.386689
0.887129 0.126769
0.564207 0.868805
0.467715 0.21562
0.196839 0.0339735
0.599641 0.390995
0.669664 0.612764
0.502959 0.717269
0.0197433 0.287061
0.202772 0.189145
0.872473 0.35455
0.545092 0.643986
0.248329 0.216213
0.89202 0.871085
0.350627 0.501355
0.91779 0.665337
0.87225 0.829717
0.782509 0.452307
0.711503 0.254474
0.711919 0.855099
0.27686 0.262327
0.26369 0.890402
0.859891 0.800943
0.690147 0.856486
0.0842518 0.837518
0.0235782 0.890889
0.216267 0.617342
0.605713 0.465324
0.830558 0.527981
0.335423 0.184886
0.0125193 0.274668
0.839776 0.885658
0.120072 0.606558
0.330522 0.824784
0.875768 0.988306
0.739721 0.160568
0.250099 0.0497443
0.0948217 0.152401
0.829482 0.771599
0.00450939 0.897969
0.639682 0.106211
0.897525 0.852593
0.723633 0.520587
0.323386 0.562961
0.0267399 0.615132
0.753216 0.0280399
0.930128 0.596809
0.918542 0.0508144
0.228845 0.256376
0.875733 0.109055
0.254499 0.608937
0.269049 0.49604
0.657997 0.377018
0.640792 0.506403
0.146798 0.657498
0.453412 0.792602
0.780827 0.358412
0.638852 0.509751
0.858413 0.95789
0.0607181 0.853142
0.625098 0.823714
0.903252 0.561241
0.448353 0.845061
0.606302 0.652072
0.112085 0.48201
0.763457 0.348883
0.115343 0.0726287
0.842179 0.754716
0.411721 0.499677
0.263215 0.541318
0.169366 0.693449
0.309578 0.906781
-0.00299774 0.905515
0.462689 0.915981
0.917599 0.573999
0.814603 0.56099
0.37263 0.737533
0.103994 0.790019
0.589692 0.728565
0.453353 0.661549
0.211099 0.213169
0.00853492 0.301008
0.224826 0.811179
0.0647723 0.614169
0.359253 0.322771
0.205525 0.522526
0.0362977 0.547726
0.489331 0.0799874
0.534822 0.942152
0.0259104 0.482682
0.520696 0.834652
0.0503526 0.818003
0.556185 0.174234
0.653727 0.126291
0.903283 0.103853
0.787343 0.113806
0.308987 0.792343
0.434154 0.548589
0.650149 0.481318
0.196143 0.0268439
0.801249 0.411559
0.559696 0.81656
0.946552 0.0457042
0.896434 0.494097
0.947494 0.873341
0.899775 0.5212
0.734826 0.009922
0.343503 0.29409
0.082085 0.855289
0.418331 0.0877051
0.106498 0.21298
0.194279 0.42501
0.969122 0.65022
0.938483 0.651856
0.0879351 0.190123
0.698132 0.863883
0.578359 0.22473
0.716351 0.528797
0.271407 0.622966
0.0110811 0.258068
0.544161 0.952159
0.7557 0.279272
0.97125 0.101168
0.567462 0.155161
0.0393149 0.914145
0.242403 0.203549
0.209369 0.448773
0.620893 0.188774
0.0728698 0.564433
0.841229 0.162934
0.764375 0.522628
0.0637134 0.347392
0.7579 0.776594
0.872276 0.00590698
0.414529 0.872198
0.23059 0.878559
0.837381 0.0285913
0.197837 0.804182
0.107728 0.788498
0.963508 0.230453
0.781365 0.208094
0.428647 0.962445
0.647458 0.053878
0.154231 0.697333
0.64473 0.00195119
0.872074 0.427277
0.515163 0.922212
0.764645 0.250035
0.713947 0.636547
0.245042 0.130126
0.491156 0.535127
0.0829368 0.348798
0.553587 0.307375
0.155155 0.668984
0.098013 0.140188
0.911312 0.882328
0.322257 0.34677
0.860616 0.932025
0.433397 0.0203555
0.684931 0.0437845
0.0240333 0.559931
0.472803 0.51128
0.489502 0.22469
0.775229 0.207572
0.861474 0.027914
0.327652 0.376634
0.552169 0.41235
0.724332 0.107032
0.71442 0.87516
0.772419 0.824099
0.00584729 0.664027
0.706014 0.334175
0.0508146 0.568299
0.310966 0.443056
0.580007 0.98477
0.4986 0.583452
0.554613 0.934392
0.141119 0.0689263
0.156691 0.830268
0.238415 0.0345472
0.918845 0.573368
0.405646 0.470897
0.988711 0.128201
0.592468 0.706113
0.0133457 0.366493
0.506461 0.0166094
0.0784324 0.226903
0.345876 0.110511
0.79176 0.65641
0.551704 0.369463
0.644819 0.035755
0.959817 0.197492
0.978512 0.0780326
0.233602 0.150864
0.906516 0.511232
0.169782 0.832694
0.0652627 0.587889
0.378384 0.0440993
0.742232 0.905261
0.747978 0.720993
0.309209 0.285308
0.732713 0.381902
0.517622 0.0782136
0.489575 0.312347
0.73093 0.0411391
0.680406 0.378818
0.0807244 0.61
0.573383 0.0554989
0.733764 0.805397
0.199176 0.682528
0.288367 0.385134
0.579505 0.35192
0.938583 0.913359
0.40249 0.667573
0.885661 0.157036
0.386481 0.19666
0.439303 0.120279
0.57891 0.948445
0.185511 0.0719334
0.234144 0.857272
0.0533239 0.883725
0.306293 0.181413
0.597277 0.86918
0.237129 0.313467
0.689586 0.440285
0.987552 0.938521
0.815731 0.572351
0.334824 0.777831
0.52942 0.737052
0.445017 0.405976
0.879082 0.8287
0.603737 0.331001
0.951439 0.179217
0.287062 0.148857
0.246882 0.546
0.0820693 0.34764
0.510955 0.385873
0.5293 0.10239
0.253755 0.773717
0.408015 0.946317
0.200754 0.420382
0.940758 0.0215237
0.991964 0.276437
0.791344 0.532187
0.0234118 0.232058
0.896139 0.900005
0.0850005 0.526829
0.22674 0.0287988
0.696525 0.524185
0.131929 0.870549
0.0840228 0.251235
0.295838 0.58411
0.647439 0.82455
0.707633 0.887281
0.589192 0.107147
0.845718 0.792519
0.535406 0.803647
0.808031 0.533804
0.0889757 0.582421
0.0937819 0.121857
0.842806 0.941663
0.960082 0.884468
0.469029 0.226326
0.954281 0.172627
0.74817 0.129862
0.126473 0.816833
0.381604 0.409004
0.421027 0.036755
0.224071 0.118255
0.913702 0.818461
0.194269 0.78556
0.614367 0.745804
0.589556 0.43332
0.251276 0.667193
0.0478467 0.273219
0.740515 0.869286
0.208775 0.753212
0.827597 0.689655
0.948084 0.7662
0.858425 0.729952
0.912125 0.971705
0.557665 0.293232
0.37262 0.942844
0.315921 0.615443
0.0970008 0.240924
0.443995 0.311865
0.072306 0.136993
0.0605859 0.584001
0.492412 0.303281
0.292133 0.527998
0.578121 0.0533631
0.444752 0.802638
0.807652 0.268506
0.503069 0.792424
0.0504761 0.348697
0.521069 0.94829
0.332741 0.0655973
0.246926 0.71278
0.0566889 0.577482
0.337295 0.143548
0.784733 0.783119
0.480385 0.841598
0.834748 0.531731
0.451637 0.335612
0.797578 0.74404
0.87005 0.396858
0.796435 0.314444
0.190919 0.592447
0.576522 0.678337
0.39396 0.61811
0.0112173 0.865026
0.580448 0.354447
0.911975 0.799529
0.0968979 0.0921175
0.397719 0.406555
0.181698 0.206749
0.191371 0.631339
0.0666823 0.107964
0.172789 0.492967
0.338069 0.919315
0.233161 0.242009
0.365662 0.0176261
0.53066 0.540832
0.628615 0.12411
0.203655 0.0295735
0.746145 0.23863
0.908548 0.331904
0.596723 0.899808
0.157861 0.647733
0.914036 0.591143
0.0989275 0.161832
0.759546 0.261392
0.7421 0.800111
0.263545 0.848868
0.283989 0.656717
0.853017 0.520165
0.901089 0.211653
0.537761 0.453007
0.742907 0.170942
0.579189 0.942988
0.190271 0.322192
0.177732 0.123627
0.638604 0.786155
0.0469146 0.769412
0.435188 0.961974
0.366661 0.508859
0.0975654 0.136381
0.765411 0.869953
0.915013 0.0587288
0.785745 0.201127
0.715834 0.649731
0.712334 0.617772
0.859856 0.256083
0.0797278 0.567916
0.428812 0.638769
0.555074 0.614405
0.959397 0.74093
0.730451 0.60961
0.537821 0.762135
0.408482 0.949042
0.755135 0.765438
0.496553 0.859739
0.894974 0.24018
0.740772 0.804791
0.298372 0.503001
0.0310062 0.111463
0.155073 0.70962
0.630783 0.0222907
0.96674 0.697434
0.622198 0.400191
0.344832 0.177752
0.0145359 0.30531
0.916596 0.741626
0.913116 0.460841
0.505221 0.332362
0.404043 0.246533
0.0927679 0.848233
0.100334 0.0491184
0.124197 0.811255
0.812451 0.419891
0.327519 0.818819
0.42734 0.489448
0.540771 0.0577499
0.494549 0.526697
0.75998 0.139307
0.916431 0.105274
0.282693 0.87689
0.412955 0.236854
0.672813 0.332858
0.679287 0.177461
0.664522 0.0843559
0.428656 0.776994
0.916726 0.551843
0.772836 0.0733993
0.347155 0.578629
0.486737 0.676918
0.39872 0.90037
0.128835 0.874117
0.948145 0.682581
0.467287 0.729033
0.823004 0.387168
0.830431 0.137765
0.30659 0.244363
0.349726 0.938123
0.575486 0.0532469
0.16039 0.245509
0.138772 0.553653
0.0949775 0.113402
0.113831 0.759703
0.210528 0.435285
0.370905 0.650073
0.099947 0.760143
0.560892 0.28301
0.710568 0.530008
0.965868 0.179412
0.229582 0.788676
0.556174 0.0829205
0.915575 0.859399
0.324399 0.298517
0.838753 0.897265
0.318816 0.949981
0.173798 0.489436
0.57902 0.154829
0.583138 0.679908
0.934762 0.749354
0.119734 0.312419
0.40152 0.234433
0.0261164 0.887635
0.533008 0.797004
0.481698 0.491797
0.972245 0.740767
0.271539 0.517919
0.825088 0.194474
0.395607 0.151552
0.488578 0.239017
0.06047 0.799824
0.238394 0.19737
0.315798 0.81512
0.338893 0.879194
0.49546 0.2911
0.649396 0.613104
0.598474 0.0540431
0.84858 0.678714
0.0205214 0.363821
0.456208 0.516104
0.843635 0.464309
0.240292 0.120255
0.983858 0.0742206
0.305049 0.384499
0.196634 0.797158
0.618857 0.279647
0.639011 0.850448
0.474813 0.946797
0.683886 0.825711
0.859871 0.171473
0.129562 0.516414
0.77637 0.722551
0.56716 0.633763
0.405656 0.578183
0.933764 0.836293
0.0930599 0.816618
0.319777 0.342502
0.962999 0.292414
0.412698 0.272278
0.686739 0.637231
0.0718331 0.307687
0.914564 0.701844
0.202332 0.381442
0.670546 0.841124
0.223793 0.505123
0.0114166 0.339595
0.0500831 0.760631
0.0695526 0.566919
0.427426 0.452545
0.198016 0.435708
0.32832 0.274487
0.272037 0.651268
0.612499 0.234425
0.963605 0.0259024
0.507347 0.65419
0.66063 0.574823
0.954654 0.594151
0.27381 0.126784
0.953415 0.90496
0.96531 0.200299
0.443854 0.937877
0.528187 0.505192
0.767734 0.599597
0.10265 0.203941
0.0584937 0.279788
0.619216 0.385992
0.557728 0.881741
0.0830033 0.140728
0.124359 0.0343083
0.193777 0.625819
0.654179 0.859541
0.208075 0.611375
0.440761 0.481925
0.74389 0.417185
0.435185 0.710808
0.626884 0.880964
0.682986 0.156033
0.396432 0.449067
0.753147 0.501616
0.655688 0.813528
0.775534 0.268196
0.197441 0.33152
0.160419 0.241658
0.495643 0.282224
0.238975 0.683658
0.908049 0.895295
0.54415 0.121389
0.50636 0.964465
0.610394 0.25767
0.420283 0.0551989
0.965865 0.0146601
0.912939 0.649925
0.171243 0.336633
0.0745057 0.892225
0.818119 0.740912
0.736707 0.604387
-0.0103575 0.882207
0.933689 0.16796
0.21403 0.425245
0.449216 0.408753
0.132995 0.340284
0.307237 0.658842
0.515009 0.83073
0.64514 0.0944213
0.10773 0.0942501
0.124362 0.0684914
0.108555 0.134064
0.693691 0.229853
0.415913 0.799219
0.158537 0.245116
0.540048 0.883719
0.845489 0.544346
0.807431 0.776299
0.76615 0.888247
0.205163 0.164758
0.404696 0.324604
0.530709 0.713906
0.986343 0.00989854
0.534378 0.633624
0.112806 0.587032
0.676445 0.240878
0.640091 0.738644
0.310891 0.352773
0.961571 0.72569
0.131003 0.130826
0.946173 0.6783
0.0234188 0.768447
0.195425 0.82379
0.595014 0.927837
0.813377 0.795141
0.109018 0.241839
0.126678 0.608468
0.948648 0.107977
0.634574 0.483161
0.725177 0.742501
0.106729 0.409612
0.97728 0.750347
0.150649 0.30389
0.108073 0.139067
0.0394897 0.230523
0.16938 0.870615
0.919596 0.247291
0.805396 0.146858
0.0859674 0.391375
0.0660603 0.87316
0.190919 0.192917
0.147122 0.315385
0.819391 0.0968278
0.420261 0.455232
0.577947 0.158628
0.200392 0.666099
0.573863 0.184618
0.425145 0.727631
0.46133 0.529553
0.831374 0.535064
0.760022 0.0729841
0.508204 0.68126
0.313964 0.312599
0.827091 0.406848
0.718296 0.896013
0.284655 0.841275
0.124212 0.455278
0.153502 0.83211
0.552287 0.627821
0.379547 0.129025
0.785118 0.580066
0.80262 0.366198
0.76605 0.224629
0.0874057 0.248267
0.763911 0.869527
0.757552 0.51144
0.995567 0.26566
0.182412 0.314522
0.561389 0.0206078
0.710064 0.282124
0.918281 0.0180523
0.169995 0.0263898
0.473659 0.382467
0.941568 0.0245651
0.0111769 0.318644
0.13471 0.784629
0.894274 0.952544
0.152875 0.653607
0.180294 0.242402
0.895879 0.914074
0.157917 0.664773
0.420125 0.156492
0.935441 0.604024
0.446405 0.521726
0.608438 0.179278
0.791444 0.545404
0.114822 0.862239
0.549972 0.671038
0.362519 0.489007
0.693944 0.369431
0.798039 0.847963
0.156713 0.6999
0.803579 0.322396
0.360431 0.938982
0.554432 0.297688
0.895381 0.71302
0.975757 0.284787
0.864512 0.915085
0.915655 0.347536
0.457273 0.516465
0.519241 0.236395
0.0541873 0.687093
0.21313 0.594155
0.395946 0.563437
0.137541 0.126982
0.887578 0.886373
0.92822 0.0992279
0.617054 0.734273
0.403686 0.973796
0.765135 0.914699
0.292455 0.599736
0.685032 0.266135
0.902187 0.565885
0.160306 0.78864
0.895152 0.623154
0.370058 0.413974
0.867866 0.443319
0.122244 0.0925955
0.0411136 0.52033
0.637112 0.115851
0.586283 0.573985
0.0302824 0.528857
0.669318 0.627191
0.246377 0.0914335
0.624829 0.954182
0.0386998 0.87153
0.59587 0.740586
0.168615 0.482831
0.292967 0.366794
0.339356 0.194272
0.974307 0.705536
0.613593 0.831642
0.127666 0.727089
0.909326 0.161839
0.262355 0.532897
0.240923 0.854792
0.120494 0.295624
0.386187 0.797797
0.925594 0.637381
0.878363 0.538916
0.613484 0.923976
0.453185 0.180937
0.676541 0.629407
0.777756 0.882489
0.992311 0.0172272
0.0991158 0.875385
0.743664 0.772788
0.806523 0.860974
0.528249 0.727233
0.034451 0.748137
0.271965 0.299171
0.638251 0.39301
0.585407 0.0242421
0.18114 0.494917
0.664286 0.0643008
0.0551668 0.270419
0.0178374 0.505269
0.456272 0.682754
0.124406 0.143158
0.657289 0.128246
0.146371 0.823247
0.089839 0.845874
0.616214 0.906253
0.735746 0.133103
0.631724 0.76246
0.901671 0.915551
0.0639844 0.563068
0.310521 0.639805
0.56866 0.496709
0.157823 0.24569
0.557472 0.205487
0.488941 0.567645
0.760975 0.915433
0.210825 0.821212
0.0778278 0.862846
0.972479 0.245008
0.72457 0.0776019
0.117908 0.342096
0.930589 0.817225
0.469957 0.638881
0.609045 0.380126
0.562617 0.664722
0.920611 0.865941
0.311136 0.503122
0.365618 0.462161
0.766789 0.862753
0.667865 0.261817
0.479989 0.377444
0.221802 0.713429
0.224484 0.326319
0.61402 0.197559
0.566408 0.338752
0.274421 0.680723
0.673185 0.272233
0.535846 0.139112
0.914433 0.147013
0.512881 0.478844
0.806005 0.46193
0.344352 0.117379
0.953815 0.707685
0.594932 0.706259
0.628692 0.248364
0.968972 0.10824
0.626005 0.196456
0.813862 0.848109
0.517554 0.441271
0.100915 0.148737
0.77911 0.326456
0.766282 0.45611
0.593618 0.305431
0.583902 0.509537
0.450514 0.111782
0.981968 0.26191
0.560062 0.326971
0.386873 0.518489
-0.00931843 0.886319
0.226646 0.658252
0.20774 0.197378
0.756332 0.837318
0.397363 0.592356
0.711174 0.876637
0.0374409 0.701969
0.915115 0.777683
0.060989 0.734944
0.266599 0.64034
0.0700883 0.822925
0.152399 0.523189
0.964607 0.135465
0.774534 0.541265
0.461658 0.162194
0.0612789 0.499996
0.12367 0.274258
0.160257 0.331544
0.467608 0.919815
0.13582 0.796185
0.522971 0.841195
0.770094 0.560032
0.598203 0.763423
0.379959 0.622616
0.533638 0.644636
0.272194 0.596392
0.498687 0.422586
0.152286 0.464911
0.561779 0.899262
0.987993 0.01946
0.0948833 0.0877598
0.515392 0.192206
0.302266 0.671879
0.536825 0.768454
0.606457 0.680512
0.625645 0.13187
0.527842 0.395316
0.694939 0.102628
0.14401 0.0802638
0.722837 0.692989
0.766036 0.885908
0.296709 0.213484
0.420277 0.421048
0.778138 0.881616
0.332417 0.661788
0.918422 0.400262
0.691357 0.5142
0.600608 0.987099
0.175958 0.121183
0.74308 0.797486
0.800231 0.400804
0.914409 0.332408
0.787108 0.618131
0.427236 0.93964
0.690537 0.155572
0.640092 0.406019
0.114089 0.863124
0.608699 0.57305
0.358665 0.297518
0.555215 0.694175
0.926247 0.58339
0.0970379 0.6291
0.0604027 0.660727
0.65508 0.246236
0.806343 0.430884
0.0485995 0.562578
0.813138 0.909744
0.923224 0.599551
0.579897 0.357372
0.549344 0.27033
0.512378 0.190823
0.672112 0.663663
0.129402 0.296608
0.235372 0.468816
0.616727 0.779094
0.191144 0.535472
0.333917 0.280208
0.201141 0.399692
0.902675 0.83106
0.630987 0.78737
0.280661 0.675464
0.378691 0.0941691
0.640003 0.308346
0.696596 0.220288
0.665169 0.245677
0.489464 0.177646
0.435834 0.165068
0.842061 0.561091
0.458215 0.0860247
0.0890908 0.109834
0.869581 0.239365
0.594528 0.204721
0.531949 0.798683
0.592421 0.486377
0.657944 0.23943
0.217399 0.861388
0.92345 0.631791
0.0404881 0.563448
0.941423 0.729637
0.775875 0.609063
0.974129 0.267261
0.78805 0.417847
0.436481 0.623843
0.917881 0.857891
0.709569 0.0298697
0.932167 0.57813
0.269438 0.515211
0.760238 0.78706
0.324452 0.385638
0.204841 0.886058
0.615099 0.52564
0.887869 0.568426
0.117835 0.883839
0.116172 0.136758
0.681525 0.88018
0.713188 0.660247
0.152993 0.503619
0.0767863 0.588649
0.127753 0.0713118
0.481065 0.851485
0.0814171 0.389736
0.421676 0.342637
0.921332 0.208611
0.129722 0.254815
0.589076 0.39323
0.23565 0.212606
0.918112 0.160637
0.751156 0.0803752
0.116033 0.836179
0.150287 0.801378
0.731744 0.871066
0.492043 0.865666
0.420551 0.529111
0.441113 0.530505
0.585871 0.87012
0.385052 0.655337
0.251357 0.808026
-0.00245355 0.195177
0.121893 0.108083
0.450136 0.594897
0.522076 0.678437
0.812145 0.447721
0.835191 0.560344
0.521267 0.942036
0.415035 0.706237
0.756314 0.132643
0.607997 0.220081
0.987947 0.0147147
0.755926 0.415706
0.553732 0.336699
0.25668 0.87316
0.963555 0.592778
0.793505 0.883266
0.737854 0.756901
0.124892 0.208748
0.356225 0.636249
0.878567 0.170101
0.076182 0.687145
0.733381 0.593922
0.667679 0.146035
0.29932 0.427988
0.251921 0.8407
0.643428 0.265736
0.913493 0.413922
0.674123 0.476219
0.788394 0.910633
0.414654 0.732026
0.537341 0.151395
0.723543 0.298892
0.893091 0.841013
0.497771 0.259174
0.484014 0.375955
0.443336 0.548775
0.0743025 0.178388
0.140441 0.748916
0.312348 0.453707
0.186959 0.572557
0.35282 0.826532
0.849893 0.28172
0.224493 0.510955
0.793329 0.894654
0.499172 0.163919
0.685677 0.0369273
0.314101 0.412964
0.333016 0.219787
0.224914 0.83315
0.484534 0.739907
0.165989 0.828236
0.295531 0.29889
0.0847584 0.449629
0.0598152 0.373789
0.902668 0.240221
0.957795 0.263113
0.0808028 0.777154
0.539472 0.28613
0.333578 0.295189
0.210521 0.831791
0.458128 0.921074
0.856245 0.771892
0.33998 0.205288
0.972058 0.621766
0.055393 0.471612
0.330008 0.244279
0.377739 0.62464
0.539339 0.444509
0.086866 0.566535
0.823318 0.895027
0.819304 0.773035
0.199842 0.829364
0.608723 0.775491
0.153995 0.85504
0.0881751 0.428273
0.744997 0.536536
0.361847 0.622073
0.300968 0.697105
0.830932 0.296103
0.259821 0.852912
0.761162 0.624286
0.0960296 0.154907
0.251885 0.648
0.578999 0.328629
0.248841 0.409446
0.3089 0.0746684
0.180328 0.535822
0.976923 0.75415
0.327112 0.170438
0.670272 0.401196
0.597901 0.426814
0.921094 0.946561
0.0626352 0.21824
0.677771 0.854308
0.525082 0.941236
0.748319 0.285708
0.577764 0.847577
0.438327 0.833552
0.512027 0.949377
0.141617 0.750739
0.39458 0.46187
0.845984 0.559945
0.0183196 0.786766
0.310562 0.341967
-0.051526 0.919581
0.738215 0.60207
0.415538 0.66546
0.557735 0.465345
0.897216 0.221165
0.343957 0.41808
0.156864 0.0994721
0.702485 0.746077
0.949372 0.119806
0.569977 0.461762
0.114178 0.710184
0.218697 0.493178
0.177084 0.0736819
0.0832279 0.192666
0.894326 0.39806
0.544754 0.89197
0.375168 0.281534
0.517547 0.790045
0.946589 0.0632817
0.217878 0.834673
0.28426 0.588585
0.25865 0.436671
0.76102 0.889348
0.200027 0.632136
0.0872734 0.748076
0.100731 0.206277
0.499815 0.316167
0.704007 0.689465
0.385078 0.78784
0.893377 0.282165
0.210074 0.428524
0.188696 0.535816
0.710619 0.681567
0.338258 0.658186
0.745203 0.589452
0.478372 0.0227637
0.171682 0.758385
0.470343 0.870255
0.723585 0.678816
0.526598 0.8083
0.457928 0.599552
-0.0211804 0.901094
0.918935 0.712779
0.642591 0.305606
0.473065 0.544404
0.586069 0.667779
0.966652 0.767344
0.214687 0.679989
0.464282 0.541621
0.346222 0.192857
0.1247 0.813436
0.22088 0.330992
0.600876 0.705311
0.201747 0.346907
0.38188 0.713404
0.148077 0.820306
0.317728 0.158011
0.781283 0.244286
0.866789 0.430347
0.546845 0.369811
0.95856 0.13172
0.0188534 0.891543
0.89662 0.255382
0.614726 0.343703
0.805609 0.903277
0.539908 0.939227
0.794088 0.755757
0.279562 0.440367
0.459511 0.47429
0.759325 0.839923
0.148055 0.850556
0.660282 0.509489
0.104068 0.445837
0.78973 0.894579
0.868983 0.298572
0.319363 0.825237
0.425852 0.362946
0.758325 0.326839
0.61614 0.372546
0.664858 0.424319
0.332981 0.202666
0.371329 0.145358
0.916136 0.657977
0.573827 0.415809
0.1302 0.354229
0.250662 0.318613
0.244873 0.848478
0.825642 0.366733
0.368999 0.569037
0.315161 0.230853
0.868602 0.640713
0.0595993 0.295305
0.0172643 0.769137
0.616373 0.619211
0.19096 0.289283
0.0586691 0.525421
0.488646 0.415811
0.664125 0.448186
0.0733995 0.233884
0.86184 0.192878
0.589529 0.111517
0.499351 0.85916
0.0278153 0.329554
0.22056 0.393988
0.881025 0.553096
0.644074 0.768221
0.177112 0.667452
0.0972545 0.175381
0.496586 0.692148
0.803871 0.683402
0.904784 0.8194
0.190932 0.442549
0.236189 0.843009
0.920286 0.337983
0.103671 0.754932
0.526874 0.699997
0.883067 0.0302441
0.56687 0.899855
0.362778 0.787793
0.29729 0.26646
0.298502 0.867867
0.0572423 0.505762
0.593246 0.110527
0.687328 0.0865699
0.797565 0.512861
0.73981 0.781338
0.310122 0.921105
0.24059 0.602432
0.834788 0.151017
0.928083 0.924165
0.913966 0.484084
0.65366 0.80773
0.494876 0.204098
0.713682 0.852871
0.988693 0.0128918
0.122891 0.315924
0.929101 0.163617
0.804926 0.545979
0.274254 0.486077
0.607977 0.0727996
0.945232 0.35204
0.848754 0.345454
0.343633 0.0853542
0.950563 0.177424
0.19998 0.824166
0.109006 0.172502
0.361406 0.76449
0.906281 0.827321
0.944341 0.678945
0.751788 0.909617
0.70037 0.826665
0.267378 0.613993
0.99347 0.0798347
0.146837 0.27139
0.604856 0.748353
0.344995 0.570268
0.127092 0.193499
0.907317 0.485568
0.242638 0.847981
0.638727 0.513676
0.735848 0.768147
0.670916 0.116724
0.526336 0.637014
0.910518 0.520173
0.313967 0.675453
0.396662 0.0304593
0.514868 0.711839
0.619771 0.504056
0.765342 0.771391
0.771421 0.375636
0.518692 0.10861
0.909621 0.649608
0.262253 0.858003
0.123905 0.574613
0.713194 0.765685
0.101628 0.48638
0.535293 0.754233
0.601648 0.0461053
0.398705 0.56627
0.541049 0.702914
0.182012 0.886149
0.719695 0.754338
0.690706 0.333505
0.262857 0.461911
0.120334 0.0740253
0.848444 0.61591
0.122964 0.786693
0.262297 0.45524
0.656209 0.37754
0.0117147 0.382638
0.11371 0.107658
0.870506 0.654776
0.837275 0.48875
0.702237 0.234379
0.0555587 0.22752
0.932759 0.30074
0.219644 0.636587
0.0367706 0.868418
0.973941 0.284461
0.390148 0.0726804
0.350117 0.237954
0.686873 0.494848
-0.00522548 0.893296
0.930655 0.687313
0.295986 0.892814
0.0931711 0.465633
0.00558994 0.897803
0.107479 0.848168
0.433591 0.829483
0.131942 0.460073
0.0929526 0.104051
0.755471 0.28318
0.697188 0.804161
0.188129 0.65319
0.131839 0.557258
0.729795 0.481777
0.813617 0.43394
0.90758 0.818084
0.369293 0.886467
0.539809 0.711207
0.839905 0.60474
0.160225 0.814217
0.551875 0.296742
0.793298 0.905183
0.109928 0.834889
0.428261 0.180573
0.899917 0.185103
0.474228 0.578534
0.938744 0.665619
0.236445 0.122745
0.150164 0.873405
0.595292 0.0385012
0.413591 0.561687
0.868447 0.779949
0.468559 0.417488
0.48981 0.308625
0.030288 0.628104
0.185857 0.567255
0.932124 0.897573
0.546624 0.0816258
0.816696 0.923767
0.261599 0.678397
0.152772 0.70982
0.265106 0.152443
0.377017 0.512555
0.27222 0.588538
0.474592 0.857333
0.659619 0.867808
0.44687 0.512665
0.70121 0.865251
0.937814 0.162391
0.129457 0.860764
0.828933 0.399121
0.56142 0.787277
0.317912 0.0813141
0.870839 0.0987963
0.0976347 0.158618
0.780115 0.228205
0.854742 0.0477179
0.375964 0.226324
0.560841 0.647312
0.821277 0.0496885
0.510545 0.458435
0.92534 0.92725
0.951654 0.63452
0.843237 0.907885
0.773423 0.058426
0.876842 0.599145
0.448591 0.420051
0.393186 0.769603
0.512866 0.260587
0.860744 0.578073
0.396287 0.638524
0.805519 0.250918
0.688587 0.18218
0.472934 0.247932
0.829403 0.299125
0.292245 0.346842
0.751054 0.240822
0.291304 0.723082
0.850755 0.13871
0.635132 0.622037
0.19389 0.49891
0.224987 0.63853
0.927743 0.613436
0.40809 0.448516
0.874413 0.271393
0.0368967 0.26002
0.899186 0.831944
0.519163 0.60303
-0.0437797 0.906223
0.834568 0.843106
0.280113 0.144267
0.180193 0.0407639
0.38502 0.475883
0.75924 0.235433
0.613175 0.397472
0.840855 0.808045
0.912474 0.0815575
0.478938 0.856714
0.693077 0.856218
0.303609 0.562461
0.13253 0.33596
0.837119 0.0423722
0.167793 0.353322
0.640585 0.183427
0.344662 0.488016
0.0378749 0.583106
0.631394 0.216893
0.654165 0.0143174
0.691877 0.416742
0.246945 0.309865
0.811537 0.103916
0.113234 0.705945
0.191923 0.55993
0.577893 0.869079
0.44257 0.871273
0.465404 0.552333
0.208331 0.288507
0.603906 0.372182
0.638239 0.244972
0.558006 0.969049
0.731675 0.583958
0.600977 0.363547
0.800815 0.260652
0.381667 0.493801
0.669468 0.621746
0.80046 0.50339
0.747195 0.876733
0.162756 0.828808
0.503619 0.78526
0.781032 0.887325
0.657374 0.239511
0.472143 0.859682
0.524675 0.0887649
0.23211 0.165735
0.332668 0.789568
0.116585 0.0853198
0.377866 0.74676
0.42845 0.17403
0.91835 0.768452
0.664361 0.670507
0.429626 0.465013
0.150087 0.16275
0.385861 0.363404
0.0541451 0.840646
0.124582 0.809812
0.779826 0.804779
0.0958745 0.285196
0.663613 0.618486
0.363969 0.884537
0.777087 0.709845
0.723421 0.885271
0.771861 0.0636582
0.667544 0.200802
0.237287 0.662839
-0.00646454 0.854662
0.341154 0.434813
0.37901 0.495463
0.61288 0.758979
0.85928 0.653868
0.63644 0.00706694
0.508739 0.438996
0.80877 0.601515
0.718855 0.479201
0.214023 0.0993456
0.409496 0.0255305
0.800868 0.0672062
0.929003 0.572122
0.139837 0.579535
0.775136 0.373529
0.250468 0.784896
0.274812 0.598913
0.21429 0.64134
0.123651 0.785021
0.399786 0.946716
0.441385 0.0588571
0.957439 0.930518
0.498074 0.7798
0.571633 0.206321
0.227116 0.796712
0.302709 0.622928
0.803656 0.102189
0.693352 0.739931
0.684023 0.823898
0.338768 0.448436
0.196344 0.593364
0.219647 0.441711
0.205255 0.459228
0.114697 0.314856
0.244813 0.505749
0.270812 0.698214
0.568077 0.238879
0.666587 0.0529146
0.0275774 0.229126
0.258575 0.268895
0.0417004 0.566398
0.884383 0.835939
0.658279 0.590225
0.575033 0.335647
0.415845 0.904974
0.783272 0.611332
0.490984 0.0107226
0.0787897 0.694489
0.450829 0.1925
0.0344049 0.661011
0.714053 0.306219
0.39388 0.281989
0.542202 0.0620581
0.339692 0.552844
0.303691 0.58616
0.825198 0.343492
0.146246 0.708102
0.130828 0.810204
0.313016 0.750736
0.143371 0.719119
0.732017 0.856774
0.342436 0.173464
0.8886 0.441145
0.891132 0.402042
0.620147 0.913778
0.0912061 0.329367
0.22701 0.46153
0.639084 0.765266
0.549028 0.933742
0.317335 0.844559
0.536015 0.156929
0.178327 0.678916
0.877723 0.363129
0.501983 0.191196
0.10855 0.62624
0.915139 0.765131
0.58341 0.264967
0.905131 0.56443
0.694644 0.830953
0.918945 0.305252
0.762477 0.00821886
0.633326 0.981537
0.490883 0.236786
0.768168 0.0359177
0.167304 0.106367
0.880112 0.715935
0.246451 0.068516
0.40419 0.135177
0.417991 0.901647
0.329119 0.521955
0.557523 0.247986
0.290975 0.139964
0.512511 0.234343
0.667325 0.199372
0.0727107 0.579873
0.499814 0.826009
0.595069 0.127188
0.826859 0.086964
0.368769 0.591472
0.133883 0.54934
0.693918 0.00417513
0.213539 0.874092
0.0683881 0.632819
0.105756 0.488339
0.569094 0.414177
0.121583 0.110055
0.661375 0.308876
0.268471 0.174531
0.546611 0.926004
0.375911 0.608887
0.518111 0.866821
0.444111 0.118498
0.999032 0.271783
0.205511 0.366106
0.868022 0.331413
0.908322 0.553034
0.329538 0.164775
0.514701 0.39752
0.827431 0.597663
0.880569 0.406542
0.00344796 0.851747
0.529096 0.676715
0.176189 0.793478
0.836515 0.749138
0.730792 0.222792
0.360385 0.253849
0.115172 0.781609
0.371158 0.0908417
0.0840165 0.593321
0.458503 0.935263
0.898857 0.368198
0.506744 0.230702
0.501181 0.0229315
0.627684 0.353812
0.616753 0.51273
0.750814 0.637113
0.410838 0.277873
0.314133 0.612404
0.068682 0.159551
0.36728 0.804795
0.385716 0.733418
0.0730754 0.476389
0.53485 0.426642
0.566916 0.613609
0.999241 0.0204713
0.561814 0.890195
0.387897 0.064781
0.106526 0.873118
0.0884647 0.732801
0.254755 0.705106
0.266011 0.0174988
0.34677 0.678965
0.287851 0.654035
0.295678 0.364316
0.815934 0.671323
0.162961 0.204338
0.397367 0.216606
0.733452 0.869504
0.641192 0.239298
0.547715 0.641717
0.249562 0.107391
0.541494 0.640737
0.167068 0.659455
0.544033 0.2549
0.436931 0.807371
0.955807 0.697761
0.813466 0.314256
0.382008 0.0989088
0.94734 0.682175
0.470416 0.78657
0.353944 0.61578
0.97647 0.749538
0.835333 0.655035
0.67873 0.479117
0.894679 0.231329
0.10658 0.16853
0.334124 0.654725
0.78829 0.520536
0.323505 0.339676
0.736054 0.761507
0.133631 0.705453
0.45984 0.941585
0.0341772 0.796686
-0.0113749 0.910865
0.502756 0.517529
0.770296 0.879411
0.117785 0.748262
0.62536 0.95257
0.414066 0.304505
0.441534 0.308755
0.514304 0.568183
0.487464 0.874639
0.21952 0.255743
0.377702 0.542812
0.590888 0.126762
0.305904 0.729236
0.831797 0.759938
0.678327 0.87628
0.620093 0.725121
0.870073 0.122088
0.23941 0.642955
0.948422 0.347495
0.410744 0.61231
0.326677 0.820642
0.909219 0.770887
0.155449 0.45345
0.33833 0.58632
0.32342 0.545346
0.84638 0.689685
0.11594 0.43677
0.817941 0.410005
0.166289 0.65181
0.140446 0.802558
0.555738 0.759609
0.577316 0.409725
0.869122 0.813712
0.0468059 0.835893
0.180565 0.447031
0.469245 0.527544
0.28273 0.420425
0.289012 0.422567
0.863185 0.622751
-0.0116462 0.1896
0.151058 0.793207
0.87407 0.273287
0.291082 0.687443
0.669013 0.460066
0.346323 0.834603
0.284263 0.836845
0.599871 0.871974
0.299636 0.474628
0.701329 0.358589
0.344378 0.864051
0.806303 0.842901
0.401584 0.103521
0.253536 0.688049
0.517167 0.118337
0.318448 0.518634
0.305505 0.484218
0.376895 0.176992
0.758392 0.669491
0.859859 0.441483
0.13134 0.2265
0.271642 0.44991
0.100412 0.836866
0.316272 0.415518
0.362374 0.0115892
0.764466 0.692316
0.901311 0.582881
0.533532 0.30461
0.704024 0.782137
0.996149 0.21002
0.906174 0.314047
0.733469 0.211156
0.801223 0.110246
0.396417 0.557695
0.778094 0.255935
0.943101 0.866359
0.473175 0.262583
0.342167 0.57995
0.124538 0.633113
0.926502 0.481878
0.666306 0.77073
0.156756 0.552027
0.356822 0.68124
0.879096 0.0468252
0.476396 0.877947
0.25171 0.393442
0.0939979 0.857103
0.591828 0.977559
0.0391561 0.902485
0.551972 0.866361
0.230641 0.532577
0.773735 0.703443
0.808909 0.116695
0.248998 0.866779
0.770188 0.287383
0.393026 0.439679
0.061475 0.552363
0.0183128 0.405328
0.188466 0.821662
0.457206 0.702359
0.763554 0.710646
0.0264092 0.880988
0.692196 0.663908
0.935514 0.789357
0.634068 0.496565
0.665544 0.868332
0.0598573 0.447714
0.566786 0.842431
0.563615 0.84318
0.784193 0.337365
0.133852 0.183907
0.774008 0.189328
0.736968 0.783362
0.599116 0.93343
0.682889 0.0471835
0.643108 0.454909
0.746832 0.725898
0.41067 0.448348
0.385753 0.354133
0.236378 0.0316832
0.844833 0.905845
0.888482 0.887525
0.359561 0.458842
0.762915 0.866414
0.313474 0.520695
0.250957 0.445163
0.701713 0.0256483
0.632043 0.422931
0.814749 0.230587
0.373976 0.498131
0.269851 0.0224901
0.951566 0.029855
0.739241 0.365872
0.480066 0.126514
0.707233 0.719788
0.161402 0.552577
0.633068 0.047158
0.425301 0.936449
0.504699 0.202034
0.899022 0.811679
0.728726 0.164751
0.26756 0.452597
0.177472 0.844835
0.852309 0.00384889
0.127768 0.227818
0.501637 0.397164
0.235519 0.439405
0.422759 0.961522
0.80921 0.902282
0.108433 0.535258
0.629965 0.253539
0.100054 0.26546
0.302439 0.549344
0.229366 0.805494
0.759236 0.16748
0.614783 0.48777
0.312422 0.853375
0.896112 0.542952
0.75141 0.776372
0.523934 0.891935
0.992445 0.022835
0.294983 0.229104
0.480832 0.725053
0.205163 0.29271
0.62921 0.303113
0.82183 0.262016
0.560699 0.910226
0.51713 0.851333
0.489703 0.780678
0.659715 0.235697
0.941945 0.283815
0.722947 0.274528
0.162323 0.62744
0.779367 0.899095
0.410697 0.311706
0.83582 0.414923
0.334238 0.128209
0.644438 0.811169
0.837878 0.832982
0.12051 0.47989
0.0952558 0.853702
0.732941 0.69478
0.841424 0.262949
0.549456 0.317898
0.054495 0.195429
0.55582 0.970388
0.487573 0.275679
0.2526 0.642942
0.915738 0.0422075
0.582701 0.3272
0.353419 0.415492
0.726459 0.687848
0.545193 0.363886
0.497667 0.395456
0.202083 0.588037
0.875745 0.342278
0.521573 0.615211
0.0338439 0.357793
0.871975 0.579227
0.709368 0.87086
0.789512 0.233007
0.888987 0.278888
0.505699 0.141085
0.907154 0.4377
0.181251 0.489712
0.740661 0.544413
0.91318 0.499628
0.216388 0.442393
0.840511 0.721882
0.862909 0.0422144
0.319697 0.739574
0.373094 0.839045
0.350005 0.408811
0.198012 0.226103
0.927012 0.840346
0.116318 0.769768
0.118166 0.0627089
0.0637089 0.57036
0.0948604 0.881964
0.0331961 0.344674
0.499541 0.782447
0.877868 0.416527
0.249292 0.1105
0.875946 0.102391
0.819351 0.734533
0.13484 0.158199
0.452622 0.527928
0.912456 0.795086
0.930721 0.181139
0.0323741 0.880729
0.0842643 0.166408
0.698255 0.15673
0.195002 0.747856
0.76699 0.375517
0.753158 0.788396
0.717521 0.21965
0.566623 0.597356
0.631684 0.829822
0.702437 0.50495
0.897397 0.5772
0.229935 0.0826733
0.67418 0.726547
0.600392 0.664807
0.52524 0.53853
0.84557 0.592272
0.447355 0.893627
0.779705 0.149583
-0.00357088 0.903599
0.888989 0.818021
0.357463 0.629935
0.616534 0.0730245
0.85175 0.194156
0.668523 0.479467
0.0299183 0.378888
0.965884 0.919032
0.9163 0.223604
0.0514155 0.561966
0.91038 0.641137
0.265492 0.466748
0.158552 0.119909
0.0868778 0.589565
0.0132839 0.812444
0.768425 0.0687035
0.844284 0.669529
0.890601 0.202404
0.305511 0.501886
0.271368 0.155263
0.743694 0.90057
0.600228 0.741584
0.32811 0.605895
0.68819 0.241509
0.82936 0.726824
0.823274 0.770838
0.368072 0.104907
0.258859 0.524129
0.21906 0.337922
0.162315 0.236099
0.146375 0.846743
0.305002 0.0378854
0.596839 0.189754
0.197662 0.829323
0.691777 0.513394
0.0576441 0.396634
0.460302 0.688842
0.102843 0.773385
0.28569 0.810431
0.114244 0.115684
0.536592 0.856713
0.90643 0.907226
0.968314 0.161194
0.444819 0.187022
0.505739 0.601896
0.420627 0.689612
0.536288 0.71836
0.727327 0.128742
0.90303 0.962118
0.0382223 0.560806
0.475615 0.0815484
-0.0192271 0.880653
0.768053 0.124751
0.714953 0.0665825
0.930844 0.737614
0.190716 0.456864
0.600819 0.103195
0.389626 0.564581
0.236617 0.825602
0.734608 0.762485
0.42875 0.17389
0.450878 0.952434
0.890911 0.176988
0.106733 0.77584
0.129381 0.126891
0.404902 0.613883
0.191568 0.408252
0.553905 0.954833
0.524992 0.265565
0.0493532 0.461608
0.0179774 0.216909
0.925846 0.603638
0.327995 0.316038
0.177733 0.580913
0.101028 0.854053
0.361901 0.562889
0.12374 0.786154
0.524445 0.961649
0.953656 0.638177
0.791677 0.118995
0.730111 0.194453
0.75886 0.876092
0.594367 0.285438
0.889786 0.120159
0.555438 0.910585
0.563437 0.557945
0.159348 0.513118
0.18153 0.483134
0.824988 0.340425
0.0210178 0.886513
0.269243 0.451922
0.530871 0.367064
0.222702 0.0610161
0.360721 0.211359
0.671971 0.152998
0.327331 0.402973
0.355671 0.0566877
0.290115 0.89127
0.348989 0.21684
0.0398595 0.859454
0.139946 0.620137
0.454013 0.284787
0.157038 0.598168
0.813338 0.906027
0.931139 0.832353
0.9379 0.210753
0.274998 0.450753
0.569447 0.506138
0.529371 0.927383
0.714766 0.198621
0.117316 0.0868456
0.595829 0.437261
0.0814622 0.889756
0.377007 0.45583
0.178593 0.437744
0.35489 0.27857
0.0901591 0.782955
0.561496 0.222682
0.423818 0.32645
0.198353 0.374015
0.157631 0.142011
0.577629 0.439878
0.602841 0.156607
0.941196 0.129038
0.0953486 0.628001
0.324957 0.183845
0.723948 0.893042
0.634013 0.799686
0.841065 0.923844
0.198925 0.883777
0.435814 0.613087
0.266408 0.487242
0.451354 0.834018
0.726359 0.851619
0.116732 0.847881
0.22555 0.323855
0.07487 0.772555
0.756166 0.661296
0.954825 0.699788
0.788348 0.0550449
0.355512 0.112815
0.228928 0.0578722
0.0371272 0.81615
0.855665 0.88071
0.853883 0.122619
0.873605 0.285403
0.740478 0.140635
0.786933 0.171348
0.919193 0.541728
0.123634 0.121335
0.433717 0.248451
0.442278 0.484754
0.0727644 0.182013
0.146513 0.0191287
0.888577 0.939319
0.0724507 0.250273
0.0550328 0.306841
0.309089 0.0785293
0.163602 0.173339
0.975765 0.0202599
0.251655 0.8663
0.307135 0.0268209
0.988862 0.0904088
0.120379 0.845773
0.602054 0.222693
0.100596 0.0889599
0.448403 0.518892
0.507676 0.532025
0.710793 0.678629
0.539486 0.615492
0.615785 0.604465
0.868981 0.672439
0.91507 0.177979
0.764045 0.0814105
0.347033 0.743949
0.106427 0.607787
0.588706 0.40567
0.65923 0.577174
0.48054 0.85069
0.533443 0.0969031
0.0935073 0.579767
0.149056 0.567377
0.124529 0.640977
0.0832558 0.809492
0.343475 0.610944
0.453436 0.950545
0.224076 0.323946
0.633121 0.138126
0.49768 0.397263
0.193414 0.812526
0.137473 0.324771
0.48049 0.729972
0.725836 0.13862
0.305306 0.220833
0.929229 0.803239
0.320733 0.0736675
0.449307 0.4483
0.631976 0.572915
0.108499 0.697682
0.412656 0.450435
0.313073 0.864033
0.4262 0.550345
0.175085 0.0531049
0.689536 0.683156
0.442064 0.906875
0.502035 0.590398
0.172328 0.865615
0.262256 0.899792
0.143864 0.592959
0.170177 0.141196
0.452193 0.490809
0.178105 0.820482
0.919425 0.841306
0.464735 0.0628684
0.576832 0.875034
0.51548 0.897364
0.771516 0.865797
0.463381 0.926166
0.971161 0.155721
0.617411 0.415326
0.0873561 0.156837
0.994306 0.301869
0.142201 0.305632
0.260536 0.280406
0.914293 0.457741
0.412636 0.366243
0.911238 0.633179
0.235022 0.825616
0.497258 0.744558
0.945585 0.0633688
0.624061 0.459259
0.927573 0.368255
0.383842 0.428971
0.308727 0.35916
0.591457 0.920479
0.767498 0.655133
0.0813482 0.740774
0.955391 0.219505
0.0790851 0.206901
0.491114 0.955127
0.705477 0.851471
0.353327 0.588468
0.546007 0.617503
0.455983 0.0380983
0.358114 0.423968
0.0367355 0.913233
0.883249 0.0669813
0.361234 0.269075
0.499778 0.678873
0.622132 0.0821276
0.609236 0.392738
0.731268 0.686475
0.152692 0.677251
0.905282 0.225462
0.901245 0.410657
0.211262 0.550756
0.316749 0.547055
0.13039 0.800678
0.172502 0.623957
0.870856 0.530842
-0.00149815 0.908747
0.515455 0.932148
0.0482214 0.834899
0.215784 0.539787
0.550404 0.825006
0.635211 0.161633
0.22456 0.376625
0.848395 0.39009
0.0656605 0.724475
0.608044 0.95515
0.138682 0.79827
0.525358 0.470481
0.364329 0.684013
0.328857 0.52571
0.319617 0.218427
0.0610812 0.378889
0.214326 0.558818
0.320814 0.266187
0.466085 0.52068
0.840013 0.88914
0.365294 0.453328
0.16188 0.569262
0.822593 0.00413949
0.91138 0.857235
0.757054 0.573711
0.847246 0.906411
0.381111 0.381423
0.383447 0.749006
0.0681952 0.675409
0.272514 0.396669
0.912909 0.340146
0.766778 0.131645
0.90267 0.0884862
0.393771 0.346072
0.619588 0.213855
0.314209 0.933579
0.662212 0.50055
0.563407 0.494437
0.480838 0.549271
0.37498 0.261784
0.119757 0.234854
0.159329 0.486744
0.599003 0.550837
0.241475 0.673942
0.256086 0.502302
0.0958275 0.165731
0.838005 0.829594
0.304436 0.753772
0.916893 0.698576
0.107176 0.54421
0.913946 0.459799
0.501593 0.594625
0.941073 0.0942806
0.0934244 0.445048
0.631917 0.451314
0.709245 0.747334
0.678294 0.87518
0.246259 0.292111
0.429019 0.483182
0.948863 0.680077
0.0418384 0.102953
0.847366 0.853617
0.86569 0.166298
0.640801 0.776225
0.865631 0.711174
0.321962 0.784592
0.133843 0.80944
0.367142 0.092714
0.892545 0.461046
0.517742 0.58152
0.891424 0.245446
0.329766 0.564333
0.127559 0.567633
0.860801 0.546973
0.0694419 0.793285
0.2174 0.0688737
0.861616 0.0869654
0.918113 0.725282
0.253257 0.517222
0.512195 0.118054
0.209826 0.829645
0.897482 0.403194
0.685108 0.26843
0.491133 0.622657
0.707841 0.0264842
0.205008 0.591188
0.272045 0.513009
0.195842 0.382587
0.117315 0.0715056
0.936911 0.158346
0.857556 0.166884
0.215997 0.714411
0.248595 0.145476
0.446453 0.494417
0.759181 0.875968
0.627868 0.900769
0.78802 0.540963
0.315156 0.477358
0.768504 0.801669
0.122327 0.502761
0.826157 0.314699
0.125466 0.133086
0.836228 0.271569
0.486809 0.924188
0.298151 0.426249
0.0772845 0.174594
0.586972 0.313306
0.861761 0.834593
0.455824 0.319998
0.340477 0.130134
0.232921 0.888489
0.097553 0.139581
0.483884 0.357295
0.554982 0.273511
0.155653 0.648292
0.819689 0.911046
0.903841 0.843037
0.0938932 0.780329
0.152503 0.564299
0.739826 0.437627
0.910749 0.800407
0.579056 0.569278
0.172459 0.466188
0.410995 0.598494
0.764543 0.753111
0.731807 0.0638666
0.725824 0.775991
0.139693 0.197123
0.133244 0.67701
0.464487 0.293061
0.354238 0.23794
0.274624 0.327365
0.111796 0.352778
0.136646 0.252068
0.905386 0.869422
0.693361 0.880469
0.705343 0.275591
0.488637 0.855688
0.734976 0.870873
0.469581 0.508566
0.613081 0.184058
0.588438 0.321329
0.960196 0.725284
0.511915 0.0995169
0.412347 0.962625
0.396498 0.780602
0.213778 0.661472
0.102406 0.326257
0.0300486 0.222087
0.572728 0.916073
0.10966 0.254639
0.799553 0.810448
0.52413 0.276787
0.661718 0.263759
0.131263 0.124847
0.765508 0.76063
0.292815 0.381735
0.0793247 0.257297
0.1087 0.565717
0.365979 0.521689
0.588931 0.75184
0.288208 0.779874
0.419304 0.395448
0.121556 0.435036
0.628715 0.672077
0.365973 0.738758
0.920426 0.180135
0.542975 0.447266
0.455019 0.207789
0.707201 0.597362
0.324024 0.491116
0.3565 0.6135
0.861547 0.435834
0.872391 0.96503
0.0318833 0.228281
0.516259 0.580874
0.935232 0.765741
0.365622 0.408633
0.181159 0.452574
0.829842 0.816422
0.142228 0.212925
0.552176 0.0586938
0.386019 0.0984287
0.496359 0.837455
0.305867 0.210962
0.444994 0.62078
0.722697 0.787335
0.248214 0.566416
0.213654 0.127653
0.552599 0.241882
0.375042 0.043796
0.828621 0.358494
0.841677 0.195456
0.760243 0.0302007
0.659426 0.604491
0.830831 0.798924
0.814645 0.409883
0.859504 0.200273
0.499871 0.361807
0.0563678 0.768782
0.567738 0.481242
0.431196 0.279245
0.270755 0.673408
0.843363 0.509588
0.799987 0.41855
0.735346 0.16001
0.474674 0.553113
0.509186 0.300046
0.756604 0.272859
0.330245 0.419581
0.875903 0.179521
0.217075 0.683363
0.577975 0.0780839
0.887089 0.0780404
0.439747 0.920386
0.882194 0.0122516
0.404576 0.314502
0.290876 0.673268
0.990508 0.148534
0.150346 0.780604
0.562274 0.894087
0.947871 0.0169105
0.467732 0.456315
0.316324 0.222585
0.725399 0.646342
0.637747 0.601302
0.814177 0.857657
0.289066 0.409786
0.936876 0.179436
0.481073 0.37568
0.11913 0.331107
0.394914 0.509655
0.673938 0.677387
0.184458 0.661399
0.828348 0.362892
0.457772 0.383946
0.258698 0.422571
0.405549 0.727602
0.86057 0.718859
0.942124 0.590256
0.371559 0.582975
0.19214 0.191995
0.448956 0.477807
0.591626 0.384165
0.661565 0.0729861
0.735266 0.77093
0.435364 0.148158
0.267532 0.11498
0.820749 0.475547
0.778551 0.65645
0.81757 0.24129
0.0898644 0.143901
0.64109 0.441411
0.796309 0.525649
0.147679 0.738209
0.104525 0.52654
0.33444 0.289671
0.73011 0.7794
0.771636 0.308424
0.210025 0.424112
0.363873 0.910626
0.162632 0.810566
0.0937922 0.475229
0.893028 0.89513
0.932307 0.706602
0.57736 0.754395
0.93745 0.593903
0.82905 0.583281
0.0416315 0.592918
0.0993306 0.199361
0.380317 0.189068
0.704975 0.714437
0.476655 0.426365
0.500496 0.246911
0.729298 0.667913
0.678934 0.110102
0.599579 0.866135
0.935946 0.665046
0.342898 0.849088
0.570837 0.28955
0.553959 0.125627
0.0614539 0.502251
0.713122 0.869845
0.0872768 0.726867
0.506889 0.179748
0.890158 0.869898
0.370419 0.6573
0.608115 0.833808
0.121152 0.14543
0.104649 0.796465
0.747745 0.776993
0.923791 0.378086
0.646284 0.853489
-0.0240403 0.91453
0.69753 0.607543
0.287995 0.253996
0.735067 0.336193
0.748811 0.455845
0.181903 0.808214
0.199826 0.707807
0.0966159 0.110723
0.601321 0.386553
0.809954 0.209484
0.191439 0.82359
0.308129 0.323977
0.716038 0.0858041
0.0945714 0.617187
0.459142 0.741866
0.484001 0.499706
0.738072 0.197318
0.116273 0.0675919
0.472437 0.842678
0.357841 0.20158
0.288832 0.557011
0.0575074 0.494504
0.270459 0.0616439
0.665273 0.846406
0.443892 0.447742
0.0886639 0.646601
0.345615 0.401054
0.994698 0.0633412
0.485819 0.0855681
0.738876 0.90353
0.824821 0.206791
0.446066 0.54971
0.412101 0.525686
0.589713 0.837814
0.331798 0.907899
0.0551577 0.614586
0.510359 0.0893923
0.120965 0.782386
0.128351 0.772125
0.670225 0.588678
0.218474 0.760824
0.266972 0.568697
0.166303 0.263736
0.638761 0.647026
0.339635 0.353234
0.588076 0.169262
0.534525 0.0198711
0.772146 0.89814
0.548333 0.318069
0.799048 0.897935
0.226437 0.849613
0.58183 0.772535
0.937618 0.704637
0.564683 0.0911757
0.480827 0.238145
0.673084 0.719816
0.97305 0.894071
0.290999 0.160926
0.141962 0.83684
0.81378 0.531446
0.282229 0.406057
0.724622 0.835686
0.417106 0.445181
0.796075 0.918949
0.765277 0.598253
0.87579 0.0292635
0.453861 0.433855
0.805101 0.405431
0.154708 0.348834
0.492634 0.610081
0.606213 0.168535
0.332375 0.599331
0.120167 0.598655
0.768191 0.319736
0.53834 0.584216
0.851546 0.836951
0.957608 0.610087
0.678256 0.39339
0.0474372 0.475851
0.357004 0.795471
0.0822031 0.226568
0.813395 0.549786
0.665517 0.624226
0.909494 0.799718
0.891006 0.447688
0.424754 0.596369
0.600776 0.746615
0.202885 0.683704
0.347889 0.931904
-0.0115429 0.87495
0.549615 0.861152
0.755305 0.532708
0.451161 0.442707
0.907774 0.497351
0.917762 0.277653
0.20502 0.891672
0.505803 0.093947
0.514595 0.174847
0.719072 0.436607
0.972932 0.710745
0.846589 0.410178
0.314329 0.424392
0.156789 0.520997
0.123247 0.522544
0.491884 0.117573
0.42427 0.0676892
0.986954 0.209154
0.564087 0.438692
0.648322 0.485021
0.916975 0.563835
0.757834 0.188462
0.56082 0.26366
0.274175 0.0791968
0.394696 0.0359955
0.511528 0.416972
0.715467 0.359167
0.817797 0.0251873
0.804115 0.92521
0.550548 0.880894
0.458059 0.0423934
-0.00860729 0.872432
0.0187858 0.918041
0.132169 0.628971
0.438514 0.787181
0.13449 0.353986
0.345207 0.867285
0.536891 0.904976
0.140198 0.802543
0.971228 0.618043
0.809552 0.52207
0.0212593 0.530273
0.843102 0.819161
0.558807 0.636296
0.783044 0.105583
0.52512 0.262431
0.152189 0.536276
0.186912 0.229745
0.52669 0.313978
0.863427 0.954223
0.102619 0.0522995
0.3085 0.451563
0.882328 0.833566
0.379135 0.0423107
0.650298 0.35386
0.632989 0.465931
0.853701 0.642524
0.959237 0.719846
0.482308 0.540655
0.346122 0.249036
0.66965 0.855734
0.526459 0.801954
0.40769 0.694731
0.00971529 0.890001
-0.00316382 0.851892
0.889068 0.105193
0.907169 0.194553
0.571876 0.798666
0.0117851 0.874221
0.846996 0.678909
0.271234 0.466951
0.133378 0.136802
0.116955 0.152774
0.835257 0.587302
0.690444 0.18454
0.83994 0.353998
0.0595465 0.349084
0.17666 0.462094
0.0888029 0.151337
0.40686 0.0547627
0.0790302 0.280121
0.0889451 0.887873
0.478786 0.713375
0.780232 0.519517
0.62549 0.62893
0.173905 0.847323
0.117412 0.33219
0.0370291 0.232397
0.491444 0.870332
0.833189 0.156485
0.0467383 0.639096
0.501666 0.101907
0.0279991 0.610801
0.562721 0.0659806
0.822698 0.915877
0.0983712 0.877172
0.237385 0.276098
0.885085 0.710276
0.959381 0.664521
0.215128 0.606104
0.300242 0.401908
0.511314 0.418218
0.715126 0.539579
0.659547 0.18886
0.401812 0.491023
0.346004 0.443612
0.14397 0.800418
0.545539 0.186619
0.496136 0.108586
0.25289 0.324973
0.067676 0.368944
0.22682 0.30476
0.643079 0.112782
0.0221677 0.585813
0.784587 0.22978
0.228523 0.0911515
0.614125 0.759409
0.505422 0.347204
0.28565 0.163662
0.539317 0.685392
0.676269 0.854427
0.118028 0.815152
0.722122 0.672806
0.0229043 0.210561
0.782208 0.262378
0.542487 0.839191
0.624785 0.778106
0.151816 0.277253
0.88317 0.162375
0.90317 0.66471
0.387611 0.138678
0.753544 0.0118308
0.889677 0.260746
0.358524 0.17598
0.421698 0.88973
0.859882 0.0797518
0.825281 0.909434
0.888364 0.515472
0.702554 0.855605
0.720668 0.442997
0.17057 0.271672
0.275517 0.796841
0.0520513 0.437544
0.0455628 0.878849
0.600426 0.955934
0.59057 0.975163
0.108704 0.346549
0.996595 0.946654
0.599585 0.356281
0.165584 0.0278394
0.243433 0.0362069
0.117463 0.0658511
0.0327793 0.092945
0.528014 0.680326
0.908653 0.249345
0.130118 0.102278
0.513486 0.410155
0.871585 0.551401
0.83788 0.934258
0.470756 0.442831
0.906273 0.0574619
0.407539 0.0393478
0.397881 0.424874
-0.0546447 0.908575
0.782873 0.18106
0.0523306 0.115572
0.200164 0.126035
0.0700785 0.218839
0.124868 0.559051
0.907119 0.0305542
0.829047 0.0300864
0.108329 0.347772
0.434205 0.964354
0.892177 0.286532
0.913312 0.37135
0.741224 0.818418
0.419799 0.157695
0.818706 0.816683
0.586665 0.830436
0.817953 0.37487
0.026989 0.793045
0.398347 0.231805
0.887027 0.486207
0.459572 0.0843362
0.0424497 0.366302
0.0965638 0.842528
0.394451 0.215394
0.180663 0.815895
0.179388 0.109331
0.104353 0.122002
0.495847 0.853837
0.898265 0.882291
0.0107603 0.760796
0.703714 0.586059
0.598292 0.520329
0.927826 0.631631
0.351701 0.354565
0.857971 0.318115
0.809915 0.321957
0.397346 0.843443
0.678594 0.503226
0.716151 0.078976
0.74184 0.884501
0.904005 0.905566
0.0604141 0.107423
0.031549 0.498888
0.863944 0.937692
0.382942 0.868937
0.704628 0.088751
0.463437 0.308982
0.606893 0.417619
0.928446 0.947081
0.74495 0.796158
0.280501 0.568581
0.106479 0.645404
0.431101 0.795918
0.162024 0.147389
0.865068 0.882951
0.079134 0.75456
0.794542 0.0993555
0.791681 0.808575
0.599195 0.681301
0.80673 0.895599
0.558 0.457837
0.0888742 0.0834726
0.760512 0.678297
0.444977 0.701178
0.641143 0.210032
0.491648 0.908965
0.786192 0.595797
0.588261 0.211686
0.391113 0.764743
0.351433 0.258027
0.644962 0.421706
0.0547527 0.442077
0.514418 0.843919
0.240721 0.119153
0.510539 0.00306672
0.128514 0.134336
0.455451 0.163659
0.123361 0.225753
0.839322 0.554801
0.908342 0.499995
0.770415 0.412763
0.412164 0.550537
-0.0505958 0.918502
0.769133 0.396948
0.747022 0.120828
0.647258 0.394265
0.543853 0.687122
0.834288 0.0604914
0.533128 0.0839845
0.161278 0.0737161
0.0865892 0.269736
0.166052 0.538937
0.433194 0.276073
0.760205 0.276744
0.833605 0.677892
0.753978 0.603675
0.0711051 0.170123
0.143078 0.0977956
0.102098 0.850578
0.468844 0.884871
0.112017 0.141481
0.283558 0.578014
0.813919 0.116018
0.645603 0.348215
0.16365 0.817168
0.412306 0.283895
0.100261 0.584126
0.814638 0.550229
0.845391 0.579565
0.795263 0.685475
0.264642 0.53958
0.279773 0.351148
0.705205 0.445824
0.456091 0.853702
0.359443 0.894751
0.734841 0.417208
0.0614342 0.0900364
0.00395253 0.807745
0.132948 0.629042
0.204376 0.33266
0.47531 0.609716
0.602491 0.561064
0.211368 0.445257
0.10822 0.0831066
0.0150323 0.838413
0.716858 0.283596
0.396658 0.0369355
0.626712 0.141731
0.438835 0.0762626
0.917454 0.784095
0.972947 0.721498
0.226297 0.0211229
0.739212 0.237351
0.868398 0.865117
0.883082 0.0773041
0.200814 0.354478
0.70558 0.808245
0.910024 0.879214
0.186525 0.875672
0.916096 0.27498
0.878041 0.632255
0.552514 0.314501
0.634562 0.179451
0.456126 0.0861337
0.241222 0.450825
0.897582 0.216889
0.15773 0.137163
0.187516 0.830914
0.365297 0.103609
0.776129 0.25103
0.100698 0.865413
0.604589 0.863413
0.782074 0.528138
0.755933 0.0385205
0.509943 0.674031
0.30588 0.390095
0.275027 0.859144
0.73797 0.899046
0.0872208 0.132201
0.024103 0.275988
0.607584 0.903556
0.509991 0.770797
0.0475783 0.699096
0.673411 0.413625
0.827299 0.464701
0.658193 0.0136259
0.425034 0.260353
0.888213 0.215714
0.769821 0.645127
0.251924 0.279906
0.320151 0.555815
0.660913 0.619908
0.421867 0.362969
0.557941 0.466771
0.496531 0.589913
0.745992 0.121402
0.497983 0.241901
0.886836 0.539629
0.937062 0.59769
0.945444 0.797513
0.0237738 0.575592
0.812063 0.450344
0.875471 0.701846
0.649742 0.646735
0.332628 0.879314
0.931863 0.656679
0.480458 0.583148
0.257682 0.82745
0.923779 0.827521
0.357768 0.473817
0.425204 0.100522
0.599669 0.909749
0.346421 0.482769
0.46779 0.311085
0.0557286 0.424769
0.143735 0.0914149
0.024321 0.88805
0.500644 0.910314
0.628082 0.151452
0.571135 0.965897
0.0741429 0.497592
0.628633 0.523959
0.0627094 0.879773
0.436028 0.0476707
0.736371 0.77227
0.511333 0.186966
0.867252 0.105791
0.114036 0.216542
0.574728 0.578916
0.521151 0.634358
0.011735 0.589683
0.690115 0.0456275
0.558189 0.189252
0.965188 0.187237
0.344177 0.529953
0.206931 0.381461
0.0449871 0.758862
0.919795 0.112188
0.71398 0.335316
0.176515 0.476439
0.100232 0.634861
0.769966 0.865053
0.739011 0.777204
0.177794 0.354427
0.350363 0.692352
0.955634 0.33316
0.328138 0.672612
0.396797 0.879737
0.864703 0.369201
0.080268 0.194294
0.896251 0.233971
0.608929 0.909372
0.0418055 0.524699
0.0378567 0.713324
0.854784 0.186299
0.141091 0.853343
0.840011 0.871651
0.913795 0.608498
0.647639 0.0966459
0.966997 0.959203
0.788872 0.912064
0.349577 0.118503
0.612171 0.757513
0.0231746 0.491203
0.137596 0.111716
0.694312 0.0062067
0.306632 0.298947
0.90688 0.342432
0.818768 0.909267
0.0749581 0.644197
0.149223 0.294453
0.633885 0.981405
0.177125 0.537608
0.620195 0.804745
0.640688 0.571357
0.809528 0.447787
0.520899 0.160882
0.556698 0.146494
0.90927 0.554572
0.634471 0.0195811
0.638822 0.332799
-0.00109854 0.901341
0.63425 0.941165
0.28886 0.452048
0.914718 0.36579
0.131983 0.0918295
0.635735 0.758141
0.0752685 0.780751
0.301239 0.66276
0.6329 0.934146
0.238148 0.454001
0.387911 0.762901
0.605539 0.927741
0.890412 0.524965
0.479997 0.549438
0.526616 0.141222
0.873985 0.551643
0.103696 0.504621
0.504698 0.371407
0.878552 0.445234
0.729308 0.076702
0.486454 0.377345
0.831021 0.538966
0.18209 0.134739
0.174255 0.819515
0.0953855 0.44743
0.260547 0.437352
0.185718 0.790966
0.401036 0.109346
0.357898 0.885635
0.686881 0.847706
0.0589701 0.527751
0.445688 0.134086
-0.0022328 0.900711
0.497508 0.959868
0.370108 0.235338
0.0557952 0.818537
0.623283 0.867626
0.407577 0.811512
0.0239213 0.570506
0.623799 0.0895873
0.0457468 0.844133
0.549457 0.26432
0.781911 0.889779
0.373288 0.11175
0.853912 0.0239196
-0.00306543 0.849643
0.54345 0.455914
0.0351706 0.581832
0.416687 0.532038
0.571513 0.772284
0.771433 0.606826
0.630197 0.384197
0.466741 0.0310601
0.183199 0.489067
0.655841 0.813803
0.610794 0.7003
0.695372 0.14387
0.870654 0.468399
0.0969574 0.34456
0.555191 0.938694
0.372579 0.554942
0.841877 0.905578
0.00810415 0.832639
0.483371 0.415004
0.433426 0.0458047
0.189924 0.191075
0.650763 0.822659
0.57148 0.132832
0.839023 0.758305
0.632371 0.499036
0.570217 0.231314
0.205179 0.268204
0.374335 0.169564
0.70156 0.470804
0.510366 0.255506
0.420816 0.871398
0.814134 0.267165
0.769916 0.829228
0.146732 0.273352
0.246053 0.546696
0.305659 0.435152
0.782473 0.882495
0.253332 0.322093
0.124624 0.154545
0.0775998 0.687552
0.603929 0.647418
0.933947 0.80056
0.915506 0.324507
0.948951 0.640385
0.787924 0.502487
0.874085 0.207055
0.362082 0.686098
0.468597 0.145422
0.517065 0.614699
0.417652 0.759766
0.165288 0.704574
0.153475 0.854246
0.658855 0.440478
0.229347 0.736682
0.544972 0.317522
0.452523 0.148997
0.892419 0.417843
0.89627 0.857558
0.74551 0.884524
0.47873 0.517267
0.411721 0.371071
0.728304 0.768473
0.0926002 0.16705
0.917828 0.567792
0.793588 0.337198
0.287654 0.912983
0.0625827 0.518465
0.881324 0.709272
0.952818 0.122289
0.447439 0.489905
0.437812 0.894797
0.645313 0.406368
0.300442 0.593742
0.281051 0.0212286
0.546036 0.783468
0.527939 0.932118
0.159612 0.24168
0.716204 0.21647
0.422633 0.628696
0.787872 0.212844
0.965195 0.115284
0.168986 0.0195792
0.628094 0.0576809
0.722256 0.581924
0.177055 0.17329
0.0896323 0.587634
0.0698465 0.698446
0.0269302 0.366253
0.323394 0.311774
0.384012 0.851068
0.0727236 0.872549
0.797726 0.251661
0.155675 0.513771
0.479723 0.553818
0.150293 0.256151
0.772452 0.112318
0.334387 0.910095
0.065717 0.911275
0.00770015 0.799873
0.576369 0.183362
0.0228924 0.615783
0.801499 0.087299
0.37805 0.827398
0.459011 0.712258
0.132372 0.829882
0.564229 0.227388
0.748432 0.365881
0.468745 0.890595
0.864451 0.935466
0.424634 0.0376939
0.192538 0.229563
0.147683 0.567763
0.177069 0.262028
0.550269 0.177334
0.0939468 0.143919
0.360476 0.121542
0.783301 0.163682
0.206702 0.166986
0.953387 0.655468
0.874423 0.122484
0.50188 0.439087
0.347868 0.250193
0.784221 0.825739
0.138458 0.657582
0.763677 0.594047
0.752518 0.894856
0.805834 0.826089
0.509546 0.952563
0.119294 0.105372
0.171583 0.193445
0.190425 0.516572
0.267356 0.91071
0.688 0.52236
0.131922 0.663208
0.17905 0.0162861
0.799643 0.689306
0.447466 0.151613
0.934327 0.251551
0.975609 0.0757594
0.917947 0.738053
0.667215 0.614942
0.689312 0.492681
0.442858 0.203697
0.460317 0.535589
0.264129 0.652296
0.715927 0.45196
0.180453 0.0352422
0.423231 0.876714
0.530943 0.562341
0.581985 0.732522
0.564054 0.364426
0.416907 0.0297354
0.516116 0.35234
0.258387 0.474142
0.427529 0.180878
0.2206 0.102188
0.787735 0.887815
0.588182 0.240304
0.124321 0.0978869
0.769457 0.396935
0.725305 0.488102
0.835875 0.909481
0.511297 0.261551
0.796304 0.0595164
0.818098 0.366713
0.792919 0.387539
0.7232 0.210043
0.390763 0.238441
0.562267 0.650941
0.781632 0.88951
0.828283 0.917184
0.0923194 0.598457
0.88622 0.67259
0.867692 0.0128893
0.745739 0.6356
0.405558 0.472855
0.123543 0.250804
0.393135 0.627547
0.506504 0.186884
0.690769 0.324792
0.539273 0.484126
0.702998 0.268464
0.689368 0.0946998
0.504631 0.250074
0.745032 0.235963
0.242802 0.562396
0.194334 0.326348
0.19194 0.0837473
0.997967 0.0716988
0.089927 0.719987
0.702782 0.496621
0.184834 0.824016
0.739078 0.610194
0.456717 0.246118
0.79703 0.148172
0.568618 0.341788
0.627928 0.2715
0.608944 0.317283
0.365371 0.112722
0.566709 0.109967
0.344452 0.806109
0.678195 0.542005
0.114726 0.862194
0.618533 0.127627
0.955217 0.708628
0.873219 0.666389
0.191417 0.0981702
0.496255 0.932559
0.748181 0.903973
0.182701 0.483671
0.0982641 0.733075
0.837657 0.724517
0.0460496 0.452065
0.0457355 0.393572
0.563298 0.610189
0.503831 0.900217
0.414164 0.188601
0.469217 0.533041
0.118932 0.113935
0.670302 0.0374693
0.771728 0.530521
0.77367 0.908936
0.636059 0.198279
0.912877 0.344848
0.136313 0.122056
0.837526 0.249332
0.869472 0.677509
0.917974 0.86658
0.132912 0.0400692
0.289891 0.687883
0.649659 0.787857
0.599168 0.0371596
0.980756 0.0515648
0.581031 0.0586552
0.124361 0.258481
0.076655 0.865432
0.775207 0.801709
0.855748 0.432855
0.92111 0.768981
0.770918 0.147894
0.908615 0.603403
0.396087 0.790869
0.281121 0.370722
0.679464 0.415432
0.358693 0.930798
0.106751 0.0444936
0.757331 0.707213
0.0423158 0.717273
0.756088 0.62052
0.794871 0.877657
0.869394 0.894272
0.772861 0.672125
0.694671 0.655001
0.102 0.672896
0.48433 0.880397
0.843248 0.384785
0.480334 0.234596
0.145369 0.758417
0.602357 0.830145
0.0997882 0.8663
0.812643 0.289083
0.951737 0.609463
0.989327 0.0169822
0.320086 0.747446
0.63692 0.122024
0.616705 0.510423
0.0229573 0.396938
0.173677 0.706308
0.0568851 0.280187
0.423576 0.510146
0.158205 0.25912
0.892345 0.6361
0.472362 0.0496299
0.402139 0.0876704
0.89267 0.577559
0.0641662 0.675436
0.866134 0.0417845
0.243607 0.857419
0.0683303 0.566416
0.609377 0.689882
0.721737 0.225348
0.196536 0.734653
0.621089 0.385329
0.460592 0.678644
0.668049 0.867789
0.154674 0.815146
0.125425 0.106282
0.461788 0.604936
0.111608 0.820067
0.697865 0.0247237
0.44479 0.767282
0.729438 0.306767
0.840364 0.00539416
0.132953 0.797433
0.632506 0.755796
0.556283 0.328504
0.969658 0.759929
0.0810958 0.570703
0.152027 0.52979
0.261949 0.811831
0.398119 0.471257
0.626459 0.520727
0.553401 0.0880573
0.129025 0.668038
0.93648 0.824675
0.709822 0.384694
0.590319 0.440993
0.685041 0.397993
0.47199 0.854236
0.247591 0.060478
0.620441 0.804592
0.390382 0.585514
0.572077 0.454362
0.190154 0.71307
0.912566 0.504802
0.533487 0.375298
0.951797 0.166729
0.882697 0.518888
0.247335 0.0321154
0.192157 0.200723
0.852539 0.89734
0.57716 0.452024
0.340314 0.267887
0.8295 0.787732
0.105653 0.12418
0.842097 0.719188
0.918447 0.229982
0.312679 0.48771
0.674999 0.50774
0.213921 0.653681
0.979382 0.747907
0.0117131 0.894881
0.900227 0.926104
0.442107 0.166504
0.923949 0.639021
0.360572 0.814658
0.539943 0.934589
0.230687 0.833201
0.200002 0.114292
0.66689 0.323545
0.21181 0.493387
0.110548 0.136061
0.739312 0.354269
0.622147 0.418937
0.843958 0.834586
0.0810183 0.810967
0.583817 0.110684
0.775574 0.511478
0.0522044 0.208298
0.796764 0.871218
0.853895 0.0274861
0.808363 0.398605
0.970771 0.0691393
0.267333 0.182584
0.140583 0.863606
0.504762 0.39109
0.46114 0.534381
0.521838 0.182337
0.895752 0.146914
0.627794 0.747061
0.961899 0.670509
0.581092 0.567785
0.789549 0.378767
0.0739677 0.792992
0.611289 0.719763
0.815815 0.458688
0.752636 0.626707
0.832347 0.723771
0.695575 0.103586
0.90104 0.868931
0.0399795 0.410968
0.263383 0.463421
0.954451 0.791263
0.660867 0.846482
0.931262 0.267608
0.610258 0.900879
0.940304 0.197934
0.487335 0.730453
0.551154 0.551299
0.553698 0.160456
0.267141 0.382924
0.601983 0.0225128
0.0178611 0.449082
0.743021 0.696993
0.54706 0.654628
0.555488 0.583725
0.0709575 0.7992
0.0801086 0.0813015
0.602501 0.734115
0.869717 0.550096
0.919671 0.496204
0.467141 0.917422
0.74878 0.869048
0.655395 0.237934
0.492129 0.209192
0.401802 0.769689
0.567902 0.0154081
0.787315 0.582404
0.46983 0.524103
0.208394 0.898735
0.166345 0.790961
0.572924 0.252124
0.678814 0.633638
0.270159 0.30239
0.359501 0.138748
0.852189 0.353813
0.612047 0.317438
0.274862 0.282028
0.226606 0.856243
0.532075 0.757599
0.0912759 0.85448
0.525813 0.724253
0.92004 0.313828
0.301124 0.371751
0.841225 0.581341
0.377442 0.0273699
0.434623 0.92523
0.275323 0.11635
0.550109 0.559569
0.414337 0.918849
0.693776 0.268536
0.273588 0.306711
0.57018 0.551049
0.588633 0.838174
0.479508 0.105676
0.602839 0.61638
0.121566 0.117382
0.307867 0.896861
0.437972 0.641977
0.307867 0.277259
0.231606 0.662914
0.308752 0.662489
0.590078 0.592505
0.781401 0.167063
0.148358 0.202469
0.0962097 0.811943
0.465908 0.364266
0.115063 0.0712419
0.910955 0.728747
0.895467 0.401136
0.8275 0.530585
0.0117374 0.810362
0.63116 0.351542
0.798624 0.0648925
0.997265 0.10786
0.340722 0.229728
0.773208 0.651671
0.892472 0.382715
0.241429 0.671202
0.539929 0.388415
0.871812 0.630467
0.228518 0.340921
0.946744 0.354904
0.380823 0.89902
0.104212 0.289914
0.265154 0.879432
0.793387 0.31812
0.796301 0.431728
0.661212 0.593194
0.489717 0.663485
0.712621 0.823828
0.882207 0.490515
0.492719 0.788433
0.849309 0.721674
0.4608 0.39014
0.108755 0.339024
0.0241432 0.334493
0.669204 0.0190068
0.708077 0.0585499
0.916939 0.808328
0.344687 0.231382
0.751731 0.138664
0.524523 0.555567
0.560759 0.207481
0.117643 0.0706775
0.856647 0.841148
0.864034 0.759594
0.316464 0.360195
0.543822 0.173571
0.0859619 0.0612858
0.564759 0.185756
0.342733 0.581666
0.499881 0.00972238
0.606026 0.23057
0.0764706 0.54304
0.0456128 0.41208
0.739781 0.79961
0.548877 0.308647
0.341087 0.108038
0.508154 0.488091
0.193198 0.369183
0.340428 0.0259504
0.144985 0.633146
0.395971 0.687059
0.816528 0.484218
0.690676 0.389234
0.654656 0.0296401
0.974846 0.178575
0.0425642 0.584705
0.408237 0.103719
0.139163 0.449986
0.510126 0.872975
0.233766 0.0679248
0.19384 0.574953
0.168041 0.692936
0.0714735 0.331115
0.0960787 0.389036
0.367274 0.233192
0.0540778 0.731087
0.91321 0.864424
0.232684 0.606039
0.220386 0.831272
0.64035 0.230232
0.0647931 0.646978
0.806851 0.48932
0.770219 0.892262
0.92234 0.30038
0.805988 0.169912
0.330956 0.945009
0.745401 0.539737
0.709569 0.817466
0.84731 0.786188
0.220837 0.233226
0.0267211 0.255471
0.964708 0.893034
0.136531 0.23012
0.550085 0.387795
0.11458 0.198727
0.617299 0.177113
0.864415 0.437283
0.646899 0.646048
0.360184 0.569551
0.942949 0.159884
0.743371 0.305249
0.164776 0.499434
0.822306 0.849155
0.320162 0.694292
0.628304 0.540031
0.931696 0.652168
0.793701 0.886874
0.601832 0.921458
0.137814 0.15645
0.32093 0.25911
0.301805 0.893456
0.434641 0.203221
0.368506 0.0842183
0.84821 0.721296
0.666422 0.792448
0.874795 0.410412
0.116211 0.0748501
0.888584 0.927912
0.883431 0.220171
0.620388 0.521614
0.758916 0.558291
0.187311 0.547124
0.491438 0.7781
0.49648 0.622288
0.908775 0.811461
0.88302 0.257679
0.755007 0.32127
0.458636 0.121237
0.402226 0.309478
0.840753 0.0629403
0.100954 0.698759
0.463967 0.198541
0.753059 0.368008
0.13222 0.614759
0.605042 0.751486
0.156804 0.340371
0.305536 0.336925
0.882191 0.786262
0.109669 0.369278
0.430759 0.0392383
0.206802 0.299163
0.23878 0.889392
0.61927 0.743471
0.0946228 0.0707444
0.0325127 0.880286
0.0699217 0.164494
0.629334 0.544956
0.350558 0.391129
0.897109 0.497644
0.0441145 0.489308
0.234375 0.181847
0.827584 0.538015
0.520515 0.723297
0.337245 0.617049
0.109315 0.731385
0.651029 0.316008
0.0192526 0.886959
0.274493 0.656472
0.676871 0.354864
0.66955 0.737783
0.268656 0.765693
0.876931 0.910135
0.298401 0.236539
0.304996 0.205217
0.717669 0.333752
0.750608 0.891993
0.49093 0.526849
0.471621 0.0238122
0.204161 0.829914
0.649287 0.348695
0.581288 0.299974
0.660663 0.625044
0.181356 0.856166
0.256832 0.84697
0.244194 0.89634
0.631474 0.566307
0.711614 0.526001
0.448555 0.0224725
0.734271 0.789456
0.214912 0.452718
0.0918038 0.881873
0.433553 0.621239
0.429795 0.919006
0.650934 0.665686
0.758123 0.306153
0.017809 0.33648
0.603881 0.677209
0.919341 0.815707
0.617077 0.250776
0.755314 0.856179
0.209282 0.392411
0.475201 0.919898
0.901137 0.949077
0.92219 0.673431
0.736332 0.169593
0.12679 0.811914
0.0899227 0.589822
0.456693 0.520508
0.496521 0.131075
0.183395 0.258
0.43332 0.195699
0.590891 0.0366031
0.875536 0.555741
0.862017 0.501282
0.807602 0.617705
0.43427 0.0270645
0.00491616 0.824965
0.918909 0.893124
0.820308 0.892149
0.572558 0.562034
0.0662709 0.702129
0.411076 0.147198
0.279696 0.83512
0.666151 0.796432
0.0248533 0.794975
0.0704428 0.453466
0.0402565 0.606327
0.490762 0.898088
0.203085 0.364948
0.428257 0.0158075
0.933687 0.776108
-0.0320917 0.903363
0.780061 0.878104
0.895257 0.515116
0.865572 0.502409
0.0128282 0.866521
0.215008 0.444584
0.0978195 0.526329
0.362373 0.750725
0.318045 0.381075
0.585261 0.374624
0.830547 0.61575
0.0191418 0.317857
0.527851 0.219549
0.728355 0.876974
0.22769 0.659386
0.728729 0.258482
0.652188 0.401962
0.239419 0.546497
0.898551 0.1114
-0.00139286 0.873229
0.05555 0.271208
0.425913 0.140677
0.774922 0.786387
0.887563 0.120167
0.186846 0.474187
0.496302 0.943385
0.103712 0.514691
0.315393 0.614067
0.783964 0.882102
0.55212 0.950044
0.659721 0.276778
0.216148 0.315818
0.675082 0.45173
0.871325 0.574796
0.565691 0.913666
0.533134 0.613962
0.117694 0.848123
0.807615 0.886924
0.741581 0.640325
0.0931483 0.877051
0.122239 0.584526
0.898389 0.207669
0.123271 0.218072
0.814165 0.848859
0.206794 0.378485
0.79975 0.866107
0.648842 0.0251632
0.179544 0.329243
0.45823 0.0542866
0.903194 0.0353212
0.863666 0.467749
0.647958 0.170685
0.393878 0.399676
0.154927 0.144556
0.044546 0.274598
0.0879976 0.131415
0.87325 0.936781
0.394857 0.00984264
0.150666 0.192513
0.85284 0.363665
0.562386 0.661912
0.223014 0.211625
0.684552 0.402478
0.538034 0.160234
0.452549 0.439764
0.190939 0.434093
0.865143 0.839616
0.596057 0.271246
0.23387 0.760348
0.407085 0.28535
0.0552088 0.450919
0.439664 0.914441
0.389795 0.805746
0.886957 0.566035
0.953072 0.758825
0.893027 0.540145
0.435817 0.118562
0.756536 0.123341
0.518697 0.294542
0.230551 0.89716
0.733316 0.482399
0.399262 0.609387
0.28913 0.935882
0.885266 0.561956
0.752626 0.29531
0.832825 0.787535
0.741963 0.292832
0.709898 0.130706
0.0949257 0.603572
0.669339 0.0754588
0.419582 0.55856
0.623982 0.837199
0.682206 0.378525
0.965508 0.20271
0.671569 0.247936
0.205289 0.39903
0.725565 0.567805
0.0585586 0.125361
0.56364 0.894141
0.610579 0.311278
0.187117 0.44436
0.0622939 0.897505
0.764714 0.803074
0.0728126 0.806131
0.446274 0.740212
0.903089 0.844827
0.30366 0.528291
0.78335 0.899128
0.919577 0.66289
0.191779 0.572362
0.903032 0.367852
0.960353 0.65782
0.925438 0.010747
0.671113 0.486496
0.913744 0.289776
0.795662 0.11076
0.743902 0.849954
0.0652901 0.498949
0.705466 0.115229
0.33418 0.146169
0.851105 0.25089
0.994696 0.152948
0.779513 0.69006
0.133284 0.679127
0.339311 0.325986
0.278174 0.248897
0.681143 0.269418
0.877064 0.605248
0.281801 0.542292
0.101757 0.196495
0.83394 0.881911
0.30784 0.577633
0.784664 0.357733
0.0982435 0.487949
0.467009 0.412597
0.634533 0.318016
0.659531 0.627644
0.470677 0.444585
0.318582 0.600319
0.141232 0.642682
0.901546 0.436629
0.902299 0.609887
0.700951 0.780177
0.136358 0.864818
0.334731 0.31077
0.161377 0.181897
0.186349 0.449341
0.811467 0.902885
0.805238 0.839594
0.465211 0.284835
0.244176 0.103096
0.609223 0.90311
0.728488 0.0724059
0.378264 0.0403104
0.674313 0.505084
0.702005 0.608331
0.915293 0.6066
0.220565 0.605988
0.395587 0.435039
0.598704 0.731092
0.730179 0.742586
0.898225 0.9373
0.207748 0.665126
0.917424 0.0271354
0.511702 0.38325
0.309229 0.766329
0.485257 0.904478
0.682446 0.211919
0.985886 0.044586
0.256075 0.661771
0.551481 0.950065
0.274592 0.455113
0.562014 0.497353
0.0262064 0.890168
0.934027 0.656366
0.695628 0.673935
0.407927 0.606365
0.611373 0.610115
0.282559 0.519167
0.648339 0.795468
0.906644 0.946285
0.556628 0.398802
0.865141 0.240892
0.611728 0.840318
0.250364 0.850753
0.511262 0.824257
0.805866 0.789622
0.298456 0.399633
0.281245 0.391055
0.359451 0.215627
0.0880197 0.125918
0.882756 0.459023
0.663528 0.506302
0.0103019 0.866369
0.0380668 0.67106
0.779189 0.893449
0.653115 0.297612
0.356424 0.517586
0.53894 0.950313
0.363999 0.82153
0.819784 0.881275
0.646208 0.647809
0.751504 0.875666
-0.00898858 0.877865
0.333259 0.404977
0.180118 0.38199
0.455908 0.0712621
0.829733 0.132304
0.573221 0.881186
0.0908402 0.574576
0.603936 0.809228
0.558806 0.246028
0.09537 0.880007
0.761213 0.654098
0.869366 0.132815
0.475608 0.697077
0.123603 0.114207
0.344751 0.688593
0.0762444 0.386816
0.650655 0.407949
0.775663 0.829163
0.787354 0.256454
0.889394 0.617388
0.386379 0.459921
0.503332 0.468937
0.126274 0.162809
0.286625 0.620855
0.34635 0.402317
0.535013 0.110871
0.059775 0.404585
0.244853 0.512831
0.101078 0.261248
0.645955 0.443457
0.947905 0.72092
0.828402 0.599296
0.134567 0.6007
0.428149 0.908938
0.874684 0.326318
0.530995 0.258775
0.782112 0.0396707
0.725918 0.847447
0.135181 0.0237814
0.469439 0.497897
0.42067 0.0243916
0.596467 0.467829
0.433451 0.847751
0.933834 0.573233
0.105859 0.615446
0.956094 0.0534352
0.362925 0.78853
0.651606 0.490462
0.406474 0.0863228
0.402459 0.279835
0.402858 0.923949
0.538207 0.189423
0.973345 0.263426
0.124666 0.13618
0.272106 0.49969
0.605715 0.678785
0.525786 0.204548
0.108261 0.86687
0.101691 0.140384
0.455595 0.149532
0.781591 0.418652
0.193073 0.14687
0.1775 0.789362
0.627817 0.60171
0.944265 0.0343538
0.883207 0.357931
0.863319 0.45149
0.544977 0.932663
0.681245 0.579278
0.00490091 0.869409
0.0950193 0.634335
0.631353 0.618246
0.849977 0.780562
0.566432 0.90336
0.920504 0.0176829
0.0631935 0.671993
0.428915 0.265031
0.842343 0.6249
0.147954 0.475404
0.219613 0.0716805
0.507828 0.113736
0.420693 0.473051
0.53846 0.950345
0.41798 0.218762
0.5352 0.479494
0.175276 0.623984
0.1233 0.796393
0.249926 0.00987259
0.598168 0.804499
0.901046 0.530297
0.841758 0.907191
0.211639 0.264902
0.234485 0.0564623
0.888044 0.375601
0.525634 0.120458
0.417494 0.0580161
0.213081 0.812314
0.524834 0.770786
0.80568 0.881312
0.956687 0.337087
0.404915 0.160086
0.949549 0.607049
0.964712 0.243697
0.52976 0.560832
0.0764495 0.46516
0.0436444 0.851125
0.443004 0.270073
0.150308 0.673941
0.334485 0.032133
0.0583152 0.810008
0.15903 0.481399
0.877576 0.407101
0.342074 0.392634
0.163274 0.164388
0.320545 0.156355
0.518537 0.729113
0.319713 0.495156
0.269128 0.283981
0.760455 0.813401
0.818658 0.798122
0.255548 0.826516
0.683637 0.73024
0.146608 0.798682
0.41401 0.48552
0.882309 0.479024
0.349942 0.0428505
0.957191 0.218899
0.45142 0.301517
0.606949 0.618238
0.461642 0.921505
0.81467 0.920465
0.657614 0.0940626
0.473754 0.916283
0.375699 0.214543
0.743629 0.21413
0.0410877 0.113251
0.106053 0.684417
0.74686 0.278475
0.548073 0.157587
0.762565 0.440629
0.623931 0.0997125
0.510014 0.572443
