0.451573 0.0843128
0.340462 0.973903
0.111419 0.0285553
0.528138 0.1884
0.887875 0.798689
0.336701 0.737467
0.382849 0.554325
0.332555 0.500227
0.745213 0.539553
0.093845 0.164604
0.379601 0.694036
0.844321 0.215337
0.45466 0.594572
0.84531 0.866715
0.854716 0.87156
0.849115 0.308104
0.955449 0.188654
0.282363 0.0668681
0.217548 0.810724
0.255268 0.10603
0.608893 0.59192
0.842838 0.991626
0.146205 0.175858
0.496205 0.893139
0.715415 0.585855
0.056021 0.0950375
0.280937 0.901092
0.310401 0.73473
0.494917 0.157489
0.600734 0.351442
0.0288351 0.450125
0.537056 0.609654
0.627484 0.939759
0.0509532 0.855709
0.752406 0.306212
0.961735 0.361324
0.897151 0.805364
0.353131 0.0443462
0.979258 0.845534
0.935544 0.696514
0.436873 0.988456
0.79113 0.710866
0.892125 0.101701
0.445252 0.387043
0.259189 0.0459866
0.738486 0.287815
0.495833 0.398025
0.271889 0.134334
0.339928 0.322837
0.990042 0.0923333
0.615666 0.937487
0.453619 0.527198
0.755911 0.807455
0.571534 0.737659
0.651925 0.507296
0.43398 0.0829357
0.499077 0.22531
0.793732 0.391208
0.32701 0.238977
0.778246 0.5862
0.284951 0.51674
0.87331 0.780936
0.914753 0.145903
0.915131 0.254686
0.471977 0.90516
0.347015 0.0977747
0.855968 0.801027
0.624941 0.613744
0.607457 0.196487
0.351447 0.259389
0.703344 0.785538
0.342323 0.202858
0.0107369 0.136046
0.594059 0.337747
0.375023 0.372311
0.923859 0.660132
0.888088 0.798234
0.440962 0.803931
0.943859 0.355911
0.0584666 0.412596
0.261084 0.405486
0.51037 0.118037
0.20615 0.135328
0.730865 0.814171
0.331815 0.083243
0.072994 0.0355945
0.868679 0.415338
0.239002 0.879884
0.551602 0.832182
0.217646 0.926519
0.204814 0.141101
0.58637 0.0938448
0.93906 0.0271514
0.895825 0.883033
0.386578 0.955764
0.295518 0.644276
0.361993 0.806365
0.762183 0.567726
0.941219 0.49403
0.381332 0.273031
0.577218 0.454325
0.308625 0.445901
0.869639 0.547095
0.325296 0.421017
0.379544 0.542497
0.347343 0.584453
0.672273 0.935012
0.678241 0.622599
0.960889 0.575938
0.505533 0.343974
0.531891 0.800781
0.541618 0.537414
0.606959 0.750235
0.46124 0.548169
0.244948 0.843139
0.820079 0.821867
0.296926 0.129809
0.267383 0.166569
0.676888 0.592667
0.587575 0.0564712
0.135343 0.93487
0.640694 0.818599
0.868728 0.319125
0.441688 0.829872
0.894592 0.94669
0.173613 0.42696
0.747876 0.161734
0.320502 0.354819
0.911259 0.782147
0.902968 0.156306
0.624335 0.72408
0.557349 0.555551
0.853963 0.245188
0.08786 0.530856
0.837751 0.675549
0.601281 0.960604
0.610407 0.228188
0.791674 0.479139
0.547304 0.232958
0.308775 0.442306
0.179779 0.482391
0.868499 0.92771
0.644122 0.189754
0.282475 0.556173
0.971524 0.185438
0.712461 0.59589
0.909416 0.690383
0.516805 0.763535
0.935403 0.605115
0.29476 0.77392
0.281565 0.882476
0.743059 0.891449
0.1099 0.537967
0.369967 0.657319
0.770856 0.678829
0.0996109 0.950637
0.161376 0.968663
0.877317 0.805454
0.158508 0.160825
0.361473 0.130032
0.346263 0.0739307
0.725927 0.255855
0.764189 0.243119
0.0194725 0.699676
0.848175 0.31381
0.472928 0.12867
0.195519 0.21922
0.0195736 0.305423
0.757186 0.389613
0.962625 0.528161
0.0684222 0.0621325
0.478798 0.229622
0.0308867 0.357154
0.0349437 0.189395
0.517978 0.396417
0.320372 0.864991
0.470348 0.0453521
0.120096 0.234535
0.288469 0.139501
0.934162 0.136643
0.453304 0.407092
0.265287 0.648884
0.62631 0.284887
0.954241 0.383492
0.666653 0.916893
0.911297 0.743207
0.979001 0.390396
0.972541 0.00989665
0.747539 0.00748528
0.199292 0.265519
0.403867 0.518754
0.129828 0.874235
0.564069 0.249855
0.108824 0.852551
0.389356 0.0429471
0.987625 0.84318
0.450037 0.254494
0.491485 0.0763478
0.539378 0.445731
0.459838 0.213878
0.362609 0.371434
0.956796 0.34162
0.759795 0.929367
0.351488 0.509385
0.93681 0.55086
0.774869 0.340728
0.0695604 0.904623
0.214972 0.633596
0.154483 0.323762
0.486106 0.543838
0.366688 0.475326
0.386893 0.817013
0.726515 0.878897
0.893096 0.269189
0.323717 0.352937
0.483019 0.686317
0.724361 0.43986
0.0347954 0.483556
0.369199 0.379467
0.995524 0.30603
0.929633 0.770844
0.531145 0.615575
0.673698 0.860968
0.633197 0.829335
0.185488 0.119508
0.373295 0.552248
0.594983 0.759738
0.368941 0.324627
0.637821 0.262036
0.602748 0.969346
0.614967 0.0768691
0.647861 0.339324
0.516698 0.675804
0.823657 0.886327
0.0552916 0.821009
0.192084 0.985508
0.591447 0.837857
0.987843 0.269595
0.700423 0.618684
0.0959639 0.885909
0.738203 0.469253
0.438107 0.333017
0.22942 0.807293
0.656655 0.867212
0.0690853 0.251445
0.828326 0.684156
0.328309 0.476327
0.0233922 0.845038
0.15233 0.848934
0.730971 0.207376
0.660613 0.923164
0.192902 0.261285
0.761619 0.178214
0.527698 0.462042
0.796895 0.623625
0.347924 0.535142
0.0929407 0.786101
0.868118 0.32197
0.5931 0.525757
0.188872 0.662214
0.777201 0.0173174
0.346249 0.105516
0.493625 0.369626
0.950459 0.645832
0.218498 0.681569
0.851344 0.888812
0.604448 0.0460128
0.149663 0.366066
0.224233 0.677397
0.828108 0.0211299
0.300984 0.176062
0.556231 0.393855
0.962097 0.424354
0.715817 0.555232
0.773309 0.757501
0.217463 0.727421
0.921987 0.56373
0.832831 0.415643
0.932529 0.783883
0.0613679 0.151803
0.468233 0.914463
0.0401819 0.0693573
0.960492 0.189846
0.435423 0.184719
0.867213 0.263536
0.205848 0.168195
0.439664 0.762038
0.56205 0.401716
0.186427 0.277867
0.956952 0.136531
0.182554 0.174384
0.863836 0.10456
0.738013 0.696695
0.520159 0.671372
0.480019 0.581555
0.822133 0.945207
0.498106 0.86488
0.0153594 0.457027
0.0534958 0.448438
0.632778 0.91878
0.711542 0.84761
0.0886085 0.152851
0.609175 0.650649
0.554403 0.79499
0.928525 0.511569
0.932131 0.11108
0.685361 0.795885
0.215639 0.423973
0.492316 0.735811
0.0954234 0.972605
0.319023 0.919385
0.916567 0.813767
0.780035 0.931611
0.270653 0.835791
0.383385 0.911254
0.755493 0.0949041
0.756473 0.844913
0.247755 0.367477
0.49478 0.802751
0.163072 0.423287
0.31384 0.0952043
0.57421 0.990024
0.890865 0.750226
0.423712 0.383798
0.485797 0.519061
0.356883 0.803728
0.437573 0.27407
0.616641 0.21945
0.206214 0.886704
0.0545357 0.587656
0.797058 0.809921
0.682534 0.55609
0.641485 0.924224
0.923567 0.148884
0.732609 0.0866416
0.572169 0.0464488
0.181845 0.106533
0.0461927 0.0730164
0.856546 0.469925
0.456812 0.342369
0.988029 0.813733
0.145583 0.426537
0.0874512 0.762253
0.645985 0.293327
0.648798 0.700437
0.88097 0.44664
0.510516 0.563484
0.0027118 0.164659
0.499201 0.926737
0.313542 0.226388
0.0129436 0.885709
0.272836 0.194767
0.992247 0.319037
0.268432 0.849496
0.788714 0.724672
0.191453 0.778104
0.537866 0.336734
0.204425 0.625213
0.0989919 0.850425
0.918205 0.748114
0.5508 0.798913
0.194397 0.0614642
0.362984 0.197109
0.226687 0.857143
0.123384 0.539671
0.0831499 0.136309
0.425376 0.355987
0.331074 0.417632
0.675018 0.598844
0.266401 0.463956
0.323452 0.457565
0.242398 0.861835
0.794288 0.446281
0.490825 0.895038
0.296691 0.405064
0.640529 0.847592
0.205111 0.835744
0.909063 0.567577
0.0325292 0.135206
0.424297 0.155917
0.674866 0.507453
0.292226 0.100248
0.863375 0.623349
0.517849 0.538439
0.222569 0.78449
0.264418 0.544837
0.24182 0.24424
0.406925 0.0361043
0.68596 0.894048
0.929337 0.987143
0.298468 0.57045
0.834826 0.503072
0.405827 0.74402
0.0707705 0.438195
0.879119 0.494911
0.594227 0.553982
0.00235632 0.886465
0.653244 0.866006
0.509765 0.172098
0.404213 0.732044
0.956351 0.406609
0.27753 0.198189
0.650839 0.684404
0.234294 0.341362
0.577904 0.163641
0.329621 0.877144
0.734014 0.163386
0.379466 0.139805
0.907303 0.450084
0.577929 0.785612
0.944943 0.172366
0.342952 0.947795
0.0588527 0.994611
0.813046 0.568597
0.166713 0.217253
0.300518 0.123081
0.623845 0.578048
0.32127 0.274707
0.262505 0.555568
0.615861 0.839963
0.709371 0.940726
0.716821 0.453216
0.108012 0.0962841
0.59302 0.0153028
0.546341 0.171147
0.80171 0.491289
0.343513 0.142089
0.438559 0.402344
0.136704 0.251602
0.970942 0.303422
0.468854 0.271457
0.426497 0.0927139
0.849279 0.747809
0.367419 0.112008
0.303649 0.98367
0.952415 0.0225317
0.928 0.669393
0.475747 0.0361217
0.765518 0.0687685
0.0514243 0.311858
0.240504 0.85362
0.803144 0.583429
0.996302 0.244064
0.98577 0.131922
0.501881 0.956371
0.440398 0.959152
0.228688 0.862229
0.0548707 0.0776708
0.609602 0.42229
0.190005 0.912998
0.405772 0.142095
0.935463 0.333881
0.811336 0.411218
0.369957 0.576898
0.479975 0.421429
0.888538 0.720083
0.27455 0.691992
0.303318 0.269777
0.933549 0.289093
0.401694 0.426858
0.24651 0.837584
0.388986 0.473991
0.698872 0.443876
0.551635 0.308471
0.86593 0.741418
0.221402 0.27194
0.883408 0.156865
0.605802 0.694691
0.582447 0.952202
0.271582 0.0480484
0.397251 0.160285
0.767896 0.671819
0.85213 0.0712573
0.940784 0.786256
0.360345 0.343286
0.212522 0.606146
0.180315 0.601537
0.0801452 0.879182
0.0454327 0.631776
0.188005 0.911636
0.373055 0.409065
0.183512 0.256465
0.565708 0.788628
0.951201 0.133991
0.765155 0.222785
0.182039 0.162405
0.386244 0.949672
0.834215 0.235204
0.0212423 0.775819
0.0208755 0.38158
0.119076 0.2334
0.987727 0.299395
0.834931 0.0678311
0.17882 0.880327
0.699573 0.366225
0.791911 0.0726298
0.773292 0.974945
0.329093 0.341203
0.764754 0.280296
0.475152 0.529914
0.503048 0.65722
0.6888 0.886661
0.607195 0.526526
0.121354 0.628455
0.302321 0.14222
0.0101747 0.421546
0.382184 0.99781
0.720787 0.210552
0.065605 0.899354
0.0909891 0.765181
0.266558 0.883473
0.837773 0.0408612
0.858221 0.166869
0.382 0.623036
0.447948 0.857476
0.153092 0.950136
0.515876 0.846562
0.836385 0.121679
0.375147 0.957953
0.750078 0.674062
0.100064 0.760195
0.0954314 0.475572
0.756926 0.816949
0.685249 0.823384
0.715222 0.777231
0.602654 0.951979
0.659807 0.426373
0.325357 0.512874
0.593239 0.404075
0.141 0.0403996
0.261322 0.293882
0.990486 0.776083
0.13925 0.827091
0.897475 0.510815
0.784734 0.647616
0.185066 0.884717
0.407729 0.280255
0.360267 0.165609
0.0964736 0.046386
0.988121 0.812492
0.823395 0.577663
0.793211 0.483204
0.0040545 0.815217
0.0587453 0.607895
0.219297 0.142227
0.637666 0.480619
0.436058 0.628301
0.25641 0.575181
0.455329 0.153886
0.0859613 0.24008
0.801479 0.270786
0.12478 0.209206
0.551032 0.485044
0.374744 0.647592
0.531433 0.363876
0.45956 0.354827
0.941537 0.25277
0.837334 0.94524
0.0680007 0.839252
0.542834 0.287285
0.981479 0.180503
0.76791 0.417588
0.808809 0.0243155
0.995321 0.266975
0.178201 0.078722
0.512321 0.979217
0.349479 0.629069
0.189018 0.900574
0.114044 0.563705
0.548027 0.645477
0.927574 0.00761525
0.000322283 0.869109
0.261079 0.838996
0.814677 0.328374
0.677583 0.357509
0.615655 0.659053
0.538012 0.383556
0.076647 0.346821
0.407871 0.069408
0.610936 0.586061
0.14813 0.115177
0.565742 0.497633
0.743914 0.754826
0.398944 0.858468
0.320344 0.946928
0.503699 0.245906
0.953849 0.504063
0.115015 0.214228
0.344453 0.930362
0.542597 0.0199178
0.2872 0.15825
0.678152 0.825132
0.541299 0.755281
0.172256 0.949609
0.824551 0.782912
0.553656 0.972306
0.898168 0.101498
0.470765 0.642333
0.854325 0.869417
0.500565 0.174462
0.81521 0.00426431
0.420472 0.769131
0.508248 0.535374
0.981641 0.851016
0.465037 0.525895
0.870238 0.752395
0.684133 0.549497
0.577484 0.225938
0.305254 0.749874
0.175614 0.130162
0.53249 0.711356
0.103287 0.43003
0.812864 0.574128
0.0730681 0.669015
0.44306 0.573602
0.843455 0.25832
0.577849 0.26382
0.0273721 0.0861164
0.799203 0.0106578
0.936721 0.26428
0.536514 0.806896
0.0165476 0.220672
0.356691 0.594083
0.446576 0.66185
0.343513 0.622298
0.789977 0.876453
0.334893 0.896077
0.306731 0.146448
0.469482 0.379752
0.813639 0.912943
0.953223 0.659031
0.170899 0.531186
0.922711 0.198275
0.617293 0.721838
0.20893 0.554021
0.985979 0.745746
0.361259 0.0027369
0.965815 0.718391
0.596768 0.412753
0.382549 0.940249
0.0349766 0.171893
0.816373 0.36857
0.0672493 0.123101
0.514991 0.536724
0.502852 0.330449
0.449312 0.456194
0.989262 0.620322
0.558973 0.550993
0.818499 0.604684
0.633966 0.0274259
0.158699 0.620162
0.772899 0.519954
0.62283 0.738956
0.23795 0.219661
0.1518 0.617823
0.159976 0.18677
0.787864 0.976139
0.556717 0.856947
0.0994473 0.0703434
0.393635 0.602355
0.401349 0.843217
0.058488 0.390133
0.463229 0.0458603
0.302184 0.281726
0.640636 0.935443
0.309642 0.809885
0.556305 0.0820467
0.329178 0.179197
0.821092 0.567131
0.403595 0.971408
0.184941 0.558833
0.159814 0.974557
0.535163 0.714975
0.831555 0.634712
0.785328 0.225299
0.236925 0.186119
0.068305 0.295413
0.576237 0.531533
0.342339 0.879054
0.812596 0.990567
0.814585 0.122408
0.801036 0.370894
0.204454 0.130211
0.550086 0.0255404
0.688265 0.947904
0.528226 0.525375
0.507775 0.15807
0.85693 0.0429533
0.872929 0.688662
0.677589 0.658371
0.912792 0.914146
0.844009 0.981969
0.209917 0.420751
0.513654 0.551181
0.299184 0.326935
0.542996 0.113767
0.449337 0.344029
0.484625 0.653782
0.474238 0.034742
0.679333 0.171577
0.983388 0.678119
0.0538561 0.491462
0.834138 0.91114
0.534394 0.708869
0.599325 0.21199
0.367226 0.513198
0.126493 0.211752
0.495299 0.336409
0.6325 0.00897283
0.887062 0.931576
0.335904 0.430606
0.0454867 0.785231
0.774623 0.530108
0.439033 0.24886
0.564848 0.118365
0.420391 0.54857
0.796123 0.474297
0.0400169 0.631975
0.385036 0.574456
0.341549 0.9838
0.786198 0.708142
0.502086 0.914232
0.919822 0.992849
0.249296 0.552323
0.00183492 0.136893
0.484002 0.337739
0.567473 0.529449
0.122981 0.342108
0.059558 0.562037
0.590952 0.624403
0.680379 0.0114032
0.172936 0.476497
0.485695 0.212929
0.108485 0.870774
0.787337 0.449254
0.855185 0.573745
0.157316 0.352742
0.486611 0.0771365
0.345638 0.736104
0.629456 0.347438
0.872799 0.113459
0.685179 0.440283
0.642643 0.808049
0.782199 0.702541
0.370172 0.373368
0.326873 0.0505505
0.384731 0.49984
0.529764 0.871519
0.712737 0.635475
0.741236 0.500072
0.0847382 0.596427
0.0737983 0.242046
0.949134 0.56047
0.319183 0.294757
0.297498 0.949063
0.642193 0.169115
0.0620964 0.32737
0.609386 0.70495
0.135526 0.391793
0.407443 0.505735
0.764941 0.734541
0.55625 0.149914
0.234158 0.0832955
0.0204177 0.946886
0.718506 0.761822
0.447142 0.803645
0.357985 0.520807
0.045551 0.307167
0.0811786 0.364734
0.601922 0.377494
0.313372 0.244116
0.546608 0.375468
0.571484 0.156008
0.0805435 0.707034
0.547793 0.487945
0.21271 0.312952
0.22259 0.769122
0.462858 0.456456
0.852263 0.483256
0.403311 0.57108
0.245457 0.850861
0.374484 0.602911
0.371091 0.420099
0.910035 0.452299
0.784823 0.511948
0.829766 0.0981933
0.756063 0.376376
0.47366 0.327544
0.532363 0.554129
0.0345544 0.0801811
0.042084 0.247264
0.393131 0.26438
0.0162384 0.855992
0.717947 0.869463
0.339233 0.124185
0.43947 0.584095
0.973611 0.814619
0.18693 0.345601
0.234132 0.096954
0.797871 0.0189531
0.608887 0.627627
0.117145 0.364959
0.116949 0.588739
0.692502 0.53639
0.144996 0.727115
0.616575 0.187026
0.97432 0.00970581
0.457328 0.987691
0.865702 0.17224
0.859024 0.204939
0.296424 0.298535
0.78901 0.270933
0.112722 0.975831
0.616531 0.34671
0.0728929 0.414403
0.365619 0.681924
0.0525066 0.477033
0.0467498 0.0460505
0.0737058 0.739278
0.582443 0.218556
0.466308 0.199017
0.405578 0.440638
0.209259 0.857185
0.431173 0.0744244
0.0292242 0.290196
0.27936 0.325651
0.588728 0.0683663
0.596562 0.701266
0.0443046 0.213108
0.0480153 0.117197
0.627511 0.413679
0.79893 0.669596
0.894726 0.845883
0.706576 0.960394
0.584989 0.298044
0.188657 0.0512975
0.497043 0.594234
0.491884 0.705768
0.455862 0.924297
0.780214 0.480452
0.213295 0.0595667
0.805547 0.802081
0.127932 0.402674
0.503328 0.172238
0.615771 0.551343
0.289434 0.243294
0.965021 0.0884226
0.911018 0.861691
0.934143 0.62852
0.83161 0.519165
0.926487 0.0202654
0.570447 0.423548
0.614503 0.0623731
0.129332 0.0657272
0.564667 0.557111
0.546176 0.198767
0.969104 0.352274
0.000790169 0.0970401
0.754947 0.504119
0.269279 0.37073
0.0554616 0.558736
0.614017 0.0204838
0.647126 0.526862
0.881987 0.581362
0.155319 0.713656
0.100443 0.0817892
0.733843 0.670921
0.505337 0.348369
0.733258 0.634664
0.413969 0.71878
0.552239 0.957124
0.917502 0.513361
0.314144 0.91918
0.610357 0.0674858
0.424066 0.879995
0.438189 0.47788
0.438346 0.052228
0.498357 0.0854801
0.579088 0.380349
0.666707 0.734295
0.0940429 0.767259
0.815006 0.82809
0.438107 0.321517
0.176184 0.171371
0.956153 0.590341
0.890113 0.500423
0.550504 0.807082
0.0137277 0.863089
0.725901 0.624065
0.930578 0.148315
0.503704 0.368789
0.614964 0.942911
0.421017 0.124545
0.0275305 0.000104499
0.504868 0.694309
0.734498 0.598842
0.461492 0.550689
0.428489 0.899886
0.872153 0.602893
0.0710209 0.828373
0.19333 0.961102
0.328816 0.743914
0.768718 0.342484
0.60676 0.494622
0.966542 0.53741
0.642933 0.470257
0.906136 0.269127
0.412305 0.327153
0.393663 0.43985
0.328598 0.899325
0.134141 0.0617495
0.497388 0.595658
0.606495 0.926618
0.495281 0.484618
0.526889 0.566285
0.312995 0.720281
0.527371 0.641748
0.463704 0.296116
0.984236 0.0704706
0.789148 0.950511
0.607814 0.43367
0.421009 0.513987
0.701612 0.833579
0.841099 0.0964589
0.273186 0.168355
0.994998 0.407349
0.230101 0.492429
0.00300389 0.842522
0.416472 0.498316
0.329402 0.94402
0.0646013 0.640147
0.663434 0.591959
0.281877 0.127136
0.888089 0.266118
0.19761 0.678838
0.217238 0.805643
0.112504 0.637963
0.319873 0.815942
0.471294 0.160468
0.911441 0.744767
0.330308 0.907563
0.151805 0.558929
0.399187 0.154795
0.401769 0.815762
0.653006 0.728497
0.758907 0.717785
0.368711 0.422521
0.309625 0.650722
0.549646 0.197707
0.916376 0.747572
0.876529 0.133604
0.57791 0.968846
0.769243 0.872532
0.804305 0.242843
0.0325858 0.716088
0.987314 0.361342
0.622806 0.139126
0.92026 0.0219922
0.293921 0.321717
0.836998 0.946638
0.0503123 0.596776
0.664643 0.419017
0.0192842 0.974248
0.0696067 0.568924
0.172109 0.986239
0.316156 0.0484992
0.119964 0.868833
0.0375459 0.891456
0.739225 0.842585
0.134484 0.773525
0.557869 0.121615
0.134713 0.180674
0.260741 0.0549733
0.202665 0.554662
0.376686 0.0403358
0.501655 0.42699
0.637085 0.1663
0.845944 0.656438
0.14077 0.915514
0.225248 0.312535
0.901909 0.541442
0.361032 0.0218258
0.41023 0.398557
0.913281 0.151103
0.240376 0.0475772
0.923569 0.798674
0.169193 0.0591958
0.978887 0.42995
0.114169 0.181583
0.984578 0.490898
0.221917 0.486253
0.916025 0.859236
0.652471 0.763753
0.515182 0.793079
0.679377 0.740531
0.10565 0.581389
0.281996 0.466687
0.603186 0.692188
0.865231 0.516506
0.843331 0.105605
0.56374 0.767129
0.903611 0.733509
0.82517 0.88317
0.163436 0.941088
0.06435 0.147783
0.432033 0.28627
0.634033 0.349878
0.145273 0.286584
0.113759 0.660641
0.0797532 0.793214
0.401212 0.185342
0.374529 0.683326
0.546102 0.660804
0.375408 0.517287
0.49426 0.218768
0.622852 0.0583229
0.986575 0.526774
0.790806 0.813542
0.413202 0.952794
0.754772 0.473818
0.10255 0.1868
0.759876 0.73677
0.543726 0.906274
0.0232026 0.650454
0.565978 0.102862
0.450306 0.963939
0.288735 0.818833
0.639883 0.939414
0.795944 0.0258369
0.457469 0.290204
0.244605 0.080322
0.348527 0.231186
0.607023 0.140105
0.0447741 0.0164909
0.0949346 0.799576
0.490309 0.197422
0.987977 0.253541
0.934 0.523071
0.155952 0.95707
0.173447 0.721774
0.0600483 0.617051
0.688924 0.348236
0.435196 0.339324
0.288458 0.231142
0.365208 0.746107
0.521324 0.609759
0.824423 0.870274
0.840956 0.433289
0.00999935 0.885722
0.449763 0.104849
0.675142 0.940887
0.302257 0.671739
0.190467 0.236275
0.194623 0.346222
0.193445 0.368051
0.0679545 0.253476
0.985019 0.75716
0.601711 0.420273
0.0962469 0.890167
0.651413 0.461362
0.636097 0.172758
0.0722244 0.461866
0.0426667 0.912075
0.895617 0.0526054
0.797798 0.345384
0.157452 0.483062
0.285452 0.459734
0.154663 0.47592
0.695998 0.349289
0.820275 0.889833
0.713684 0.891109
0.142922 0.702479
0.646895 0.744534
0.122867 0.743326
0.634771 0.774018
0.204535 0.270896
0.94686 0.275662
0.728473 0.981945
0.187729 0.628872
0.0421085 0.985527
0.974237 0.199546
0.46859 0.25969
0.659262 0.623229
0.735609 0.35527
0.972527 0.557819
0.2447 0.689956
0.447843 0.387628
0.392297 0.094817
0.132251 0.51499
0.837721 0.767105
0.289086 0.0425245
0.0379493 0.235944
0.318418 0.771651
0.225428 0.505918
0.400046 0.267523
0.491444 0.374284
0.475121 0.959256
0.633973 0.126337
0.58329 0.369581
0.481578 0.555834
0.927137 0.726702
0.245718 0.375179
0.11395 0.638031
0.469991 0.246194
0.152998 0.307982
0.0132839 0.442508
0.350506 0.051198
0.678028 0.668683
0.82066 0.903854
0.174604 0.222433
0.170981 0.666072
0.596709 0.638042
0.626082 0.230689
0.764385 0.209373
0.60027 0.245986
0.765206 0.527601
0.972297 0.0109208
0.902774 0.0862357
0.648933 0.372765
0.332869 0.802559
0.680747 0.345678
0.244014 0.031252
0.399065 0.921416
0.699942 0.219264
0.823655 0.874941
0.447353 0.993206
0.540592 0.0384121
0.634526 0.166675
0.269103 0.398914
0.377009 0.869803
0.644895 0.141251
0.396907 0.617253
0.152171 0.299745
0.702795 0.801195
0.67251 0.0358566
0.603035 0.353256
0.382241 0.84746
0.384648 0.778595
0.769091 0.0844497
0.997676 0.594668
0.958956 0.439374
0.59106 0.499586
0.477782 0.225592
0.666168 0.746785
0.624501 0.0423051
0.616254 0.269395
0.183556 0.0132246
0.886587 0.335737
0.312929 0.590102
0.136982 0.985354
0.625812 0.739773
0.338735 0.00740553
0.586918 0.723208
0.785817 0.356008
0.807118 0.783547
0.949992 0.767331
0.22286 0.541665
0.266248 0.700783
0.765381 0.932382
0.447523 0.391757
0.974833 0.0637783
0.661152 0.15839
0.0770001 0.547756
0.494116 0.389972
0.137763 0.630961
0.375532 0.763817
0.370816 0.714332
0.769358 0.957418
0.437392 0.556869
0.313736 0.245121
0.340335 0.264333
0.200892 0.561525
0.805996 0.278076
0.263834 0.573256
0.210605 0.711495
0.965005 0.185435
0.775137 0.626174
0.344648 0.852741
0.174165 0.83805
0.242114 0.311649
0.468855 0.617558
0.0752902 0.839706
0.332559 0.846959
0.796849 0.76922
0.403144 0.111166
0.0143858 0.743531
0.375498 0.0261019
0.306674 0.181493
0.304138 0.570593
0.754743 0.514776
0.2819 0.719903
0.700209 0.0570111
0.345902 0.0440325
0.909149 0.519836
0.881971 0.151267
0.831444 0.350865
0.766057 0.906666
0.190559 0.100581
0.748261 0.978922
0.86976 0.156157
0.0992009 0.884056
0.899644 0.47468
0.91016 0.206309
0.656145 0.214335
0.776826 0.410889
0.729109 0.0586907
0.13063 0.429321
0.115699 0.476538
0.473351 0.0248538
0.996326 0.355334
0.176507 0.827921
0.69649 0.94279
0.731317 0.897408
0.0542433 0.481015
0.88362 0.915345
0.547866 0.638209
0.799352 0.543291
0.45838 0.709445
0.749596 0.114681
0.923839 0.526462
0.525535 0.652949
0.585106 0.656196
0.0823386 0.700828
0.132729 0.555627
0.725659 0.129063
0.909617 0.90148
0.95682 0.617201
0.846599 0.691441
0.51819 0.893762
0.178821 0.398597
0.806394 0.82265
0.382424 0.60696
0.366473 0.84149
0.316411 0.115356
0.955693 0.240259
0.641767 0.481258
0.89321 0.226878
0.137614 0.975354
0.927681 0.27019
0.531074 0.653334
0.399241 0.442061
0.555117 0.356082
0.0591767 0.401847
0.0474067 0.573069
0.294107 0.226225
0.971636 0.101659
0.0486967 0.354113
0.708564 0.414458
0.195125 0.0249711
0.529814 0.150817
0.265226 0.171584
0.632074 0.158435
0.398563 0.769671
0.133915 0.326136
0.0397568 0.665057
0.979437 0.438978
0.107064 0.534598
0.795042 0.166246
0.934801 0.842948
0.739287 0.230544
0.0687374 0.710949
0.332202 0.117364
0.0650356 0.0407618
0.531821 0.260161
0.0657328 0.061635
0.410977 0.330961
0.233218 0.0430506
0.489362 0.631668
0.812571 0.623312
0.956173 0.852762
0.289695 0.937806
0.291251 0.395401
0.471876 0.0862897
0.561639 0.408312
0.928736 0.30093
0.552271 0.69089
0.0118751 0.971036
0.114765 0.0768837
0.0118541 0.646638
0.337044 0.0775522
0.708067 0.748154
0.411598 0.939724
0.788657 0.898315
0.57309 0.603656
0.521196 0.530919
0.456143 0.809654
0.467921 0.747232
0.20526 0.940132
0.833222 0.766584
0.348478 0.76241
0.0675173 0.98725
0.759613 0.079349
0.957077 0.874854
0.156405 0.970031
0.520958 0.49327
0.0476837 0.229185
0.241297 0.456199
0.170624 0.032369
0.354148 0.743926
0.634999 0.875282
0.274665 0.0919591
0.684758 0.742838
0.837354 0.890203
0.68296 0.672628
0.656361 0.0313609
0.434707 0.723756
0.0186156 0.194453
0.801241 0.976838
0.0688759 0.959438
0.947029 0.589857
0.458379 0.991957
0.818844 0.694105
0.456906 0.986736
0.725654 0.805473
0.733344 0.362402
0.680348 0.00800666
0.454358 0.365201
0.750883 0.293509
0.254987 0.433848
0.595756 0.588092
0.465204 0.400975
0.635205 0.483821
0.595427 0.438416
0.460714 0.664243
0.397853 0.407815
0.254676 0.851206
0.40255 0.0730314
0.54613 0.853621
0.0626348 0.270963
0.658221 0.79582
0.633363 0.338872
0.803984 0.0877233
0.704073 0.554862
0.384893 0.958853
0.988707 0.347372
0.870417 0.453936
0.748342 0.505613
0.937732 0.343766
0.944016 0.398478
0.00802366 0.341884
0.806291 0.262079
0.192454 0.208839
0.335145 0.737252
0.0623268 0.397743
0.00807758 0.720904
0.193717 0.641378
0.0597468 0.9977
0.7288 0.76406
0.552568 0.110314
0.722853 0.541274
0.457656 0.593251
0.995191 0.206017
0.0989198 0.932871
0.549783 0.0429001
0.331363 0.557854
0.384784 0.137696
0.819884 0.577241
0.346535 0.154989
0.314275 0.408869
0.552731 0.322273
0.129912 0.746592
0.963636 0.189434
0.744108 0.692782
0.953231 0.296723
0.802953 0.676136
0.837999 0.260718
0.27001 0.833851
0.466728 0.368211
0.766113 0.0165117
0.41111 0.0975198
0.574154 0.795117
0.235218 0.394205
0.373085 0.581804
0.549164 0.687397
0.990611 0.101921
0.00967892 0.120323
0.847726 0.973059
0.309718 0.592609
0.666036 0.262984
0.889252 0.469096
0.938826 0.727679
0.729784 0.208404
0.560427 0.196512
0.576612 0.32654
0.213145 0.987695
0.424266 0.787408
0.783584 0.6593
0.181542 0.156747
0.241058 0.730768
0.844154 0.231642
0.83089 0.854219
0.351917 0.681177
0.827085 0.661798
0.27354 0.49319
0.9247 0.162787
0.960681 0.864196
0.88989 0.692217
0.0722503 0.450271
0.888497 0.648824
0.776993 0.101571
0.636501 0.201053
0.888921 0.420138
0.860328 0.0704538
0.576863 0.101354
0.801191 0.421022
0.332977 0.633938
0.274853 0.6851
0.314858 0.101992
0.346617 0.588456
0.595173 0.271366
0.751191 0.557425
0.135142 0.641227
0.249459 0.207297
0.0916666 0.138004
0.854268 0.869099
0.23957 0.492578
0.0697119 0.128484
0.912034 0.929691
0.198935 0.489554
0.0313933 0.00012188
0.910565 0.364395
0.633959 0.185413
0.0493804 0.948812
0.287407 0.396007
0.540729 0.883391
0.667367 0.288407
0.440181 0.802647
0.929447 0.689629
0.00979297 0.0212871
0.82564 0.866267
0.889946 0.067038
0.361622 0.960314
0.195522 0.271133
0.889704 0.394478
0.758333 0.921221
0.394527 0.671323
0.285475 0.028539
0.856663 0.334817
0.977355 0.144069
0.730813 0.514572
0.0266471 0.398178
0.802986 0.466654
0.200698 0.732757
0.15611 0.210467
0.749068 0.974294
0.0763646 0.643856
0.050613 0.434777
0.603493 0.246134
0.705911 0.493188
0.640592 0.466593
0.414282 0.0351733
0.137844 0.69983
0.0637358 0.994504
0.0345672 0.0410675
0.138771 0.765526
0.555641 0.165221
0.163554 0.358623
0.63187 0.364229
0.0912867 0.788016
0.575028 0.844071
0.771535 0.651047
0.490008 0.823082
0.0858069 0.0924379
0.0683511 0.791732
0.58562 0.708858
0.258402 0.999864
0.744073 0.396154
0.698951 0.80785
0.390662 0.734392
0.848845 0.529248
0.499613 0.404486
0.694454 0.663176
0.763109 0.326323
0.0274108 0.854325
0.114312 0.602106
0.695835 0.886513
0.253124 0.188387
0.708023 0.338931
0.281199 0.77701
0.130722 0.866424
0.485214 0.388953
0.866365 0.229284
0.785106 0.566034
0.0370574 0.175758
0.301429 0.886742
0.704365 0.799991
0.290391 0.399447
0.463049 0.053497
0.725766 0.490445
0.906163 0.8402
0.0925515 0.607283
0.725922 0.345665
0.795659 0.433948
0.684595 0.0764786
0.210635 0.815524
0.942708 0.695707
0.204538 0.809559
0.924754 0.98926
0.379057 0.961849
0.165058 0.675621
0.845901 0.870493
0.475475 0.138107
0.270613 0.938579
0.191723 0.995224
0.428971 0.0994316
0.835312 0.521526
0.706701 0.561228
0.86718 0.502375
0.995158 0.551846
0.578833 0.205437
0.36698 0.521801
0.900895 0.571241
0.331586 0.826339
0.560488 0.706364
0.787283 0.725639
0.381908 0.635278
0.595211 0.856831
0.771313 0.865585
0.794201 0.964748
0.860325 0.224953
0.064413 0.695663
0.746075 0.771319
0.256861 0.613639
0.273404 0.25204
0.165637 0.85229
0.457441 0.532426
0.374 0.358399
0.103688 0.705077
0.184067 0.66413
0.416191 0.969341
0.389862 0.793602
0.621323 0.949669
0.650873 0.380076
0.850345 0.446869
0.344986 0.710848
0.671795 0.409343
0.40629 0.418267
0.180395 0.663178
0.0322047 0.45412
0.915196 0.197294
0.306037 0.372678
0.72968 0.680061
0.729661 0.833868
0.386974 0.915002
0.497297 0.796873
0.884973 0.887225
0.589948 0.493446
0.872349 0.240832
0.873352 0.722812
0.687678 0.218517
0.433338 0.359478
0.627534 0.839404
0.776864 0.808667
0.503021 0.809817
0.262056 0.41799
0.180029 0.570668
0.79045 0.736703
0.248122 0.521723
0.569927 0.633225
0.436849 0.0673691
0.42975 0.323534
0.95446 0.0197051
0.81582 0.827101
0.26053 0.690626
0.561368 0.946165
0.908962 0.982847
0.307655 0.536914
0.82246 0.0854216
0.345132 0.325255
0.895007 0.607282
0.740136 0.902574
0.175273 0.533891
0.638587 0.423401
0.0556102 0.208528
0.0566163 0.492462
0.275894 0.486377
0.815994 0.23036
0.506043 0.632962
0.0572394 0.766621
0.323434 0.606752
0.714815 0.232486
0.589482 0.0224998
0.769369 0.411946
0.107921 0.114494
0.737191 0.00296672
0.721684 0.480423
0.903479 0.896831
0.259052 0.536763
0.320355 0.0699243
0.75205 0.376974
0.562384 0.0279435
0.863346 0.378393
0.258302 0.369417
0.0113468 0.315466
0.136016 0.334816
0.920366 0.851098
0.567292 0.511599
0.873329 0.336673
0.923514 0.981231
0.451122 0.66072
0.984217 0.172837
0.141346 0.889051
0.0697922 0.155473
0.432666 0.390148
0.225397 0.184715
0.76636 0.788389
0.212653 0.630463
0.166154 0.47096
0.99987 0.177502
0.786424 0.135888
0.512287 0.708565
0.986716 0.0796187
0.220689 0.860375
0.416281 0.143687
0.839482 0.867874
0.803187 0.825654
0.0403207 0.945574
0.714662 0.110068
0.101052 0.147329
0.500214 0.326449
0.332043 0.267335
0.114226 0.544708
0.897794 0.28039
0.0156845 0.897658
0.458053 0.802211
0.0335787 0.970198
0.510624 0.0202657
0.0499066 0.730805
0.880322 0.466128
0.874288 0.72174
0.333493 0.67908
0.54712 0.373817
0.624456 0.261782
0.483616 0.725472
0.414666 0.98192
0.0520508 0.741184
0.251433 0.166187
0.285855 0.149225
0.446571 0.301515
0.0469212 0.90446
0.103596 0.0804364
0.874609 0.614272
0.100918 0.924447
0.345766 0.980483
0.390589 0.219443
0.702619 0.724195
0.898321 0.249747
0.0979429 0.522784
0.511504 0.581826
0.249145 0.920976
0.565932 0.30024
0.661304 0.817186
0.474676 0.94678
0.594957 0.587564
0.249158 0.0134769
0.817458 0.35276
0.0939758 0.692137
0.966974 0.194616
0.616603 0.311962
0.175629 0.00719227
0.534635 0.879176
0.731327 0.429725
0.128124 0.829338
0.952406 0.639619
0.411105 0.200782
0.575826 0.956094
0.501022 0.22194
0.792589 0.967255
0.169869 0.761154
0.880455 0.418763
0.774278 0.697952
0.769424 0.868937
0.390044 0.738626
0.0629971 0.00662346
0.0504311 0.238626
0.155975 0.578469
0.117066 0.745292
0.0115601 0.244868
0.585259 0.968083
0.884145 0.985416
0.164838 0.444537
0.962402 0.66599
0.666373 0.756864
0.633046 0.835896
0.517934 0.513748
0.2548 0.292418
0.211657 0.0262936
0.160799 0.601682
0.764764 0.223797
0.6083 0.814656
0.462385 0.622109
0.396986 0.579351
0.367255 0.4086
0.823029 0.941951
0.372633 0.708681
0.927173 0.537538
0.153264 0.889622
0.203747 0.81988
0.646418 0.836643
0.655618 0.164638
0.351939 0.910989
0.457016 0.562088
0.936684 0.617913
0.163757 0.701512
0.841345 0.772126
0.516666 0.304068
0.395962 0.913358
0.883024 0.761624
0.322271 0.707759
0.703077 0.694957
0.416023 0.630313
0.23242 0.569167
0.520004 0.43577
0.388725 0.166695
0.272431 0.0443424
0.331307 0.622938
0.953929 0.789073
0.185137 0.891494
0.406236 0.348671
0.592941 0.247884
0.120718 0.109607
0.55194 0.514881
0.0232952 0.435453
0.276307 0.345591
0.143002 0.979273
0.121588 0.557418
0.609663 0.272941
0.128092 0.129668
0.708714 0.516814
0.296696 0.981304
0.561145 0.627705
0.603981 0.515919
0.416277 0.788994
0.407703 0.822383
0.107819 -0.00569106
0.0702029 0.258295
0.109945 0.622171
0.77318 0.133238
0.0574706 0.0494855
0.478823 0.200317
0.275045 0.508241
0.759234 0.638551
0.790312 0.887739
0.768213 0.500998
0.404152 0.0645728
0.490189 0.964598
0.692268 0.0861299
0.481229 0.108349
0.873316 0.888912
0.930668 0.0126154
0.888943 0.000871044
0.271029 0.998807
0.623025 0.0440898
0.132116 0.680559
0.0935877 0.610953
0.880813 0.122455
0.130293 0.64007
0.7587 0.922683
0.527376 0.529201
0.426744 0.929354
0.59232 0.905207
0.896858 0.286052
0.991822 0.378097
0.395319 0.867156
0.266702 0.325068
0.879483 0.155645
0.325935 0.150394
0.154737 0.94886
0.194484 0.286637
0.629456 0.288059
0.897577 0.510299
0.410513 0.0278552
0.150325 0.17151
0.950284 0.677946
0.700717 0.373981
0.609261 0.294496
0.279674 0.506127
0.580543 0.271511
0.884153 0.974883
0.13838 0.150902
0.300004 0.0178633
0.306534 0.626064
0.168255 0.461069
0.574899 0.36274
0.747705 0.204356
0.650808 0.645248
0.714624 0.0613126
0.671837 0.864172
0.232818 0.623557
0.556182 0.931404
0.997534 0.151928
0.228035 0.277217
0.657685 0.808418
0.548711 0.54224
0.783415 0.687159
0.693148 0.0835217
0.697934 0.98913
0.706246 0.874107
0.460761 0.28436
0.235968 0.208466
0.492819 0.888538
0.853744 0.203342
0.948074 0.526934
0.0682867 0.180902
0.150434 0.610961
0.11444 0.147963
0.762881 0.342477
0.425177 0.420927
0.151218 0.973796
0.573445 0.567153
0.661029 0.656282
0.0180918 0.365983
0.655936 0.727461
0.239209 0.116773
0.0151362 0.476409
0.325216 0.500649
0.361943 0.178981
0.703965 0.310023
0.70554 0.772383
0.49273 0.858111
0.383151 0.605422
0.00424893 0.146083
0.947809 0.429425
0.567008 0.098892
0.403291 0.530218
0.0334621 0.064345
0.186496 0.0515538
0.430901 0.842687
0.779059 0.66956
0.958434 0.791716
0.144713 0.284518
0.291636 0.506668
0.469145 0.99382
0.816679 0.169356
0.767859 0.307603
0.02564 0.151061
0.912965 0.0298892
0.298079 0.861586
0.460153 0.864231
0.958117 0.863113
0.400509 0.991948
0.926969 0.580876
0.0447127 0.357322
0.423652 0.823978
0.0268577 0.382612
0.614836 0.17157
0.66057 0.906151
0.678225 0.130627
0.902094 0.494934
0.299968 0.670071
0.802506 0.325625
0.820802 0.71556
0.35551 0.118148
0.576288 0.813965
0.98229 0.536044
0.677476 0.376628
0.529111 0.604464
0.957429 0.573906
0.961785 0.380787
0.403591 0.987231
0.763395 0.0124971
0.160216 0.430525
0.917328 0.838715
0.561153 0.820388
0.334263 0.861813
0.491006 0.13585
0.186752 0.312011
0.851319 0.54228
0.430157 0.427596
0.357087 0.412468
0.963566 0.0345631
0.789091 0.492701
0.638958 0.74645
0.06655 0.600846
0.127321 0.464204
0.588356 0.890078
0.476395 0.749694
0.321243 0.395684
0.587177 0.881675
0.217173 0.921581
0.743376 0.707829
0.0573812 0.930271
0.0197857 0.908643
0.472529 0.449914
0.336814 0.830257
0.862373 0.299817
0.864136 0.651513
0.79251 0.503222
0.398772 0.859297
0.104036 0.525327
0.323199 0.693728
0.416298 0.80005
0.443008 0.737181
0.195622 0.0313397
0.61967 0.41236
0.952815 0.363193
0.120103 0.0101483
0.293465 0.139857
0.918258 0.766354
0.589769 0.25504
0.59562 0.45214
0.554848 0.459802
0.103597 0.347356
0.963021 0.501656
0.206403 0.0670637
0.292243 0.522413
0.760583 0.442951
0.329597 0.203785
0.180225 0.525221
0.235502 0.800172
0.937579 0.187943
0.163089 0.0576825
0.198089 0.456555
0.197539 0.116888
0.222961 0.787535
0.372368 0.818618
0.240016 0.92685
0.277979 0.343049
0.274135 0.241002
0.844646 0.480555
0.309049 0.872331
0.0101877 0.0686421
0.3145 0.33979
0.272422 0.494735
0.865009 0.50757
0.295094 0.803247
0.695493 0.457711
0.858554 0.893986
0.914266 0.0578063
0.0104709 0.136818
0.845119 0.38241
0.954991 0.0845621
0.309177 0.232971
0.427567 0.583344
0.473969 0.272244
0.0639017 0.782054
0.143794 0.0740367
0.850686 0.458312
0.413822 0.123102
0.953023 0.27883
0.630651 0.247644
0.0814115 0.326143
0.695215 0.939652
0.219721 0.619626
0.997557 0.231427
0.754623 0.845391
0.612589 0.711363
0.928285 0.921068
0.944399 0.356767
0.505085 0.418372
0.628999 0.568935
0.200742 0.77308
0.642971 0.0510814
0.231098 0.0567932
0.174183 0.184118
0.336067 0.805452
0.431761 0.417033
0.130978 0.137119
0.358711 0.350711
0.756744 0.358197
0.580892 0.513183
0.202793 0.193498
0.224616 0.131954
0.115271 0.169018
0.488689 0.620349
0.587391 0.117731
0.189608 0.788013
0.888838 0.832523
0.838878 0.121634
0.889055 0.0130606
0.305751 0.224677
0.817679 0.737603
0.629314 0.946242
0.874632 0.00041839
0.299572 0.631505
0.359703 0.881
0.144557 0.561409
0.0739739 0.369175
0.693361 0.189246
0.538193 0.18208
0.809602 0.125584
0.300242 0.998929
0.913379 0.190346
0.830926 0.752302
0.311989 0.720472
0.765319 0.61774
0.944859 0.58327
0.355195 0.586646
0.532083 0.229875
0.587067 0.830762
0.860766 0.945548
0.712136 0.00580827
0.506802 0.786249
0.374982 0.200392
0.59161 0.585868
0.382631 0.785148
0.0388145 0.682321
0.78228 0.951802
0.872572 0.615055
0.704393 0.184606
0.335212 0.46973
0.802337 0.280105
0.0529193 0.157577
0.86669 0.58504
0.387447 0.45373
0.416661 0.248703
0.399334 0.128797
0.255523 0.906819
0.914903 0.629587
0.106817 0.890264
0.542662 0.489224
0.675221 0.581417
0.171508 0.459071
0.533562 0.0441368
0.0740742 0.237955
0.228743 0.409294
0.707663 0.0310769
0.689185 0.760593
0.188653 0.55609
0.345537 0.576159
0.00979212 0.762282
0.824819 0.409145
0.891043 0.0793215
0.315983 0.806602
0.708819 0.422256
0.696213 0.251483
0.911485 0.371442
0.832908 0.0829949
0.830504 0.366478
0.127319 0.904482
0.604425 0.355873
0.313865 0.312092
0.38695 0.00325715
0.0726744 0.575623
0.559346 0.418255
0.151711 0.569147
0.180661 0.976473
0.978277 0.0715444
0.055842 0.293777
0.877144 0.764824
0.716035 0.573702
0.0161621 0.627567
0.943413 0.849713
0.71017 0.775812
0.216208 0.837911
0.679467 0.81983
0.193634 0.99406
0.132033 0.580468
0.997335 0.204703
0.156067 0.556682
0.622958 0.307779
0.125919 0.80354
0.2843 0.104104
0.875003 0.340152
0.397935 0.752635
0.104799 0.113913
0.326203 0.120938
0.741431 0.271342
0.969938 0.451953
0.0469796 0.185503
0.289592 0.727482
0.0119547 0.485249
0.72127 0.137479
0.063637 0.718633
0.34218 0.219631
0.275818 0.965062
0.527409 0.401112
0.767705 0.812301
0.505185 0.643591
0.152046 0.902999
0.396096 0.25665
0.0170874 0.72235
0.377658 0.758626
0.993639 0.347582
0.210379 0.0406206
0.533067 0.499957
0.767813 0.538522
0.983041 0.489129
0.675998 0.04662
0.207688 0.0181784
0.266247 0.48298
0.98254 0.79404
0.883779 0.75211
0.605368 0.3893
0.39558 0.757364
0.292839 0.792273
0.0138688 0.309404
0.513907 0.391456
0.0678386 0.507554
0.739029 0.278222
0.548169 0.272102
0.778184 0.315983
0.810352 0.761304
0.805071 0.486627
0.807861 0.0127531
0.5048 0.0741102
0.495715 0.488123
0.867774 0.379828
0.240026 0.47314
0.769103 0.635553
0.230355 0.0615058
0.427147 0.244224
0.373582 0.941351
0.635679 0.438752
0.448602 0.374708
0.709189 0.986502
0.646805 0.495156
0.312755 0.457445
0.256395 0.11782
0.944053 0.0642557
0.13057 0.448855
0.138375 0.626312
0.936968 0.00613428
0.00610904 0.176996
0.479249 0.775259
0.812341 0.709706
0.836727 0.239687
0.953849 0.207635
0.180737 0.589532
0.646378 0.629314
0.96423 0.363361
0.626095 0.611029
0.858013 0.938848
0.0684765 0.114907
0.056687 0.0125298
0.179162 0.18726
0.461382 0.317528
0.813567 0.39836
0.324185 0.820328
0.575226 0.802141
0.594887 0.387882
0.512556 0.431611
0.627564 0.466406
0.639014 0.808186
0.0559344 0.285632
0.437642 0.0201697
0.648991 0.0637548
0.631208 0.507504
0.00268888 0.699748
0.62241 0.059309
0.711564 0.801783
0.246569 0.173604
0.1191 0.0601265
0.571954 0.442761
0.879793 0.147302
0.245692 0.474684
0.534715 0.757977
0.906291 0.162749
0.224657 0.54554
0.971047 0.280604
0.83118 0.408705
0.300758 0.480174
0.478404 0.931167
0.987594 0.4751
0.631647 0.610055
0.534378 0.343886
0.411797 0.781055
0.517472 0.530739
0.841073 0.0894444
0.973155 0.721252
0.236745 0.219203
0.195869 0.772187
0.977452 0.101838
0.934677 0.202111
0.639942 0.903001
0.482693 0.478548
0.314844 0.784074
0.957882 0.787584
0.705595 0.940826
0.261937 0.347109
0.556285 0.795688
0.661846 0.887823
0.577261 0.20848
0.498834 0.418334
0.297922 0.472355
0.139197 0.534673
0.691545 0.334747
0.306587 0.669136
0.436584 0.241275
0.871107 0.0839598
0.147002 0.353809
0.562502 0.46142
0.137267 0.521215
0.248899 0.85329
0.467545 0.510236
0.199814 0.0240228
0.307793 0.891687
0.547091 0.535999
0.0992825 0.490952
0.302134 0.397215
0.963251 0.441339
0.931796 0.654973
0.77608 0.238477
0.323829 0.212664
0.479749 0.194936
0.296613 0.626885
0.550457 0.859134
0.0882321 0.686036
0.380335 0.336467
0.540063 0.848326
0.846472 0.738574
0.871939 0.153225
0.628487 0.863845
0.037104 0.72867
0.354997 0.339161
0.125837 0.318286
0.780487 0.0577158
0.973103 0.556635
0.29619 0.296952
0.768599 0.776498
0.491885 0.0658501
0.40269 0.0406292
0.924983 0.490909
0.726646 0.305314
0.827327 0.265375
0.153228 0.674048
0.00390916 0.0251685
0.827184 0.633324
0.887393 0.864433
0.361881 0.244218
0.203409 0.487721
0.575616 0.95237
0.545417 0.535616
0.54146 0.841999
0.832572 0.309697
0.617562 0.324455
0.375541 0.0202518
0.365085 0.30052
0.511115 0.0917291
0.605831 0.33844
0.357175 0.75924
0.0124504 0.361009
0.782518 0.839694
0.994029 0.673978
0.703941 0.356143
0.916458 0.906912
0.84387 0.480185
0.891254 0.389312
0.0156996 0.432012
0.231538 0.848771
0.739482 0.849327
0.172814 0.116945
0.868729 0.537919
0.417462 0.379848
0.629627 0.0232934
0.708831 0.973933
0.782151 0.730827
0.347689 0.566634
0.57042 0.341996
0.24003 0.274363
0.69814 0.157695
0.181711 0.542001
0.637861 0.072961
0.93121 0.653786
0.504673 0.162211
0.502009 0.246077
0.0107426 0.674876
0.364088 0.879933
0.213083 0.780717
0.259944 0.843012
0.801801 0.977472
0.829076 0.586136
0.708288 0.176811
0.152713 0.278708
0.518805 0.392742
0.553068 0.216944
0.550439 0.734749
0.758945 0.188298
0.807592 0.690326
0.841948 0.31242
0.852449 0.343964
0.560185 0.86298
0.0188134 0.921505
0.742561 0.2315
0.701998 0.00182544
0.0738446 0.505783
0.584191 0.577233
0.0919674 0.687683
0.0797322 0.244621
0.966341 0.598598
0.637356 0.519442
0.815483 0.1878
0.254219 0.574429
0.376095 0.0619619
0.264663 0.218042
0.374376 0.117112
0.575899 0.932848
0.980229 0.580848
0.854203 0.722868
0.812278 0.556381
0.721261 0.887016
0.0622222 0.704042
0.789043 0.154064
0.392632 0.869106
0.398682 0.358052
0.467312 0.036046
0.87749 0.282798
0.223845 0.131709
0.857192 0.599965
0.193671 0.121881
0.817986 0.568049
0.238994 0.379982
0.500915 0.219243
0.960748 0.355298
0.941386 0.773583
0.911572 0.666804
0.557451 0.684567
0.370696 0.448201
0.128074 0.76252
0.316934 0.526613
0.120527 0.78436
0.563043 0.964887
0.0671155 0.786486
0.129838 0.924193
0.386406 0.323298
0.0461645 0.204388
0.891342 0.285162
0.584366 0.392255
0.504379 0.545108
0.747555 0.446453
0.318147 0.659373
0.113288 0.977176
0.633053 0.483842
0.425544 0.761011
0.246293 0.74245
0.287528 0.366649
0.528139 0.851204
0.364509 0.59382
0.636612 0.494181
0.518051 0.0230232
0.817479 0.564218
0.227391 0.708868
0.848321 0.812182
0.101068 0.353772
0.357673 0.849146
0.800149 0.67508
0.513361 0.91423
0.652318 0.140903
0.397208 0.0777874
0.901818 0.643501
0.820219 0.189381
0.0100707 0.34692
0.039529 0.374629
0.940553 0.676345
0.868819 0.458759
0.699149 0.686302
0.0229914 0.926571
0.396171 0.872619
0.73836 0.496162
0.226097 0.0952496
0.344782 0.026322
0.768633 0.85305
0.939662 0.422594
0.99353 0.336906
0.504719 0.896787
0.980326 0.320611
0.084799 0.990345
0.667525 0.124291
0.364971 0.608264
0.800438 0.233833
0.0669456 0.49961
0.920112 0.0899002
0.426182 0.315208
0.962224 0.16454
0.811371 0.188323
0.259789 0.156152
0.214643 0.0300726
0.00877967 0.154331
0.452674 0.00231
0.499659 0.952677
0.897702 0.471578
0.273846 0.982396
0.468615 0.940996
0.106813 0.827001
0.557977 0.906401
0.0608138 0.616374
0.412129 0.978904
0.705062 0.833261
0.296108 0.668602
0.99751 0.107487
0.856797 0.257304
0.263638 0.0714383
0.287372 0.27242
0.225831 0.740146
0.274757 0.717127
0.693108 0.172422
0.188733 0.966745
0.154879 0.650517
0.907968 0.261627
0.477453 0.45737
0.168803 0.538259
0.073722 0.575611
0.518816 0.779884
0.408886 0.815354
0.44844 0.406074
0.922773 0.305242
0.663373 0.186409
0.37974 0.950806
0.458803 0.602438
0.690742 0.733553
0.319443 0.383903
0.905977 0.508026
0.350672 0.0608508
0.158484 0.258638
0.322466 0.636059
0.71601 0.491277
0.174495 0.789895
0.0669329 0.693396
0.569689 0.475432
0.508652 0.0181341
0.881516 0.431445
0.323343 0.544917
0.617822 0.699985
0.495623 0.0766574
0.30249 0.186413
0.810205 0.621935
0.570308 0.71616
0.130133 0.920891
0.777038 0.288407
0.179619 0.0995103
0.922852 0.895034
0.590789 0.098549
0.68536 0.657662
0.791919 0.255045
0.133093 0.30057
0.273176 0.0145995
0.731996 0.596544
0.559478 0.349823
0.296593 0.0551006
0.426455 0.599123
0.241513 0.236693
0.22135 0.812039
0.952875 0.350938
0.732631 0.730018
0.630851 0.909734
0.82943 0.563695
0.808053 0.420221
0.662235 0.493401
0.0781376 0.453854
0.748439 0.210968
0.754726 0.0216142
0.225563 0.48672
0.618174 0.784924
0.8349 0.915024
0.840146 0.263026
0.513837 0.0816573
0.499427 0.734835
0.893491 0.452615
0.0858049 0.626297
0.182512 0.725212
0.538703 0.0119287
0.288822 0.346753
0.436121 0.948661
0.840148 0.510032
0.405174 0.588645
0.720983 0.159943
0.598032 0.94769
0.64666 0.228359
0.731595 0.483199
0.143112 0.571738
0.746189 0.656953
0.653393 0.245933
0.391757 0.54692
0.698526 0.477586
0.173384 0.881034
0.202731 0.711997
0.892963 0.491567
0.0586043 0.325097
0.444718 0.899912
0.833463 0.848251
0.487311 0.556089
0.0077573 0.0975287
0.502611 0.654409
0.325887 0.234232
0.137614 0.469002
0.80405 0.884298
0.125946 0.459362
0.129763 0.517754
0.00625212 0.828284
0.995337 0.179384
0.709317 0.198057
0.891205 0.602354
0.680682 0.949808
0.927368 0.132196
0.848325 0.762554
0.980011 0.33593
0.319141 0.9876
0.433748 0.821407
0.642101 0.759246
0.0554959 0.779816
0.228863 0.861807
0.663637 0.354287
0.321211 0.794009
0.872036 0.32701
0.620859 0.867109
0.506384 0.331012
0.0654304 0.397624
0.932868 0.755483
0.348376 0.861241
0.887222 0.196061
0.6223 0.866993
0.543221 0.938023
0.854283 0.965168
0.762921 0.497187
0.723765 0.818805
0.277892 0.953122
0.669396 0.941184
0.307402 0.000543676
0.734029 0.179439
0.327545 0.355728
0.0468312 0.833926
0.686735 0.112242
0.231548 0.620021
0.867269 0.579056
0.480368 0.754486
0.775078 0.103799
0.621721 0.307061
0.0513806 0.474416
0.27292 0.809119
0.5 0.5
0.626781 0.250893
0.95039 0.306557
0.191517 0.257789
0.308696 0.926392
0.437186 0.634633
0.281264 0.484048
0.476311 0.966895
0.596262 0.700084
0.588015 0.463547
0.279142 0.0686845
0.218036 0.0542195
0.172752 0.839862
0.36128 0.217984
0.316471 0.633899
0.0264021 0.290386
0.631055 0.653164
0.54126 0.581429
0.959454 0.733282
0.839225 0.26684
0.65834 0.276449
0.900952 0.93936
0.760489 0.370049
0.907602 0.356777
0.0701683 0.495629
0.820314 0.349317
0.564308 0.0383484
0.403546 0.736913
0.877755 0.764983
0.954773 0.194584
0.403917 0.979673
0.48497 0.0296366
0.634358 0.0262493
0.611047 0.594084
0.759049 0.450295
0.860939 0.417404
0.726465 0.762663
0.356981 0.487262
0.132453 0.264596
0.843997 0.202626
0.760181 0.664315
0.551933 0.324526
0.694354 0.953653
0.061321 0.580785
0.720274 0.0160894
0.775347 0.118864
0.999326 0.262359
0.148509 0.631635
0.286915 0.760216
0.225718 0.0456102
0.209865 0.0866472
0.469199 0.936382
0.847928 0.820367
0.429421 0.978337
0.0845789 0.267835
0.184497 0.844924
0.931887 0.736489
0.169322 0.634819
0.691524 0.23064
0.215564 0.411801
0.246835 0.990811
0.53066 0.243994
0.251243 0.679256
0.875615 0.537813
0.438729 0.101335
0.583399 0.648594
0.187982 0.0463952
0.585202 0.0370343
0.866378 0.00904094
0.0185822 0.950944
0.276875 0.202667
0.795757 0.209021
0.938401 0.964814
0.843767 0.630329
0.195718 0.059383
0.041958 0.441948
0.0502956 0.572732
0.686441 0.301518
0.251865 0.562061
0.839178 0.690706
0.663392 0.422711
0.340014 0.851994
0.47424 0.923737
0.888407 0.335494
0.932204 0.906138
0.286442 0.210307
0.109612 0.0821963
0.419325 0.0483375
0.0472746 0.263144
0.678587 0.242993
0.322538 0.720865
0.685439 0.37282
0.29334 0.371884
0.674337 0.545201
0.933935 0.513699
0.235795 0.597331
0.936334 0.575041
0.448699 0.405464
0.499375 0.337108
0.740951 0.432807
0.244054 0.027388
0.643112 0.353666
0.109584 0.062437
0.402003 0.156859
0.325581 0.0805893
0.399787 0.648165
0.801222 0.0852911
0.0209285 0.0945598
0.457091 0.695214
0.639763 0.391104
0.209279 0.875727
0.988431 0.145271
0.450542 0.437134
0.560777 0.947423
0.774239 0.291681
0.382728 0.0182921
0.319067 0.0258404
0.371956 0.428664
0.0883543 0.773997
0.58551 0.413859
0.854123 0.985059
0.0620067 0.6558
0.0706513 0.0828958
0.750333 0.52782
0.778168 0.390099
0.918907 0.987069
0.266699 0.907929
0.132373 0.7163
0.344443 0.683266
0.666124 0.118725
0.974757 0.0488519
0.137017 0.293825
0.0746881 0.508982
0.722477 0.16297
0.282936 0.30799
0.576828 0.137486
0.293346 0.638929
0.793259 0.364003
0.721691 0.543586
0.891826 0.499881
0.932674 0.811265
0.486929 0.19934
0.718098 0.619269
0.915541 0.0625852
0.302319 0.581743
0.18131 0.277111
0.630516 0.318326
0.570926 0.705182
0.827302 0.293416
0.868178 0.110237
0.601397 0.445006
0.248548 0.895164
0.0838008 0.0409791
0.259071 0.80623
0.584568 0.150564
0.305327 0.518283
0.960462 0.792977
0.717569 0.679424
0.411494 0.633181
0.741838 0.713984
0.215219 0.923398
0.989414 0.845884
0.241626 0.561948
0.550522 0.0689262
0.855365 0.418719
0.17916 0.456755
0.863714 0.426905
0.354306 0.948137
0.467833 0.610238
0.752998 0.0524319
0.760807 0.0583438
0.570683 0.722086
0.850618 0.28828
0.401519 0.262164
0.921407 0.14351
0.976064 0.136205
0.0668509 0.967069
0.981522 0.308441
0.529002 0.532035
0.37736 0.384384
0.950723 0.556583
0.840029 0.814751
0.983406 0.192627
0.761955 0.451269
0.802871 0.514953
0.503679 0.563668
0.57329 0.0743818
0.285791 0.423913
0.362621 0.687455
0.686071 0.284063
0.830751 0.662223
0.422129 0.897874
0.629209 0.401787
0.20606 0.158228
0.933799 0.583475
0.54623 0.885065
0.139942 0.383733
0.699011 0.123349
0.576356 0.46096
0.574617 0.379228
0.975908 0.078316
0.94289 0.549255
0.152698 0.228693
0.973105 0.515417
0.915915 0.659297
0.799201 0.746895
0.321309 0.219686
0.610418 0.870873
0.621028 0.850168
0.108744 0.555305
0.433888 0.651343
0.439817 0.573887
0.0350815 0.138873
0.697213 0.611433
0.599834 0.27183
0.990645 0.57582
0.352477 0.934222
0.124937 0.502847
0.162264 0.0980444
0.0181964 0.0782638
0.756225 0.818387
0.82508 0.0785294
0.0413412 0.468633
0.0290889 0.658811
0.320024 0.137793
0.214208 0.754095
0.789121 0.653955
0.32834 0.824893
0.792801 0.0250236
0.435663 0.392636
0.296855 0.42634
0.96827 0.647128
0.359903 0.0933162
0.149838 0.52217
0.191361 0.168038
0.584883 0.943906
0.985623 0.425532
0.0271082 0.0229491
0.895033 0.0561554
0.681719 0.215058
0.19411 0.895813
0.5 0.5
0.549712 0.296814
0.807317 0.342518
0.321838 0.242981
0.735148 0.618688
0.66931 0.703481
0.265689 0.0292147
0.796847 0.415537
0.577033 0.969529
0.583569 0.151812
0.936759 0.569275
0.588393 0.968217
0.592166 0.472357
0.0200435 0.273887
0.687415 0.213992
0.169671 0.656442
0.1971 0.719534
0.953231 0.00439867
0.061895 0.275069
0.247789 0.797523
0.892743 0.916644
0.500567 0.159449
0.945908 0.297411
0.574973 0.497285
0.285608 0.158549
0.649098 0.222389
0.72777 0.226422
0.186277 0.319939
0.698779 0.206321
0.593826 0.386192
0.420397 0.763571
0.0426266 0.617428
0.487625 0.986855
0.621784 0.544773
0.271702 0.869797
0.341816 0.16467
0.784102 0.842461
0.324147 0.731999
0.139987 0.899008
0.229052 0.425402
0.057669 0.878152
0.647716 0.785291
0.104629 0.834088
0.105419 0.803389
0.0404491 0.69922
0.189538 0.460698
0.462677 0.23215
0.0781497 0.945558
0.227956 0.699938
0.4903 0.498907
0.569206 0.831325
0.66357 0.354916
0.573053 0.699157
0.0867386 0.814344
0.886787 0.315744
0.240495 0.944568
0.194085 0.88752
0.729852 0.298456
0.720166 0.835609
0.101923 0.762018
0.534386 0.291343
0.222753 0.99704
0.523492 0.300735
0.942236 0.752009
0.000727377 0.433515
0.250382 0.569677
0.266018 0.914406
0.924162 0.939071
0.90164 0.0112726
0.753216 0.789017
0.327726 0.993286
0.732863 0.520889
0.881158 0.462736
0.819343 0.602716
0.29946 0.921736
0.365266 0.832785
0.21249 0.587306
0.829148 0.736043
0.887534 0.772238
0.491598 0.890469
0.204978 0.737996
0.458321 0.470023
0.651801 0.382922
0.409591 0.553486
0.394194 0.163564
0.341879 0.721401
0.15721 0.0747288
0.24209 0.0383573
0.53744 0.0614354
0.640823 0.835291
0.982583 0.00572968
0.667663 0.195075
0.593027 0.49703
0.931062 0.481118
0.269016 0.418529
0.369713 0.473961
0.156619 0.828148
0.942974 0.808789
0.210984 0.353595
0.361564 0.605232
0.517135 0.703487
0.326332 0.674573
0.778213 0.56847
0.712728 0.315652
0.629905 0.353796
0.151014 0.612496
0.360002 0.819187
0.806143 0.95264
0.315737 0.738868
0.433594 0.58474
0.157407 0.803471
0.0586564 0.313515
0.631427 0.00261829
0.121779 0.842426
0.356205 0.483335
0.449163 0.873923
0.187102 0.774163
0.557664 0.961255
0.342437 0.26047
0.281026 0.972333
0.614265 0.431655
0.599092 0.960636
0.250327 0.392396
0.92633 0.566075
0.131009 0.359983
0.150738 0.288153
0.163346 0.209394
0.601521 0.794189
0.212035 0.723486
0.637172 0.568227
0.206658 0.0847736
0.441597 0.393443
0.858371 0.988946
0.358437 0.201179
0.24981 0.63909
0.173757 0.864114
0.070834 0.75838
0.837866 0.321068
0.150966 0.76439
0.887089 0.281755
0.124197 0.0378244
0.569903 0.287543
0.247218 0.171571
0.0828912 0.458882
0.894761 0.719703
0.0274561 0.101584
0.804279 0.46906
0.494996 0.663008
0.459194 0.85352
0.864071 0.70831
0.492546 0.0377142
0.572262 0.563276
0.796071 0.41015
0.88397 0.946743
0.174661 0.771599
0.228555 0.298557
0.808782 0.798602
0.586097 0.0564756
0.96988 0.668552
0.518002 0.866398
0.387871 0.543208
0.966538 0.192186
0.0141314 0.462434
0.855209 0.470631
0.315037 0.71964
0.179155 0.807761
0.756953 0.751425
0.370816 0.553224
0.161239 0.255204
0.499975 0.335597
0.026719 0.728576
0.633892 0.835743
0.526987 0.220248
0.892377 0.497043
0.888669 0.408096
0.361969 0.276575
0.951238 0.328508
0.476732 0.96258
0.790073 0.323961
0.434065 0.1051
0.0433675 0.612913
0.911726 0.800803
0.363976 0.283533
0.353601 0.525252
0.540304 0.854062
0.860825 0.565399
0.582131 0.494961
0.401267 0.109125
0.715211 0.293637
0.606119 0.603862
0.685804 0.929182
0.880397 0.652999
0.296616 0.349208
0.616404 0.0866865
0.673162 0.0504693
0.191811 0.716656
0.663351 0.10446
0.516974 0.0273253
0.388991 0.870984
0.566889 0.925425
0.724217 0.41335
0.492101 0.306351
0.906754 0.893187
0.415414 0.623559
0.187005 0.0216147
0.227775 0.889057
0.989723 0.107836
0.541667 0.286338
0.457039 0.158071
0.373025 0.1302
0.208539 0.564812
0.844896 0.872339
0.669271 0.363688
0.899215 0.057263
0.234294 0.451758
0.5 0.5
0.865112 0.476113
0.265224 0.773939
0.369414 0.680458
0.396892 0.556514
0.701944 0.624319
0.445084 0.691629
0.725549 0.978872
0.978007 0.1892
0.144921 0.351033
0.3194 0.353467
0.915843 0.166114
0.225351 0.585116
0.529802 0.124567
0.642293 0.763998
0.576307 0.626372
0.722606 0.441426
0.102552 0.987348
0.214838 0.471922
0.667792 0.611759
0.0283852 0.369738
0.236097 0.473571
0.0614422 0.968255
0.460418 0.0394145
0.15746 0.605345
0.390425 0.476885
0.958803 0.306294
0.642972 0.184152
0.891402 0.172774
0.308689 0.533817
0.93507 0.884141
0.160145 0.659497
0.326467 0.262605
0.646923 0.541309
0.734524 0.314721
0.153307 0.763089
0.684457 0.389178
0.236568 0.745916
0.357415 0.697055
0.785281 0.514899
0.302232 0.175726
0.994053 0.263769
0.481982 0.634718
0.445184 0.373418
0.807283 0.754002
0.906896 0.74463
0.638945 0.0673403
0.408011 0.963672
0.329944 0.0507674
0.506718 0.0644676
0.365424 0.659921
0.827376 0.0499461
0.0489759 0.063852
0.795818 0.406419
0.760749 0.581089
0.921308 0.0629785
0.754032 0.913331
0.324011 0.23883
0.547483 0.768675
0.612246 0.355284
0.523085 0.519435
0.0996512 0.162044
0.586774 0.503489
0.12766 0.916638
0.554239 0.634181
0.570375 0.571234
0.294454 0.809241
0.969688 0.342951
0.872067 0.765637
0.749355 0.633168
0.346529 0.670843
0.696146 0.103402
0.583731 0.0201556
0.34223 0.131517
0.787746 0.954191
0.486801 0.31245
0.473898 0.586452
0.474494 0.0606978
0.089952 0.601966
0.977316 0.644329
0.236452 0.958627
0.563928 0.530094
0.767186 0.533632
0.873 0.639656
0.299118 0.622538
0.272758 0.645809
0.293539 0.969111
0.746362 0.877405
0.989073 0.091349
0.00833462 0.778462
0.0818574 0.48532
0.0908692 0.519749
0.0815785 0.565385
0.580439 0.171519
0.167317 0.557863
0.815726 0.403453
0.516478 0.379658
0.933543 0.283668
0.912301 0.806915
0.923269 0.21242
0.428992 0.196042
0.857966 0.722136
0.164962 0.607261
0.598874 0.154033
0.698604 0.607191
0.932144 0.744868
0.102323 0.0233297
0.264169 0.183901
0.588846 0.843696
0.355489 0.7562
0.402469 0.171136
0.159683 0.918835
0.550795 0.0930001
0.202609 0.464086
0.899585 0.125881
0.676503 0.328577
0.321893 0.534677
0.0549631 0.484152
0.141905 0.649533
0.640601 0.840437
0.256715 0.573374
0.584924 0.359039
0.596667 0.848437
0.542939 0.185397
0.688957 0.898901
0.941413 0.0961705
0.0694953 0.100873
0.0151367 0.62034
0.193873 0.217729
0.0843738 0.0934581
0.343694 0.761087
0.421996 0.665535
0.295513 0.472692
0.15241 0.43741
0.122283 0.79341
0.277906 0.378921
0.367613 0.863329
0.730022 0.956693
0.711923 0.280894
0.14879 0.405624
0.179252 0.0902044
0.501792 0.248748
0.191074 0.516911
0.869043 0.384968
0.726125 0.946702
0.478407 0.0782469
0.710567 0.901204
0.743777 0.00980243
0.374366 0.896585
0.447186 0.495327
0.689501 0.725105
0.874236 0.0562104
0.587925 0.612189
0.0196041 0.299866
0.893084 0.168396
0.705489 0.0723365
0.2586 0.207282
0.321085 0.449691
0.724192 0.190123
0.834636 0.458847
0.143533 0.313034
0.538836 0.858408
0.213477 0.280855
0.867614 0.586639
0.177043 0.314834
0.0819463 0.866561
0.0399903 0.956153
0.922772 0.627994
0.580611 0.944658
0.927767 0.461475
0.110778 0.633267
0.533767 0.369367
0.83875 0.855284
0.819049 0.564722
0.0450105 0.653704
0.0235494 0.188505
0.966685 0.560693
0.0463258 0.180179
0.839825 0.914424
0.766778 0.018522
0.229402 0.849092
0.885082 0.268736
0.804135 0.807825
0.896627 0.373218
0.749071 0.825115
0.832831 0.861394
0.457631 0.368402
0.230355 0.298162
0.223252 0.0493978
0.862882 0.26823
0.699429 0.887169
0.456695 0.669749
0.447016 0.503069
0.849951 0.28854
0.416939 0.616761
0.307058 0.645919
0.465425 0.192137
0.91452 0.270284
0.999071 0.811645
0.643404 0.750112
0.635524 0.478115
0.611192 0.0931582
0.8449 0.841995
0.391319 0.0697671
0.890946 0.254204
0.337947 0.594075
0.140755 0.794884
0.263779 0.58769
0.297777 0.113731
0.876072 0.714925
0.730458 0.183277
0.360568 0.195882
0.375414 0.275088
0.46616 0.375399
0.0862298 0.109643
0.125646 0.721874
0.587762 0.736759
0.81492 0.434282
0.578342 0.206233
0.504031 0.469289
0.461354 0.842177
0.0633075 0.601084
0.636753 0.327079
0.1891 0.934562
0.44081 0.0649651
0.649313 0.171267
0.248241 0.00988055
0.3671 0.62371
0.285662 0.834068
0.999045 0.371209
0.942952 0.124657
0.0929482 0.53072
0.859918 0.908292
0.964945 0.439801
0.114099 0.469026
0.909058 0.574575
0.31155 0.972611
0.175829 0.947747
0.299457 0.364346
0.882083 0.740439
0.429267 0.531684
0.911389 0.677666
0.541528 0.278681
0.301747 0.82718
0.111991 0.300254
0.197693 0.0549433
0.42491 0.290647
0.585653 0.286362
0.198514 0.550636
0.726156 0.312616
0.0196858 0.635282
0.887149 0.330721
0.607612 0.0627439
0.279643 0.90782
0.427084 0.160853
0.646472 0.856491
0.692503 0.558861
0.533937 0.234029
0.836236 0.835529
0.060572 0.949532
0.135393 0.258218
0.22516 0.554787
0.548845 0.590127
0.846442 0.747418
0.140768 0.572823
0.0599949 0.160426
0.208358 0.947212
0.491515 0.816195
0.00988777 0.769692
0.722738 0.436973
0.930507 0.370068
0.293351 0.623144
0.927589 0.827763
0.856721 0.76658
0.654059 0.917104
0.715409 0.798096
0.175793 0.720546
0.358151 0.724819
0.310624 0.204799
0.472019 0.451395
0.777619 0.532022
0.592309 0.88953
0.479164 0.102957
0.801344 0.489057
0.872612 0.524094
0.925071 0.803565
0.89414 0.219389
0.426429 0.823265
0.0466857 0.283167
0.589539 0.709087
0.200731 0.305561
0.506953 0.376511
0.0260672 0.865084
0.101157 0.336677
0.0698877 0.573202
0.786215 0.847741
0.105776 0.396879
0.833174 0.58437
0.502815 0.634506
0.0734161 0.375458
0.158705 0.999348
0.178577 0.0527252
0.218822 0.604709
0.875798 0.265517
0.887883 0.465368
0.974635 0.0886034
0.770908 0.481591
0.465182 0.797017
0.346631 0.566323
0.13363 0.416563
0.139664 0.921606
0.264063 0.244655
0.32159 0.097238
0.82785 0.824749
0.728551 0.903182
0.2001 0.890373
0.901879 0.378485
0.943062 0.120703
0.982249 0.819282
0.38723 0.871442
0.284203 0.360855
0.959652 0.0551049
0.842447 0.424783
0.852062 0.18912
0.5 0.5
0.605677 0.13049
0.905551 0.869817
0.375144 0.228984
0.966978 0.204163
0.0534845 0.698762
0.106599 0.253313
0.589067 0.00847396
0.631775 0.532131
0.129182 0.614975
0.350959 0.515425
0.485978 0.635182
0.876252 0.445686
0.690291 0.718674
0.870426 0.542374
0.90597 0.861611
0.528032 0.513466
0.991922 0.435466
0.383212 0.367108
0.664422 0.350189
0.571261 0.717814
0.048972 0.677897
0.971057 0.638089
0.686338 0.602928
0.170398 0.815646
0.217895 0.521106
0.330881 0.704116
0.156292 0.207142
0.149767 0.846639
0.925821 0.019998
0.389524 0.833931
0.880405 0.917064
0.348101 0.874008
0.35245 0.730484
0.240522 0.0168451
0.0805439 0.811807
0.734687 0.129409
0.489612 0.705832
0.767394 0.175985
0.310385 0.938379
0.99149 0.52675
0.458611 0.322398
0.230576 0.614907
0.529539 0.38015
0.461483 0.455365
0.400827 0.850664
0.288977 0.281615
0.767404 0.636078
0.155033 0.119837
0.366365 0.395565
0.136679 0.446855
0.207731 0.87154
0.576245 0.69696
0.577208 0.343653
0.87123 0.886314
0.282103 0.865198
0.412681 0.739863
0.186866 0.643259
0.354677 0.716582
0.0234152 0.816158
0.171766 0.42354
0.666593 0.460742
0.705154 0.434007
0.0968322 0.860186
0.553841 0.46317
0.255731 0.690629
0.910035 0.463109
0.561887 0.486282
0.160071 0.139101
0.829937 0.0330449
0.0250869 0.111099
0.897525 0.437772
0.850871 0.0843816
0.0809882 0.205546
0.800788 0.10438
0.0217386 0.972544
0.527891 0.688306
0.433299 0.233067
0.122307 0.530114
0.0932964 0.676174
0.993278 0.349
0.368126 0.903761
0.810586 0.928951
0.394262 0.971264
0.0676741 0.219527
0.00518496 0.0927609
0.332052 0.903484
0.530508 0.181496
0.987066 0.611568
0.387214 0.788062
0.71588 0.408754
0.760423 0.243793
0.0970585 0.193722
0.476859 0.21937
0.723832 0.570106
0.895374 0.717311
0.919101 0.26221
0.620353 0.73109
0.190778 0.0100044
0.703311 0.258453
0.22951 0.708548
0.351168 0.560208
0.610214 0.881431
0.741656 0.598273
0.493217 0.128695
0.386141 0.209092
0.537449 0.146563
0.452845 0.634493
0.342371 0.93043
0.853877 0.0641155
0.499514 0.749374
0.781232 0.418957
0.0116088 0.401641
0.150122 0.202386
0.41243 0.853706
0.460802 0.64116
0.561899 0.811392
0.201332 0.173123
0.6839 0.942482
0.771398 0.186991
0.0716798 0.157537
0.396018 0.609187
0.304964 0.849712
0.243628 0.644389
0.778709 0.0975145
0.708501 0.278563
0.846923 0.489743
0.695683 0.858752
0.889588 0.847775
0.0609098 0.303009
0.70107 0.521745
0.944186 0.263002
0.3338 0.145517
0.43612 0.0275724
0.088501 0.207517
0.214562 0.160181
0.365003 0.610697
0.769267 0.669168
0.459609 0.0129451
0.31354 0.238319
0.110458 0.0220398
0.527577 0.957511
0.511765 0.214394
0.815907 0.40314
0.0620513 0.87681
0.705877 0.763236
0.398489 0.650383
0.0261812 0.732402
0.795846 0.462223
0.756921 0.88458
0.574843 0.706
0.0445215 0.0347884
0.585106 0.812961
0.703943 0.0447431
0.826776 0.0174828
0.284403 0.937456
0.0395581 0.79994
0.894598 0.551322
0.0144074 0.710558
0.954416 0.0763652
0.587317 0.660554
0.839018 0.985748
0.311827 0.866341
0.718227 0.106719
0.327773 0.478173
0.5 0.5
0.452644 0.0355805
0.0323021 0.0377781
0.849198 0.736277
0.0825723 0.676209
0.753729 0.365585
0.613297 0.792913
0.165519 0.508032
0.344535 0.179858
0.218536 0.298953
0.256536 0.806516
0.959507 0.0956865
0.791722 0.270388
0.961247 0.510008
0.377104 0.289028
0.988093 0.368172
0.286541 0.440753
0.403741 0.318846
0.478522 0.253154
0.0550874 0.561068
0.928341 0.809286
0.926615 0.542812
0.602063 0.0921481
0.0508389 0.946594
0.272006 0.26933
0.245549 0.52823
0.0751778 0.205056
0.623065 0.866663
0.475423 0.58516
0.377609 0.852995
0.874189 0.364957
0.220708 0.160728
0.805675 0.624448
0.47957 0.28421
0.877605 0.534681
0.844234 0.807315
0.343671 0.772131
0.352462 0.946246
0.864032 0.40052
0.892132 0.136032
0.66983 0.137683
0.664169 0.744907
0.342739 0.288173
0.611834 0.817718
0.872903 0.988276
0.670632 0.747433
0.354936 0.891963
0.908247 0.159379
0.515885 0.387818
0.443587 0.393491
0.922479 0.288846
0.200438 0.265949
0.0607163 0.550169
0.21191 0.924838
0.950648 0.103616
0.0607952 0.620502
0.241307 0.725078
0.365437 0.58409
0.0132265 0.977368
0.403903 0.886511
0.966137 0.0729439
0.634058 0.319828
0.964367 0.542371
0.479198 0.480264
0.929273 0.922066
0.871986 0.852977
0.211636 0.0741903
0.118549 0.272355
0.624337 0.330032
0.197099 0.574986
0.433648 0.257877
0.19547 0.674959
0.982893 0.561021
0.259065 0.99606
0.538304 0.661197
0.882661 0.504498
0.734146 0.516713
0.824157 0.698623
0.0590197 0.303509
0.178916 0.989091
0.226304 0.0525371
0.841751 0.437957
0.126897 0.960167
0.710115 0.751215
0.291594 0.908198
0.326064 0.724202
0.165267 0.521513
0.398918 0.148182
0.0824976 0.657921
0.144307 0.620806
0.319102 0.0269558
0.125269 0.0532456
0.554467 0.946684
0.751771 0.602692
0.253859 0.930916
0.591829 0.479385
0.983055 0.433596
0.917324 0.109816
0.39381 0.627681
0.860755 0.684312
0.535013 0.186928
0.408166 0.700288
0.707693 0.807284
0.847804 0.791148
0.470681 0.99131
0.411856 0.784199
0.245993 0.533253
0.837341 0.563399
0.486511 0.589102
0.166135 0.739693
0.519228 0.757871
0.218993 0.502744
0.191491 0.136321
0.612533 0.58535
0.763945 0.473436
0.269558 0.298955
0.660352 0.677683
0.999228 0.368814
0.486214 0.849198
0.159916 0.949706
0.840472 0.571399
0.731363 0.86101
0.108353 0.571231
0.423551 0.594924
0.160324 0.589664
0.334447 0.680182
0.347532 0.553541
0.182716 0.539065
0.689255 0.795217
0.124423 0.453754
0.268711 0.393988
0.750651 0.929459
0.0718104 0.751968
0.297878 0.556584
0.59964 0.457575
0.506316 0.440108
0.0289664 0.240205
0.300295 0.137319
0.811218 0.723956
0.725159 0.965632
0.313533 0.0666984
0.651741 0.661062
0.620007 0.834024
0.20017 0.310004
0.629722 0.324595
0.760818 0.898646
0.718579 0.516457
0.826975 0.790207
0.268399 0.125378
0.347773 0.868627
0.583384 0.85212
0.30812 0.612032
0.0933371 0.608458
0.746291 0.905224
0.332308 0.481463
0.876459 0.645896
0.548124 0.52823
0.306955 0.16833
0.362656 0.507162
0.484389 0.991315
0.831721 0.242092
0.890827 0.55033
0.758374 0.718475
0.340582 0.0269447
0.843591 0.687503
0.894995 0.426695
0.540505 0.203132
0.0386167 0.633866
0.811049 0.787865
0.538583 0.143891
0.26927 0.415094
0.788924 0.817367
0.943323 0.0966949
0.98574 0.306014
0.603817 0.46407
0.298414 0.435548
0.706157 0.18925
0.98577 0.464734
0.907589 0.326425
0.491314 0.751254
0.0138017 0.386631
0.177977 0.554307
0.589763 0.216568
0.188137 0.40134
0.00447719 0.726774
0.545227 0.273665
0.141806 0.334968
0.0910718 0.0851299
0.431662 0.0768083
0.391137 0.0354803
0.540853 0.689545
0.471018 0.247033
0.878809 0.456876
0.711294 0.786582
0.783271 0.203383
0.537557 0.79667
0.590006 0.715637
0.351376 0.179774
0.932232 0.539564
0.597132 0.941017
0.266231 0.126338
0.210304 0.40804
0.461305 0.301375
0.497375 0.894669
0.379377 0.884703
0.92751 0.918373
0.573853 0.399465
0.166091 0.452652
0.854511 0.87826
0.239035 0.63959
0.0812798 0.776762
0.436618 0.67119
0.492253 0.788406
0.851001 0.424666
0.327546 0.432116
0.361238 0.593829
0.558424 0.571583
0.00181433 0.0197478
0.872971 0.495003
0.912717 0.251151
0.379945 0.841557
0.170421 0.953065
0.24063 0.336301
0.405789 0.0969466
0.214123 0.644831
0.736535 0.295335
0.421559 0.173192
0.600072 0.593227
0.960281 0.818222
0.338614 0.288773
0.249632 0.699982
0.881519 0.808275
0.272598 0.885048
0.827841 0.144453
0.379378 0.740723
0.395672 0.758776
0.5817 0.565799
0.710695 0.822603
0.902104 0.117557
0.919293 0.11623
0.762354 0.655837
0.411563 0.183942
0.829023 0.378123
0.0979772 0.790287
0.195661 0.436522
0.0791736 0.445094
0.136595 0.961444
0.253407 0.407914
0.845929 0.0812461
0.552361 0.225273
0.820789 0.948177
0.983885 0.403535
0.513738 0.695678
0.225866 0.415872
0.813228 0.14516
0.532079 0.575603
0.799653 0.943675
0.759548 0.630012
0.322681 0.858207
0.42021 0.51748
0.293975 0.499278
0.962722 0.430407
0.460829 0.216159
0.83831 0.306763
0.297406 0.390675
0.532031 0.119205
0.338599 0.515967
0.524366 0.853481
0.211712 0.748741
0.26826 0.024832
0.892784 0.800668
0.600423 0.694695
0.744021 0.359997
0.324736 0.065798
0.217533 0.745115
0.58323 0.511433
0.244249 0.545996
0.941544 0.705347
0.761451 0.780714
0.011834 0.0595557
0.170809 0.543866
0.178757 0.50944
0.0598646 0.701515
0.361831 0.271405
0.450034 0.630079
0.296237 0.343826
0.432296 0.897109
0.0385544 0.17447
0.256673 0.363296
0.240266 0.474128
0.108342 0.823542
0.985554 0.352531
0.371679 0.927659
0.0575991 0.131651
0.707532 0.0694332
0.191481 0.878357
0.613298 0.369967
0.387725 0.673179
0.0715546 0.74964
0.944496 0.521583
0.379704 0.240736
0.864359 0.81056
0.137608 0.903809
0.984614 0.394095
0.267193 0.224893
0.868213 0.375485
0.0484093 0.853764
0.727994 0.417898
0.780446 0.785847
0.549541 0.488683
0.854802 0.740802
0.367011 0.468338
0.110898 0.754965
0.141416 0.182172
0.504422 0.0859158
0.700124 0.884898
0.326605 0.569102
0.694281 0.464062
0.47291 0.67889
0.85792 0.740213
0.903596 0.726609
0.115741 0.952091
0.580404 0.842574
0.37009 0.361282
0.620551 0.917821
0.849969 0.484226
0.660392 0.21699
0.951875 0.771775
0.971799 0.0939437
0.953291 0.476278
0.179859 0.657002
0.360321 0.506547
0.226028 0.0546282
0.970308 0.699359
0.732243 0.829266
0.439076 0.637317
0.555057 0.554716
0.58952 0.135195
0.402062 0.95825
0.496469 0.0275032
0.879245 0.34644
0.511691 0.539629
0.563417 0.464236
0.31072 0.535258
0.558181 0.264033
0.0115274 0.738091
0.921016 0.371796
0.244551 0.147044
0.426418 0.215124
0.846017 0.159953
0.0438449 0.285132
0.797277 0.598921
0.839858 0.386804
0.734116 0.238171
0.346404 0.230585
0.265674 0.225652
0.576768 0.776653
0.765289 0.140435
0.241622 0.0760379
0.67512 0.799624
0.340033 0.687289
0.537844 0.261087
0.0589318 0.782412
0.408104 0.48534
0.999125 0.256215
0.645252 0.0413635
0.539277 0.442526
0.640284 0.379132
0.829327 0.374406
0.617303 0.175727
0.603998 0.882606
0.401378 0.181998
0.66036 0.166667
0.323815 0.902763
0.242786 0.997997
0.701788 0.582771
0.685181 0.239629
0.843642 0.7441
0.0220229 0.251992
0.229367 0.0195414
0.5092 0.875782
0.0609049 0.0454193
0.317128 0.701423
0.424551 0.146469
0.0755877 0.0418532
0.322147 0.680778
0.924647 0.723931
0.862562 0.585219
0.89024 0.185002
0.487169 0.132944
0.183086 0.188954
0.712753 0.869247
0.428539 0.559611
0.61233 0.450606
0.809968 0.841868
0.470146 0.317715
0.716318 0.531048
0.363134 0.0334628
0.232667 0.78795
0.179931 0.307828
0.829542 0.50214
0.988302 0.754623
0.226305 0.851333
0.339554 0.115939
0.0359913 0.826719
0.248883 0.219056
0.0157114 0.964586
0.0874528 0.443746
0.524162 0.699653
0.894863 0.335769
0.541351 0.36501
0.653474 0.257668
0.896061 0.0166076
0.291131 0.128301
0.804298 0.471067
0.436088 0.633823
0.973161 0.424541
0.388197 0.198888
0.275498 0.727884
0.314828 0.311467
0.554456 0.563705
0.530499 0.570144
0.528288 0.617835
0.0144098 0.0524976
0.318901 0.910043
0.389075 0.859194
0.274284 0.0417302
0.116511 0.170345
0.0583382 0.407642
0.29959 0.86346
0.878481 0.734932
0.498079 0.853604
0.159532 0.88462
0.05078 0.434799
0.612408 0.365606
0.746263 0.166883
0.929318 0.276784
0.737037 0.457629
0.894298 0.751672
0.510127 0.212112
0.654401 0.897906
0.0710073 0.935002
