0.522926 0.722959
0.493474 0.479739
0.483348 0.501867
0.452005 0.574763
0.5 0.5
0.434208 0.445532
0.491682 0.518457
0.488847 0.518605
0.470624 0.574616
0.461757 0.507068
0.760995 0.474305
0.5 0.5
0.549267 0.571117
0.486882 0.60984
0.498161 0.511312
0.713262 0.176908
0.428469 0.615396
0.391803 0.597205
0.453209 0.485356
0.48064 0.508552
0.523419 0.507671
0.517264 0.508974
0.308039 0.128349
0.481329 0.487758
0.742173 0.475703
0.429794 0.549891
0.714615 0.715449
0.530426 0.512515
0.594824 0.356756
0.475322 0.502335
0.506682 0.505295
0.496215 0.480108
0.446669 0.524667
0.678165 0.497585
0.46081 0.48537
0.723201 0.599133
0.471709 0.486728
0.510155 0.498621
0.487185 0.576589
0.357904 0.440998
0.461504 0.44704
0.49555 0.489117
0.475941 0.509737
0.485041 0.505337
0.70978 0.526757
0.50769 0.484263
0.571801 0.570669
0.550567 0.229711
0.516417 0.497495
0.568954 0.502133
0.611854 0.481677
0.485758 0.480229
0.552702 0.510065
0.491093 0.46905
0.565087 0.514526
0.468391 0.763425
0.626141 0.457702
0.463132 0.402265
0.379183 0.453322
0.231852 0.843679
0.548486 0.517954
0.452578 0.619102
0.487018 0.615241
0.687245 0.691989
0.473757 0.502799
0.516853 0.487005
0.583569 0.514865
0.330542 0.612281
0.490369 0.523094
0.635775 0.586429
0.4871 0.501898
0.705249 0.196348
0.551647 0.419122
0.452372 0.566116
0.48081 0.511194
0.612212 0.32161
0.331113 0.318898
0.467334 0.521562
0.935422 0.923978
0.5 0.5
0.487561 0.570892
0.483416 0.515756
0.519501 0.494914
0.470529 0.524732
0.503435 0.52378
0.523932 0.574407
0.510373 0.483681
0.829765 0.84322
0.49299 0.447746
0.659195 0.739757
0.513242 0.493619
0.355741 0.596319
0.465444 0.3957
0.468024 0.454816
0.225231 0.851574
0.484527 0.496363
0.511775 0.491144
0.218304 0.39642
0.451103 0.449288
0.464629 0.520418
0.512097 0.50208
0.551237 0.169587
0.608113 0.494593
0.144029 0.378921
0.650971 0.727828
0.357456 0.481155
0.494043 0.485304
0.461426 0.506255
0.512804 0.478688
0.820881 0.708176
0.5 0.5
0.4314 0.28274
0.665872 0.468081
0.5 0.5
0.502572 0.482421
0.495244 0.493679
0.475196 0.479541
0.505966 0.469171
0.591459 0.539134
0.50474 0.48936
0.491634 0.477559
0.515223 0.512893
0.511671 0.485379
0.213762 0.452995
0.554228 0.222677
0.479931 0.526078
0.536538 0.506778
0.450965 0.531011
0.163961 0.608329
0.508781 0.495316
0.463569 0.502699
0.509631 0.486379
0.549754 0.518719
0.467918 0.506141
0.288494 0.615228
0.5 0.5
0.226105 0.855815
0.32951 0.228025
0.709723 0.460491
0.515903 0.499354
0.529148 0.715876
0.4882 0.47794
0.5 0.5
0.57992 0.481824
0.457165 0.486268
0.51247 0.503277
0.670506 0.744765
0.510518 0.516836
0.481851 0.511048
0.548688 0.5268
0.482458 0.517498
0.449601 0.587562
0.660331 0.55422
0.700397 0.591683
0.11189 0.370424
0.478309 0.506369
0.151818 0.608992
0.523424 0.512736
0.475218 0.509501
0.709952 0.519124
0.293529 0.684005
0.524727 0.50423
0.596027 0.512881
0.466701 0.482612
0.516188 0.481834
0.442082 0.54019
0.439945 0.482184
0.531771 0.54996
0.852039 0.487015
0.518421 0.495599
0.562737 0.534181
0.490666 0.520522
0.464407 0.458141
0.5 0.5
0.5 0.5
0.514849 0.520639
0.523647 0.491564
0.535254 0.519444
0.537353 0.301265
0.319844 0.302017
0.37906 0.190993
0.906183 0.497771
0.499329 0.586368
0.390622 0.460929
0.249474 0.824261
0.508609 0.482232
0.510162 0.447336
0.775262 0.781096
0.451714 0.429331
0.502772 0.520624
0.527649 0.704739
0.504538 0.47736
0.686555 0.226487
0.478881 0.467297
0.452169 0.487535
0.493782 0.483701
0.515063 0.499201
0.491549 0.518952
0.431847 0.476298
0.492894 0.475506
0.445791 0.579924
0.447479 0.572004
0.517609 0.489208
0.505304 0.48546
0.495419 0.478937
0.538105 0.191658
0.425351 0.559323
0.518643 0.541283
0.918567 0.909369
0.325975 0.332691
0.5 0.5
0.490521 0.507831
0.405319 0.583112
0.695293 0.210153
0.394649 0.230171
0.5 0.5
0.486886 0.501952
0.500633 0.728065
0.479981 0.504495
0.668808 0.494526
0.495331 0.479
0.533243 0.543854
0.432626 0.433774
0.505705 0.476187
0.437026 0.612253
0.536907 0.618913
0.484492 0.491103
0.481078 0.479515
0.484443 0.492855
0.521882 0.504056
0.494747 0.544153
0.471699 0.466483
0.50938 0.524004
0.493121 0.518149
0.306604 0.285385
0.237979 0.656907
0.487987 0.710583
0.513606 0.522032
0.46137 0.434531
0.230805 0.462685
0.485329 0.522628
0.512039 0.515208
0.447557 0.52966
0.501558 0.519006
0.590838 0.544835
0.291667 0.354943
0.519696 0.504081
0.515193 0.500909
0.298438 0.604867
0.520752 0.486909
0.521471 0.502268
0.518537 0.498011
0.652595 0.548076
0.54222 0.548268
0.547035 0.419076
0.466264 0.532937
0.681501 0.426439
0.231694 0.0165071
0.488821 0.491993
0.486459 0.501629
0.5 0.5
0.144274 0.609941
0.217952 0.580073
0.502055 0.522563
0.338932 0.726274
0.515669 0.491678
0.577739 0.525673
0.496265 0.479693
0.472182 0.549555
0.484121 0.524042
0.197864 0.608292
0.500341 0.517995
0.150077 0.79382
0.887065 0.884689
0.231376 0.457968
0.680901 0.235544
0.430053 0.564175
0.688355 0.224466
0.516096 0.685747
0.470435 0.566657
0.508123 0.482142
0.484709 0.492706
0.506899 0.531489
0.794706 0.689909
0.506816 0.480848
0.606596 0.663463
0.528461 0.49689
0.730757 0.826753
0.446223 0.55923
0.559148 0.479114
0.349592 0.592065
0.5 0.5
0.477136 0.498632
0.491947 0.457695
0.115244 0.834284
0.529087 0.499345
0.644651 0.552071
0.553941 0.491188
0.402321 0.74807
0.205214 0.104191
0.419493 0.597059
0.516135 0.478349
0.426574 0.565165
0.625321 0.47961
0.519663 0.549155
0.536481 0.539852
0.5 0.5
0.44919 0.443335
0.499368 0.497344
0.271444 0.621926
0.488079 0.45615
0.33448 0.336114
0.530829 0.460028
0.519185 0.488841
0.397541 0.574637
0.454401 0.457891
0.525395 0.444763
0.233307 0.855417
0.554868 0.424834
0.490044 0.474422
0.50771 0.482933
0.433318 0.496244
0.492381 0.472309
0.493426 0.473807
0.520464 0.533257
0.523587 0.451944
0.679044 0.752037
0.494886 0.514126
0.448686 0.429009
0.527702 0.225634
0.594723 0.546286
0.477764 0.505214
0.585394 0.5145
0.481188 0.497531
0.494927 0.486286
0.51462 0.480909
0.674503 0.244133
0.370803 0.384668
0.393748 0.683864
0.446178 0.450401
0.520665 0.501481
0.456141 0.433763
0.606372 0.653874
0.570824 0.61275
0.556765 0.481134
0.405244 0.560711
0.194914 0.407111
0.400503 0.647746
0.57867 0.548101
0.506807 0.489213
0.478116 0.499271
0.396725 0.397571
0.515324 0.498832
0.498418 0.537339
0.418636 0.548899
0.414646 0.536095
0.519168 0.509613
0.469443 0.47596
0.399411 0.738774
0.434885 0.460353
0.261459 0.15529
0.249337 0.397255
0.5 0.5
0.451534 0.490181
0.519528 0.502704
0.481836 0.512561
0.487502 0.483345
0.525244 0.519397
0.488108 0.517876
0.510017 0.48581
0.526925 0.524893
0.557164 0.201978
0.430014 0.522745
0.40905 0.47224
0.479983 0.492193
0.486901 0.491488
0.517851 0.7184
0.514956 0.472364
0.445646 0.440646
0.476057 0.458372
0.492611 0.507389
0.490579 0.488091
0.553245 0.4231
0.490384 0.519311
0.420698 0.536212
0.395575 0.759085
0.464472 0.551598
0.510921 0.506562
0.516385 0.480301
0.5658 0.592822
0.482055 0.510762
0.610497 0.259651
0.38781 0.558436
0.253375 0.308262
0.546043 0.524798
0.489911 0.475673
0.202321 0.76105
0.546496 0.54208
0.363026 0.613803
0.349431 0.357003
0.514081 0.510332
0.354006 0.544621
0.501986 0.486246
0.493536 0.482253
0.478378 0.524692
0.477141 0.517916
0.468744 0.510305
0.497445 0.48685
0.487674 0.470587
0.5 0.5
0.522942 0.467156
0.215338 0.858544
0.626073 0.343292
0.516744 0.544345
0.801518 0.807478
0.443626 0.480725
0.52849 0.190097
0.436747 0.415806
0.223731 0.128803
0.227495 0.460434
0.518015 0.496997
0.386453 0.209871
0.564842 0.495726
0.480056 0.498807
0.608837 0.317956
0.463895 0.498639
0.456882 0.482888
0.407103 0.254205
0.5 0.5
0.435859 0.484412
0.511517 0.515225
0.752655 0.479022
0.28584 0.883521
0.479819 0.492401
0.452163 0.521289
0.679346 0.740762
0.5 0.5
0.422868 0.572926
0.520044 0.508503
0.326065 0.324696
0.70501 0.492289
0.617466 0.244823
0.498496 0.483042
0.445852 0.487972
0.38308 0.454301
0.716572 0.22931
0.411544 0.674637
0.500278 0.535846
0.5 0.5
0.4282 0.542889
0.558879 0.58752
0.489165 0.516696
0.269956 0.570162
0.505478 0.533898
0.295852 0.772608
0.520973 0.470504
0.506998 0.517536
0.478202 0.494419
0.528489 0.504134
0.580675 0.534046
0.676502 0.579112
0.577691 0.376939
0.406312 0.165909
0.509442 0.480677
0.479038 0.513456
0.629858 0.686368
0.680221 0.475381
0.487242 0.489202
0.475678 0.501349
0.484062 0.488613
0.424954 0.481322
0.491033 0.480549
0.563341 0.534917
0.605657 0.546964
0.438208 0.484502
0.318197 0.23237
0.402804 0.629922
0.505613 0.520025
0.349602 0.436955
0.51198 0.456947
0.350779 0.470856
0.424924 0.419285
0.700412 0.585368
0.80246 0.80632
0.729371 0.530876
0.436808 0.610214
0.555124 0.541542
0.281102 0.884094
0.481342 0.49422
0.502156 0.517679
0.409797 0.653585
0.787016 0.495871
0.523108 0.456909
0.385744 0.532985
0.521573 0.596536
0.707868 0.63437
0.477041 0.508938
0.65119 0.712761
0.56339 0.728421
0.634969 0.479931
0.406442 0.230837
0.490401 0.473173
0.685544 0.494887
0.433616 0.498122
0.395125 0.690389
0.451135 0.573026
0.493352 0.48188
0.455568 0.398375
0.497052 0.521319
0.618238 0.328255
0.485485 0.512321
0.511166 0.486067
0.496825 0.524016
0.477397 0.491098
0.523166 0.578045
0.487445 0.510666
0.810993 0.817661
0.303757 0.763859
0.487025 0.507633
0.431187 0.655784
0.309066 0.598932
0.477759 0.499984
0.610192 0.619304
0.696127 0.475417
0.453868 0.531322
0.518589 0.501112
0.470256 0.499005
0.490291 0.516289
0.467697 0.49031
0.23753 0.858837
0.361826 0.621258
0.567292 0.59698
0.697656 0.201424
0.510362 0.480078
0.504923 0.416138
0.40755 0.566248
0.532969 0.512921
0.521302 0.668241
0.510789 0.479957
0.491026 0.529463
0.505085 0.492454
0.458203 0.456147
0.473985 0.509809
0.495991 0.491303
0.726019 0.468211
0.486243 0.524469
0.476628 0.490883
0.481815 0.501203
0.417086 0.653113
0.484594 0.525471
0.529073 0.50274
0.62334 0.66608
0.422941 0.447542
0.486664 0.725517
0.514455 0.530426
0.549867 0.512524
0.512975 0.513833
0.757897 0.535406
0.502376 0.441377
0.121499 0.371348
0.486593 0.494382
0.303038 0.775013
0.54822 0.400074
0.562898 0.419207
0.489538 0.481516
0.812034 0.822669
0.518088 0.518413
0.533001 0.538319
0.5 0.5
0.513046 0.494516
0.513788 0.497196
0.5 0.5
0.343865 0.65161
0.507877 0.480519
0.80763 0.70196
0.468729 0.491114
0.399393 0.415896
0.388895 0.660491
0.474114 0.431898
0.726118 0.462848
0.485155 0.508028
0.473475 0.430567
0.50569 0.390295
0.516871 0.486962
0.472851 0.494516
0.541175 0.450268
0.506834 0.512146
0.351242 0.596371
0.498157 0.519184
0.495774 0.490949
0.492584 0.483142
0.779578 0.790712
0.522319 0.487137
0.523994 0.486083
0.423377 0.692929
0.52603 0.499646
0.565904 0.736665
0.48679 0.517048
0.538873 0.521317
0.513568 0.485548
0.498757 0.49658
0.471231 0.480578
0.369798 0.573812
0.349859 0.643561
0.515104 0.523653
0.498172 0.470529
0.500611 0.518378
0.488757 0.500868
0.523325 0.380194
0.493067 0.558263
0.564807 0.591828
0.671984 0.431606
0.539336 0.564065
0.485536 0.507149
0.480094 0.662397
0.676006 0.474217
0.488252 0.481306
0.709192 0.48418
0.568336 0.400283
0.488165 0.49333
0.513146 0.512047
0.538373 0.438541
0.744554 0.739054
0.481114 0.483884
0.516966 0.492314
0.50387 0.745346
0.496869 0.489643
0.327779 0.560745
0.461418 0.509976
0.461627 0.492618
0.517972 0.342135
0.514772 0.525092
0.433713 0.599005
0.427559 0.336384
0.515522 0.494671
0.504357 0.50881
0.44378 0.421038
0.622029 0.321003
0.440898 0.47549
0.5 0.5
0.492814 0.259468
0.507368 0.488296
0.503155 0.515804
0.482256 0.499555
0.490771 0.484528
0.437525 0.545011
0.509393 0.484242
0.601246 0.541195
0.590853 0.367969
0.531343 0.513829
0.59527 0.350162
0.226522 0.833157
0.47584 0.702915
0.491505 0.485071
0.488539 0.528219
0.484752 0.494368
0.500902 0.516655
0.457438 0.461539
0.312368 0.434457
0.505526 0.524459
0.50694 0.567088
0.482877 0.573917
0.539508 0.434733
0.540872 0.507533
0.438807 0.451229
0.358497 0.736284
0.493831 0.487091
0.51731 0.466897
0.499401 0.483517
0.513594 0.512144
0.528151 0.355512
0.511865 0.484387
0.329263 0.157962
0.474607 0.499267
0.492458 0.474936
0.576188 0.603303
0.291431 0.431298
0.786179 0.688985
0.532518 0.502277
0.41961 0.599372
0.758272 0.551522
0.689719 0.475937
0.333503 0.599855
0.501178 0.507784
0.513742 0.42364
0.456175 0.368552
0.365818 0.393316
0.489675 0.471229
0.34322 0.178332
0.620757 0.549984
0.492998 0.51724
0.5 0.5
0.847969 0.486968
0.379319 0.505798
0.90051 0.503192
0.482324 0.543469
0.318169 0.429309
0.410573 0.279277
0.159514 0.797776
0.497082 0.514409
0.509626 0.520933
0.550944 0.428691
0.416968 0.430664
0.50344 0.510307
0.480315 0.491475
0.432064 0.600766
0.824938 0.835194
0.29687 0.840479
0.502451 0.484975
0.490717 0.511615
0.525048 0.531422
0.444333 0.594206
0.423633 0.540585
0.522746 0.507099
0.498209 0.718675
0.583321 0.465311
0.678357 0.577221
0.461907 0.345013
0.823295 0.826793
0.507019 0.506194
0.264759 0.148626
0.455809 0.447316
0.457478 0.49585
0.489497 0.507312
0.719212 0.530516
0.776439 0.682011
0.423725 0.261785
0.520263 0.5164
0.502962 0.516066
0.5529 0.415416
0.500399 0.519585
0.605639 0.322693
0.333715 0.278647
0.42069 0.208611
0.492201 0.494779
0.481542 0.506022
0.401489 0.570472
0.505301 0.481618
0.489079 0.507635
0.51484 0.497777
0.186893 0.60358
0.49652 0.486456
0.556196 0.479191
0.5 0.5
0.399201 0.540178
0.74793 0.539103
0.305964 0.506282
0.603474 0.45764
0.534373 0.445933
0.487552 0.514478
0.484708 0.581849
0.623561 0.576387
0.4882 0.504496
0.49137 0.503085
0.708995 0.635095
0.519872 0.498195
0.427605 0.476149
0.441535 0.312351
0.639133 0.477785
0.593314 0.632059
0.201399 0.602965
0.516053 0.50096
0.448719 0.484541
0.512723 0.514477
0.518593 0.409417
0.454322 0.376125
0.20061 0.389575
0.593695 0.526271
0.526668 0.532299
0.521108 0.501902
0.51569 0.260058
0.509376 0.547834
0.493293 0.514745
0.331476 0.449725
0.476834 0.554842
0.486518 0.510085
0.482986 0.505927
0.715366 0.537571
0.471268 0.482131
0.442514 0.584944
0.509569 0.610004
0.774082 0.487921
0.516414 0.505765
0.25639 0.591613
0.488442 0.495985
0.215308 0.0325928
0.491096 0.518819
0.5 0.5
0.526768 0.542363
0.532544 0.42466
0.542798 0.552771
0.536918 0.425636
0.734899 0.477752
0.656383 0.26848
0.514988 0.493947
0.49683 0.511882
0.531101 0.548109
0.65977 0.600506
0.519841 0.511019
0.420889 0.236995
0.502286 0.47962
0.273717 0.181893
0.408114 0.268395
0.381942 0.203702
0.411621 0.564468
0.472878 0.522715
0.73382 0.740483
0.686843 0.617292
0.422075 0.68408
0.507274 0.487716
0.663444 0.733376
0.559235 0.534804
0.774669 0.544248
0.469526 0.488913
0.520947 0.549221
0.482899 0.509947
0.285829 0.782353
0.471274 0.523128
0.582078 0.500058
0.509299 0.47732
0.492327 0.588585
0.490153 0.509372
0.549041 0.52085
0.449187 0.465489
0.479533 0.480707
0.53791 0.413066
0.487369 0.493012
0.524051 0.546982
0.556196 0.569358
0.386381 0.475425
0.509997 0.544584
0.50793 0.505952
0.562374 0.519002
0.479013 0.50628
0.410341 0.381399
0.511474 0.515216
0.421812 0.464031
0.751682 0.749854
0.659415 0.300295
0.292197 0.314251
0.255396 0.715828
0.504983 0.520994
0.388579 0.352226
0.511048 0.48846
0.45895 0.530722
0.471106 0.552091
0.537419 0.545329
0.51164 0.508435
0.495549 0.573767
0.437902 0.514589
0.350743 0.535815
0.375836 0.33764
0.534503 0.460043
0.606554 0.565416
0.503471 0.520241
0.498352 0.48179
0.262474 0.423626
0.490195 0.515155
0.501641 0.709585
0.487345 0.502986
0.52173 0.510467
0.399434 0.482058
0.388629 0.675127
0.531183 0.535481
0.5 0.5
0.474032 0.693186
0.582766 0.550326
0.658142 0.523905
0.486053 0.505316
0.464537 0.538203
0.513212 0.508669
0.703765 0.790903
0.626399 0.692409
0.485549 0.495542
0.504732 0.429263
0.578811 0.328846
0.541558 0.558299
0.542578 0.211264
0.501929 0.523494
0.490019 0.484229
0.517992 0.493297
0.483809 0.505755
0.191216 0.770703
0.488083 0.487268
0.507368 0.474027
0.513191 0.517392
0.449881 0.359675
0.5 0.5
0.484503 0.498046
0.470468 0.51864
0.680716 0.756557
0.536474 0.515516
0.536316 0.497385
0.511956 0.489755
0.549907 0.514411
0.477906 0.487744
0.49177 0.522304
0.375406 0.199468
0.504846 0.478034
0.507071 0.498027
0.480426 0.508804
0.705819 0.45199
0.458122 0.468161
0.482964 0.516348
0.487747 0.490004
0.758614 0.667705
0.508299 0.5657
0.473905 0.477483
0.783338 0.788712
0.496945 0.521537
0.566657 0.707209
0.686625 0.573244
0.519887 0.464951
0.51764 0.513645
0.379242 0.503744
0.497354 0.513438
0.519568 0.516918
0.502554 0.520874
0.435862 0.418294
0.465647 0.413607
0.497485 0.483148
0.714681 0.463548
0.54389 0.433461
0.693534 0.62436
0.401243 0.563269
0.483554 0.529557
0.549308 0.419533
0.445376 0.447075
0.494863 0.459236
0.556311 0.520378
0.52928 0.601896
0.518945 0.507461
0.516416 0.565505
0.357451 0.622669
0.615717 0.488583
0.48767 0.488624
0.647132 0.71891
0.486152 0.50391
0.758725 0.763025
0.323783 0.149048
0.49842 0.523093
0.490491 0.519235
0.512019 0.473563
0.492414 0.489459
0.436815 0.523711
0.510421 0.496802
0.475502 0.51508
0.6471 0.655988
0.539769 0.292776
0.498878 0.491626
0.503444 0.535868
0.507134 0.485115
0.487647 0.481025
0.525663 0.492555
0.498595 0.51661
0.507231 0.676905
0.500026 0.487767
0.42898 0.521922
0.486982 0.501209
0.122945 0.373787
0.441106 0.366289
0.439164 0.507742
0.715897 0.707338
0.505353 0.514503
0.517645 0.481084
0.566087 0.510304
0.657038 0.654345
0.514906 0.516675
0.596832 0.505744
0.64557 0.708006
0.583618 0.367237
0.484234 0.512654
0.501029 0.513328
0.403283 0.542634
0.401865 0.180249
0.432123 0.542036
0.211799 0.116315
0.428426 0.267399
0.485301 0.498167
0.519333 0.506985
0.522913 0.499254
0.467625 0.471651
0.491464 0.431564
0.485975 0.508685
0.538516 0.501127
0.468225 0.494283
0.548595 0.566152
0.497413 0.500328
0.499064 0.487503
0.66756 0.663616
0.963384 0.938945
0.524448 0.428233
0.296596 0.277029
0.428957 0.354643
0.300495 0.282711
0.872707 0.496381
0.479036 0.497509
0.526592 0.48422
0.505947 0.488853
0.431972 0.401006
0.253889 0.579067
0.623295 0.682698
0.493389 0.50223
0.347095 0.326577
0.460871 0.406596
0.561375 0.476461
0.503486 0.519214
0.506688 0.286085
0.484757 0.503659
0.477481 0.520012
0.57152 0.403548
0.413229 0.47679
0.523587 0.570752
0.4697 0.386523
0.477664 0.54269
0.519929 0.503389
0.516853 0.495547
0.468821 0.423715
0.657338 0.481583
0.511946 0.520318
0.49881 0.511749
0.486374 0.505581
0.488823 0.595359
0.5107 0.51074
0.514986 0.530426
0.48789 0.521674
0.83463 0.490636
0.489178 0.483812
0.490979 0.509517
0.522757 0.524987
0.436606 0.311349
0.369957 0.713659
0.502608 0.507809
0.492426 0.499314
0.330027 0.321764
0.50893 0.484868
0.813605 0.817785
0.487937 0.501355
0.537557 0.517234
0.439531 0.540697
0.497755 0.483774
0.5 0.5
0.270643 0.462747
0.451973 0.514446
0.525618 0.523886
0.448482 0.456765
0.485422 0.491248
0.389541 0.503766
0.438192 0.436127
0.516137 0.489242
0.264768 0.301159
0.489031 0.498802
0.288095 0.219315
0.485944 0.458729
0.543462 0.509874
0.677863 0.518633
0.412341 0.219984
0.469273 0.523334
0.474272 0.496722
0.48847 0.485434
0.263772 0.467536
0.529735 0.462953
0.506993 0.48556
0.560489 0.369279
0.363082 0.509463
0.510566 0.485785
0.487251 0.487129
0.511042 0.507855
0.486618 0.601127
0.514325 0.495678
0.486637 0.495355
0.662891 0.294922
0.512255 0.509849
0.512743 0.525189
0.519981 0.630502
0.500156 0.492942
0.243362 0.65358
0.498749 0.469584
0.676955 0.531778
0.260654 0.0535121
0.454025 0.51859
0.39492 0.700377
0.47182 0.51592
0.495714 0.488486
0.697852 0.537449
0.70682 0.486044
0.452746 0.580757
0.512638 0.48091
0.502529 0.473274
0.511077 0.506466
0.615696 0.540683
0.256406 0.713647
0.474852 0.534922
0.482307 0.493032
0.48052 0.393092
0.324369 0.505771
0.529342 0.503029
0.30422 0.834974
0.492071 0.51245
0.504963 0.491181
0.482977 0.502843
0.742186 0.656613
0.195161 0.404278
0.75349 0.755849
0.504163 0.53355
0.487652 0.475556
0.45963 0.474176
0.333799 0.547672
0.314394 0.819103
0.690559 0.621947
0.409333 0.386883
0.259226 0.057676
0.511285 0.498065
0.5 0.5
0.484428 0.481299
0.546512 0.673292
0.540801 0.499784
0.524665 0.576885
0.646048 0.556678
0.522034 0.48931
0.282438 0.0796282
0.48939 0.509355
0.519804 0.500271
0.292039 0.621562
0.498132 0.396883
0.48141 0.509645
0.283321 0.606112
0.51395 0.550238
0.302076 0.605211
0.482424 0.498184
0.423163 0.529563
0.477634 0.526991
0.434283 0.428945
0.534319 0.557694
0.502368 0.524831
0.452497 0.561762
0.50034 0.514719
0.497003 0.487104
0.458895 0.529882
0.509615 0.559578
0.689808 0.770625
0.332731 0.787433
0.498514 0.483714
0.500898 0.520205
0.564993 0.677198
0.478096 0.513126
0.410204 0.676367
0.507199 0.48722
0.514304 0.47359
0.385913 0.447616
0.511251 0.501992
0.453997 0.383451
0.415935 0.579442
0.524419 0.50169
0.502369 0.480842
0.544347 0.492111
0.489893 0.462317
0.454689 0.617682
0.435687 0.414832
0.52153 0.52744
0.806831 0.813138
0.440958 0.44452
0.504685 0.527713
0.532648 0.508549
0.508704 0.513414
0.569592 0.526026
0.506 0.44535
0.486412 0.512048
0.459516 0.513378
0.489009 0.484713
0.519723 0.526534
0.495867 0.503429
0.108287 0.36062
0.264081 0.178747
0.48291 0.575524
0.532377 0.498616
0.545508 0.445749
0.504933 0.472684
0.62584 0.488336
0.681508 0.765146
0.528995 0.62615
0.517863 0.238602
0.479705 0.503689
0.626688 0.68076
0.504278 0.503815
0.522803 0.498558
0.476698 0.516809
0.512129 0.486019
0.490689 0.479542
0.513737 0.504337
0.840208 0.4951
0.495021 0.491419
0.492102 0.505816
0.49425 0.490437
0.741566 0.730958
0.483693 0.492014
0.520783 0.57928
0.516322 0.519106
0.354751 0.452039
0.494838 0.546315
0.393904 0.383525
0.519991 0.533837
0.51889 0.490763
0.450152 0.493536
0.638276 0.708971
0.557702 0.532374
0.489359 0.524777
0.468053 0.569943
0.51665 0.498308
0.383288 0.260925
0.474604 0.525294
0.516651 0.504966
0.51987 0.287697
0.50213 0.486077
0.561206 0.726832
0.448217 0.603925
0.60016 0.62788
0.45081 0.479979
0.514444 0.481518
0.465826 0.489668
0.485119 0.512818
0.538224 0.527473
0.517772 0.462436
0.516607 0.613115
0.582757 0.618545
0.56051 0.415039
0.496939 0.477935
0.43406 0.413633
0.524719 0.492497
0.613418 0.245863
0.385754 0.213445
0.51937 0.461454
0.500705 0.483862
0.497383 0.475887
0.480625 0.501287
0.508932 0.52129
0.515601 0.5111
0.510353 0.501988
0.495025 0.502291
0.336253 0.598198
0.292183 0.774412
0.545823 0.530495
0.248747 0.0383228
0.603256 0.616583
0.483304 0.489605
0.561846 0.556476
0.525047 0.669701
0.50862 0.510215
0.608392 0.569326
0.447311 0.5127
0.420305 0.679349
0.531638 0.428988
0.423778 0.425227
0.45465 0.44002
0.51357 0.500371
0.399696 0.587367
0.5 0.5
0.473835 0.506671
0.250089 0.405349
0.519441 0.518511
0.509744 0.509644
0.503909 0.494472
0.470392 0.483665
0.591727 0.630624
0.318226 0.740537
0.500153 0.493116
0.514995 0.479331
0.516805 0.490225
0.553644 0.236471
0.490823 0.476334
0.48889 0.513303
0.468862 0.53762
0.512241 0.488702
0.509833 0.505008
0.572824 0.574475
0.502124 0.483903
0.303792 0.4723
0.485113 0.502468
0.615992 0.572806
0.462602 0.559358
0.517314 0.509339
0.489984 0.482828
0.489421 0.487848
0.487054 0.519724
0.498352 0.524775
0.619739 0.670991
0.439847 0.567116
0.600793 0.518229
0.502612 0.518323
0.555083 0.511648
0.491994 0.488873
0.333982 0.441811
0.496106 0.566633
0.49324 0.464233
0.520599 0.50564
0.361207 0.469314
0.512636 0.575063
0.515629 0.511191
0.364937 0.35588
0.207421 0.404613
0.654315 0.734925
0.294792 0.789962
0.511142 0.483252
0.491097 0.448708
0.485629 0.49617
0.489591 0.518545
0.434074 0.612531
0.568838 0.599328
0.532449 0.443836
0.903385 0.504223
0.483283 0.507533
0.587913 0.490852
0.345947 0.545987
0.489599 0.50646
0.517995 0.505419
0.465635 0.45497
0.61204 0.551648
0.371418 0.566465
0.59486 0.535533
0.575809 0.607531
0.849147 0.496369
0.439983 0.422827
0.254042 0.142256
0.479224 0.50015
0.373835 0.194975
0.44441 0.447982
0.434945 0.452229
0.621382 0.44994
0.516497 0.530599
0.488214 0.490367
0.499335 0.503103
0.427848 0.512716
0.496967 0.483631
0.465775 0.464907
0.597208 0.359415
0.42108 0.597779
0.543682 0.526106
0.326658 0.721112
0.555811 0.411556
0.513619 0.475953
0.4536 0.3939
0.474236 0.529408
0.500351 0.441727
0.495143 0.520488
0.305997 0.441439
0.407513 0.574978
0.257095 0.140463
0.516248 0.657937
0.41653 0.632421
0.519802 0.485196
0.5 0.5
0.485453 0.489767
0.524187 0.464255
0.504646 0.491979
0.457691 0.479137
0.505015 0.568463
0.522774 0.509481
0.43289 0.361868
0.183497 0.393596
0.507564 0.357139
0.625622 0.542372
0.826364 0.830228
0.490407 0.504683
0.513067 0.487167
0.5 0.5
0.420999 0.473625
0.523263 0.461943
0.79089 0.48679
0.499111 0.516982
0.575336 0.494911
0.558525 0.497076
0.380637 0.464159
0.431858 0.464303
0.464483 0.463071
0.653454 0.711204
0.50077 0.518527
0.499385 0.491288
0.428556 0.200571
0.501932 0.499953
0.439182 0.458963
0.530459 0.448986
0.494407 0.486993
0.48538 0.510945
0.304779 0.440979
0.28518 0.265052
0.519483 0.536546
0.495391 0.516208
0.29402 0.628506
0.433539 0.471938
0.481748 0.479035
0.447992 0.528792
0.511479 0.704984
0.388163 0.591939
0.572155 0.604866
0.875771 0.874421
0.429786 0.554521
0.268374 0.822287
0.321739 0.507427
0.512532 0.497405
0.588619 0.51463
0.414876 0.553683
0.448252 0.62681
0.547288 0.517821
0.517163 0.502395
0.5 0.5
0.504025 0.51691
0.431316 0.479838
0.497017 0.494539
0.449127 0.580703
0.46159 0.467523
0.641501 0.53543
0.878565 0.877067
0.47578 0.425922
0.466101 0.741588
0.446943 0.428553
0.533566 0.596884
0.476403 0.498297
0.475588 0.505835
0.492356 0.499985
0.487125 0.488947
0.505289 0.488825
0.482193 0.504685
0.676634 0.588008
0.516601 0.488796
0.491615 0.507436
0.449416 0.348034
0.670337 0.424041
0.42788 0.446255
0.52507 0.556402
0.325092 0.79755
0.285179 0.690874
0.513358 0.417586
0.59986 0.640167
0.516344 0.476166
0.494228 0.485216
0.516246 0.46857
0.507087 0.492335
0.766086 0.494486
0.484744 0.510524
0.525217 0.504788
0.488524 0.539165
0.524216 0.495973
0.472394 0.525976
0.442595 0.599595
0.501987 0.498535
0.66316 0.528766
0.507247 0.516947
0.589555 0.305203
0.486285 0.484504
0.473654 0.472719
0.578826 0.327243
0.509069 0.507942
0.557149 0.510586
0.691125 0.587024
0.496305 0.492311
0.338906 0.58279
0.482989 0.638688
0.515755 0.53744
0.677743 0.689896
0.493006 0.519124
0.481878 0.506965
0.122061 0.820001
0.279583 0.565398
0.511282 0.506796
0.507314 0.518041
0.608848 0.550062
0.510206 0.489082
0.488855 0.51451
0.502418 0.529127
0.591359 0.473602
0.331377 0.240873
0.407047 0.513393
0.194271 0.598354
0.482658 0.632213
0.536988 0.199595
0.51824 0.479369
0.512252 0.51044
0.791468 0.694221
0.503334 0.514563
0.455767 0.380983
0.43312 0.271549
0.515067 0.461358
0.535168 0.631718
0.502216 0.514136
0.578658 0.32813
0.7199 0.716589
0.31741 0.820013
0.495857 0.516806
0.512163 0.434076
0.442664 0.379076
0.423989 0.541557
0.303664 0.757257
0.435952 0.422455
0.531563 0.462188
0.80678 0.806322
0.423361 0.456937
0.482961 0.471213
0.464087 0.692107
0.50734 0.496409
0.476197 0.515393
0.517661 0.490411
0.504194 0.235381
0.210168 0.099654
0.477446 0.664561
0.251898 0.650899
0.507476 0.492993
0.509791 0.47665
0.460593 0.524574
0.359941 0.588234
0.673917 0.244511
0.55897 0.391277
0.496228 0.494709
0.48938 0.523249
0.486015 0.512502
0.514261 0.573742
0.573305 0.497691
0.194498 0.411633
0.603447 0.327247
0.47183 0.364889
0.493077 0.521762
0.594916 0.623747
0.578784 0.468462
0.970835 0.94777
0.493185 0.505329
0.581845 0.52604
0.325422 0.502726
0.651539 0.568508
0.424081 0.289679
0.498667 0.527676
0.500394 0.509206
0.485815 0.502729
0.645267 0.669843
0.528372 0.485457
0.495832 0.49197
0.505969 0.224971
0.482629 0.499255
0.453331 0.508139
0.52443 0.44686
0.501355 0.497875
0.47599 0.50933
0.471177 0.497119
0.517051 0.461721
0.490394 0.505836
0.364029 0.596524
0.375737 0.557459
0.524 0.538454
0.450388 0.508372
0.509506 0.49185
0.274077 0.635881
0.518209 0.501867
0.555152 0.51595
0.856173 0.856163
0.253238 0.615255
0.407512 0.555778
0.305089 0.324582
0.485675 0.50714
0.515852 0.50893
0.513774 0.590242
0.273416 0.768932
0.48729 0.500895
0.498456 0.518307
0.45707 0.516671
0.605871 0.564279
0.395465 0.255306
0.514504 0.473227
0.503798 0.472324
0.678222 0.575522
0.451705 0.41098
0.460441 0.461381
0.616957 0.516784
0.514255 0.549905
0.491404 0.476252
0.622606 0.547113
0.585969 0.391618
0.47158 0.402786
0.283287 0.0966386
0.479477 0.46597
0.508851 0.49138
0.39023 0.644917
0.51107 0.529117
0.408052 0.435945
0.430384 0.549531
0.548345 0.493514
0.496201 0.480887
0.559976 0.579157
0.505979 0.495911
0.519536 0.531185
0.508327 0.514907
0.440912 0.418329
0.501992 0.488369
0.518783 0.637436
0.555701 0.554814
0.48256 0.494988
0.496048 0.484417
0.504354 0.520134
0.582315 0.490666
0.393163 0.643858
0.489662 0.441957
0.467386 0.477155
0.435557 0.368264
0.201688 0.108326
0.413433 0.696734
0.547497 0.564158
0.458269 0.477977
0.42389 0.601276
0.324995 0.652483
0.53239 0.316547
0.588989 0.538321
0.513904 0.356617
0.807573 0.813748
0.38957 0.612824
0.487159 0.480013
0.591895 0.643805
0.469566 0.481074
0.467761 0.534776
0.485667 0.492317
0.490676 0.486951
0.480377 0.496809
0.285952 0.603809
0.75214 0.485105
0.442322 0.265036
0.344009 0.777177
0.457198 0.433976
0.501995 0.479288
0.415292 0.543308
0.497949 0.489813
0.445652 0.301244
0.59613 0.290687
0.519539 0.494258
0.309567 0.364875
0.58286 0.320985
0.560548 0.497361
0.505624 0.364255
0.288041 0.617536
0.518563 0.501738
0.414989 0.388384
0.248726 0.460013
0.459247 0.479809
0.48683 0.567784
0.2187 0.589068
0.423702 0.634669
0.367442 0.617712
0.647005 0.560232
0.720569 0.639226
0.546485 0.398751
0.12948 0.381687
0.361854 0.691582
0.552862 0.534202
0.76634 0.767803
0.493301 0.528187
0.49621 0.48753
0.665853 0.256368
0.481532 0.495419
0.514568 0.497585
0.540542 0.520056
0.245105 0.14879
0.353725 0.358284
0.500522 0.469457
0.554872 0.59032
0.688239 0.514849
0.585633 0.586816
0.480807 0.497267
0.507895 0.498753
0.5 0.5
0.527394 0.498313
0.454718 0.515567
0.497047 0.475962
0.58454 0.37098
0.501833 0.481581
0.639328 0.563965
0.521446 0.503616
0.69826 0.783011
0.405136 0.569776
0.495125 0.516071
0.544206 0.636189
0.554241 0.508255
0.491767 0.506606
0.496595 0.491306
0.424188 0.544195
0.760028 0.663467
0.204103 0.110756
0.434196 0.433933
0.512404 0.515979
0.50951 0.465969
0.431113 0.491041
0.608959 0.654528
0.481289 0.493376
0.53503 0.500882
0.358264 0.591414
0.575246 0.612329
0.502613 0.513364
0.441061 0.362439
0.517751 0.489935
0.49432 0.523492
0.493633 0.493315
0.495359 0.499998
0.495739 0.558624
0.478497 0.498896
0.567405 0.562723
0.507824 0.459973
0.377206 0.381196
0.666432 0.577274
0.594806 0.532059
0.470174 0.552784
0.244533 0.0491377
0.522665 0.509414
0.418277 0.334772
0.557342 0.419903
0.364947 0.444484
0.636555 0.584163
0.51594 0.535792
0.483189 0.493071
0.513428 0.514224
0.493816 0.503468
0.645201 0.707435
0.525042 0.357281
0.401229 0.483918
0.531925 0.525876
0.52087 0.46285
0.5134 0.458438
0.451792 0.518622
0.623857 0.451239
0.515578 0.538139
0.472133 0.501542
0.562855 0.48189
0.506673 0.488239
0.505799 0.483427
0.504799 0.486458
0.401073 0.574875
0.405307 0.578934
0.526321 0.501201
0.489872 0.475172
0.5 0.5
0.401692 0.569038
0.506129 0.512931
0.3611 0.552889
0.470025 0.748493
0.428983 0.427018
0.516432 0.496711
0.519308 0.496812
0.489574 0.473479
0.313918 0.745696
0.312228 0.599776
0.473768 0.427659
0.529549 0.500295
0.488376 0.49156
0.298433 0.764845
0.539956 0.197336
0.499591 0.514855
0.474902 0.471202
0.435338 0.291465
0.640591 0.701628
0.302051 0.723389
0.526454 0.537859
0.50027 0.5185
0.474472 0.421803
0.560694 0.511644
0.358513 0.619471
0.501295 0.499912
0.388947 0.593428
0.43969 0.453709
0.407921 0.410525
0.515005 0.53869
0.42528 0.491612
0.442218 0.481072
0.532234 0.620923
0.50963 0.469872
0.546414 0.55852
0.37261 0.572299
0.52387 0.490913
0.283353 0.162064
0.489331 0.489801
0.511087 0.534288
0.623208 0.676483
0.36725 0.702527
0.508784 0.499232
0.496369 0.490956
0.510604 0.490862
0.621016 0.653633
0.471433 0.431258
0.430913 0.669039
0.489677 0.520097
0.382521 0.566817
0.508789 0.500736
0.478077 0.467708
0.73459 0.538914
0.509709 0.515692
0.504594 0.264096
0.506 0.513397
0.502056 0.480565
0.260283 0.800858
0.496225 0.485633
0.575834 0.485379
0.377158 0.600815
0.438748 0.487066
0.417534 0.513832
0.463707 0.433525
0.590154 0.534229
0.509035 0.483396
0.544394 0.438304
0.563034 0.538251
0.506791 0.514175
0.322276 0.146957
0.517039 0.507945
0.51806 0.495385
0.286635 0.564104
0.471432 0.576446
0.636352 0.443295
0.333033 0.780509
0.447279 0.505566
0.474431 0.336467
0.322607 0.745619
0.477314 0.539082
0.465694 0.575433
0.471627 0.464289
0.514334 0.513753
0.488489 0.500241
0.496366 0.474289
0.500249 0.508175
0.73787 0.745416
0.485992 0.594934
0.550789 0.682138
0.602737 0.472583
0.207991 0.116534
0.479514 0.468856
0.552112 0.587563
0.481185 0.58581
0.511391 0.516364
0.53703 0.449854
0.514397 0.506613
0.45493 0.481871
0.50452 0.499378
0.765569 0.764268
0.694686 0.489008
0.756685 0.663179
0.46956 0.482242
0.501747 0.513976
0.407554 0.499183
0.448628 0.441918
0.516114 0.580236
0.611015 0.337874
0.538886 0.374375
0.463768 0.458064
0.568327 0.396105
0.505852 0.487124
0.422768 0.65378
0.554476 0.57568
0.29332 0.61006
0.708027 0.241978
0.337086 0.638001
0.6657 0.562074
0.465512 0.488325
0.542797 0.430979
0.525791 0.474706
0.51198 0.517583
0.503467 0.504528
0.694564 0.472659
0.385411 0.259035
0.519546 0.496961
0.223976 0.133827
0.480933 0.499551
0.512217 0.472132
0.473028 0.704984
0.494799 0.483896
0.577539 0.579915
0.389498 0.567266
0.507085 0.458025
0.245935 0.161418
0.487486 0.31528
0.380871 0.370869
0.518876 0.529051
0.496778 0.485652
0.480283 0.488226
0.537105 0.311961
0.4916 0.49941
0.472512 0.535977
0.497827 0.527192
0.489051 0.493022
0.541426 0.532778
0.341466 0.710263
0.489854 0.517669
0.5 0.5
0.520769 0.616412
0.492066 0.522398
0.503074 0.524409
0.474028 0.515516
0.246909 0.40834
0.20048 0.401706
0.576147 0.52344
0.512065 0.486196
0.497244 0.485656
0.504777 0.73753
0.505978 0.51716
0.511338 0.481933
0.371702 0.564968
0.437944 0.549069
0.751238 0.75175
0.485815 0.503475
0.566021 0.594423
0.513362 0.50002
0.611769 0.50103
0.482222 0.541942
0.516018 0.497152
0.472219 0.54898
0.550377 0.521529
0.495927 0.514629
0.456788 0.530562
0.418353 0.548022
0.402275 0.553479
0.377187 0.459886
0.462452 0.503368
0.366493 0.446751
0.434196 0.590285
0.519073 0.486663
0.496802 0.500568
0.506917 0.488936
0.648673 0.675693
0.50464 0.480923
0.304797 0.565507
0.417406 0.355632
0.524058 0.489263
0.520317 0.504376
0.392112 0.449243
0.46915 0.493205
0.501295 0.488843
0.559608 0.47674
0.603122 0.645952
0.512167 0.348498
0.527983 0.447976
0.341704 0.277304
0.532999 0.617051
0.507966 0.511673
0.488138 0.508187
0.753508 0.65586
0.593818 0.342571
0.515449 0.499668
0.595563 0.36306
0.602017 0.277856
0.507308 0.51318
0.527831 0.511344
0.492261 0.490314
0.515724 0.503578
0.438699 0.480247
0.481175 0.691529
0.51201 0.505227
0.435616 0.446306
0.542101 0.653902
0.53359 0.45034
0.566093 0.517689
0.502511 0.487373
0.523806 0.513041
0.496029 0.51948
0.583073 0.612091
0.497724 0.514183
0.613169 0.484245
0.516066 0.508751
0.544518 0.56155
0.557372 0.41285
0.490393 0.459127
0.28171 0.134265
0.571035 0.477589
0.458325 0.487616
0.324714 0.312903
0.535995 0.535158
0.528247 0.56312
0.137336 0.390538
0.448251 0.446536
0.474199 0.477282
0.412065 0.645834
0.607325 0.341829
0.344602 0.584411
0.492682 0.480773
0.51498 0.486954
0.425987 0.610813
0.506599 0.503381
0.672569 0.465746
0.491894 0.508572
0.69628 0.254204
0.474494 0.50366
0.650508 0.67248
0.329186 0.723185
0.466837 0.524971
0.43417 0.416453
0.64035 0.519718
0.684621 0.469023
0.645623 0.287049
0.503321 0.521424
0.44191 0.509269
0.736934 0.475709
0.461373 0.448284
0.450684 0.470611
0.710291 0.801739
0.498658 0.635981
0.542899 0.512227
0.433961 0.534924
0.486528 0.510919
0.536169 0.643285
0.417875 0.541491
0.516802 0.530674
0.439149 0.573352
0.324333 0.190498
0.51507 0.484512
0.538948 0.294104
0.666598 0.438574
0.506741 0.450406
0.542195 0.519538
0.492827 0.507996
0.490255 0.515248
0.396985 0.477235
0.519564 0.482819
0.394342 0.355268
0.51799 0.505122
0.488423 0.490806
0.506715 0.518527
0.665999 0.56958
0.441623 0.258048
0.482058 0.507329
0.482813 0.474171
0.505665 0.481688
0.511212 0.504786
0.488189 0.482929
0.492984 0.583028
0.718868 0.719887
0.507643 0.466225
0.399276 0.464211
0.507833 0.495354
0.526687 0.578432
0.157103 0.398388
0.492005 0.508717
0.482642 0.490901
0.404983 0.488407
0.517811 0.568955
0.518357 0.484153
0.3823 0.342087
0.429665 0.624315
0.348364 0.624805
0.468318 0.473109
0.489525 0.487197
0.51349 0.484739
0.485017 0.646763
0.499817 0.487297
0.422964 0.522306
0.498449 0.483573
0.647886 0.489415
0.504322 0.484413
0.546392 0.537178
0.500252 0.496053
0.555235 0.385567
0.530786 0.603685
0.428293 0.656818
0.522707 0.476499
0.518046 0.489441
0.715984 0.462409
0.417612 0.419132
0.398891 0.521351
0.508508 0.501916
0.677354 0.247164
0.575484 0.532449
0.493344 0.520481
0.937989 0.919761
0.519033 0.512408
0.49552 0.477252
0.495897 0.513904
0.455319 0.578715
0.502031 0.503921
0.576981 0.602477
0.687211 0.497961
0.527605 0.540727
0.49032 0.519404
0.480412 0.51003
0.490982 0.495472
0.418734 0.523635
0.383426 0.583849
0.502518 0.483163
0.488375 0.502203
0.504375 0.511325
0.403983 0.427492
0.5 0.5
0.560001 0.410289
0.514211 0.458757
0.487857 0.502843
0.357661 0.547655
0.95572 0.93638
0.495379 0.577969
0.412629 0.544959
0.488998 0.519374
0.514711 0.498948
0.666943 0.737736
0.500093 0.474169
0.47936 0.669137
0.485192 0.532597
0.599124 0.489836
0.249338 0.821623
0.498028 0.489033
0.442044 0.504085
0.497303 0.501979
0.501644 0.479788
0.395147 0.227307
0.307325 0.671603
0.475674 0.511256
0.491461 0.603943
0.398163 0.262987
0.500597 0.507085
0.5 0.5
0.281186 0.46877
0.501834 0.490829
0.415814 0.47293
0.479533 0.507027
0.322743 0.148156
0.517979 0.509683
0.527677 0.492658
0.762457 0.754405
0.498346 0.479553
0.513137 0.490389
0.301878 0.232851
0.586796 0.530218
0.349094 0.335553
0.491292 0.48549
0.251027 0.593202
0.527092 0.465105
0.487332 0.499617
0.497721 0.501516
0.524499 0.616343
0.601474 0.601443
0.555025 0.505375
0.450248 0.495764
0.494244 0.514833
0.495609 0.49623
0.525565 0.506025
0.178437 0.599862
0.523763 0.570345
0.375713 0.563101
0.510993 0.520857
0.516081 0.520766
0.494431 0.519694
0.445119 0.513336
0.483438 0.618244
0.506872 0.501787
0.510064 0.518379
0.642622 0.46366
0.5 0.5
0.661122 0.498103
0.421062 0.49004
0.184141 0.604946
0.531363 0.476483
0.460866 0.508341
0.724747 0.458493
0.439587 0.550226
0.380076 0.657264
0.517622 0.515106
0.278551 0.792158
0.470556 0.500067
0.519545 0.49569
0.520763 0.492367
0.457962 0.512934
0.768724 0.674005
0.485679 0.509983
0.452823 0.533974
0.442205 0.495041
0.297327 0.144549
0.507354 0.481337
0.513403 0.503375
0.515903 0.489299
0.365694 0.410733
0.535249 0.6101
0.560868 0.54133
0.583764 0.369734
0.472589 0.473756
0.5049 0.488687
0.505078 0.524174
0.49774 0.51287
0.497134 0.485725
0.547385 0.582316
0.508527 0.551219
0.406187 0.614297
0.550515 0.52205
0.411373 0.475877
0.428385 0.477708
0.296961 0.329068
0.521703 0.70884
0.85431 0.49876
0.48327 0.526757
0.523385 0.514297
0.365364 0.464036
0.660213 0.263367
0.271828 0.296868
0.766015 0.661638
0.435187 0.534074
0.50289 0.537704
0.489623 0.525711
0.504706 0.500534
0.52333 0.593156
0.573681 0.523662
0.335106 0.312572
0.66626 0.550619
0.653107 0.688723
0.395946 0.427726
0.489907 0.545122
0.453745 0.524229
0.37509 0.682487
0.493272 0.497268
0.424735 0.517903
0.339754 0.330832
0.249442 0.793058
0.536069 0.509882
0.515561 0.51593
0.507797 0.494181
0.380579 0.661642
0.490926 0.495322
0.518611 0.499617
0.584488 0.557368
0.473502 0.737512
0.740965 0.736977
0.564812 0.569041
0.484378 0.429037
0.556165 0.425722
0.493598 0.488355
0.577634 0.615657
0.425556 0.590571
0.495235 0.487284
0.49368 0.504966
0.497665 0.488467
0.509752 0.497596
0.483498 0.501909
0.739405 0.46386
0.493914 0.508245
0.234493 0.452887
0.571247 0.345808
0.492173 0.486715
0.404515 0.562064
0.595693 0.635518
0.69282 0.470719
0.608855 0.542491
0.469046 0.551933
0.53682 0.311717
0.515282 0.515426
0.494471 0.479289
0.492552 0.485106
0.51278 0.495882
0.442153 0.651686
0.503213 0.475965
0.507087 0.54277
0.505688 0.50667
0.492918 0.477088
0.632384 0.305536
0.510295 0.493198
0.19522 0.754778
0.364089 0.611438
0.480657 0.498126
0.482041 0.511629
0.489136 0.536147
0.299581 0.763935
0.484965 0.509647
0.63126 0.446954
0.281622 0.313687
0.345943 0.703738
0.498211 0.528599
0.499739 0.516946
0.729944 0.646759
0.51672 0.664143
0.727019 0.482918
0.440378 0.613681
0.445409 0.455393
0.623273 0.677381
0.500825 0.501432
0.510288 0.491375
0.515142 0.464879
0.612789 0.626852
0.426988 0.53144
0.480148 0.495145
0.672909 0.476578
0.522359 0.509566
0.439586 0.429337
0.48659 0.498905
0.566451 0.498074
0.641691 0.527398
0.490423 0.49129
0.480156 0.500224
0.509067 0.4947
0.283122 0.169899
0.49398 0.51401
0.478287 0.509337
0.5 0.5
0.490913 0.50466
0.545004 0.565394
0.384764 0.512433
0.382252 0.407225
0.493801 0.48202
0.478388 0.457784
0.41112 0.235316
0.581887 0.325083
0.496871 0.501865
0.5 0.5
0.428265 0.523475
0.484849 0.496352
0.526322 0.476068
0.508647 0.50652
0.626349 0.636528
0.542017 0.49922
0.506421 0.569507
0.433447 0.51432
0.458629 0.475302
0.670645 0.516651
0.55303 0.378999
0.496081 0.521061
0.440634 0.483174
0.454193 0.568009
0.470699 0.494093
0.461406 0.443725
0.450279 0.492319
0.489853 0.566904
0.631684 0.649437
0.667765 0.605878
0.758804 0.676833
0.505717 0.493044
0.502691 0.463444
0.418844 0.534712
0.487134 0.497708
0.405776 0.375431
0.482736 0.517386
0.49438 0.49325
0.417518 0.426131
0.463436 0.5018
0.517867 0.504565
0.495605 0.498616
0.644272 0.656858
0.664522 0.60392
0.57936 0.557363
0.516154 0.648504
0.483297 0.519148
0.290354 0.767702
0.53114 0.495936
0.481978 0.49106
0.366323 0.67441
0.498712 0.488791
0.542394 0.545509
0.510268 0.481089
0.446569 0.544978
0.505864 0.502443
0.359885 0.737621
0.538079 0.439387
0.508518 0.514103
0.535343 0.546249
0.396863 0.466626
0.513495 0.564986
0.405305 0.581831
0.487235 0.507976
0.269737 0.328377
0.442817 0.444207
0.451149 0.53257
0.562519 0.582144
0.503019 0.470233
0.545978 0.525114
0.381885 0.386508
0.562972 0.509118
0.48059 0.516797
0.526425 0.427965
0.518562 0.505438
0.381945 0.449566
0.256994 0.575204
0.510352 0.51242
0.527267 0.680822
0.344009 0.560618
0.805465 0.490006
0.481885 0.52916
0.406084 0.689954
0.694336 0.213972
0.380732 0.53739
0.564395 0.475083
0.662946 0.469146
0.615505 0.334069
0.547889 0.488076
0.450096 0.577529
0.428701 0.494956
0.513626 0.517533
0.301618 0.288368
0.510938 0.484117
0.503899 0.493318
0.355405 0.601379
0.502517 0.50175
0.502096 0.515366
0.462706 0.479556
0.463373 0.328019
0.273658 0.414589
0.48127 0.509876
0.530424 0.456039
0.507965 0.494142
0.507625 0.498776
0.247446 0.843491
0.518528 0.462197
0.368257 0.615233
0.308376 0.461898
0.476985 0.559583
0.653277 0.600258
0.55978 0.721556
0.361622 0.444309
0.235513 0.133667
0.52344 0.494266
0.447471 0.525302
0.556799 0.530598
0.510065 0.537071
0.508857 0.518914
0.37189 0.5782
0.0820752 0.351399
0.519077 0.58914
0.529696 0.654635
0.504517 0.486995
0.41885 0.390937
0.491355 0.511201
0.510589 0.492446
0.52508 0.548444
0.5 0.5
0.481751 0.505162
0.530404 0.43864
0.541286 0.515481
0.592058 0.511891
0.247106 0.815837
0.462322 0.496592
0.504844 0.429568
0.542901 0.422957
0.483612 0.503447
0.54806 0.509662
0.725664 0.712952
0.631634 0.545929
0.832563 0.496177
0.504664 0.507956
0.451031 0.458575
0.589931 0.462564
0.505578 0.519417
0.498885 0.473293
0.441734 0.474398
0.493226 0.487458
0.459566 0.41129
0.489306 0.520568
0.428715 0.429258
0.218465 0.404884
0.501707 0.530121
0.82791 0.490777
0.493834 0.478345
0.489912 0.505598
0.276675 0.799495
0.670297 0.527644
0.322655 0.5959
0.737866 0.65494
0.406622 0.48058
0.409486 0.40534
0.568744 0.396025
0.485476 0.293817
0.439358 0.359283
0.351366 0.542468
0.47236 0.357235
0.507348 0.477094
0.447141 0.54134
0.487585 0.485762
0.512524 0.521699
0.363548 0.608738
0.48653 0.531837
0.474443 0.543576
0.503575 0.467756
0.497801 0.485963
0.493128 0.524632
0.523972 0.483611
0.491784 0.479917
0.547294 0.252617
0.488461 0.474092
0.585785 0.622951
0.504583 0.487534
0.578546 0.585458
0.511492 0.509107
0.570352 0.394463
0.533607 0.553676
0.489253 0.509431
0.585913 0.365851
0.511654 0.489496
0.491087 0.475057
0.605743 0.268236
0.28462 0.434697
0.556333 0.714304
0.537319 0.409651
0.735666 0.744068
0.656395 0.551898
0.503222 0.488393
0.485292 0.493346
0.292761 0.769679
0.531559 0.457062
0.516117 0.494467
0.715251 0.722443
0.684009 0.531317
0.252074 0.822379
0.494382 0.482548
0.476193 0.46588
0.644469 0.441293
0.519378 0.510779
0.478186 0.477547
0.546263 0.260822
0.484481 0.517297
0.504569 0.479737
0.682552 0.761303
0.48249 0.504367
0.49521 0.511704
0.27217 0.636516
0.607738 0.652806
0.483897 0.500472
0.488377 0.523711
0.513254 0.342019
0.551617 0.687521
0.508005 0.497603
0.292821 0.317515
0.589222 0.459021
0.500914 0.488733
0.482875 0.537567
0.638784 0.297971
0.634692 0.541045
0.388737 0.454015
0.518069 0.549229
0.510969 0.729166
0.510466 0.504329
0.551599 0.416799
0.443922 0.471247
0.44881 0.51059
0.403056 0.677706
0.498457 0.538016
0.410694 0.553385
0.438438 0.412704
0.486288 0.50835
0.505646 0.485505
0.465113 0.442834
0.487775 0.423066
0.8606 0.491487
0.502165 0.49415
0.46815 0.559218
0.460972 0.604755
0.256713 0.062616
0.366746 0.406062
0.392368 0.396661
0.640282 0.559099
0.253707 0.395728
0.506372 0.406538
0.610439 0.543866
0.411452 0.626703
0.409489 0.639797
0.398723 0.568944
0.405889 0.558704
0.494983 0.479424
0.285344 0.437833
0.50124 0.522981
0.378448 0.207272
0.491094 0.511136
0.398958 0.490658
0.642051 0.445592
0.513785 0.535047
0.453083 0.510284
0.48234 0.486944
0.6861 0.679274
0.351854 0.354092
0.56062 0.528149
0.22826 0.739613
0.460962 0.464386
0.514709 0.489078
0.493506 0.515314
0.580497 0.31784
0.726479 0.738437
0.333205 0.353315
0.501936 0.520946
0.50964 0.487172
0.5184 0.495212
0.427659 0.557948
0.517948 0.498299
0.444673 0.593721
0.490957 0.51258
0.420668 0.569125
0.458735 0.47328
0.492142 0.477712
0.513649 0.506992
0.49489 0.521331
0.507532 0.495514
0.680058 0.471786
0.302501 0.200179
0.500383 0.529837
0.496662 0.485599
0.333619 0.267924
0.511814 0.512968
0.596125 0.534301
0.509434 0.406339
0.500484 0.521496
0.660535 0.708226
0.417759 0.710056
0.421345 0.550137
0.430279 0.488024
0.688293 0.685585
0.296217 0.500928
0.258361 0.179953
0.65012 0.471747
0.402362 0.559279
0.313163 0.597239
0.686308 0.468231
0.54157 0.491317
0.631302 0.552293
0.227245 0.449636
0.555033 0.525372
0.463771 0.514344
0.494411 0.501861
0.487099 0.492605
0.505064 0.521139
0.122133 0.363576
0.502347 0.437035
0.666903 0.563393
0.473497 0.552724
0.501294 0.517023
0.472042 0.476414
0.398468 0.44392
0.58306 0.620398
0.611242 0.538696
0.506782 0.506685
0.162152 0.383279
0.565135 0.376282
0.517478 0.486674
0.503024 0.488605
0.69517 0.700012
0.836255 0.843072
0.447243 0.481036
0.391657 0.362229
0.219024 0.443252
0.509059 0.523698
0.494753 0.523372
0.513574 0.427298
0.479325 0.492729
0.501304 0.508118
0.5752 0.489021
0.220066 0.0496759
0.537998 0.531832
0.334944 0.585245
0.458938 0.511307
0.483486 0.511828
0.563047 0.591669
0.431163 0.424685
0.492047 0.488428
0.436429 0.508176
0.589295 0.361101
0.6612 0.579632
0.461045 0.428793
0.514105 0.496837
0.644052 0.550179
0.383597 0.571768
0.789501 0.495393
0.522486 0.511601
0.455241 0.606864
0.488648 0.486523
0.590926 0.371505
0.605539 0.452594
0.473016 0.543966
0.519449 0.521875
0.420241 0.53524
0.515099 0.512952
0.541546 0.556121
0.588478 0.301472
0.440214 0.437366
0.307066 0.292518
0.491843 0.489235
0.584872 0.625632
0.526575 0.499176
0.527491 0.391122
0.481574 0.540189
0.694136 0.77932
0.345841 0.576616
0.465137 0.481715
0.527178 0.579184
0.536639 0.540249
0.230263 0.046729
0.673594 0.748781
0.692605 0.471426
0.411238 0.47299
0.64283 0.288084
0.361037 0.600137
0.473475 0.738954
0.509847 0.381165
0.427055 0.244404
0.437256 0.624347
0.465197 0.474871
0.538908 0.433907
0.553571 0.572946
0.523745 0.472824
0.511707 0.566795
0.399956 0.581157
0.500404 0.499802
0.660776 0.562589
0.429171 0.677626
0.567148 0.395771
0.512805 0.510492
0.524545 0.50847
0.196704 0.398507
0.560324 0.496137
0.506739 0.538344
0.425845 0.542384
0.440145 0.549571
0.561525 0.542381
0.735144 0.548893
0.351648 0.47985
0.357529 0.378092
0.236014 0.830764
0.490709 0.541973
0.522524 0.49246
0.501323 0.519254
0.49982 0.523619
0.458198 0.440917
0.508742 0.49963
0.505739 0.509624
0.458985 0.470284
0.548082 0.427229
0.626883 0.556813
0.372345 0.561039
0.484365 0.639945
0.373179 0.580582
0.463932 0.491415
0.560457 0.507272
0.413381 0.305733
0.55745 0.658538
0.513336 0.507725
0.475109 0.476492
0.496455 0.49344
0.535751 0.246971
0.302887 0.423179
0.516157 0.466164
0.510045 0.489163
0.48502 0.472888
0.409685 0.469571
0.498258 0.481705
0.478551 0.423728
0.382644 0.603844
0.546716 0.399651
0.472626 0.445388
0.410436 0.620734
0.558058 0.530173
0.299291 0.868554
0.519039 0.496991
0.511006 0.50897
0.512508 0.501948
0.534552 0.430937
0.500767 0.490053
0.547183 0.68303
0.530369 0.564455
0.512799 0.494516
0.278336 0.622624
0.522892 0.516186
0.504585 0.495705
0.524565 0.623954
0.515028 0.656731
0.51365 0.49926
0.497699 0.580066
0.471386 0.463473
0.379065 0.608205
0.67963 0.54273
0.484636 0.471538
0.580395 0.615255
0.485574 0.490471
0.515533 0.47526
0.877267 0.872844
0.496519 0.473999
0.490335 0.537997
0.517199 0.479056
0.475018 0.477882
0.691892 0.548113
0.724244 0.525112
0.515308 0.520511
0.486015 0.448759
0.533217 0.620579
0.501359 0.478675
0.394612 0.406099
0.569544 0.414013
0.389304 0.540221
0.428535 0.684659
0.541837 0.500661
0.533605 0.546872
0.497677 0.486359
0.437394 0.305509
0.47536 0.496605
0.510869 0.480435
0.490678 0.509076
0.63428 0.69187
0.505333 0.490699
0.347323 0.25827
0.487515 0.487558
0.461609 0.374395
0.517135 0.476684
0.503011 0.517753
0.638693 0.563563
0.415107 0.658688
0.520845 0.498542
0.50011 0.50578
0.489141 0.497751
0.513346 0.477556
0.40675 0.204532
0.391074 0.464567
0.44252 0.363473
0.428022 0.675709
0.489198 0.48932
0.530948 0.476673
0.55445 0.428413
0.506685 0.38111
0.467221 0.580902
0.501592 0.475139
0.46076 0.303018
0.463042 0.500705
0.503405 0.516773
0.651217 0.64926
0.489497 0.746197
0.560667 0.554564
0.490286 0.492744
0.459134 0.393386
0.441775 0.615773
0.74317 0.662087
0.479844 0.549043
0.448474 0.413392
0.629437 0.558177
0.481958 0.470492
0.494785 0.483019
0.492306 0.523246
0.434882 0.507915
0.462632 0.4924
0.190284 0.409015
0.507786 0.511759
0.34671 0.40292
0.484312 0.610621
0.506526 0.724087
0.419447 0.560191
0.465683 0.788848
0.546233 0.639074
0.49896 0.481913
0.600633 0.523371
0.470614 0.42988
0.519604 0.519087
0.508285 0.507755
0.502 0.522125
0.53817 0.470529
0.594061 0.616979
0.515361 0.44319
0.495041 0.52104
0.479739 0.593586
0.502013 0.509215
0.507624 0.507948
0.632135 0.302476
0.516712 0.461587
0.55224 0.476996
0.51472 0.50422
0.496093 0.486844
0.516139 0.519417
0.336898 0.384506
0.354131 0.621223
0.484744 0.508773
0.493059 0.502806
0.629497 0.519422
0.528417 0.480626
0.35828 0.309617
0.426717 0.633352
0.303204 0.278932
0.486202 0.550721
0.418301 0.391603
0.489374 0.460688
0.449339 0.287783
0.572795 0.463139
0.484186 0.554355
0.446899 0.524705
0.507128 0.489986
0.503675 0.587456
0.506963 0.50047
0.423475 0.604371
0.188093 0.763663
0.465593 0.44545
0.386539 0.527041
0.527392 0.504626
0.514916 0.504552
0.633362 0.59182
0.474057 0.368792
0.664429 0.734197
0.365447 0.563352
0.345222 0.595788
0.486711 0.467365
0.471754 0.498356
0.428433 0.684511
0.454398 0.495081
0.440529 0.439961
0.512985 0.464409
0.410398 0.547328
0.489548 0.401829
0.444285 0.483516
0.306857 0.113593
0.515434 0.500048
0.511588 0.497163
0.498138 0.516649
0.453454 0.504668
0.418837 0.480575
0.302479 0.619761
0.483351 0.507367
0.444785 0.428167
0.317953 0.334994
0.507305 0.525459
0.493544 0.558995
0.497645 0.512434
0.544389 0.435031
0.575289 0.405208
0.601327 0.269326
0.505634 0.491729
0.466469 0.570912
0.518274 0.509897
0.481361 0.500303
0.419419 0.576929
0.407717 0.468905
0.527721 0.505708
0.746981 0.492905
0.463775 0.455143
0.522539 0.506742
0.602756 0.345624
0.503511 0.515409
0.524134 0.49653
0.559561 0.694553
0.473973 0.429301
0.63374 0.480954
0.527743 0.467915
0.37219 0.45566
0.596153 0.603737
0.469183 0.417165
0.505309 0.520132
0.494756 0.469918
0.546119 0.522576
0.532757 0.592842
0.520384 0.478306
0.501375 0.472005
0.562288 0.357631
0.686598 0.52607
0.479352 0.495584
0.456988 0.607668
0.485171 0.517766
0.386068 0.388646
0.539609 0.500171
0.574275 0.522524
0.486404 0.483044
0.550277 0.420737
0.491027 0.512182
0.298551 0.433346
0.396619 0.533318
0.41225 0.592823
0.412399 0.530464
0.343854 0.606266
0.515546 0.499617
0.35175 0.356389
0.504749 0.510975
0.463723 0.51422
0.503513 0.473325
0.401869 0.556485
0.604771 0.648329
0.34886 0.357182
0.464476 0.464751
0.452952 0.539844
0.482375 0.486326
0.508187 0.504839
0.455277 0.439689
0.417356 0.214741
0.551492 0.530882
0.698639 0.484809
0.520707 0.492332
0.547187 0.403587
0.527373 0.546817
0.333377 0.555638
0.116541 0.371758
0.419389 0.647468
0.48312 0.514737
0.235993 0.411338
0.492159 0.507862
0.483864 0.488798
0.561735 0.414174
0.472815 0.49537
0.221849 0.0560938
0.51087 0.49749
0.52578 0.508236
0.503873 0.474361
0.513433 0.485103
0.512829 0.622043
0.572695 0.516538
0.468821 0.562404
0.542494 0.536814
0.493549 0.474089
0.283041 0.789498
0.538849 0.641419
0.404965 0.543937
0.514525 0.487595
0.554994 0.530388
0.638289 0.637299
0.527734 0.358296
0.582951 0.467592
0.475946 0.499415
0.492291 0.507165
0.471993 0.418682
0.489236 0.509956
0.507108 0.502331
0.373075 0.590132
0.507423 0.517453
0.75744 0.766993
0.75295 0.482616
0.688437 0.222115
0.428541 0.539033
0.40919 0.557655
0.446706 0.368886
0.49071 0.50053
0.317402 0.465574
0.368067 0.365095
0.51348 0.527827
0.408199 0.395064
0.381835 0.582901
0.496248 0.530346
0.546728 0.550336
0.54341 0.497933
0.715578 0.470241
0.497216 0.560274
0.513725 0.499134
0.552459 0.553813
0.726592 0.720311
0.543758 0.439485
0.24448 0.393398
0.28441 0.330776
0.513516 0.473538
0.479093 0.465084
0.48456 0.49855
0.507558 0.50673
0.394965 0.195316
0.472926 0.409676
0.643021 0.639558
0.509585 0.504868
0.379624 0.192724
0.502864 0.486646
0.461976 0.39117
0.436564 0.441576
0.4696 0.507241
0.504313 0.468076
0.432879 0.536829
0.355761 0.74743
0.445755 0.497624
0.472396 0.454839
0.381352 0.702876
0.559503 0.529602
0.421182 0.434179
0.603607 0.651086
0.819399 0.492032
0.50403 0.471525
0.539649 0.265948
0.508689 0.517461
0.325342 0.725144
0.421038 0.443147
0.629811 0.527331
0.402603 0.225801
0.274343 0.609909
0.440144 0.464246
0.471306 0.469804
0.51892 0.532036
0.476089 0.493351
0.465686 0.472009
0.392111 0.193952
0.503955 0.523501
0.519846 0.441693
0.507741 0.44753
0.462519 0.451087
0.481524 0.495564
0.441787 0.481642
0.614168 0.65917
0.519044 0.475635
0.327054 0.314026
0.540972 0.432389
0.363408 0.364541
0.493796 0.513827
0.567546 0.41409
0.509472 0.493681
0.500472 0.481976
0.238914 0.0611669
0.651065 0.733429
0.498037 0.478577
0.507265 0.48258
0.523073 0.20767
0.356222 0.547549
0.4706 0.55421
0.513507 0.364763
0.421932 0.524474
0.327748 0.812825
0.546913 0.493002
0.364495 0.482205
0.40142 0.678319
0.488301 0.493118
0.372547 0.360288
0.493827 0.497161
0.216892 0.414317
0.43327 0.448406
0.540168 0.438008
0.510503 0.514056
0.44274 0.64309
0.607719 0.565881
0.527764 0.497522
0.732683 0.725143
0.507018 0.4838
0.598083 0.553549
0.500334 0.493072
0.397189 0.6193
0.50647 0.482988
0.394158 0.360325
0.524241 0.60387
0.480936 0.581646
0.35538 0.5825
0.706671 0.709795
0.651933 0.595467
0.33883 0.385566
0.5001 0.510959
0.687626 0.497278
0.500595 0.534385
0.470405 0.471311
0.480588 0.465505
0.460912 0.528758
0.320914 0.256939
0.535928 0.311647
0.524553 0.519573
0.486669 0.471212
0.505415 0.535265
0.488391 0.509245
0.305202 0.845476
0.543178 0.236634
0.535773 0.514343
0.454902 0.471833
0.529533 0.462924
0.507944 0.496282
0.313947 0.23131
0.421162 0.422708
0.448634 0.445084
0.484107 0.490122
0.497871 0.571292
0.515346 0.407175
0.435237 0.616777
0.497566 0.49154
0.495455 0.49298
0.520835 0.574797
0.461451 0.371036
0.545819 0.416978
0.496931 0.496907
0.490283 0.502737
0.444435 0.427577
0.521242 0.563785
0.518069 0.503793
0.332406 0.645984
0.27886 0.161125
0.386813 0.564691
0.642648 0.700429
0.534825 0.459143
0.480869 0.478228
0.455204 0.449825
0.636834 0.549175
0.518001 0.48321
0.60187 0.502077
0.489136 0.637014
0.495725 0.492505
0.3162 0.130997
0.443399 0.622413
0.619629 0.695885
0.506794 0.513331
0.488438 0.493862
0.658152 0.729259
0.600868 0.534834
0.629573 0.549684
0.515587 0.484708
0.546845 0.512716
0.420543 0.638307
0.431626 0.330719
0.493223 0.504474
0.478719 0.495364
0.496231 0.505175
0.500833 0.413854
0.433622 0.63582
0.490771 0.482217
0.553542 0.569523
0.515773 0.502748
0.685539 0.523698
0.490787 0.484867
0.499585 0.510624
0.411971 0.562127
0.415262 0.327004
0.52762 0.684749
0.507832 0.525122
0.605633 0.654819
0.741514 0.487811
0.422122 0.616613
0.617864 0.675445
0.571823 0.39452
0.57876 0.603916
0.456715 0.507403
0.496138 0.518457
0.559882 0.484725
0.487913 0.429327
0.680014 0.545335
0.440842 0.555419
0.441111 0.413315
0.795037 0.804404
0.333412 0.605385
0.603318 0.646262
0.478743 0.490013
0.477396 0.454998
0.435496 0.241196
0.496031 0.515991
0.36624 0.574678
0.211772 0.377013
0.509792 0.481044
0.284087 0.772021
0.670933 0.570588
0.490753 0.513479
0.429477 0.625166
0.517583 0.556417
0.495898 0.513405
0.500789 0.512346
0.438957 0.448192
0.487644 0.504375
0.455316 0.504931
0.800083 0.496502
0.606694 0.655666
0.511386 0.508345
0.506117 0.624635
0.504504 0.496726
0.326399 0.480598
0.502531 0.473591
0.216343 0.4038
0.539756 0.438142
0.484664 0.467781
0.531031 0.518482
0.53128 0.48709
0.413623 0.395389
0.722324 0.477404
0.220733 0.745785
0.456303 0.423798
0.335717 0.187687
0.635331 0.64666
0.210939 0.402314
0.553522 0.413184
0.541191 0.5355
0.525467 0.510587
0.538954 0.560477
0.51588 0.4871
0.463887 0.543865
0.681877 0.231103
0.527522 0.491148
0.522696 0.546306
0.504412 0.515898
0.280962 0.619212
0.438752 0.483149
0.535667 0.502949
0.496459 0.501295
0.488176 0.489078
0.49131 0.498112
0.668426 0.733329
0.875447 0.489496
0.383038 0.644994
0.420575 0.642352
0.495672 0.493448
0.549717 0.419585
0.499052 0.478272
0.479365 0.483224
0.191574 0.407082
0.533548 0.439931
0.137308 0.805632
0.489652 0.512089
0.424099 0.209418
0.336566 0.738801
0.525214 0.258899
0.327755 0.423347
0.494467 0.510566
0.601857 0.346696
0.497788 0.488214
0.528205 0.484461
0.502843 0.495414
0.510525 0.492806
0.521801 0.503833
0.469391 0.7683
0.521218 0.410898
0.46922 0.522665
0.54968 0.438565
0.418184 0.430122
0.445702 0.501464
0.306309 0.614057
0.509653 0.481538
0.714665 0.638616
0.398724 0.569237
0.533983 0.439699
0.520408 0.495213
0.485224 0.473487
0.382233 0.70186
0.519066 0.431774
0.241737 0.0836276
0.247244 0.777465
0.491208 0.51326
0.483967 0.49196
0.490425 0.513251
0.513091 0.496412
0.496365 0.494266
0.365439 0.291852
0.506596 0.464442
0.525488 0.45835
0.56347 0.534407
0.478433 0.487096
0.45375 0.647762
0.523855 0.518413
0.614795 0.538637
0.760329 0.770494
0.539871 0.296838
0.535728 0.5079
0.507139 0.492739
0.507192 0.470352
0.485133 0.499854
0.498303 0.504045
0.563761 0.579425
0.503708 0.550799
0.494221 0.505131
0.626363 0.67666
0.216016 0.124506
0.502295 0.526773
0.727691 0.465048
0.494016 0.488779
0.289394 0.407346
0.502212 0.531416
0.497286 0.467707
0.484898 0.563362
0.520163 0.323211
0.512714 0.515289
0.365213 0.567982
0.49401 0.515639
0.518223 0.587365
0.493604 0.548398
0.409565 0.473441
0.499207 0.485373
0.515898 0.489309
0.514993 0.509609
0.481845 0.491564
0.580966 0.512085
0.497582 0.482443
0.415242 0.614153
0.506982 0.488943
0.491351 0.499016
0.536917 0.6174
0.518318 0.510767
0.478677 0.548427
0.694435 0.774339
0.49289 0.479868
0.539575 0.675176
0.627515 0.31014
0.373955 0.432198
0.495948 0.498265
0.501012 0.520339
0.464093 0.490195
0.403321 0.591407
0.524504 0.476615
0.559672 0.521935
0.649796 0.543398
0.496057 0.503657
0.523235 0.482516
0.371594 0.589355
0.494585 0.546293
0.528224 0.438483
0.458395 0.394963
0.663936 0.253218
0.439221 0.587173
0.436892 0.44437
0.56646 0.581948
0.961764 0.945044
0.39005 0.184929
0.514512 0.486436
0.495189 0.496946
0.596193 0.361635
0.445474 0.503338
0.490235 0.51483
0.44345 0.519455
0.384769 0.561594
0.490217 0.488855
0.54902 0.554297
0.46062 0.49382
0.388506 0.46916
0.468541 0.48169
0.493022 0.494759
0.447476 0.591685
0.383942 0.522464
0.544974 0.52289
0.53035 0.51832
0.490049 0.500406
0.511071 0.517582
0.383441 0.602207
0.400251 0.455645
0.506581 0.483431
0.633503 0.672905
0.441703 0.51059
0.559923 0.469316
0.257711 0.713202
0.503314 0.505076
0.43106 0.508904
0.470929 0.471397
0.462336 0.451584
0.267581 0.311537
0.445186 0.43031
0.488228 0.483607
0.517583 0.549721
0.319639 0.612426
0.576223 0.333267
0.476178 0.466945
0.459268 0.59603
0.522518 0.499704
0.489436 0.541795
0.694444 0.480614
0.507542 0.544876
0.666291 0.720065
0.227729 0.051153
0.482451 0.51553
0.439384 0.471345
0.602568 0.484616
0.500041 0.490575
0.508007 0.483547
0.316304 0.257097
0.510083 0.538038
0.435622 0.620786
0.575766 0.506976
0.625587 0.682131
0.327126 0.358917
0.59798 0.283596
0.524861 0.443059
0.621825 0.488483
0.344377 0.331705
0.517757 0.47801
0.542348 0.662555
0.6049 0.462383
0.460552 0.48986
0.562089 0.401153
0.549205 0.644227
0.51524 0.496808
0.510135 0.519473
0.524896 0.489987
0.461736 0.475247
0.440917 0.432888
0.526384 0.368241
0.483541 0.503236
0.467242 0.467335
0.526066 0.498705
0.479105 0.43075
0.676796 0.756762
0.496998 0.514184
0.450903 0.456768
0.473251 0.499479
0.538434 0.61025
0.525826 0.511022
0.474627 0.50174
0.537119 0.597391
0.615099 0.569968
0.485711 0.505441
0.470433 0.492763
0.410879 0.550949
0.731656 0.549978
0.605844 0.522802
0.502665 0.502512
0.663019 0.717885
0.387703 0.570948
0.493522 0.467116
0.334429 0.540054
0.508813 0.4888
0.321493 0.150526
0.512977 0.496689
0.426362 0.215129
0.332387 0.390214
0.533405 0.437841
0.479165 0.652729
0.502153 0.481821
0.541741 0.508994
0.429511 0.471814
0.296295 0.420773
0.563687 0.591945
0.407172 0.598491
0.502956 0.50934
0.481875 0.498482
0.377788 0.560696
0.519551 0.500322
0.520118 0.513871
0.492425 0.480563
0.585935 0.368188
0.504153 0.482945
0.364233 0.674886
0.509242 0.531513
0.519701 0.286747
0.425335 0.698299
0.480884 0.492198
0.427192 0.452845
0.257736 0.295124
0.327179 0.570403
0.648953 0.45387
0.271545 0.196883
0.505376 0.502946
0.5229 0.538659
0.588492 0.531295
0.668131 0.552071
0.571839 0.399042
0.472807 0.564037
0.704671 0.6324
0.683341 0.471892
0.492498 0.476854
0.459568 0.478176
0.50602 0.489879
0.615672 0.660391
0.543806 0.66431
0.480417 0.509777
0.377573 0.559105
0.504869 0.462775
0.541386 0.424134
0.584673 0.549612
0.577316 0.542592
0.475612 0.480323
0.553756 0.473508
0.499928 0.570539
0.474522 0.462789
0.417641 0.413805
0.484817 0.509544
0.504657 0.229343
0.509172 0.460211
0.509813 0.493467
0.2126 0.413504
0.53249 0.49753
0.494173 0.500549
0.543889 0.661399
0.490905 0.50811
0.497186 0.499678
0.364133 0.65167
0.651594 0.716018
0.498394 0.482912
0.528896 0.500824
0.534618 0.589296
0.538289 0.300978
0.494315 0.510567
0.455892 0.548336
0.434327 0.319229
0.343852 0.452328
0.503672 0.532758
0.53596 0.522968
0.435399 0.441006
0.443512 0.584338
0.61004 0.653396
0.71173 0.707298
0.579534 0.592018
0.551309 0.413574
0.155674 0.381215
0.492278 0.521006
0.472606 0.461576
0.492541 0.483844
0.429461 0.619366
0.571888 0.52779
0.244695 0.725325
0.492833 0.498854
0.584128 0.620091
0.428565 0.559404
0.357815 0.456979
0.54545 0.66791
0.470775 0.488808
0.508085 0.504335
0.492528 0.514555
0.200182 0.411384
0.596137 0.553578
0.704547 0.697505
0.581192 0.512825
0.490387 0.514838
0.492382 0.540536
0.735188 0.465355
0.499782 0.500687
0.523373 0.502041
0.508935 0.478361
0.274983 0.635814
0.500224 0.640504
0.532681 0.583129
0.467093 0.460826
0.658788 0.567057
0.647467 0.707411
0.456001 0.503509
0.493293 0.49569
0.523571 0.498858
0.523674 0.4941
0.509558 0.495518
0.421954 0.491466
0.505113 0.50961
0.482376 0.509142
0.632354 0.306595
0.498808 0.487635
0.630934 0.68614
0.50027 0.496819
0.623919 0.692005
0.549418 0.523223
0.487476 0.481073
0.50622 0.508471
0.387512 0.284487
0.501134 0.501989
0.489659 0.509522
0.421725 0.218114
0.508515 0.48801
0.508537 0.509553
0.237545 0.151304
0.621877 0.627446
0.395094 0.486378
0.57789 0.584026
0.378623 0.469226
0.482201 0.430652
0.453722 0.391633
0.536254 0.642977
0.491808 0.491982
0.412794 0.340394
0.310236 0.663178
0.635687 0.500878
0.597246 0.463166
0.560515 0.598163
0.659768 0.435119
0.362771 0.226802
0.459024 0.346259
0.480077 0.504401
0.504037 0.531484
0.506889 0.492344
0.471089 0.538215
0.488148 0.514507
0.466705 0.508347
0.485372 0.530925
0.517176 0.555
0.604921 0.538909
0.516763 0.621651
0.399753 0.47619
0.392507 0.57006
0.327776 0.813557
0.406128 0.504855
0.476455 0.476638
0.493612 0.496011
0.469461 0.463175
0.589223 0.553129
0.328529 0.345409
0.541376 0.434026
0.701984 0.630632
0.528166 0.503313
0.480633 0.487373
0.492143 0.501554
0.487444 0.487369
0.280352 0.178791
0.524549 0.487752
0.486228 0.489878
0.319029 0.168218
0.516836 0.450676
0.51894 0.521235
0.421243 0.616766
0.474445 0.480535
0.490909 0.605509
0.481142 0.419919
0.465966 0.472993
0.873809 0.877174
0.493097 0.511077
0.483515 0.506399
0.309353 0.425429
0.380613 0.386389
0.437729 0.303502
0.50607 0.481285
0.441954 0.645021
0.407739 0.186207
0.424192 0.404551
0.482225 0.501116
0.545923 0.482096
0.514331 0.520708
0.390777 0.303221
0.520976 0.520154
0.51768 0.497688
0.494161 0.493358
0.307312 0.620059
0.585237 0.314397
0.405578 0.588254
0.491754 0.474811
0.364567 0.351244
0.496953 0.52121
0.486187 0.490094
0.51465 0.447471
0.375881 0.329968
0.461439 0.768548
0.433592 0.225466
0.44625 0.571811
0.296137 0.865378
0.302903 0.599554
0.516076 0.494092
0.591971 0.530672
0.437272 0.459291
0.518226 0.515847
0.475885 0.463077
0.556165 0.490871
0.365478 0.504712
0.487472 0.509123
0.514564 0.482636
0.307996 0.618556
0.523034 0.520706
0.519318 0.487055
0.560451 0.39486
0.550424 0.575742
0.441594 0.557
0.517051 0.507649
0.48672 0.485549
0.337669 0.705533
0.543776 0.562164
0.270583 0.0781708
0.401853 0.393702
0.479405 0.457396
0.504902 0.497148
0.442822 0.271266
0.687289 0.524222
0.688889 0.478632
0.380294 0.544453
0.502641 0.495537
0.515287 0.494824
0.544676 0.56256
0.268575 0.467414
0.455623 0.586103
0.532247 0.521632
0.502681 0.519566
0.473883 0.540394
0.509492 0.52351
0.538398 0.553695
0.735088 0.472826
0.259766 0.304636
0.513759 0.515937
0.679779 0.542143
0.491534 0.537518
0.388103 0.687646
0.528703 0.478022
0.400703 0.504439
0.525124 0.497398
0.489325 0.513764
0.368035 0.534511
0.668459 0.542768
0.347693 0.397041
0.513525 0.476538
0.512351 0.517126
0.495085 0.467892
0.678419 0.548828
0.619527 0.478024
0.518339 0.508589
0.95465 0.947871
0.483537 0.515779
0.516293 0.52414
0.388414 0.22881
0.494272 0.488874
0.473652 0.588962
0.486711 0.498937
0.465262 0.441177
0.503109 0.517143
0.514112 0.506522
0.128924 0.374288
0.572899 0.494208
0.652012 0.502866
0.354314 0.58685
0.511702 0.496097
0.496432 0.500764
0.531313 0.613604
0.433883 0.502784
0.484019 0.514739
0.531473 0.59188
0.527884 0.452983
0.506012 0.48695
0.518647 0.482625
0.53664 0.527234
0.495551 0.476552
0.260595 0.422141
0.507377 0.543247
0.738625 0.550073
0.466362 0.59009
0.482402 0.493482
0.527305 0.632161
0.349869 0.286013
0.507706 0.482772
0.599006 0.542638
0.483441 0.509323
0.4405 0.60746
0.453653 0.61089
0.374185 0.629899
0.641633 0.696955
0.401755 0.228878
0.306219 0.442842
0.488166 0.742181
0.473331 0.466319
0.43371 0.468929
0.310092 0.594946
0.522344 0.53123
0.402431 0.664328
0.611585 0.571168
0.515972 0.479202
0.449117 0.498671
0.710298 0.637094
0.347593 0.362403
0.504628 0.489645
0.331295 0.448292
0.298437 0.47014
0.488534 0.510295
0.610028 0.655866
0.405518 0.566355
0.468125 0.460649
0.475363 0.494956
0.480646 0.488643
0.337983 0.352102
0.349263 0.298545
0.482093 0.514889
0.508423 0.522904
0.790432 0.490991
0.403538 0.40072
0.59994 0.650868
0.513594 0.667223
0.387133 0.581782
0.308424 0.66415
0.82914 0.827742
0.546125 0.558012
0.641829 0.322916
0.472654 0.484852
0.494038 0.47431
0.463303 0.702509
0.513992 0.485485
0.723429 0.540764
0.441646 0.494007
0.497918 0.504059
0.454844 0.487829
0.453657 0.565027
0.384004 0.574283
0.490578 0.476864
0.509385 0.69196
0.297351 0.464959
0.494525 0.523195
0.516929 0.504994
0.59791 0.559716
0.710818 0.476497
0.485779 0.503873
0.278601 0.455085
0.540757 0.440664
0.516352 0.503454
0.50331 0.493617
0.381484 0.549409
0.251685 0.454595
0.51594 0.482239
0.293913 0.86214
0.502116 0.493588
0.519588 0.541158
0.44316 0.452954
0.558683 0.52769
0.642295 0.54965
0.497181 0.504473
0.342283 0.450775
0.48061 0.525077
0.641071 0.720685
0.472022 0.526473
0.637037 0.697219
0.507237 0.51542
0.503887 0.510901
0.477368 0.56546
0.206218 0.600043
0.603821 0.565138
0.469818 0.501397
0.506916 0.518572
0.487476 0.507768
0.370274 0.571048
0.699294 0.505642
0.39793 0.660355
0.491448 0.487145
0.32795 0.492591
0.511751 0.502787
0.291424 0.763108
0.435445 0.647404
0.613348 0.6718
0.570892 0.385373
0.538727 0.525219
0.56266 0.518046
0.508709 0.507688
0.351044 0.338028
0.550898 0.577842
0.34334 0.766896
0.470133 0.311187
0.500769 0.721926
0.281738 0.407571
0.495447 0.510343
0.583111 0.614265
0.510413 0.482132
0.546054 0.447772
0.52335 0.522052
0.624254 0.47268
0.555976 0.539997
0.368761 0.612034
0.463723 0.533834
0.172287 0.393702
0.554768 0.586651
0.334186 0.798383
0.656737 0.57241
0.177561 0.391094
0.420388 0.219208
0.48042 0.48218
0.48589 0.472271
0.461073 0.554767
0.469357 0.415146
0.467096 0.45683
0.63733 0.674051
0.446691 0.660391
0.51272 0.515059
0.508827 0.497504
0.370817 0.569708
0.403212 0.652516
0.501839 0.504351
0.54903 0.480883
0.438404 0.586841
0.529173 0.511085
0.340201 0.426924
0.503429 0.511262
0.576486 0.373075
0.434831 0.610801
