0.640436 0.707384
0.77065 0.261699
0.749926 0.515985
0.112258 0.0195983
0.481258 0.737867
0.765635 0.435505
0.794351 0.787494
0.67616 0.123916
0.163546 0.074403
0.701119 0.53732
0.683523 0.155077
0.85555 0.731881
0.028619 0.321645
0.126434 0.846595
0.640638 0.493114
0.00537438 0.280524
0.200644 0.776226
0.542544 0.950857
0.292586 0.654552
0.935327 0.783094
0.392619 0.735677
0.208094 0.152875
0.5118 0.884069
0.276812 0.674915
0.840139 0.994884
0.212809 0.642229
0.133821 0.0590515
0.377887 0.162439
0.380711 0.504332
0.00909347 0.0218299
0.587056 0.40832
0.302353 0.198523
0.795212 0.835215
0.149584 0.0832638
0.499197 0.120241
0.851946 0.88684
0.855913 0.0649077
0.0446287 0.36729
0.909072 0.351183
0.0415295 0.906796
0.300135 0.25501
0.550096 0.433989
0.314103 0.927927
0.596873 0.694944
0.432328 0.605533
0.717061 0.430598
0.619956 0.0189376
0.628739 0.410696
0.85636 0.778124
0.493927 0.362797
0.884118 0.36236
0.25456 0.754432
0.415628 0.299168
0.121734 0.364797
0.620545 0.163935
0.272695 0.920643
0.419148 0.822728
0.354731 0.732991
0.75264 0.947893
0.427762 0.182952
0.556526 0.144342
0.61309 0.176504
0.163286 0.241817
0.587163 0.0268706
0.0200937 0.0810835
0.389783 0.918507
0.431941 0.644238
0.674134 0.846604
0.909506 0.810212
0.212235 0.563943
0.66989 0.49437
0.484655 0.377675
0.307682 0.839298
0.110678 0.0582576
0.789877 0.539107
0.241213 0.346932
0.683944 0.85339
0.523925 0.845877
0.0961477 0.110599
0.872938 0.116248
0.191683 0.262607
0.0348544 0.623481
0.864331 0.720814
0.471367 0.849966
0.502836 0.683231
0.414136 0.461458
0.168054 0.898685
0.839793 0.474898
0.739827 0.946762
0.533702 0.52854
0.488627 0.774858
0.875394 0.171024
0.629449 0.398876
0.017079 0.725537
0.509859 0.88984
0.846662 0.69056
0.152674 0.876574
0.324605 0.0594513
0.585485 0.79528
0.910592 0.0889094
0.478705 0.323756
0.548873 0.646847
0.222532 0.387853
0.12106 0.960055
0.337739 0.656283
0.489552 0.825662
0.431327 0.364486
0.520177 0.473816
0.763314 0.0139852
0.786103 0.272652
0.886755 0.646293
0.591465 0.40443
0.504795 0.298487
0.116117 0.0893813
0.0940151 0.025749
0.176682 0.572717
0.349565 0.725403
0.219457 0.572024
0.11327 0.341815
0.532634 0.450928
0.600646 0.394007
0.276788 0.429384
0.386205 0.273662
0.490117 0.149518
0.287641 0.276435
0.422276 0.191659
0.880774 0.421902
0.248336 0.409354
0.694639 0.364569
0.499194 0.788441
0.390312 0.675433
0.361421 0.739673
0.400842 0.580819
0.311721 0.514104
0.919942 0.873443
0.885807 0.973859
0.759186 0.329394
0.35006 0.252275
0.515906 0.839992
0.402047 0.803093
0.116604 0.824021
0.618317 0.375398
0.220218 0.243058
0.430735 0.914716
0.607775 0.929142
0.705783 0.995596
0.604661 0.0648365
0.737368 0.00549715
0.645649 0.0490852
0.519614 0.568413
0.892583 0.484481
0.489296 0.759302
0.727826 0.838198
0.0117791 0.241803
0.679816 0.413527
0.0448397 0.795792
0.237648 0.0396148
0.817154 0.458964
0.282673 0.247509
0.372872 0.890098
0.17676 0.0761902
0.853318 0.798439
0.141028 0.625225
0.783257 0.773674
0.674295 0.306601
0.354964 0.567752
0.795398 0.834443
0.327259 0.517467
0.682977 0.339143
0.758928 0.362208
0.764983 0.80737
0.157812 0.987872
0.844378 0.972926
0.448117 0.126426
0.222494 0.820813
0.0166039 0.399208
0.881155 0.912439
0.180625 0.038049
0.529908 0.967331
0.825939 0.202195
0.274044 0.179681
0.771731 0.0651443
0.0235937 0.0989873
0.583268 0.706663
0.438018 0.341862
0.0686586 0.190622
0.146002 0.226606
0.180742 0.989191
0.201541 0.628996
0.116172 0.423983
0.449826 0.132782
0.822657 0.34622
0.0372385 0.00381478
0.384911 0.566926
0.518045 0.500077
0.770724 0.24531
0.389315 0.542657
0.310548 0.412906
0.642415 0.892658
0.119429 0.0796498
0.234995 0.188088
0.27028 0.380999
0.414709 0.451167
0.370792 0.616253
0.0801515 0.486939
0.0402181 0.529975
0.620553 0.862912
0.853568 0.672558
0.868139 0.262771
0.223932 0.838555
0.47133 0.994711
0.0839206 0.860618
0.537453 0.394527
0.273576 0.179074
0.287657 0.393008
0.258728 0.522646
0.580761 0.52928
0.78725 0.964864
0.565182 0.477126
0.61202 0.0602874
0.761549 0.652171
0.590299 0.381107
0.515613 0.467101
0.038027 0.382863
0.728728 0.261953
0.221436 0.200202
0.256699 0.305411
0.0608325 0.794069
0.699977 0.334588
0.848517 1.00875
0.727344 0.231971
0.510216 0.308559
0.761498 0.414763
0.304362 0.741049
0.688714 0.915542
0.80199 0.450658
0.568629 0.391672
0.830624 0.0842452
0.860357 0.865103
0.467162 0.587606
0.130564 0.688492
0.785335 0.387446
0.949355 0.872494
0.181407 0.693859
0.183086 0.154608
0.681883 0.909791
0.386543 0.191649
0.219093 0.147471
0.605042 0.523621
0.888091 0.297661
0.439936 0.689924
0.743308 0.00839121
0.0815228 0.573937
0.0913538 0.940042
0.442617 0.55979
0.527881 0.573241
0.248261 0.315565
0.517792 0.48646
0.164198 0.141812
0.917722 0.3728
0.296423 0.61751
0.257854 0.682956
0.810066 0.478279
0.830367 0.415446
0.000339001 0.71894
0.708693 0.44043
0.408883 0.451729
0.448548 0.490403
0.0256522 0.541147
0.430643 0.468272
0.0993513 0.958491
0.0414095 0.349137
0.27399 0.00181374
0.591372 0.438286
0.143637 0.527412
0.786077 0.441058
0.144923 0.0433059
0.121571 0.953449
0.520467 0.953237
0.368753 0.520589
0.672409 0.0771435
0.625064 0.387821
0.528866 0.409268
0.571532 0.554929
0.789178 0.213691
0.0227495 0.0512792
0.635305 0.369092
0.400416 0.234728
0.0441658 0.984113
0.672837 0.209638
0.519154 0.458404
0.6503 0.664677
0.502162 0.772493
0.618176 0.0219303
0.728478 0.984145
0.542527 0.398559
0.0640605 0.50323
0.479946 0.592943
0.837993 0.128678
0.147439 0.86279
0.053804 0.170155
0.762034 0.22075
0.234313 0.31458
0.249265 0.300291
0.30638 0.922146
0.510381 0.825306
0.380583 0.159569
0.490021 0.88207
0.852437 0.182633
0.882538 0.676392
0.0946951 0.446727
0.0569184 0.158745
0.841766 0.545064
0.75355 0.861067
0.588786 0.898784
0.725711 0.642426
0.0692098 0.639468
0.656583 0.303592
0.887406 0.954571
0.603789 0.26044
0.828033 0.11372
0.0859016 0.208624
0.273282 0.575496
0.0909104 0.205529
0.685106 0.993423
0.856127 0.778169
0.44213 0.920647
0.908679 0.42008
0.457723 0.688396
0.254252 0.0458201
0.587571 0.979413
0.688493 0.657371
0.619103 0.344525
0.949534 0.599752
0.250323 0.56394
0.83353 0.0783698
0.678182 0.918745
0.286991 0.950898
0.494938 0.377905
0.156461 0.178199
0.373019 0.0203595
0.921339 0.831416
0.888473 0.934458
0.2067 0.39876
0.581188 0.461021
0.444575 0.168597
0.44052 0.132449
0.825202 0.0596011
0.477359 0.785142
0.63375 0.727458
0.349293 0.46628
0.805599 0.0269322
0.385703 0.092586
0.913336 0.928683
0.470482 0.134314
0.0587969 0.84342
0.154682 0.01499
0.658376 0.0958722
0.894425 0.88982
0.494565 0.489011
0.326056 0.939184
0.659049 0.766229
0.0716608 0.482842
0.824521 0.551375
0.268194 0.458884
0.275819 0.617457
0.819315 0.185647
0.644374 0.310911
0.174011 0.622237
0.191495 0.644493
0.756385 0.250249
0.48837 0.911008
0.265321 0.146399
0.00710938 0.173161
0.0114847 0.501729
0.662241 0.337618
0.440941 0.319835
0.104065 0.512594
0.796706 0.915429
0.0611686 0.0708581
0.38909 0.336986
0.688303 0.314354
0.418405 0.332697
0.625606 0.592872
0.920028 0.833066
0.236934 0.711482
0.0668998 0.724889
0.622764 0.332292
0.854322 0.643674
0.505823 0.882598
0.131575 0.167591
0.220309 0.572515
0.487429 0.324376
0.0851105 0.290101
0.254578 0.146279
0.361058 0.643706
0.483259 0.0492691
0.893199 0.953565
0.381975 0.582994
0.494084 0.336906
0.399642 0.730996
0.0483958 0.466477
0.456057 0.671159
0.798582 0.327117
0.30096 0.304105
0.210038 0.432538
0.471704 0.43033
0.00846209 0.96647
0.754696 0.0901667
0.249218 0.00928052
0.236442 0.61018
0.654035 0.719985
0.659877 0.611427
0.621367 0.0414155
0.193834 0.115447
0.378324 0.593411
0.848223 0.423933
0.0598851 0.302344
0.0977674 0.858536
0.629598 0.398826
0.162723 0.839509
0.819226 0.626507
0.269985 0.836348
0.593518 0.0246301
0.920628 0.87637
0.0339116 0.162969
0.453065 0.686898
0.882499 0.112294
0.297714 0.504045
0.153787 0.491539
0.619129 0.532164
0.0849492 0.465918
0.650011 0.369278
0.768256 0.0566322
0.00342892 0.397835
0.455408 0.166122
0.237426 0.286733
0.80221 0.508205
0.123112 0.394041
0.53198 0.0496313
0.23678 0.565897
0.212617 0.689682
0.252753 0.0952725
0.800619 0.552001
0.599573 0.955724
0.0419992 0.218794
0.487932 0.126938
0.684718 0.446317
0.271784 0.45298
0.503365 0.275203
0.847031 0.957312
0.441313 0.0882257
0.245509 0.241843
0.595613 0.368661
0.635863 0.127568
0.418492 0.872573
0.693942 0.631514
0.56261 0.945988
0.72597 0.364763
0.496682 0.32544
0.32027 0.538684
0.544789 0.808075
0.665526 0.228961
0.255007 0.937335
0.683761 0.758157
0.212584 0.532715
0.717658 0.654399
0.621202 0.962528
0.562625 0.456229
0.331213 0.531633
0.34416 0.749434
0.404285 0.037556
0.380404 0.96654
0.556762 0.451409
0.331084 0.480467
0.431987 0.651362
0.0243833 0.978526
0.459683 0.684804
0.205026 0.714452
0.622913 0.88643
0.473225 0.834517
0.419642 0.189851
0.488617 0.0405849
0.152441 0.384366
0.257126 0.483648
0.901421 0.619809
0.233096 0.320282
0.639227 0.614004
0.286932 0.622554
0.720023 0.61816
0.103011 0.151666
0.269322 0.122144
0.127738 0.728796
0.806702 0.332589
0.443322 0.429043
0.219719 0.916081
0.263764 0.639327
0.105937 0.752328
0.679855 0.258444
0.13659 0.937063
0.742017 0.0527385
0.538461 0.974909
0.373013 0.177016
0.589115 0.660338
0.799523 0.308176
0.278007 0.902518
0.459992 0.547309
0.0247187 0.587721
0.276166 0.831597
0.870201 0.739187
0.260657 0.140173
0.634984 0.52419
0.787218 0.736693
0.27681 0.459418
0.5 0.5
0.39651 0.741849
0.466548 0.934486
0.718434 0.838573
0.111699 0.305469
0.499602 0.911046
0.614819 0.776908
0.813839 0.0737832
0.32457 0.838521
0.66184 0.601066
0.670122 0.582294
0.319995 0.93082
0.724026 0.953122
0.455275 0.501696
0.70057 0.733291
0.671956 0.590031
0.1456 0.357523
0.438652 0.6119
0.292203 0.155542
0.451157 0.403904
0.46122 0.950185
0.315163 0.0747976
0.727529 0.129023
0.148576 0.0519603
0.931672 0.827321
0.653047 0.638365
0.392186 0.972334
0.568604 0.114246
0.805871 0.173725
0.616361 0.625291
0.753367 0.575364
0.321639 0.901508
0.894643 0.775786
0.513389 0.226735
0.816483 0.955497
0.630685 0.376748
0.835213 0.949704
0.451626 0.642498
0.074796 0.600064
0.694428 0.0423846
0.410158 0.346924
0.681472 0.801748
0.319368 0.248765
0.585736 0.445903
0.27265 0.532407
0.842956 0.0565197
0.109399 0.193665
0.765903 0.217936
0.900411 0.460119
0.270708 0.869465
0.408255 0.901164
0.246189 0.323015
0.851864 0.685232
0.885033 0.974469
0.29778 0.659911
0.687792 0.614502
0.00682421 0.644349
0.51015 0.326214
0.89029 0.418751
0.573457 0.165778
0.822325 0.466764
0.194364 0.0684297
0.639233 0.124486
0.112347 0.59306
0.568045 0.383033
0.462736 0.975903
0.284271 0.708738
0.299104 0.13129
0.406424 0.26459
0.0531187 0.70415
0.80452 0.177908
0.412219 0.931224
0.662238 0.921954
0.257548 0.55486
0.349026 0.831002
0.720599 0.308025
0.276684 0.914942
0.376422 0.91581
0.0394949 0.488663
0.509085 0.607556
0.822228 0.959437
0.583567 0.155895
0.680953 0.881873
0.287185 0.0866578
0.147292 0.340323
0.790829 0.0718001
0.357676 0.202923
0.00313515 0.0193993
0.125155 0.260683
0.574191 0.474046
0.0917158 0.294896
0.781611 0.368196
0.209898 0.158225
0.284213 0.249389
0.647975 0.792819
0.859303 0.523823
0.765238 0.441418
0.674479 0.444304
0.323201 0.961605
0.531501 0.470495
0.301947 0.322372
0.54237 0.659704
0.525219 0.54552
0.679612 0.6512
0.805848 0.253098
0.124465 0.897662
0.548639 0.906094
0.26616 0.758068
0.0645921 0.550344
0.00744874 0.711453
0.343612 0.864323
0.230026 0.108141
0.304911 0.904423
0.553355 0.628218
0.866086 0.0845636
0.0984939 0.16804
0.407053 0.640801
0.8202 0.917184
0.186166 0.506684
0.582836 0.992073
0.762582 0.706563
0.887559 0.312595
0.613477 0.156175
0.0661976 0.678071
0.706518 0.0736787
0.389577 0.0500151
0.919681 0.642189
0.158162 0.242864
0.524372 0.711218
0.856299 0.397245
0.801095 0.955798
0.558192 0.202676
0.610172 0.385912
0.13489 0.796238
0.881046 0.718957
0.78857 0.650991
0.424849 0.678612
0.722402 0.266217
0.834754 0.0268756
0.715423 0.540639
0.100542 0.105889
0.591302 0.0385667
0.729479 0.750819
0.281431 0.249573
0.460639 0.15231
0.639715 0.256433
0.121692 0.197951
0.459142 0.73186
0.584308 0.594304
0.528082 0.476396
0.311501 0.316669
0.128894 0.736147
0.561112 0.456375
0.775727 0.823675
0.11643 0.490716
0.371295 0.216968
0.596845 0.962466
0.255537 0.322104
0.711171 0.536284
0.571648 0.172701
0.689189 0.211458
0.42935 0.811034
0.409595 0.888043
0.542985 0.993
0.482063 0.070927
0.470031 0.79339
0.38761 0.598471
0.529778 0.382871
0.687998 0.304281
0.212898 0.80444
0.790871 0.585267
0.0214233 0.391507
0.546745 0.276956
0.713508 0.258871
0.813724 0.284969
0.431538 0.503226
0.49715 0.860392
0.314245 0.906038
0.750293 0.85601
0.592657 0.437279
0.904695 0.393912
0.0243708 0.315504
0.919343 0.582035
0.698951 0.656115
0.847741 0.907333
0.459914 0.653253
0.495332 0.481181
0.0447259 0.0421318
0.777848 0.763659
0.300946 0.572071
0.0436045 0.732434
0.0752697 0.54032
0.593096 0.389489
0.446396 0.341797
0.246416 0.34566
0.572565 0.174314
0.714343 0.597049
0.489956 0.68188
0.151104 0.188173
0.337117 0.00942318
0.0993921 0.796843
0.662957 0.595298
0.278124 0.70737
0.636899 0.0362477
0.46596 0.937652
0.607829 0.509475
0.671177 0.684025
0.0496484 0.263369
0.0730304 0.496041
0.605178 0.319502
0.842946 0.176704
0.493775 0.556235
0.785552 0.975089
0.238039 0.925793
0.171746 0.575109
0.667202 0.427273
0.372019 0.597907
0.844577 0.6643
0.305282 0.502811
0.687854 0.770909
0.440647 0.294675
0.280308 0.110952
0.957617 0.339589
0.374315 0.0512803
0.834988 0.95642
0.370848 0.667725
0.15727 0.864385
0.223955 0.931943
0.848122 0.460468
0.857776 0.0198056
0.0369478 0.793008
0.290945 0.409004
0.390928 0.156839
0.0590933 0.696173
0.661368 0.745323
0.467177 0.100285
0.0401197 0.747464
0.21124 0.0183957
0.0774491 0.585555
0.0691325 0.902985
0.565071 0.440447
0.571724 0.722226
0.304949 0.795021
0.65421 0.152938
0.256926 0.512024
0.172739 0.293913
0.305066 0.463678
0.704599 0.697605
0.621647 0.761894
0.39218 0.280152
0.507941 0.859159
0.380448 0.54763
0.607315 0.592079
0.566318 0.684535
0.177245 0.635694
0.588344 0.742221
0.0761014 0.158898
0.464574 0.380988
0.726921 0.300603
0.533906 0.210867
0.631787 0.707041
0.50505 0.935655
0.170328 0.207678
0.632859 0.790634
0.700477 0.29252
0.0709923 0.477179
0.883 0.448734
0.0248059 0.490249
0.0431033 0.590807
0.174557 0.220352
0.226529 0.7623
0.772527 0.401116
0.917936 0.427744
0.684388 0.874254
0.546004 0.217531
0.0859991 0.176855
0.911374 0.610656
0.112736 0.0945101
0.806775 0.738923
0.869901 0.79085
0.77118 0.951018
0.245329 0.65204
0.40776 0.270124
0.1423 0.450868
0.85811 0.317468
0.671206 0.0874589
0.0791543 0.633837
0.390066 0.000352487
0.0610691 0.0736727
0.86226 0.620632
0.291207 0.961463
0.783745 0.215264
0.552739 0.896404
0.30989 0.350707
0.64123 0.195237
0.118857 0.409916
0.15157 0.364173
0.0619524 0.559325
0.634249 0.204242
0.010199 0.495227
0.521209 0.681443
0.583163 0.600616
0.315286 0.97273
0.600634 0.376391
0.0464366 0.476096
0.970396 0.340396
0.437884 0.767437
0.553188 0.989672
0.665087 0.862124
0.340572 0.305344
0.0581353 0.459417
0.715151 0.209728
0.826426 0.774751
0.769506 0.458832
0.940067 0.789609
0.721166 0.508878
0.460628 0.535853
0.102787 0.775851
0.508778 0.703437
0.152249 0.554994
0.179483 0.135683
0.877046 0.633947
0.900809 0.441495
0.606936 0.567348
0.308542 0.947481
0.85866 0.371075
0.40695 0.587739
0.576325 0.230543
0.364942 0.345373
0.688444 0.346509
0.124593 0.641523
0.841289 0.592664
0.177347 0.951499
0.36119 0.685881
0.654423 0.512971
0.240943 0.834568
0.649036 0.133515
0.451679 0.55218
0.579141 0.0586104
0.119255 0.887524
0.0109301 0.993121
0.254334 0.413067
0.580096 0.830422
0.643757 0.944121
0.176045 0.331999
0.290783 0.300632
0.62967 0.38521
0.885849 0.150857
0.0914368 0.246985
0.844737 0.73993
0.760354 0.0776448
0.581164 0.409468
0.21115 0.0327962
0.926678 0.803988
0.0914084 0.0807907
0.677948 0.097543
0.0713268 0.931886
0.510712 0.651974
0.762934 0.154189
0.596636 0.938879
0.486595 0.886912
0.239635 0.459704
0.0268488 0.125479
0.610533 0.118284
0.372479 0.447313
0.864818 0.132829
0.524942 0.445966
0.542807 0.735998
0.478754 0.503827
0.526441 0.570251
0.584556 0.204364
0.668246 0.657681
0.13663 0.178293
0.309125 0.899542
0.332555 0.905377
0.864929 0.806063
0.79252 0.0782014
0.278416 0.819351
0.203681 0.888918
0.926965 0.59867
0.336279 0.802473
0.709981 0.860407
0.248438 0.251204
0.597925 0.727212
0.754977 0.123637
0.297344 0.339563
0.327991 0.965018
0.625455 0.484828
0.143331 0.305698
0.364204 0.475821
0.211089 0.202757
0.294461 0.00361369
0.280952 0.572826
0.82439 0.485396
0.461994 0.760557
0.0607275 0.797879
0.563767 0.769635
0.66023 0.811087
0.0209245 0.25634
0.539374 0.775797
0.380143 0.836073
0.115467 0.707887
0.801135 0.112132
0.172579 0.944236
0.417816 0.536754
0.420397 0.628967
0.742867 0.715643
0.632522 0.0204379
0.287588 0.455521
0.50549 0.749185
0.216166 0.565822
0.547869 0.779193
0.335544 0.206358
0.590908 0.356516
0.462691 0.129638
0.132378 0.842598
0.52629 0.484351
0.551214 0.766793
0.360047 0.723132
0.712671 0.778398
0.259877 0.131646
0.406879 0.999214
0.846389 0.0392352
0.0198019 0.133968
0.494701 0.524939
0.882012 0.709104
0.090553 0.430408
0.490219 0.426224
0.636883 0.0810903
0.782689 0.0995995
0.210768 0.915077
0.575747 0.437089
0.16294 0.492855
0.781229 0.521543
0.216007 0.654732
0.300729 0.475889
0.790367 0.70555
0.475371 0.632799
0.74737 0.494834
0.766559 0.241296
0.0198962 0.650005
0.738047 0.288108
0.0805658 0.442506
0.537195 0.717427
0.523602 0.319531
0.8253 0.728218
0.234614 0.759293
0.884036 0.426679
0.252212 0.854159
0.918727 0.466945
0.508899 0.221179
0.748193 0.406604
0.911532 0.441164
0.90068 0.699079
0.879283 0.713212
0.845629 0.947413
0.344949 0.868895
0.0454656 0.425286
0.311432 0.581668
0.142852 0.834956
0.817193 0.93851
0.569334 0.13579
0.718766 0.480087
0.533553 0.971147
0.33436 0.453789
0.439907 0.843057
0.674985 0.383661
0.138553 0.603529
0.802837 0.0666325
0.278792 0.717173
0.761243 0.195285
0.651405 0.106284
0.0643003 0.696235
0.531685 0.375765
0.27796 0.67453
0.210774 0.179122
0.635527 0.779911
0.314917 0.353623
0.26035 0.84822
0.324984 0.594633
0.302061 0.764478
0.438054 0.976764
0.148056 0.576441
0.580746 0.950719
0.643967 0.858729
0.66836 0.404685
0.0546565 0.319498
0.510786 0.118967
0.0157588 0.0424713
0.494719 0.293699
0.719537 0.707077
0.472815 0.351432
0.486064 0.787516
0.708322 0.747334
0.635968 0.0300355
0.340583 0.937977
0.795108 0.770829
0.838484 0.948906
0.354896 0.495463
0.789436 0.976006
0.354723 0.561568
0.402463 0.409375
0.864943 0.911518
0.52878 0.896611
0.751925 0.234952
0.190513 0.672716
0.72919 0.66375
0.0241517 0.214167
0.451129 0.729237
0.668026 0.353143
0.759159 0.300606
0.0250002 0.553768
0.0777973 0.939666
0.496368 0.43394
0.435414 0.389852
0.432157 0.790179
0.911126 0.857559
0.199542 0.832431
0.75184 0.728321
0.731536 0.704372
0.752591 0.916312
0.376061 0.479448
0.583143 0.400244
0.693597 0.0341583
0.129401 0.653678
0.12117 0.888499
0.642363 0.375866
0.44241 0.0333635
0.0848638 0.938545
0.467291 0.521575
0.328704 0.899175
0.31166 0.280031
0.732948 0.510205
0.112503 0.481145
0.239035 0.841764
0.184338 0.989399
0.75982 0.559223
0.469307 0.344681
0.595718 0.420709
0.378827 0.0900974
0.81848 0.501082
0.938682 0.780493
0.646264 0.42113
0.812436 0.726954
0.359934 0.27157
0.253847 0.688551
0.17077 0.565479
0.901558 0.958209
0.0766313 0.0810847
0.385463 0.315617
0.913735 0.589525
0.305526 0.68443
0.130439 0.774733
0.0291133 0.0911368
0.902233 0.443518
0.181257 0.754268
0.782801 0.253121
0.525093 0.554209
0.581155 0.329481
0.286406 0.941034
0.600725 0.540441
0.630767 0.771562
0.105685 0.598213
0.676042 0.182324
0.679295 0.0615536
0.498086 0.602193
0.632468 0.803096
0.286634 0.761902
0.578223 0.315765
0.855349 0.521142
0.723654 0.0342884
0.270194 0.631597
0.194281 0.795347
0.185714 0.77539
0.124799 0.472079
0.720539 0.727507
0.012287 0.346105
0.497557 0.117966
0.583506 0.429931
0.300291 0.623615
0.235233 0.798199
0.225812 0.866658
0.601191 0.512578
0.628547 0.179846
0.829374 0.482096
0.695036 0.551249
0.516136 0.965727
0.183353 0.71016
0.760942 0.369095
0.48599 0.885877
0.808162 0.227562
0.612671 0.852973
0.54814 0.109451
0.655587 0.507276
0.283105 0.271663
0.116089 0.518301
0.069885 0.341869
0.385085 0.671549
0.854245 0.0135587
0.848201 0.668239
0.495171 0.547167
0.234096 0.0110816
0.513086 0.417461
0.721164 0.274429
0.786281 0.206708
0.160472 0.627609
0.409125 0.772436
0.481234 0.956843
0.881445 0.449774
0.449488 0.164918
0.722828 0.564855
0.684464 0.793493
0.849198 0.128621
0.46574 0.761552
0.0817472 0.316831
0.444081 0.576989
0.867303 0.661164
0.588035 0.377073
0.0955839 0.309256
0.652173 0.881491
0.5166 0.811684
0.510023 0.924733
0.584364 0.990529
0.881832 0.464318
0.443098 0.33147
0.630936 0.167152
0.89276 0.321065
0.926974 0.819218
0.382399 0.426568
0.566148 0.464168
0.74338 0.0102276
0.0410441 0.607328
0.688849 0.629745
0.943085 0.793607
0.909942 0.656113
0.665896 0.453681
0.447625 0.175694
0.379337 0.0318508
0.166398 0.261319
0.498036 0.609523
0.592765 0.128867
0.777728 0.490997
0.443133 0.737751
0.294383 0.825423
0.164326 0.860414
0.289635 0.907624
0.864514 0.33192
0.514989 0.559246
0.691334 0.509972
0.343115 0.897941
0.135135 0.00903893
0.352373 0.582769
0.18475 0.731696
0.614656 0.351196
0.584211 0.428915
0.947572 0.612353
0.241402 0.737264
0.0756275 0.684418
0.475014 0.369964
0.510018 0.63932
0.230501 0.799431
0.546971 0.101189
0.130068 0.061995
0.660262 0.0897408
0.561373 0.00329851
0.66072 0.585465
0.0123421 0.340083
0.27927 0.197075
0.0718096 0.893614
0.548203 0.06481
0.00640966 0.508825
0.650594 0.247844
0.246123 0.72626
0.881917 0.740383
0.0962367 0.442122
0.360417 0.326695
0.241601 0.907363
0.427888 0.371647
0.621865 0.392923
0.461371 0.530808
0.0914686 0.449094
0.227269 0.103801
0.790892 0.507175
0.300951 0.860931
0.400626 0.849028
0.899013 0.438038
0.357923 0.576409
0.655035 0.604613
0.302671 0.586867
0.325142 0.398904
0.028973 0.685527
0.725503 0.270616
0.592915 0.153479
0.641618 0.561958
0.24164 0.103586
0.0930971 0.333103
0.55269 0.32042
0.436906 0.341858
0.835282 0.730767
0.202819 0.227332
0.586841 0.128594
0.634335 0.94459
0.704968 0.288908
0.548795 0.00766468
0.875004 0.875108
0.406739 0.904554
0.559452 0.132158
0.175213 0.152414
0.285699 0.817396
0.713869 0.526562
0.911488 0.834958
0.860584 0.471904
0.128208 0.297289
0.815674 0.937036
0.0350674 0.0183608
0.182443 0.621927
0.146954 0.816545
0.567409 0.851752
0.105401 0.1155
0.830275 0.974127
0.555854 0.480517
0.881871 0.560652
0.398345 0.0609195
0.701997 0.685604
0.880725 0.401831
0.211298 0.799338
0.223895 0.0716565
0.273037 0.352105
0.368941 0.088572
0.307224 0.404015
0.106941 0.489654
0.0259411 0.253893
0.306265 0.592647
0.105856 0.41166
0.709954 0.963444
0.392859 0.697587
0.231656 0.278438
0.246469 0.630007
0.33939 0.94776
0.313996 0.217705
0.363838 0.525276
0.017048 0.587715
0.596911 0.290115
0.827398 0.977292
0.378664 0.24704
0.369898 0.485612
0.737378 0.396611
0.739488 0.0429632
0.943952 0.868768
0.454767 0.696657
0.818554 0.831569
0.394178 0.0424564
0.125785 0.640645
0.672164 0.464538
0.588569 0.986298
0.683821 0.951432
0.511947 0.699962
0.539963 0.108653
0.666812 0.491093
0.0745257 0.368656
0.727221 0.444979
0.854331 0.461831
0.832044 0.60032
0.506965 0.828493
0.439273 0.960918
0.525299 0.249897
0.801096 0.903572
0.292389 0.934198
0.560363 0.964601
0.399388 0.148556
0.657679 0.356043
0.100811 0.463009
0.78199 0.639912
0.572314 0.77205
0.120577 0.646182
0.140799 0.847336
0.0678658 0.987517
0.310985 0.930776
0.589497 0.817193
0.759497 0.0278769
0.778405 0.284734
0.277763 0.587011
0.204295 0.570112
0.521826 0.76431
0.535357 0.920422
0.912221 0.485559
0.00287966 0.0137902
0.915067 0.798607
0.6539 0.52048
0.557784 0.775048
0.167076 0.697922
0.62253 0.257706
0.69384 0.93247
0.188465 0.28177
0.752675 0.944697
0.309651 0.529498
0.232771 0.587403
0.116508 0.437064
0.157517 0.637752
0.201504 0.692438
0.558385 0.114475
0.178658 0.561273
0.128269 0.127877
0.346359 0.782821
0.649479 0.902961
0.558555 0.815684
0.601363 0.180538
0.0734811 0.294375
0.114038 0.261944
0.576879 0.864769
0.209916 0.885784
0.394485 0.442695
0.473182 0.511013
0.862373 0.645967
0.148722 0.0812357
0.323207 0.707106
0.195721 0.501808
0.268394 0.323984
0.630148 0.615206
0.10682 0.278444
0.518225 0.664817
0.0942685 0.119531
0.845222 0.166766
0.414047 0.959234
0.429841 0.989866
0.813903 0.633359
0.630309 0.407243
0.0822817 0.349023
0.731809 0.959316
0.915478 0.926399
0.0432578 0.302879
0.5856 0.238995
0.812496 0.837088
0.562987 0.434408
0.468845 0.669811
0.71521 0.9846
0.334645 0.807075
0.106372 0.179902
0.720401 0.522874
0.139275 0.404528
0.510553 0.963397
0.0441272 0.386161
0.182429 0.126402
0.736735 0.909633
0.0884133 0.714868
0.790708 0.131687
0.0177892 0.376343
0.370822 0.822445
0.230415 0.933586
0.256866 0.699052
0.603594 0.96954
0.686637 0.937168
0.774128 0.782133
0.117849 0.751507
0.312548 0.257119
0.156084 0.822808
0.220735 0.200206
0.20904 0.403168
0.326632 0.944193
0.315387 0.415034
0.659105 0.106097
0.546893 0.676975
0.482758 0.917137
0.499634 0.712867
0.85586 0.752873
0.411861 0.454361
0.725859 0.0977515
0.392304 0.502613
0.891178 0.512853
0.254158 0.202564
0.767828 0.411181
0.0116198 0.978148
0.610423 0.234504
0.391283 0.936949
0.178685 0.706523
0.352253 0.837782
0.809204 0.88333
0.514711 0.29507
0.816149 0.0140915
0.00783149 0.667098
0.770919 0.420641
0.121463 0.496166
0.517307 0.513743
0.5 0.5
0.0238847 0.252922
0.61099 0.790849
0.663709 0.636052
0.778943 0.273545
0.869919 0.170296
0.21066 0.0486069
0.871113 0.57358
0.862786 0.692205
0.461544 0.401121
0.575281 0.473697
0.415366 0.992187
0.559253 0.455207
0.41205 0.0662644
0.682231 0.928836
0.580379 0.680688
0.336951 0.603901
0.84067 0.967259
0.395052 0.596523
0.582396 0.174179
0.869844 0.450218
0.344464 0.0807861
0.500942 0.2213
0.643623 0.387467
0.86858 0.148849
0.785741 0.878853
0.382769 0.203688
0.881764 0.332353
0.389193 0.29967
0.393844 0.0708575
0.229192 0.973888
0.749386 0.564507
0.578079 0.68491
0.513304 0.972593
0.28117 0.0955048
0.146986 0.151298
0.547732 0.491528
0.232085 0.0488118
0.713274 0.875043
0.436292 0.623518
0.503609 0.507868
0.518749 0.36348
0.428355 0.406359
0.692505 0.816879
0.706015 0.0848985
0.840385 0.920436
0.0587588 0.639683
0.501426 0.636551
0.324349 0.0143727
0.609819 0.605959
0.109882 0.756269
0.757248 0.657732
0.247806 0.988925
0.708199 0.958694
0.864525 0.142732
0.584695 0.844973
0.367386 0.10274
0.208713 0.795731
0.50951 0.899532
0.613254 0.215149
0.666113 0.512796
0.1503 0.0433881
0.141388 0.651595
0.679597 0.465254
0.665963 0.289329
0.0711679 0.775752
0.0455528 0.827982
0.43359 0.293349
0.817469 0.140514
0.253893 0.681525
0.282927 0.837848
0.526878 0.650288
0.893195 0.751423
0.445991 0.449718
0.635186 0.0592709
0.665306 0.620397
0.561554 0.814975
0.664745 0.702991
0.466729 0.34312
0.168082 0.132699
0.63233 0.239404
0.882591 0.695709
0.06744 0.342143
0.909624 0.937377
0.482263 0.225134
0.566598 0.76506
0.0630224 0.0927245
0.41539 0.00363348
0.83407 0.848665
0.453351 0.463369
0.811299 0.217239
0.0831818 0.481611
0.888858 0.763807
0.183962 0.40004
0.0895005 0.352038
0.533138 0.721847
0.591412 0.44139
0.399915 0.658849
0.78323 0.371012
0.543252 0.265713
0.59622 0.109224
0.0308347 0.659243
0.201961 0.446248
0.662899 0.0301254
0.30763 0.116249
0.493464 0.228285
0.23443 0.576662
0.709839 0.167741
0.323127 0.893825
0.567801 0.412581
0.245891 0.10051
0.134401 0.837212
0.541619 0.534299
0.496106 0.325234
0.813726 0.153067
0.590552 0.501685
0.148588 0.621782
0.160792 0.350539
0.0680179 0.823609
0.380661 0.375662
0.901444 0.913546
0.603919 0.174367
0.450808 0.313851
0.342168 0.773833
0.207731 0.909887
0.186398 0.453598
0.0103933 0.320794
0.290877 0.552191
0.867984 0.782237
0.873724 0.77691
0.826833 0.468957
0.261832 0.974923
0.0901537 0.422595
0.325459 0.158162
0.24632 0.706113
0.533806 0.186242
0.580241 0.137771
0.360594 0.0310654
0.451762 0.702741
0.804964 0.657134
0.612761 0.991232
0.112925 0.622974
0.312108 0.403802
0.175165 0.167094
0.190772 0.0525802
0.805692 0.178386
0.520911 0.189209
0.713057 0.55264
0.61182 0.317559
0.771214 0.849908
0.0236118 0.303049
0.0443262 0.603863
0.440825 0.404935
0.635725 0.891949
0.107641 0.439862
0.552235 0.720114
0.431317 0.664724
0.343259 0.743249
0.0684945 0.518359
0.660448 0.406092
0.571599 0.837532
0.276375 0.0918679
0.0269399 0.26841
0.703416 0.639345
0.585843 0.472254
0.496979 0.60954
0.774541 0.540765
0.213385 0.216019
0.901803 0.879962
0.108461 0.0537386
0.288218 0.660232
0.77735 0.7172
0.324924 0.117152
0.462628 0.39342
0.635592 0.37305
0.652622 0.206462
0.210783 0.929058
0.298321 0.237666
0.197467 0.00124967
0.852234 0.790381
0.473405 0.373256
0.392882 0.248601
0.89916 0.624674
0.465052 0.860322
0.45463 0.573138
0.870105 0.763995
0.233338 0.688222
0.462164 0.558286
0.79871 0.909311
0.868842 0.459454
0.29776 0.60434
0.646624 0.508103
0.533647 0.945459
0.75144 0.732639
0.911529 0.638671
0.514256 0.420332
0.929282 0.95882
0.66941 0.909602
0.513379 0.133535
0.775783 0.96157
0.707366 0.687004
0.711881 0.938043
0.373276 0.172915
0.498163 0.178654
0.0976944 0.449827
0.619585 0.395486
0.0541681 0.266897
0.892354 0.603778
0.212567 0.650073
0.318438 0.15948
0.272693 0.832654
0.579781 0.268481
0.739662 0.24875
0.178693 0.253184
0.382347 0.949357
0.221164 0.088874
0.63482 0.931639
0.0288059 0.00779096
0.10485 0.526975
0.186448 0.202536
0.941147 0.821095
0.597981 0.0309712
0.0728989 0.501908
0.618528 0.285513
0.15191 0.936889
0.444945 0.424628
0.769652 0.0247415
0.692099 0.508934
0.273526 0.871732
0.762986 0.655549
0.830473 0.957916
0.744985 0.456464
0.881705 0.79345
0.463533 0.0205792
0.300381 0.64998
0.22312 0.277169
0.456414 0.820902
0.308149 0.528887
0.323054 0.926654
0.815141 0.4762
0.850835 0.267758
0.881695 0.651178
0.284013 0.592692
0.142769 0.557463
0.464792 0.905177
0.213172 0.285691
0.821198 0.930943
0.757669 0.817298
0.731003 0.205
0.825521 0.03151
0.854954 0.0486529
0.308672 0.310944
0.854966 0.630216
0.837306 0.199727
0.543595 0.654245
0.668115 0.407361
0.905032 0.585113
0.0404616 0.197447
0.160062 0.183229
0.754757 0.624664
0.0858556 0.967905
0.799598 0.948798
0.904479 0.674266
0.783044 0.655816
0.844531 0.618442
0.690716 0.713639
0.6584 0.996917
0.0225226 0.526693
0.614771 0.861865
0.719419 0.157466
0.516512 0.387225
0.564639 0.429984
0.938496 0.630504
0.627366 0.114639
0.787087 0.382728
0.739657 0.87523
0.350482 0.649417
0.855351 0.276973
0.301018 0.637538
0.651056 0.373219
0.245854 0.621672
0.859874 0.899291
0.619594 0.891229
0.429504 0.232784
0.754052 0.148968
0.390234 0.270574
0.536405 0.954626
0.69986 0.490328
0.559908 0.327952
0.605411 0.348235
0.710239 0.344702
0.225104 0.0605724
0.573361 0.432361
0.336787 0.294915
0.717316 0.270043
0.452736 0.963053
0.886482 0.327441
0.867216 0.513507
0.213474 0.295569
0.746282 0.964621
0.444518 0.13348
0.238134 0.980722
0.0870588 0.938406
0.47156 0.64824
0.266522 0.0768124
0.874006 1.01111
0.421354 0.221502
0.0562649 0.416169
0.301375 0.374076
0.710169 0.0187834
0.644023 0.162717
0.789498 0.543656
0.484912 0.84789
0.0461526 0.697908
0.143672 0.789358
0.665717 0.588665
0.868689 0.930002
0.568882 0.0112141
0.842213 0.0403193
0.65941 0.108745
0.117126 0.655819
0.0854591 0.538477
0.877315 0.122752
0.574011 0.435348
0.496925 0.66394
0.197466 0.140876
0.8285 0.18504
0.676557 0.311187
0.0275923 0.722713
0.00902066 0.171275
0.512252 0.674526
0.760081 0.435992
0.578106 0.328398
0.446281 0.420313
0.368658 0.105697
0.52898 0.485807
0.761218 0.614931
0.0242514 0.638829
0.739589 0.975058
0.817307 0.233871
0.641907 0.0149997
0.374972 0.468543
0.194502 0.051529
0.779428 0.222008
0.773082 0.778938
0.393384 0.286431
0.463129 0.152845
0.721484 0.0412294
0.481193 0.167756
0.461956 0.849653
0.273491 0.990571
0.335638 0.0349812
0.605117 0.359953
0.673869 0.342455
0.33792 0.491372
0.576603 0.97962
0.506593 0.951158
0.448477 0.700899
0.00290534 0.227956
0.889297 0.793809
0.0165933 0.316359
0.0636109 0.479723
0.469651 0.78492
0.521195 0.9502
0.833636 0.99411
0.800065 0.226159
0.635308 0.381976
0.261303 0.578154
0.496082 0.934909
0.918045 0.860753
0.42651 0.496944
0.80818 0.91686
0.448297 0.261866
0.63378 0.451187
0.489827 0.556722
0.228385 0.50641
0.873127 0.293802
0.971739 0.345706
0.0770803 0.507083
0.292654 0.0299301
0.489559 0.0929152
0.256262 0.462631
0.228828 0.51755
0.0407657 0.724604
0.452876 0.961067
0.558876 0.878898
0.458199 0.371869
0.806977 0.891107
0.633784 0.445727
0.357694 0.123545
0.00242582 0.586064
0.630749 0.874985
0.863159 0.630763
0.217798 0.955129
0.12318 0.51039
0.802698 0.573386
0.603283 0.241348
0.0753461 0.832061
0.758855 0.116155
0.556746 0.211552
0.0774229 0.115108
0.0907161 0.535619
0.487357 0.902512
0.442107 0.120702
0.348547 0.799792
0.244257 0.350913
0.386082 0.874168
0.22639 0.263939
0.490306 0.444118
0.219075 0.613479
0.536735 0.481106
0.226222 0.557823
0.445451 0.301591
0.389955 0.204314
0.417878 0.946587
0.415876 0.495184
0.0618287 0.50657
0.0307776 0.548795
0.409329 0.472913
0.671215 0.757571
0.272761 0.913694
0.108703 0.658578
0.787787 0.334952
0.657893 0.428698
0.779204 0.1416
0.886597 0.738716
0.345728 0.117973
0.291612 0.791166
0.419704 0.681523
0.951876 0.861057
0.628268 0.41139
0.332508 0.690032
0.896727 0.384673
0.238849 0.327237
0.829654 0.898374
0.0850264 0.10883
0.823329 0.198002
0.767055 0.610149
0.529001 0.689912
0.88599 0.312197
0.835261 0.779874
0.0417648 0.177253
0.888782 0.341747
0.914915 0.356985
0.0182304 0.96359
0.154946 0.643038
0.375294 0.487416
0.333087 0.2932
0.844643 0.578755
0.621156 0.687197
0.480458 0.705555
0.795528 0.302278
0.892942 0.576862
0.913419 0.422711
0.252983 0.800807
0.736044 0.0844712
0.581675 0.777658
0.261727 0.479024
0.11113 0.230148
0.796655 0.125956
0.19411 0.951593
0.766638 0.568506
0.439006 0.10207
0.862654 0.29053
0.673408 0.482403
0.614912 0.407088
0.188463 0.772009
0.456681 0.0876326
0.335032 0.369162
0.515858 0.5881
0.169993 0.251701
0.674211 0.750831
0.0283635 0.932919
0.229948 0.140646
0.164297 0.0266124
0.266597 0.358375
0.669356 0.321858
0.909236 0.441775
0.137659 0.790211
0.70838 0.811039
0.273281 0.683302
0.741503 0.478821
0.455332 0.422645
0.549928 0.790241
0.791797 0.064993
0.378427 0.961685
0.316683 0.0507554
0.712773 0.346372
0.854516 0.9629
0.486843 0.149202
0.925346 0.763442
0.507815 0.947292
0.789773 0.436307
0.364822 0.926636
0.22557 0.0716243
0.73864 0.498055
0.757188 0.704164
0.523839 0.488674
0.126941 0.509861
0.006542 0.936596
0.57488 0.378982
0.874487 0.892974
0.429711 0.59331
0.23775 0.414604
0.536364 0.724548
0.563512 0.505444
0.478021 0.0713806
0.452732 0.267053
0.507178 0.817269
0.193744 0.732241
0.844002 0.919675
0.231086 0.644026
0.636323 0.191607
0.855219 0.761097
0.702644 0.854041
0.682038 0.276393
0.23382 0.562587
0.167853 0.663507
0.155857 0.405588
0.078091 0.691761
0.130171 0.641911
0.197012 0.608194
0.71382 0.650297
0.631157 0.406507
0.467207 0.0689709
0.93342 0.385473
0.001046 0.183316
0.000320068 0.637393
0.375105 0.854578
0.400716 0.0763841
0.709491 0.0827739
0.352738 0.94329
0.644736 0.52018
0.607738 0.800905
0.893982 0.708339
0.492987 0.0563083
0.326891 0.68999
0.664505 0.0401428
0.339753 0.539758
0.260168 0.806936
0.6087 0.212388
0.163264 0.609769
0.395672 0.163595
0.2472 0.770575
0.0181911 0.647888
0.854432 0.72032
0.730531 0.19971
0.67106 0.376155
0.720165 0.27791
0.177234 0.646379
0.811537 0.632969
0.702661 0.289731
0.360227 0.367199
0.329811 0.699956
0.894697 0.60646
0.506801 0.515662
0.803475 0.667411
0.125447 0.197908
0.825028 0.373236
0.926206 0.884086
0.0204818 0.815452
0.580283 0.751121
0.0151718 0.25071
0.127235 0.735358
0.52856 0.304481
0.381813 0.491341
0.600931 0.412654
0.78076 0.334793
0.45168 0.1107
0.0348929 0.358638
0.699762 0.541243
0.874559 0.504561
0.21176 0.999701
0.700724 0.0457976
0.37251 0.669258
0.875012 0.420575
0.484661 0.477488
0.144145 0.499885
0.728093 0.27143
0.235299 0.256736
0.576278 0.617463
0.746877 0.548859
0.700698 0.528443
0.88546 0.153274
0.640118 0.919999
0.511913 0.340305
0.462175 0.386218
0.843826 0.660284
0.385983 0.543853
0.722918 0.759777
0.213074 0.617747
0.151299 0.697748
0.0952254 0.295433
0.197712 0.823383
0.566849 0.433018
0.0801426 0.142664
0.0500471 0.828103
0.695547 0.752051
0.357218 0.578682
0.788595 0.964622
0.499045 0.416823
0.337239 0.961188
0.810362 0.176321
0.63534 0.189013
0.724153 0.355621
0.858576 0.972678
0.632279 0.384722
0.635029 0.0683268
0.394288 0.832664
0.817408 0.932047
0.265689 0.971874
0.103579 0.315739
0.797066 0.78805
0.0673868 0.157292
0.375548 0.972202
0.154244 0.8744
0.389143 0.491443
0.834334 0.19862
0.671364 0.470459
0.381182 0.395929
0.826335 0.328495
0.33324 0.799522
0.4274 0.968029
0.885736 0.82158
0.808085 0.753895
0.78223 0.0665865
0.732333 0.884282
0.382328 0.531565
0.682553 0.449248
0.688841 0.058069
0.422269 0.843034
0.90026 0.831256
0.334548 0.768237
0.00329935 0.00624234
0.23934 0.384481
0.402167 0.0657576
0.716851 0.736855
0.86529 0.140254
0.70735 0.734398
0.698151 0.511616
0.493136 0.743627
0.571013 0.224242
0.629864 0.95323
0.755727 0.312223
0.403074 0.444644
0.370457 0.825043
0.287682 0.30284
0.636683 0.622767
0.0710937 0.639482
0.628408 0.310478
0.0239783 0.0305817
0.376253 0.736994
0.765741 0.241389
0.87715 0.467726
0.931026 0.861448
0.689749 0.489289
0.582402 0.545314
0.691526 0.212293
0.49832 0.447385
0.524902 0.901184
0.883341 0.900618
0.726356 0.179726
0.197607 0.362659
0.801645 0.268474
0.176879 0.454588
0.579116 0.0261342
0.461067 0.955109
0.762951 0.226696
0.196788 0.640392
0.6962 0.171406
0.479363 0.670251
0.638817 0.0618534
0.215166 0.330439
0.274133 0.71348
0.773544 0.787856
0.615486 0.670306
0.693387 0.341436
0.845155 0.884514
0.704523 0.652056
0.159633 0.706094
0.0816974 0.738708
0.731216 0.54146
0.69329 0.494896
0.769048 0.884938
0.135806 0.465612
0.0622551 0.615004
0.135807 0.701036
0.676908 0.351084
0.0318974 0.950722
0.064457 0.809262
0.750353 0.679458
0.479199 0.442898
0.0206384 0.32875
0.333907 0.72459
0.671978 0.50943
0.430728 0.0618654
0.232221 0.162995
0.604705 0.926156
0.658456 0.373915
0.816035 0.789107
0.83884 0.870456
0.409354 0.975049
0.580434 0.0860863
0.326174 0.611959
0.0370747 0.390629
0.421579 0.786683
0.0694975 0.900044
0.229531 0.0905835
0.22925 0.563375
0.81504 0.207891
0.0568491 0.245922
0.271289 0.289071
0.409131 0.875638
0.21534 0.0673151
0.249499 0.0324467
0.861506 0.0889024
0.665495 0.405891
0.0641014 0.492256
0.356824 0.390271
0.104226 0.39389
0.781385 0.525526
0.180554 0.850764
0.42603 0.410062
0.878602 0.660097
0.92967 0.766016
0.864687 0.0302868
0.00253647 0.135981
0.31936 0.411457
0.0117009 0.534684
0.478769 0.261209
0.567161 0.340334
0.350115 0.478963
0.611055 0.414245
0.857423 0.988523
0.804456 0.0754342
0.361734 0.585365
0.600694 0.542482
0.436196 0.02697
0.926225 0.408119
0.682868 0.924995
0.134243 0.546939
0.679408 0.34389
0.68291 0.275441
0.548399 0.694566
0.81005 0.0270055
0.929792 0.408276
0.367281 0.305921
0.834106 0.974462
0.722821 0.826569
0.765134 0.526046
0.899592 0.316066
0.10994 0.503732
0.848699 0.551408
0.531275 0.802273
0.553928 0.483141
0.728137 0.0580109
0.761092 0.683853
0.194795 0.442818
0.908547 0.751358
0.137442 0.769515
0.770007 0.0932658
0.146765 0.137294
0.399174 0.00290508
0.115586 0.119294
0.830258 0.0617191
0.645025 0.733332
0.369628 0.753794
0.236779 0.219668
0.299986 0.767469
0.0220737 0.223707
0.932163 0.759796
0.281736 0.740334
0.434383 0.476517
0.183163 0.393889
0.219512 0.320593
0.163325 0.986965
0.413851 0.310226
0.126811 0.812969
0.313135 0.242404
0.706155 0.319206
0.304117 0.576194
0.869624 0.67447
0.329999 0.113223
0.876072 0.646717
0.862853 0.912632
0.857934 0.856622
0.665609 0.135361
0.601474 0.100003
0.612841 0.78437
0.494359 0.83116
0.105237 0.657345
0.822428 0.520418
0.867375 0.960191
0.332116 0.280707
0.190112 0.264438
0.424125 0.494251
0.84007 0.300167
0.167908 0.170632
0.41377 0.061252
0.800442 0.294317
0.836226 0.647829
0.155639 0.642314
0.79683 0.750255
0.743003 0.402147
0.541768 0.236219
0.232817 0.647013
0.847667 0.109124
0.166131 0.861045
0.00141361 0.498206
0.14184 0.191521
0.76055 0.564701
0.685986 0.603865
0.872593 0.852979
0.773756 0.280213
0.90504 0.592547
0.575292 0.891346
0.228731 0.73038
0.53391 0.0183004
0.487522 0.276238
0.419742 0.0292904
0.512551 0.652576
0.676743 0.406046
0.707697 0.841582
0.267159 0.707666
0.34063 0.408983
0.900584 0.105608
0.914189 0.599188
0.708018 0.840628
0.438612 0.480489
0.121688 0.35351
0.0549403 0.696412
0.245103 0.283671
0.427101 0.779064
0.302034 0.914306
0.0552274 0.721693
0.934468 0.591012
0.37433 0.619973
0.60484 0.408143
0.462362 0.240815
0.784884 0.79324
0.650677 0.687921
0.889252 0.643006
0.272345 0.612802
0.466247 0.710994
0.0932672 0.587801
0.064448 0.148223
0.284244 0.309551
0.432005 0.711087
0.0885575 0.733822
0.625403 0.143803
0.455615 0.569132
0.713198 0.829106
0.189044 0.685158
0.88981 0.670628
0.886932 0.720112
0.454408 0.575824
0.386019 0.36062
0.200475 0.658354
0.80195 0.629
0.369293 0.0666817
0.254409 0.433751
0.21491 0.538638
0.743592 0.647039
0.249768 0.831841
0.380869 0.875105
0.933192 0.857599
0.444369 0.687181
0.666654 0.633853
0.372321 0.576526
0.284646 0.298293
0.275159 0.739013
0.854957 0.674997
0.0996351 0.0745305
0.319508 0.0730522
0.74233 0.689232
0.139983 0.994439
0.122557 0.354649
0.534617 0.86566
0.00141397 0.783827
0.697754 0.382261
0.659689 0.673982
0.218364 0.103233
0.360679 0.884417
0.740836 0.733841
0.460994 0.0211279
0.0311167 0.736103
0.762502 0.901338
0.397485 0.859732
0.667688 0.611882
0.88254 0.740076
0.405597 0.0725758
0.715469 0.527419
0.427231 0.250512
0.394027 0.428695
0.0343789 0.0917197
0.813316 0.689076
0.76509 0.0291649
0.796616 0.125626
0.90828 0.550408
0.847817 0.378322
0.554729 0.889308
0.110772 0.314394
0.796429 0.508835
0.174198 0.774479
0.224846 0.107019
0.495465 0.630474
0.1796 0.211699
0.158607 0.606828
0.46222 0.552661
0.0355138 0.496585
0.645254 0.845802
0.189989 0.40943
0.81291 0.971974
0.53564 0.78898
0.519729 0.393521
0.16374 0.0739625
0.283091 0.274511
0.388352 0.0778648
0.780601 0.562638
0.851066 0.0116849
0.669591 0.347825
0.638751 0.848672
0.560048 0.796347
0.45598 0.0216143
0.349097 0.491506
0.518409 0.993195
0.337858 0.708174
0.402841 0.213263
0.695745 0.936787
0.0023651 0.214512
0.331388 0.166106
0.288477 0.614479
0.440768 0.676862
0.692255 0.223222
0.239367 0.544719
0.230622 0.908903
0.892414 0.875842
0.758566 0.452726
0.664836 0.214088
0.473454 0.0139968
0.707741 0.989623
0.00741307 0.0433527
0.700524 0.410371
0.256625 0.394652
0.34814 0.25898
0.609728 0.679965
0.425271 0.897555
0.29408 0.865671
0.57463 0.986162
0.0888787 0.813768
0.531081 0.319485
0.723336 0.424039
0.18794 0.480823
0.881179 0.855031
0.694913 0.348922
0.864201 0.396992
0.340574 0.874239
0.443784 0.0403163
0.284552 0.700401
0.435093 0.632694
0.731177 0.256886
0.312194 0.384472
0.925687 0.629545
0.250177 0.516233
0.592568 0.339107
0.330058 0.123615
0.65853 0.0528087
0.547718 0.846328
0.533651 0.422477
0.699215 0.228554
0.769121 0.565444
0.62893 0.111724
0.440428 0.0727337
0.152045 0.724913
0.769161 0.586502
0.357675 0.73251
0.631799 0.67032
0.116995 0.572911
0.275992 0.367167
0.0890759 0.868482
0.70689 0.419376
0.953524 0.3667
0.472003 0.539308
0.211211 0.00563913
0.891545 0.962611
0.234168 0.732972
0.477136 0.86288
0.838608 0.911611
0.814537 0.979011
0.6432 0.7093
0.583914 0.999519
0.441502 0.214915
0.668955 0.558588
0.786852 0.934951
0.890638 0.91022
0.801175 0.628251
0.296236 0.806131
0.917157 0.787581
0.345412 0.207846
0.773739 0.307042
0.118372 0.00797016
0.0401095 0.595056
0.867189 0.883612
0.512723 0.806725
0.881567 0.154279
0.515865 0.465342
0.15405 0.957252
0.681561 0.82276
0.515866 0.468086
0.769509 0.442511
0.345059 0.58292
0.0734446 0.641203
0.38906 0.070071
0.409477 0.734485
0.277922 0.183222
0.0416147 0.396297
0.191191 0.0817248
0.579406 0.416481
0.692503 0.510745
0.876727 0.848394
0.657915 0.385292
0.313525 0.811776
0.342461 0.993706
0.636124 0.857847
0.461806 0.404161
0.299983 0.806841
0.950666 0.378895
0.448084 0.376145
0.443825 0.857309
0.110609 0.721308
0.0407066 0.152227
0.117655 0.231899
0.23395 0.109017
0.294161 0.200497
0.612544 0.163334
0.0486153 0.270405
0.548417 0.362119
0.0821886 0.890863
0.355858 0.717422
0.751373 0.805304
0.121595 0.0491368
0.624432 0.108671
0.422493 0.0725265
0.485257 0.865714
0.916228 0.616567
0.587507 0.970563
0.749883 0.705131
0.202624 0.981489
0.815886 0.497937
0.182117 0.42654
0.660032 0.230743
0.69685 0.208553
0.593687 0.778824
0.0977793 0.948801
0.497036 0.848386
0.765917 0.618147
0.874318 0.416963
0.726837 0.320356
0.463153 0.211653
0.18617 0.393184
0.809719 0.768912
0.363912 0.554755
0.478428 0.566561
0.536358 0.292376
0.0632944 0.718434
0.722936 0.72511
0.92195 0.449968
0.889044 0.557591
0.194986 0.0313145
0.490741 0.691655
0.824749 0.297266
0.309793 0.777612
0.647381 0.0365812
0.0978637 0.110546
0.248239 0.284027
0.503722 0.055327
0.0574006 0.867517
0.609762 0.536037
0.43415 0.146431
0.830284 0.498128
0.862653 0.554819
0.220935 0.814058
0.617042 0.400194
0.356059 0.157999
0.184174 0.846558
0.849556 0.0640549
0.103376 0.159299
0.849521 0.744662
0.195957 0.939536
0.861276 0.44188
0.223582 0.365035
0.499448 0.281068
0.232658 0.109524
0.817868 0.662279
0.255963 0.645203
0.164276 0.120853
0.192372 0.385167
0.660451 0.361388
0.537991 0.290997
0.31344 0.722126
0.137617 0.162939
0.785978 0.240877
0.322242 0.627863
0.714636 0.528396
0.568119 0.85284
0.9274 0.804585
0.218094 0.461686
0.0720521 0.450741
0.571714 0.88874
0.117543 0.827112
0.534189 0.28184
0.853224 0.726219
0.6677 0.882254
0.588421 0.437592
0.173939 0.195308
0.881095 0.353223
0.358311 0.713277
0.552802 0.680499
0.341164 0.544306
0.198629 0.908579
0.397353 0.160835
0.699853 0.615975
0.623641 0.77144
0.0661797 0.193726
0.660546 0.183748
0.0208897 0.194782
0.465763 0.968735
0.743029 0.279974
0.883447 0.795068
0.337544 0.02579
0.579815 0.484784
0.337352 0.356824
0.912179 0.941661
0.0373086 0.319113
0.434199 0.235909
0.227731 0.831532
0.396867 0.927124
0.446983 0.0192558
0.697855 0.512649
0.212994 0.359426
0.696807 0.233918
0.554176 0.162466
0.202792 0.475544
0.295033 0.054635
0.278819 0.632588
0.080431 0.277391
0.898919 0.411519
0.634995 0.874704
0.307712 0.671512
0.194334 0.741862
0.906594 0.418671
0.573432 0.304219
0.349222 0.0204098
0.323426 0.0480557
0.533399 0.536473
0.407482 0.230486
0.773954 0.955748
0.393063 0.972961
0.437374 0.688018
0.0276963 0.71601
0.320575 0.108139
0.493515 0.513249
0.526111 0.627681
0.0930114 0.833539
0.299162 0.287346
0.575455 0.206606
0.709314 0.148902
0.510753 0.0585652
0.169331 0.834114
0.106618 0.702843
0.370616 0.514117
0.701294 0.322874
0.475793 0.326339
0.113933 0.912864
0.014327 0.141678
0.629085 0.334964
0.249821 0.622484
0.553361 0.775637
0.25013 0.645762
0.609137 0.549448
0.584147 0.441746
0.755899 0.642559
0.333706 0.26663
0.700059 0.502508
0.100812 0.807579
0.205921 0.471421
0.321743 0.13929
0.613258 0.797243
0.465723 0.726341
0.710105 0.479717
0.861008 0.341619
0.814847 0.117783
0.941283 0.39583
0.589646 0.4442
0.0133484 0.502839
0.762816 0.94268
0.686721 0.516876
0.588896 0.0213566
0.783869 0.289822
0.524812 0.884615
0.0975385 0.730239
0.356248 0.419292
0.82518 0.957541
0.216824 0.335205
0.695535 0.926379
0.812359 0.565713
0.266977 0.630011
0.680463 0.2291
0.938932 0.603688
0.441261 0.0109353
0.0769146 0.20276
0.917475 0.777025
0.719217 0.545649
0.787702 0.504667
0.835201 0.309873
0.38906 0.933632
0.0405696 0.745139
0.353139 0.910083
0.712647 0.569581
0.245378 0.40854
0.49721 0.0605167
0.931846 0.773476
0.691114 0.652627
0.722148 0.6044
0.225955 0.434514
0.699045 0.302976
0.637906 0.656994
0.067427 0.357398
0.202777 0.853318
0.861513 0.0389406
0.163649 0.250454
0.530041 0.494028
0.949986 0.351771
0.114389 0.709278
0.87995 0.371602
0.117874 0.392755
0.420275 0.089178
0.156942 0.11081
0.741036 0.150199
0.803644 0.952689
0.58433 0.498105
0.269857 0.221968
0.154455 0.337283
0.579392 0.357241
0.190641 0.440884
0.396126 0.354278
0.691356 0.368922
0.558774 0.686979
0.695646 0.673874
0.396296 0.590037
0.0326738 0.514147
0.700902 0.480874
0.60331 0.139729
0.563785 0.344445
0.289921 0.362695
0.311489 0.874574
0.853304 0.590674
0.0965803 0.0151414
0.892008 0.69684
0.37233 0.109155
0.116831 0.768401
0.463892 0.807973
0.13725 0.0219474
0.495589 0.831532
0.695442 0.890673
0.421843 0.72752
0.40556 0.404568
0.180477 0.00889035
0.544874 0.744149
0.353451 0.834185
0.106931 0.664669
0.710709 0.965572
0.245966 0.805379
0.591298 0.428118
0.481353 0.355101
0.273612 0.598175
0.123549 0.736991
0.406337 0.260805
0.761107 0.897916
0.0925518 0.453848
0.794405 0.515143
0.181376 0.198414
0.898197 0.382924
0.207315 0.463171
0.106098 0.560583
0.297376 0.213028
0.225257 0.00619546
0.180661 0.471182
0.819548 0.162883
0.635627 0.292997
0.518931 0.909045
0.871855 0.658633
0.646279 0.297513
0.888421 0.425999
0.198704 0.995186
0.825439 0.984981
0.509728 0.0405037
0.19019 0.428614
0.402366 0.397489
0.892799 0.51122
0.552899 0.462614
0.721379 0.183347
0.195373 0.902149
0.65451 0.00695051
0.0655515 0.290142
0.299894 0.584064
0.199384 0.191009
0.226178 0.845653
0.488455 0.128994
0.250979 0.687362
0.124411 0.110083
0.679644 0.634868
0.150622 0.869214
0.062756 0.552947
0.266807 0.95453
0.0614039 0.224861
0.143701 0.782829
0.40819 0.339049
0.685016 0.0627033
0.34606 0.750555
0.35294 0.645937
0.334643 0.552228
0.833428 0.565577
0.397895 0.32536
0.690317 0.649597
0.012671 0.814135
0.760452 0.691431
0.448578 0.909322
0.56089 0.511259
0.462912 0.827762
0.465591 0.523909
0.0528154 0.609295
0.306771 0.461016
0.823171 0.99621
0.523705 0.294358
0.742751 0.874746
0.709429 0.298994
0.42903 0.777188
0.638656 0.826179
0.102499 0.327504
0.475495 0.115219
0.141677 0.23443
0.801484 0.592656
0.143947 0.368251
0.101065 0.606408
0.19621 0.566677
0.130279 0.24903
0.175995 0.437035
0.71003 0.124341
0.42881 0.233743
0.418688 0.171155
0.110285 0.358928
0.248137 0.539046
0.13608 0.88576
0.365701 0.238563
0.21343 0.841177
0.353788 0.355058
0.0756294 0.160867
0.537044 0.497874
0.529111 0.0461149
0.834033 0.718435
0.613052 0.956181
0.939714 0.801883
0.393428 0.68441
0.909254 0.85194
0.90579 0.349169
0.63783 0.355501
0.690635 0.241437
0.568091 0.826601
0.127221 0.93294
0.0653644 0.340657
0.774967 0.420096
0.696964 0.849081
0.580514 0.64117
0.0695613 0.10913
0.687482 0.89479
0.834112 0.299393
0.884999 0.802584
0.0884573 0.245108
0.493194 0.00157214
0.0727283 0.404031
0.333377 0.0604705
0.439737 0.0241088
0.301863 0.0071971
0.854334 0.424298
0.871132 0.952305
0.772941 0.712986
0.33544 0.465521
0.565163 0.91517
0.106276 0.63426
0.024525 0.793127
0.530284 0.858819
0.0928388 0.381621
0.667782 0.181309
0.626697 0.161023
0.182876 0.693932
0.572029 0.516479
0.75441 0.0120996
0.540354 0.0562804
0.0192983 0.391275
0.485642 0.959456
0.307547 0.255224
0.674914 0.643641
0.720628 0.239105
0.559019 0.826851
0.865205 0.59399
0.620201 0.40318
0.442105 0.71302
0.784747 0.109825
0.893043 0.40956
0.27084 0.0771526
0.105408 0.843152
0.594169 0.859514
0.855282 0.133761
0.886406 0.90099
0.525044 0.401566
0.852186 0.821212
0.656082 0.508197
0.475545 0.377508
0.747655 0.0339535
0.204517 0.620982
0.617763 0.824321
0.0241209 0.0589106
0.538243 0.808746
0.168739 0.43197
0.220372 0.439572
0.509127 0.325793
0.282762 0.102519
0.185622 0.138052
0.236273 0.101745
0.012611 0.761265
0.503761 0.846663
0.593846 0.160064
0.355456 0.0694137
0.537563 0.103118
0.103362 0.742037
0.727991 0.721852
0.567353 0.748142
0.779187 0.104456
0.557354 0.9477
0.537029 0.777347
0.387487 0.0455354
0.103241 0.670248
0.148063 0.288875
0.804801 0.390001
0.390797 0.820904
0.145641 0.893804
0.669853 0.73934
0.0539738 0.0232667
0.803198 0.594364
0.126375 0.912159
0.333774 0.850446
0.633327 0.899891
0.598757 0.411827
0.00485082 0.155821
0.359702 0.541277
0.886605 0.762074
0.586809 0.0365309
0.417513 0.734881
0.325403 0.225747
0.119193 0.715967
0.0466879 0.264838
0.610729 0.714629
0.00432984 0.663882
0.747343 0.816793
0.255503 0.864126
0.724995 0.588686
0.71461 0.358308
0.489486 0.31336
0.771046 0.495701
0.469167 0.1296
0.0356075 0.402459
0.860808 0.636993
0.438989 0.294232
0.357342 0.764376
0.519934 0.476488
0.480433 0.566703
0.741314 0.0903455
0.281185 0.745663
0.754236 0.0189245
0.558941 0.00968481
0.883452 0.287332
0.599256 0.598131
0.64263 0.0882521
0.900159 0.426096
0.582615 0.380276
0.542455 0.618273
0.783283 0.419916
0.240596 0.221671
0.713056 0.597996
0.494145 0.498515
0.0743652 0.466471
0.796774 0.805305
0.556802 0.0809795
0.561358 0.311106
0.0999003 0.120287
0.320749 0.98294
0.404927 0.919396
0.580665 0.0474327
0.00775915 0.491713
0.460061 0.590384
0.837522 0.0286089
0.208526 0.654623
0.42111 0.449137
0.876292 0.13428
0.0469563 0.8623
0.36743 0.12135
0.328833 0.167253
0.891335 0.926485
0.248243 0.498383
0.196698 0.348141
0.618114 0.517496
0.331096 0.0234541
0.437209 0.911612
0.0708951 0.444692
0.403493 0.530888
0.0350272 0.275433
0.533019 0.243556
0.832423 0.966272
0.694112 0.805748
0.0883934 0.739618
0.668578 0.455164
0.82145 0.989635
0.624059 0.797801
0.882261 0.874419
0.296426 0.0798862
0.219485 0.915091
0.597133 0.550814
0.787609 0.200432
0.462314 0.00943906
0.479386 0.86558
0.540102 0.51405
0.141236 0.0733504
0.757511 0.0713027
0.0838938 0.445726
0.877647 0.115874
0.189847 0.546372
0.571695 0.0508578
0.543908 0.194787
0.850969 0.424022
0.0660938 0.145336
0.507007 0.285555
0.0604304 0.104324
0.813201 0.970817
0.138578 0.298419
0.00842199 0.617499
0.164222 0.548749
0.131488 0.305459
0.622869 0.888504
0.376862 0.649596
0.33919 0.254408
0.765374 0.528219
0.800567 0.336986
0.579919 0.344755
0.531935 0.428821
0.767337 0.597402
0.574123 0.278864
0.865437 0.650177
0.383225 0.719648
0.633015 0.521486
0.0180558 0.641962
0.139246 0.18229
0.190731 0.270734
0.488223 0.812628
0.159769 0.864408
0.462413 0.498959
0.118908 0.227844
0.0270452 0.918466
0.565427 0.608164
0.264391 0.096899
0.0366586 0.0362158
0.695139 0.611402
0.315047 0.578466
0.245394 0.698191
0.298205 0.878879
0.219927 0.316189
0.520912 0.359188
0.498729 0.711713
0.630293 0.986209
0.525018 0.78949
0.83389 0.98318
0.288584 0.969599
0.214708 0.316533
0.854539 0.798617
0.681927 0.341533
0.827708 0.948197
0.189925 0.571497
0.57155 0.505231
0.14996 0.817149
0.203178 0.448083
0.69676 0.423048
0.764081 0.216938
0.782048 0.262655
0.905067 0.440642
0.248978 0.453125
0.20181 0.0996858
0.440001 0.4904
0.0693143 0.654667
0.808652 0.942302
0.434451 0.731301
0.112341 0.310967
0.692313 0.302364
0.808899 0.312882
0.807228 0.0324339
0.0813934 0.0103987
0.480919 0.777315
0.433492 0.244777
0.506103 0.511761
0.507875 0.922998
0.629015 0.756355
0.376513 0.829703
0.884235 0.810744
0.320159 0.925453
0.471006 0.127019
0.871235 0.905639
0.823497 0.988735
0.216359 0.55066
0.298715 0.0988215
0.814835 0.105956
0.131253 0.896114
0.116348 0.611756
0.673097 0.549695
0.858223 0.65427
0.765224 0.36393
0.591572 0.393565
0.119465 0.967374
0.223269 0.976719
0.783396 0.543499
0.681933 0.389133
0.671589 0.785954
0.160604 0.528703
0.782326 0.376789
0.0793627 0.0814589
0.476171 0.893968
0.187408 0.607028
0.790364 0.303647
0.2188 0.464208
0.853586 0.0753292
0.132525 0.619183
0.43946 0.724071
0.0126957 0.559895
0.691837 0.23599
0.536557 0.476164
0.779926 0.43976
0.731744 0.450281
0.225082 0.891931
0.704661 0.286431
0.268898 0.0577619
0.0892701 0.744639
0.671844 0.441369
0.351777 0.742396
0.58043 0.5709
0.206629 0.434029
0.645862 0.339205
0.053211 0.0851967
0.0632013 0.065912
0.646386 0.754903
0.30186 0.181702
0.231269 0.0811701
0.62074 0.96255
0.53136 0.84536
0.856118 0.513582
0.85336 0.123462
0.567283 0.942414
0.87009 0.523407
0.219318 0.219851
0.261452 0.799734
0.790964 0.469106
0.233792 0.43618
0.806968 0.286737
0.521817 0.870169
0.352902 0.166472
0.626133 0.655233
0.348323 0.85675
0.738161 0.965754
0.819184 0.266491
0.816059 0.669701
0.776853 0.666836
0.797165 0.342948
0.610839 0.665995
0.878254 0.8265
0.885383 0.123494
0.629941 0.676254
0.592286 0.86276
0.111925 0.398677
0.150056 0.633288
0.269054 0.502962
0.79772 0.876696
0.157718 0.147936
0.752525 0.890943
0.116594 0.570714
0.160338 0.930668
0.244723 0.936467
0.598377 0.0420587
0.279596 0.208593
0.707579 0.141679
0.0381209 0.592977
0.265192 0.667407
0.268789 0.856655
0.530482 0.380665
0.255384 0.680526
0.0139381 0.524397
0.183508 0.813676
0.418957 0.341209
0.593763 0.420607
0.234856 0.0782258
0.741704 0.39605
0.0185028 0.990329
0.331815 0.607403
0.027711 0.611399
0.824277 0.729251
0.754189 0.852604
0.328296 0.0182501
0.521728 0.597155
0.870862 0.0611951
0.636049 0.386933
0.734893 0.988717
0.655171 0.915729
0.805305 0.0736551
0.257257 0.766933
0.24394 0.492095
0.839092 0.981483
0.892278 0.861416
0.512541 0.500661
0.461523 0.998111
0.830553 0.277252
0.732464 0.582937
0.13172 0.061914
0.602532 0.653723
0.658423 0.476102
0.705727 0.637201
0.607207 0.437876
0.62821 0.261932
0.353849 0.433552
0.335527 0.611067
0.200491 0.579455
0.103159 0.0456624
0.564551 0.990359
0.895802 0.544811
0.209778 0.361466
0.533263 0.0403888
0.63904 0.266932
0.625225 0.770618
0.328795 0.226062
0.424198 0.987566
0.702945 0.129297
0.624359 0.310196
0.567096 0.252616
0.572435 0.92071
0.686565 0.906758
0.532452 0.886427
0.487123 0.635183
0.776103 0.206005
0.626585 0.831721
0.587001 0.835219
0.193613 0.119617
0.887935 0.836353
0.386514 0.499995
0.604196 0.715336
0.726038 0.0274962
0.703563 0.429141
0.156794 0.327391
0.7431 0.724899
0.579993 0.311204
0.644803 0.266169
0.218695 0.176825
0.152749 0.705655
0.811978 0.0850455
0.757662 0.438599
0.902842 0.363111
0.273192 0.110803
0.463036 0.149069
0.902416 0.882183
0.648573 0.546616
0.564861 0.375143
0.574411 0.267891
0.812186 0.725857
0.595003 0.543515
0.455101 0.175227
0.854377 0.0999336
0.441344 0.073076
0.276753 0.594098
0.778767 0.0887429
0.678294 0.535547
0.526629 0.596437
0.86337 0.809195
0.707177 0.342472
0.873262 0.646182
0.191853 0.597758
0.197557 0.75667
0.935764 0.781297
0.0245125 0.776919
0.503316 0.619831
0.320197 0.958255
0.801265 0.172991
0.0582057 0.236373
0.247648 0.334958
0.830464 0.0264252
0.423716 0.509631
0.562517 0.94991
0.105936 0.44154
0.754629 0.805876
0.786403 0.696522
0.463847 0.975523
0.296257 0.661199
0.732297 0.269134
0.43332 0.756967
0.0448324 0.935386
0.376729 0.366216
0.857848 0.184498
0.541026 0.952619
0.408391 0.788471
0.287781 0.238591
0.820817 0.705496
0.748196 0.377598
0.662644 0.853434
0.817973 0.414013
0.6675 0.602979
0.109841 0.130845
0.578249 0.406121
0.791976 0.310481
0.675067 0.225246
0.0675238 0.721164
0.161563 0.444265
0.0874084 0.0561717
0.616469 0.628663
0.0089953 0.0241364
0.416616 0.296778
0.262727 0.231461
0.008249 0.0109225
0.609221 0.670277
0.867001 0.423187
0.0812261 0.532228
0.0297315 0.191067
0.663464 0.608486
0.597171 0.455249
0.647805 0.418519
0.681855 0.984733
0.949007 0.865746
0.430342 0.0808952
0.841144 0.113662
0.709718 0.906301
0.0704976 0.125706
0.203832 0.33323
0.357167 0.212078
0.34417 0.965723
0.597983 0.42925
0.393076 0.963048
0.742047 0.423477
0.15423 0.404498
0.0306219 0.751333
0.845124 0.944755
0.0236587 0.539945
0.799836 0.184523
0.381838 0.365618
0.0980504 0.279894
0.412224 0.807173
0.186954 0.482477
0.905496 0.41898
0.815436 0.289638
0.602822 0.159849
0.255761 0.484787
0.369151 0.648744
0.447933 0.110464
0.0714083 0.602153
0.514958 0.102048
0.353525 0.374583
0.0512412 0.377184
0.796508 0.95498
0.394333 0.296372
0.352141 0.492392
0.57689 0.764014
0.299559 0.763193
0.246581 0.232365
0.153983 0.0622831
0.522937 0.756733
0.222147 0.778114
0.241618 0.591178
0.426985 0.689575
0.700856 0.49785
0.291719 0.216609
0.600859 0.645721
0.591764 0.651989
0.0224277 0.50572
0.638104 0.416781
0.814858 0.972312
0.884666 0.400148
0.754128 0.208565
0.141568 0.000856896
0.441023 0.295555
0.0612209 0.963572
0.0523886 0.285273
0.741426 0.294063
0.876443 0.168371
0.946415 0.591152
0.666597 0.275357
0.794472 0.266765
0.895787 0.409497
0.837941 0.952096
0.886626 0.568809
0.359756 0.6937
0.546673 0.268845
0.0720749 0.300958
0.477492 0.213623
0.301868 0.918477
0.509204 0.364966
0.876247 0.573121
0.650701 0.624054
0.858812 0.532128
0.794867 0.829763
0.104774 0.458427
0.114437 0.899333
0.725343 0.034958
0.285372 0.64381
0.581189 0.445763
0.20032 0.337607
0.875696 0.76012
0.606719 0.942661
0.0479531 0.0839416
0.156416 0.34977
0.00244517 0.665588
0.715331 0.883844
0.227199 0.36495
0.507823 0.0827786
0.890237 0.304234
0.808477 0.965789
0.758058 0.0363663
0.894893 0.483262
0.0713135 0.18122
0.127217 0.0492128
0.358202 0.327535
0.386816 0.228898
0.0552602 0.977012
0.171667 0.122485
0.0772002 0.328082
0.472247 0.0796571
0.557076 0.463179
0.51181 0.494306
0.551878 0.471919
0.303677 0.443545
0.771317 0.225497
0.439915 0.529625
0.261957 0.33578
0.0129792 0.33327
0.516992 0.140192
0.382683 0.875161
0.468082 0.769139
0.104099 0.542258
0.762373 0.275723
0.665717 0.839091
0.603823 0.136996
0.905486 0.61664
0.324065 0.883422
0.82033 0.861144
0.355321 0.122077
0.319421 0.126826
0.347735 0.759329
0.656815 0.610225
0.0951164 0.669356
0.925724 0.635602
0.809411 0.325221
0.487323 0.277302
0.0946702 0.591417
0.827337 0.84237
0.866705 0.484402
0.696607 0.470692
0.621761 0.616849
0.0672149 0.944816
0.50026 0.886782
0.829215 0.840771
0.00906715 0.140571
0.961386 0.365635
0.880961 0.656378
0.83797 1.01093
0.307815 0.909223
0.60714 0.117312
0.234638 0.0944816
0.394608 0.329311
0.685811 0.214199
0.186533 0.553087
0.698959 0.882749
0.0241237 0.319755
0.499882 0.0926875
0.265054 0.999719
0.609811 0.405288
0.829697 0.983414
0.226785 0.836845
0.345486 0.126646
0.475243 0.311861
0.121689 0.78293
0.221135 0.728829
0.899528 0.452578
0.823042 0.294514
0.786744 0.509831
0.509291 0.971379
0.0623176 0.207525
0.855094 0.0864462
0.527291 0.355005
0.17914 0.792275
0.354708 0.158809
0.615578 0.417108
0.147554 0.105192
0.0464546 0.493038
0.231844 0.521691
0.804656 0.353394
0.304673 0.026011
0.0823708 0.204978
0.482145 0.905463
0.499884 0.266845
0.414921 0.00894576
0.238445 0.477246
0.216474 0.0935347
0.564261 0.743667
0.448594 0.742822
0.536614 0.803102
0.898484 0.415892
0.0128162 0.0491764
0.519691 0.059265
0.542815 0.751444
0.580982 0.347162
0.105048 0.885525
0.373126 0.18743
0.0905649 0.854837
0.0931276 0.590493
0.121735 0.508054
0.599476 0.360213
0.947097 0.837278
0.453707 0.549036
0.560175 0.901939
0.291793 0.095722
0.705324 0.193422
0.510568 0.718312
0.24259 0.0299204
0.776431 0.774587
0.781158 0.358385
0.131931 0.886387
0.244133 0.505049
0.0739463 0.33474
0.359942 0.167072
0.924265 0.481022
0.674326 0.524415
0.84024 0.64579
0.340608 0.295539
0.209421 0.900286
0.197766 0.501198
0.928746 0.954531
0.693658 0.505705
0.621754 0.937065
0.536168 0.399026
0.72201 0.317746
0.758322 0.851024
0.20412 0.00162709
0.358982 0.278066
0.33643 0.718907
0.445138 0.261604
0.200596 0.120263
0.78628 0.0424417
0.780677 0.126899
0.337976 0.990075
0.0271753 0.535728
0.491282 0.0231785
0.438944 0.1859
0.529409 0.060418
0.123105 0.0655659
0.459855 0.844917
0.383174 0.216933
0.69875 0.587715
0.218558 0.0580369
0.861321 0.563807
0.77688 0.310393
0.825268 0.955338
0.430784 0.602859
0.019992 0.211448
0.729573 0.358387
0.201554 0.756865
0.862813 0.700519
0.779879 0.332516
0.876394 0.311835
0.393058 0.00182594
0.375218 0.852462
0.850058 0.754495
0.0694266 0.546005
0.345506 0.287987
0.604019 0.210897
0.831366 0.383582
0.521461 0.659463
0.358603 0.952089
0.262258 0.378555
0.163438 0.989392
0.736233 0.365749
0.748751 0.630384
0.0579361 0.528885
0.871674 0.974247
0.832437 0.358129
0.544579 0.481273
0.208428 0.785437
0.625195 0.456927
0.331448 0.317109
0.566092 0.935262
0.527993 0.408755
0.316489 0.049336
0.0681641 0.675026
0.00146589 0.330429
0.0536033 0.165037
0.322444 0.790107
0.530142 0.0712048
0.420354 0.588127
0.600127 0.383241
0.524751 0.438468
0.739438 0.463895
0.652011 0.947243
0.248677 0.623454
0.225367 0.580121
0.906316 0.807724
0.51558 0.468537
0.199984 0.832069
0.51787 0.268115
0.507031 0.519321
0.598446 0.561014
0.684911 0.920147
0.350881 0.214521
0.922917 0.789554
0.796855 0.594834
0.154413 0.327344
0.0298573 0.892457
0.792473 0.680502
0.841042 0.0392533
0.305964 0.0664123
0.619339 0.246579
0.857601 0.134984
0.715061 0.0575446
0.506345 0.485933
0.325663 0.474249
0.754149 0.920692
0.0933909 0.433483
0.834894 0.388235
0.652064 0.836658
0.157104 0.453775
0.429426 0.311505
0.781649 0.461095
0.205024 0.57169
0.142607 0.0460713
0.610986 0.448637
0.112486 0.230305
0.696911 0.968427
0.365297 0.410172
0.0276338 0.332368
0.643148 0.353347
0.801621 0.400526
0.277521 0.841581
0.832035 0.122549
0.227495 0.483213
0.933961 0.413879
0.909622 0.418474
0.699565 0.719755
0.843536 0.895917
0.289821 0.991854
0.886097 0.945135
0.440456 0.0596578
0.131035 0.135564
0.0297594 0.496313
0.545729 0.0573834
0.829086 0.193914
0.410788 0.63533
0.584589 0.68835
0.476903 0.416262
0.814766 0.699383
0.870314 0.802666
0.0889377 0.8364
0.159624 0.784995
0.554566 0.00889272
0.687393 0.843507
0.00077051 0.633303
0.74563 0.441993
0.693721 0.875281
0.577405 0.722697
0.372441 0.122533
0.779938 0.201014
0.311378 0.190794
0.832183 0.886293
0.875907 0.315846
0.311912 0.689581
0.0176889 0.211344
0.460014 0.106644
0.0478002 0.619626
0.877902 0.618183
0.628666 0.578056
0.44685 0.629336
0.211161 0.19182
0.0699815 0.903717
0.0679452 0.647337
0.626944 0.440393
0.770289 0.408113
0.6415 0.0812774
0.59768 0.478142
0.677713 0.488541
0.791081 0.288632
0.166317 0.808881
0.500225 0.626365
0.910262 0.565019
0.246018 0.807241
0.150298 0.874411
0.385109 0.597001
0.503985 0.596301
0.785704 0.575003
0.500862 0.856555
0.221735 0.127297
0.29717 0.991607
0.534574 0.938456
0.0729073 0.132128
0.416584 0.0497808
0.608826 0.207853
0.338594 0.775158
0.0166807 0.838587
0.401631 0.93222
0.386625 0.647501
0.738707 0.535731
0.521982 0.124688
0.133779 0.0258105
0.722278 0.921082
0.600162 0.221387
0.779043 0.813623
0.34865 0.0765018
0.812986 0.866798
0.0167768 0.903367
0.116303 0.439425
0.917811 0.646628
0.639568 0.274833
0.399235 0.656359
0.1134 0.80058
0.588294 0.500065
0.448121 0.328256
0.0361295 0.968485
0.452941 0.170477
0.575637 0.43838
0.0930752 0.596101
0.395455 0.872379
0.418097 0.743921
0.529334 0.503294
0.627123 0.964029
0.118041 0.641967
0.395853 0.0542817
0.265921 0.0354392
0.329106 0.665035
0.69188 0.442202
0.465686 0.280443
0.873831 0.952882
0.608904 0.978994
0.879865 0.0727299
0.149588 0.879734
0.235529 0.24264
0.476062 0.630801
0.115079 0.89382
0.374678 0.0640046
0.125539 0.00155562
0.028112 0.24358
0.643635 0.423957
0.297933 0.909398
0.459528 0.626955
0.574472 0.151182
0.0693974 0.0401834
0.431618 0.0117762
0.739577 0.249439
0.946572 0.861862
0.101951 0.140428
0.717819 0.337686
0.383068 0.193667
0.686118 0.509902
0.08763 0.342942
0.56213 0.21318
0.344502 0.590262
0.456835 0.987802
0.0142104 0.754578
0.896771 0.471837
0.381562 0.471982
0.624876 0.450954
0.512147 0.0564443
0.462718 0.466129
0.0967681 0.453588
0.304037 0.198713
0.594017 0.0217671
0.536413 0.976876
0.215441 0.504452
0.475225 0.303069
0.847388 0.0373781
0.516212 0.191901
0.627828 0.972927
0.179914 0.641859
0.727583 0.0773893
0.1155 0.109132
0.549918 0.740217
0.560071 0.0614993
0.796765 0.0228041
0.528078 0.893328
0.476843 0.831476
0.0922431 0.0704027
0.838692 0.63996
0.0474854 0.0688794
0.132891 0.522709
0.371998 0.980145
0.560594 0.88789
0.172172 0.187712
0.854687 0.35433
0.823161 0.593187
0.429626 0.944909
0.699799 0.977095
0.685322 0.25799
0.040326 0.482163
0.280739 0.567962
0.375758 0.757113
0.399655 0.46796
0.827301 0.252802
0.0963188 0.874953
0.321961 0.229266
0.397857 0.693921
0.209619 0.957774
0.582104 0.38177
0.145522 0.443217
0.736118 0.972186
0.0319497 0.163273
0.870247 0.750084
0.142092 0.605553
0.57147 0.449248
0.087722 0.268493
0.750698 0.46419
0.0256151 0.15001
0.913618 0.887702
0.403086 0.027733
0.732236 0.726458
0.257003 0.125873
0.41897 0.466573
0.083673 0.00102523
0.70841 0.339321
0.444287 0.582137
0.20428 0.476193
0.745338 0.124438
0.206016 0.88744
0.729837 0.193782
0.0698432 0.817625
0.462707 0.820027
0.281133 0.487875
0.519358 0.492122
0.341011 0.373324
0.240219 0.0691614
0.0983801 0.497224
0.195039 0.517329
0.646437 0.447495
0.518888 0.811879
0.508122 0.962379
0.394204 0.712173
0.438783 0.13947
0.824498 0.635878
0.0269055 0.566568
0.838549 0.0967683
0.38428 0.300811
0.893272 0.686249
0.785695 0.871025
0.877878 0.129692
0.260538 0.118105
0.198855 0.35892
0.615366 0.393922
0.868477 0.590289
0.672686 0.394729
0.391155 0.180484
0.35726 0.785263
0.850196 0.812522
0.875542 0.748691
0.440966 0.951468
0.295815 0.279336
0.0484096 0.680067
0.580366 0.965223
0.345497 0.368823
0.694477 0.351276
0.498503 0.113159
0.341539 0.697342
0.472284 0.95664
0.0912431 0.348323
0.536527 0.763728
0.744823 0.923676
0.739379 0.28278
0.713884 0.836189
0.877395 0.654563
0.566221 0.336937
0.589522 0.861736
0.61678 0.637697
0.542092 0.196372
0.60334 0.887251
0.565176 0.455267
0.110981 0.0636963
0.568392 0.452515
0.761049 0.0404704
0.409484 0.852227
0.388912 0.945096
0.616104 0.131709
0.866919 0.570651
0.231828 0.584634
0.3974 0.127931
0.2218 0.963601
0.46527 0.810322
0.825612 0.0810396
0.447707 0.36773
0.277394 0.0503061
0.255386 0.842562
0.505539 0.366325
0.866002 0.122383
0.819748 0.662266
0.114385 0.228059
0.519514 0.503173
0.173259 0.135752
0.634881 0.0455367
0.697131 0.865894
0.630154 0.0935928
0.950457 0.875533
0.0572027 0.459452
0.663143 0.882121
0.540477 0.110124
0.250592 0.817862
0.160437 0.505872
0.661068 0.666557
0.865989 0.576764
0.741218 0.691405
0.234131 0.854249
0.876685 0.774436
0.357436 0.0922795
0.797722 0.975708
0.13782 0.585648
0.857156 0.767233
0.68041 0.852751
0.620787 0.736306
0.313124 0.282319
0.620078 0.853153
0.392648 0.869746
0.670907 0.552852
0.375672 0.331962
0.21884 0.247856
0.817779 0.935379
0.731819 0.296677
0.820275 0.84225
0.886487 0.170433
0.91444 0.790095
0.162747 0.0879454
0.361596 0.0217729
0.855928 0.0408516
0.875161 0.474477
0.783038 0.187681
0.758908 0.397147
0.0421812 0.150595
0.266362 0.71367
0.703978 0.642605
0.0446621 0.921339
0.832236 0.92472
0.892642 0.833442
0.0771156 0.693993
0.68782 0.962757
0.847017 0.649858
0.739572 0.027203
0.72459 0.101184
0.048972 0.580521
0.14194 0.924363
0.0554606 0.918542
0.112987 0.81446
0.315844 0.155174
0.952672 0.609601
0.864959 0.666884
0.224219 0.914478
0.590867 0.114046
0.859022 0.470131
0.855318 0.970897
0.165939 0.629254
0.815649 0.139333
0.265913 0.639164
0.0509918 0.991625
0.740333 0.106569
0.5716 0.882089
0.0309771 0.627385
0.803296 0.145047
0.441901 0.117509
0.29916 0.407017
0.699631 0.167985
0.0745294 0.923557
0.082482 0.666454
0.0366533 0.940231
0.137593 0.979754
0.875871 0.306607
0.610913 0.776594
0.334828 0.875795
0.416037 0.392309
0.866319 0.156379
0.498868 0.437357
0.0387371 0.529841
0.064723 0.840321
0.672984 0.506188
0.844157 0.987036
0.891589 0.677714
0.14077 0.988087
0.581464 0.223478
0.656239 0.620024
0.16478 0.794086
0.600071 0.0420556
0.0984603 0.209985
0.820771 0.434983
0.0858062 0.234958
0.828027 0.935174
0.391333 0.324343
0.389508 0.430083
0.854176 0.45181
0.270476 0.528012
0.51114 0.486043
0.501412 0.874377
