0.434988 0.827045
0.602887 0.626037
0.481894 0.473831
0.5 0.5
0.482906 0.508054
0.478012 0.48877
0.229675 0.72992
0.504966 0.52303
0.519814 0.489314
0.59709 0.596421
0.5 0.5
0.515317 0.543863
0.507613 0.492805
0.534576 0.470239
0.434883 0.408438
0.506845 0.518498
0.518406 0.499703
0.481664 0.50166
0.436522 0.464855
0.516417 0.555276
0.514719 0.530818
0.46413 0.530134
0.552806 0.453913
0.480912 0.506322
0.491208 0.510131
0.508825 0.481884
0.436362 0.55941
0.582598 0.377486
0.482397 0.523598
0.486249 0.488716
0.519431 0.567702
0.5 0.5
0.432164 0.495289
0.519324 0.512374
0.759031 0.433288
0.445058 0.516382
0.432188 0.472603
0.496139 0.523198
0.815512 0.824052
0.5 0.5
0.480216 0.512203
0.51297 0.515133
0.516638 0.486753
0.62526 0.148661
0.492788 0.482878
0.5 0.5
0.5 0.5
0.350335 0.198729
0.490264 0.486587
0.483969 0.511148
0.481452 0.687461
0.482801 0.486026
0.425178 0.564898
0.5 0.5
0.504337 0.479513
0.401553 0.628899
0.506202 0.48027
0.257369 0.526126
0.476031 0.59345
0.602109 0.40629
0.50431 0.482196
0.5 0.5
0.528678 0.489161
0.342087 0.707635
0.48173 0.49571
0.490768 0.485449
0.492577 0.484428
0.488252 0.491403
0.41926 0.613269
0.518118 0.574087
0.548232 0.533025
0.517676 0.48384
0.623809 0.150308
0.5 0.5
0.505193 0.519737
0.416769 0.835911
0.499947 0.481316
0.324853 0.638636
0.649691 0.186363
0.489607 0.513574
0.580125 0.559853
0.522057 0.484498
0.460765 0.475936
0.603007 0.410381
0.432503 0.463447
0.488301 0.567554
0.517086 0.50863
0.5 0.5
0.321853 0.676058
0.523064 0.495141
0.483248 0.516634
0.353365 0.464197
0.50965 0.480714
0.466755 0.434655
0.482253 0.518035
0.506805 0.494921
0.683435 0.736515
0.479026 0.535848
0.5 0.5
0.460396 0.41914
0.337617 0.617919
0.480335 0.480552
0.535669 0.523265
0.495974 0.524266
0.49266 0.51423
0.478288 0.596578
0.485237 0.556593
0.48498 0.513273
0.5 0.5
0.746319 0.435156
0.488306 0.513728
0.511288 0.517557
0.518119 0.503517
0.479905 0.709399
0.483253 0.485527
0.516728 0.516751
0.496524 0.478646
0.473452 0.379339
0.543229 0.48129
0.504429 0.463026
0.507367 0.519051
0.422423 0.457206
0.538386 0.473659
0.5 0.5
0.374925 0.664568
0.183011 0.75228
0.529849 0.511716
0.50341 0.510954
0.48909 0.530002
0.488818 0.487485
0.579076 0.393075
0.614119 0.145252
0.5 0.5
0.504489 0.520587
0.482463 0.692398
0.525962 0.353423
0.562017 0.530705
0.501269 0.475937
0.503234 0.486173
0.487107 0.50776
0.521613 0.498357
0.377696 0.482752
0.545365 0.489572
0.516683 0.504935
0.45548 0.492426
0.526759 0.589792
0.52403 0.492571
0.513868 0.483227
0.492523 0.449239
0.56058 0.697967
0.513018 0.488849
0.313438 0.693291
0.621749 0.568068
0.49191 0.529967
0.525672 0.49428
0.156693 0.796762
0.43006 0.424664
0.513887 0.486814
0.522036 0.479784
0.5 0.5
0.533018 0.513819
0.5 0.5
0.767736 0.785751
0.809212 0.376536
0.32565 0.458116
0.470518 0.483433
0.557867 0.394104
0.463153 0.483633
0.387046 0.487383
0.454241 0.479067
0.57957 0.438946
0.271003 0.799329
0.559562 0.429564
0.498325 0.479466
0.669011 0.707627
0.486166 0.507638
0.482373 0.465524
0.509341 0.514571
0.478673 0.51845
0.526965 0.464324
0.485175 0.582131
0.489918 0.518066
0.480439 0.462151
0.48313 0.497086
0.508025 0.560846
0.670231 0.271758
0.624314 0.628571
0.473671 0.499804
0.474291 0.607693
0.796979 0.136043
0.652391 0.284959
0.5 0.5
0.500222 0.490133
0.487914 0.571083
0.500569 0.479694
0.504017 0.527334
0.525054 0.531482
0.53853 0.457255
0.830414 0.22245
0.51574 0.492174
0.560127 0.388624
0.520516 0.500099
0.486872 0.482409
0.5 0.5
0.484795 0.50413
0.522785 0.505702
0.4867 0.496311
0.5 0.5
0.506622 0.467818
0.462652 0.416537
0.487823 0.486291
0.778964 0.155617
0.519274 0.51944
0.388737 0.503811
0.509504 0.549579
0.510368 0.483235
0.495332 0.511122
0.495927 0.519354
0.479597 0.491576
0.407019 0.45592
0.6505 0.0713712
0.503512 0.521062
0.391789 0.515188
0.5 0.5
0.507472 0.536542
0.5 0.5
0.401697 0.907791
0.539957 0.548573
0.492638 0.513105
0.500568 0.478111
0.417288 0.487888
0.49115 0.508432
0.174135 0.796773
0.5 0.5
0.506975 0.456592
0.448504 0.473737
0.480975 0.46189
0.498641 0.519335
0.487365 0.486236
0.514734 0.496027
0.503278 0.50669
0.750505 0.738487
0.516258 0.477864
0.523833 0.479045
0.501521 0.467879
0.405847 0.557565
0.483403 0.494107
0.5 0.5
0.496311 0.549111
0.479112 0.520041
0.402656 0.457851
0.429672 0.502242
0.475481 0.468294
0.462619 0.534617
0.585133 0.539708
0.485664 0.512612
0.480832 0.499656
0.536976 0.547834
0.488898 0.503013
0.284561 0.785566
0.567194 0.430931
0.520144 0.482299
0.506537 0.518731
0.505867 0.469162
0.489554 0.574052
0.467696 0.528197
0.48367 0.50089
0.333676 0.617551
0.502483 0.48328
0.519771 0.463212
0.50063 0.480145
0.508143 0.495203
0.514724 0.503451
0.477756 0.520969
0.553345 0.48399
0.557314 0.490018
0.726785 0.524486
0.484167 0.632396
0.449269 0.547367
0.5 0.5
0.583526 0.399169
0.483233 0.467849
0.486915 0.518981
0.537374 0.552776
0.514401 0.510663
0.433456 0.564207
0.302723 0.472771
0.43173 0.547409
0.521011 0.495104
0.515913 0.507316
0.5 0.5
0.517989 0.500712
0.47034 0.492976
0.515297 0.357108
0.464322 0.497177
0.512203 0.52027
0.513801 0.450567
0.338945 0.714777
0.742695 0.746986
0.652423 0.697436
0.49767 0.48112
0.611462 0.467649
0.355089 0.207585
0.488587 0.484275
0.505639 0.535035
0.505431 0.495541
0.512173 0.507784
0.355112 0.602869
0.517287 0.504842
0.516644 0.509527
0.495221 0.482651
0.491466 0.690885
0.5 0.5
0.50096 0.480074
0.519345 0.489917
0.658775 0.70565
0.492731 0.50988
0.454766 0.530564
0.541167 0.469281
0.503012 0.479791
0.497426 0.489529
0.697558 0.594246
0.507254 0.475239
0.314596 0.687183
0.511046 0.516634
0.902422 0.102909
0.419424 0.486846
0.523486 0.502955
0.478264 0.50679
0.491602 0.484427
0.525587 0.529025
0.49438 0.443218
0.505435 0.478137
0.480133 0.509727
0.5 0.5
0.499721 0.517486
0.74599 0.391453
0.665964 0.581927
0.476793 0.445889
0.483786 0.484389
0.495503 0.510448
0.326159 0.46409
0.528269 0.414996
0.514935 0.509491
0.480077 0.504532
0.465484 0.487597
0.53134 0.538127
0.489367 0.478365
0.492611 0.575311
0.482554 0.513116
0.494659 0.536794
0.533585 0.384209
0.48571 0.498009
0.5 0.5
0.49091 0.487673
0.530577 0.514822
0.628203 0.11402
0.40991 0.470167
0.273536 0.79437
0.479826 0.518927
0.493956 0.483768
0.492053 0.483647
0.337002 0.333587
0.52196 0.492726
0.5 0.5
0.394286 0.480525
0.5 0.5
0.509026 0.485089
0.511987 0.512831
0.478603 0.501774
0.187689 0.783424
0.353716 0.623124
0.518952 0.491759
0.481485 0.47878
0.479563 0.508846
0.558321 0.550203
0.648945 0.301476
0.49101 0.564246
0.443155 0.777669
0.554009 0.405921
0.5 0.5
0.570546 0.561281
0.454142 0.521641
0.44841 0.395317
0.470588 0.394269
0.488059 0.528843
0.461022 0.497537
0.397306 0.274571
0.5 0.5
0.505729 0.490752
0.509346 0.478056
0.253924 0.535918
0.448618 0.499351
0.493003 0.524248
0.479784 0.512696
0.514015 0.510803
0.514127 0.484063
0.427479 0.794436
0.513649 0.474738
0.510834 0.48649
0.520164 0.508828
0.605883 0.173234
0.204675 0.0630163
0.389724 0.380516
0.488506 0.515503
0.501371 0.479866
0.48083 0.493817
0.610035 0.606789
0.505166 0.482223
0.492094 0.481809
0.493533 0.623895
0.485502 0.479062
0.782301 0.382119
0.388147 0.525127
0.493687 0.48861
0.497955 0.525497
0.497944 0.480568
0.479076 0.500496
0.491348 0.469756
0.484088 0.576529
0.519433 0.530897
0.477625 0.504344
0.481012 0.470329
0.279551 0.527119
0.482148 0.567177
0.306713 0.761883
0.535322 0.447829
0.336427 0.547548
0.49795 0.490298
0.432444 0.494469
0.492153 0.517078
0.439799 0.808604
0.480807 0.492942
0.488318 0.514671
0.550949 0.445552
0.483503 0.41432
0.496505 0.519976
0.515438 0.495814
0.712695 0.759445
0.463147 0.495193
0.51675 0.470998
0.420038 0.499014
0.510843 0.475118
0.147888 0.823377
0.504857 0.516149
0.486607 0.61231
0.511971 0.524637
0.493485 0.475371
0.513077 0.48417
0.570722 0.714125
0.484002 0.470983
0.372615 0.495629
0.49558 0.526715
0.264295 0.462444
0.513097 0.484191
0.504026 0.468423
0.488442 0.631702
0.517161 0.557906
0.384865 0.587795
0.523684 0.4538
0.478556 0.494029
0.452295 0.532842
0.448264 0.543884
0.736888 0.394862
0.543883 0.484692
0.29082 0.778291
0.516206 0.456946
0.514837 0.474213
0.343812 0.476493
0.48306 0.503653
0.48483 0.494487
0.518701 0.494969
0.253984 0.464424
0.588057 0.459426
0.496259 0.519087
0.50206 0.522479
0.5 0.5
0.502532 0.467367
0.465812 0.52497
0.467837 0.629676
0.495287 0.481017
0.531613 0.519901
0.541432 0.486489
0.512883 0.51239
0.543579 0.472479
0.495406 0.459605
0.528545 0.482792
0.496008 0.571344
0.561987 0.454541
0.400945 0.583445
0.52056 0.49498
0.485028 0.4787
0.474783 0.485432
0.338662 0.481534
0.472526 0.510473
0.47744 0.411656
0.491516 0.475363
0.525894 0.497942
0.520042 0.496871
0.49773 0.475983
0.372708 0.428689
0.481137 0.489067
0.522682 0.486847
0.503825 0.446231
0.438208 0.498032
0.33133 0.474983
0.236685 0.723716
0.494189 0.449638
0.432671 0.501867
0.490186 0.51094
0.592651 0.40848
0.521693 0.489863
0.493511 0.493335
0.485832 0.497934
0.48979 0.487244
0.336043 0.495098
0.574344 0.564964
0.437591 0.470538
0.66153 0.63613
0.511919 0.450673
0.371172 0.592729
0.530436 0.440944
0.5 0.5
0.512471 0.503776
0.527167 0.380222
0.4022 0.501302
0.514678 0.515161
0.480841 0.65674
0.585155 0.37843
0.511977 0.469045
0.494567 0.513442
0.490939 0.478948
0.679373 0.69976
0.473859 0.514167
0.485977 0.519871
0.525277 0.518742
0.438852 0.434772
0.480635 0.501838
0.481425 0.511672
0.479256 0.657176
0.487968 0.515634
0.35947 0.476447
0.623975 0.590321
0.433649 0.488718
0.790285 0.221397
0.48807 0.524109
0.893601 0.131904
0.521269 0.5437
0.521743 0.481869
0.484558 0.485189
0.0903491 0.85189
0.411659 0.454862
0.49247 0.501276
0.512747 0.502679
0.525283 0.493853
0.441265 0.554325
0.515031 0.511234
0.483523 0.502214
0.488352 0.50941
0.494725 0.535132
0.515233 0.49592
0.560757 0.577644
0.5 0.5
0.492673 0.529774
0.46012 0.720329
0.451086 0.491909
0.645469 0.185671
0.759365 0.731275
0.500469 0.514336
0.344015 0.415033
0.463905 0.447355
0.325696 0.467681
0.482303 0.589195
0.484091 0.51237
0.489461 0.523396
0.4927 0.458624
0.552143 0.452108
0.378614 0.656813
0.5 0.5
0.644724 0.571762
0.45962 0.676503
0.521286 0.487477
0.109053 0.862056
0.683419 0.418392
0.5 0.5
0.512652 0.591895
0.186451 0.773525
0.479752 0.515623
0.527855 0.566348
0.5 0.5
0.525482 0.492123
0.488269 0.495858
0.52452 0.490612
0.51057 0.527338
0.326847 0.476953
0.471574 0.498755
0.399411 0.523008
0.558237 0.465813
0.511775 0.502246
0.630679 0.187895
0.509898 0.420866
0.481414 0.516463
0.438091 0.5039
0.385 0.581465
0.485877 0.506918
0.572214 0.398753
0.514409 0.499681
0.585744 0.458819
0.483214 0.520453
0.5 0.5
0.283146 0.466766
0.48737 0.488813
0.498892 0.490626
0.524778 0.495968
0.51599 0.513238
0.487859 0.566976
0.49163 0.473762
0.507482 0.48128
0.103716 0.827687
0.507146 0.486806
0.266641 0.152885
0.563825 0.832134
0.494555 0.481613
0.440516 0.50721
0.505236 0.483818
0.482367 0.495718
0.517397 0.512586
0.487197 0.491343
0.47992 0.5075
0.486256 0.481989
0.713788 0.528747
0.506545 0.51917
0.502441 0.482647
0.44004 0.409217
0.5 0.5
0.512011 0.484716
0.486381 0.493055
0.478518 0.500706
0.517604 0.512023
0.475591 0.523776
0.644554 0.430302
0.5 0.5
0.5 0.5
0.480679 0.669942
0.423575 0.483076
0.492142 0.523902
0.479755 0.496389
0.475808 0.441101
0.552841 0.486593
0.167819 0.798996
0.5 0.5
0.5029 0.51854
0.540873 0.444029
0.480233 0.488549
0.49711 0.511224
0.514829 0.486864
0.612282 0.155507
0.487913 0.488783
0.652007 0.699747
0.480105 0.511946
0.475573 0.481623
0.518891 0.45475
0.152638 0.807632
0.493302 0.565596
0.431181 0.472968
0.515272 0.51629
0.116289 0.806567
0.634579 0.587771
0.512235 0.516857
0.524508 0.505802
0.514344 0.482678
0.483498 0.493532
0.28654 0.697202
0.51527 0.515556
0.516107 0.485474
0.49255 0.508815
0.506095 0.479076
0.515447 0.512422
0.5 0.5
0.502655 0.525139
0.5 0.5
0.518089 0.488789
0.516791 0.491373
0.721267 0.607417
0.494305 0.517206
0.485624 0.528673
0.523445 0.476942
0.673411 0.718047
0.489044 0.517717
0.520998 0.49197
0.521868 0.506395
0.547042 0.441191
0.340967 0.180068
0.330241 0.408268
0.547794 0.557518
0.487008 0.515115
0.5 0.5
0.648033 0.359498
0.48412 0.593459
0.531191 0.579744
0.506305 0.520227
0.506102 0.446578
0.474705 0.496016
0.445539 0.479679
0.479389 0.681271
0.535258 0.527605
0.500927 0.488582
0.484132 0.494346
0.489564 0.506244
0.517031 0.567223
0.486553 0.481474
0.502074 0.507668
0.489474 0.493472
0.498469 0.478283
0.477879 0.484693
0.491812 0.494357
0.47886 0.489753
0.736083 0.586276
0.444273 0.750721
0.550207 0.557626
0.545305 0.538249
0.681727 0.569505
0.531307 0.597283
0.572479 0.482377
0.490395 0.517143
0.493505 0.482923
0.518273 0.490258
0.71285 0.573069
0.526579 0.469576
0.479325 0.493129
0.5 0.5
0.493347 0.492204
0.50696 0.461081
0.51577 0.446225
0.511404 0.494623
0.5 0.5
0.461214 0.535654
0.515878 0.484242
0.624692 0.126463
0.518544 0.488562
0.478695 0.405074
0.154937 0.776588
0.622857 0.663206
0.513193 0.508891
0.47104 0.518312
0.474692 0.497389
0.444894 0.500582
0.688197 0.269464
0.507128 0.476405
0.300779 0.520888
0.484968 0.503592
0.465212 0.451165
0.650796 0.461202
0.5 0.5
0.518867 0.370873
0.461777 0.630745
0.559142 0.400898
0.497641 0.521702
0.513221 0.490674
0.531047 0.483921
0.663187 0.669926
0.511709 0.487243
0.499356 0.464703
0.460409 0.697849
0.479643 0.495544
0.510796 0.515682
0.649818 0.574411
0.48745 0.516744
0.518094 0.518689
0.455212 0.508136
0.614275 0.570894
0.483981 0.496238
0.373006 0.43004
0.519316 0.465479
0.558787 0.439137
0.489921 0.487096
0.476289 0.59647
0.693068 0.654715
0.448569 0.46396
0.494201 0.482163
0.516524 0.49099
0.498331 0.477115
0.702377 0.578716
0.488485 0.61913
0.51461 0.504249
0.486083 0.516807
0.479237 0.620703
0.495014 0.513928
0.499327 0.476631
0.734958 0.711868
0.508063 0.515057
0.506186 0.512128
0.48074 0.48639
0.534931 0.499436
0.507187 0.506042
0.495854 0.504184
0.470547 0.501118
0.480072 0.50536
0.502193 0.518117
0.22415 0.749579
0.33158 0.469023
0.503615 0.47726
0.499151 0.490841
0.465791 0.492328
0.471941 0.688775
0.44864 0.42095
0.428638 0.50392
0.518817 0.519437
0.536398 0.503554
0.370243 0.673226
0.516711 0.487374
0.400926 0.44804
0.493749 0.559552
0.496226 0.478298
0.348334 0.517051
0.441495 0.4777
0.801187 0.197796
0.503237 0.498521
0.483806 0.662971
0.525943 0.535587
0.531981 0.399531
0.803936 0.819936
0.509862 0.504071
0.51135 0.475087
0.489203 0.508324
0.490484 0.48689
0.440037 0.435394
0.470029 0.526548
0.444827 0.549175
0.698979 0.441278
0.504787 0.512088
0.530934 0.442582
0.392841 0.493744
0.501461 0.514051
0.499717 0.478414
0.438273 0.770716
0.47828 0.492852
0.499341 0.528635
0.343979 0.477619
0.511119 0.507211
0.498509 0.473033
0.503102 0.517546
0.482097 0.721416
0.5 0.5
0.516726 0.572909
0.227405 0.717551
0.51841 0.509491
0.39083 0.633208
0.5 0.5
0.509237 0.518532
0.519078 0.494805
0.465828 0.484234
0.471207 0.457282
0.485113 0.49449
0.477673 0.50088
0.510506 0.507933
0.487692 0.48063
0.411216 0.404202
0.516567 0.487037
0.520333 0.511033
0.337217 0.639469
0.460336 0.432226
0.495869 0.508441
0.5 0.5
0.393253 0.477767
0.5 0.5
0.486406 0.498763
0.471742 0.500631
0.476359 0.672409
0.480444 0.506059
0.400446 0.458392
0.5 0.5
0.501589 0.52136
0.489935 0.488592
0.332724 0.718611
0.532794 0.490967
0.522131 0.495281
0.488401 0.482424
0.526334 0.449801
0.511034 0.501807
0.508687 0.527024
0.527622 0.414315
0.491511 0.470912
0.516641 0.513825
0.504819 0.515359
0.518237 0.465358
0.536838 0.507565
0.511498 0.490109
0.453033 0.39443
0.516204 0.491472
0.517346 0.505754
0.645725 0.686562
0.652991 0.163014
0.464205 0.481221
0.479756 0.512698
0.50932 0.499843
0.577341 0.479853
0.468735 0.399548
0.497246 0.524564
0.490457 0.493832
0.485303 0.68415
0.438313 0.429805
0.451875 0.447377
0.478515 0.503768
0.49178 0.477245
0.461818 0.495099
0.521212 0.519999
0.386305 0.493613
0.468167 0.496847
0.503512 0.514794
0.42891 0.503843
0.525566 0.497518
0.519744 0.488464
0.522331 0.403245
0.443683 0.539346
0.487026 0.579487
0.505768 0.532807
0.5 0.5
0.51537 0.489764
0.483989 0.478357
0.491583 0.485974
0.506754 0.518314
0.485532 0.539527
0.325827 0.474013
0.498337 0.521571
0.52347 0.502929
0.494846 0.52055
0.521328 0.500184
0.37038 0.493201
0.479554 0.394002
0.253479 0.727236
0.371784 0.473672
0.506033 0.547797
0.491875 0.499284
0.502193 0.505044
0.528862 0.472318
0.52388 0.484839
0.520032 0.479094
0.29978 0.763278
0.512876 0.470399
0.516472 0.504645
0.5 0.5
0.413955 0.612458
0.504494 0.489517
0.507632 0.495995
0.536429 0.459077
0.479809 0.505475
0.48052 0.505739
0.544555 0.731334
0.524515 0.421446
0.489378 0.489777
0.472574 0.449171
0.581528 0.392641
0.504729 0.536132
0.166841 0.794313
0.472241 0.623103
0.47552 0.50928
0.589241 0.51226
0.475718 0.496056
0.614964 0.596277
0.560071 0.390101
0.384187 0.373871
0.740707 0.26103
0.474031 0.496761
0.475624 0.500571
0.544986 0.456436
0.50362 0.526925
0.501747 0.4924
0.321815 0.73236
0.49009 0.498177
0.642362 0.605959
0.476161 0.507334
0.309497 0.749038
0.49222 0.505663
0.5 0.5
0.417268 0.504794
0.521784 0.484561
0.482901 0.497972
0.488694 0.511965
0.486255 0.504881
0.479411 0.482939
0.501518 0.523495
0.519989 0.50601
0.516597 0.496176
0.527791 0.471835
0.516286 0.497903
0.5 0.5
0.520887 0.49898
0.49783 0.405529
0.542338 0.412632
0.520744 0.534421
0.521155 0.480681
0.496285 0.50786
0.495218 0.517292
0.504068 0.477847
0.561653 0.709634
0.467079 0.52724
0.517005 0.407886
0.50992 0.487954
0.5 0.5
0.507275 0.506698
0.484494 0.596064
0.5 0.5
0.559516 0.555131
0.447004 0.500986
0.414166 0.312384
0.48052 0.504161
0.590254 0.5711
0.5 0.5
0.527969 0.529203
0.50197 0.490977
0.561462 0.679155
0.495436 0.519944
0.472978 0.502071
0.492988 0.499142
0.510468 0.484765
0.509735 0.532091
0.461876 0.540642
0.510534 0.482966
0.592329 0.456695
0.539099 0.350573
0.465319 0.683181
0.525311 0.459299
0.501786 0.511323
0.505298 0.48122
0.401624 0.46689
0.496558 0.535934
0.351633 0.610993
0.311756 0.472054
0.478743 0.505643
0.465428 0.491412
0.31719 0.53311
0.513941 0.504641
0.514923 0.498678
0.515449 0.508813
0.533549 0.460991
0.525538 0.466381
0.510669 0.515418
0.499765 0.476573
0.598622 0.453911
0.499967 0.477917
0.583829 0.564726
0.495902 0.481149
0.464477 0.442594
0.492183 0.490002
0.575586 0.487606
0.512261 0.485266
0.484499 0.496834
0.478032 0.490884
0.513991 0.496273
0.5 0.5
0.519196 0.50969
0.550211 0.484801
0.489451 0.495128
0.593004 0.403384
0.507866 0.481422
0.416316 0.504413
0.545896 0.412713
0.494374 0.529019
0.525704 0.597201
0.454527 0.488489
0.476209 0.45245
0.594907 0.425556
0.546617 0.45551
0.52068 0.505514
0.5052 0.547608
0.243636 0.718482
0.478532 0.497659
0.319275 0.667611
0.406636 0.90145
0.519001 0.501991
0.603311 0.451854
0.482856 0.486593
0.537654 0.452322
0.522575 0.422346
0.307431 0.677539
0.714704 0.524271
0.273452 0.497605
0.497618 0.507356
0.607205 0.609552
0.499305 0.489652
0.579784 0.480668
0.5 0.5
0.476284 0.440476
0.531022 0.598614
0.469509 0.511568
0.540188 0.476771
0.5 0.5
0.514435 0.542401
0.599751 0.365555
0.153886 0.791968
0.259105 0.711825
0.489702 0.467619
0.481169 0.490305
0.457322 0.499222
0.415153 0.498898
0.48351 0.497181
0.514567 0.530863
0.494494 0.486386
0.524097 0.486975
0.446576 0.453085
0.504311 0.490561
0.476121 0.483108
0.515732 0.495125
0.664707 0.52417
0.476367 0.519138
0.478938 0.469836
0.66554 0.702237
0.505035 0.462977
0.517521 0.4911
0.504436 0.496477
0.268738 0.748014
0.48233 0.471151
0.609052 0.190833
0.497771 0.480133
0.508314 0.510139
0.529693 0.509917
0.619593 0.126872
0.480632 0.49703
0.31997 0.400786
0.544148 0.482618
0.432961 0.464868
0.512034 0.498703
0.505902 0.496521
0.475136 0.493999
0.503626 0.487085
0.5 0.5
0.156463 0.785488
0.511874 0.515513
0.601572 0.47516
0.439084 0.472354
0.688126 0.308285
0.544603 0.504436
0.501614 0.512487
0.508672 0.524323
0.537116 0.618273
0.486013 0.557758
0.454486 0.435664
0.51376 0.459087
0.42969 0.481293
0.514844 0.512849
0.518547 0.437153
0.514615 0.51899
0.522244 0.495985
0.501545 0.552266
0.522904 0.491294
0.38673 0.495277
0.491336 0.472696
0.096551 0.837767
0.491451 0.539921
0.481007 0.493567
0.505539 0.51454
0.500258 0.487195
0.506771 0.503332
0.483118 0.57323
0.654479 0.0848312
0.477017 0.492674
0.507945 0.482615
0.563277 0.561846
0.46356 0.486054
0.701709 0.738975
0.23999 0.743512
0.509927 0.512203
0.49036 0.506288
0.492863 0.516531
0.492232 0.484698
0.485545 0.495723
0.478382 0.436623
0.468841 0.444841
0.484902 0.505694
0.404865 0.446207
0.523984 0.429831
0.491703 0.51084
0.47933 0.513488
0.573404 0.447908
0.614891 0.472219
0.333374 0.723974
0.529668 0.494599
0.503272 0.510595
0.537558 0.50484
0.55548 0.5658
0.481097 0.498814
0.502087 0.519652
0.626522 0.321056
0.629163 0.436736
0.571495 0.573956
0.5 0.5
0.490764 0.519837
0.494088 0.518903
0.562534 0.41951
0.472185 0.518456
0.482221 0.484535
0.503025 0.542873
0.480006 0.509428
0.514218 0.496063
0.515638 0.485827
0.483722 0.39836
0.572989 0.419508
0.418565 0.456446
0.495338 0.52602
0.510511 0.520736
0.518804 0.504639
0.486895 0.512617
0.479802 0.62387
0.505439 0.495315
0.524654 0.490006
0.521151 0.486913
0.46021 0.507417
0.477843 0.503075
0.515395 0.511986
0.505473 0.519979
0.490241 0.475887
0.5 0.5
0.49718 0.484001
0.514855 0.509891
0.442977 0.510979
0.761625 0.167428
0.49717 0.482483
0.481229 0.503709
0.577762 0.566696
0.47841 0.677098
0.494773 0.438081
0.392783 0.573628
0.565177 0.546893
0.675309 0.722966
0.512227 0.491618
0.590846 0.573898
0.482658 0.495194
0.492708 0.513312
0.472911 0.499901
0.505508 0.459029
0.631373 0.469378
0.350119 0.646713
0.504233 0.410778
0.680794 0.454485
0.470501 0.489184
0.52132 0.498751
0.515243 0.495072
0.451517 0.501762
0.500467 0.516217
0.468901 0.636447
0.525715 0.43416
0.545629 0.38343
0.280436 0.701366
0.545291 0.426464
0.491435 0.471629
0.491035 0.483419
0.569165 0.585775
0.481545 0.488781
0.486378 0.486725
0.530833 0.478949
0.170662 0.777082
0.517031 0.515058
0.49974 0.508306
0.402584 0.510857
0.488155 0.610679
0.484085 0.463908
0.804093 0.811402
0.455341 0.678389
0.546045 0.439861
0.466578 0.463067
0.395699 0.548186
0.382177 0.656588
0.485309 0.480818
0.458884 0.494012
0.605663 0.634398
0.509822 0.501817
0.5 0.5
0.517713 0.48675
0.888513 0.122821
0.487112 0.506399
0.737738 0.736672
0.498053 0.498197
0.579565 0.597508
0.524067 0.491014
0.678076 0.661519
0.503459 0.486171
0.497508 0.542669
0.512324 0.509737
0.491045 0.508558
0.507733 0.479533
0.141761 0.789587
0.5 0.5
0.533689 0.383759
0.49657 0.491163
0.479164 0.443349
0.508515 0.520578
0.813141 0.389035
0.721355 0.516466
0.426477 0.507462
0.359742 0.6301
0.432651 0.546302
0.5 0.5
0.518942 0.507306
0.493896 0.507028
0.309788 0.54158
0.472588 0.501417
0.509908 0.511345
0.51701 0.492168
0.511211 0.521471
0.526353 0.413162
0.509894 0.48304
0.50237 0.501654
0.525504 0.48598
0.450344 0.550886
0.528015 0.482174
0.49945 0.511544
0.509972 0.495322
0.484733 0.478412
0.436603 0.558228
0.52403 0.374309
0.514299 0.484844
0.510644 0.507929
0.269711 0.495187
0.493131 0.496166
0.492632 0.510873
0.477862 0.646637
0.125005 0.84503
0.511553 0.512521
0.477315 0.475102
0.557988 0.424262
0.46101 0.697454
0.491312 0.49483
0.726353 0.589715
0.479768 0.655944
0.527519 0.44019
0.443876 0.451713
0.484588 0.504545
0.499939 0.520537
0.358089 0.347607
0.601104 0.45603
0.497405 0.484251
0.492344 0.497452
0.5037 0.51314
0.48402 0.498105
0.537165 0.433633
0.501127 0.481909
0.267653 0.519095
0.407657 0.876416
0.414609 0.574859
0.584782 0.561971
0.567891 0.411327
0.570708 0.481104
0.516902 0.45095
0.311189 0.747704
0.46947 0.442926
0.482846 0.475593
0.470139 0.430175
0.546086 0.52483
0.521318 0.489931
0.453594 0.449651
0.512204 0.517857
0.357153 0.208946
0.510399 0.511425
0.489822 0.511838
0.484879 0.500821
0.511533 0.483314
0.531133 0.4921
0.549008 0.529031
0.441425 0.757936
0.495648 0.48129
0.501419 0.502561
0.773694 0.381242
0.504929 0.490754
0.521122 0.493039
0.496765 0.514157
0.793981 0.128689
0.468886 0.478738
0.410374 0.497083
0.492386 0.507233
0.465563 0.496968
0.50157 0.513674
0.545758 0.358382
0.528786 0.447335
0.515537 0.443686
0.504697 0.480546
0.532521 0.472865
0.491933 0.518778
0.519855 0.419324
0.499696 0.500035
0.491332 0.483401
0.471025 0.504293
0.543806 0.369252
0.493879 0.486711
0.512132 0.527164
0.5 0.5
0.468609 0.477153
0.522491 0.537217
0.474661 0.5099
0.473262 0.588981
0.524582 0.502696
0.404997 0.476882
0.538769 0.496227
0.319608 0.474768
0.515233 0.507983
0.506922 0.514753
0.5 0.5
0.505525 0.497916
0.42452 0.49358
0.5051 0.524676
0.481301 0.491141
0.37142 0.515267
0.50933 0.417676
0.486573 0.526001
0.566127 0.54556
0.489762 0.487745
0.457235 0.725097
0.493112 0.509148
0.475253 0.474435
0.530091 0.46097
0.552848 0.671027
0.544525 0.499877
0.810552 0.397237
0.351849 0.695767
0.550903 0.519182
0.499733 0.520801
0.5 0.5
0.48507 0.502637
0.484437 0.490251
0.2625 0.811995
0.51271 0.502584
0.490952 0.408244
0.507135 0.501733
0.59774 0.2335
0.549443 0.442111
0.468795 0.429477
0.433101 0.358147
0.601984 0.360591
0.512958 0.511162
0.491636 0.490831
0.498789 0.488945
0.485327 0.499641
0.522331 0.425076
0.488291 0.487906
0.478728 0.485225
0.526684 0.417864
0.448101 0.548451
0.484954 0.490926
0.505902 0.501638
0.742584 0.190638
0.535985 0.396954
0.266816 0.794063
0.461786 0.555842
0.387056 0.594122
0.49402 0.507736
0.451752 0.493607
0.523634 0.512184
0.519623 0.499279
0.53097 0.498226
0.4605 0.478797
0.247141 0.515293
0.521383 0.471428
0.499213 0.488155
0.672561 0.338623
0.481116 0.495309
0.124192 0.802199
0.507739 0.51171
0.542189 0.445888
0.237139 0.753159
0.511839 0.497821
0.500276 0.479834
0.518199 0.493077
0.508136 0.512007
0.478805 0.530288
0.492163 0.502727
0.494601 0.521528
0.480012 0.49467
0.719906 0.536062
0.503718 0.510631
0.486888 0.578423
0.50124 0.538095
0.602542 0.407177
0.539184 0.495379
0.532265 0.579132
0.402404 0.498854
0.623125 0.471181
0.525542 0.449896
0.505542 0.492597
0.50456 0.517446
0.5128 0.491622
0.48153 0.460756
0.550371 0.474214
0.51273 0.508606
0.769933 0.165349
0.496991 0.49888
0.521843 0.495552
0.48198 0.504545
0.499696 0.519895
0.483614 0.483076
0.597815 0.404088
0.489447 0.486769
0.667437 0.613139
0.511013 0.4801
0.504137 0.513584
0.505718 0.475281
0.526329 0.470826
0.488184 0.49372
0.666569 0.602439
0.633002 0.568293
0.519239 0.506814
0.5 0.5
0.528538 0.587469
0.414552 0.521419
0.556421 0.415671
0.494171 0.497533
0.530546 0.457403
0.609518 0.470885
0.519032 0.48519
0.614528 0.121459
0.492088 0.515958
0.469214 0.539925
0.407145 0.450425
0.468484 0.451898
0.311413 0.674765
0.681576 0.74054
0.560006 0.542876
0.518714 0.506791
0.526589 0.506806
0.445617 0.489408
0.521127 0.490171
0.48909 0.484306
0.484981 0.506497
0.515225 0.50264
0.275866 0.523865
0.533324 0.460055
0.484815 0.548534
0.467773 0.526755
0.37611 0.510425
0.508514 0.487903
0.487744 0.514992
0.485925 0.502325
0.323792 0.531364
0.504491 0.495453
0.487145 0.492755
0.376906 0.248214
0.421417 0.572791
0.502259 0.482627
0.487623 0.489362
0.503314 0.478825
0.29323 0.664226
0.496732 0.493791
0.50619 0.49744
0.502792 0.509353
0.499901 0.477607
0.359907 0.455943
0.489484 0.475086
0.495006 0.506472
0.5 0.5
0.519396 0.495962
0.485742 0.516429
0.489812 0.498581
0.525521 0.568367
0.488827 0.474473
0.473973 0.414226
0.537839 0.482333
0.26385 0.716941
0.722219 0.723357
0.495152 0.513226
0.528383 0.47433
0.480643 0.514993
0.634567 0.568456
0.487544 0.477657
0.454977 0.488373
0.428636 0.483555
0.558143 0.463982
0.122011 0.844237
0.526401 0.491096
0.631898 0.628342
0.51854 0.463681
0.372228 0.513414
0.546878 0.438022
0.50679 0.487115
0.163084 0.767855
0.493339 0.485628
0.479031 0.497642
0.522674 0.499387
0.348456 0.181449
0.50389 0.490555
0.475553 0.545282
0.524671 0.446632
0.495149 0.482864
0.53498 0.534525
0.479891 0.581331
0.516308 0.483307
0.513392 0.484518
0.544724 0.560562
0.446225 0.440404
0.489042 0.497753
0.453135 0.495275
0.495314 0.502874
0.490416 0.515581
0.479038 0.508804
0.660365 0.615585
0.527215 0.466192
0.397073 0.473897
0.52093 0.515745
0.494669 0.494611
0.331035 0.539868
0.481916 0.469658
0.661681 0.285246
0.333933 0.483122
0.525848 0.493328
0.527246 0.42891
0.476527 0.497426
0.51079 0.500487
0.487481 0.517769
0.407626 0.298616
0.509358 0.470186
0.589189 0.539439
0.472564 0.442585
0.489896 0.488998
0.473499 0.38253
0.527815 0.503312
0.517467 0.479942
0.624833 0.546106
0.476339 0.568194
0.464692 0.48931
0.417605 0.546997
0.494032 0.594737
0.508781 0.508371
0.520312 0.460913
0.482299 0.532076
0.4881 0.511316
0.51321 0.495769
0.470132 0.491022
0.391641 0.270257
0.46923 0.522179
0.493788 0.483776
0.489288 0.421014
0.362052 0.343462
0.656595 0.515788
0.217737 0.727783
0.581589 0.462502
0.4853 0.467712
0.473634 0.515582
0.439676 0.56042
0.515115 0.523247
0.503235 0.438434
0.448879 0.50275
0.521775 0.487221
0.593214 0.616117
0.488788 0.556079
0.562057 0.712809
0.86448 0.154653
0.474569 0.483923
0.30401 0.770697
0.563018 0.412763
0.687979 0.574145
0.53605 0.337051
0.500096 0.521859
0.39566 0.44319
0.495669 0.481162
0.442355 0.542867
0.405671 0.511764
0.515833 0.501625
0.542917 0.456186
0.594035 0.435573
0.459027 0.477243
0.457379 0.543911
0.446349 0.476698
0.417217 0.487833
0.476214 0.546031
0.556327 0.420447
0.480053 0.364096
0.502761 0.489239
0.513244 0.512136
0.509704 0.502796
0.504363 0.522233
0.223866 0.752828
0.507789 0.515117
0.526262 0.472983
0.576419 0.415709
0.493245 0.524766
0.494265 0.529228
0.52614 0.630924
0.370295 0.60892
0.484231 0.530636
0.504663 0.452049
0.488176 0.489957
0.514348 0.432999
0.498153 0.488699
0.535126 0.436675
0.529345 0.46791
0.165362 0.787166
0.296432 0.471578
0.492721 0.49709
0.483847 0.50423
0.479865 0.510559
0.497907 0.533654
0.47767 0.46157
0.552155 0.499934
0.494262 0.507956
0.450778 0.470401
0.540238 0.631249
0.361419 0.206286
0.492733 0.527625
0.515438 0.559385
0.603742 0.456145
0.365105 0.668056
0.430182 0.423057
0.494134 0.480023
0.481827 0.500158
0.496004 0.43918
0.504061 0.536759
0.474341 0.49881
0.5 0.5
0.515388 0.519434
0.510561 0.524679
0.347123 0.656843
0.370677 0.452102
0.398429 0.483014
0.452825 0.511701
0.467768 0.462232
0.670249 0.447428
0.908909 0.121616
0.570402 0.377165
0.490055 0.516069
0.5 0.5
0.635074 0.631138
0.482849 0.505431
0.591438 0.236953
0.194052 0.743423
0.544555 0.496944
0.318522 0.738609
0.427347 0.482726
0.520421 0.516119
0.52458 0.50192
0.591881 0.389988
0.481879 0.54799
0.494711 0.491942
0.491883 0.489436
0.531571 0.498478
0.509845 0.501674
0.487099 0.5171
0.494735 0.507318
0.559215 0.714054
0.482994 0.520285
0.506546 0.47357
0.615421 0.619859
0.465778 0.478867
0.516928 0.514406
0.507453 0.461807
0.533847 0.488571
0.499079 0.519661
0.169306 0.788567
0.642405 0.683143
0.515532 0.518158
0.5 0.5
0.533016 0.488619
0.446136 0.396996
0.678991 0.730445
0.51387 0.509914
0.486174 0.623055
0.458148 0.503396
0.549716 0.435813
0.552002 0.343853
0.511086 0.494942
0.389436 0.451399
0.502075 0.482871
0.513401 0.513683
0.496227 0.511918
0.554136 0.420589
0.495375 0.519182
0.221975 0.745059
0.48778 0.521726
0.225547 0.754221
0.213939 0.085663
0.508464 0.482821
0.515365 0.476113
0.51976 0.494082
0.489401 0.568793
0.5 0.5
0.695823 0.696186
0.494524 0.470987
0.488685 0.461386
0.324488 0.643891
0.501063 0.479661
0.439432 0.529777
0.501382 0.512944
0.503586 0.484467
0.486158 0.502718
0.463851 0.664193
0.478216 0.483878
0.515136 0.48448
0.527191 0.482536
0.548584 0.485571
0.602389 0.453133
0.508471 0.511921
0.189286 0.766701
0.401331 0.476092
0.505371 0.480244
0.331797 0.646162
0.517764 0.517054
0.407382 0.312832
0.541232 0.530046
0.552265 0.434553
0.49225 0.480056
0.362308 0.353094
0.500498 0.504588
0.5378 0.482759
0.718101 0.444381
0.696405 0.761126
0.521086 0.468494
0.49438 0.636087
0.5 0.5
0.471168 0.43519
0.509704 0.49135
0.557424 0.469097
0.34227 0.274443
0.459388 0.676708
0.900215 0.121593
0.475599 0.520994
0.478636 0.483156
0.512308 0.553235
0.438515 0.433516
0.390711 0.281571
0.558464 0.319735
0.830253 0.397442
0.496904 0.479853
0.360392 0.350191
0.513014 0.489888
0.259333 0.536866
0.330411 0.713644
0.583425 0.466772
0.521526 0.483426
0.412453 0.617996
0.474073 0.538071
0.482499 0.501225
0.44078 0.406313
0.472801 0.477925
0.392582 0.542735
0.490099 0.569103
0.595026 0.398109
0.48357 0.513795
0.543231 0.50922
0.476847 0.506826
0.492464 0.499888
0.463245 0.430756
0.490245 0.50469
0.486013 0.497528
0.501938 0.501527
0.484893 0.486643
0.4 0.457117
0.425353 0.517614
0.509308 0.515643
0.499961 0.484095
0.350883 0.463615
0.571697 0.718926
0.582488 0.605545
0.511651 0.48123
0.401205 0.581568
0.498122 0.521524
0.723258 0.529446
0.470025 0.657181
0.534433 0.528445
0.505818 0.485312
0.5 0.5
0.502142 0.487101
0.489972 0.426746
0.477598 0.489802
0.524971 0.485889
0.533728 0.403536
0.618241 0.338054
0.520535 0.505475
0.520665 0.48929
0.496034 0.486081
0.460654 0.464607
0.604895 0.280643
0.661147 0.336871
0.521287 0.494038
0.527681 0.485817
0.511999 0.481278
0.5 0.5
0.432714 0.506948
0.594143 0.478588
0.48088 0.712831
0.572214 0.284979
0.79503 0.420605
0.495263 0.522396
0.602859 0.450853
0.50319 0.492091
0.508462 0.550925
0.498497 0.447649
0.458753 0.472589
0.483679 0.471467
0.505947 0.492753
0.423992 0.560254
0.522902 0.467057
0.452139 0.720274
0.496557 0.485869
0.492252 0.495826
0.51092 0.474666
0.491499 0.511753
0.486367 0.62464
0.771388 0.385782
0.37035 0.479503
0.528507 0.494063
0.485041 0.490807
0.45815 0.476933
0.473531 0.507373
0.471154 0.464781
0.630594 0.57394
0.533164 0.510119
0.404204 0.445398
0.487015 0.48682
0.512976 0.510015
0.497977 0.534459
0.487754 0.486113
0.517105 0.498318
0.491581 0.494803
0.495533 0.533207
0.729137 0.736674
0.475535 0.480061
0.539194 0.464763
0.494245 0.560258
0.536419 0.523196
0.513265 0.482363
0.470733 0.697432
0.491785 0.500174
0.413357 0.478709
0.513079 0.49872
0.208888 0.0683525
0.275499 0.804471
0.518995 0.510351
0.5 0.5
0.392644 0.577384
0.478446 0.439419
0.484748 0.563036
0.375569 0.366651
0.415541 0.564961
0.494535 0.516231
0.481715 0.598178
0.512678 0.505313
0.674048 0.741972
0.489279 0.65322
0.50328 0.534107
0.438339 0.489078
0.513628 0.514075
0.479945 0.56716
0.494348 0.481835
0.514232 0.494367
0.354503 0.278835
0.675196 0.690772
0.531312 0.535971
0.780238 0.221183
0.533924 0.677429
0.232711 0.106337
0.769583 0.777113
0.487642 0.526245
0.541511 0.480395
0.480576 0.492508
0.468751 0.554204
0.518346 0.435333
0.420802 0.833654
0.517019 0.486495
0.527918 0.637069
0.512057 0.53418
0.614881 0.38646
0.496546 0.514638
0.465529 0.497708
0.509444 0.520062
0.491783 0.520317
0.55102 0.453049
0.499922 0.482321
0.487918 0.495091
0.508961 0.493238
0.522499 0.489057
0.489788 0.465094
0.714529 0.763278
0.36812 0.236389
0.508555 0.555107
0.248217 0.732834
0.569071 0.294416
0.497763 0.48705
0.527248 0.471739
0.573175 0.586678
0.519657 0.473824
0.741945 0.531344
0.506916 0.511511
0.501351 0.522761
0.504236 0.45247
0.474863 0.46169
0.514552 0.50856
0.524588 0.458222
0.516048 0.534783
0.474205 0.627451
0.534628 0.481731
0.565678 0.471832
0.504432 0.533484
0.47582 0.491245
0.491971 0.500233
0.291081 0.724323
0.460514 0.654882
0.471823 0.647858
0.558782 0.518916
0.46698 0.502251
0.582578 0.577767
0.51482 0.518835
0.409189 0.871798
0.724819 0.70731
0.550582 0.431602
0.563539 0.451614
0.497106 0.509072
0.586308 0.378043
0.480686 0.494051
0.505379 0.482574
0.500453 0.507727
0.500105 0.485983
0.648047 0.0951399
0.533074 0.429754
0.478933 0.488563
0.522619 0.473058
0.506631 0.488092
0.780534 0.420521
0.480843 0.50993
0.283011 0.755475
0.53441 0.512689
0.489703 0.51289
0.5 0.5
0.565393 0.41459
0.462316 0.507971
0.490781 0.471805
0.478989 0.466464
0.425582 0.558686
0.491736 0.503755
0.490022 0.493348
0.206405 0.769945
0.412464 0.324894
0.510885 0.477904
0.488037 0.497862
0.566405 0.517151
0.491009 0.50287
0.502394 0.510341
0.497798 0.516528
0.468815 0.489188
0.511533 0.496063
0.494215 0.48759
0.494365 0.527146
0.494584 0.508545
0.518242 0.42211
0.181622 0.768237
0.540587 0.456467
0.49502 0.470229
0.275527 0.759324
0.514158 0.522957
0.354942 0.418693
0.353394 0.33582
0.484081 0.495646
0.52528 0.465234
0.513087 0.469658
0.487065 0.485061
0.538258 0.421126
0.491691 0.522157
0.505709 0.527134
0.582388 0.4612
0.499551 0.506581
0.480689 0.516278
0.488561 0.478501
0.318068 0.399295
0.539706 0.480946
0.633015 0.336824
0.500689 0.453321
0.512969 0.481597
0.743463 0.731257
0.510314 0.513238
0.51962 0.489337
0.684312 0.450352
0.464446 0.694946
0.512641 0.510345
0.63615 0.324449
0.477331 0.642201
0.490924 0.519663
0.641778 0.171251
0.681168 0.680805
0.502655 0.499621
0.480279 0.497503
0.512054 0.479361
0.456061 0.689645
0.540489 0.423181
0.483393 0.494153
0.511253 0.498984
0.432816 0.491909
0.516282 0.508
0.476092 0.529563
0.532408 0.42263
0.550156 0.465244
0.507453 0.507551
0.604216 0.550215
0.50441 0.483435
0.475554 0.481731
0.393934 0.574964
0.491909 0.528438
0.509945 0.516558
0.479596 0.489842
0.430566 0.507873
0.725317 0.731636
0.731853 0.743764
0.496855 0.487573
0.487931 0.509102
0.600295 0.223996
0.53099 0.522986
0.494376 0.521367
0.501411 0.508051
0.482472 0.494708
0.491819 0.486095
0.508484 0.500764
0.369358 0.210557
0.550003 0.538408
0.350527 0.618547
0.505764 0.524139
0.317425 0.734363
0.505813 0.51877
0.529302 0.523457
0.531143 0.507092
0.445314 0.50875
0.453248 0.421006
0.431976 0.468816
0.5379 0.537801
0.482441 0.510505
0.487533 0.51636
0.517954 0.503662
0.56017 0.422445
0.517787 0.517849
0.565152 0.474867
0.369063 0.232967
0.511785 0.50559
0.436033 0.497641
0.508052 0.506664
0.491585 0.466092
0.343766 0.546389
0.535195 0.49435
0.614954 0.171894
0.57024 0.464788
0.524599 0.491092
0.502654 0.517675
0.373044 0.230973
0.524309 0.464148
0.515535 0.488733
0.49206 0.484878
0.905227 0.125383
0.269452 0.816836
0.498025 0.411382
0.481334 0.56011
0.488676 0.522351
0.454792 0.497295
0.49539 0.480851
0.542921 0.540509
0.476383 0.502571
0.472765 0.49299
0.407601 0.560482
0.51242 0.512943
0.557592 0.506443
0.511254 0.547227
0.458075 0.49878
0.49592 0.485626
0.479013 0.449093
0.1409 0.812024
0.508528 0.497459
0.540386 0.505064
0.374046 0.36258
0.358234 0.492888
0.470094 0.451586
0.493417 0.532881
0.512399 0.500949
0.497934 0.48509
0.472289 0.610493
0.548346 0.444805
0.431637 0.504418
0.399658 0.490883
0.742127 0.203134
0.524355 0.42352
0.474326 0.52955
0.478257 0.543256
0.50538 0.481622
0.495655 0.397237
0.382705 0.584409
0.676675 0.603343
0.596044 0.366206
0.488267 0.523769
0.644192 0.437676
0.376991 0.432112
0.314543 0.748494
0.501399 0.521923
0.505802 0.488626
0.395445 0.442593
0.483469 0.485094
0.568781 0.697945
0.514828 0.504515
0.558063 0.447052
0.528221 0.476171
0.578137 0.287774
0.492426 0.49259
0.764898 0.542982
0.543399 0.404904
0.454748 0.490619
0.484846 0.487375
0.672464 0.616576
0.490157 0.469706
0.492127 0.498933
0.539164 0.460212
0.463396 0.453441
0.50807 0.475419
0.534051 0.482025
0.51157 0.510847
0.493568 0.510473
0.532713 0.467989
0.504826 0.505531
0.538034 0.39841
0.434893 0.434018
0.49648 0.498273
0.505291 0.513644
0.482834 0.495423
0.573027 0.43074
0.500696 0.484398
0.383093 0.453789
0.358898 0.446665
0.514696 0.51182
0.517787 0.501839
0.530262 0.496011
0.471426 0.589258
0.4499 0.470988
0.5 0.5
0.643063 0.514594
0.737313 0.276873
0.516543 0.494304
0.511165 0.512947
0.448315 0.487698
0.5 0.5
0.500363 0.500089
0.517287 0.515978
0.459209 0.468346
0.51261 0.477772
0.494029 0.617347
0.491351 0.550369
0.479748 0.673613
0.480857 0.518694
0.5206 0.503061
0.454079 0.537876
0.493951 0.467157
0.569721 0.563435
0.515908 0.490706
0.451307 0.710743
0.657015 0.463255
0.541345 0.515925
0.464855 0.50501
0.46849 0.481378
0.481103 0.500212
0.36711 0.483794
0.506099 0.499383
0.413435 0.602619
0.49314 0.520125
0.522423 0.457777
0.477507 0.540447
0.519945 0.512972
0.616563 0.648473
0.536004 0.418994
0.402142 0.625636
0.474972 0.454001
0.489648 0.510213
0.51737 0.490364
0.733964 0.237638
0.528296 0.536096
0.518477 0.428205
0.471055 0.487225
0.521223 0.487821
0.401728 0.583209
0.508873 0.503562
0.878942 0.130665
0.500262 0.478794
0.570212 0.366825
0.577607 0.456807
0.513936 0.518613
0.383665 0.587597
0.421375 0.551524
0.626512 0.324067
0.430615 0.540156
0.502081 0.483174
0.539539 0.704057
0.487751 0.497457
0.4627 0.511631
0.553618 0.456481
0.498569 0.508782
0.510362 0.481701
0.495682 0.472726
0.55265 0.357355
0.499021 0.49189
0.511645 0.529087
0.493854 0.504173
0.540973 0.624832
0.504754 0.489585
0.466474 0.490413
0.599614 0.455377
0.542568 0.519937
0.440636 0.380407
0.519241 0.51179
0.495794 0.493031
0.573814 0.504549
0.470261 0.637522
0.479954 0.530698
0.482801 0.498654
0.599964 0.592439
0.449718 0.400107
0.51718 0.534883
0.522365 0.453766
0.571392 0.597974
0.530055 0.543548
0.490185 0.490837
0.509441 0.490533
0.376977 0.4879
0.284265 0.52086
0.512394 0.509089
0.557347 0.571127
0.522503 0.496191
0.6215 0.626014
0.57357 0.57731
0.477483 0.528247
0.560537 0.577077
0.522528 0.491554
0.597605 0.409691
0.570236 0.455703
0.472901 0.508803
0.428468 0.502686
0.565327 0.461058
0.482438 0.500475
0.53484 0.552906
0.506241 0.479822
0.491924 0.480418
0.494499 0.525804
0.482055 0.482479
0.468692 0.466017
0.486882 0.487423
0.522238 0.49183
0.535168 0.611439
0.484623 0.421771
0.4828 0.49352
0.560353 0.409026
0.482513 0.697669
0.495093 0.485196
0.501909 0.494951
0.498621 0.541539
0.520135 0.608419
0.508718 0.504235
0.342022 0.334681
0.505854 0.515113
0.540628 0.487379
0.276125 0.696348
0.475107 0.480365
0.793343 0.811937
0.433086 0.463717
0.432932 0.478053
0.494724 0.567289
0.531243 0.614879
0.480898 0.51438
0.393144 0.52346
0.45231 0.54345
0.477569 0.579953
0.541069 0.639021
0.478318 0.630215
0.478836 0.504138
0.476853 0.523588
0.500052 0.480172
0.569951 0.425842
0.588538 0.510602
0.507141 0.512279
0.524678 0.48986
0.481663 0.499977
0.490063 0.524316
0.483095 0.504735
0.501883 0.479871
0.515631 0.508881
0.452332 0.508459
0.492664 0.511303
0.478954 0.499027
0.47754 0.483287
0.532537 0.53234
0.471038 0.507373
0.471398 0.682199
0.480629 0.485114
0.445067 0.519028
0.50083 0.506686
0.633398 0.369025
0.429718 0.353123
0.509004 0.495128
0.487161 0.490638
0.530141 0.530966
0.613057 0.60811
0.498796 0.510623
0.487798 0.511646
0.495051 0.539629
0.432272 0.362597
0.50477 0.514615
0.824207 0.184467
0.497822 0.500623
0.47274 0.508094
0.706082 0.440826
0.524957 0.522013
0.517414 0.526483
0.494224 0.490126
0.509635 0.517395
0.47261 0.477274
0.529053 0.424955
0.509357 0.503981
0.484745 0.510806
0.577565 0.60133
0.718376 0.232826
0.340889 0.47827
0.536658 0.401383
0.478768 0.531415
0.486214 0.520404
0.511771 0.505871
0.344606 0.341039
0.517996 0.496088
0.287025 0.804003
0.507775 0.490028
0.541809 0.481711
0.552573 0.44056
0.545618 0.47365
0.441374 0.381325
0.523004 0.439474
0.590276 0.475616
0.314466 0.752591
0.540562 0.530962
0.516242 0.517834
0.514862 0.511242
0.491447 0.467514
0.495735 0.49788
0.515897 0.493927
0.488311 0.518708
0.488749 0.513844
0.433653 0.427195
0.518566 0.537555
0.510478 0.494253
0.507643 0.509317
0.49334 0.503843
0.494988 0.498204
0.461713 0.42302
0.497351 0.483254
0.570985 0.440914
0.484196 0.562426
0.4852 0.500187
0.505099 0.534137
0.284501 0.465759
0.495186 0.508568
0.489916 0.491581
0.486054 0.449442
0.547317 0.538905
0.387628 0.483528
0.45958 0.489358
0.458034 0.48478
0.470914 0.461829
0.520653 0.486012
0.44009 0.558695
0.540204 0.404996
0.513674 0.487817
0.495989 0.516989
0.516275 0.516818
0.379156 0.596047
0.505445 0.476509
0.361689 0.472684
0.275314 0.465513
0.501076 0.509984
0.489525 0.506176
0.485266 0.498255
0.518018 0.513642
0.565294 0.433023
0.514689 0.512465
0.492164 0.51105
0.509089 0.494323
0.481548 0.613072
0.346317 0.49521
0.198247 0.758961
0.516758 0.503481
0.515396 0.510514
0.487761 0.630718
0.415376 0.51125
0.196274 0.0677128
0.484697 0.536339
0.530367 0.547375
0.478696 0.501087
0.482658 0.512987
0.522632 0.483521
0.474708 0.365093
0.500798 0.523344
0.459374 0.661843
0.475155 0.506311
0.404931 0.496418
0.488573 0.634771
0.52724 0.438506
0.542924 0.376577
0.717639 0.241715
0.495124 0.520272
0.457143 0.554793
0.508462 0.509683
0.62455 0.592878
0.481082 0.409606
0.629104 0.326602
0.502799 0.481226
0.505244 0.525033
0.628147 0.661279
0.501999 0.476608
0.496085 0.47827
0.625384 0.663518
0.515412 0.519591
0.515859 0.495325
0.460266 0.685983
0.540577 0.556506
0.557274 0.563586
0.498307 0.496185
0.504939 0.506245
0.352407 0.19753
0.488238 0.51902
0.428459 0.540973
0.49042 0.513199
0.498313 0.50693
0.599694 0.396363
0.447356 0.40165
0.496706 0.491168
0.52992 0.506143
0.464034 0.664735
0.488182 0.51188
0.524668 0.463228
0.515479 0.517904
0.503801 0.520788
0.458699 0.508354
0.4029 0.574098
0.540091 0.455154
0.511099 0.496895
0.595694 0.598643
0.493389 0.509009
0.471985 0.482804
0.604155 0.448898
0.517619 0.503854
0.513306 0.495895
0.507001 0.51383
0.376318 0.370996
0.481756 0.538584
0.474858 0.491351
0.487544 0.484459
0.610174 0.164333
0.489349 0.512109
0.516172 0.503688
0.404262 0.460944
0.348455 0.347814
0.483648 0.552201
0.563302 0.444175
0.348383 0.529928
0.482562 0.511005
0.521182 0.533682
0.700258 0.710608
0.644277 0.162457
0.499151 0.493316
0.40415 0.447367
0.510745 0.494465
0.467257 0.654057
0.724413 0.276288
0.543261 0.507463
0.429545 0.350971
0.519081 0.500485
0.502593 0.490652
0.484314 0.484678
0.508331 0.514289
0.518123 0.477311
0.508675 0.512825
0.505886 0.495809
0.495087 0.551441
0.475473 0.505773
0.514846 0.496817
0.541789 0.490117
0.496819 0.494907
0.492422 0.493329
0.492908 0.483457
0.487483 0.495447
0.431868 0.595486
0.508122 0.483757
0.360763 0.538942
0.522704 0.588349
0.480816 0.498246
0.499321 0.487986
0.53146 0.494618
0.401211 0.445318
0.473913 0.508062
0.540202 0.511759
0.505167 0.484561
0.535125 0.516087
0.653883 0.302766
0.601454 0.372821
0.460958 0.539792
0.581442 0.398158
0.499043 0.530916
0.536711 0.548196
0.469719 0.505135
0.670345 0.605438
0.551554 0.531341
0.499881 0.549753
0.519857 0.495162
0.179327 0.755742
0.57135 0.578156
0.507043 0.487042
0.497992 0.516397
0.49105 0.488082
0.506361 0.506067
0.485129 0.42093
0.514066 0.516172
0.49456 0.528809
0.652505 0.576194
0.602379 0.210685
0.355159 0.446549
0.530545 0.477465
0.511498 0.481009
0.585533 0.583536
0.550116 0.664466
0.505587 0.484013
0.51328 0.436215
0.512319 0.427845
0.298877 0.202394
0.606201 0.401212
0.458895 0.411737
0.596642 0.417848
0.484614 0.489401
0.230541 0.761296
0.484626 0.492059
0.482938 0.507516
0.487187 0.508931
0.50183 0.524135
0.510868 0.49127
0.502683 0.501797
0.510939 0.494356
0.208146 0.771726
0.521397 0.49067
0.498479 0.510077
0.712802 0.730735
0.487695 0.484645
0.646466 0.460232
0.506054 0.507017
0.619329 0.554347
0.608392 0.587082
0.483393 0.574106
0.50397 0.516583
0.570337 0.409529
0.466728 0.48894
0.491545 0.468827
0.370034 0.608473
0.538313 0.435034
0.535133 0.552508
0.488727 0.516781
0.493589 0.523972
0.537044 0.593379
0.484744 0.486875
0.488487 0.503985
0.4748 0.450013
0.51884 0.508751
0.562394 0.473059
0.167089 0.768644
0.661162 0.583897
0.473261 0.548905
0.257332 0.811184
0.512457 0.393005
0.534073 0.43611
0.473087 0.495986
0.514479 0.495997
0.407922 0.401649
0.485268 0.489588
0.286283 0.679254
0.417032 0.492917
0.516051 0.513102
0.519691 0.590373
0.520812 0.487397
0.517366 0.498472
0.347896 0.211062
0.514477 0.547449
0.495896 0.483201
0.522766 0.514549
0.486711 0.49833
0.587109 0.434918
0.506256 0.484186
0.72368 0.7361
0.577148 0.59059
0.535784 0.5651
0.498227 0.49794
0.500202 0.513519
0.468491 0.517718
0.618296 0.159138
0.479355 0.600798
0.502837 0.520656
0.495978 0.48636
0.237121 0.107333
0.48542 0.493213
0.50726 0.500767
0.503338 0.484446
0.517269 0.515852
0.580941 0.473045
0.488718 0.510958
0.232789 0.727257
0.511452 0.520969
0.560881 0.318783
0.473627 0.627876
0.878569 0.168094
0.470351 0.47431
0.548065 0.543211
0.529718 0.52954
0.487999 0.515479
0.497403 0.484265
0.529766 0.480853
0.552665 0.566659
0.574988 0.385773
0.47615 0.500423
0.48884 0.496542
0.422679 0.493298
0.518001 0.50536
0.355619 0.334505
0.488996 0.514244
0.491361 0.485181
0.509216 0.440379
0.43717 0.503669
0.470653 0.490379
0.474812 0.503951
0.521953 0.368164
0.502669 0.509938
0.679273 0.732296
0.442586 0.509847
0.498148 0.480933
0.277452 0.471681
0.490367 0.49098
0.499385 0.485156
0.504404 0.489239
0.590826 0.483739
0.523454 0.478366
0.503749 0.458727
0.222817 0.750937
0.498679 0.499236
0.372293 0.362825
0.673696 0.618167
0.492928 0.568061
0.481758 0.471697
0.518257 0.469469
0.512006 0.505341
0.585265 0.591153
0.288055 0.775391
0.489827 0.499234
0.511529 0.504236
0.402834 0.510865
0.853581 0.157562
0.479912 0.509642
0.509976 0.495967
0.5085 0.498649
0.52404 0.518153
0.489381 0.535159
0.475178 0.549263
0.544217 0.453374
0.313892 0.469149
0.503462 0.495234
0.484057 0.489934
0.507191 0.462395
0.277171 0.541111
0.492356 0.686107
0.435335 0.553395
0.453711 0.410363
0.572801 0.592134
0.50682 0.441306
0.496818 0.582088
0.478739 0.50793
0.446465 0.737026
0.505103 0.518794
0.638156 0.634371
0.507721 0.519383
0.449314 0.515729
0.530896 0.436512
0.698752 0.247867
0.617409 0.145329
0.519826 0.461251
0.485357 0.504938
0.550657 0.477071
0.537251 0.533245
0.410472 0.458546
0.507134 0.490372
0.394597 0.486343
0.497126 0.519107
0.346954 0.206343
0.223127 0.0915082
0.53231 0.505563
0.57082 0.552055
0.506228 0.514837
0.428106 0.531121
0.476036 0.541184
0.610453 0.172694
0.503503 0.480129
0.486624 0.488477
0.654151 0.458753
0.488022 0.514129
0.509106 0.510279
0.496308 0.495189
0.499792 0.519041
0.486794 0.504945
0.512673 0.478195
0.43067 0.508978
0.521727 0.456396
0.509936 0.472545
0.502458 0.503196
0.545552 0.478395
0.496835 0.509335
0.516165 0.484519
0.422251 0.603804
0.591499 0.230614
0.509396 0.499608
0.315986 0.670329
0.504472 0.481028
0.511471 0.528614
0.259045 0.150042
0.457473 0.539606
0.495306 0.493388
0.459944 0.408068
0.540353 0.559026
0.514277 0.453403
0.489292 0.50694
0.496811 0.513413
0.49116 0.486643
0.541143 0.490635
0.518148 0.497274
0.469804 0.608319
0.51503 0.502526
0.642455 0.580111
0.513495 0.517986
0.487934 0.485371
0.514911 0.480772
0.541707 0.483008
0.487232 0.46451
0.457844 0.532381
0.488576 0.530956
0.386915 0.482078
0.46499 0.518694
0.520729 0.461821
0.506024 0.512048
0.525514 0.615693
0.561732 0.552152
0.65745 0.59344
0.475331 0.524558
0.507005 0.504683
0.439781 0.588516
0.48934 0.618678
0.519187 0.480392
0.521735 0.540261
0.530278 0.481699
0.579522 0.55816
0.499921 0.494086
0.488983 0.520495
0.518761 0.503634
0.529123 0.502277
0.497906 0.48388
0.349799 0.335501
0.354094 0.282977
0.544942 0.49812
0.608994 0.346386
0.622508 0.628177
0.280758 0.469445
0.729402 0.713138
0.509973 0.513424
0.504192 0.50235
0.472975 0.486292
0.398471 0.279152
0.497736 0.477317
0.48558 0.517782
0.401269 0.291255
0.722482 0.582077
0.486655 0.483257
0.767494 0.55975
0.515564 0.48367
0.497842 0.528729
0.721095 0.230087
0.506441 0.509815
0.511413 0.475765
0.527247 0.521231
0.424132 0.475517
0.303369 0.393357
0.703642 0.447492
0.498072 0.520739
0.510663 0.517434
0.324689 0.402007
0.738883 0.750276
0.53005 0.484073
0.502734 0.51614
0.506355 0.528775
0.491092 0.556853
0.620774 0.325338
0.450907 0.497503
0.479074 0.494699
0.571892 0.582137
0.517432 0.50121
0.439854 0.37428
0.49081 0.49854
0.517264 0.501791
0.53391 0.514642
0.503369 0.563962
0.519359 0.531206
0.549209 0.519325
0.527453 0.494354
0.414183 0.521717
0.513346 0.494125
0.494222 0.377336
0.749124 0.543736
0.502925 0.537114
0.406998 0.50512
0.491629 0.473135
0.519937 0.494947
0.505234 0.503698
0.500266 0.498327
0.50523 0.48382
0.470899 0.47067
0.571901 0.430333
0.465024 0.499667
0.66453 0.286499
0.464723 0.483641
0.535952 0.539986
0.499227 0.495825
0.504469 0.48672
0.685762 0.740724
0.490039 0.539045
0.457461 0.416788
0.430609 0.561451
0.35841 0.470192
0.516404 0.499901
0.467285 0.445154
0.497604 0.502926
0.491749 0.512404
0.602104 0.528283
0.295827 0.54091
0.731538 0.524897
0.482743 0.514256
0.509973 0.482656
0.532284 0.49511
0.530412 0.49323
0.45691 0.694556
0.478419 0.508987
0.441118 0.485198
0.48015 0.427858
0.510877 0.518491
0.759214 0.393062
0.470731 0.502717
0.506154 0.483702
0.26558 0.705064
0.505068 0.483025
0.491819 0.499498
0.649491 0.308482
0.41098 0.451253
0.490451 0.514832
0.700354 0.675134
0.383771 0.375892
0.503401 0.512524
0.58886 0.54774
0.363308 0.425175
0.77125 0.232234
0.516952 0.492582
0.477903 0.446251
0.443394 0.504215
0.51361 0.484029
0.483767 0.442066
0.682668 0.725287
0.493412 0.488542
0.560616 0.561149
0.779376 0.149593
0.482735 0.498971
0.658626 0.632529
0.545342 0.504959
0.529828 0.515031
0.325691 0.498001
0.525646 0.494603
0.502235 0.46376
0.49135 0.528658
0.525098 0.463822
0.482666 0.600367
0.63886 0.672679
0.506366 0.515326
0.534218 0.559543
0.301071 0.508792
0.496562 0.485931
0.508038 0.455936
0.579126 0.441841
0.760069 0.539844
0.514267 0.511054
0.438357 0.406632
0.507997 0.458383
0.383814 0.374087
0.474985 0.499376
0.263943 0.825844
0.478116 0.499701
0.612975 0.447898
0.516716 0.49015
0.563148 0.433171
0.644906 0.322062
0.561578 0.42517
0.458789 0.492133
0.500612 0.53911
0.525426 0.465487
0.412432 0.50471
0.480049 0.501164
0.513133 0.589822
0.678123 0.641706
0.485428 0.488235
0.572256 0.464468
0.332385 0.45995
0.526492 0.492372
0.56217 0.484919
0.506149 0.519476
0.511195 0.556208
0.53714 0.489961
0.474445 0.539477
0.533321 0.510966
0.497276 0.522351
0.703971 0.249146
0.513432 0.47566
0.594627 0.229312
0.277834 0.507318
0.487711 0.495352
0.650288 0.61233
0.57769 0.284021
0.500425 0.476607
0.196267 0.0698655
0.46477 0.49211
0.590493 0.546905
0.463996 0.499911
0.705791 0.600988
0.515414 0.498634
0.50747 0.490293
0.449911 0.472295
0.468612 0.512389
0.516359 0.505086
0.522954 0.514569
0.525123 0.476285
0.554914 0.476132
0.510365 0.515737
0.49295 0.489457
0.405086 0.495449
0.469866 0.51004
0.749917 0.191844
0.505251 0.520052
0.537673 0.626952
0.517712 0.489704
0.480986 0.478068
0.484779 0.475022
0.325184 0.674861
0.673227 0.635255
0.504164 0.52248
0.483309 0.480056
0.585541 0.471088
0.505134 0.458169
0.647979 0.653995
0.503829 0.48296
0.478981 0.562249
0.519684 0.503546
0.663862 0.71601
0.504502 0.479506
0.660267 0.289856
0.503941 0.491025
0.478024 0.539925
0.48403 0.499789
0.50286 0.532823
0.507274 0.522101
0.365431 0.620243
0.521164 0.49122
0.500632 0.497121
0.397388 0.639337
0.50581 0.486964
0.285443 0.52051
0.476505 0.517448
0.723543 0.224832
0.530638 0.498273
0.485083 0.517605
0.484682 0.509925
0.49912 0.494969
0.489754 0.50415
0.509915 0.508355
0.384256 0.593384
0.515979 0.494559
0.51482 0.567698
0.495967 0.506787
0.619276 0.609453
0.443984 0.748878
0.483861 0.508749
0.523892 0.504255
0.528272 0.349959
0.534795 0.481121
0.513875 0.406431
0.511105 0.451748
0.484649 0.483683
0.736117 0.402204
0.497069 0.482314
0.50149 0.482101
0.383792 0.641085
0.480244 0.485307
0.494292 0.492867
0.417138 0.462453
0.66824 0.518271
0.408508 0.404322
0.509683 0.499052
0.698589 0.60313
0.529837 0.517978
0.638916 0.465994
0.672559 0.598475
0.499278 0.520815
0.532541 0.487073
0.48693 0.58536
0.568319 0.441426
0.439536 0.559703
0.455837 0.682225
0.474458 0.54842
0.500772 0.495644
0.495208 0.486754
0.52912 0.510009
0.504747 0.515393
0.378797 0.591373
0.500677 0.514568
0.474844 0.538955
0.432918 0.355353
0.507599 0.493471
0.476162 0.515015
0.491369 0.492869
0.489216 0.502459
0.442435 0.447306
0.497083 0.492049
0.493096 0.485506
0.498796 0.516335
0.499691 0.505179
0.515876 0.520545
0.211398 0.756806
0.448361 0.42487
0.488329 0.527079
0.500728 0.480921
0.537609 0.430288
0.281725 0.788636
0.400848 0.472779
0.570009 0.469242
0.244754 0.754099
0.374236 0.432283
0.418933 0.484717
0.76197 0.179197
0.496427 0.483915
0.28596 0.479718
0.234867 0.743568
0.523732 0.47004
0.587103 0.615099
0.449144 0.517088
0.752842 0.429246
0.515207 0.486516
0.684451 0.585498
0.480805 0.499957
0.31201 0.469414
0.486481 0.428799
0.398139 0.474824
0.527885 0.427715
0.552343 0.483888
0.503888 0.49256
0.500363 0.487173
0.508998 0.476134
0.491844 0.445933
0.504356 0.486096
0.366215 0.429621
0.495441 0.491793
0.54999 0.42004
0.476022 0.489833
0.593304 0.585719
0.516259 0.524534
0.472057 0.636451
0.516586 0.498419
0.518486 0.507265
0.514762 0.49221
0.380454 0.481663
0.467613 0.670006
0.569764 0.413995
0.525005 0.456777
0.479894 0.511053
0.565875 0.458009
0.526901 0.496208
0.51766 0.491913
0.490058 0.505727
0.736217 0.417512
0.787708 0.403063
0.510527 0.483606
0.39638 0.492621
0.542269 0.52492
0.415092 0.563953
0.491881 0.524826
0.333825 0.469516
0.488997 0.494897
0.495816 0.518798
0.480966 0.531119
0.72461 0.277986
0.507112 0.513528
0.503698 0.553298
0.174699 0.789451
0.525442 0.52795
0.433661 0.539859
0.399137 0.55064
0.672904 0.518098
0.513604 0.494646
0.502826 0.512429
0.496557 0.51318
0.484699 0.592862
0.50496 0.46814
0.492113 0.526941
0.361116 0.478301
0.206122 0.0777185
0.490431 0.498672
0.500426 0.482881
0.491111 0.494419
0.765304 0.17462
0.565262 0.325998
0.50355 0.537979
0.554817 0.505162
0.488029 0.674051
0.45734 0.517141
0.320434 0.651975
0.57199 0.532635
0.523462 0.513653
0.46935 0.513127
0.594219 0.377605
0.134996 0.827473
0.296016 0.523799
0.48144 0.598821
0.480194 0.621045
0.573664 0.426289
0.565048 0.466033
0.501073 0.528436
0.454907 0.451807
0.507552 0.518619
0.335943 0.415425
0.462709 0.413934
0.511577 0.481203
0.671582 0.58661
0.509293 0.563893
0.402147 0.45914
0.365508 0.43126
0.517327 0.504013
0.645438 0.626593
0.49234 0.527837
0.525898 0.585423
0.50111 0.486877
0.50787 0.512254
0.451658 0.482417
0.492707 0.464585
0.663492 0.46132
0.470629 0.470326
0.566665 0.408126
0.47567 0.496545
0.411297 0.584486
0.500592 0.522753
0.505393 0.506167
0.499093 0.491464
0.57125 0.430399
0.48124 0.582201
0.536443 0.388322
0.540474 0.461281
0.486808 0.565543
0.485716 0.500379
0.309668 0.687615
0.541815 0.729254
0.447663 0.715402
0.27149 0.819162
0.457613 0.487563
0.465742 0.510701
0.484217 0.520487
0.618051 0.650244
0.45847 0.469554
0.478546 0.502835
0.543747 0.369221
0.552139 0.429946
0.465647 0.48505
0.661653 0.574953
0.493266 0.509333
0.48378 0.464963
0.517793 0.506679
0.433304 0.548875
0.495261 0.487611
0.524041 0.456945
0.705461 0.713879
0.555609 0.393538
0.541078 0.420983
0.387729 0.534425
0.576834 0.599986
0.451009 0.474404
0.724925 0.727724
0.542126 0.541721
0.379795 0.57679
0.545807 0.405765
0.43316 0.545852
0.529781 0.465446
0.557598 0.709403
0.543575 0.47954
0.436487 0.487334
0.527346 0.458254
0.489678 0.506442
0.532465 0.392309
0.497924 0.577746
0.497147 0.476021
0.49183 0.487404
0.495816 0.526394
0.550795 0.505328
0.521631 0.475138
0.466328 0.460028
0.497781 0.490815
0.504053 0.517092
0.484408 0.551864
0.293106 0.471319
0.567696 0.463063
0.496256 0.482867
0.534761 0.483113
0.513591 0.480195
0.512517 0.496314
0.49086 0.467724
0.511002 0.489983
0.223022 0.755781
0.493332 0.538505
0.439723 0.774938
0.507475 0.52031
0.472176 0.504966
0.53427 0.395236
0.635119 0.314871
0.521088 0.485392
0.474865 0.517441
0.51557 0.500305
0.497973 0.491073
0.488996 0.515445
0.601606 0.509679
0.53501 0.530816
0.591637 0.240586
0.517749 0.487547
0.548037 0.557465
0.610514 0.405284
0.608274 0.558721
0.699763 0.705696
0.493692 0.514426
0.510924 0.525465
0.595384 0.536571
0.536283 0.472994
0.50207 0.505878
0.470542 0.470414
0.490638 0.485919
0.514558 0.509972
0.582621 0.514672
0.451624 0.509369
0.506143 0.502361
0.268806 0.511984
0.660971 0.72127
0.501328 0.484075
0.484163 0.65704
0.491424 0.509453
0.514543 0.490838
0.523646 0.402687
0.473679 0.482298
0.521293 0.493698
0.529847 0.539665
0.485765 0.487267
0.435176 0.46948
0.526942 0.502114
0.55549 0.545876
0.442143 0.486664
0.571991 0.388033
0.554609 0.472902
0.482683 0.494184
0.506659 0.491108
0.555925 0.451012
0.465484 0.438529
0.629471 0.635996
0.520356 0.505839
0.461122 0.458495
0.344061 0.211015
0.470506 0.49841
0.496272 0.48612
0.479138 0.49144
0.526006 0.518973
0.690734 0.313893
0.409015 0.508825
0.479938 0.475303
0.660798 0.556064
0.490292 0.525639
0.502305 0.494024
0.510199 0.510128
0.660139 0.342772
0.574976 0.430699
0.360649 0.617123
0.511931 0.456613
0.518592 0.501906
0.478851 0.517515
0.485638 0.481694
0.514393 0.514751
0.507007 0.506404
0.497894 0.486351
0.530219 0.533661
0.657123 0.619095
0.471954 0.661313
0.485076 0.641073
0.587375 0.528869
0.482055 0.496274
0.615572 0.130532
0.505357 0.494828
0.54589 0.515223
0.456233 0.541912
0.371921 0.43512
0.487381 0.504247
0.506809 0.556803
0.512508 0.500661
0.510665 0.487121
0.318494 0.65673
0.474967 0.643809
0.501681 0.560366
0.621283 0.615808
0.502079 0.492553
0.494251 0.505908
0.473875 0.462477
0.470588 0.503252
0.838893 0.177132
0.74779 0.194553
0.486736 0.522118
0.479709 0.614135
0.519115 0.547031
0.485034 0.648263
0.494353 0.480566
0.477173 0.481454
0.431292 0.601581
0.494606 0.480055
0.543467 0.496749
0.568324 0.448384
0.422619 0.453125
0.493268 0.486256
0.529118 0.501209
0.601608 0.425008
0.511164 0.489657
0.491875 0.478124
0.471123 0.708984
0.473571 0.415124
0.528437 0.56453
0.47818 0.513685
0.363546 0.475361
0.629785 0.517099
0.502665 0.499408
0.430808 0.424461
0.604847 0.607186
0.529367 0.463591
0.406741 0.362252
0.515163 0.492657
0.549211 0.355965
0.541809 0.491678
0.541036 0.448515
0.669486 0.292118
0.470396 0.460972
0.317237 0.664017
0.511208 0.492474
0.482667 0.480528
0.524486 0.571462
0.735586 0.202444
0.373405 0.248888
0.35954 0.355836
0.407085 0.575698
0.46081 0.464836
0.543258 0.494565
0.595151 0.512656
0.50693 0.54244
0.506843 0.516802
0.461047 0.511501
0.487188 0.474192
0.436376 0.468483
0.408601 0.394076
0.521067 0.392304
0.500372 0.498834
0.478203 0.476834
0.46643 0.474108
0.486607 0.518573
0.506835 0.519128
0.482772 0.519996
0.522576 0.489825
0.520822 0.530704
0.601645 0.196929
0.535869 0.51195
0.461838 0.519956
0.475137 0.490056
0.503132 0.493003
0.534792 0.465084
0.631597 0.325368
0.527688 0.442876
0.501864 0.514934
0.521124 0.51
0.479407 0.50068
0.516374 0.507029
0.502081 0.511361
0.503476 0.463507
0.502411 0.499935
0.572336 0.575391
0.792446 0.418343
0.522845 0.502266
0.520058 0.499338
0.48138 0.490757
0.497271 0.497016
0.491028 0.500323
0.493398 0.609952
0.476563 0.63441
0.47989 0.494682
0.463724 0.503476
0.485041 0.512561
0.513621 0.499239
0.495023 0.499865
0.413263 0.57007
0.497573 0.514925
0.521507 0.489913
0.466235 0.434329
0.526231 0.498642
0.499541 0.489079
0.483631 0.675631
0.47262 0.520329
0.383139 0.480524
0.51019 0.503303
0.465175 0.457615
0.5235 0.50792
0.496751 0.653555
0.510169 0.492298
0.48465 0.490566
0.504609 0.496654
0.415286 0.491676
0.557317 0.316201
0.576039 0.399537
0.49428 0.490545
0.480877 0.565334
0.226818 0.736386
0.47377 0.496835
0.491923 0.503989
0.485832 0.499282
0.295608 0.762667
0.473472 0.541571
0.492489 0.476536
0.546071 0.507656
0.508926 0.488989
0.293225 0.471185
0.607888 0.472105
0.522547 0.493416
0.471496 0.649716
0.499116 0.531858
0.478593 0.508388
0.503328 0.492645
0.51658 0.496874
0.33704 0.515306
0.504289 0.568413
0.731501 0.564794
0.576423 0.267519
0.495118 0.432937
0.5191 0.464146
0.513106 0.471976
0.496706 0.558718
0.57972 0.380458
0.470393 0.482858
0.524275 0.504935
0.475133 0.488232
0.578932 0.434043
0.512463 0.505637
0.516279 0.501443
0.500544 0.49866
0.599581 0.447798
0.526688 0.52258
0.774661 0.175159
0.507954 0.505014
0.448522 0.525537
0.518435 0.509992
0.540012 0.383327
0.504422 0.503588
0.506723 0.482899
0.626961 0.445929
0.494686 0.472504
0.683723 0.745477
0.518986 0.499059
0.567493 0.528682
0.49659 0.524609
0.542355 0.471788
0.27223 0.710896
0.286178 0.793138
0.526676 0.513782
0.480956 0.509149
0.491224 0.566744
0.482435 0.448657
0.77345 0.40513
0.502876 0.418038
0.48204 0.499022
0.541337 0.642098
0.516689 0.47905
0.537384 0.48879
0.505347 0.562268
0.447904 0.395548
0.475221 0.583785
0.490484 0.487851
0.685446 0.601167
0.49443 0.524985
0.515104 0.489263
0.489903 0.515825
0.482248 0.491803
0.510936 0.503614
0.568591 0.574834
0.485705 0.515196
0.499442 0.498488
0.474335 0.466983
0.517528 0.505085
0.484997 0.543864
0.530056 0.540983
0.506228 0.520835
0.487323 0.491078
0.516735 0.500122
0.487447 0.521484
0.487462 0.501928
0.483576 0.464186
0.582246 0.58975
0.611682 0.453811
0.337697 0.627767
0.494805 0.500291
0.496421 0.499931
0.485752 0.51084
0.576931 0.507072
0.510626 0.481749
0.548101 0.421822
0.512789 0.505946
0.489079 0.53351
0.250702 0.736195
0.488116 0.518336
0.590968 0.41484
0.437551 0.424271
0.508319 0.472189
0.5112 0.507118
0.4724 0.505519
0.482283 0.4957
0.420399 0.461376
0.49482 0.48503
0.473056 0.463192
0.510045 0.480331
0.517257 0.459601
0.480408 0.511024
0.509014 0.502041
0.477238 0.418814
0.487322 0.489297
0.526703 0.438586
0.499618 0.492904
0.36114 0.603364
0.8072 0.3953
0.476904 0.479881
0.521066 0.516413
0.469454 0.450361
0.52202 0.483198
0.456425 0.730018
0.576284 0.466504
0.515998 0.485902
0.560649 0.575718
0.476111 0.52156
0.52114 0.539402
0.397328 0.588633
0.485779 0.528293
0.513198 0.488014
0.50935 0.473802
0.777191 0.426207
0.495453 0.481548
0.491342 0.494728
0.566362 0.684111
0.434754 0.50429
0.486584 0.709001
0.497541 0.518808
0.477229 0.488354
0.507216 0.535217
0.599336 0.453145
0.582396 0.462944
0.484394 0.491066
0.329652 0.415111
0.537735 0.448848
0.503808 0.433976
0.450348 0.478447
0.63063 0.654202
0.496049 0.509729
0.487938 0.493052
0.461047 0.485907
0.490418 0.491061
0.290157 0.186666
0.467119 0.51582
0.502178 0.520347
0.469974 0.498828
0.475726 0.482676
0.39639 0.472922
0.422362 0.464924
0.521872 0.442812
0.464781 0.421195
0.520309 0.497855
0.614437 0.168917
0.463443 0.421964
0.536268 0.460163
0.501598 0.489136
0.786225 0.793092
0.61463 0.163667
0.493133 0.508242
0.477311 0.59036
0.520741 0.49429
0.428625 0.483681
0.525458 0.477896
0.508853 0.497669
0.520209 0.497718
0.438555 0.385541
0.628889 0.562306
0.505928 0.475806
0.530086 0.418154
0.504986 0.480945
0.471354 0.579473
0.463527 0.507763
0.653775 0.678983
0.476744 0.542248
0.549321 0.675083
0.492494 0.48186
0.50616 0.514916
0.496992 0.522268
0.500147 0.493425
0.66837 0.580318
0.508257 0.513164
0.558113 0.424856
0.603568 0.432425
0.542016 0.469579
0.521887 0.5043
0.534826 0.559617
0.501936 0.514032
0.383591 0.327361
0.519351 0.477474
0.481108 0.503747
0.492568 0.509916
0.526545 0.495728
0.3291 0.654975
0.528552 0.434392
0.494649 0.4658
0.549279 0.442737
0.504333 0.523073
0.498562 0.508912
0.750331 0.178966
0.499977 0.506645
0.502088 0.474505
0.478624 0.516966
0.486292 0.51352
0.538132 0.549488
0.50022 0.509175
0.331623 0.494592
0.801335 0.202649
0.548927 0.362322
0.601254 0.454897
0.405344 0.534325
0.716468 0.230118
0.605503 0.432161
0.520678 0.502578
0.558288 0.436781
0.499228 0.486752
0.502429 0.487218
0.475029 0.608487
0.482571 0.508065
0.218088 0.747674
0.535307 0.382503
0.506717 0.537708
0.528916 0.439877
0.53937 0.482344
0.472143 0.680204
0.480512 0.637123
0.48457 0.48336
0.566089 0.423392
0.592697 0.440391
0.345811 0.40741
0.513938 0.494535
0.517557 0.492921
0.537715 0.685534
0.450094 0.529776
0.571392 0.458392
0.526563 0.480958
0.401737 0.894741
0.292404 0.704038
0.482869 0.603849
0.403362 0.576764
0.708078 0.541014
0.471552 0.508642
0.763071 0.391842
0.318888 0.521277
0.527341 0.501512
0.545946 0.500813
0.473523 0.448402
0.744871 0.2668
0.408595 0.396058
0.587548 0.608791
0.512738 0.472472
0.276461 0.751311
0.481317 0.491126
0.688665 0.603459
0.480081 0.523313
0.478433 0.512788
0.505517 0.502774
0.500587 0.483361
0.498155 0.488294
0.528639 0.459413
0.50917 0.480301
0.503025 0.490558
0.545009 0.496827
0.336975 0.708713
0.545177 0.650628
0.552366 0.440293
0.368318 0.301791
0.489255 0.495784
0.507295 0.48904
0.350255 0.47293
0.537964 0.550688
0.510346 0.523325
0.610659 0.54867
0.447306 0.386559
0.497383 0.499366
0.515061 0.494677
0.533711 0.539662
0.579648 0.510366
0.29467 0.788459
0.489381 0.688135
0.613253 0.455969
0.72453 0.274744
0.501205 0.540167
0.495526 0.505544
0.529355 0.520829
0.481154 0.502835
0.512565 0.458324
0.546367 0.411674
0.328412 0.739653
0.499398 0.515223
0.476209 0.50404
0.556392 0.551187
0.477198 0.522002
0.458734 0.521743
0.533161 0.551614
0.517816 0.490332
0.312243 0.476189
0.573963 0.413352
0.460671 0.43222
0.514085 0.514689
0.200642 0.05386
0.642523 0.694304
0.519242 0.471363
0.417647 0.55951
0.520128 0.492159
0.550961 0.500477
0.484407 0.504575
0.493231 0.527795
0.449549 0.539797
0.513445 0.578283
0.488384 0.55182
0.502918 0.514438
0.485339 0.507896
0.484646 0.517319
0.490972 0.529373
0.445175 0.492345
0.520348 0.489624
0.479927 0.48355
0.501605 0.515297
0.321129 0.475145
0.492657 0.538934
0.473026 0.510135
0.509782 0.407394
0.649063 0.699981
0.558166 0.476147
0.532296 0.477623
0.478939 0.474765
0.53796 0.528567
0.477309 0.511316
0.465707 0.493534
0.55432 0.503575
0.510252 0.495626
0.35215 0.477583
0.456432 0.472497
0.520576 0.484871
0.55829 0.483371
0.493437 0.50539
0.29485 0.492893
0.537035 0.540954
0.477819 0.502096
0.462075 0.451634
0.397038 0.476417
0.468749 0.428155
0.500086 0.490505
0.525759 0.498425
0.49863 0.521055
0.479294 0.508147
0.513804 0.486759
0.384919 0.480133
0.569885 0.287583
0.487034 0.506905
0.473378 0.502237
0.41509 0.568189
0.468583 0.477438
0.54259 0.391929
0.497306 0.513794
0.486945 0.469614
0.396265 0.589668
0.46948 0.377284
0.50841 0.458011
0.711492 0.713295
0.203586 0.773083
0.508518 0.480304
0.401867 0.480358
0.502055 0.49542
0.514732 0.423235
0.516311 0.52052
0.564289 0.562925
0.555954 0.703505
0.525357 0.490503
0.492965 0.474132
0.543953 0.518661
0.508701 0.527073
0.49019 0.607768
0.489414 0.532029
0.401449 0.391276
0.585548 0.474051
0.483214 0.49375
0.558488 0.418931
0.539117 0.488939
0.490442 0.491195
0.537073 0.538956
0.413558 0.528132
0.552021 0.672415
0.469286 0.560709
0.488617 0.497087
0.488458 0.524289
0.422484 0.328941
0.48399 0.507607
0.489699 0.501749
0.504504 0.486773
0.489394 0.583112
