0.784523 0.210495
0.0466631 0.640275
0.0781957 0.11932
0.160189 0.510797
0.247336 0.503882
0.437145 0.902479
0.921598 0.635539
0.637022 0.22307
0.137381 0.132884
0.735965 0.394914
0.309325 0.150137
0.485336 0.63389
0.609384 0.84749
0.942859 0.850199
0.0334452 0.404542
0.825648 0.817968
0.615037 0.872311
0.458243 0.693233
0.991631 0.618432
0.204029 0.238967
0.122314 0.641174
0.141446 0.0439116
0.276713 0.778468
0.266981 0.414094
0.911353 0.00294642
0.809008 0.220677
0.153083 0.294344
0.854568 0.762467
0.141834 0.797427
0.612666 0.175279
0.201969 0.438314
0.993247 0.817006
0.310626 0.45149
0.510239 0.302257
0.0699221 0.714268
0.541224 0.192236
0.355443 0.68267
0.236147 0.632156
0.461138 0.503129
0.0462501 0.372491
0.506075 0.855258
0.593168 0.659158
0.149602 0.447736
0.421625 0.291436
0.245163 0.0342916
0.466715 0.447133
0.472606 0.459962
0.264139 0.783232
0.911452 0.774378
0.0854881 0.981374
0.488646 0.626712
0.17361 0.844089
0.309382 0.409757
0.476245 0.77052
0.912886 0.522495
0.143011 0.418961
0.377753 0.736179
0.0781189 0.527355
0.183915 0.499744
0.81879 0.429079
0.534036 0.285505
0.876212 0.00664182
0.745468 0.140351
0.789873 0.65692
0.914729 0.875361
0.638294 0.403375
0.502073 0.811904
0.247464 0.811455
0.221661 0.723708
0.581975 0.134547
0.246203 0.724986
0.553508 0.623956
0.461165 0.631627
0.151311 0.645081
0.131371 0.970101
0.0741596 0.665407
0.255606 0.950371
0.672049 0.00107392
0.0907219 0.461922
0.657994 0.00545061
0.337283 0.296288
0.408826 0.839357
0.108191 0.656289
0.650812 0.329853
0.379998 0.232787
0.464399 0.626201
0.957773 0.0179073
0.250157 0.418938
0.649534 0.401467
0.0640191 0.780905
0.371568 0.138179
0.446312 0.627175
0.0885499 0.11836
0.628249 0.179272
0.580282 0.286242
0.184722 0.917566
0.58253 0.593548
0.756922 0.690721
0.249837 0.407734
0.0205738 0.629835
0.640522 0.484973
0.256035 0.598295
0.502881 0.506192
0.0172331 0.152415
0.907659 0.0812522
0.93332 0.279227
0.219431 0.379631
0.906402 0.307981
0.497992 0.534651
0.487253 0.0782738
0.820893 0.671975
0.995839 0.403423
0.265523 0.752762
0.094144 0.51536
0.160496 0.114718
0.145195 0.801018
0.599691 0.401231
0.399313 0.102572
0.907423 0.416546
0.254986 0.815082
0.497798 0.188306
0.0943095 0.717229
0.567937 0.000711694
0.0252097 0.0659286
0.535362 0.512462
0.144202 0.356255
0.184438 0.140042
0.759678 0.449961
0.892804 0.853822
0.965321 0.0533
0.96854 0.110517
0.854318 0.568231
0.511747 0.253631
0.670803 0.41917
0.670176 0.925789
0.234252 0.167974
0.114095 0.328562
0.885203 0.682032
0.329273 0.910413
0.74796 0.864636
0.422875 0.892163
0.220891 0.607313
0.0322044 0.98057
0.0572735 0.925008
0.834392 0.0225947
0.978308 0.802932
0.133111 0.832626
0.371163 0.644859
0.0862567 0.0419659
0.0640287 0.756433
0.967755 0.298281
0.924407 0.0818496
0.626842 0.80961
0.763881 0.956116
0.720023 0.511842
0.820752 0.142898
0.404004 0.0416429
0.750211 0.436209
0.0222125 0.807484
0.361217 0.856604
0.830079 0.339525
0.659536 0.96319
0.172151 0.0306994
0.608049 0.258407
0.0726652 0.672078
0.0148404 0.0404201
0.970359 0.939248
0.12227 0.597201
0.748858 0.886151
0.553317 0.468881
0.397993 0.374068
0.61178 0.801997
0.415711 0.361991
0.238205 0.437924
0.169475 0.599422
0.294528 0.999554
0.938946 0.954064
0.962745 0.111097
0.984764 0.570794
0.369504 0.0574289
0.242872 0.384345
0.097849 0.21323
0.323592 0.220119
0.810431 0.0724506
0.10627 0.363748
0.541332 0.504262
0.737817 0.153112
0.306259 0.153528
0.515103 0.544464
0.591452 0.684578
0.143886 0.88598
0.684132 0.0828324
0.840044 0.646877
0.193929 0.824808
0.217671 0.563434
0.882237 0.460543
0.947778 0.980086
0.673774 0.271371
0.200204 0.484205
0.343821 0.306474
0.847953 0.885154
0.810736 0.58577
0.0382653 0.116995
0.739298 0.553368
0.661459 0.330749
0.237946 0.805345
0.216729 0.922078
0.888177 0.056773
0.568955 0.0821068
0.881581 0.786627
0.645541 0.763817
0.24717 0.593319
0.743903 0.920943
0.86469 0.944107
0.405148 0.208511
0.250581 0.253102
0.0936648 0.0613173
0.838871 0.13193
0.178312 0.578169
0.685298 0.839771
0.908918 0.923244
0.645116 0.125647
0.845322 0.533294
0.18242 0.414277
0.615401 0.0640007
0.200904 0.260941
0.827818 0.448074
0.85426 0.571721
0.369017 0.71895
0.515828 0.774166
0.927461 0.766409
0.0272673 0.021126
0.827727 0.866139
0.153056 0.00603875
0.444307 0.838354
0.84581 0.353226
0.761598 0.490926
0.478873 0.60692
0.0242203 0.661293
0.021197 0.639621
0.725293 0.222101
0.900562 0.553111
0.670175 0.754822
0.124832 0.0391923
0.473772 0.64066
0.813358 0.401233
0.40707 0.840625
0.422359 0.234796
0.706764 0.575415
0.240835 0.151071
0.413769 0.086645
0.504297 0.175367
0.577571 0.98317
0.782287 0.601792
0.644462 0.803484
0.241413 0.369756
0.0255849 0.141975
0.922867 0.69576
0.896797 0.0476994
0.734952 0.370569
0.68836 0.54831
0.771803 0.0954294
0.388936 0.194162
0.330226 0.0956994
0.769578 0.571061
0.246771 0.183347
0.657706 0.751068
0.358714 0.235277
0.734237 0.141001
0.837069 0.378699
0.944485 0.0784815
0.748455 0.97007
0.220456 0.671322
0.66583 0.117254
0.719022 0.400782
0.487823 0.407381
0.949093 0.259626
0.502811 0.338028
0.453788 0.833036
0.433727 0.223366
0.404097 0.680498
0.406713 0.0618025
0.431566 0.765427
0.29708 0.165803
0.906429 0.134148
0.544502 0.850914
0.21263 0.292958
0.820985 0.433086
0.96428 0.486815
0.55034 0.683301
0.887597 0.0381627
0.0906825 0.83669
0.297788 0.593493
0.174718 0.751576
0.42653 0.608445
0.974942 0.830626
0.288943 0.381655
0.892429 0.720509
0.147082 0.189508
0.886312 0.0535108
0.323657 0.430815
0.904425 0.536287
0.723772 0.725409
0.969373 0.688052
0.212224 0.519712
0.371353 0.0998213
0.557875 0.462036
0.936511 0.855663
0.0555288 0.111229
0.60724 0.482058
0.719674 0.582182
0.312685 0.00861735
0.963837 0.205114
0.729127 0.110919
0.394622 0.615439
0.16443 0.718279
0.046254 0.0688547
0.254566 0.770026
0.794264 0.223938
0.458078 0.00648825
0.743651 0.829432
0.10631 0.301526
0.291467 0.0428205
0.157189 0.346996
0.154049 0.764429
0.829054 0.873723
0.346611 0.141739
0.88234 0.310448
0.346853 0.611467
0.421367 0.741476
0.226906 0.585797
0.459755 0.27316
0.654652 0.71432
0.0431865 0.448916
0.938259 0.501265
0.455404 0.681909
0.330696 0.561714
0.983435 0.622164
0.604534 0.140624
0.96916 0.758583
0.905053 0.798214
0.632306 0.251665
0.939954 0.514647
0.562113 0.286807
0.126114 0.98348
0.0282826 0.35302
0.569277 0.488037
0.62618 0.223929
0.202358 0.669367
0.672845 0.140616
0.170632 0.128249
0.822526 0.501328
0.689962 0.805961
0.123492 0.294496
0.946585 0.0926515
0.0530797 0.851639
0.890866 0.685386
0.103303 0.830819
0.200033 0.665416
0.117626 0.326147
0.648896 0.145909
0.679167 0.218174
0.633946 0.305347
0.442102 0.836304
0.974714 0.114947
0.976921 0.145345
0.243196 0.799447
0.646673 0.933158
0.605408 0.770165
0.227655 0.551993
0.862817 0.280735
0.403632 0.753682
0.966121 0.506935
0.584502 0.166153
0.172351 0.702128
0.4923 0.821248
0.848037 0.171467
0.0394211 0.481984
0.476814 0.481524
0.318288 0.451527
0.596471 0.295208
0.596872 0.839667
0.094655 0.243546
0.772825 0.700063
0.0137105 0.000479749
0.252055 0.876527
0.281214 0.655687
0.630209 0.247335
0.162622 0.214711
0.413488 0.334973
0.91684 0.905788
0.156221 0.764877
0.077255 0.195642
0.24686 0.554069
0.677166 0.565148
0.00559573 0.273636
0.860357 0.602468
0.113303 0.955012
0.846014 0.886128
0.655074 0.859724
0.886608 0.90713
0.736251 0.167822
0.562817 0.366461
0.415157 0.725439
0.581172 0.828645
0.0604123 0.498011
0.734433 0.216633
0.262888 0.811688
0.412275 0.509749
0.365757 0.0894407
0.0748968 0.371353
0.363077 0.935254
0.973821 0.47638
0.890265 0.819834
0.362508 0.54534
0.679558 0.249115
0.45247 0.41581
0.416937 0.0152868
0.78227 0.832094
0.740726 0.363442
0.660739 0.801138
0.861453 0.395172
0.0177712 0.124341
0.206861 0.430046
0.63409 0.572618
0.519487 0.708986
0.943971 0.882564
0.64424 0.917792
0.358944 0.534506
0.737626 0.721452
0.0798455 0.417184
0.970567 0.532315
0.832994 0.387504
0.547602 0.615264
0.219598 0.288328
0.978706 0.880337
0.0894659 0.840159
0.275509 0.107237
0.9645 0.48237
0.537284 0.598589
0.0549877 0.0567706
0.307576 0.998958
0.939335 0.951816
0.91675 0.298279
0.486321 0.654376
0.0197301 0.566167
0.0715603 0.990297
0.0984822 0.904554
0.377801 0.646084
0.519818 0.597398
0.934412 0.498524
0.477735 0.023878
0.338683 0.753244
0.131115 0.303182
0.235613 0.668399
0.901772 0.290601
0.725169 0.209348
0.28956 0.664504
0.161164 0.20631
0.962782 0.647485
0.860686 0.982512
0.213652 0.932246
0.972809 0.312134
0.8368 0.35061
0.958219 0.356618
0.948008 0.892631
0.855142 0.425743
0.916509 0.193825
0.178987 0.0476238
0.497007 0.4146
0.716022 0.398779
0.705201 0.441192
0.608127 0.994761
0.105696 0.76929
0.201071 0.068478
0.416775 0.0617562
0.0509904 0.630427
0.994002 0.0237997
0.942562 0.830802
0.37441 0.90078
0.187421 0.322418
0.793411 0.0425627
0.74816 0.709919
0.236387 0.927147
0.757543 0.733394
0.341747 0.473566
0.132173 0.0469484
0.914757 0.7403
0.0417093 0.0204527
0.50959 0.24278
0.0889307 0.926365
0.304536 0.139921
0.556793 0.298538
0.163721 0.499354
0.129341 0.53813
0.400134 0.316761
0.860548 0.193545
0.359324 0.608708
0.903464 0.595711
0.535856 0.661008
0.329106 0.877603
0.134573 0.461279
0.924551 0.0493304
0.201579 0.96626
0.0697831 0.711169
0.20904 0.158714
0.637534 0.513577
0.298635 0.194327
0.812115 0.462356
0.693681 0.941456
0.000486101 0.0938152
0.258217 0.861034
0.28736 0.617541
0.469743 0.190825
0.213252 0.00559809
0.851832 0.542358
0.883201 0.986406
0.00363684 0.807752
0.035736 0.205216
0.774012 0.105519
0.916385 0.983053
0.264233 0.553919
0.496629 0.562868
0.748246 0.308744
0.0252236 0.441927
0.2502 0.0257097
0.535742 0.508416
0.886744 0.823102
0.125957 0.356486
0.0139267 0.339209
0.362084 0.865759
0.881567 0.245285
0.852165 0.885204
0.053037 0.887901
0.0904194 0.827049
0.99342 0.00680406
0.810102 0.257653
0.560723 0.306731
0.82052 0.308969
0.615475 0.845744
0.750895 0.865674
0.871454 0.286637
0.374091 0.758197
0.109739 0.500048
0.114684 0.123666
0.839257 0.476768
0.989425 0.720823
0.722053 0.841589
0.606027 0.77509
0.72949 0.696446
0.60214 0.72291
0.70325 0.412242
0.980562 0.263973
0.718973 0.801083
0.572942 0.334448
0.646827 0.323837
0.200122 0.51828
0.610474 0.574213
0.276478 0.720213
0.0742605 0.391162
0.843879 0.913517
0.86793 0.833304
0.634341 0.589983
0.674893 0.240368
0.365074 0.404383
0.936814 0.967213
0.127292 0.640065
0.379455 0.107855
0.904038 0.0984275
0.908937 0.47698
0.432875 0.555764
0.800817 0.632997
0.0740443 0.411292
0.20721 0.350522
0.131505 0.28147
0.741684 0.975384
0.194987 0.609614
0.808687 0.829328
0.199597 0.48358
0.0696959 0.564671
0.887963 0.0065101
0.531884 0.0152555
0.646575 0.911339
0.12311 0.550613
0.00976695 0.0320472
0.0275931 0.442642
0.587811 0.828411
0.075639 0.661855
0.239702 0.282849
0.0123777 0.371207
0.564319 0.754062
0.346591 0.759307
0.363676 0.155278
0.588635 0.563273
0.638859 0.658331
0.127944 0.526822
0.664841 0.659828
0.542077 0.311416
0.571168 0.665187
0.862028 0.580935
0.697234 0.889621
0.0235766 0.285046
0.718032 0.0992156
0.946901 0.957734
0.382064 0.959279
0.328941 0.946383
0.71334 0.675532
0.70569 0.0770159
0.830811 0.294325
0.640289 0.46967
0.952655 0.768233
0.996491 0.617496
0.428061 0.538569
0.928912 0.999229
0.203756 0.79094
0.580163 0.90099
0.680562 0.60374
0.186036 0.398594
0.702955 0.132937
0.356328 0.0850199
0.0922158 0.685269
0.0314034 0.805556
0.360802 0.737093
0.882572 0.191613
0.0314182 0.522861
0.661282 0.984074
0.291093 0.657774
0.60157 0.719154
0.196342 0.530482
0.718383 0.400098
0.321422 0.298546
0.301088 0.00198381
0.902286 0.487124
0.400578 0.605241
0.620061 0.756906
0.690261 0.712277
0.442175 0.721664
0.517833 0.802977
0.458758 0.400405
0.99459 0.490176
0.923266 0.655872
0.47425 0.214359
0.313646 0.0758199
0.933513 0.509988
0.606302 0.651896
0.910086 0.927724
0.950442 0.211174
0.929708 0.852728
0.698298 0.330285
0.457969 0.318359
0.0871907 0.14823
0.0306354 0.529366
0.869894 0.548468
0.332343 0.328652
0.948873 0.326932
0.818828 0.872139
0.982804 0.293078
0.0864984 0.29645
0.368898 0.0200117
0.806438 0.9752
0.671908 0.716523
0.902924 0.62235
0.927697 0.832631
0.475077 0.625995
0.162916 0.933046
0.944353 0.250107
0.0812759 0.974989
0.779473 0.95117
0.523457 0.111815
0.279823 0.47233
0.438747 0.0986509
0.344469 0.421552
0.391729 0.430968
0.718001 0.760627
0.45098 0.524439
0.735827 0.122887
0.240962 0.638751
0.745237 0.168659
0.471382 0.220314
0.794654 0.634298
0.15336 0.739007
0.884405 0.234636
0.713996 0.663877
0.185806 0.237453
0.775693 0.465629
0.709783 0.21444
0.56428 0.0542524
0.635992 0.956009
0.48522 0.353993
0.716636 0.9362
0.878432 0.452463
0.059087 0.119394
0.0912141 0.804324
0.288054 0.562596
0.0246381 0.0827074
0.196894 0.177998
0.821714 0.0812987
0.412635 0.53571
0.745176 0.598441
0.773163 0.520869
0.06407 0.482946
0.735309 0.62835
0.537198 0.3713
0.584359 0.0224184
0.725293 0.300995
0.958618 0.603725
0.753459 0.0177051
0.72312 0.844673
0.822029 0.0111733
0.407269 0.846667
0.0938807 0.604163
0.0246656 0.915595
0.685461 0.4373
0.451305 0.430637
0.0357411 0.224468
0.951506 0.0998111
0.707414 0.686815
0.728161 0.244612
0.0581148 0.31252
0.267031 0.783408
0.613516 0.225649
0.387133 0.366975
0.243354 0.110253
0.211647 0.0653829
0.121426 0.618916
0.91205 0.215307
0.223079 0.936716
0.130902 0.90854
0.374016 0.582207
0.339177 0.409757
0.806676 0.290683
0.509568 0.51409
0.977498 0.237729
0.758702 0.0356128
0.550249 0.0257323
0.819021 0.163765
0.251381 0.206154
0.530739 0.494735
0.316407 0.742387
0.560118 0.437834
0.361303 0.472168
0.653141 0.584382
0.408884 0.784043
0.492922 0.782899
0.36625 0.832099
0.192656 0.172926
0.122782 0.702224
0.687015 0.10028
0.939953 0.445717
0.135893 0.490202
0.471449 0.954914
0.653967 0.72283
0.161068 0.184706
0.217565 0.477476
0.927093 0.777683
0.915309 0.288395
0.249851 0.56845
0.872777 0.658734
0.352492 0.365699
0.441634 0.718742
0.197798 0.63429
0.891668 0.32058
0.336514 0.578683
0.42086 0.276467
0.0243997 0.556754
0.766669 0.495849
0.511668 0.420636
0.218679 0.672736
0.605342 0.436244
0.150212 0.532434
0.213927 0.0655207
0.82083 0.463778
0.63397 0.693607
0.122512 0.986463
0.0593056 0.564146
0.705205 0.257103
0.198435 0.596873
0.577683 0.534949
0.175555 0.998544
0.811416 0.199955
0.555298 0.578085
0.695804 0.0669654
0.99872 0.914483
0.739701 0.604062
0.350727 0.889913
0.136496 0.564654
0.955434 0.957326
0.0284317 0.589404
0.650933 0.150944
0.575867 0.710238
0.715089 0.281071
0.967342 0.913524
0.877944 0.545025
0.448473 0.0534993
0.543569 0.259889
0.253454 0.0988667
0.837974 0.949258
0.165832 0.836694
0.863741 0.905533
0.440756 0.214468
0.795446 0.577252
0.779122 0.75088
0.534578 0.807554
0.340284 0.185511
0.958497 0.916151
0.895749 0.673587
0.197222 0.863091
0.587111 0.0751662
0.408116 0.0355847
0.128665 0.951685
0.295474 0.38212
0.0505517 0.133448
0.331378 0.216384
0.970142 0.195119
0.121917 0.410898
0.409587 0.917364
0.988151 0.188709
0.668244 0.522729
0.996263 0.00852825
0.70824 0.954761
0.924679 0.603989
0.628348 0.121901
0.467079 0.215459
0.197068 0.875195
0.251043 0.325733
0.82688 0.546517
0.707853 0.877432
0.679965 0.039231
0.0938157 0.650107
0.23435 0.215733
0.0610057 0.643937
0.133097 0.0491564
0.832647 0.801341
0.571885 0.82891
0.809869 0.280125
0.783671 0.734548
0.884113 0.412019
0.85645 0.351193
0.627477 0.0535172
0.226388 0.878521
0.37925 0.0532679
0.425038 0.0871033
0.9307 0.105003
0.126334 0.0245155
0.755111 0.360684
0.240249 0.816116
0.00462191 0.373345
0.865273 0.837269
0.174686 0.437158
0.666179 0.984555
0.717283 0.44985
0.719103 0.601396
0.861869 0.575553
0.952588 0.489346
0.62907 0.178976
0.367867 0.00832052
0.232244 0.792905
0.0954238 0.162944
0.897908 0.221758
0.187459 0.653019
0.582443 0.427708
0.469135 0.587064
0.801053 0.334408
0.424333 0.975739
0.771565 0.0905126
0.960294 0.488848
0.540363 0.679398
0.0902437 0.402232
0.254951 0.042832
0.891578 0.884021
0.221808 0.259445
0.892341 0.454052
0.05235 0.987765
0.616996 0.950258
0.209523 0.804455
0.603277 0.791966
0.232163 0.0724117
0.37903 0.0332163
0.406819 0.803364
0.0089556 0.178385
0.893876 0.96925
0.667232 0.434239
0.648648 0.757476
0.836471 0.903598
0.800308 0.728049
0.787619 0.0221163
0.987494 0.67996
0.476168 0.0398441
0.667725 0.0931644
0.990102 0.877248
0.89762 0.593379
0.669214 0.129783
0.665791 0.0482445
0.162999 0.0726099
0.851608 0.171955
0.250994 0.745484
0.141205 0.918227
0.179723 0.789852
0.675703 0.016194
0.693451 0.476011
0.744243 0.48107
0.498127 0.731737
0.16103 0.974296
0.771581 0.828755
0.0674602 0.761684
0.706004 0.96508
0.355063 0.375218
0.0948627 0.0208532
0.423462 0.257862
0.0934631 0.27507
0.429817 0.344458
0.0205545 0.571021
0.262684 0.200278
0.360874 0.938387
0.216472 0.0543243
0.414398 0.960715
0.535394 0.912526
0.692452 0.696424
0.886822 0.464033
0.525179 0.954282
0.225717 0.231182
0.919362 0.580779
0.6064 0.0142245
0.601632 0.0298624
0.272086 0.695096
0.304933 0.701903
0.0395531 0.325487
0.272924 0.302237
0.525765 0.633798
0.240625 0.742236
0.688122 0.655023
0.702951 0.223516
0.567549 0.395403
0.91994 0.454371
0.859436 0.445119
0.408652 0.0851529
0.676301 0.328014
0.665932 0.282701
0.342239 0.267565
0.312564 0.614325
0.96266 0.617497
0.316228 0.00221315
0.942984 0.589152
0.304451 0.468748
0.22295 0.545075
0.210985 0.911072
0.200098 0.913936
0.134588 0.767647
0.309339 0.0545284
0.222018 0.168775
0.499647 0.63067
0.253928 0.175948
0.958685 0.91986
0.45865 0.300923
0.187425 0.771214
0.915249 0.150085
0.38871 0.231477
0.152298 0.331694
0.820629 0.456749
0.800442 0.0435788
0.00182398 0.0114272
0.954651 0.201922
0.925363 0.0892395
0.96957 0.234702
0.143768 0.191588
0.403478 0.643415
0.822258 0.657406
0.819364 0.780943
0.577266 0.278013
0.0818665 0.764691
0.049227 0.997115
0.914776 0.437937
0.228592 0.0670743
0.769631 0.0492204
0.523823 0.570073
0.0927991 0.525647
0.5815 0.0474502
0.727569 0.506864
0.13669 0.697139
0.741566 0.280458
0.888727 0.145044
0.923873 0.710985
0.80245 0.743236
0.491928 0.379717
0.0212496 0.573795
0.144408 0.0704766
0.57091 0.0591843
0.508414 0.799502
0.126259 0.278045
0.848722 0.650082
0.848118 0.941521
0.175729 0.429618
0.988971 0.903298
0.936482 0.125661
0.600437 0.678048
0.406119 0.489164
0.823092 0.329991
0.20015 0.625542
0.0732276 0.692078
0.00525895 0.0944772
0.265873 0.149667
0.164954 0.836783
0.208851 0.673368
0.636284 0.33511
0.951412 0.485006
0.985191 0.79953
0.461903 0.20417
0.229149 0.415499
0.064218 0.165631
0.54116 0.664655
0.843679 0.947278
0.15382 0.666771
0.277269 0.353969
0.292313 0.350497
0.0460473 0.297572
0.444974 0.31192
0.447239 0.609928
0.148703 0.65609
0.283296 0.784987
0.9912 0.234708
0.269994 0.976391
0.0342382 0.696521
0.137312 0.263387
0.112019 0.20153
0.429017 0.653179
0.866185 0.272696
0.600457 0.0200044
0.939467 0.877727
0.373974 0.23178
0.228224 0.420021
0.529352 0.673198
0.731941 0.976591
0.283126 0.880644
0.632681 0.566421
0.665632 0.623881
0.801129 0.935625
0.600272 0.835368
0.632146 0.737584
0.0987544 0.744166
0.939114 0.527772
0.397345 0.805298
0.800468 0.997802
0.825303 0.739935
0.875528 0.199277
0.971714 0.103752
0.619298 0.501066
0.77695 0.351239
0.477657 0.0600755
0.231883 0.110338
0.626497 0.897515
0.734219 0.427626
0.83314 0.334491
0.262994 0.465286
0.072075 0.361748
0.209452 0.0111886
0.88952 0.606797
0.816487 0.689988
0.604599 0.64179
0.429922 0.480127
0.841066 0.401637
0.583879 0.460364
0.902703 0.360829
0.811603 0.38036
0.420904 0.0434858
0.490697 0.047401
0.941001 0.224916
0.475027 0.774141
0.559407 0.738021
0.239427 0.631482
0.0997693 0.448879
0.642671 0.989289
0.0556757 0.459158
0.679277 0.660274
0.100947 0.109199
0.140401 0.942014
0.510836 0.72428
0.402378 0.413539
0.0851088 0.213981
0.793898 0.506013
0.257466 0.284596
0.553414 0.198467
0.509512 0.0284411
0.972608 0.0689185
0.766462 0.212035
0.700401 0.866231
0.660913 0.343071
0.855521 0.716589
0.802229 0.534798
0.376864 0.903176
0.643997 0.517265
0.84519 0.154833
0.241545 0.247568
0.568372 0.326654
0.461548 0.362271
0.832667 0.719015
0.646866 0.386081
0.917482 0.156378
0.414522 0.89009
0.225296 0.180984
0.102124 0.925697
0.0472154 0.763038
0.268768 0.902736
0.479627 0.0709965
0.437534 0.85649
0.974173 0.0815309
0.373755 0.819362
0.236364 0.6153
0.0669301 0.804736
0.941954 0.528478
0.167007 0.774621
0.247493 0.813873
0.160702 0.164975
0.970251 0.575224
0.0550647 0.195547
0.756208 0.157189
0.121244 0.803424
0.920226 0.390012
0.70616 0.399853
0.461009 0.143694
0.256344 0.435181
0.225224 0.630099
0.254544 0.461589
0.245399 0.321474
0.266325 0.187354
0.849952 0.433332
0.961975 0.0974452
0.247205 0.122677
0.26242 0.217455
0.697902 0.317485
0.413003 0.45411
0.474674 0.534247
0.257533 0.3949
0.924259 0.963693
0.794753 0.385268
0.107387 0.0510968
0.820449 0.332611
0.681196 0.0749924
0.7942 0.926595
0.396466 0.0605247
0.113949 0.246418
0.493856 0.0759241
0.343863 0.741061
0.198602 0.606283
0.958517 0.896503
0.923769 0.371519
0.350613 0.398442
0.905766 0.608146
0.793342 0.830025
0.57184 0.588096
0.215293 0.679226
0.639192 0.0357417
0.0118375 0.320388
0.110734 0.806037
0.246983 0.5072
0.866562 0.360932
0.753618 0.360418
0.436856 0.097481
0.101479 0.635458
0.703764 0.059996
0.531961 0.627533
0.431515 0.882574
0.0259753 0.337281
0.49072 0.819318
0.167307 0.0625599
0.407413 0.382599
0.741786 0.0466056
0.418341 0.753624
0.366994 0.529075
0.559661 0.613977
0.0362751 0.426223
0.974908 0.789893
0.786642 0.411764
0.887374 0.888121
0.047222 0.591138
0.948117 0.579183
0.218671 0.379632
0.461757 0.244647
0.716914 0.952477
0.0639643 0.88422
0.0150366 0.471378
0.26682 0.756823
0.517983 0.685161
0.510446 0.884977
0.214236 0.0701075
0.498953 0.250511
0.496331 0.473862
0.0404041 0.282972
0.885626 0.927778
0.171093 0.932848
0.518917 0.11921
0.512031 0.737588
0.498843 0.973787
0.982235 0.215756
0.926264 0.046199
0.0999767 0.941301
0.517577 0.366796
0.698124 0.0355597
0.0519573 0.20857
0.920537 0.266193
0.278678 0.41949
0.516704 0.775008
0.893352 0.557109
0.0579805 0.778978
0.484887 0.229074
0.711826 0.00380319
0.348284 0.223857
0.741391 0.847127
0.197645 0.723626
0.062883 0.123909
0.769825 0.16286
0.0652098 0.287401
0.529656 0.763333
0.322961 0.581613
0.971904 0.243498
0.847807 0.250581
0.662988 0.364511
0.0255895 0.556339
0.92162 0.08357
0.335317 0.406506
0.312644 0.0471436
0.41031 0.660928
0.271001 0.151701
0.508055 0.468645
0.875327 0.570938
0.592554 0.645151
0.733797 0.657764
0.932553 0.263453
0.421098 0.255514
0.845067 0.393001
0.499011 0.692874
0.643582 0.161999
0.0573848 0.669172
0.718338 0.979005
0.752742 0.0536555
0.385511 0.0653858
0.100799 0.795821
0.726314 0.3718
0.947521 0.234368
0.840445 0.822848
0.805306 0.433
0.467999 0.539103
0.0907639 0.400552
0.802557 0.511862
0.656066 0.647624
0.904863 0.155077
0.340497 0.548445
0.317076 0.397882
0.217617 0.0354142
0.376886 0.970359
0.0890697 0.762397
0.035745 0.189869
0.558218 0.762059
0.561669 0.50574
0.996427 0.402114
0.328588 0.801733
0.835114 0.796587
0.340836 0.925878
0.197139 0.143393
0.437739 0.853205
0.791016 0.342602
0.00828226 0.131513
0.891047 0.325358
0.529395 0.108664
0.360772 0.906282
0.0790236 0.449842
0.668679 0.114769
0.639711 0.226897
0.876827 0.20138
0.732637 0.873254
0.603494 0.0612245
0.674987 0.438608
0.857812 0.0158232
0.364486 0.0549508
0.159216 0.802225
0.908156 0.950232
0.144827 0.916438
0.0817457 0.035874
0.241796 0.611141
0.144538 0.602569
0.517423 0.223562
0.052411 0.186102
0.338331 0.692122
0.412999 0.215158
0.893502 0.145636
0.0884122 0.496996
0.206861 0.763399
0.935603 0.0646723
0.779223 0.300089
0.119623 0.938439
0.102314 0.0277788
0.888671 0.24714
0.944217 0.970417
0.283014 0.186013
0.581558 0.427553
0.788582 0.0989802
0.651115 0.840993
0.285082 0.989446
0.533115 0.698081
0.204603 0.426617
0.843718 0.293016
0.923612 0.0505783
0.0564149 0.859216
0.115251 0.835637
0.159304 0.234874
0.774076 0.261618
0.262652 0.662747
0.508758 0.206869
0.633163 0.791773
0.392883 0.214721
0.219326 0.181465
0.313701 0.870441
0.022458 0.598783
0.859886 0.555573
0.296865 0.0644895
0.98219 0.140582
0.357505 0.905802
0.191161 0.41392
0.765018 0.306411
0.249557 0.924323
0.541285 0.0236335
0.18594 0.803937
0.68638 0.694699
0.0108064 0.319544
0.486472 0.403689
0.534265 0.705797
0.585154 0.847966
0.576238 0.607612
0.446749 0.436124
0.163185 0.743614
0.500613 0.145375
0.884196 0.858119
0.0511775 0.075357
0.272039 0.816196
0.381768 0.521596
0.740518 0.923053
0.54523 0.926459
0.72699 0.23161
0.621157 0.737796
0.551154 0.107629
0.141485 0.0854184
0.813426 0.726639
0.933384 0.389664
0.334251 0.380134
0.825788 0.497436
0.123748 0.326401
0.642811 0.00794405
0.18452 0.693989
0.0833011 0.456559
0.510184 0.465069
0.978155 0.250702
0.388122 0.523384
0.177161 0.115112
0.754994 0.798318
0.852909 0.306148
0.905947 0.994394
0.391566 0.719374
0.721033 0.324951
0.109038 0.0552844
0.705084 0.934826
0.552721 0.828832
0.261227 0.195532
0.836776 0.445747
0.88952 0.920077
0.902306 0.399705
0.385146 0.88046
0.650407 0.773268
0.403844 0.827568
0.888381 0.158839
0.625886 0.741289
0.464986 0.531834
0.735683 0.856553
0.251208 0.456717
0.181503 0.360245
0.512001 0.886587
0.295071 0.0647216
0.715419 0.556298
0.260253 0.552195
0.00204544 0.149774
0.472272 0.904351
0.549478 0.857418
0.784811 0.199885
0.630687 0.188656
0.0274534 0.519067
0.347494 0.65334
0.260356 0.812481
0.185174 0.99604
0.669034 0.436381
0.452756 0.850537
0.796627 0.964757
0.737124 0.0916978
0.0294788 0.452543
0.647996 0.289732
0.0047383 0.650042
0.439506 0.47701
0.554393 0.988984
0.334428 0.339204
0.188869 0.965115
0.52786 0.216323
0.484182 0.875354
0.869663 0.744538
0.687835 0.0548364
0.740578 0.356869
0.491218 0.193334
0.207406 0.287844
0.158091 0.94453
0.379542 0.18757
0.397073 0.0275383
0.477302 0.401811
0.67758 0.916808
0.878822 0.231972
0.905792 0.21325
0.571176 0.0946608
0.178365 0.0990364
0.310983 0.662547
0.974391 0.180646
0.407085 0.662226
0.235482 0.147663
0.0190952 0.7267
0.340997 0.226501
0.0145445 0.499088
0.171031 0.394087
0.686658 0.568104
0.462639 0.209891
0.969915 0.0992047
0.0807673 0.848737
0.331177 0.986559
0.0619871 0.902354
0.0812197 0.240352
0.00139007 0.392203
0.902899 0.975781
0.572849 0.309984
0.638007 0.808332
0.457647 0.657102
0.535032 0.798643
0.883603 0.549576
0.297731 0.054634
0.943663 0.984389
0.622738 0.365288
0.148349 0.592653
0.464493 0.229116
0.44139 0.79567
0.215675 0.503378
0.698024 0.296894
0.74373 0.699414
0.689098 0.646628
0.675195 0.261947
0.956612 0.313202
0.0702786 0.414259
0.970304 0.60531
0.212902 0.853907
0.154887 0.510633
0.908541 0.0985498
0.495022 0.531279
0.463838 0.64337
0.123932 0.928331
0.872486 0.565323
0.724 0.0881609
0.0687006 0.422024
0.385055 0.81243
0.121438 0.0741531
0.459058 0.796632
0.3361 0.41567
0.109834 0.406379
0.829929 0.0801379
0.0116891 0.0428307
0.934045 0.166576
0.553464 0.842586
0.265126 0.0484853
0.373865 0.728963
0.691856 0.497798
0.657294 0.564342
0.0631209 0.381294
0.652503 0.131822
0.803318 0.0375581
0.944252 0.924756
0.111711 0.40331
0.721388 0.447811
0.818981 0.831222
0.85419 0.64891
0.91136 0.865879
0.69174 0.845405
0.0324548 0.245204
0.687991 0.29758
0.293689 0.0618565
0.0265438 0.985545
0.559654 0.683838
0.549887 0.622775
0.065132 0.202389
0.754597 0.86845
0.239947 0.698849
0.793206 0.351659
0.102159 0.514594
0.79947 0.921139
0.345816 0.65366
0.570049 0.257175
0.519539 0.261789
0.10258 0.551994
0.506993 0.790571
0.849574 0.800682
0.852427 0.876118
0.786227 0.412082
0.559955 0.336114
0.0348572 0.625087
0.538503 0.789454
0.493538 0.77845
0.488303 0.286744
0.130109 0.590461
0.801338 0.929579
0.511601 0.147153
0.583239 0.0816494
0.404328 0.102778
0.343438 0.506908
0.654771 0.850431
0.297479 0.504345
0.651114 0.149906
0.380463 0.437341
0.561988 0.940418
0.773454 0.596845
0.565505 0.311957
0.386299 0.059043
0.0904076 0.874602
0.345787 0.220517
0.465064 0.147124
0.150096 0.976664
0.294277 0.733335
0.0583136 0.698606
0.836112 0.401752
0.205514 0.490884
0.252183 0.502993
0.995229 0.903297
0.652899 0.375692
0.340637 0.214887
0.31611 0.114092
0.811732 0.881615
0.426049 0.198032
0.940658 0.516456
0.072634 0.286445
0.736973 0.537698
0.433569 0.887069
0.514362 0.727847
0.620404 0.572675
0.426452 0.456516
0.974427 0.631966
0.9474 0.226611
0.134959 0.942629
0.129908 0.787858
0.318321 0.470545
0.0027449 0.63443
0.584637 0.814477
0.516046 0.0106857
0.012509 0.456704
0.527142 0.085143
0.743149 0.264115
0.622841 0.176719
0.151184 0.137202
0.904565 0.771588
0.709878 0.331018
0.228104 0.684305
0.962984 0.175504
0.910916 0.0979427
0.118132 0.0408239
0.885801 0.436453
0.511369 0.888545
0.0708833 0.0960061
0.703023 0.586929
0.106692 0.715532
0.0436332 0.633834
0.800675 0.786782
0.897949 0.423515
0.963501 0.0491329
0.560718 0.868066
0.820721 0.270596
0.199084 0.0488243
0.954901 0.162068
0.224328 0.865817
0.260011 0.34246
0.906641 0.145811
0.778913 0.41801
0.0343567 0.849796
0.514016 0.737379
0.436725 0.620708
0.452911 0.480359
0.254542 0.253586
0.267141 0.152491
0.677101 0.230642
0.201624 0.237819
0.0987085 0.0223441
0.508414 0.297793
0.0711684 0.463315
0.45986 0.295496
0.329132 0.719871
0.637957 0.235773
0.865682 0.41687
0.653783 0.900039
0.266666 0.167799
0.637418 0.703391
0.788507 0.0903294
0.18375 0.0430483
0.343915 0.450891
0.195539 0.0210166
0.681533 0.397162
0.258835 0.780242
0.419507 0.76725
0.0780343 0.490675
0.230565 0.537895
0.786171 0.559697
0.257766 0.424128
0.79547 0.123448
0.840997 0.449253
0.0234867 0.107663
0.617052 0.660905
0.811055 0.405558
0.751234 0.994805
0.448607 0.0951498
0.445696 0.644145
0.116166 0.127229
0.0413079 0.375002
0.907471 0.460814
0.142252 0.985505
0.951489 0.372817
0.523399 0.73766
0.932514 0.781165
0.161788 0.727984
0.904613 0.00278549
0.177237 0.9281
0.110449 0.794288
0.589005 0.921503
0.199847 0.340239
0.916308 0.648453
0.435389 0.362004
0.292599 0.551555
0.489232 0.333906
0.926557 0.396703
0.794721 0.0688088
0.382208 0.74621
0.441626 0.905607
0.483871 0.37414
0.686773 0.645659
0.102124 0.591386
0.648444 0.279361
0.519485 0.758893
0.073649 0.10849
0.680396 0.273496
0.448729 0.596704
0.921949 0.884118
0.958708 0.214547
0.435673 0.447941
0.548454 0.36223
0.844644 0.343175
0.431039 0.226851
0.0893848 0.872665
0.132459 0.573255
0.246805 0.819231
0.218914 0.348928
0.410617 0.867358
0.628289 0.930102
0.626251 0.701938
0.0385922 0.306648
0.975434 0.487321
0.903352 0.897382
0.371439 0.86206
0.11193 0.807113
0.310001 0.660384
0.169343 0.154644
0.00355843 0.600382
0.381496 0.0929433
0.473047 0.513955
0.666199 0.719852
0.333186 0.885113
0.0687799 0.743803
0.752471 0.697069
0.673905 0.378722
0.399007 0.712497
0.68537 0.37444
0.199819 0.588722
0.271822 0.571258
0.450782 0.383752
0.378371 0.760783
0.0441359 0.547714
0.915427 0.0476943
0.148096 0.296923
0.140638 0.621143
0.810878 0.806836
0.340995 0.144064
0.691949 0.409775
0.887866 0.44442
0.106844 0.561771
0.823142 0.50585
0.274269 0.508512
0.88029 0.474087
0.0972342 0.152113
0.0453453 0.548016
0.535865 0.423716
0.308799 0.580001
0.97143 0.224226
0.627695 0.119526
0.521149 0.768333
0.74067 0.332027
0.575169 0.0816646
0.476091 0.267118
0.491439 0.363957
0.711538 0.598283
0.925728 0.53468
0.104133 0.199997
0.0431925 0.984423
0.674084 0.140427
0.136536 0.71943
0.688443 0.672401
0.143146 0.997242
0.252402 0.114576
0.221469 0.880097
0.234102 0.742618
0.64843 0.974772
0.0746454 0.223599
0.0564366 0.550736
0.490717 0.547876
0.914693 0.202255
0.146159 0.840421
0.736935 0.250292
0.0404183 0.780128
0.234715 0.714503
0.920555 0.371251
0.433932 0.608998
0.0436526 0.577078
0.60624 0.296055
0.691654 0.827709
0.176152 0.925757
0.570327 0.824582
0.900529 0.644973
0.0481807 0.956965
0.195709 0.538898
0.504841 0.110402
0.741153 0.651
0.950823 0.478088
0.901292 0.991241
0.258216 0.136007
0.705744 0.178771
0.507259 0.139676
0.787769 0.550912
0.716754 0.394009
0.846966 0.408409
0.221718 0.0231178
0.334165 0.792046
0.847699 0.234694
0.437018 0.89588
0.191659 0.632727
0.434778 0.6965
0.743129 0.175931
0.347501 0.693952
0.654019 0.248793
0.685193 0.912236
0.3848 0.390936
0.0910065 0.892059
0.530613 0.878775
0.442971 0.247367
0.272784 0.289937
0.655775 0.494503
0.313055 0.989941
0.286548 0.160754
0.224634 0.723567
0.0566342 0.416294
0.356294 0.491412
0.112794 0.0994226
0.667343 0.460294
0.793374 0.321362
0.709087 0.478567
0.233598 0.0938872
0.869503 0.324604
0.985946 0.400116
0.20338 0.428917
0.647483 0.476164
0.718854 0.303258
0.970667 0.0319082
0.293199 0.257215
0.192662 0.517833
0.980782 0.249296
0.934127 0.337076
0.740709 0.0469207
0.436498 0.408052
0.507215 0.229872
0.729414 0.216302
0.708439 0.963012
0.310189 0.577942
0.287616 0.296136
0.978058 0.490996
0.725053 0.625541
0.96716 0.443906
0.928799 0.937826
0.475815 0.221998
0.195041 0.668477
0.739831 0.175823
0.917773 0.673958
0.512899 0.658482
0.720878 0.949397
0.0665333 0.228093
0.179269 0.795947
0.444396 0.887708
0.758959 0.754585
0.465651 0.0465745
0.050721 0.443709
0.53757 0.775774
0.0692495 0.50473
0.183631 1
0.442556 0.695495
0.220046 0.637598
0.363972 0.959877
0.813421 0.281745
0.633835 0.32632
0.940226 0.354713
0.275717 0.00675967
0.582806 0.454986
0.802707 0.0272022
0.342695 0.561665
0.781787 0.808345
0.60824 0.832508
0.252054 0.14581
0.608282 0.321303
0.65054 0.827962
0.319352 0.093096
0.523457 0.539398
0.730694 0.887429
0.499275 0.544115
0.169173 0.133109
0.870434 0.1094
0.487822 0.146151
0.116159 0.0706286
0.601137 0.918866
0.0978308 0.943832
0.480532 0.879618
0.752177 0.0887714
0.712126 0.00423092
0.234581 0.320408
0.325534 0.885121
0.148371 0.644886
0.978217 0.671828
0.184284 0.708911
0.559256 0.683558
0.253026 0.728429
0.816668 0.12346
0.837829 0.30449
0.269611 0.953988
0.375118 0.870748
0.872855 0.472949
0.81458 0.353386
0.352567 0.566757
0.442158 0.0646936
0.570988 0.676739
0.385102 0.896522
0.56186 0.533473
0.541409 0.540078
0.2053 0.725692
0.248988 0.764556
0.409251 0.502014
0.492986 0.225918
0.625474 0.330815
0.530408 0.895085
0.284803 0.905526
0.765834 0.157658
0.378475 0.580414
0.511044 0.731042
0.147171 0.953202
0.795736 0.718159
0.629941 0.180838
0.614682 0.191801
0.714311 0.15609
0.731878 0.919611
0.881783 0.980867
0.684167 0.291033
0.482881 0.177153
0.516951 0.108355
0.507967 0.0473593
0.00344036 0.792771
0.952885 0.769274
0.950429 0.331361
0.349688 0.461473
0.0624031 0.49686
0.414674 0.858139
0.215019 0.0446146
0.0389772 0.829701
0.236415 0.753288
0.985791 0.968294
0.672898 0.867574
0.949161 0.357065
0.158607 0.432042
0.534218 0.675559
0.540397 0.0421857
0.722918 0.543837
0.834956 0.675804
0.313111 0.785385
0.00716448 0.662799
0.246858 0.0695676
0.159659 0.661532
0.927707 0.374678
0.706146 0.966684
0.204379 0.942562
0.719972 0.19017
0.910856 0.39287
0.0577443 0.860016
0.749936 0.216352
0.292058 0.284154
0.891911 0.832454
0.32634 0.614829
0.376291 0.161296
0.290633 0.689402
0.946681 0.297797
0.352202 0.193539
0.367365 0.511861
0.85507 0.295072
0.886538 0.561217
0.261756 0.090917
0.503779 0.981727
0.281087 0.414634
0.374597 0.338831
0.27465 0.124533
0.555183 0.566708
0.408687 0.447094
0.399162 0.735026
0.061923 0.775454
0.896322 0.352556
0.464856 0.843004
0.650353 0.817058
0.0365422 0.0177181
0.328918 0.891613
0.31279 0.215457
0.452829 0.574545
0.306374 0.956608
0.556273 0.587461
0.371242 0.93087
0.926292 0.645892
0.0554032 0.481475
0.2126 0.46409
0.928569 0.611763
0.200226 0.989171
0.387216 0.0954391
0.343048 0.852072
0.938443 0.993401
0.66913 0.974985
0.0111195 0.998048
0.866598 0.323909
0.213505 0.319427
0.898455 0.519878
0.276035 0.454727
0.107339 0.647277
0.385597 0.0336313
0.29317 0.441001
0.515107 0.50577
0.905091 0.443676
0.117533 0.104208
0.434168 0.504749
0.199647 0.777217
0.356821 0.138089
0.770618 0.0259516
0.113074 0.781738
0.0239999 0.979672
0.105647 0.237505
0.299099 0.00410149
0.757383 0.575134
0.458829 0.864722
0.222411 0.844426
0.898354 0.515581
0.285427 0.41346
0.0213507 0.190518
0.857136 0.138883
0.294725 0.291305
0.643633 0.494372
0.0685214 0.00045399
0.632462 0.839139
0.0264056 0.745536
0.620877 0.0504055
0.725208 0.726524
0.28791 0.0243067
0.730625 0.0452936
0.599441 0.189454
0.910016 0.821852
0.0338805 0.80837
0.337433 0.319308
0.22183 0.358783
0.509825 0.0789663
0.497667 0.804551
0.370271 0.141299
0.298923 0.438792
0.141753 0.931385
0.277932 0.168159
0.676921 0.898809
0.218564 0.402128
0.625332 0.506475
0.426435 0.355958
0.551768 0.0258758
0.545412 0.461784
0.847728 0.579292
0.270154 0.18516
0.8986 0.491984
0.543944 0.408425
0.57095 0.0416106
0.212976 0.941221
0.18291 0.511899
0.380013 0.324663
0.443284 0.657945
0.492822 0.120205
0.556754 0.711387
0.522333 0.182086
0.217861 0.948768
0.538044 0.76963
0.974644 0.083456
0.231414 0.822372
0.662748 0.501568
0.00753223 0.561348
0.993552 0.551476
0.969774 0.564502
0.593087 0.18275
0.505723 0.775997
0.694649 0.885736
0.10066 0.137934
0.543682 0.593482
0.258138 0.100435
0.304869 0.780471
0.282522 0.52273
0.72924 0.820566
0.29236 0.703884
0.904022 0.523774
0.526255 0.56677
0.0253419 0.533788
0.128119 0.0188937
0.0852637 0.0978923
0.583396 0.67835
0.280642 0.0891186
0.454347 0.975292
0.974855 0.555007
0.113225 0.518536
0.148489 0.371363
0.618972 0.453358
0.151835 0.901494
0.976088 0.881074
0.722059 0.268448
0.584958 0.626081
0.792222 0.111213
0.192852 0.817564
0.645001 0.32097
0.836458 0.730265
0.418863 0.419853
0.408615 0.699505
0.508972 0.862962
0.674796 0.483827
0.417969 0.788021
0.00236313 0.566458
0.159385 0.621335
0.019816 0.31122
0.522829 0.995904
0.192294 0.244888
0.264352 0.777252
0.870969 0.0565741
0.888465 0.0638211
0.874138 0.533466
0.384791 0.710596
0.263731 0.803654
0.130449 0.672346
0.503159 0.63942
0.535308 0.177955
0.123247 0.953277
0.965977 0.12561
0.519735 0.125362
0.746945 0.539551
0.436581 0.269774
0.535455 0.628875
0.514662 0.799808
0.406127 0.385631
0.856382 0.294592
0.449452 0.73052
0.828058 0.834244
0.441115 0.0917893
0.637898 0.571564
0.764135 0.141057
0.210984 0.299444
0.319012 0.334231
0.252721 0.284989
0.459842 0.772456
0.41035 0.206787
0.312008 0.846931
0.476561 0.847463
0.475806 0.991223
0.647271 0.881933
0.376854 0.503652
0.176525 0.826306
0.234172 0.00458345
0.66055 0.675287
0.0963728 0.298448
0.246851 0.860508
0.439505 0.457835
0.159952 0.758516
0.792067 0.412673
0.0435052 0.251908
0.185129 0.453855
0.458695 0.497137
0.300787 0.935256
0.3446 0.776593
0.926479 0.991871
0.658526 0.303332
0.495523 0.835051
0.129639 0.729695
0.839635 0.790189
0.404982 0.936007
0.0886363 0.651832
0.796516 0.528141
0.109667 0.956468
0.286657 0.901734
0.369141 0.330162
0.153642 0.55427
0.784018 0.612338
0.0514066 0.0848044
0.547594 0.396007
0.861397 0.474072
0.387877 0.519923
0.777405 0.8834
0.354975 0.907043
0.613095 0.194609
0.697232 0.0180767
0.130617 0.785868
0.669909 0.927132
0.314009 0.779577
0.8836 0.600666
0.681311 0.25274
0.930829 0.834953
0.80701 0.714846
0.447291 0.858417
0.799651 0.994884
0.254423 0.661048
0.468957 0.642301
0.180972 0.246361
0.525701 0.535946
0.153405 0.138796
0.730556 0.850637
0.156873 0.861172
0.636505 0.826782
0.788305 0.950514
0.606358 0.671905
0.55118 0.287669
0.924645 0.482009
0.122622 0.731655
0.196855 0.569913
0.590072 0.996506
0.564797 0.844495
0.657555 0.0337535
0.486796 0.838526
0.280115 0.0124974
0.374473 0.43352
0.151294 0.105028
0.284157 0.308166
0.966201 0.920662
0.134948 0.754505
0.871176 0.741307
0.42641 0.422356
0.0289758 0.351055
0.904365 0.151598
0.0827101 0.10122
0.72151 0.672782
0.0977264 0.286307
0.517278 0.755281
0.320061 0.00407389
0.593807 0.600176
0.0165713 0.96828
0.0336955 0.167865
0.0733084 0.317852
0.476031 0.039509
0.238514 0.610979
0.794014 0.109689
0.352286 0.220424
0.532045 0.381262
0.571479 0.43641
0.53286 0.654189
0.53763 0.25437
0.326971 0.635356
0.540678 0.844249
0.390637 0.860738
0.848323 0.984445
0.460914 0.864894
0.952725 0.49461
0.0327589 0.0260331
0.812462 0.50879
0.0655422 0.0509753
0.119769 0.859556
0.160665 0.472055
0.0799807 0.69271
0.853317 0.65146
0.129119 0.386177
0.305649 0.666749
0.640547 0.632621
0.302105 0.181225
0.47687 0.692743
0.0419632 0.325192
0.677188 0.502877
0.190087 0.629912
0.997487 0.222846
0.655945 0.809949
0.731636 0.721488
0.860924 0.851405
0.581044 0.0215886
0.32346 0.661025
0.714298 0.176778
0.312485 0.843417
0.562955 0.618134
0.510167 0.203502
0.250754 0.812272
0.384727 0.727624
0.505015 0.42669
0.0528163 0.182202
0.929567 0.242903
0.812115 0.927054
0.465748 0.46806
0.737003 0.197384
0.189548 0.597927
0.0487891 0.770592
0.619516 0.372249
0.431616 0.333814
0.549027 0.744101
0.177231 0.111982
0.362235 0.687398
0.315484 0.612989
0.49967 0.70021
0.340613 0.00468495
0.1269 0.393429
0.186887 0.0564678
0.636332 0.999002
0.983522 0.102081
0.467062 0.720525
0.299465 0.65661
0.318453 0.348254
0.427201 0.937969
0.720503 0.858818
0.271783 0.269531
0.602919 0.449014
0.381512 0.965154
0.136412 0.696996
0.578143 0.636082
0.397207 0.918756
0.640767 0.524107
0.312185 0.827655
0.580575 0.948517
0.826657 0.564097
0.0505983 0.293719
0.284623 0.350063
0.950328 0.603075
0.698317 0.37753
0.541044 0.418821
0.236347 0.812826
0.688351 0.839266
0.261841 0.0698638
0.80442 0.398253
0.76686 0.382562
0.034335 0.164067
0.301318 0.675102
0.688174 0.613503
0.502757 0.268749
0.562021 0.329413
0.832846 0.612619
0.623132 0.117468
0.962682 0.57346
0.720544 0.661
0.95099 0.261588
0.0798203 0.187337
0.074414 0.768172
0.026603 0.336255
0.838035 0.831023
0.734507 0.604895
0.213585 0.768842
0.768962 0.514903
0.443945 0.457136
0.128407 0.946701
0.725885 0.690428
0.276114 0.55873
0.303047 0.899246
0.676199 0.265729
0.472706 0.396742
0.926729 0.423696
0.65833 0.00654928
0.611033 0.732744
0.774721 0.637636
0.0689986 0.612756
0.468658 0.803506
0.217651 0.682244
0.572348 0.986613
0.197147 0.0162928
0.443749 0.325554
0.962994 0.169634
0.0159815 0.239109
0.728364 0.319028
0.138355 0.404563
0.584758 0.611061
0.801305 0.511487
0.0347572 0.459635
0.518036 0.64579
0.192379 0.292757
0.283426 0.261378
0.905513 0.752084
0.0648838 0.123165
0.434328 0.637232
0.109778 0.631475
0.653525 0.553527
0.957028 0.616519
0.723161 0.97301
0.855628 0.451525
0.292038 0.993983
0.856088 0.876796
0.605044 0.657394
0.388283 0.639801
0.117029 0.906319
0.285591 0.309408
0.199076 0.569017
0.570786 0.104589
0.321101 0.63567
0.227754 0.755429
0.272902 0.337532
0.386903 0.926427
0.89106 0.343932
0.542946 0.614221
0.316941 0.398574
0.0657463 0.60898
0.392556 0.921835
0.485776 0.9976
0.579228 0.874059
0.637401 0.696257
0.780378 0.922992
0.00566588 0.979454
0.492009 0.576452
0.0840438 0.813109
0.212122 0.311798
0.568538 0.485025
0.64933 0.955441
0.411452 0.54039
0.299373 0.954398
0.154611 0.616314
0.352972 0.220357
0.225294 0.745528
0.142192 0.711069
0.743128 0.72142
0.585128 0.380529
0.417678 0.365506
0.303521 0.423344
0.34496 0.79553
0.999796 0.429004
0.608639 0.211918
0.740802 0.177177
0.696943 0.390133
0.132618 0.108395
0.930523 0.431991
0.0627926 0.0851339
0.0483051 0.415764
0.305491 0.273599
0.161293 0.447683
0.984668 0.904421
0.169104 0.569796
0.28495 0.586782
0.935302 0.588471
0.0101254 0.280263
0.384001 0.00992135
0.709267 0.99264
0.22184 0.450069
0.169817 0.918783
0.840202 0.302435
0.0271772 0.770725
0.734426 0.0899698
0.855859 0.782732
0.505734 0.16135
0.0563302 0.667027
0.609033 0.0409981
0.571448 0.778137
0.610794 0.856398
0.364919 0.546096
0.444869 0.375044
0.826359 0.82887
0.384966 0.535626
0.82151 0.606805
0.985695 0.991327
0.525588 0.825897
0.293763 0.552765
0.596622 0.028189
0.642735 0.45248
0.81092 0.148469
0.61383 0.867251
0.815496 0.222864
0.908249 0.386944
0.00100089 0.519043
0.243341 0.36592
0.0651391 0.688211
0.740964 0.891498
0.517081 0.125929
0.427124 0.338591
0.732735 0.412819
0.329918 0.258322
0.238716 0.62368
0.811087 0.835338
0.651869 0.453822
0.287818 0.46279
0.602291 0.901648
0.33004 0.417787
0.124512 0.238289
0.80473 0.125513
0.757332 0.0480716
0.491433 0.822471
0.736282 0.232397
0.713969 0.253363
0.358326 0.141093
0.591953 0.0910606
0.553911 0.921871
0.349383 0.792627
0.545551 0.16047
0.627965 0.19742
0.614292 0.915783
0.66021 0.216583
0.817431 0.99025
0.634369 0.941944
0.228539 0.439099
0.0674566 0.985871
0.487171 0.558889
0.808342 0.223453
0.791286 0.52231
0.476816 0.149612
0.663403 0.0687688
0.240673 0.217314
0.99064 0.590055
0.00994141 0.536191
0.750525 0.637906
0.733611 0.364817
0.553689 0.393821
0.5814 0.37112
0.384071 0.215769
0.313064 0.61261
0.654868 0.380521
0.598481 0.142039
0.93941 0.406822
0.365491 0.730696
0.929133 0.842307
0.880308 0.592536
0.911076 0.120981
0.80985 0.901716
0.711036 0.819791
0.437906 0.461562
0.457697 0.171517
0.826379 0.0113865
0.565338 0.407778
0.382507 0.949409
0.623547 0.695571
0.562019 0.278415
0.0760913 0.1605
0.420454 0.0155012
0.567322 0.785945
0.746197 0.496455
0.628252 0.626505
0.0889903 0.539328
0.747486 0.89884
0.441043 0.458522
0.718631 0.87895
0.920084 0.176329
0.0504669 0.746462
0.187715 0.615805
0.154241 0.570222
0.565214 0.777788
0.265793 0.127233
0.0562027 0.341884
0.287733 0.476656
0.357385 0.855055
0.262601 0.103583
0.35151 0.890853
0.730088 0.4405
0.430181 0.477574
0.33934 0.871224
0.936096 0.0579717
0.750174 0.856179
0.234301 0.80064
0.602642 0.422016
0.416446 0.756882
0.992238 0.98166
0.53467 0.258031
0.108893 0.590873
0.599915 0.396627
0.0675288 0.9573
0.251682 0.33013
0.0608829 0.603192
0.220983 0.790971
0.0436919 0.651164
0.268544 0.383032
0.522388 0.20464
0.441004 0.272561
0.0608196 0.675304
0.0732019 0.663461
0.0973203 0.489648
0.420344 0.0895583
0.471308 0.955013
0.347589 0.580201
0.545886 0.947504
0.976828 0.613415
0.904804 0.22851
0.943545 0.965687
0.831701 0.164528
0.756658 0.875393
0.815692 0.0252025
0.258425 0.33808
0.229843 0.699429
0.610641 0.290662
0.374734 0.683843
0.954124 0.472054
0.173491 0.374467
0.561612 0.644798
0.329481 0.909201
0.225 0.875367
0.856706 0.201827
0.488782 0.76151
0.430337 0.432327
0.727197 0.262038
0.596855 0.483855
0.137431 0.412547
0.509058 0.395857
0.750627 0.738901
0.0952861 0.361268
0.0295632 0.47002
0.0451111 0.983687
0.942074 0.218602
0.358154 0.503686
0.8634 0.687635
0.412888 0.0884
0.563001 0.269594
0.290227 0.051783
0.0311036 0.720564
0.48411 0.758301
0.982602 0.0809643
0.242156 0.120034
0.493511 0.751214
0.51589 0.244138
0.490115 0.611176
0.605405 0.519678
0.0811964 0.650517
0.503365 0.0232705
0.869118 0.861519
0.526957 0.732519
0.549154 0.939845
0.820919 0.112155
0.209439 0.111146
0.163938 0.240542
0.83171 0.648048
0.998843 0.814312
0.729012 0.241
0.934346 0.222523
0.992214 0.450236
0.466661 0.482329
0.0614128 0.0720659
0.00200792 0.142609
0.722582 0.505373
0.16588 0.591701
0.366892 0.692837
0.32422 0.916046
0.632682 0.145139
0.0282014 0.84212
0.256285 0.19214
0.0826623 0.087995
0.840187 0.0815055
0.902307 0.569199
0.322505 0.836653
0.791722 0.314719
0.28689 0.258383
0.797049 0.348303
0.330449 0.799057
0.490912 0.0530312
0.30443 0.656791
0.644732 0.671322
0.349628 0.968952
0.587369 0.98231
0.114091 0.61557
0.82443 0.370375
0.80771 0.907092
0.45837 0.647897
0.988598 0.360678
0.217096 0.311103
0.197331 0.0088185
0.625822 0.484221
0.267201 0.422871
0.832524 0.59765
0.221928 0.323435
0.650681 0.526358
0.980227 0.295414
0.19768 0.329855
0.264366 0.785049
0.312165 0.378456
0.400619 0.136594
0.748832 0.208329
0.0436866 0.207202
0.856225 0.0322843
0.56788 0.0733215
0.343387 0.765211
0.08214 0.96921
0.249432 0.349341
0.392081 0.0819559
0.946992 0.614009
0.405391 0.597673
0.140366 0.385618
0.893087 0.338047
0.715473 0.157452
0.123095 0.0276374
0.535908 0.523714
0.164232 0.28474
0.732043 0.207918
0.491942 0.588268
0.240203 0.0598215
0.66159 0.58359
0.825033 0.74373
0.5528 0.0744649
0.0930713 0.94488
0.156421 0.0400628
0.558889 0.561812
0.637736 0.699255
0.94743 0.530822
0.0373018 0.662903
0.688274 0.160397
0.69054 0.224183
0.684112 0.854772
0.508922 0.416155
0.0626903 0.000863984
0.00442288 0.302893
0.0606855 0.666013
0.886483 0.885718
0.409743 0.439283
0.960183 0.502814
0.384163 0.116604
0.542877 0.943052
0.678416 0.180612
0.642307 0.625846
0.711435 0.679608
0.288748 0.399709
0.840006 0.979289
0.623892 0.524117
0.834061 0.132814
0.940272 0.896751
0.133678 0.944695
0.199644 0.194363
0.610707 0.0861269
0.0800816 0.0204501
0.525409 0.0402646
0.523264 0.909572
0.156868 0.0661405
0.852624 0.835284
0.246753 0.49493
0.46113 0.958188
0.174539 0.749878
0.357897 0.0145445
0.729167 0.981789
0.538662 0.563227
0.114602 0.478934
0.459978 0.24828
0.423628 0.659622
0.442644 0.034336
0.745749 0.522725
0.054786 0.271158
0.56299 0.57805
0.180731 0.719858
0.64419 0.0333543
0.555142 0.890943
0.528285 0.0162721
0.849131 0.702824
0.76615 0.207028
0.717368 0.495317
0.188816 0.25603
0.0585444 0.303419
0.734964 0.518523
0.551699 0.158592
0.178145 0.994343
0.192928 0.923893
0.517069 0.247714
0.195052 0.0800587
0.825764 0.375782
0.799917 0.469954
0.409137 0.35506
0.360898 0.937421
0.371332 0.210029
0.640245 0.137482
0.417057 0.357613
0.632799 0.605873
0.613643 0.691343
0.909292 0.348607
0.209866 0.460991
0.507199 0.388011
0.455335 0.700127
0.311904 0.972403
0.947841 0.506956
0.0524619 0.773605
0.882738 0.852379
0.243559 0.291875
0.207439 0.604457
0.229297 0.57877
0.814486 0.869542
0.716252 0.231542
0.227155 0.349051
0.837416 0.840798
0.0403947 0.746708
0.189404 0.250261
0.207699 0.696603
0.638271 0.663034
0.396729 0.950175
0.635437 0.34457
0.457131 0.687899
0.118175 0.339869
0.540278 0.361734
0.631744 0.747717
0.966191 0.861041
0.326487 0.780676
0.730582 0.0427388
0.0122187 0.957737
0.39179 0.849634
0.798535 0.432185
0.596342 0.987939
0.682445 0.804041
0.684542 0.320716
0.467075 0.0812711
0.270892 0.102512
0.425841 0.728023
0.790411 0.544016
0.067892 0.330689
0.90575 0.699636
0.0784059 0.87194
0.560677 0.404893
0.652616 0.29126
0.447631 0.664835
0.248997 0.839421
0.51447 0.0475317
0.271606 0.110812
0.0354707 0.954051
0.914853 0.720012
0.274768 0.381928
0.801284 0.54566
0.484441 0.227125
0.273682 0.274852
0.771141 0.341574
0.605542 0.67689
0.0412105 0.683947
0.54883 0.601888
0.0888399 0.201446
0.893147 0.536471
0.866282 0.142144
0.375893 0.380751
0.189676 0.647499
0.491563 0.225147
0.60155 0.406416
0.945159 0.876318
0.788344 0.746443
0.421978 0.272785
0.973568 0.69566
0.547637 0.744708
0.0372341 0.153179
0.421598 0.0784446
0.837126 0.970428
0.680332 0.925966
0.171875 0.57348
0.462438 0.0381565
0.715624 0.83833
0.418908 0.9053
0.485829 0.91047
0.130447 0.0873793
0.316886 0.0756064
0.963697 0.105231
0.822049 0.385675
0.378016 0.795617
0.081335 0.925654
0.540325 0.118569
0.0788326 0.961924
0.197014 0.915959
0.932352 0.877346
0.841925 0.104227
0.450826 0.304363
0.142383 0.16645
0.142693 0.561291
0.0717504 0.628522
0.471761 0.202197
0.715902 0.788648
0.277804 0.679599
0.893879 0.0998532
0.0652742 0.271895
0.89547 0.146609
0.197548 0.435795
0.265178 0.276381
0.397719 0.462192
0.19234 0.330071
0.339538 0.0342653
0.434298 0.790364
0.338628 0.576681
0.956814 0.481321
0.137972 0.0285645
0.109844 0.609734
0.230762 0.825745
0.398381 0.508566
0.505344 0.29226
0.608419 0.570619
0.564155 0.503889
0.717228 0.761703
0.939685 0.982406
0.0380838 0.337403
0.444598 0.230424
0.667474 0.784136
0.264689 0.101772
0.5745 0.603317
0.678453 0.531314
0.0846387 0.816426
0.559879 0.194482
0.426159 0.790641
0.0202277 0.82454
0.299207 0.525572
0.1168 0.907626
0.0961905 0.680955
0.411515 0.813418
0.442658 0.3512
0.795824 0.480741
0.688603 0.240422
0.711165 0.356077
0.0245585 0.975854
0.457849 0.599059
0.579172 0.136303
0.130373 0.663811
0.952728 0.690252
0.858293 0.378888
0.480893 0.878521
0.203428 0.7801
0.404093 0.320228
0.687725 0.500283
0.00118305 0.0992405
0.313701 0.443841
0.45044 0.109525
0.924582 0.139043
0.349948 0.635747
0.495121 0.374506
0.611602 0.95297
0.973565 0.190774
0.0892728 0.103938
0.854584 0.0420012
0.79419 0.712877
0.420889 0.275083
0.591398 0.624317
0.0551824 0.99549
0.944545 0.742908
0.495773 0.945728
0.842148 0.809474
0.389569 0.292589
0.919 0.314151
0.431632 0.268948
0.949898 0.926752
0.643454 0.5615
0.879722 0.617019
0.752274 0.968995
0.720957 0.606858
0.0109964 0.515147
0.319735 0.431885
0.79023 0.911133
0.056202 0.845412
0.906623 0.000747045
0.58832 0.402396
0.946475 0.430469
0.211871 0.336044
0.723057 0.130871
0.650195 0.154689
0.399818 0.600093
0.0814416 0.0432723
0.161593 0.961164
0.660291 0.913867
0.930159 0.381248
0.520725 0.941156
0.896395 0.84046
0.373041 0.686625
0.751593 0.429243
0.532038 0.658215
0.42999 0.120358
0.0606115 0.376465
0.550826 0.272482
0.712509 0.273884
0.403353 0.362704
0.428573 0.803171
0.962797 0.510015
0.846443 0.12439
0.471179 0.506735
0.0382574 0.401338
0.887983 0.558982
0.342493 0.784378
0.399442 0.715534
0.471004 0.151035
0.144777 0.00304121
0.80925 0.574766
0.123399 0.869862
0.951231 0.674225
0.142344 0.66374
0.948109 0.545697
0.0264442 0.376682
0.348867 0.989241
0.886697 0.195311
0.113632 0.357875
0.702045 0.151889
0.759213 0.590028
0.710871 0.101706
0.374406 0.110314
0.81724 0.84541
0.261349 0.962017
0.848451 0.0705989
0.536783 0.97185
0.940461 0.488015
0.646076 0.0828047
0.151755 0.594185
0.628501 0.178199
0.970867 0.977369
0.167441 0.857564
0.172679 0.281072
0.215439 0.874724
0.432961 0.974652
0.464752 0.143832
0.0763578 0.839159
0.254146 0.893598
0.684569 0.515495
0.855615 0.53302
0.586094 0.392398
0.504871 0.526554
0.880413 0.150946
0.609359 0.0321683
0.745131 0.23786
0.210368 0.715998
0.215229 0.377808
0.573562 0.387908
0.65888 0.789001
0.262632 0.0918415
0.763653 0.727385
0.235674 0.84001
0.566543 0.48982
0.733608 0.251112
0.0053146 0.589223
0.784133 0.591408
0.981621 0.289003
0.117962 0.862035
0.43995 0.727321
0.894203 0.185081
0.965182 0.104571
0.901079 0.18041
0.482379 0.474641
0.568318 0.141259
0.263642 0.83095
0.233101 0.0272945
0.558335 0.468775
0.867305 0.124878
0.958595 0.600913
0.375991 0.963909
0.190136 0.160123
0.555318 0.171758
0.449126 0.67328
0.0337925 0.889076
0.400601 0.927995
0.0741569 0.365783
0.032566 0.975236
0.546193 0.514945
0.449877 0.114511
0.656204 0.713519
0.945462 0.889305
0.740814 0.503796
0.35808 0.608119
0.628675 0.316675
0.209032 0.00466512
0.280585 0.399168
0.164788 0.835902
0.570926 0.613915
0.509182 0.604719
0.502991 0.909784
0.532714 0.577148
0.275567 0.56528
0.552384 0.82176
0.0802249 0.00226118
0.936271 0.736429
0.71578 0.881733
0.625735 0.456594
0.385529 0.983815
0.064713 0.0142037
0.30049 0.273745
0.0188688 0.581075
0.672913 0.183657
0.416977 0.243839
0.797572 0.926159
0.848558 0.300563
0.835943 0.381272
0.87771 0.11151
0.946552 0.430094
0.933269 0.0267767
0.432356 0.86954
0.763206 0.148136
0.751273 0.388941
0.60473 0.136802
0.372756 0.669443
0.151006 0.673246
0.943188 0.169875
0.25432 0.616101
0.353532 0.671297
0.859941 0.151104
0.597457 0.708498
0.451666 0.4334
0.0897703 0.329377
0.544909 0.0363221
0.759471 0.478179
0.0630989 0.191827
0.347719 0.826305
0.339963 0.0989922
0.215246 0.944693
0.235795 0.588001
0.614136 0.3868
0.261247 0.557324
0.556675 0.515567
0.173426 0.910207
0.186865 0.0333665
0.0613109 0.784321
0.741865 0.512977
0.217721 0.831635
0.842354 0.76263
0.867957 0.601825
0.240809 0.931056
0.793652 0.588528
0.757361 0.133615
0.68752 0.972607
0.0783078 0.923315
0.560608 0.692444
0.310115 0.821855
0.249769 0.86679
0.337423 0.423194
0.776998 0.524287
0.456561 0.838308
0.308609 0.198426
0.351286 0.52633
0.0300612 0.19364
0.28896 0.898019
0.795465 0.529769
0.829075 0.589117
0.118297 0.586436
0.722732 0.805817
0.559043 0.80104
0.729132 0.119651
0.493484 0.0392467
0.941506 0.743253
0.906037 0.278929
0.166447 0.683035
0.803216 0.623008
0.521343 0.111825
0.821434 0.872629
0.638155 0.851495
0.0662688 0.927115
0.749514 0.861734
0.456884 0.578589
0.450852 0.575181
0.165025 0.173584
0.380998 0.724068
0.974624 0.110129
0.843719 0.468108
0.149376 0.785225
0.211361 0.0554131
0.0641538 0.377808
0.738448 0.86737
0.000815968 0.259791
0.979195 0.82225
0.13242 0.61735
0.673745 0.198688
0.544465 0.423259
0.0604226 0.00134854
0.00184749 0.511274
0.576529 0.166872
0.684858 0.957527
0.89094 0.659482
0.0676562 0.734659
0.12759 0.217032
0.519884 0.33895
0.272445 0.584037
0.716758 0.010893
0.451407 0.717574
0.270684 0.430602
0.539824 0.403104
0.0479519 0.213569
0.601792 0.592417
0.636828 0.662215
0.593765 0.638675
0.173489 0.170294
0.805548 0.858347
0.127821 0.696487
0.517828 0.195477
0.431146 0.645418
0.41251 0.95103
0.984368 0.684955
0.535067 0.701126
0.695848 0.986474
0.4187 0.966532
0.417077 0.958524
0.369635 0.465028
0.172093 0.971428
0.057445 0.808921
0.633642 0.65121
0.447596 0.807131
0.821504 0.253144
0.665477 0.949326
0.949631 0.183306
0.144803 0.380777
0.828723 0.557313
0.331807 0.813091
0.242268 0.866874
0.514217 0.938116
0.853348 0.932917
0.904647 0.270425
0.891441 0.274283
0.735453 0.0635336
0.24571 0.792898
0.872454 0.879352
0.444108 0.320051
0.686483 0.265613
0.573195 0.351961
0.214939 0.522826
0.535266 0.359742
0.903603 0.36399
0.917055 0.235411
0.177081 0.159322
0.102285 0.691298
0.0974379 0.955633
0.624215 0.0020853
0.226058 0.515655
0.276368 0.961511
0.579189 0.522078
0.754409 0.451643
0.401431 0.198518
0.771694 0.0879142
0.464131 0.344889
0.439875 0.679069
0.867715 0.975142
0.038811 0.771318
0.339131 0.955866
0.00672849 0.516212
0.115188 0.109013
0.20751 0.212626
0.064646 0.831725
0.214711 0.290704
0.34738 0.491079
0.252215 0.926569
0.0131576 0.00662442
0.378212 0.414588
0.205142 0.149906
0.502503 0.669273
0.494794 0.942378
0.348342 0.362509
0.917519 0.387153
0.133827 0.256651
0.343019 0.140555
0.772863 0.458207
0.249569 0.980373
0.670832 0.314215
0.812098 0.885544
0.604918 0.159477
0.376623 0.857133
0.0860461 0.38978
0.863758 0.464258
0.804369 0.0689001
0.614164 0.306871
0.738173 0.108958
0.249249 0.086515
0.471467 0.166769
0.473668 0.605294
0.42342 0.816687
0.74585 0.196283
0.274893 0.995418
0.176656 0.945726
0.309633 0.988753
0.831269 0.914551
0.148231 0.207892
0.771685 0.234277
0.597672 0.635443
0.698535 0.402041
0.704343 0.312699
0.708913 0.442516
0.421657 0.958162
0.529031 0.893125
0.124931 0.00269872
0.498419 0.54835
0.819385 0.244269
0.744633 0.0942788
0.239687 0.921288
0.0400045 0.54932
0.910041 0.871274
0.463872 0.0582721
0.0791658 0.235557
0.292549 0.676838
0.870999 0.991084
0.0788792 0.575342
0.303783 0.787792
0.0178575 0.72544
0.745954 0.546888
0.618565 0.870884
0.549587 0.116984
0.419234 0.368972
0.361253 0.163867
0.463251 0.60094
0.0851551 0.503256
0.15026 0.995197
0.374529 0.614132
0.0534687 0.453695
0.849688 0.346018
0.130533 0.720688
0.337101 0.209413
0.296029 0.640884
0.997204 0.313887
0.366324 0.743158
0.860775 0.984889
0.614042 0.410362
0.101872 0.0332763
0.779334 0.463125
0.197143 0.242585
0.0640647 0.282298
0.745841 0.214325
0.277495 0.12037
0.828457 0.330964
0.574066 0.678145
0.676981 0.704599
0.398833 0.0140827
0.914012 0.694862
0.654967 0.911216
0.00874877 0.021291
0.654374 0.869524
0.00617968 0.268416
0.279886 0.108052
0.301692 0.0592197
0.571177 0.498835
0.301805 0.635242
0.781134 0.0476459
0.849566 0.0586286
0.168016 0.678023
0.389592 0.742082
0.356168 0.0665734
0.446681 0.755001
0.0806561 0.360693
0.449863 0.735623
0.271908 0.458611
0.756914 0.926282
0.328135 0.763094
0.194698 0.608021
0.871146 0.49639
0.66724 0.442322
0.995226 0.969045
0.077564 0.776359
0.0166914 0.92713
0.834988 0.184708
0.605154 0.22458
0.92679 0.961322
0.291153 0.373471
0.716323 0.371809
0.734163 0.166185
0.107432 0.00607156
0.624797 0.864346
0.932354 0.952932
0.62744 0.127052
0.560953 0.498586
0.623442 0.228193
0.940908 0.618667
0.197239 0.0184721
0.395027 0.21393
0.945603 0.230015
0.398638 0.550756
0.454595 0.325428
0.512078 0.745748
0.698898 0.2284
0.117557 0.433062
0.394586 0.22499
0.439133 0.0193824
0.0893362 0.371487
0.972314 0.716776
0.498539 0.533267
0.215362 0.12198
0.76146 0.15627
0.740648 0.958699
0.174742 0.135675
0.172629 0.120345
0.365689 0.571267
0.671101 0.820284
0.896695 0.183179
0.566032 0.595593
0.411579 0.683589
0.0286549 0.806165
0.908579 0.467788
0.825547 0.997915
0.839275 0.797861
0.714691 0.337813
0.331129 0.930053
0.459794 0.092589
0.0863231 0.200442
0.0512882 0.261065
0.336116 0.223918
0.38141 0.701806
0.795185 0.0525105
0.52209 0.69188
0.235689 0.0881213
0.287473 0.647268
0.77171 0.316128
0.453433 0.680289
0.783916 0.27898
0.678204 0.623191
0.076841 0.392896
0.961004 0.40797
0.322949 0.420798
0.500559 0.409272
0.62124 0.551847
0.670337 0.957356
0.775764 0.0517471
0.659162 0.570949
0.104258 0.181252
0.262829 0.339947
0.269373 0.550302
0.987215 0.0410833
0.866431 0.440647
0.721373 0.650347
0.719627 0.399577
0.273538 0.796468
0.792473 0.234542
0.204437 0.115422
0.65534 0.704996
0.524694 0.27658
0.256843 0.195031
0.233936 0.0326071
0.246778 0.893098
0.603556 0.351036
0.0743497 0.866386
0.690983 0.343723
0.416688 0.678197
0.384806 0.283119
0.118845 0.106179
0.933465 0.838471
0.505756 0.207003
0.634939 0.298228
0.441545 0.839377
0.41365 0.0968844
0.544373 0.938344
0.373464 0.801215
0.133375 0.6074
0.833822 0.380154
0.500498 0.437379
0.73119 0.574848
0.303764 0.422172
0.91857 0.720453
0.100369 0.303376
0.00357118 0.219214
0.409555 0.937036
0.0576853 0.91531
0.144039 0.692625
0.213539 0.585584
0.532001 0.627189
0.682468 0.0763738
0.565533 0.0559322
0.877589 0.698909
0.663332 0.711412
0.0790626 0.16383
0.148791 0.810252
0.738678 0.452555
0.232424 0.657249
0.173008 0.332794
0.960625 0.176579
0.552008 0.37018
0.113615 0.609693
0.28549 0.257654
0.302318 0.499029
0.843238 0.834319
0.126218 0.525706
0.910692 0.691752
0.581639 0.788282
0.390661 0.244971
0.499693 0.469723
0.408801 0.648484
0.279975 0.147479
0.101039 0.5124
0.804728 0.274046
0.845194 0.765353
0.450625 0.397201
0.135533 0.56424
0.00689423 0.421023
0.821895 0.309212
0.920052 0.665133
0.14353 0.0462704
0.190839 0.0542228
0.738022 0.772478
0.842504 0.128683
0.0174489 0.342198
0.598406 0.42625
0.990681 0.878381
0.57373 0.09172
0.390781 0.378458
0.365766 0.235974
0.143811 0.816391
0.633175 0.279344
0.380631 0.64007
0.700367 0.202526
0.949281 0.620419
0.867659 0.0928119
0.666689 0.0584983
0.147035 0.404711
0.830976 0.989539
0.533394 0.848425
0.331737 0.131799
0.274675 0.322418
0.0101804 0.848405
0.414138 0.400961
0.226863 0.779904
0.636935 0.370673
0.596295 0.270111
0.650017 0.976927
0.910181 0.350383
0.179453 0.859462
0.970802 0.0471118
0.952274 0.637491
0.10561 0.0993087
0.0422022 0.936586
0.0888478 0.575596
0.785012 0.420585
0.707395 0.0596871
0.743003 0.717576
0.908092 0.157141
0.118537 0.134955
0.937045 0.755472
0.505628 0.53334
0.0255831 0.155645
0.510267 0.935764
0.506028 0.68972
0.795226 0.47683
0.736832 0.7475
0.114321 0.842442
0.846809 0.156524
0.779028 0.935656
0.732119 0.56404
0.356241 0.439515
0.623727 0.0992436
0.15709 0.531819
0.256384 0.275627
0.666774 0.193429
0.0310994 0.172402
0.726769 0.0566825
0.328047 0.237036
0.992446 0.834075
0.926756 0.787672
0.310905 0.663587
0.535172 0.425227
0.506029 0.381981
0.58175 0.285057
0.317637 0.31387
0.849097 0.673878
0.753384 0.472824
0.773122 0.910475
0.00464251 0.0295057
0.186102 0.671416
0.222935 0.217201
0.843818 0.949704
0.273884 0.171865
0.18674 0.26633
0.00593941 0.113495
0.054002 0.316845
0.777082 0.589174
0.742071 0.283111
0.971155 0.323821
0.568168 0.288792
0.637691 0.417265
0.96267 0.391075
0.890088 0.735791
0.30155 0.894731
0.765297 0.487651
0.566147 0.988232
0.704852 0.409965
0.937935 0.978736
0.581829 0.124675
0.245066 0.587769
0.23817 0.299068
0.904613 0.0152525
0.888242 0.646685
0.298364 0.859397
0.970506 0.866532
0.148188 0.608197
0.283796 0.110858
0.999272 0.173885
0.84665 0.300822
0.0686154 0.611947
0.788473 0.634762
0.600179 0.493326
0.0447272 0.538114
0.472062 0.626557
0.662789 0.717127
0.214325 0.900959
0.0161951 0.118939
0.916211 0.904437
0.765623 0.214575
0.763833 0.736129
0.0811068 0.912022
0.344326 0.364903
0.0228798 0.343598
0.538788 0.869529
0.64442 0.607403
0.481476 0.432893
0.242166 0.0816547
0.926219 0.286893
0.619769 0.398281
0.913449 0.282557
0.115408 0.127775
0.183516 0.131603
0.246714 0.0997278
0.0360401 0.0123369
0.314303 0.799873
0.748466 0.39541
0.711895 0.0927925
0.760313 0.734775
0.436391 0.299101
0.604304 0.080811
0.906504 0.0857806
0.513704 0.14867
0.167435 0.439923
0.435562 0.787204
0.838204 0.349012
0.0697615 0.953612
0.476787 0.253278
0.0852153 0.7235
0.353006 0.121255
0.735837 0.667308
0.921129 0.484303
0.0627181 0.633024
0.577096 0.823031
0.367799 0.0134867
0.122132 0.972103
0.0942976 0.0286357
0.057884 0.608002
0.177305 0.225319
0.0479254 0.612868
0.0125233 0.886129
0.96188 0.0822847
0.839742 0.438666
0.335563 0.924957
0.162166 0.688568
0.0462123 0.898003
0.355877 0.967341
0.382307 0.418595
0.600365 0.959403
0.241626 0.968164
0.972889 0.363757
0.940267 0.067187
0.395712 0.996019
0.675189 0.569698
0.223471 0.723114
0.182566 0.235994
0.609244 0.144446
0.318279 0.448985
0.583112 0.653841
0.373942 0.745278
0.34241 0.420155
0.643282 0.698286
0.387496 0.0255886
0.116881 0.987861
0.984991 0.358507
0.956025 0.957881
0.722264 0.896292
0.0250676 0.114658
0.894444 0.700257
0.684356 0.117915
0.423371 0.866922
0.353909 0.0326147
0.0113678 0.672187
0.4816 0.59448
0.326029 0.855543
0.339758 0.668438
0.275697 0.98304
0.366725 0.663193
0.00862813 0.483606
0.651054 0.993619
0.842113 0.607079
0.9515 0.564377
0.503372 0.976568
0.679035 0.397815
0.676824 0.363391
0.51573 0.100195
0.230313 0.869639
0.13281 0.24168
0.541826 0.61441
