0.473498 0.573962
0.973876 0.755129
0.85898 0.252965
0.461023 0.391195
0.730501 0.679568
0.581056 0.810531
0.630899 0.371241
0.534103 0.552238
0.464202 0.561291
0.276355 0.769449
0.900296 0.911269
0.144517 0.426491
0.198672 0.234224
0.120552 0.353602
0.986346 0.712209
0.868495 0.459844
0.286171 0.842371
0.214973 0.145152
0.0953357 0.675996
0.536346 0.825836
0.355564 0.117403
0.636368 0.986463
0.488644 0.170471
0.5387 0.952845
0.731762 0.815055
0.722295 0.632058
0.726324 0.866812
0.0585486 0.924996
0.101036 0.1791
0.278598 0.0873819
0.891309 0.147093
0.547226 0.177481
0.989464 0.762199
0.322633 0.0847995
0.438194 0.858979
0.910636 0.793758
0.976382 0.547004
0.780221 0.465025
0.717475 0.318921
0.417871 0.449237
0.133976 0.140166
0.0812954 0.8603
0.00697737 0.139844
0.785297 0.108013
0.318944 0.0638946
0.195395 0.210254
0.210988 0.742621
0.387734 0.200451
0.50482 0.710367
0.285251 0.943014
0.569346 0.195887
0.736772 0.545728
0.742891 0.516993
0.0107535 0.460366
0.835914 0.428624
0.909603 0.96989
0.56879 0.990899
0.83019 0.575768
0.130743 0.615487
0.683781 0.449687
0.679381 0.879176
0.659941 0.890369
0.621797 0.0476755
0.0908203 0.126617
0.758043 0.376071
0.0696313 0.327389
0.571958 0.806404
0.873117 0.314849
0.323397 0.88387
0.775215 0.159311
0.312495 0.684818
0.129201 0.881285
0.675717 0.959391
0.457052 0.80646
0.574878 0.140833
0.256147 0.254259
0.0200096 0.916088
0.144628 0.641807
0.963764 0.235449
0.768424 0.721806
0.61152 0.838055
0.0491951 0.183478
0.644459 0.922312
0.498327 0.967856
0.806182 0.273542
0.127167 0.118677
0.95836 0.256368
0.999962 0.634077
0.215759 0.457014
0.440537 0.790637
0.597848 0.696684
0.0448964 0.617857
0.612773 0.189525
0.259664 0.576536
0.424974 0.0280882
0.298343 0.0364935
0.866144 0.347538
0.219972 0.510603
0.26985 0.718298
0.478458 0.0760321
0.99184 0.605625
0.194709 0.9502
0.861993 0.194671
0.584277 0.0777519
0.651685 0.0248138
0.868389 0.249533
0.721498 0.913285
0.86739 0.334271
0.10281 0.127055
0.910807 0.527784
0.155143 0.20915
0.564277 0.0212864
0.556688 0.784249
0.531889 0.826538
0.502547 0.0103474
0.90257 0.494387
0.615973 0.0972787
0.444587 0.477965
0.29195 0.0288635
0.555717 0.943635
0.0536773 0.424106
0.193168 0.775175
0.337392 0.0605585
0.109446 0.440202
0.187613 0.0202532
0.967985 0.342756
0.229403 0.532263
0.364042 0.786091
0.316511 0.895931
0.612628 0.819058
0.906279 0.515198
0.313445 0.522251
0.612477 0.758032
0.000216722 0.904426
0.786895 0.555934
0.848061 0.840573
0.98004 0.0412295
0.615748 0.317432
0.101788 0.725194
0.757634 0.289401
0.745447 0.725619
0.632157 0.97485
0.257882 0.996199
0.760941 0.574393
0.892131 0.37357
0.393451 0.798409
0.888768 0.706896
0.320661 0.501244
0.464928 0.320877
0.405671 0.251823
0.876812 0.253732
0.0923957 0.856852
0.294962 0.708144
0.174284 0.39675
0.433338 0.931918
0.686151 0.178785
0.657537 0.318308
0.153636 0.915418
0.314507 0.914577
0.489811 0.206638
0.288147 0.883262
0.00504743 0.176914
0.590158 0.325708
0.678159 0.0550859
0.646585 0.0838294
0.306909 0.523397
0.337562 0.399305
0.380249 0.632523
0.107448 0.554533
0.0292731 0.540786
0.48645 0.715424
0.719572 0.143987
0.0337317 0.873208
0.0594054 0.348239
0.787785 0.549216
0.554877 0.0759312
0.432478 0.559924
0.252845 0.0226364
0.885633 0.931004
0.0777223 0.532218
0.0148333 0.384631
0.055615 0.352395
0.783936 0.435864
0.984918 0.891385
1.00097 0.0212251
0.432171 0.476847
0.729615 0.151743
0.620834 0.763347
0.0249505 0.68024
0.111586 0.812735
0.229456 0.666463
0.888666 0.661935
0.226387 0.141512
0.684571 0.11202
0.0725157 0.762293
0.644238 0.087349
0.146925 0.699853
0.439744 0.930861
0.135717 0.424662
0.822245 0.126113
0.438853 0.254416
0.602961 0.168468
0.406159 0.223795
0.931815 0.43111
0.904035 0.0434013
0.243845 0.133491
0.709864 0.132511
0.795426 0.936252
0.274023 0.479997
0.0482716 0.346539
0.24229 0.69251
0.433888 0.389215
0.392362 0.873631
0.320075 0.528079
0.298294 0.142321
0.654193 0.737147
0.396737 0.257153
0.905615 0.802896
0.480948 0.837431
0.234006 0.384983
0.880832 0.477851
0.518474 0.590696
0.610362 0.3139
0.526948 0.884385
0.793896 0.575219
0.230923 0.0361863
0.267729 0.664811
0.425401 0.660091
0.538442 0.745476
0.188171 0.836736
0.887797 0.842363
0.573883 0.284534
0.0995168 0.479498
0.0874302 0.580465
0.316929 0.321436
0.965448 0.197761
0.799287 0.483922
0.788457 0.409648
0.797822 0.315405
0.294033 0.591718
0.890624 0.524956
0.627905 0.158353
0.189767 0.0533056
0.818445 0.72821
0.798782 0.00661542
0.564945 0.686579
0.848979 0.138828
0.971113 0.948496
0.618326 0.058543
0.528961 0.935255
0.379979 0.494409
0.133016 0.179266
0.978332 0.921473
0.588914 0.776154
0.236878 0.882947
0.367872 0.127502
0.407904 0.995777
0.285855 0.597671
0.0490824 0.1043
0.325881 0.847864
0.110916 0.890826
0.534443 0.959894
0.0296544 0.505556
0.90839 0.647981
0.564099 0.437351
0.583236 0.944078
0.93176 0.716252
0.123344 0.910092
0.637725 0.712258
0.686245 0.874603
0.595205 0.0541173
0.00210475 0.00310886
0.0498941 0.28796
0.60078 0.0989765
0.39226 0.926661
0.946841 0.503176
0.817487 0.481284
0.463071 0.847141
0.98684 0.371461
0.495122 0.550939
0.808811 0.0783577
0.495017 0.740571
0.794609 0.618361
0.650663 0.432334
0.330618 0.336908
0.306937 0.925824
0.391026 0.309041
0.928932 0.44092
0.597002 0.529712
0.539896 0.989262
0.456373 0.486737
0.492438 0.27386
0.968021 0.955509
0.121001 0.954861
0.326969 0.616123
0.5058 0.135781
0.694481 0.000816839
0.876352 0.48909
0.619177 0.527015
0.921424 0.949796
0.863923 0.228361
0.87562 0.254949
0.537402 0.804552
0.695868 0.134404
0.334264 0.235765
0.123666 0.790637
0.722502 0.616104
0.0644972 0.690523
0.571613 0.185498
0.645384 0.898582
0.801621 0.151184
0.0343625 0.496102
0.152001 0.910715
0.985192 0.771178
0.43773 0.906617
0.720974 0.301653
0.134978 0.596593
0.556602 0.67238
0.401145 0.25247
0.806784 0.73541
0.488235 0.93045
0.526047 0.210737
0.546554 0.590544
0.90126 0.118167
0.776043 0.546643
0.0167484 0.577664
0.697827 0.0511109
0.0737662 0.849828
0.961825 0.0589585
0.621006 0.399555
0.965575 0.341979
0.701208 0.100553
0.938573 0.25781
0.772933 0.339718
0.51028 0.579716
0.0715823 0.995669
0.510166 0.601175
0.209252 0.0567201
0.191719 0.110512
0.174887 0.967762
0.657155 0.191635
0.545426 0.354982
0.242746 0.619192
0.20481 0.204571
0.678151 0.825816
0.604127 0.643726
0.167795 0.305335
0.744279 0.106368
0.563145 0.517211
0.446086 0.0734254
0.0969277 0.521214
0.071941 0.607094
0.12239 0.281193
0.663814 0.314109
0.391705 0.838701
0.281871 0.0488607
0.0303358 0.827297
0.403843 0.273082
0.44649 0.608653
0.477653 0.124641
0.434469 0.0817799
0.768367 0.602264
0.387115 0.512645
0.708632 0.95026
0.0298566 0.154718
0.0236851 0.126784
0.675932 0.0956261
0.733878 0.798322
0.376819 0.397692
0.112431 0.768525
0.236393 0.394302
0.817385 0.266729
0.221599 0.221228
0.539811 0.668089
0.829881 0.0174639
0.792729 0.26435
0.0992438 0.561096
0.866614 0.486359
0.0737412 0.575245
0.436618 0.103598
0.729963 0.460303
0.230382 0.405895
0.555929 0.96426
0.204217 0.932749
0.361952 0.316647
0.701274 0.598345
0.710949 0.518659
0.865074 0.932548
0.739887 0.404885
0.600637 0.569769
0.422349 0.393366
0.834119 0.521593
0.954462 0.700733
0.00795116 0.0282036
0.275978 0.444569
0.131801 0.00594094
0.904873 0.362183
0.411836 0.460802
0.326443 0.616053
0.393551 0.688396
0.9327 0.0948248
0.286741 0.643649
0.613484 0.151816
0.576198 0.353371
0.556701 0.176835
0.92314 0.97905
0.570201 0.757259
0.500642 0.524664
0.457992 0.508593
0.552867 0.73397
0.953163 0.684668
0.739911 0.858036
0.0468518 0.151747
0.318838 0.373295
0.7678 0.712389
0.0616911 0.7005
0.807214 0.348433
0.344149 0.420698
0.500248 0.920347
0.774069 0.056949
0.0971816 0.697209
0.0359986 0.667383
0.454468 0.536641
0.192046 0.91246
0.0452342 0.744914
0.64643 0.998397
0.429582 0.38634
0.856433 0.476434
0.538087 0.17527
0.849729 0.305886
0.887659 0.91142
0.00638624 0.694873
0.259853 0.350535
0.115571 0.760101
0.270882 0.88964
0.81705 0.368064
0.586848 0.853049
0.0354467 0.0413164
0.389689 0.227493
0.953776 0.434924
0.972407 0.600206
0.433321 0.401989
0.986546 0.289753
0.878423 0.524633
0.465023 0.728152
0.830519 0.352683
0.639572 0.836906
0.047556 0.899425
0.187441 0.163127
0.659526 0.458323
0.0527664 0.476576
0.826387 0.639615
0.329625 0.861834
0.680931 0.719314
0.0893269 0.634707
0.154238 0.0617337
0.234913 0.587559
0.463723 0.221459
0.877312 0.342146
0.746092 0.342335
0.0702977 0.576611
0.695018 0.70987
0.413517 0.742574
0.609295 0.600958
0.905701 0.268821
0.0592812 0.958467
0.745397 0.885668
0.598082 0.0750224
0.747502 0.279013
0.794337 0.836829
0.913721 0.948575
0.898563 0.148634
0.536133 0.362285
0.370093 0.413445
0.704431 0.116185
0.75578 0.774729
0.692797 0.450798
0.484598 0.106314
0.193373 0.0938935
0.707272 0.0990735
0.362715 0.766553
0.0575409 0.108112
0.652221 0.655623
0.183135 0.399723
0.934636 0.977471
0.236552 0.848357
0.926046 0.135115
0.996991 0.46218
0.4974 0.367085
0.875625 0.201831
0.48327 0.631405
0.976559 0.176067
0.0822037 0.461158
0.282381 0.275576
0.555051 0.989652
0.37465 0.917766
0.756205 0.432191
0.0258782 0.408427
0.0878137 0.209013
0.80815 0.0224501
0.186484 0.0447019
0.870807 0.112531
0.179816 0.867799
0.57471 0.677216
0.234883 0.450335
0.879047 0.718154
0.0817402 0.855606
0.89422 0.163944
0.316764 0.176601
0.43952 0.871815
0.166253 0.81417
0.789581 0.922459
0.246361 0.815459
0.330886 0.334175
0.0244716 0.139036
0.356625 0.210956
0.183737 0.227432
0.323486 0.363554
0.0952309 0.898197
0.04077 0.330114
0.348532 0.919817
0.0482679 0.430272
0.775423 0.942488
0.594216 0.0921862
0.119089 0.033736
0.964001 0.285343
0.847906 0.753581
0.207802 0.094267
0.56904 0.538687
0.428442 0.593512
0.677723 0.785066
0.804468 0.86146
0.0124984 0.127954
0.225014 0.107729
0.0261506 0.265784
0.437844 0.374682
0.185601 0.486112
0.804954 0.961024
0.4286 0.39917
0.0532099 0.547689
0.432906 0.0172108
0.833032 0.280812
0.770792 0.0408338
0.375079 0.339832
0.579521 0.80352
0.933344 0.257244
0.588587 0.737812
0.118705 0.601085
0.865766 0.343719
0.708814 0.891917
0.609503 0.146658
0.266599 0.795104
0.63277 0.0715528
0.756128 0.0613695
0.470723 0.809338
0.609059 0.903628
0.826549 0.442091
0.18444 0.597341
0.482925 0.559519
0.937173 0.0624457
0.36304 0.870518
0.31969 0.951626
0.60833 0.438395
0.552711 0.474096
0.782114 0.261526
0.366012 0.391617
0.408184 0.632611
0.186721 0.0409536
0.704164 0.94285
0.102323 0.174886
0.752188 0.711382
0.0785149 0.578737
0.153473 0.262955
0.176078 0.636397
0.822474 0.113251
0.698843 0.185514
0.993124 0.0223124
0.13714 0.592098
0.456928 0.689852
0.066194 0.239041
0.951377 0.432206
0.630658 0.359561
0.0648173 0.81738
0.400515 0.768981
0.760229 0.502838
0.943868 0.512417
0.21422 0.0223825
0.0911536 0.367693
0.285338 0.267231
0.00408992 0.107812
0.380482 0.702933
0.293326 0.364251
0.721466 0.430466
0.95635 0.178393
0.120317 0.0225436
0.417435 0.0716948
0.45475 0.0480931
0.431256 0.519567
0.865473 0.831771
0.288548 0.625702
0.334609 0.232416
0.138119 0.548829
0.254798 0.229273
0.916522 0.540136
0.496504 0.920612
0.647948 0.876987
0.623545 0.941273
0.241238 0.345011
0.371739 0.197587
0.523404 0.492057
0.220131 0.940839
0.563751 0.674881
0.988932 0.995008
0.194448 0.854405
0.826779 0.482996
0.480107 0.161388
0.715412 0.618227
0.710217 0.97021
0.8475 0.626739
0.510346 0.344004
0.547351 0.158294
0.220991 0.170895
0.0995671 0.462228
0.515906 0.471306
0.659816 0.03931
0.963363 0.879946
0.980149 0.527114
0.554827 0.969081
0.522122 0.749275
0.823485 0.3489
0.232271 0.303592
0.510288 0.947683
0.921819 0.220506
0.917893 0.769319
0.847244 0.428239
0.113323 0.394595
0.586532 0.334313
0.565491 0.686099
0.796541 0.0813967
0.157406 0.456357
0.120707 0.120769
0.336303 0.100855
0.647883 0.891131
0.069936 0.170005
0.640405 0.893421
0.518905 0.872676
0.197014 0.0291934
0.820359 0.118833
0.249699 0.738251
0.888151 0.0969434
0.16649 0.00147399
0.491539 0.753022
0.335787 0.0570293
0.439121 0.132329
0.138426 0.596527
0.588686 0.259133
0.717296 0.924989
0.359988 0.365178
0.81612 0.429924
0.535183 0.456525
0.323345 0.0540879
0.329201 0.520359
0.0832813 0.14956
0.639192 0.33298
0.887811 0.527343
0.429924 0.0543007
0.528817 0.921462
0.807323 0.864605
0.978491 0.246444
0.996933 0.116917
0.842971 0.585619
0.37605 0.560267
0.510608 0.736038
0.925445 0.326727
0.165962 0.460628
0.783252 0.489307
0.514716 0.112454
0.00966656 0.597997
0.262013 0.648859
0.930977 0.149824
0.176202 0.360901
0.204125 0.705019
0.282363 0.0114478
0.569624 0.260855
0.257892 0.566557
0.377772 0.100863
0.152176 0.753822
0.66113 0.662784
0.48986 0.586575
0.989511 0.655822
0.0472028 0.772763
0.145129 0.561919
0.885217 0.154796
0.159916 0.14723
0.803654 0.0908927
0.297054 0.979856
0.451794 0.501179
0.684876 0.734157
0.512627 0.2545
0.995011 0.770519
0.821057 0.372783
0.871382 0.973232
0.126605 0.532512
0.636016 0.616465
0.119087 0.625527
0.272287 0.16629
0.39829 0.417416
0.728208 0.283507
0.572212 0.888124
0.430737 0.375867
0.979016 0.727791
0.355723 0.43081
0.228971 0.0405987
0.164967 0.741598
0.295098 0.159978
0.512117 0.116155
0.532761 0.383499
0.0893875 0.659366
0.916011 0.725404
0.275831 0.0350982
0.35093 0.548118
0.201388 0.749221
0.965534 0.929596
0.0327277 0.537746
0.81772 0.463465
0.913613 0.796736
0.191256 0.269335
0.227546 0.420227
0.309934 0.392513
0.161825 0.605032
0.552491 0.673942
0.721187 0.0852516
0.0574414 0.810575
0.744617 0.973453
0.535979 0.0204482
0.00855076 0.886909
0.568566 0.209939
0.63613 0.5341
0.139535 0.668857
0.0718458 0.957255
0.132322 0.985458
0.753991 0.323578
0.254794 0.981537
0.743805 0.564728
0.37405 0.905631
0.16976 0.926541
0.579573 0.890948
0.0117928 0.637014
0.701523 0.75641
0.610467 0.237501
0.776858 0.619017
0.12441 0.345424
0.828956 0.76054
0.879524 0.968491
0.429397 0.95137
0.925745 0.561719
0.936828 0.679736
0.885297 0.191622
0.661274 0.629103
0.75635 0.0353241
0.534733 0.92611
0.961865 0.114306
0.817057 0.973658
0.75132 0.51858
0.730068 0.361787
0.756081 0.506927
0.980804 0.880492
0.852351 0.80976
0.641031 0.731875
0.778251 0.0704285
0.683245 0.703996
0.632148 0.620073
0.383732 0.517445
0.811695 0.0450061
0.146548 0.568044
0.0803301 0.681281
0.494154 0.0421954
0.795587 0.311212
0.0158534 0.546907
0.829792 0.745922
0.908693 0.585873
0.252848 0.889497
0.466365 0.105199
0.699257 0.107397
0.837074 0.477508
0.177825 0.520319
0.181504 0.809973
0.140392 0.565237
0.327418 0.952087
0.610243 0.473965
0.520132 0.690573
0.155246 0.0142857
0.732768 0.950833
0.325497 0.748622
0.49774 0.155289
0.494543 0.406433
0.741163 0.747392
0.295931 0.207528
0.852591 0.995188
0.314924 0.689666
0.472696 0.492749
0.209985 0.6542
0.302722 0.350377
0.219437 0.63014
0.302464 0.82968
0.104105 0.822596
0.520253 0.259351
0.836882 0.253021
0.210184 0.162379
0.0016427 0.707924
0.317668 0.496186
0.114357 0.058831
0.243578 0.410288
0.266359 0.0961691
0.405476 0.581283
0.785835 0.878172
0.0712043 0.993107
0.532372 0.376755
0.346197 0.751809
0.00689423 0.648661
0.581489 0.110999
0.471257 0.101742
0.37035 0.308139
0.354763 0.580534
0.470518 0.356406
0.288458 0.788186
0.852592 0.402815
0.847017 0.0961697
0.813102 0.113376
0.192339 0.218578
0.694659 0.978174
0.0967494 0.768692
0.973993 0.629122
0.145447 0.32019
0.380931 0.152341
0.968852 0.96242
0.26334 0.440109
0.064162 0.63369
0.748248 0.418925
0.214224 0.218766
0.775331 0.502681
0.00695238 0.627922
0.905496 0.85397
0.724092 0.718598
0.967346 0.916431
0.937175 0.662005
0.894605 0.0339248
0.430697 0.868598
0.663046 0.576144
0.188788 0.0439773
0.728484 0.15764
0.0063976 0.991824
0.597749 0.0705594
0.625514 0.345997
0.489484 0.839738
0.564763 0.264815
0.342419 0.571715
0.892738 0.247915
0.425685 0.61683
0.966512 0.393031
0.533261 0.903688
0.0550364 0.427865
0.937613 0.485734
0.296463 0.600659
0.0618772 0.485251
0.644636 0.790362
0.642891 0.651034
0.782186 0.24064
0.721593 0.4077
0.586637 0.211078
0.247438 0.1514
0.475893 0.589857
0.723116 0.36863
0.837771 0.148801
0.98546 0.804283
0.541832 0.518721
0.707971 0.596868
0.946586 0.645584
0.082602 0.243049
0.246243 0.144479
0.7283 0.890879
0.934841 0.371191
0.541913 0.717027
0.611832 0.263506
0.124727 0.198469
0.474583 0.372165
0.349869 0.950476
0.962021 0.0729847
0.319106 0.799792
0.221786 0.304566
0.604076 0.763618
0.823287 0.312047
0.360486 0.769873
0.957631 0.443088
0.0129217 0.203873
0.587567 0.741222
0.0947525 0.522408
0.112413 0.636665
0.239435 0.724245
0.900171 0.364162
0.922714 0.374755
0.736327 0.272583
0.325231 0.698348
0.345567 0.644337
0.49814 0.567353
0.948903 0.102216
0.330971 0.77219
0.414262 0.691457
0.542063 0.371893
0.134545 0.554985
0.575766 0.722112
0.296207 0.670519
0.24452 0.40862
0.307184 0.483955
0.132865 0.207355
0.848117 0.0555785
0.58211 0.584444
0.328161 0.907341
0.282792 0.673728
0.551678 0.780932
0.241081 0.500581
0.883147 0.572052
0.272771 0.29741
0.263509 0.814834
0.669303 0.398054
0.369818 0.245069
0.120166 0.666025
0.915588 0.364686
0.0746447 0.222772
0.848641 0.20751
0.430127 0.696759
0.263088 0.0122368
0.281203 0.591249
0.919577 0.563995
0.264978 0.471255
0.344927 0.506059
0.971836 0.228074
0.0781112 0.244606
0.525484 0.34162
0.05944 0.194786
0.739674 0.429258
0.439855 0.859839
0.095283 0.355443
0.224525 0.169928
0.578214 0.0731664
0.377437 0.0083413
0.769925 0.640526
0.0205781 0.0511282
0.231775 0.940155
0.615123 0.496753
0.41141 0.96005
0.00281169 0.383246
0.188124 0.0809229
0.627852 0.713608
0.422543 0.687292
0.908395 0.162216
0.116551 0.34825
0.0220556 0.211834
0.703693 0.246581
0.381761 0.281907
0.319747 0.759199
0.290248 0.0896723
0.399724 0.310826
0.1408 0.631499
0.250982 0.755923
0.128252 0.662392
0.715973 0.131063
0.0456382 0.904098
0.211986 0.673491
0.617706 0.634529
0.360783 0.5261
0.796746 0.477333
0.87435 0.818801
0.689167 0.578043
0.0653819 0.0709285
0.85995 0.385129
0.830127 0.150198
0.474801 0.229852
0.461024 0.615602
0.861351 0.712006
0.371525 0.989602
0.374398 0.0874985
0.120666 0.420037
0.991596 0.332652
0.0935272 0.609302
0.967181 0.45431
0.135402 0.763927
0.931644 0.00975187
0.582728 0.620811
0.587794 0.64811
0.691739 0.447744
0.0332388 0.521866
0.597942 0.50804
0.751718 0.0589663
0.123642 0.613069
0.770972 0.495167
0.602671 0.145371
0.582665 0.723337
0.565408 0.574261
0.055989 0.658935
0.183563 0.0231701
0.113245 0.318965
0.787097 0.0448883
0.328717 0.369825
0.665699 0.916511
0.0179346 0.357438
0.364255 0.0511734
0.879304 0.962197
0.559213 0.631023
0.0211637 0.682855
0.244091 0.792136
0.178022 0.846763
0.937507 0.760687
0.5701 0.502915
0.334949 0.626088
0.161849 0.518512
0.649259 0.275094
0.837477 0.436355
0.319983 0.166194
0.80618 0.985682
0.0827054 0.824115
0.34312 0.446961
0.875288 0.222424
0.409158 0.434502
0.853446 0.430322
0.117357 0.0975378
0.222458 0.295379
0.9443 0.159965
0.0560664 0.5144
0.66288 0.391015
0.140488 0.82473
0.909527 0.789747
0.0998239 0.747005
0.226102 0.419807
0.913199 0.0322827
0.405488 0.995904
0.856398 0.748608
0.442865 0.731686
0.971032 0.852023
0.166188 0.824478
0.282345 0.283545
0.922016 0.504803
0.578924 0.866316
0.664769 0.63499
0.380716 0.327649
0.0260054 0.521204
0.152378 0.935533
0.310951 0.252202
0.682537 0.537054
0.672009 0.595736
0.569337 0.0774969
0.59164 0.425734
0.826104 0.0345046
0.15742 0.797136
0.886528 0.323608
0.621614 0.168873
0.607152 0.54363
0.673676 0.186076
0.409946 0.338445
0.821066 0.790662
0.666094 0.847071
0.311867 0.818472
0.782604 0.622818
0.0706746 0.465141
0.159872 0.742683
0.0608771 0.729209
0.82018 0.652517
0.154943 0.646285
0.687021 0.312363
0.443421 0.573549
0.63597 0.0650347
0.742422 0.243122
0.608665 0.416098
0.429198 0.0186105
0.754543 0.250264
0.809273 0.420637
0.0973349 0.121139
0.23911 0.879939
0.743957 0.309784
0.34508 0.903829
0.0524676 0.405957
0.633038 0.872648
0.0584741 0.78798
0.518933 0.745495
0.100343 0.962354
0.319045 0.736313
0.0273883 0.0614668
0.979435 0.636053
0.477565 0.408633
0.654663 0.232108
0.658897 0.463936
0.652746 0.756232
0.585075 0.891855
0.636171 0.329032
0.201639 0.981251
0.232861 0.254107
0.387208 0.865899
0.126755 0.445682
0.653879 0.645688
0.191178 0.754222
0.608041 0.510222
0.490535 0.63543
0.571689 0.46997
0.271482 0.0492541
0.878603 0.926146
0.281363 0.537499
0.390082 0.934108
0.293731 0.975157
0.825964 0.929902
0.304189 0.027603
0.911153 0.53705
0.28171 0.29836
0.402949 0.408465
0.744043 0.0568282
0.0541529 0.93522
0.81105 0.662194
0.445442 0.301585
0.297624 0.0171313
0.771554 0.569106
0.0663854 0.650157
0.495252 0.347748
0.187656 0.885333
0.281856 0.481387
0.86049 0.10782
0.411289 0.164679
0.135423 0.322442
0.701729 0.417133
0.620802 0.104678
0.825598 0.364845
0.161507 0.879751
0.300065 0.972557
0.541945 0.745507
0.274141 0.839569
0.762638 0.0456955
0.408675 0.829024
0.695852 0.903927
0.176772 0.883509
0.789261 0.458628
0.364896 0.649751
0.566448 0.776186
0.81443 0.701871
0.0986272 0.516159
0.119005 0.719429
0.620838 0.944603
0.0842742 0.782344
0.824354 0.384339
0.754901 0.366299
0.129846 0.0290423
0.205868 0.892485
0.0747378 0.614543
0.721509 0.77059
0.518471 0.898281
0.654099 0.307731
0.356909 0.0189953
0.957482 0.923357
0.795181 0.771912
0.625229 0.893808
0.288071 0.744233
0.613238 0.908909
0.688836 0.697512
0.691253 0.51319
0.0818509 0.446154
0.879489 0.211697
0.475197 0.0853576
0.104182 0.549934
0.699901 0.82569
0.320525 0.218372
0.723971 0.974624
0.526103 0.0808797
0.993619 0.483585
0.00423702 0.7888
0.255496 0.629466
0.682608 0.543567
0.373699 0.295845
0.452476 0.0625356
0.993357 0.143729
0.575726 0.0752081
0.589884 0.455215
0.286905 0.0650801
0.540573 0.391087
0.615014 0.240474
0.216777 0.935539
0.458845 0.940748
0.910163 0.984948
0.0216276 0.903782
0.468533 0.0258646
0.692582 0.724029
0.65533 0.375189
0.267596 0.0290298
0.671035 0.720072
0.0915653 0.664392
0.863802 0.667291
0.7396 0.453685
0.122506 0.0265054
0.518765 0.663079
0.417592 0.13378
0.903553 0.63437
0.0693188 0.362398
0.575117 0.979482
0.347346 0.596745
0.883263 0.815879
0.62261 0.575845
0.539908 0.27794
0.951034 0.807504
0.30697 0.622069
0.527577 0.398535
0.286462 0.391378
0.0658264 0.0260618
0.845063 0.188333
0.0525672 0.363829
0.851411 0.47016
0.497608 0.754964
0.104529 0.566927
0.117362 0.679647
0.546409 0.464709
0.276392 0.429672
0.280588 0.899001
0.00551688 0.820496
0.176942 0.956551
0.628001 0.483911
0.578621 0.155577
0.882447 0.865082
0.546956 0.948273
0.891144 0.392019
0.136606 0.943711
0.755847 0.988017
0.413871 0.253456
0.742981 0.5184
0.820383 0.860344
0.198046 0.366791
0.325053 0.474438
0.796463 0.605641
0.373439 0.80198
0.426137 0.550381
0.758531 0.0541375
0.0342924 0.337152
0.209715 0.916739
0.202234 0.75667
0.865012 0.0933784
0.148689 0.00161816
0.0370897 0.904537
0.989635 0.450961
0.157992 0.732617
0.96936 0.978375
0.592961 0.167407
0.345167 0.918013
0.641845 0.14163
0.523654 0.0152843
0.94361 0.949791
0.565665 0.702142
0.0039285 0.599958
0.0392937 0.213643
0.516697 0.241528
0.970314 0.381709
0.334907 0.119003
0.383327 0.371996
0.0235395 0.372963
0.822957 0.181532
0.10558 0.792317
0.159907 0.69854
0.959724 0.505074
0.616553 0.601569
0.646704 0.140208
0.616853 0.590314
0.0899985 0.182518
0.292455 0.093927
0.782476 0.331749
0.30757 0.299173
0.573277 0.277884
0.680882 0.908184
0.396887 0.0642094
0.28018 0.420426
0.437172 0.103136
0.601958 0.542752
0.895454 0.761865
0.241292 0.855178
0.266939 0.857845
0.456746 0.913642
0.998053 0.0735996
0.503956 0.0880513
0.256118 0.796411
0.181978 0.038594
0.12816 0.489549
0.337767 0.701437
0.767433 0.0186488
0.609621 0.164319
0.0828582 0.8898
0.584745 0.52003
0.992937 0.186703
0.0627821 0.88839
0.948568 0.304074
0.743568 0.215507
0.161919 0.200314
0.12915 0.159972
0.273914 0.633106
0.248023 0.530032
0.429517 0.430002
0.568626 0.557677
0.91955 0.906393
0.259114 0.686983
0.925041 0.868735
0.851302 0.00789957
0.758535 0.436047
0.52793 0.751472
0.622751 0.590712
0.639862 0.571319
0.894786 0.38343
0.786826 0.0567053
0.583744 0.915976
0.216677 0.857658
0.549082 0.464701
0.38769 0.978599
0.894702 0.956316
0.536276 0.814253
0.862708 0.79539
0.501235 0.78775
0.664125 0.352537
0.795649 0.42266
0.788585 0.323579
0.174132 0.411335
0.914291 0.813994
0.982654 0.809077
0.197424 0.769481
0.865783 0.781169
0.685457 0.08246
0.638827 0.234539
0.547161 0.026517
0.213138 0.441863
0.982833 0.749414
0.256115 0.845541
0.544805 0.757351
0.633291 0.20893
0.109888 0.42894
0.63159 0.898473
0.75252 0.805722
0.309808 0.666811
0.619717 0.292463
0.475889 0.817141
0.0619434 0.341671
0.59831 0.747401
0.424131 0.237137
0.98194 0.971292
0.263654 0.195078
0.413155 0.246487
0.944492 0.66927
0.092028 0.489297
0.426621 0.725319
0.698227 0.536509
0.154259 0.329817
0.434982 0.906779
0.135539 0.74479
0.57359 0.755256
0.0372526 0.0494786
0.572397 0.099196
0.39115 0.170707
0.846596 0.815281
0.407843 0.828536
0.786573 0.671497
0.0236139 0.199728
0.917984 0.968106
0.868998 0.0100119
0.457403 0.295619
0.735331 0.15563
0.832128 0.88959
0.485446 0.26711
0.796369 0.620985
0.0119002 0.369959
0.376241 0.0491528
0.419438 0.948638
0.148349 0.810588
0.118238 0.994138
0.625869 0.527188
0.823481 0.412443
0.198685 0.847095
0.612171 0.116669
0.815201 0.481169
0.126681 0.272604
0.776788 0.862012
0.428234 0.608917
0.751602 0.91368
0.876027 0.547971
0.534666 0.887927
0.91793 0.910907
0.93708 0.337368
0.859545 0.0854286
0.147956 0.978889
0.0803739 0.773825
0.506077 0.903855
0.186268 0.704762
0.750951 0.798438
0.821431 0.566152
0.279607 0.948111
0.838757 0.0563954
0.810123 0.26699
0.665312 0.561725
0.180671 0.541339
0.109696 0.715337
0.429266 0.0276263
0.626243 0.366345
0.364994 0.485788
0.451774 0.51295
0.464677 0.532148
0.286775 0.970754
0.436003 0.473043
0.675515 0.186954
0.271481 0.496946
0.753106 0.551088
0.445057 0.591863
0.607484 0.25518
0.858853 0.272796
0.816905 0.0395239
0.814134 0.926602
0.754861 0.2434
0.954228 0.381104
0.609745 0.319222
0.866892 0.0615195
0.832172 0.331569
0.593667 0.118947
0.302322 0.0296708
0.59199 0.977838
0.216625 0.863471
0.474783 0.969731
0.414559 0.919841
0.561593 0.022043
0.175021 0.420446
0.294839 0.991926
0.45997 0.108973
0.918528 0.214831
0.352373 0.872756
0.595935 0.962118
0.191978 0.462827
0.0236379 0.0241502
0.794396 0.617305
0.143098 0.096718
0.646976 0.735088
0.0745555 0.863601
0.598559 0.549339
0.833332 0.0131183
0.469179 0.394925
0.0351614 0.6442
0.815372 0.33
0.636127 0.275342
0.438973 0.554655
0.490173 0.791346
0.427411 0.0861079
0.753464 0.619389
0.548935 0.777102
0.643539 0.34333
0.394408 0.786636
0.440048 0.0413839
0.521724 0.514604
0.904985 0.120283
0.0639426 0.738317
0.133401 0.533122
0.133242 0.168563
0.177322 0.948613
0.498563 0.813449
0.223955 0.937536
0.368104 0.714128
0.728882 0.795515
0.800236 0.482346
0.414903 0.349171
0.259449 0.0584419
0.692501 0.653856
0.845078 0.13255
0.69524 0.366802
0.647154 0.600225
0.487086 0.711096
0.338542 0.620487
0.244218 0.471783
0.78905 0.421541
0.420396 0.287613
0.23499 0.644352
0.225148 0.603094
0.35848 0.95403
0.398608 0.158716
0.436376 0.813512
0.507887 0.695825
0.871954 0.200389
0.349681 0.717032
0.332939 0.0449216
0.0837956 0.980013
0.645147 0.57092
0.691188 0.983688
0.191407 0.935407
0.455472 0.980456
0.356947 0.875868
0.268069 0.591937
0.52022 0.493217
0.195031 0.8787
0.447247 0.593639
0.0374161 0.883624
0.407151 0.545303
0.579449 0.279104
0.745692 0.92913
0.996136 0.0786307
0.974052 0.0799702
0.0587228 0.619199
0.65089 0.749911
0.602887 0.842297
0.685318 0.0583584
0.822753 0.0422647
0.934226 0.090822
0.634202 0.454446
0.584039 0.829232
0.333146 0.0312866
0.422871 0.370562
0.91491 0.830022
0.915866 0.494359
0.109126 0.661558
0.423489 0.105262
0.740188 0.397541
0.185232 0.798911
0.0167396 0.836122
0.548822 0.619626
0.678419 0.23414
0.677985 0.501172
0.276405 0.612211
0.591994 0.910606
0.0666575 0.176033
0.739838 0.399803
0.207319 0.162709
0.770366 0.12223
0.992731 0.686231
0.616589 0.101857
0.347789 0.0400784
0.207119 0.0879771
0.437619 0.392351
0.886888 0.454359
0.228473 0.43571
0.0739856 0.906892
0.66985 0.75197
0.408063 0.946255
0.364182 5.70072e-05
0.856861 0.430839
0.17609 0.596699
0.830643 0.383409
0.759408 0.601008
0.505639 0.75214
0.287239 0.122228
0.853997 0.635028
0.162307 0.0611155
0.723005 0.599926
0.453466 0.609893
0.0542853 0.681939
0.0456039 0.128271
0.588831 0.715454
0.880241 0.996894
0.661709 0.244423
0.996951 0.51857
0.675262 0.173041
0.115269 0.505905
0.556451 0.874678
0.106913 0.0620898
0.626817 0.394152
0.184318 0.480814
0.0291805 0.346625
0.541929 0.752186
0.946551 0.995396
0.362079 0.000836252
0.677335 0.407683
0.129107 0.266166
0.123137 0.00934838
0.26306 0.784846
0.253771 0.260012
0.303416 0.929034
0.433053 0.418685
0.434938 0.989503
0.293363 0.541851
0.0515933 0.92018
0.936004 0.235911
0.400994 0.965184
0.582536 0.942923
0.71737 0.529087
0.938318 0.0794494
0.529923 0.615653
0.487133 0.65903
0.881819 0.61027
0.668379 0.14488
0.395116 0.92215
0.404891 0.698533
0.851184 0.837944
0.117218 0.286122
0.827448 0.410581
0.827974 0.879041
0.330761 0.763978
0.114952 0.731755
0.729162 0.697488
0.674678 0.446532
0.226576 0.612996
0.525982 0.756499
0.22865 0.0131141
0.415529 0.110469
0.623384 0.0839083
0.255349 0.0185005
0.00605858 0.66024
0.717033 0.857242
0.498184 0.834252
0.143365 0.325631
0.244833 0.971338
0.204672 0.575594
0.735316 0.319624
0.307349 0.464478
0.0171128 0.982027
0.91101 0.243688
0.595024 0.436992
0.000187327 0.823673
0.450106 0.415717
0.934142 0.07349
0.499625 0.189491
0.0919905 0.505684
0.849731 0.809024
0.362926 0.347914
0.643275 0.506291
0.673546 0.888108
0.477629 0.878218
0.463703 0.212945
0.197842 0.771052
0.677423 0.214955
0.753079 0.588433
0.458644 0.348103
0.0254253 0.458831
0.171776 0.475531
0.874548 0.105919
0.549021 0.374173
0.29541 0.641012
0.879856 0.145141
0.450036 0.242783
0.493055 0.093311
0.749073 0.166601
0.981419 0.226702
0.0448188 0.445122
0.439648 0.242661
0.216174 0.117071
0.457616 0.969253
0.705504 0.91626
0.317356 0.730929
0.375091 0.489133
0.206461 0.249638
0.595052 0.755482
0.623811 0.890462
0.396494 0.503667
0.0356022 0.846529
0.74645 0.528657
0.93984 0.495523
0.695258 0.92126
0.722226 0.740077
0.366382 0.161873
0.982738 0.582555
0.278944 0.440354
0.551809 0.984448
0.356614 0.869165
0.715377 0.731705
0.358297 0.921838
0.981343 0.953349
0.67732 0.605154
0.843811 0.0738134
0.108822 0.879413
0.920343 0.855272
0.40807 0.860183
0.350795 0.103328
0.781442 0.0730203
0.843405 0.147824
0.234893 0.826143
0.730379 0.513837
0.266498 0.282188
0.498285 0.623112
0.151353 0.213663
0.354816 0.50965
0.135501 0.336159
0.462999 0.812821
0.941314 0.30681
0.886634 0.0501351
0.186223 0.806977
0.905407 0.594293
0.667159 0.256201
0.697621 0.448601
0.329222 0.541027
0.596425 0.564115
0.36717 0.326804
0.0779525 0.633667
0.608992 0.576238
0.256779 0.760345
0.789901 0.611595
0.269995 0.925401
0.947755 0.732994
0.738222 0.889068
0.039804 0.624856
0.939203 0.226027
0.431833 0.84461
0.82032 0.0989921
0.100812 0.517941
0.547594 0.430033
0.0589675 0.144019
0.994149 0.426137
0.470823 0.0721011
0.0598046 0.0798155
0.648339 0.316583
0.84016 0.438239
0.928179 0.110155
0.363641 0.875933
0.843149 0.101863
0.765002 0.882953
0.726719 0.704205
0.10898 0.158552
0.548815 0.9293
0.257544 0.649627
0.447241 0.805138
0.07966 0.506208
0.949156 0.0738086
0.932346 0.41998
0.145559 0.992345
0.499795 0.794249
0.308734 0.339955
0.232488 0.236912
0.450111 0.596129
0.112846 0.29326
0.697992 0.877847
0.176214 0.424711
0.582053 0.285194
0.583263 0.130868
0.214493 0.840807
0.780494 0.661734
0.645944 0.860154
0.167942 0.5951
0.933963 0.100288
0.01508 0.0798727
0.0924381 0.514875
0.874121 0.401172
0.85483 0.106609
0.638084 0.304941
0.702738 0.75093
0.598201 0.40073
0.628777 0.774415
0.825441 0.21083
0.0596084 0.408703
0.341698 0.274102
0.24951 0.122192
0.935836 0.895454
0.982346 0.103778
0.490554 0.916309
0.204067 0.505634
0.996182 0.296505
0.0205092 0.870304
0.697676 0.87534
0.976913 0.33576
0.180281 0.679651
0.0866902 0.778482
0.080381 0.715468
0.552897 0.905822
0.926297 0.612506
0.314525 0.267995
0.886607 0.564035
0.390187 0.822443
0.459489 0.372533
0.926222 0.950043
0.288843 0.130288
0.455677 0.285025
0.426793 0.476186
0.155328 0.124469
0.351526 0.132241
0.46023 0.531807
0.811892 0.54692
0.310289 0.892273
0.262388 0.863186
0.798095 0.188685
0.475692 0.11262
0.45668 0.362299
0.676655 0.846867
0.184742 0.136143
0.2194 0.110964
0.0861858 0.508243
0.241253 0.541863
0.793268 0.668046
0.0180477 0.948596
0.792515 0.369575
0.0808375 0.252745
0.901382 0.89273
0.799665 0.211671
0.785003 0.0620529
0.0748567 0.583098
0.250738 0.550548
0.695718 0.707418
0.912847 0.372373
0.554284 0.0975897
0.508516 0.773684
0.208554 0.594702
0.281927 0.449807
0.136564 0.0751948
0.117852 0.154613
0.0237909 0.910367
0.524188 0.104628
0.163112 0.425569
0.997358 0.962778
0.63724 0.782362
0.0248306 0.712097
0.36546 0.275568
0.262645 0.0611779
0.982986 0.175492
0.433551 0.53727
0.273082 0.942066
0.310955 0.481636
0.536768 0.592882
0.931443 0.673332
0.668077 0.0492948
0.827945 0.691868
0.959662 0.352133
0.796496 0.122775
0.777702 0.793854
0.0855525 0.414942
0.576216 0.110383
0.127039 0.941676
0.385951 0.389684
0.00285357 0.368938
0.565176 0.436404
0.906208 0.838258
0.378471 0.217163
0.319894 0.915238
0.810045 0.251337
0.588571 0.478121
0.300632 0.416516
0.169989 0.260294
0.768649 0.966485
0.383069 0.546352
0.760339 0.468621
0.961294 0.336555
0.579004 0.088333
0.278231 0.964956
0.478017 0.281084
0.333893 0.0431934
0.717489 0.240102
0.881452 0.0959591
0.457264 0.201346
0.0111975 0.267309
0.452683 0.599768
0.745431 0.753315
0.0162842 0.91542
0.013609 0.784933
0.881905 0.396678
0.331285 0.642244
0.865299 0.292579
0.978799 0.444303
0.380912 0.25703
0.409259 0.858929
0.538114 0.743153
0.902123 0.255603
0.983254 0.783574
0.351562 0.440519
0.984921 0.362759
0.707828 0.437604
0.962528 0.453259
0.190919 0.978812
0.368678 0.204528
0.763745 0.250583
0.601206 0.0950301
0.892827 0.466505
0.387609 0.871626
0.910808 0.768521
0.128655 0.320067
0.62745 0.666769
0.06322 0.529573
0.922372 0.0464743
0.313147 0.273934
0.486993 0.298068
0.636693 0.194821
0.735671 0.599221
0.64808 0.92659
0.578032 0.0167581
0.131118 0.341778
0.267341 0.732323
0.436808 0.160168
0.198828 0.824417
0.0317931 0.109636
0.592938 0.160448
0.429703 0.220388
0.827218 0.492923
0.74996 0.74959
0.539398 0.0631074
0.0235239 0.0263906
0.361175 0.660217
0.221212 0.0968462
0.259438 0.869291
0.0234362 0.83747
0.886049 0.154554
0.179248 0.15339
0.886877 0.616055
0.313558 0.0857052
0.440472 0.345351
0.195341 0.0334096
0.5058 0.625044
0.253797 0.333017
0.117968 0.00375784
0.0826074 0.657365
0.0668653 0.106131
0.683756 0.42804
0.766348 0.904968
0.524886 0.025786
0.774259 0.548323
0.863256 0.660308
0.702877 0.0425039
0.813699 0.589754
0.658559 0.127257
0.675459 0.0990311
0.472608 0.8708
0.132441 0.978408
0.495845 0.386238
0.311425 0.613812
0.389996 0.394032
0.271178 0.456861
0.500164 0.954934
0.884901 0.266512
0.859901 0.409788
0.292298 0.63416
0.95811 0.155554
0.294469 0.660987
0.198058 0.108167
0.250741 0.856617
0.235424 0.9262
0.955648 0.708032
0.797 0.0880891
0.68644 0.292845
0.474327 0.997865
0.906657 0.864323
0.391897 0.177835
0.321184 0.892061
0.132768 0.206086
0.158489 0.9927
0.615873 0.450871
0.626829 0.573984
0.606425 0.921298
0.234971 0.804484
0.0294654 0.485712
0.661101 0.26489
0.411912 0.616749
0.972922 0.208912
0.704838 0.659362
0.501756 0.179165
0.657227 0.408413
0.0434885 0.0491244
0.586248 0.364673
0.941185 0.719016
0.570758 0.0997586
0.711685 0.186632
0.55063 0.338514
0.760615 0.157055
0.259812 0.995586
0.961539 0.289278
0.481298 0.62264
0.554167 0.89321
0.239389 0.527089
0.102121 0.944227
0.186451 0.603878
0.123393 0.843678
0.0122908 0.166881
0.892803 0.598538
0.531554 0.833988
0.317554 0.102312
0.933747 0.0292393
0.288944 0.484376
0.367754 0.0495591
0.641432 0.627566
0.0451454 0.60297
0.916843 0.526443
0.22561 0.471011
0.419653 0.464999
0.9981 0.521775
0.409226 0.184551
0.125652 0.532619
0.0282299 0.137943
0.6995 0.921033
0.736482 0.231054
0.755021 0.0540358
0.333366 0.688768
0.0832751 0.62231
0.173144 0.451029
0.671869 0.814576
0.0785944 0.717014
0.417546 0.995438
0.243458 0.643156
0.466448 0.663111
0.108155 0.464549
0.184885 0.517381
0.6491 0.310538
0.0500001 0.67733
0.448481 0.7495
0.598362 0.184962
0.980554 0.353383
0.238998 0.31392
0.0421508 0.322273
0.93623 0.215295
0.773302 0.608098
0.0298706 0.851896
0.325113 0.447417
0.847334 0.56857
0.0905729 0.313783
0.231681 0.198728
0.778331 0.416567
0.716109 0.427431
0.727104 0.766109
0.104761 0.175585
0.51561 0.703124
0.360548 0.496163
0.0565068 0.599546
0.810083 0.0986576
0.921819 0.746313
0.313953 0.695121
0.354412 0.343823
0.547017 0.679524
0.79124 0.394352
0.248094 0.881813
0.708134 0.479776
0.0805408 0.486465
0.896342 0.79665
0.913897 0.623447
0.56276 0.0186576
0.799032 0.078369
0.721781 0.159579
0.574533 0.778288
0.759125 0.384616
0.876946 0.680944
0.130929 0.190898
0.376065 0.485341
0.534721 0.923083
0.164865 0.325961
0.317434 0.412959
0.207774 0.0255684
0.892735 0.288315
0.512034 0.789077
0.0849648 0.42593
0.412524 0.647724
0.444588 0.211555
0.726093 0.166369
0.371135 0.300626
0.944657 0.13026
0.685242 0.821603
0.811205 0.816171
0.0125007 0.18727
0.301512 0.547222
0.110353 0.466377
0.873183 0.427787
0.879336 0.0809568
0.453355 0.772071
0.369271 0.965389
0.561148 0.454236
0.391319 0.973672
0.101961 0.835907
0.185227 0.828054
0.00227629 0.556362
0.12868 0.946933
0.686622 0.813922
0.768536 0.497827
0.630092 0.781037
0.685097 0.931604
0.328259 0.795449
0.397981 0.201441
0.223236 0.277317
0.282398 0.676592
0.0493875 0.65167
0.641981 0.610535
0.105906 0.0332999
0.584207 0.207866
0.869207 0.769434
0.0359203 0.871483
0.325796 0.1646
0.818417 0.0124184
0.978522 0.586953
0.510245 0.608614
0.367989 0.195342
0.540218 0.696248
0.990792 0.938199
0.897689 0.214028
0.215516 0.180087
0.890619 0.264903
0.831757 0.5326
0.875439 0.937663
0.5659 0.459646
0.145529 0.435107
0.22908 0.18145
0.30659 0.554876
0.34605 0.125007
0.567295 0.324571
0.71196 0.0775398
0.933185 0.0799489
0.272882 0.473403
0.776197 0.263673
0.411602 0.673886
0.477701 0.627118
0.853973 0.368321
0.892021 0.68573
0.900921 0.767459
0.623393 0.466821
0.227105 0.768923
0.901928 0.456185
0.950373 0.208518
0.0110611 0.296423
0.333525 0.578356
0.620994 0.0454846
0.655895 0.554179
0.125433 0.928777
0.0275827 0.90163
0.192451 0.439185
0.575516 0.670152
0.0663029 0.429489
0.0384697 0.958322
0.115219 0.939393
0.725783 0.738613
0.406214 0.952888
0.507536 0.308141
0.409073 0.457909
0.516659 0.420135
0.754331 0.850184
0.99849 0.375325
0.895669 0.654385
0.929504 0.0211023
0.583163 0.957087
0.922732 0.775613
0.396272 0.498248
0.445765 0.462575
0.927737 0.484237
0.420899 0.0429568
0.423631 0.146682
0.78157 0.829845
0.0995704 0.289105
0.137986 0.508644
0.747014 0.654645
0.928778 0.501345
0.50483 0.927269
0.87667 0.400498
0.581654 0.806174
0.421601 0.164817
0.763261 0.344333
0.94043 0.159533
0.842581 0.386195
0.622108 0.770318
0.870432 0.0430063
0.813275 0.294063
0.189688 0.594845
0.123908 0.289259
0.88395 0.261893
0.797903 0.630964
0.916539 0.726681
0.132309 0.421368
0.653949 0.00897952
0.821867 0.235603
0.815154 0.243467
0.40042 0.578415
0.5878 0.34085
0.737948 0.430381
0.727045 0.360056
0.2007 0.597477
0.403062 0.0139751
0.89154 0.59275
0.60882 0.0154474
0.882009 0.49277
0.277341 0.679911
0.123735 0.19388
0.406592 0.256044
0.615248 0.0605416
0.265024 0.437115
0.296145 0.0801777
0.680582 0.696565
0.658592 0.268382
0.0374149 0.39654
0.698764 0.76446
0.756596 0.899464
0.361936 0.159658
0.913439 0.253476
0.752408 0.522259
0.268924 0.634416
0.0150293 0.546265
0.314328 0.138764
0.740144 0.72092
0.394809 0.355392
0.781461 0.659833
0.792507 0.0776063
0.74001 0.473089
0.774171 0.398603
0.741471 0.811586
0.795143 0.440235
0.576046 0.551739
0.339699 0.937982
0.711396 0.253137
0.191459 0.463804
0.775396 0.460383
0.0982201 0.790426
0.00664726 0.412548
0.92919 0.746792
0.133467 0.323998
0.102184 0.914929
0.983831 0.894691
0.992535 0.723841
0.36778 0.766706
0.122444 0.109251
0.578293 0.917587
0.549486 0.154339
0.469325 0.889184
0.0923211 0.180722
0.142322 0.28378
0.644525 0.917718
0.744162 0.742745
0.708144 0.75081
0.155293 0.637333
0.497601 0.288761
0.961332 0.599785
0.203689 0.945163
0.494476 0.196224
0.669004 0.862255
0.962931 0.791448
0.971506 0.541224
0.709035 0.520992
0.695562 0.17836
0.410176 0.787883
0.359082 0.552498
0.0716633 0.00360686
0.470216 0.815826
0.746352 0.17836
0.566635 0.901645
0.815693 0.0642368
0.190406 0.777025
0.664022 0.394095
0.722187 0.158498
0.590319 0.391191
0.0207531 0.55325
0.182639 0.992259
0.0944738 0.891674
0.513251 0.790036
0.0700335 0.923428
0.57792 0.429115
0.475926 0.649583
0.432722 0.946142
0.465409 0.179074
0.124502 0.0320441
0.0807197 0.940194
0.0962809 0.271126
0.717219 0.760303
0.665221 0.439406
0.9188 0.25554
0.830597 0.939554
0.80879 0.0132362
0.931813 0.903264
0.90491 0.445064
0.6933 0.974943
0.368492 0.27122
0.404058 0.844417
0.920803 0.83678
0.790559 0.386211
0.0158546 0.915061
0.418255 0.0965743
0.855255 0.514536
0.3677 0.572474
0.274839 0.0329206
0.0118804 0.19364
0.288461 0.842478
0.133193 0.0972511
0.855714 0.065006
0.000515319 0.760624
0.51007 0.693816
0.735567 0.878562
0.965036 0.139626
0.722979 0.885838
0.976406 0.513539
0.27205 0.99226
0.428599 0.690305
0.0888347 0.283855
0.204842 0.456535
0.856329 0.479681
0.489455 0.868209
0.67332 0.777916
0.710687 0.806514
0.875167 0.566401
0.87152 0.875682
0.327025 0.38159
0.569498 0.062592
0.260151 0.534534
0.202218 0.983131
0.420372 0.178623
0.496669 0.692422
0.170884 0.925269
0.382727 0.259719
0.209123 0.587569
0.716253 0.0654523
0.0672493 0.205708
0.933662 0.74057
0.983624 0.644349
0.547083 0.858791
0.21075 0.418603
0.734473 0.537775
0.800192 0.303971
0.600367 0.0603438
0.838505 0.802584
0.0434744 0.258877
0.981208 0.540144
0.951298 0.152091
0.465412 0.334025
0.41181 0.674535
0.921594 0.128063
0.739988 0.988843
0.333771 0.673649
0.729413 0.317396
0.317998 0.276496
0.176187 0.528748
0.695099 0.91066
0.0665228 0.495291
0.214631 0.66689
0.555635 0.0531359
0.469474 0.59911
0.312013 0.450681
0.139253 0.263311
0.602773 0.604665
0.597336 0.014583
0.279201 0.51893
0.142646 0.0191885
0.507773 0.476418
0.692838 0.237185
0.793813 0.010836
0.513682 0.97
0.539584 0.20878
0.88066 0.606107
0.704072 0.0952908
0.272996 0.259707
0.148427 0.74247
0.858816 0.460439
0.193152 0.998069
0.72375 0.795925
0.602735 0.321086
0.810508 0.881936
0.840016 0.953154
0.901124 0.347789
0.429572 0.593962
0.584974 0.223385
0.604798 0.0986555
0.193385 0.144382
0.307436 0.0740443
0.750489 0.0115076
0.169335 0.0234849
0.271214 0.317762
0.765955 0.130031
0.778201 0.959107
0.1281 0.501951
0.755031 0.730835
0.823037 0.565539
0.612771 0.663053
0.518693 0.513895
0.0108394 0.948264
0.107856 0.595816
0.171649 0.712654
0.694471 0.365034
0.857036 0.00190701
0.439078 0.607525
0.0134146 0.608413
0.63101 0.284629
0.926175 0.396965
0.41466 0.704376
0.356072 0.54276
0.206327 0.111103
0.273595 0.0293646
0.676642 0.886366
0.692418 0.195335
0.40026 0.703259
0.1436 0.508117
0.299075 0.315249
0.220771 0.993546
0.680283 0.0778071
0.995453 0.119362
0.685332 0.00886754
0.727775 0.316341
0.293497 0.65395
0.713306 0.708156
0.358326 0.0693777
0.250917 0.564654
0.180481 0.524512
0.594018 0.857123
0.410877 0.286436
0.0524581 0.811138
0.989695 0.196058
0.319254 0.28877
0.511307 0.540025
0.282316 0.19159
0.617832 0.277769
0.310952 0.303164
0.286636 0.0387271
0.619506 0.580133
0.692677 0.332812
0.288289 0.0510036
0.40219 0.539206
0.615657 0.58267
0.0637175 0.209676
0.439793 0.474595
0.496112 0.492251
0.285733 0.485807
0.688309 0.604987
0.774576 0.199616
0.145012 0.0568923
0.391207 0.762845
0.334661 0.702159
0.0660092 0.621297
0.740886 0.685515
0.20143 0.433563
0.0183266 0.489719
0.484567 0.420516
0.0289251 0.100224
0.00318647 0.0926426
0.3099 0.44298
0.567238 0.806011
0.935231 0.85297
0.291818 0.62354
0.457957 0.0663944
0.823156 0.60297
0.123287 0.214363
0.365815 0.457948
0.916522 0.431824
0.0792449 0.657408
0.117339 0.280675
0.0909709 0.135665
0.770394 0.575538
0.556181 0.799319
0.675762 0.559368
0.891962 0.985662
0.00234759 0.459199
0.791673 0.937578
0.31217 0.0834909
0.561118 0.770127
0.149885 0.384275
0.373097 0.273172
0.598638 0.738912
0.73112 0.51516
0.170735 0.810364
0.172567 0.288074
0.0910393 0.263538
0.423739 0.861434
0.839076 0.979921
0.660753 0.514838
0.539289 0.552715
0.500499 0.541636
0.0119143 0.292172
0.479215 0.324084
0.375663 0.0403334
0.0942111 0.525549
0.424608 0.467308
0.798721 0.023246
0.206219 0.52984
0.538406 0.376955
0.340205 0.710973
0.665029 0.431244
0.974511 0.0887684
0.292677 0.813587
0.0686893 0.95343
0.328425 0.607978
0.506145 0.828924
0.149614 0.518059
0.121097 0.628829
0.842143 0.49676
0.669163 0.936355
0.0223088 0.0937709
0.403662 0.821029
0.117017 0.609882
0.35087 0.655422
0.986837 0.691074
0.366395 0.651866
0.122318 0.340907
0.740634 0.414995
0.154494 0.809323
0.368426 0.482919
0.417301 0.874571
0.311843 0.566916
0.39263 0.43294
0.195745 0.234774
0.9297 0.864908
0.171128 0.952009
0.958679 0.574791
0.773038 0.0756959
0.184673 0.123908
0.731118 0.171509
0.814982 0.0975138
0.823375 0.9373
0.43842 0.564009
0.352295 0.592914
0.373333 0.720721
0.0758329 0.790634
0.595292 0.387676
0.35755 0.987922
0.820616 0.553295
0.222696 0.750316
0.418204 0.393824
0.702325 0.376883
0.968615 0.475363
0.452579 0.153287
0.599271 0.183697
0.324796 0.414253
0.281211 0.148172
0.351553 0.719631
0.712181 0.703848
0.312546 0.0855134
0.424569 0.388378
0.876147 0.0198603
0.776054 0.233698
0.00778215 0.59667
0.786993 0.230478
0.346986 0.205196
0.624302 0.0493113
0.582079 0.592916
0.524675 0.0346577
0.746203 0.123946
0.218355 0.0709998
0.538198 0.499565
0.219171 0.889751
0.219197 0.931352
0.593599 0.531742
0.0168655 0.0181674
0.920121 0.893013
0.0380276 0.696175
0.12671 0.0458098
0.292845 0.913703
0.276288 0.639832
0.1189 0.900589
0.689143 0.700979
0.493505 0.213818
0.735637 0.239709
0.337763 0.953991
0.310708 0.875962
0.453557 0.52988
0.765713 0.672753
0.461232 0.359311
0.204496 0.478097
0.377479 0.124616
0.37111 0.415506
0.820791 0.497821
0.461316 0.113637
0.411524 0.737604
0.753469 0.530424
0.638193 0.442612
0.231403 0.131698
0.656429 0.96704
0.371407 0.994193
0.921031 0.682115
0.870154 0.374588
0.211994 0.635867
0.0473411 0.673226
0.995178 0.251837
0.151323 0.372657
0.376453 0.522433
0.788163 0.197245
0.0202541 0.249479
0.310881 0.431778
0.987082 0.0643501
0.962202 0.625275
0.506962 0.193605
0.756973 0.163391
0.160645 0.128379
0.157584 0.0816757
0.810494 0.0277382
0.456263 0.0224887
0.663605 0.503605
0.695715 0.658783
0.755441 0.847038
0.0314394 0.131894
0.369472 0.819602
0.329139 0.389726
0.069081 0.64002
0.821504 0.0561633
0.70437 0.783706
0.681438 0.211332
0.977311 0.438411
0.374724 0.137956
0.566791 0.532308
0.219631 0.377285
0.560046 0.675895
0.399774 0.223651
0.179499 0.0954886
0.882434 0.934941
0.942527 0.913873
0.0668351 0.311998
0.733475 0.395974
0.701724 0.802556
0.0359944 0.523228
0.858719 0.740365
0.306934 0.540158
0.951697 0.284245
0.978569 0.326421
0.422201 0.54536
0.858728 0.641832
0.922645 0.418774
0.317727 0.322419
0.642425 0.497226
0.417907 0.524858
0.432167 0.360434
0.438731 0.499002
0.672432 0.172206
0.894976 0.374156
0.974762 0.930971
0.897384 0.833482
0.671335 0.204318
0.373639 0.623033
0.488563 0.352208
0.949453 0.910764
0.897568 0.808182
0.552596 0.820213
0.226956 0.870323
0.142632 0.869381
0.367549 0.560539
0.394239 0.799716
0.920973 0.832971
0.298718 0.593405
0.00517718 0.193694
0.967562 0.97994
0.124665 0.864946
0.813421 0.796
0.0692644 0.187061
0.419033 0.557828
0.539269 0.368486
0.468591 0.436838
0.176668 0.0211873
0.257051 0.403624
0.89151 0.399682
0.273005 0.259059
0.960221 0.667244
0.0587752 0.881194
0.500215 0.357493
0.474599 0.505392
0.551188 0.442161
0.485332 0.675853
0.307107 0.298753
0.471853 0.376372
0.485814 0.890886
0.934199 0.0250833
0.259372 0.402791
0.461921 0.43604
0.423978 0.718972
0.839664 0.315488
0.118654 0.112669
0.574547 0.0788754
0.779913 0.633322
0.96007 0.280129
0.990816 0.434669
0.785521 0.542003
0.87683 0.270853
0.217856 0.183938
0.569606 0.689709
0.560309 0.0554202
0.580595 0.494509
0.0805036 0.839967
0.897299 0.542424
0.276007 0.321277
0.261396 0.115672
0.636765 0.38005
0.228341 0.211312
0.458926 0.00825427
0.844635 0.418995
0.288383 0.83545
0.853664 0.0739039
0.377454 0.730495
0.344757 0.59531
0.914432 0.914363
0.285018 0.474742
0.969783 0.865613
0.96925 0.0502868
0.705581 0.866549
0.592711 0.981588
0.187827 0.854107
0.0972597 0.824592
0.234158 0.3256
0.0359043 0.693083
0.333855 0.880539
0.112078 0.622238
0.715989 0.965743
0.696142 0.0934429
0.696237 0.0408984
0.688752 0.61067
0.955261 0.973771
0.0854111 0.925045
0.839384 0.0546612
0.975331 0.544965
0.921211 0.568043
0.526553 0.109037
0.42215 0.623813
0.933629 0.656308
0.949413 0.969534
0.349391 0.283268
0.850073 0.461469
0.905506 0.566062
0.427212 0.601647
0.659505 0.123449
0.642546 0.348257
0.734119 0.597807
0.322028 0.81953
0.522852 0.161413
0.874191 0.498183
0.706378 0.795401
0.0662258 0.232931
0.904439 0.488376
0.856743 0.838068
0.144684 0.806157
0.807602 0.494074
0.0894246 0.657674
0.955543 0.99493
0.223736 0.382755
0.596578 0.883241
0.506204 0.239123
0.231498 0.240323
0.83693 0.553527
0.0598523 0.359782
0.714939 0.934043
0.857965 0.421317
0.729445 0.924191
0.654248 0.633883
0.412567 0.510991
0.471951 0.55725
0.317148 0.279553
0.0513247 0.406572
0.937227 0.00686807
0.401503 0.160964
0.389623 0.99808
0.0442047 0.895827
0.237203 0.275703
0.13615 0.0741339
0.82923 0.196002
0.433916 0.544169
0.130045 0.291881
0.965486 0.85949
0.216072 0.619734
0.493373 0.628639
0.130724 0.965325
0.18589 0.447872
0.244878 0.237215
0.854444 0.182105
0.244083 0.255947
0.343069 0.633706
0.254027 0.387273
0.529533 0.49123
0.662976 0.665683
0.565364 0.492206
0.861685 0.99928
0.0363755 0.99173
0.291162 0.00186125
0.85122 0.507234
0.621595 0.344594
0.135874 0.752319
0.309918 0.321764
0.200191 0.554796
0.558978 0.0546353
0.736901 0.803061
0.310582 0.0799697
0.436767 0.564609
0.467243 0.9663
0.0558391 0.13022
0.631983 0.621203
0.622426 0.493669
0.620484 0.658801
0.485399 0.911645
0.660662 0.336619
0.418879 0.282257
0.681213 0.554753
0.0345767 0.99113
0.876517 0.234767
0.545927 0.435495
0.289403 0.282828
0.238556 0.599985
0.362798 0.675324
0.164594 0.830041
0.641624 0.220433
0.960261 0.273607
0.841636 0.582686
0.767276 0.46212
0.241487 0.252675
0.373765 0.90215
0.589294 0.792644
0.184407 0.270507
0.347398 0.218983
0.261638 0.223914
0.453751 0.807565
0.65941 0.743154
0.0903935 0.897966
0.343138 0.453191
0.57329 0.507732
0.283232 0.214913
0.728165 0.243493
0.488521 0.569801
0.826179 0.255796
0.0319203 0.0676666
0.508471 0.405685
0.969816 0.0977657
0.19833 0.154223
0.368273 0.545727
0.373207 0.629911
0.769642 0.826957
0.437477 0.429051
0.570111 0.52787
0.327017 0.913249
0.981062 0.900307
0.420981 0.264294
0.11522 0.149146
0.507787 0.60374
0.718946 0.333966
0.859537 0.750867
0.401632 0.368008
0.156552 0.371449
0.465774 0.354882
0.525672 0.834047
0.900609 0.898878
0.463958 0.67025
0.725836 0.901435
0.0993014 0.295947
0.429306 0.426318
0.209196 0.410367
0.326625 0.630177
0.674661 0.441845
0.779322 0.182448
0.0455853 0.498269
0.516414 0.905122
0.249136 0.918046
0.27313 0.405688
0.289495 0.738904
0.760569 0.815167
0.572951 0.661178
0.714045 0.0369097
0.331429 0.439881
0.938345 0.43073
0.735827 0.367651
0.857048 0.945023
0.778018 0.183673
0.5752 0.45268
0.625518 0.354522
0.635128 0.671103
0.852791 0.151541
0.576226 0.101926
0.0695873 0.849356
0.507614 0.359082
0.58826 0.268183
0.174248 0.161212
0.929362 0.888294
0.198121 0.26079
0.328174 0.136466
0.69152 0.0640017
0.504117 0.548568
0.00902462 0.282135
0.732242 0.584224
0.734815 0.35776
0.938746 0.369943
0.0288631 0.791537
0.521484 0.605089
0.893464 0.591071
0.454445 0.401078
0.950153 0.0427051
0.669261 0.124402
0.203917 0.598623
0.0126951 0.402038
0.859413 0.340869
0.538505 0.550933
0.404871 0.0426218
0.0995013 0.413896
0.324757 0.831743
0.99812 0.0595723
0.189503 0.936866
0.429515 0.218366
0.728403 0.950999
0.823455 0.621867
0.54207 0.277899
0.0229445 0.492223
0.320604 0.692206
0.616625 0.524521
0.290828 0.62932
0.926559 0.150241
0.970189 0.465064
0.701174 0.375061
0.507685 0.800676
0.788956 0.832443
0.632419 0.787076
0.892015 0.821921
0.723943 0.32153
0.040287 0.452346
0.272529 0.863741
0.0742127 0.814599
0.141641 0.0971572
0.306822 0.462245
0.789363 0.923447
0.986766 0.0801912
0.552767 0.913325
0.230433 0.522956
0.378389 0.931607
0.898017 0.886074
0.732282 0.686973
0.718517 0.364701
0.47405 0.610532
0.186622 0.197992
0.932062 0.226909
0.650338 0.204591
0.0906505 0.724551
0.0191898 0.232291
0.821708 0.326012
0.694536 0.611071
0.249459 0.681302
0.691262 0.802226
0.594627 0.921694
0.325182 0.973016
0.853301 0.223199
0.85909 0.585583
0.910172 0.577607
0.950284 0.384222
0.188139 0.136906
0.582214 0.120201
0.363815 0.232552
0.324792 0.454466
0.957103 0.343981
0.686757 0.77881
0.669993 0.381293
0.389881 0.919453
0.0625953 0.0811428
0.721679 0.657223
0.00283721 0.046861
0.630239 0.856138
0.27006 0.489329
0.441722 0.180232
0.0669363 0.392006
0.564454 0.255075
0.528912 0.146668
0.375276 0.892728
0.37922 0.700068
0.347193 0.336323
0.0440488 0.0339502
0.115133 0.714042
0.415243 0.505014
0.633495 0.477839
0.586157 0.355173
0.135061 0.588994
0.402034 0.7653
0.445132 0.672095
0.254629 0.886854
0.852327 0.321565
0.27886 0.416781
0.57664 0.807772
0.56345 0.951916
0.7005 0.94267
0.651984 0.0476932
0.278992 0.696033
0.0816434 0.394125
0.410075 0.496887
0.899139 0.0435698
0.974725 0.485296
0.398743 0.109786
0.0742897 0.800778
0.875086 0.519422
0.472872 0.129715
0.406276 0.325199
0.45128 0.685136
0.74198 0.0279208
0.492908 0.30543
0.979837 0.193408
0.2481 0.631821
0.241101 0.527092
0.327854 0.322745
0.921217 0.737929
0.819631 0.820356
0.781499 0.794357
0.305652 0.180242
0.904143 0.379941
0.98102 0.779229
0.899363 0.453892
0.908944 0.305639
0.779091 0.360224
0.990775 0.521071
0.388145 0.483684
0.826501 0.367983
0.677092 0.0746008
0.999804 0.918193
0.601692 0.327658
0.240938 0.522909
0.0655868 0.0605696
0.343265 0.847086
0.854926 0.648917
0.0273277 0.759069
0.0288578 0.00834734
0.538298 0.928221
0.462239 0.447242
0.23386 0.24133
0.807466 0.224635
0.762401 0.195612
0.708319 0.588903
0.563594 0.38541
0.663503 0.563398
0.303604 0.265196
0.891056 0.544542
0.788105 0.956643
0.605112 0.13137
0.803728 0.460038
0.780287 0.831056
0.219107 0.809145
0.839403 0.757405
0.737366 0.301642
0.204647 0.971226
0.542972 0.0121133
0.195861 0.305374
0.207725 0.904179
0.894276 0.771319
0.28959 0.55778
0.334717 0.593194
0.822976 0.225773
0.137736 0.611081
0.182416 0.742847
0.742451 0.986144
0.202885 0.522738
0.8172 0.421992
0.331883 0.656603
0.179397 0.0692485
0.958245 0.384043
0.0404741 0.501218
0.396157 0.236335
0.806591 0.603882
0.140514 0.700868
0.375201 0.430104
0.258648 0.709918
0.0232979 0.0816236
0.935691 0.161034
0.692705 0.118107
0.903881 0.435156
0.104251 0.106766
0.957894 0.92145
0.528758 0.289777
0.578053 0.708154
0.359026 0.536298
0.0921976 0.3995
0.037516 0.488354
0.635835 0.844107
0.0922362 0.776349
0.544975 0.467437
0.206453 0.803623
0.177356 0.229751
0.885247 0.113047
0.390784 0.577951
0.231154 0.294665
0.0131073 0.335405
0.401431 0.971001
0.256855 0.930188
0.260779 0.834908
0.638343 0.619804
0.371207 0.73054
0.0193038 0.408723
0.218895 0.655138
0.25283 0.311131
0.431487 0.797805
0.778568 0.63794
0.601428 0.955924
0.867691 0.486675
0.0689705 0.258475
0.0646262 0.300124
0.553141 0.0777335
0.635529 0.954572
0.0487349 0.892384
0.88476 0.309513
0.727292 0.523103
0.929318 0.0984988
0.253643 0.948621
0.507221 0.472537
0.60376 0.760052
0.783668 0.0352468
0.557857 0.562236
0.673187 0.159285
0.51816 0.540878
0.64596 0.58713
0.799353 0.710586
0.887254 0.352494
0.78832 0.522783
0.307066 0.837055
0.415167 0.191826
0.146568 0.14246
0.714928 0.0758858
0.240958 0.968571
0.0245072 0.74818
0.441108 0.628267
0.508231 0.224777
0.663514 0.0660882
0.787013 0.336701
0.225373 0.305172
0.877579 0.871334
0.892302 0.676932
0.58192 0.779557
0.029426 0.37024
0.30234 0.336492
0.207294 0.717507
0.528317 0.353863
0.859967 0.243245
0.429748 0.100925
0.211816 0.454256
0.849105 0.652925
0.0825227 0.357337
0.877701 0.746036
0.423425 0.664714
0.0827371 0.648798
0.969886 0.960316
0.520132 0.862189
0.637248 0.102052
0.641745 0.666674
0.472291 0.944086
0.00316534 0.679586
0.661593 0.531482
0.0334484 0.52156
0.774728 0.463197
0.622485 0.986544
0.917453 0.471591
0.639469 0.999975
0.828927 0.517171
0.746012 0.252352
0.181885 0.828749
0.90115 0.151771
0.789065 0.421282
0.0139597 0.426312
0.523334 0.655705
0.0905376 0.996425
0.599791 0.0961514
0.675211 0.261384
0.627634 0.708659
0.782944 0.402362
0.171856 0.405429
0.388906 0.0893085
0.87702 0.028375
0.0892837 0.705947
0.545546 0.835295
0.958299 0.72743
0.664044 0.859449
0.879201 0.453109
0.280731 0.893161
0.879421 0.804065
0.548866 0.972407
0.79969 0.148657
0.0685584 0.474901
0.410041 0.696192
0.18356 0.192985
0.098554 0.355416
0.598414 0.48746
0.444724 0.475434
0.515835 0.534008
0.181381 0.0613805
0.369303 0.13968
0.788811 0.0333474
0.99913 0.668012
0.486456 0.279861
0.561173 0.365877
0.0839256 0.110039
0.338284 0.883615
0.258696 0.406842
0.358516 0.668737
0.103035 0.542076
0.861722 0.201589
0.897491 0.460136
0.689049 0.342215
0.93557 0.204883
0.876223 0.116952
0.266264 0.245527
0.256632 0.0550746
0.278874 0.255762
0.723086 0.76533
0.535623 0.284259
0.131207 0.619548
0.394298 0.469491
0.503163 0.652994
0.876333 0.861679
0.321731 0.979368
0.403755 0.183453
0.180956 0.301246
0.643589 0.870005
0.643462 0.579159
0.0748883 0.519685
0.696111 0.341152
0.765212 0.952743
0.396227 0.0440856
0.208505 0.119313
0.809416 0.744127
0.403572 0.940623
0.363675 0.797871
0.410113 0.866839
0.450865 0.286447
0.728518 0.772596
0.265814 0.132273
0.956049 0.446771
0.433519 0.599638
0.316776 0.0769808
0.178797 0.391664
0.596666 0.874908
0.732816 0.361877
0.827651 0.129043
0.405963 0.0361559
0.248356 0.215379
0.780283 0.651928
0.156001 0.143959
0.449799 0.566115
0.0107975 0.900664
0.852561 0.739316
0.67326 0.118375
0.871589 0.62931
0.565146 0.305108
0.228948 0.881922
0.382089 0.407745
0.273585 0.978754
0.282653 0.00640135
0.340632 0.110304
0.135444 0.746595
0.14646 0.3838
0.961973 0.926743
0.0357281 0.117974
0.0707021 0.485527
0.684089 0.0814996
0.386191 0.53665
0.820815 0.0594516
0.655025 0.692404
0.688761 0.220172
0.997512 0.917709
0.102093 0.379601
0.325454 0.375679
0.358355 0.608107
0.38208 0.698987
0.718412 0.517524
0.445581 0.864872
0.901324 0.407555
0.791615 0.937052
0.525529 0.862317
0.422579 0.209618
0.943817 0.80877
0.746268 0.764632
0.868222 0.401294
0.457036 0.556983
0.621465 0.454548
0.474692 0.723558
0.834149 0.800146
0.0992369 0.192504
0.408253 0.481317
0.891491 0.126665
0.998841 0.337072
0.991537 0.900165
0.744627 0.783152
0.837217 0.270156
0.64547 0.259796
0.479774 0.589287
0.0685661 0.226042
0.353919 0.936788
0.627336 0.810955
0.493771 0.248801
0.265504 0.968464
0.972359 0.0996528
0.76861 0.0715959
0.292157 0.176863
0.552913 0.183648
0.303528 0.551753
0.52072 0.295065
0.451918 0.265347
0.0782171 0.289134
0.535503 0.723687
0.54893 0.0152776
0.312974 0.617496
0.24132 0.666893
0.554284 0.868656
0.477848 0.0480558
0.117456 0.743352
0.0165194 0.0898154
0.843005 0.785129
0.161411 0.135161
0.961992 0.714324
0.318809 0.265521
0.266077 0.839529
0.560585 0.717995
0.104877 0.638803
0.00712995 0.64038
0.362489 0.55606
0.655658 0.675463
0.173556 0.896978
0.342356 0.727841
0.765633 0.820204
0.775896 0.883089
0.563556 0.792416
0.972905 0.40656
0.577545 0.134316
0.541722 0.539537
0.84864 0.860531
0.805058 0.114718
0.70006 0.365643
0.832713 0.804937
0.00444601 0.839843
0.445317 0.366935
0.395903 0.100975
0.0423983 0.56946
0.997952 0.384754
0.2973 0.763585
0.204958 0.0731967
0.646675 0.768513
0.865613 0.61958
0.175073 0.443158
0.753896 0.716795
0.982695 0.602536
0.577326 0.787753
0.717254 0.277386
0.153397 0.549967
0.0823231 0.157843
0.38981 0.52764
0.524778 0.785713
0.628615 0.567176
0.355173 0.626567
0.95193 0.652473
0.390152 0.156888
0.72567 0.036827
0.925401 0.591282
0.656407 0.100474
0.0344399 0.410302
0.817269 0.017135
0.0128382 0.394595
0.804888 0.730092
0.671981 0.958285
0.280059 0.754304
0.116127 0.669869
0.281944 0.640905
0.455582 0.910559
0.208081 0.810754
0.537126 0.160012
0.463227 0.927278
0.316899 0.188897
0.964105 0.2423
0.780179 0.620512
0.342774 0.814619
0.0308142 0.160044
0.831754 0.0436525
0.554639 0.636642
0.773744 0.22662
0.594927 0.0538031
0.980924 0.711054
0.723672 0.262869
0.351959 0.179253
0.173428 0.560041
0.990008 0.710554
0.720053 0.453235
0.637833 0.036952
0.642132 0.601938
0.279252 0.422311
0.22245 0.622027
0.23693 0.253264
0.78207 0.0686842
0.296917 0.336709
0.705326 0.0706611
0.563329 0.300253
0.124464 0.544253
0.0113076 0.848136
0.807121 0.363267
0.0273894 0.980549
0.923308 0.0173971
0.691104 0.643361
0.470632 0.328936
0.680313 0.112764
0.930874 0.959565
0.535075 0.153324
0.581591 0.772006
0.406588 0.363662
0.84069 0.703505
0.70037 0.546016
0.774166 0.263699
0.84627 0.898631
0.807952 0.857577
0.746766 0.615073
0.220845 0.774156
0.595623 0.144153
0.791553 0.286726
0.787513 0.262185
0.615662 0.467826
0.374949 0.546536
0.427391 0.910025
0.699861 0.00898214
0.682031 0.106449
0.372644 0.522721
0.809954 0.0730139
0.0687369 0.584121
0.336713 0.915007
0.482751 0.144664
0.772584 0.229518
0.759737 0.993429
0.00367327 0.35536
0.137581 0.795226
0.642086 0.925094
0.0574113 0.257748
0.39292 0.432361
0.804285 0.820311
0.342386 0.504145
0.829293 0.0244163
0.610594 0.201937
0.547137 0.420548
0.274951 0.615874
0.00466898 0.611663
0.530881 0.48742
0.756328 0.303465
0.716938 0.516065
0.296893 0.720611
0.871425 0.434474
0.515837 0.513511
0.359569 0.573248
0.771259 0.752489
0.00560912 0.575544
0.5728 0.347995
0.0796888 0.402093
0.372411 0.690283
0.60403 0.919548
0.110831 0.878981
0.535422 0.1155
0.490644 0.0663024
0.60292 0.246972
0.369767 0.319858
0.763037 0.66666
0.040469 0.634462
0.101135 0.556306
0.147973 0.460704
0.129554 0.919232
0.213193 0.135164
0.494776 0.785993
0.483158 0.574465
0.188086 0.85557
0.264748 0.792116
0.775118 0.375579
0.671096 0.31054
0.491079 0.16174
0.376842 0.0939996
0.408712 0.746609
0.413858 0.171748
0.413269 0.454327
0.80621 0.514404
0.010631 0.954183
0.975108 0.140187
0.873415 0.188301
0.275351 0.368191
0.974294 0.758509
0.942655 0.162379
0.614079 0.207403
0.954495 0.389197
0.582982 0.625591
0.699736 0.074061
0.787332 0.0765781
0.168061 0.196043
0.823187 0.581918
0.367792 0.236457
0.0362451 0.174002
0.750861 0.0468779
0.128185 0.725969
0.187065 0.00160042
0.914269 0.462416
0.369791 0.888563
0.220925 0.312447
0.0509424 0.835004
0.51985 0.0054376
0.224201 0.102832
0.631029 0.923937
0.176893 0.418361
0.000515271 0.344953
0.614404 0.823702
0.926872 0.982196
0.0601408 0.963102
0.156198 0.81102
0.00999466 0.284383
0.536988 0.19706
0.285984 0.451258
0.659476 0.655775
0.339821 0.880402
0.968222 0.390763
0.715406 0.488072
0.396201 0.939607
0.590903 0.0272298
0.863544 0.767796
0.44559 0.864059
0.112749 0.0599944
0.687762 0.039621
0.0421903 0.747921
0.00273771 0.198388
0.55894 0.0127324
0.482771 0.0959288
0.209792 0.768755
0.547187 0.869268
0.42453 0.887007
0.74967 0.392752
0.277771 0.465076
0.880824 0.673971
0.404683 0.471727
0.701201 0.268227
0.239523 0.146792
0.132286 0.352272
0.206786 0.820048
0.391893 0.248976
0.567969 0.394631
0.447364 0.126909
0.407363 0.930136
0.222838 0.617155
0.698891 0.770025
0.486424 0.123421
0.657032 0.236094
0.516173 0.934802
0.701169 0.396997
0.608774 0.105852
0.868724 0.309975
0.374079 0.108246
0.456766 0.506365
0.460519 0.663552
0.326413 0.852412
0.912529 0.894382
0.247042 0.359893
0.0212911 0.654406
0.290029 0.244129
0.271561 0.98892
0.0141537 0.757985
0.112341 0.671186
0.994079 0.628515
0.605988 0.695248
0.0255113 0.214762
0.8011 0.894235
0.524737 0.175179
0.00248131 0.981503
0.681544 0.463
0.645055 0.00795764
0.315412 0.557584
0.90234 0.562454
0.917477 0.923631
0.21686 0.207506
0.16776 0.488421
0.196426 0.181913
0.246406 0.308767
0.853099 0.240484
0.937282 0.459087
0.935733 0.962793
0.673849 0.736833
0.857028 0.198586
0.912012 0.859509
0.180089 0.593556
0.322509 0.825144
0.601514 0.637921
0.382728 0.503854
0.200375 0.300205
0.427484 0.417235
0.507711 0.595244
0.905656 0.704137
0.777157 0.152062
0.0129049 0.630256
0.392546 0.950187
0.0893433 0.328279
0.91298 0.763192
0.0651114 0.770008
0.961778 0.977123
0.629518 0.141867
0.57068 0.952027
0.967011 0.172194
0.589948 0.349739
0.676047 0.790323
0.649945 0.103532
0.207558 0.157656
0.698776 0.113213
0.861793 0.475933
0.265275 0.874698
0.106189 0.657821
0.824885 0.195532
0.9861 0.737865
0.958725 0.0512111
0.507873 0.920503
0.0283345 0.137391
0.0623693 0.599014
0.0894174 0.0293803
0.771208 0.679365
0.379119 0.447256
0.469688 0.029064
0.550787 0.677245
0.18672 0.249563
0.790459 0.048513
0.725496 0.0557338
0.923211 0.831685
0.713555 0.748096
0.0272174 0.699655
0.485961 0.985942
0.750866 0.993834
0.906445 0.7792
0.131224 0.968814
0.378215 0.220642
0.998194 0.149423
0.900007 0.377314
0.596678 0.369695
0.406378 0.147466
0.0469403 0.593097
0.397029 0.837399
0.64161 0.122525
0.893133 0.564822
0.95421 0.606688
0.312918 0.981427
0.306342 0.798879
0.967369 0.057208
0.792712 0.873814
0.836408 0.923937
0.842628 0.214623
0.144579 0.840822
0.364046 0.0445856
0.218136 0.960724
0.41428 0.624513
0.10819 0.461221
0.217611 0.505219
0.29862 0.859221
0.627744 0.191753
0.424043 0.581954
0.798441 0.736961
0.563381 0.104783
0.535839 0.530751
0.161991 0.328552
0.404565 0.998399
0.252489 0.247193
0.213022 0.397067
0.0880148 0.577068
0.441653 0.306151
0.537792 0.855933
0.930664 0.645982
0.317154 0.148275
0.151201 0.615774
0.00749597 0.778945
0.807527 0.431539
0.360899 0.605967
0.168499 0.92428
0.71075 0.704339
0.45503 0.872741
0.0328902 0.859595
0.87114 0.285379
0.106788 0.0841619
0.682446 0.194803
0.661229 0.124099
0.500953 0.199021
0.980032 0.431617
0.845003 0.297186
0.579892 0.996204
0.91296 0.587388
0.775149 0.720487
0.0189267 0.136047
0.326454 0.187426
0.0603269 0.0372039
0.891765 0.515357
0.909945 0.924655
0.374953 0.781085
0.210034 0.481741
0.865247 0.89248
0.676543 0.526476
0.0165787 0.177497
0.725497 0.996611
0.609114 0.5705
0.293797 0.189006
0.566704 0.206757
0.776393 0.341853
0.927244 0.79532
0.4779 0.253698
0.982746 0.538227
0.290902 0.874511
0.0535842 0.200847
0.799166 0.428537
0.995458 0.0130905
0.910277 0.847178
0.901679 0.586821
0.373654 0.918258
0.764317 0.0991512
0.914869 0.373431
0.669651 0.208666
0.562437 0.236356
0.415424 0.33883
0.578208 0.342668
0.13415 0.056108
0.596366 0.116896
0.594335 0.887268
0.991407 0.647919
0.0881147 0.790573
0.0764559 0.0700461
0.799772 0.986733
0.917224 0.701451
0.573554 0.290878
0.619709 0.337872
0.390029 0.534578
0.711303 0.0596805
0.743244 0.273739
0.296036 0.158668
0.612569 0.874244
0.501336 0.746719
0.930352 0.0977017
0.863615 0.524687
0.98497 0.855022
0.172606 0.0730843
0.645595 0.249062
0.14313 0.445367
0.235795 0.0603545
0.146818 0.80935
0.351232 0.766527
0.147221 0.741262
0.301106 0.858524
0.800942 0.0443501
0.132263 0.0969782
0.203018 0.744832
0.971222 0.704354
0.491552 0.901575
0.802056 0.355167
0.426262 0.787025
0.210189 0.598868
0.860109 0.855784
0.84793 0.0032399
0.301151 0.0837255
0.0635944 0.447969
0.893075 0.414827
0.214496 0.0402962
0.156088 0.515602
0.89882 0.95703
0.559952 0.031083
0.0540086 0.76297
0.775915 0.0252311
0.467324 0.267467
0.926806 0.269379
0.622634 0.353068
0.0564045 0.832823
0.951936 0.916514
0.688607 0.799866
0.919754 0.989757
0.883592 0.983348
0.437726 0.776667
0.398175 0.652222
0.816963 0.554263
0.167824 0.715783
0.511294 0.727775
0.746866 0.565302
0.490745 0.522781
0.590534 0.958069
0.790248 0.517339
0.227448 0.412882
0.870407 0.283853
0.245705 0.822343
0.200367 0.934311
0.622209 0.120121
0.924069 0.505801
0.103469 0.361794
0.282467 0.501644
0.0140165 0.0994302
0.0559075 0.18184
0.815213 0.567201
0.909615 0.562079
0.132504 0.400361
0.0848597 0.723037
0.35843 0.875108
0.240377 0.585878
0.28799 0.110784
0.869731 0.533694
0.933127 0.0700977
0.468005 0.555337
0.190218 0.392074
0.0611375 0.293687
0.753868 0.343605
0.795332 0.767885
0.443035 0.851239
0.949725 0.258248
0.41844 0.859341
0.820327 0.550944
0.259701 0.905186
0.273981 0.618131
0.780294 0.514358
0.204009 0.0682836
0.625142 0.0737398
0.601978 0.558269
0.143837 0.0699832
0.113606 0.334056
0.462057 0.174744
0.627743 0.215926
0.518349 0.423075
0.983811 0.961384
0.274314 0.933536
0.219632 0.692754
0.792876 0.0399585
0.243698 0.0525775
0.945145 0.51768
0.670708 0.725439
0.0320378 0.874717
0.793723 0.65718
0.948457 0.3957
0.215449 0.0922946
0.465684 0.329055
0.426351 0.927741
0.503799 0.0540938
