0.155218 0.33267
0.807964 0.761427
0.120659 0.697348
0.402094 0.277495
0.530047 0.833139
0.193224 0.268667
0.132376 0.585517
0.914834 0.96228
0.670377 0.515401
0.698382 0.519714
0.374332 0.984221
0.615593 0.468899
0.245491 0.0142037
0.0372726 0.825294
0.409668 0.892779
0.306737 0.564871
0.225464 0.114706
0.326322 0.346092
0.812053 0.728375
0.62376 0.341943
0.561516 0.816813
0.61077 0.693882
0.402354 0.525598
0.654984 0.0721367
0.0410241 0.354554
0.592481 0.41532
0.338771 0.208057
0.884289 0.584272
0.222231 0.92155
0.409559 0.631889
0.814327 0.716298
0.19678 0.0397883
0.830987 0.523071
0.385899 0.643052
0.251452 0.00950745
0.985163 0.812968
0.826327 0.595941
0.506954 0.228813
0.121554 0.163021
0.301396 0.162599
0.517575 0.893852
0.577924 0.856346
0.101906 0.4622
0.44062 0.324115
0.383759 0.850171
0.962838 0.171346
0.566401 0.152896
0.2379 0.397455
0.675858 0.623773
0.0405251 0.927306
0.631857 0.0250495
0.740259 0.4596
0.621843 0.24699
0.688277 0.743179
0.410153 0.989686
0.905755 0.927728
0.88354 0.483714
0.784079 0.985434
0.948784 0.213613
0.30957 0.329634
0.0748664 0.26557
0.527736 0.641307
0.418364 0.76561
0.0388072 0.0942203
0.389304 0.0794378
0.0215467 0.0226691
0.105017 0.761803
0.482281 0.72663
0.00893919 0.17056
0.469849 0.419053
0.160262 0.375572
0.346737 0.0438561
0.862021 0.127754
0.029229 0.805145
0.355612 0.338764
0.134814 0.430446
0.604346 0.662529
0.0718035 0.022709
0.428069 0.11075
0.116934 0.817543
0.189921 0.138462
0.83991 0.293592
0.900164 0.322231
0.0215718 0.909204
0.493071 0.491359
0.328299 0.653304
0.866969 0.675116
0.697097 0.726235
0.806003 0.726331
0.531332 0.161724
0.0651158 0.666181
0.592049 0.66945
0.328726 0.663838
0.692164 0.756874
0.774429 0.8091
0.574422 0.96434
0.947521 0.414816
0.259275 0.847832
0.737356 0.280601
0.757584 0.229138
0.76876 0.0674575
0.883507 0.639221
0.760447 0.58061
0.365453 0.566447
0.306939 0.896838
0.728111 0.371899
0.563149 0.320086
0.0415083 0.891745
0.983954 0.73369
0.648621 0.758379
0.54289 0.223135
0.722724 0.490337
0.637687 0.981996
0.338195 0.374807
0.262839 0.0952254
0.603684 0.0347784
0.180572 0.488525
0.674298 0.941001
0.0691602 0.0397483
0.507486 0.376048
0.936335 0.226023
0.748128 0.499607
0.555623 0.789629
0.391368 0.539568
0.522709 0.0400995
0.297953 0.0661176
0.263038 0.0206942
0.556428 0.900713
0.00269027 0.894598
0.275553 0.265529
0.989815 0.880578
0.300605 0.170394
0.369115 0.974913
0.111386 0.438252
0.0146732 0.618822
0.814345 0.951252
0.854355 0.562494
0.450889 0.409937
0.35212 0.842224
0.949547 0.875436
0.884962 0.243199
0.94792 0.115596
0.268215 0.497944
0.045964 0.270884
0.39258 0.321499
0.536445 0.382329
0.202089 0.837033
0.55274 0.571174
0.811944 0.664113
0.00946347 0.826609
0.282945 0.823804
0.777261 0.131903
0.386326 0.228727
0.547257 0.738388
0.0709747 0.496802
0.613839 0.953163
0.744308 0.555366
0.0984263 0.012511
0.0533225 0.144374
0.283421 0.445864
0.465885 0.819806
0.828244 0.667975
0.656892 0.380925
0.239199 0.468783
0.0451049 0.248636
0.295428 0.328033
0.0724525 0.0732742
0.465356 0.458696
0.301995 0.0126158
0.197152 0.372952
0.509402 0.810966
0.32614 0.253734
0.366366 0.424513
0.266255 0.419645
0.568915 0.549599
0.831501 0.0491943
0.369438 0.693781
0.705054 0.0273597
0.0747775 0.941948
0.494823 0.120123
0.19059 0.790484
0.448027 0.263186
0.863761 0.913266
0.722062 0.164729
0.92586 0.918896
0.538747 0.435228
0.729868 0.864855
0.688754 0.0949551
0.289396 0.955213
0.515866 0.858304
0.504866 0.381368
0.893111 0.874275
0.0751991 0.595882
0.906792 0.14009
0.537863 0.395589
0.269851 0.728423
0.186124 0.717773
0.965755 0.0522034
0.631035 0.713211
0.215656 0.556895
0.632108 0.754369
0.992194 0.362208
0.619222 0.681145
0.45819 0.908621
0.636365 0.974053
0.766255 0.136137
0.355465 0.660043
0.0154888 0.430654
0.255934 0.916031
0.580616 0.793765
0.311667 0.850463
0.522207 0.497754
0.568251 0.513626
0.547724 0.199371
0.226871 0.763308
0.756184 0.85898
0.517681 0.748338
0.220967 0.136912
0.429509 0.679138
0.0455453 0.0658663
0.653206 0.812466
0.207082 0.00867062
0.47259 0.222723
0.439324 0.728439
0.138594 0.0199387
0.52224 0.450207
0.839057 0.0618622
0.948048 0.438825
0.558083 0.495666
0.63793 0.784937
0.25903 0.394104
0.643917 0.776688
0.14247 0.864878
0.913614 0.57199
0.544029 0.959133
0.63797 0.197037
0.771606 0.844914
0.20591 0.244119
0.0674717 0.645223
0.974678 0.183618
0.665167 0.494781
0.656286 0.535564
0.539208 0.604296
0.958119 0.0574148
0.100029 0.612146
0.882134 0.358952
0.00628696 0.526133
0.135723 0.148741
0.390908 0.0494195
0.720713 0.935051
0.00846092 0.358557
0.132291 0.780063
0.203483 0.338188
0.0241891 0.270932
0.983423 0.996761
0.476977 0.648568
0.491388 0.13352
0.184175 0.0307629
0.737833 0.156959
0.128047 0.837611
0.753506 0.0541593
0.196642 0.776809
0.536526 0.332309
0.925551 0.927436
0.381681 0.64626
0.862377 0.390063
0.00481843 0.994772
0.170208 0.208285
0.332962 0.19443
0.479226 0.316415
0.191154 0.956194
0.964982 0.682723
0.0894673 0.149153
0.713468 0.827057
0.307542 0.841513
0.663634 0.0773063
0.851784 0.86131
0.854796 0.388053
0.19367 0.780443
0.315634 0.575343
0.426674 0.178273
0.965488 0.431652
0.1729 0.135691
0.639812 0.50585
0.330065 0.119088
0.822244 0.521238
0.0752319 0.787239
0.203951 0.164694
0.936396 0.917417
0.985274 0.235281
0.758926 0.656421
0.322023 0.610712
0.517717 0.177078
0.998916 0.711414
0.957315 0.314677
0.286768 0.384051
0.492794 0.252378
0.815591 0.665556
0.387949 0.455384
0.171423 0.718007
0.574445 0.993671
0.239254 0.64967
0.780892 0.443173
0.814364 0.717319
0.360614 0.806118
0.960766 0.0829415
0.462666 0.283353
0.730258 0.980272
0.460187 0.729161
0.691688 0.417515
0.0437176 0.978413
0.8016 0.536379
0.230653 0.617201
0.201942 0.618567
0.0726218 0.373352
0.336587 0.647059
0.367033 0.575824
0.296735 0.147974
0.0190354 0.111104
0.865129 0.379514
0.917226 0.826522
0.499213 0.379736
0.109794 0.229444
0.360042 0.569967
0.933007 0.0571139
0.957286 0.00527245
0.0301292 0.789123
0.538913 0.260841
0.406339 0.740646
0.879346 0.478983
0.114008 0.215932
0.126034 0.481028
0.791733 0.422726
0.628987 0.810794
0.53387 0.494227
0.19046 0.451076
0.320779 0.68962
0.830818 0.430517
0.929755 0.175626
0.000548209 0.877679
0.242607 0.988065
0.879922 0.270347
0.777163 0.418707
0.533517 0.183655
0.159398 0.412848
0.662772 0.273154
0.628787 0.788495
0.754387 0.420524
0.21127 0.383406
0.231354 0.745106
0.877638 0.421805
0.196198 0.198446
0.111427 0.0270522
0.627498 0.0298864
0.217951 0.629557
0.90813 0.460628
0.617627 0.788178
0.733266 0.394725
0.206918 0.266794
0.578386 0.366275
0.680053 0.240424
0.639978 0.308284
0.0293402 0.394114
0.729458 0.239947
0.777526 0.960349
0.985698 0.655228
0.382095 0.182006
0.853636 0.493557
0.208962 0.48265
0.524056 0.426845
0.11224 0.432189
0.887435 0.729856
0.220382 0.620722
0.124692 0.427281
0.887516 0.703035
0.793583 0.567178
0.943861 0.43344
0.875619 0.973203
0.827382 0.604618
0.213793 0.604903
0.56503 0.199523
0.260107 0.947105
0.381319 0.113873
0.440657 0.590297
0.596413 0.964686
0.0172025 0.708631
0.396889 0.904636
0.438489 0.617251
0.525364 0.563138
0.0445662 0.412888
0.266201 0.838139
0.974202 0.194954
0.271413 0.855684
0.183274 0.0987941
0.460328 0.397021
0.706058 0.0262709
0.596537 0.963803
0.972376 0.97791
0.0775711 0.41303
0.568215 0.673956
0.377727 0.585409
0.382616 0.774612
0.490053 0.821096
0.391772 0.0155072
0.384297 0.436409
0.428309 0.650458
0.274603 0.408358
0.860545 0.546006
0.264062 0.0438119
0.64478 0.724357
0.440876 0.348482
0.751376 0.0450588
0.312299 0.722005
0.0153122 0.389859
0.135052 0.583517
0.0638467 0.512765
0.168964 0.446429
0.28739 0.658994
0.267546 0.679265
0.674411 0.65181
0.115712 0.102726
0.302306 0.390267
0.511035 0.163008
0.936275 0.775158
0.206632 0.581055
0.499516 0.647459
0.927477 0.241256
0.685298 0.241346
0.971159 0.700208
0.631219 0.105881
0.283722 0.695525
0.618991 0.452633
0.14197 0.906359
0.111674 0.409504
0.585628 0.786071
0.0613304 0.70133
0.888691 0.363579
0.0916316 0.399891
0.525894 0.0280096
0.175056 0.733049
0.608954 0.674562
0.380546 0.538497
0.898936 0.0687236
0.780351 0.894877
0.765591 0.412024
0.00109154 0.0493319
0.107588 0.620044
0.502136 0.249691
0.526408 0.613633
0.658964 0.111469
0.399743 0.720378
0.813 0.288391
0.0839938 0.904994
0.688432 0.610417
0.932893 0.86349
0.343481 0.541836
0.538054 0.723997
0.0803782 0.461772
0.789439 0.860711
0.356656 0.555048
0.272781 0.357719
0.604419 0.380289
0.967949 0.0588743
0.629885 0.504181
0.720279 0.288603
0.615926 0.119619
0.00934292 0.429616
0.408248 0.0934759
0.334587 0.0968299
0.704121 0.267012
0.934297 0.0525904
0.809343 0.498317
0.771233 0.889715
0.96012 0.560739
0.75052 0.316574
0.115745 0.0231902
0.67448 0.720124
0.403531 0.652262
0.826008 0.0409599
0.156481 0.546571
0.322368 0.772699
0.666559 0.331607
0.20232 0.0747142
0.425025 0.536906
0.171493 0.128764
0.804009 0.127244
0.17599 0.613773
0.630067 0.947211
0.503495 0.590135
0.508039 0.254063
0.906921 0.623634
0.277116 0.581398
0.34375 0.680638
0.233674 0.170272
0.714082 0.38997
0.718561 0.0381801
0.162853 0.383223
0.36814 0.365136
0.457942 0.79313
0.902081 0.629443
0.9219 0.70652
0.756851 0.0842697
0.320309 0.391224
0.0451035 0.823778
0.981433 0.553063
0.0777084 0.888323
0.176627 0.354812
0.469731 0.520329
0.0354651 0.703391
0.690628 0.749515
0.0935466 0.407479
0.786809 0.255224
0.790388 0.149365
0.621745 0.248528
0.947222 0.52367
0.878092 0.869096
0.230117 0.639265
0.967005 0.550466
0.0305309 0.0120785
0.374081 0.0120072
0.565091 0.451855
0.900246 0.741687
0.806677 0.369892
0.262048 0.842165
0.0733749 0.952675
0.591725 0.166876
0.360185 0.377604
0.423229 0.151045
0.531053 0.0449644
0.39956 0.47885
0.568673 0.277633
0.347973 0.79853
0.91686 0.31464
0.348933 0.947418
0.327036 0.723112
0.959343 0.892108
0.175004 0.859592
0.633791 0.981706
0.229572 0.895836
0.823856 0.302541
0.848458 0.415521
0.469898 0.208853
0.793189 0.893139
0.359582 0.324859
0.937952 0.759105
0.803734 0.50637
0.0367374 0.151716
0.304907 0.953638
0.466669 0.653818
0.901058 0.793702
0.376953 0.860402
0.685801 0.551949
0.720059 0.319362
0.533667 0.949562
0.215454 0.357536
0.252515 0.0639584
0.773105 0.722368
0.272636 0.566296
0.615498 0.632181
0.891181 0.553471
0.391295 0.694911
0.0598444 0.428022
0.846537 0.364534
0.381688 0.313291
0.0185779 0.282724
0.107014 0.395523
0.143129 0.792808
0.947485 0.863124
0.112429 0.481145
0.81289 0.327661
0.843449 0.0659001
0.391799 0.611801
0.787565 0.664431
0.178125 0.403067
0.296614 0.0693044
0.956531 0.687929
0.755112 0.0627053
0.115947 0.610821
0.38112 0.497584
0.924097 0.399823
0.77846 0.0572761
0.79521 0.923452
0.823939 0.742699
0.786574 0.936354
0.223856 0.59926
0.264202 0.0625568
0.664462 0.655996
0.674372 0.452018
0.320434 0.852464
0.855113 0.617058
0.921744 0.811649
0.304969 0.685937
0.827955 0.420835
0.296768 0.209135
0.924185 0.209052
0.60879 0.698824
0.252057 0.403994
0.621293 0.075728
0.146718 0.408848
0.0123341 0.370557
0.00812354 0.276532
0.433108 0.672578
0.930648 0.0932812
0.124629 0.252965
0.959927 0.979743
0.870017 0.881674
0.790804 0.170571
0.567608 0.61938
0.595884 0.864378
0.828506 0.514391
0.0852988 0.437309
0.213238 0.337308
0.841322 0.835506
0.413297 0.988025
0.244388 0.425614
0.358595 0.252488
0.702153 0.791682
0.925077 0.634711
0.871276 0.0586354
0.887655 0.859075
0.0294487 0.757668
0.740745 0.820835
0.932491 0.307151
0.440241 0.52852
0.17275 0.268753
0.0429387 0.258027
0.706502 0.255651
0.595343 0.547377
0.0916815 0.00863958
0.535522 0.335973
0.434266 0.894
0.588345 0.136421
0.685682 0.513584
0.771114 0.584833
0.563295 0.658753
0.443904 0.592725
0.416406 0.184814
0.413592 0.349084
0.493013 0.853806
0.877646 0.665763
0.122569 0.920588
0.923783 0.828641
0.176767 0.519117
0.376047 0.268419
0.527768 0.911448
0.604446 0.962029
0.804741 0.189093
0.0984781 0.491137
0.706552 0.869575
0.0759761 0.26985
0.528352 0.519851
0.862591 0.944794
0.70483 0.275686
0.29389 0.197569
0.129982 0.17155
0.865673 0.248657
0.0921412 0.787085
0.0811882 0.268889
0.306249 0.457201
0.537303 0.833979
0.368647 0.141872
0.795473 0.16965
0.334714 0.894479
0.663425 0.0404162
0.76405 0.741252
0.311137 0.292396
0.261132 0.173712
0.237196 0.965666
0.44988 0.531066
0.163223 0.579845
0.704916 0.0276026
0.832401 0.794784
0.813608 0.913592
0.0636746 0.119826
0.370813 0.600968
0.953817 0.7395
0.742724 0.749835
0.892638 0.082755
0.644313 0.578892
0.118723 0.408363
0.320174 0.429805
0.700767 0.581277
0.603535 0.937962
0.546224 0.0535714
0.469064 0.710148
0.633346 0.17147
0.736669 0.465666
0.966513 0.550358
0.379155 0.0302467
0.670113 0.750072
0.631129 0.623924
0.489591 0.373834
0.373791 0.403158
0.450962 0.0181215
0.982101 0.570088
0.426477 0.30222
0.996242 0.070263
0.883515 0.60339
0.0652055 0.430455
0.656784 0.534244
0.140628 0.290053
0.705957 0.877302
0.755723 0.672446
0.427523 0.135151
0.70265 0.0956753
0.885095 0.333623
0.721691 0.37447
0.708568 0.0921414
0.777574 0.153558
0.113492 0.759894
0.728921 0.539938
0.062132 0.728764
0.667166 0.945637
0.332152 0.732354
0.376099 0.988936
0.266626 0.51671
0.278995 0.972568
0.393909 0.0348176
0.645013 0.821611
0.169727 0.347613
0.892552 0.0593445
0.681354 0.640961
0.429434 0.388934
0.736541 0.206398
0.547872 0.849854
0.96639 0.276116
0.389692 0.0293448
0.00558291 0.056962
0.974935 0.337909
0.789345 0.35088
0.326614 0.0559886
0.867711 0.605657
0.0285057 0.261729
0.640367 0.673514
0.0833432 0.810083
0.0211566 0.00266042
0.864862 0.702503
0.643933 0.294113
0.091474 0.379996
0.501506 0.639312
0.229885 0.468621
0.916146 0.619681
0.497887 0.921707
0.676637 0.472763
0.259454 0.465944
0.823768 0.586086
0.521887 0.69145
0.19175 0.550387
0.953203 0.832112
0.223924 0.0365477
0.642405 0.244879
0.0392283 0.507059
0.947554 0.682857
0.800339 0.0520343
0.0628411 0.302854
0.678683 0.292396
0.771484 0.594501
0.912376 0.266318
0.51621 0.588968
0.742146 0.775643
0.0549658 0.565913
0.361731 0.576834
0.257402 0.553463
0.127243 0.210601
0.385599 0.351143
0.247152 0.0277787
0.596497 0.286284
0.534843 0.543742
0.969228 0.336369
0.581596 0.0319149
0.639287 0.260983
0.324761 0.410505
0.860024 0.231975
0.679976 0.37182
0.826048 0.421985
0.147511 0.881051
0.988007 0.509319
0.457995 0.245533
0.0627164 0.585132
0.455991 0.448248
0.936295 0.703132
0.476059 0.532482
0.959851 0.0136066
0.0762837 0.958664
0.347088 0.659073
0.990702 0.986127
0.920215 0.315063
0.396658 0.77588
0.551841 0.0766408
0.147763 0.378633
0.498725 0.295402
0.259716 0.486567
0.804495 0.717593
0.731946 0.867205
0.302717 0.187944
0.315494 0.239041
0.89103 0.791546
0.771537 0.880502
0.802442 0.847822
0.842195 0.147602
0.506896 0.829863
0.13567 0.427118
0.145326 0.532297
0.203016 0.69785
0.609039 0.350668
0.0764999 0.107469
0.646194 0.336064
0.594066 0.45049
0.0537834 0.325996
0.317749 0.356491
0.51391 0.633188
0.595563 0.40491
0.424767 0.367053
0.285451 0.22722
0.214904 0.124615
0.376737 0.72179
0.954521 0.51245
0.148928 0.099798
0.0446984 0.351934
0.797645 0.653557
0.702695 0.874146
0.761055 0.348575
0.210351 0.355066
0.799753 0.263503
0.681196 0.11584
0.62075 0.194811
0.750431 0.215323
0.600018 0.174853
0.583235 0.885367
0.402153 0.798132
0.00998951 0.778877
0.519929 0.964467
0.291273 0.668847
0.0642725 0.335965
0.0207866 0.861915
0.989525 0.723496
0.73606 0.750549
0.0722002 0.946397
0.105626 0.871439
0.210518 0.786693
0.988411 0.831143
0.981682 0.738613
0.0473153 0.581598
0.913546 0.630557
0.466987 0.315727
0.428693 0.476937
0.0945783 0.948602
0.441459 0.385816
0.617453 0.505688
0.721808 0.638237
0.367629 0.711333
0.36169 0.103787
0.461909 0.433885
0.0501017 0.567504
0.305367 0.260607
0.354228 0.293767
0.0917522 0.335882
0.0323743 0.139048
0.917491 0.945917
0.769573 0.384416
0.261604 0.198269
0.861346 0.355966
0.146879 0.302868
0.742031 0.764325
0.808563 0.463835
0.40253 0.176358
0.17519 0.764282
0.279897 0.63707
0.198218 0.329975
0.204604 0.503554
0.590584 0.558773
0.797334 0.682332
0.894676 0.829711
0.82138 0.81217
0.775623 0.590973
0.196646 0.0372361
0.793178 0.0369928
0.393424 0.936109
0.360924 0.135559
0.700563 0.168796
0.598742 0.102899
0.345731 0.774494
0.867284 0.625626
0.411448 0.0656117
0.955607 0.616196
0.569055 0.546164
0.174963 0.366387
0.228525 0.0696278
0.196111 0.0499034
0.881793 0.971731
0.639876 0.0780074
0.00897719 0.430119
0.136519 0.402381
0.366242 0.497433
0.537205 0.0667949
0.667073 0.136527
0.169674 0.0126991
0.881698 0.0433756
0.63852 0.323076
0.102445 0.593917
0.93938 0.671512
0.14012 0.114337
0.0378868 0.368636
0.183964 0.233987
0.418399 0.0658786
0.205725 0.0594155
0.14419 0.214684
0.489666 0.280823
0.617071 0.855751
0.777826 0.149672
0.922396 0.445235
0.292073 0.0920989
0.457842 0.20394
0.129034 0.0961432
0.527085 0.23157
0.690072 0.466343
0.902955 0.830181
0.580693 0.940836
0.198818 0.764651
0.174836 0.617346
0.830384 0.380414
0.676767 0.974594
0.595272 0.166242
0.255289 0.212311
0.0220693 0.0334273
0.367234 0.944472
0.478551 0.659295
0.0365546 0.936365
0.869362 0.161441
0.0325141 0.390035
0.397052 0.722569
0.856126 0.298392
0.552775 0.437047
0.240847 0.751566
0.201758 0.415663
0.368823 0.0322283
0.795172 0.0508647
0.00674644 0.391463
0.211995 0.262026
0.603955 0.233941
0.295461 0.971001
0.178521 0.774007
0.630458 0.214893
0.710374 0.493376
0.380659 0.742882
0.883413 0.777703
0.465464 0.739794
0.0777199 0.0182153
0.176901 0.318544
0.769746 0.378557
0.73414 0.136686
0.410777 0.530434
0.184418 0.417503
0.921865 0.396519
0.679536 0.525667
0.630433 0.974997
0.496675 0.808944
0.749045 0.119831
0.0240392 0.459391
0.62041 0.404633
0.202295 0.503781
0.182386 0.667732
0.243602 0.260084
0.68597 0.420458
0.578652 0.455704
0.799172 0.312818
0.594565 0.209811
0.843303 0.778844
0.627398 0.765209
0.17524 0.306938
0.29089 0.805662
0.281947 0.787562
0.613211 0.030469
0.914562 0.638657
0.490348 0.53491
0.0433255 0.692615
0.0387352 0.225701
0.360379 0.282328
0.485397 0.0463308
0.700685 0.0628263
0.502056 0.501899
0.377229 0.0966103
0.71209 0.219867
0.875303 0.339082
0.960275 0.0538373
0.64644 0.276507
0.856229 0.928108
0.0642696 0.47084
0.959064 0.978815
0.109503 0.449403
0.513665 0.152995
0.142047 0.552479
0.378523 0.502372
0.834821 0.864295
0.548703 0.537611
0.9013 0.0542633
0.0395751 0.305997
0.147241 0.751391
0.526096 0.022686
0.0906318 0.512376
0.0731399 0.736772
0.789067 0.929366
0.664881 0.853316
0.400209 0.623942
0.83212 0.509697
0.0733648 0.345886
0.662655 0.215175
0.868329 0.0505012
0.717778 0.733197
0.905256 0.264325
0.27084 0.83402
0.317251 0.310402
0.140038 0.464458
0.0618126 0.666596
0.486956 0.152651
0.178997 0.560166
0.889196 0.968053
0.489542 0.55405
0.82137 0.889753
0.178035 0.653499
0.39945 0.251402
0.959162 0.0409626
0.466781 0.897765
0.102968 0.184563
0.629886 0.00768678
0.451046 0.901803
0.842291 0.768278
0.212217 0.982312
0.232751 0.27402
0.648911 0.71978
0.426443 0.827898
0.279979 0.315626
0.795948 0.769504
0.869721 0.617329
0.657513 0.0470939
0.270829 0.0587135
0.299145 0.270219
0.120662 0.765916
0.16799 0.223624
0.950482 0.798955
0.231919 0.401517
0.698978 0.0726861
0.169806 0.912973
0.0565142 0.402548
0.187002 0.705418
0.122344 0.613432
0.533347 0.402252
0.929041 0.329117
0.171799 0.798797
0.946597 0.831053
0.851805 0.211595
0.89419 0.138817
0.48725 0.0103929
0.911602 0.655646
0.234043 0.862089
0.454602 0.465905
0.263629 0.155347
0.540153 0.433387
0.0683272 0.596632
0.838169 0.24921
0.30206 0.958309
0.868754 0.835382
0.360608 0.797832
0.164671 0.53239
0.596218 0.111185
0.36348 0.443156
0.328691 0.253224
0.588867 0.816317
0.263645 0.500469
0.471964 0.497639
0.362571 0.926537
0.963611 0.626234
0.0818987 0.503733
0.0596189 0.150197
0.100377 0.895589
0.405536 0.402408
0.853723 0.271581
0.237819 0.214506
0.0721117 0.402469
0.746902 0.668736
0.513386 0.110569
0.11192 0.842403
0.363574 0.700788
0.658724 0.627192
0.201279 0.130683
0.124878 0.563832
0.0572285 0.0884704
0.190041 0.139101
0.592428 0.249591
0.289303 0.692583
0.145247 0.694808
0.095022 0.999141
0.969108 0.332997
0.213655 0.0411845
0.735312 0.960556
0.710365 0.248506
0.0709187 0.821835
0.0914615 0.434481
0.522629 0.750161
0.0616888 0.723898
0.889571 0.179088
0.287746 0.938081
0.275043 0.477769
0.0771858 0.867229
0.727489 0.366332
0.559815 0.872664
0.0613051 0.654834
0.834803 0.0519003
0.941701 0.0548863
0.0715661 0.722987
0.0460209 0.781476
0.968611 0.0748589
0.602336 0.0632616
0.551188 0.126093
0.813655 0.613108
0.84985 0.694518
0.799298 0.133215
0.631553 0.0743417
0.615375 0.709777
0.941914 0.342982
0.0762851 0.501721
0.21549 0.137565
0.156573 0.0872972
0.16795 0.144246
0.172763 0.239502
0.873259 0.213271
0.0209885 0.839267
0.335716 0.624303
0.90275 0.887137
0.750257 0.716407
0.500241 0.600088
0.410948 0.299893
0.739459 0.0505563
0.374602 0.353085
0.75341 0.316294
0.69591 0.829569
0.818214 0.911395
0.967134 0.974783
0.998014 0.0795053
0.11903 0.171449
0.374583 0.986266
0.39025 0.39554
0.825534 0.725942
0.0198798 0.728284
0.613074 0.770133
0.444611 0.113479
0.370253 0.855619
0.413141 0.108131
0.89914 0.787801
0.461074 0.652424
0.10429 0.156985
0.482014 0.922498
0.0683967 0.449143
0.873878 0.0757167
0.582871 0.0160998
0.238521 0.958806
0.00258745 0.628739
0.354376 0.828115
0.354709 0.37423
0.556408 0.967758
0.144397 0.00110438
0.0811006 0.514634
0.856716 0.494309
0.62261 0.755863
0.282096 0.0836985
0.40833 0.386368
0.240671 0.890322
0.308915 0.309039
0.339467 0.206206
0.376121 0.923696
0.222494 0.614636
0.888133 0.219056
0.24339 0.236879
0.053195 0.598069
0.611122 0.609583
0.565834 0.7555
0.610692 0.646913
0.270178 0.467413
0.141227 0.892765
0.223314 0.42332
0.976455 0.631635
0.811242 0.213143
0.521665 0.118777
0.526169 0.86139
0.324796 0.902291
0.785088 0.547286
0.516931 0.667572
0.772347 0.760323
0.904476 0.825538
0.358411 0.515588
0.435131 0.924234
0.271114 0.0458401
0.571158 0.541249
0.513249 0.712358
0.434044 0.736537
0.135728 0.410483
0.368148 0.945436
0.627611 0.890067
0.0640583 0.153785
0.75146 0.388814
0.0560934 0.53656
0.936147 0.573045
0.204169 0.708485
0.333304 0.108698
0.534021 0.691706
0.624246 0.969152
0.615962 0.89536
0.0149889 0.18712
0.436645 0.528217
0.899503 0.870683
0.264795 0.0352235
0.281178 0.632932
0.980654 0.908789
0.522384 0.044824
0.0625739 0.274481
0.43348 0.118812
0.81102 0.369604
0.693248 0.0173853
0.0782032 0.0249925
0.123863 0.612207
0.716717 0.748099
0.581492 0.332669
0.643463 0.596355
0.519205 0.0802729
0.124615 0.419302
0.950767 0.38957
0.454608 0.232141
0.0223366 0.435185
0.140766 0.545323
0.479923 0.203508
0.819814 0.913457
0.321978 0.630858
0.283152 0.0136237
0.64616 0.361242
0.0386302 0.769922
0.973562 0.755363
0.518028 0.554901
0.0880367 0.161494
0.151299 0.607831
0.241607 0.275889
0.0271535 0.192389
0.665283 0.481664
0.424358 0.687593
0.916876 0.565122
0.232959 0.396745
0.768684 0.0344516
0.310199 0.0904435
0.683611 0.593365
0.104043 0.329685
0.959267 0.108048
0.0996173 0.928271
0.898017 0.617656
0.483206 0.986043
0.779133 0.634495
0.592528 0.0204564
0.910391 0.621054
0.213137 0.57566
0.102727 0.637474
0.263276 0.0195888
0.202605 0.496195
0.41634 0.97101
0.548957 0.726535
0.0614143 0.232575
0.319905 0.165492
0.562512 0.274636
0.308116 0.661877
0.20291 0.206124
0.279529 0.686108
0.192178 0.0586639
0.32061 0.786057
0.0794042 0.230994
0.407123 0.292524
0.806647 0.509815
0.906105 0.0715999
0.52921 0.132731
0.566138 0.945734
0.103617 0.1151
0.67231 0.1646
0.347676 0.99221
0.330476 0.909938
0.26685 0.638585
0.571835 0.469721
0.844714 0.851346
0.155877 0.0368852
0.910004 0.476543
0.822945 0.989414
0.707822 0.229423
0.28196 0.514121
0.740038 0.211154
0.584295 0.269225
0.344538 0.150251
0.215026 0.448161
0.265296 0.887294
0.613193 0.61296
0.879506 0.943676
0.522798 0.146511
0.581663 0.0947504
0.616134 0.426944
0.946072 0.771977
0.463864 0.85608
0.248453 0.286808
0.845496 0.955914
0.516647 0.127623
0.470162 0.25686
0.339342 0.0541618
0.525981 0.683939
0.204297 0.740986
0.132156 0.46958
0.628281 0.745333
0.0825771 0.507784
0.689007 0.605464
0.654407 0.271078
0.700542 0.26976
0.698247 0.646268
0.0422256 0.162117
0.50248 0.290814
0.448943 0.347849
0.246583 0.965784
0.475297 0.716609
0.222507 0.814697
0.770717 0.748491
0.498665 0.975013
0.489477 0.630774
0.444522 0.117923
0.376148 0.52715
0.624397 0.0648587
0.13264 0.279693
0.336425 0.832827
0.549266 0.0349108
0.479098 0.592144
0.196795 0.981455
0.882838 0.645729
0.329292 0.129476
0.611507 0.804602
0.846046 0.834015
0.619298 0.61676
0.58217 0.11802
0.590892 0.0719055
0.75053 0.0448786
0.189753 0.124906
0.563553 0.815289
0.19006 0.696186
0.0950112 0.526474
0.529017 0.644916
0.559782 0.00806105
0.237115 0.757948
0.984063 0.066671
0.403697 0.318872
0.249384 0.0151878
0.123497 0.0954241
0.849194 0.742797
0.712208 0.431673
0.860497 0.302302
0.503681 0.609502
0.340369 0.693427
0.734437 0.903923
0.508729 0.924488
0.600108 0.603712
0.450888 0.129298
0.248673 0.0121326
0.137273 0.485768
0.769739 0.119559
0.605823 0.173621
0.445716 0.855103
0.188947 0.569197
0.923092 0.0437398
0.312004 0.662714
0.469783 0.172973
0.966693 0.973523
0.782377 0.306785
0.666947 0.516722
0.210988 0.175679
0.441224 0.811093
0.779402 0.892197
0.912 0.0341607
0.88434 0.0852342
0.513843 0.674377
0.204323 0.119576
0.848154 0.650033
0.947567 0.0409705
0.219238 0.925209
0.075247 0.531233
0.587927 0.545048
0.703995 0.554616
0.518601 0.486265
0.869838 0.180367
0.00303832 0.07266
0.361246 0.444225
0.88736 0.135117
0.336451 0.823991
0.168694 0.240773
0.901477 0.682548
0.91365 0.102452
0.802108 0.763339
0.75582 0.776795
0.800432 0.975064
0.702004 0.875663
0.506427 0.290082
0.420843 0.210454
0.844554 0.939318
0.696595 0.706234
0.124862 0.699622
0.778893 0.486064
0.143886 0.66266
0.626705 0.480309
0.486657 0.79538
0.721126 0.387984
0.477921 0.636259
0.494068 0.280173
0.399622 0.249773
0.0568321 0.200052
0.224826 0.758833
0.0757199 0.73112
0.048787 0.49644
0.941427 0.893325
0.435763 0.638014
0.599557 0.560603
0.337677 0.37844
0.0467143 0.48153
0.0411337 0.673386
0.961893 0.527855
0.468785 0.682951
0.915926 0.946703
0.319277 0.409839
0.226741 0.718871
0.659902 0.283363
0.918926 0.884445
0.0424029 0.99464
0.614796 0.0909573
0.491089 0.556966
0.984494 0.926853
0.195033 0.584047
0.487473 0.532649
0.962542 0.534233
0.0142329 0.00363837
0.207558 0.97608
0.531427 0.676312
0.659067 0.447336
0.623038 0.9783
0.857217 0.849776
0.697174 0.516831
0.133352 0.616097
0.401248 0.175898
0.609359 0.0163272
0.266912 0.101849
0.574052 0.251397
0.0286905 0.768868
0.835456 0.516159
0.301557 0.797981
0.0503267 0.315771
0.80238 0.257465
0.291871 0.333043
0.934219 0.950906
0.78041 0.55726
0.929209 0.637653
0.407032 0.626381
0.154485 0.540366
0.2425 0.555747
0.716121 0.853243
0.572603 0.983036
0.96081 0.110818
0.234455 0.983766
0.8919 0.0750852
0.499991 0.217039
0.867915 0.550265
0.532648 0.669508
0.808132 0.824504
0.00259466 0.742346
0.775402 0.783006
0.299614 0.704614
0.420641 0.706635
0.331009 0.575101
0.247027 0.573497
0.130859 0.963144
0.426749 0.703451
0.946172 0.381996
0.856665 0.176161
0.365596 0.765235
0.250566 0.865516
0.977112 0.0698866
0.415769 0.514752
0.788867 0.222065
0.339275 0.790592
0.963932 0.0777476
0.573831 0.265846
0.819297 0.994238
0.978659 0.106069
0.569479 0.219543
0.723803 0.700201
0.182684 0.150551
0.403598 0.129023
0.532538 0.253676
0.309506 0.897967
0.0188289 0.560061
0.763988 0.0492158
0.678641 0.178822
0.515723 0.466511
0.403155 0.854974
0.257161 0.369396
0.969654 0.830744
0.635273 0.788951
0.824979 0.607785
0.93923 0.394485
0.827311 0.663068
0.0945406 0.0099941
0.813607 0.498187
0.138869 0.34599
0.751741 0.448347
0.243966 0.770581
0.00845095 0.00744459
0.771513 0.686976
0.186711 0.287217
0.15353 0.589848
0.142209 0.410654
0.957931 0.0837964
0.241412 0.594537
0.87676 0.0745121
0.202328 0.840062
0.460357 0.0296726
0.503131 0.555202
0.0396391 0.31675
0.0534254 0.178494
0.662743 0.805189
0.626858 0.906702
0.575767 0.635272
0.914084 0.347242
0.322245 0.100919
0.634521 0.475775
0.690716 0.776706
0.886452 0.649994
0.890764 0.122078
0.244533 0.789361
0.194268 0.446847
0.629422 0.654946
0.476392 0.132789
0.210203 0.516126
0.449406 0.263765
0.694817 0.110122
0.0688047 0.321491
0.0187695 0.644569
0.956785 0.932921
0.990875 0.277268
0.0337907 0.626374
0.754844 0.724502
0.40309 0.641297
0.374512 0.291643
0.769162 0.619021
0.0810125 0.963411
0.0658832 0.710435
0.618365 0.542364
0.842997 0.828555
0.0585164 0.292306
0.0921684 0.753144
0.40432 0.16112
0.0746524 0.423115
0.808145 0.0528424
0.356042 0.79741
0.310504 0.389801
0.423646 0.0654679
0.114325 0.826882
0.706633 0.488808
0.118552 0.475793
0.107837 0.199546
0.439176 0.173902
0.883805 0.063998
0.716087 0.752983
0.886135 0.774609
0.0452905 0.978298
0.527774 0.44961
0.139277 0.602385
0.872768 0.944813
0.633975 0.228637
0.742224 0.944302
0.618685 0.16581
0.0096369 0.732946
0.992906 0.716283
0.221775 0.111439
0.192083 0.329595
0.310987 0.63128
0.503395 0.221117
0.689091 0.218904
0.973971 0.575071
0.965076 0.0215621
0.553309 0.521742
0.468901 0.692553
0.124175 0.341658
0.63738 0.757983
0.570501 0.379581
0.702455 0.188393
0.545619 0.711902
0.922058 0.538555
0.428124 0.143984
0.649963 0.620254
0.473424 0.960949
0.251543 0.976738
0.181922 0.940407
0.196153 0.155875
0.515432 0.190316
0.175126 0.0687144
0.711926 0.644012
0.761284 0.836098
0.985718 0.398765
0.594082 0.556131
0.778477 0.295966
0.745335 0.323724
0.00830149 0.667295
0.862389 0.436487
0.811111 0.512399
0.0567435 0.284547
0.473391 0.30832
0.261289 0.655271
0.248719 0.457419
0.811146 0.764108
0.647591 0.986268
0.832762 0.3593
0.630282 0.5941
0.195628 0.615957
1.00573 0.826235
0.172115 0.771048
0.0860809 0.91736
0.0949596 0.0943756
0.584665 0.957381
0.530885 0.395746
0.469786 0.587573
0.680336 0.943141
0.895886 0.941622
0.598312 0.144507
0.399076 0.40954
0.880322 0.0535513
0.395844 0.741504
0.406049 0.0262255
0.33562 0.601786
0.642266 0.328257
0.391501 0.814201
0.0994598 0.477573
0.731726 0.193517
0.572081 0.31621
0.151787 0.102814
0.712013 0.621567
0.690463 0.392321
0.564709 0.586275
0.333958 0.163176
0.730877 0.733024
0.572692 0.639548
0.779669 0.968538
0.381036 0.185955
0.994666 0.716711
0.787627 0.636754
0.0450877 0.179131
0.450878 0.144702
0.656811 0.18226
0.338922 0.228684
0.498761 0.490666
0.331475 0.210791
0.112285 0.0218925
0.603114 0.676977
0.60819 0.937088
0.840413 0.33856
0.670143 0.412774
0.978755 0.449799
0.381373 0.359707
0.635671 0.375925
0.0764309 0.423255
0.0127719 0.121501
0.602408 0.463692
0.266035 0.259102
0.646239 0.604947
0.487665 0.145231
0.0956552 0.819243
0.355751 0.207954
0.841137 0.958879
0.884878 0.449356
0.895966 0.725026
0.788398 0.566092
0.137838 0.767041
0.0158968 0.519176
0.126772 0.651503
0.903046 0.193974
0.0747695 0.907964
0.324691 0.677157
0.371691 0.59071
0.907174 0.0244653
0.195691 0.424022
0.162933 0.29132
0.243296 0.518672
0.498801 0.0846198
0.477589 0.384131
0.533774 0.37349
0.109189 0.322141
0.937323 0.238354
0.0891891 0.955503
0.766533 0.214952
0.607009 0.661394
0.419144 0.681771
0.569365 0.743811
0.358942 0.941057
0.334566 0.295198
0.959018 0.530282
0.719233 0.11959
0.821539 0.962519
0.640805 0.320634
0.04694 0.118161
0.704944 0.580677
0.491694 0.814124
0.902809 0.431392
0.0611483 0.992013
0.386827 0.82735
0.20797 0.993837
0.488751 0.627083
0.673917 0.0570379
0.370834 0.0346471
0.999184 0.705501
0.329768 0.958169
0.235703 0.0490094
0.0800983 0.0572378
0.0115303 0.72068
0.377915 0.0585549
0.837084 0.0816364
0.639324 0.330402
0.897114 0.541983
0.761866 0.958254
0.533879 0.148814
0.785601 0.741957
0.142538 0.274354
0.369067 0.81815
0.332483 0.739999
0.853049 0.33081
0.445445 0.182696
0.289832 0.681179
0.231507 0.369904
0.739024 0.242368
0.090606 0.116448
0.301476 0.92945
0.199423 0.940617
0.259991 0.09654
0.482196 0.021861
0.0547974 0.0165715
0.170556 0.840386
0.75863 0.312876
0.11475 0.127595
0.131255 0.447216
0.867595 0.983953
0.778954 0.312812
0.16644 0.0687117
0.994314 0.397964
0.43863 0.732674
0.640932 0.529216
0.84913 0.942414
0.458344 0.0486045
0.883025 0.71868
0.145093 0.365612
0.740685 0.19902
0.382194 0.911093
0.0402531 0.14072
0.224188 0.154996
0.268335 0.355406
0.602059 0.135806
0.339394 0.381083
0.448996 0.505777
0.449839 0.443221
0.903727 0.888444
0.175954 0.544654
0.417535 0.0251568
0.487077 0.876348
0.0736282 0.370107
0.595174 0.218629
0.735779 0.335362
0.418488 0.118082
0.246687 0.458804
0.258668 0.470833
0.61381 0.526943
0.829256 0.210175
0.66291 0.165249
0.596729 0.111791
0.669612 0.0460016
0.555119 0.575144
0.935396 0.731076
0.119845 0.353063
0.756127 0.606913
0.229423 0.829753
0.977022 0.824452
0.0484637 0.712747
0.160038 0.467014
0.830624 0.40661
0.911607 0.087142
0.877535 0.539668
0.616274 0.703786
0.755889 0.278947
0.869367 0.352671
0.391025 0.540862
0.39978 0.946138
0.11605 0.335171
0.677539 0.23549
0.68826 0.433306
0.842791 0.917666
0.263088 0.819812
0.742219 0.311357
0.532567 0.902129
0.778538 0.363171
0.308821 0.70441
0.452537 0.18655
0.24407 0.0688488
0.890135 0.999758
0.348002 0.759562
0.352587 0.739013
0.30044 0.752359
0.685176 0.416448
0.0875446 0.362352
0.652354 0.775779
0.795675 0.495139
0.691613 0.0572818
0.314989 0.435542
0.370318 0.847528
0.337677 0.148938
0.210777 0.64651
0.853296 0.66334
0.830571 0.0961981
0.732177 0.722997
0.0971341 0.0801807
0.482583 0.449674
0.819193 0.783001
0.20209 0.50434
0.199485 0.289605
0.866707 0.851835
0.0653981 0.662388
0.346987 0.758835
0.721161 0.661943
0.194407 0.0914847
0.509478 0.532069
0.240376 0.720245
0.178623 0.0936746
0.383479 0.0115646
0.191052 0.115766
0.734675 0.287916
0.195949 0.217036
0.742696 0.0242588
3.77404e-05 0.939946
0.519546 0.199651
0.22958 0.38619
0.0513511 0.294951
0.0486029 0.398332
0.0537924 0.769757
0.0602784 0.248192
0.861255 0.569766
0.77416 0.0879433
0.290002 0.958909
0.195298 0.673582
0.970379 0.386554
0.789349 0.704864
0.674506 0.985298
0.921883 0.41252
0.000442966 0.921934
0.352351 0.519918
0.121462 0.581888
0.915056 0.161116
0.876847 0.954734
0.571137 0.930632
0.72449 0.631413
0.178837 0.585733
0.201168 0.959121
0.687359 0.491159
0.918031 0.882655
0.164757 0.888419
0.268992 0.954108
0.593283 0.943493
0.939443 0.515236
0.355886 0.939849
0.437127 0.708213
0.459788 0.558551
0.290141 0.365908
0.731653 0.165785
0.32068 0.302512
0.0976183 0.0451551
0.934473 0.2717
0.630825 0.13483
0.235571 0.318247
0.626269 0.153352
0.200913 0.791026
0.0420286 0.469897
0.745132 0.635293
0.413406 0.684536
0.150482 0.769284
0.624393 0.587596
0.477231 0.0842192
0.146185 0.767627
0.450109 0.877563
0.934596 0.770769
0.180094 0.032202
0.808598 0.106975
0.308666 0.446796
0.249133 0.544188
0.765072 0.875399
0.697783 0.965983
0.666423 0.73979
0.435909 0.411532
0.375088 0.849284
0.0961268 0.525562
0.618566 0.720502
0.113177 0.0960829
0.805756 0.258884
0.865567 0.251376
0.13692 0.798305
0.0255682 0.317005
0.83051 0.841488
0.430955 0.139309
0.288306 0.680147
0.681585 0.0519054
0.555579 0.381088
0.0193603 0.221976
0.120939 0.455236
0.633539 0.495994
0.304533 0.729648
0.0215774 0.923097
0.45008 0.134916
0.0191825 0.254849
0.3941 0.882891
0.509651 0.530986
0.681194 0.535207
0.848011 0.511717
0.376722 0.279043
0.650854 0.665
0.959219 0.334395
0.718376 0.514744
0.715327 0.737739
0.736722 0.836253
0.193 0.370257
0.332277 0.497495
0.0999241 0.353834
0.420621 0.55006
0.488607 0.439762
0.804924 0.882686
0.322708 0.314562
0.41355 0.00395733
0.851493 0.25691
0.515698 0.226616
0.540729 0.16657
0.891477 0.500003
0.50066 0.609847
0.0147178 0.215993
0.34762 0.751437
0.0522625 0.540593
0.121718 0.384501
0.0381144 0.221622
0.738331 0.458723
0.772336 0.225716
0.898534 0.576636
0.10962 0.221212
0.891202 0.523336
0.225104 0.74098
0.785041 0.740703
0.967475 0.325968
0.90716 0.858968
0.825744 0.407742
0.468841 0.840497
0.623817 0.816454
0.591938 0.676056
0.357061 0.713645
0.060581 0.395168
0.93527 0.798923
0.853892 0.706972
0.0258569 0.752415
0.283603 0.135479
0.984983 0.133839
0.658941 0.198502
0.915755 0.44393
0.939434 0.883244
0.769655 0.846596
0.742206 0.595441
0.254422 0.211052
0.435945 0.878237
0.0275229 0.0278848
0.554331 0.384524
0.741533 0.614877
0.77973 0.676809
0.413798 0.633623
0.383804 0.439623
0.386058 0.667365
0.575203 0.35966
0.846743 0.227983
0.558419 0.757912
0.677753 0.497848
0.641187 0.447385
0.344476 0.383357
0.0428636 0.598867
0.594442 0.478768
0.477112 0.621912
0.506199 0.0314421
0.00650425 0.248224
0.646293 0.786235
0.899152 0.063212
0.419895 0.308799
0.499744 0.805919
0.949028 0.075012
0.165616 0.818335
0.30879 0.724034
0.576264 0.986537
0.221898 0.217432
0.433957 0.566334
0.600825 0.476776
0.165226 0.195239
0.955606 0.64237
0.817164 0.462288
0.673754 0.823679
0.710588 0.319698
0.609913 0.635542
0.380036 0.02988
0.944362 0.879893
0.835718 0.920544
0.924602 0.00668377
0.739198 0.263181
0.725454 0.31491
0.250091 0.947266
0.532573 0.68402
0.513449 0.133575
0.160857 0.678837
0.328606 0.116512
0.321169 0.145854
0.578751 0.994929
0.969431 0.289124
0.314988 0.579406
0.924818 0.695149
0.609199 0.869178
0.575039 0.444889
0.789717 0.529781
0.446258 0.528579
0.793043 0.167054
0.852314 0.0434721
0.118904 0.376321
0.72746 0.632508
0.509716 0.888311
0.311353 0.838344
0.00478413 0.632522
0.98417 0.5836
0.627465 0.953641
0.872796 0.942452
0.533054 0.797606
0.637597 0.14196
0.666929 0.212353
0.587197 0.456496
0.745712 0.0427357
0.985163 0.535789
0.205061 0.828885
0.579259 0.323936
0.205226 0.306595
0.956463 0.714948
0.194925 0.26781
0.55334 0.199766
0.900353 0.537449
0.783211 0.527808
0.49108 0.655991
0.469896 0.0241485
0.453544 0.107992
0.166403 0.120439
0.320446 0.753572
0.576082 0.0628442
0.787007 0.562105
0.598542 0.992063
0.390956 0.177819
0.316024 0.596202
0.484417 0.272618
0.311141 0.679195
0.540293 0.864409
0.878857 0.440666
0.401855 0.662107
0.968447 0.892934
0.31816 0.438686
0.917068 0.77177
0.545958 0.083607
0.892206 0.866992
0.837026 0.469185
0.929822 0.624072
0.031295 0.528353
0.616147 0.422234
0.706039 0.932138
0.0184774 0.190319
0.204635 0.329605
0.869515 0.744919
0.194033 0.748409
0.185561 0.595874
0.410478 0.154157
0.488816 0.728646
0.592737 0.40585
0.500285 0.13949
0.489376 0.392601
0.00625144 0.32639
0.861808 0.936068
0.950437 0.893089
0.464428 0.56653
0.315342 0.170504
0.498715 0.333808
0.36079 0.703311
0.663668 0.230098
0.448231 0.857473
0.97872 0.63382
0.453382 0.389209
0.787788 0.942172
0.117912 0.380491
0.348058 0.618323
0.519754 0.837395
0.0109779 0.525996
0.163792 0.872768
0.461955 0.114419
0.765857 0.9265
0.67971 0.0802686
0.0969687 0.179479
0.415067 0.457722
0.86285 0.0887225
0.688223 0.330836
0.93596 0.666796
0.9648 0.38954
0.0560216 0.752594
0.331481 0.173964
0.133103 0.679548
0.792242 0.652854
0.516954 0.8032
0.178864 0.680743
0.675973 0.640928
0.794951 0.441813
0.567445 0.475727
0.523048 0.664372
0.65524 0.938092
0.122167 0.538024
0.0165886 0.810204
0.869058 0.952555
0.476983 0.833864
0.341892 0.532984
0.586465 0.673367
0.706918 0.719566
0.352947 0.49915
0.372422 0.869886
0.302382 0.551276
0.550634 0.978351
0.192227 0.345604
0.420196 0.759637
0.821371 0.943241
0.424059 0.476583
0.881344 0.546205
0.0146463 0.897919
0.356402 0.883702
0.850477 0.833387
0.71779 0.191462
0.366411 0.304036
0.851799 0.0913386
0.0236123 0.218666
0.572497 0.39601
0.088556 0.874855
0.947313 0.639218
0.856512 0.137252
0.98318 0.270413
0.899168 0.806173
0.21666 0.323202
0.282774 0.0979972
0.869025 0.295473
0.985595 0.214726
0.181133 0.846381
0.0591927 0.898703
0.0387525 0.425581
0.20275 0.904475
0.498984 0.226509
0.123152 0.0713739
0.62253 0.211535
0.946245 0.569759
0.850886 0.799443
0.70923 0.835688
0.0728565 0.608396
0.642159 0.289322
0.931612 0.924645
0.387477 0.801014
0.22209 0.38337
0.0268294 0.403205
0.229766 0.0860152
0.301913 0.268507
0.511602 0.504625
0.172992 0.0104828
0.731181 0.295869
0.0818624 0.353408
0.507351 0.0280889
0.923053 0.358801
0.827524 0.632351
0.194401 0.900372
0.240753 0.836258
0.189872 0.172363
0.760901 0.577342
0.97338 0.982975
0.930447 0.00520211
0.386132 0.190608
0.0862212 0.688081
0.458986 0.597785
0.192748 0.631964
0.608293 0.923756
0.928092 0.690168
0.277199 0.435905
0.718421 0.199475
0.794623 0.545761
0.832639 0.989031
0.445897 0.0735098
0.825286 0.636003
0.245762 0.586188
0.213346 0.219135
0.569202 0.174124
0.21934 0.955342
0.364573 0.305548
0.643427 0.823537
0.903363 0.836173
0.455513 0.511628
0.759919 0.383569
0.201815 0.0371067
0.819524 0.920043
0.237402 0.61415
0.465507 0.0700855
0.603184 0.911933
0.143444 0.428465
0.547965 0.389142
0.0146708 0.761278
0.608318 0.583821
0.935349 0.827663
0.539302 0.299876
0.133217 0.182607
0.123454 0.0365812
0.0187909 0.578941
0.548236 0.7787
0.962559 0.750058
0.815816 0.782082
0.668384 0.0523408
0.396179 0.136045
0.123251 0.999419
0.0478315 0.26668
0.427894 0.595757
0.655882 0.442538
0.357074 0.264183
0.0263987 0.292406
0.0918613 0.565569
0.592469 0.224997
0.748179 0.715746
0.261646 0.766959
0.294699 0.809878
0.545873 0.257299
0.559972 0.361459
0.0393351 0.230015
0.414735 0.43554
0.365915 0.537949
0.435016 0.413704
0.80464 0.862887
0.00952456 0.460509
0.305471 0.366546
0.724737 0.331621
0.658969 0.816536
0.897624 0.248514
0.0416103 0.6456
0.966914 0.303294
0.412586 0.261715
0.113127 0.958242
0.518972 0.673027
0.319741 0.558304
0.903064 0.734448
0.991011 0.265055
0.272434 0.428856
0.681434 0.0760251
0.29176 0.692218
0.537552 0.59718
0.0587878 0.262246
0.929057 0.717774
0.0787868 0.826475
0.967691 0.0794281
0.472087 0.936055
0.423634 0.884654
0.197793 0.536749
0.842893 0.716756
0.209819 0.162636
0.275056 0.112894
0.896997 0.266644
0.381819 0.169621
0.695833 0.0630999
0.246539 0.989567
0.756786 0.784095
0.586771 0.815573
0.0463577 0.515824
0.533096 0.125241
0.342325 0.502353
0.245515 0.814394
0.438435 0.669133
0.699045 0.636207
0.20592 0.54194
0.352988 0.415694
0.704581 0.628022
0.528598 0.601641
0.896966 0.910459
0.771157 0.594777
0.946001 0.0215846
0.584347 0.731809
0.801425 0.166674
0.547396 0.848127
0.685783 0.0795794
0.945314 0.033367
0.583247 0.218737
0.838799 0.0241873
0.887927 0.542719
0.657048 0.0932924
0.0846725 0.0107121
0.509543 0.789235
0.637099 0.0376517
0.39092 0.535694
0.959447 0.129425
0.130481 0.923632
0.179777 0.714822
0.655452 0.981564
0.894532 0.195988
0.8297 0.572895
0.28359 0.802957
0.602154 0.86669
0.021746 0.445815
0.888234 0.909654
0.988546 0.546057
0.00348899 0.0731725
0.556703 0.512996
0.870596 0.190292
0.551363 0.253377
0.731132 0.499774
0.415408 0.861615
0.423409 0.595165
0.57567 0.0789153
0.576763 0.462355
0.28174 0.406431
0.0352974 0.565295
0.209411 0.637435
0.432067 0.231333
0.0832586 0.320231
0.140798 0.0717764
0.870056 0.140581
0.144969 0.422903
0.65717 0.00751323
0.618475 0.208317
0.26073 0.349468
0.708238 0.676117
0.211106 0.131655
0.271302 0.787538
0.21052 0.848045
0.24995 0.492221
0.2545 0.285209
0.0575552 0.463895
0.922656 0.489596
0.695475 0.0078088
0.809769 0.835831
0.0776903 0.675983
0.971472 0.209508
0.0989083 0.637388
0.230017 0.717242
0.845855 0.490727
0.0667411 0.5541
0.16685 0.277821
0.685777 0.438117
0.0653665 0.896276
0.286209 0.31528
0.38852 0.540674
0.600525 0.446018
0.00459983 0.523151
0.935585 0.69964
0.529066 0.745341
0.535449 0.606726
0.421347 0.515535
0.829378 0.520243
0.152957 0.059404
0.237491 0.998811
0.550274 0.30417
0.552913 0.716955
0.582241 0.238645
0.155121 0.647403
0.134974 0.441295
0.962731 0.523539
0.982009 0.56328
0.96952 0.986573
0.0863694 0.905105
0.686189 0.615434
0.650605 0.221458
0.222194 0.0718115
0.736166 0.0530921
0.592052 0.890145
0.110987 0.829543
0.888956 0.661122
0.13378 0.441872
0.378091 0.715802
0.680554 0.533194
0.363217 0.815516
0.974496 0.326048
0.338989 0.956494
0.888663 0.307824
0.943066 0.975495
0.213622 0.629254
0.590928 0.864076
0.850905 0.813122
0.935897 0.588138
0.8647 0.52796
0.478258 0.975686
0.357515 0.367199
0.636804 0.491242
0.802594 0.0291114
0.207085 0.489648
0.548092 0.570252
0.305194 0.522591
0.896194 0.644177
0.479093 0.785315
0.952653 0.422328
0.761181 0.16311
0.051425 0.351746
0.0303774 0.902324
0.164868 0.966266
0.490024 0.0295916
0.494215 0.968688
0.005262 0.851702
0.335913 0.642059
0.342942 0.145062
0.656948 0.550018
0.634802 0.204849
0.120306 0.939847
0.731783 0.0212469
0.584111 0.206708
0.801815 0.536692
0.628903 0.562632
0.702982 0.680325
0.914382 0.733368
0.581865 0.0792548
0.697798 0.0716128
0.108826 0.193845
0.0417848 0.114082
0.0455546 0.37769
0.756137 0.388483
0.522729 0.41306
0.949082 0.12876
0.617027 0.0585173
0.0972274 0.345793
0.075355 0.681231
0.552538 0.877166
0.217933 0.181445
0.439814 0.920915
0.861697 0.353967
0.654296 0.444404
0.433464 0.353896
0.517518 0.542247
0.547757 0.559269
0.656359 0.593305
0.936951 0.41268
0.982037 0.459679
0.825611 0.920364
0.617079 0.44373
0.979212 0.714295
0.792592 0.0389979
0.395535 0.342085
0.931739 0.613468
0.523572 0.371501
0.534389 0.385274
0.725969 0.187684
0.830714 0.155534
0.542606 0.347231
0.700979 0.0884994
0.906467 0.357876
0.683618 0.843545
0.770343 0.665444
0.303239 0.595956
0.585807 0.92029
0.0397344 0.56501
0.634573 0.829277
0.618115 0.0295653
0.171394 0.5513
0.64353 0.69492
0.932935 0.157709
0.0802513 0.648597
0.366541 0.909987
0.8078 0.909096
0.257267 0.509266
1.00731 0.109056
0.86711 0.683032
0.00736385 0.637456
0.348493 0.310582
0.233425 0.934279
0.230891 0.273144
0.499297 0.865454
0.102431 0.118877
0.895273 0.27155
0.67018 0.539078
0.96874 0.593106
0.716086 0.0510611
0.241646 0.0835282
0.933013 0.0547713
0.984096 0.205338
0.558722 0.992023
0.380047 0.42581
0.675104 0.387334
0.063318 0.0235288
0.698225 0.29626
0.957809 0.928854
0.569892 0.457074
0.794307 0.672302
0.575975 0.689849
0.943834 0.237618
0.22895 0.914838
0.839211 0.945934
0.95587 0.0721309
0.0294595 0.922773
0.130314 0.0220796
0.138995 0.689018
0.0141252 0.519002
0.114867 0.68916
0.915621 0.166609
0.712691 0.604351
0.474896 0.670483
0.53258 0.0449239
0.127622 0.327513
0.717065 0.703595
0.0173884 0.66317
0.947819 0.236768
0.578016 0.788972
0.192278 0.541822
0.875661 0.2165
0.464212 0.000146891
0.243808 0.603595
0.689548 0.257419
0.122612 0.804017
0.919247 0.0347604
0.982189 0.659801
0.633369 0.457057
0.33026 0.166604
0.501866 0.457855
0.49415 0.219067
0.161504 0.511446
0.886171 0.106787
0.75777 0.460095
0.900232 0.950052
0.00194693 0.770062
0.171793 0.466542
0.770176 0.415551
0.0701716 0.459359
0.673589 0.192427
0.26339 0.620558
0.221764 0.245567
0.280335 0.855111
0.702642 0.610606
0.0216724 0.204491
0.0685167 0.51574
0.423488 0.230132
0.0272049 0.305501
0.341243 0.784987
0.766448 0.240317
0.735037 0.767555
0.0115423 0.906812
0.234112 0.781743
0.322413 0.304254
0.24111 0.995877
0.497035 0.504461
0.616436 0.718783
0.750064 0.896774
0.573919 0.452679
0.507381 0.595543
0.657201 0.575878
0.111326 0.0806129
0.805868 0.133885
0.386066 0.147255
0.93315 0.132633
0.388583 0.658551
0.919236 0.400243
0.565307 0.15349
0.181869 0.887761
0.457676 0.422943
0.883641 0.954679
0.927518 0.500124
0.67346 0.677534
0.396861 0.247378
0.130251 0.904238
0.842938 0.787455
0.480124 0.954257
0.867504 0.283851
0.0927831 0.254176
0.432857 0.0163016
0.4059 0.821678
0.674989 0.324947
0.221804 0.24022
0.478592 0.403636
0.127986 0.936216
0.816367 0.0225001
0.890893 0.754124
0.511708 0.564332
0.43166 0.908563
0.811728 0.561908
0.812799 0.654672
0.349384 0.292921
0.609078 0.217299
0.578909 0.701701
0.471226 0.0120199
0.718009 0.877502
0.833635 0.39277
0.202686 0.055499
0.633077 0.68124
0.459169 0.761059
0.617751 0.285678
0.772686 0.508355
0.0399383 0.284403
0.0727405 0.471591
0.192968 0.884451
0.0335226 0.00576773
0.539153 0.382824
0.298694 0.148082
0.600293 0.877609
0.855429 0.073977
0.889642 0.567796
0.949402 0.723342
0.96806 0.113739
0.778823 0.593728
0.837481 0.231522
0.354824 0.450764
0.523597 0.12764
0.95917 0.563811
0.411762 0.0319676
0.0353538 0.604852
0.892535 0.0737673
0.610649 0.455419
0.451719 0.909326
0.602379 0.051766
0.786924 0.453257
0.123919 0.676569
0.0210727 0.0733103
0.399903 0.981705
0.225397 0.178728
0.574521 0.0587287
0.416722 0.930228
0.509512 0.940526
0.0577378 0.468656
0.504298 0.469577
0.500535 0.539591
0.0744845 0.416852
0.608466 0.685097
0.84441 0.0764326
0.594446 0.475783
0.112217 0.381369
0.92884 0.22599
0.0579498 0.950154
0.309464 0.457831
0.931879 0.534871
0.636575 0.507283
0.592484 0.0531473
0.437435 0.103219
0.993881 0.495335
0.571733 0.49808
0.945383 0.0785254
0.0377442 0.0393286
0.489112 0.646177
0.724483 0.36125
0.706468 0.31848
0.837233 0.818601
0.700239 0.766327
0.0547228 0.758188
0.71654 0.363984
0.216048 0.648343
0.898981 0.852624
0.155666 0.492521
0.90593 0.593188
0.595591 0.899748
0.0884209 0.167316
0.397746 0.0533763
0.239596 0.43558
0.0926133 0.72868
0.081797 0.81704
0.0901067 0.788185
0.135914 0.927337
0.606786 0.836151
0.693661 0.661507
0.594379 0.410119
0.0256643 0.810389
0.0585023 0.924642
0.663161 0.213925
0.417179 0.568927
0.799809 0.0308014
0.468695 0.895736
0.180087 0.866555
0.948987 0.419826
0.302112 0.0416523
0.148354 0.383936
0.862893 0.233505
0.172135 0.994582
0.165787 0.778922
0.83074 0.859452
0.440458 0.425057
0.269629 0.466084
0.235501 0.328097
0.390741 0.898503
0.542251 0.807905
0.467454 0.349572
0.820685 0.936141
0.245322 0.000774429
0.802011 0.190646
0.420339 0.105009
0.235961 0.568765
0.488408 0.0947878
0.807211 0.660927
0.0892095 0.972998
0.439852 0.919949
0.832452 0.880285
0.345011 0.102116
0.346384 0.580518
0.430166 0.737113
0.479034 0.972414
0.545038 0.946472
0.322013 0.365703
0.882628 0.567317
0.366497 0.685312
0.761628 0.786923
0.790162 0.997589
0.355712 0.278951
0.0922168 0.162908
0.947761 0.152775
0.135921 0.379724
0.101375 0.968359
0.260043 0.446403
0.0704278 0.606393
0.0269623 0.500574
0.343536 0.505957
0.472999 0.888557
0.452452 0.794985
0.254301 0.33506
0.362298 0.620772
0.0203917 0.123926
0.407702 0.810548
0.121521 0.76339
0.0895065 0.213732
0.896184 0.0342007
0.395033 0.0623105
0.409137 0.496508
0.0305783 0.66913
0.93494 0.0819365
0.275537 0.969891
0.601565 0.619045
0.475537 0.074638
0.507618 0.928316
0.869559 0.761903
0.263395 0.231857
0.382701 0.283776
0.355789 0.790377
0.0943504 0.477297
0.553785 0.183913
0.691036 0.480064
0.213227 0.086194
0.542281 0.622315
0.58272 0.572837
0.291494 0.525662
0.673841 0.567009
0.495698 0.275557
0.186073 0.971428
0.349991 0.693688
0.905408 0.213428
0.45553 0.163331
0.451407 0.838267
0.446925 0.807188
0.628647 0.541245
0.284489 0.182447
0.725094 0.975532
0.662502 0.938315
0.0617254 0.204786
0.560656 0.644426
0.777643 0.85214
0.170138 0.451479
0.419159 0.665669
0.726904 0.605226
0.636086 0.0765119
0.298932 0.536852
0.296452 0.754507
0.700001 0.747855
0.592693 0.146894
0.555181 0.221498
0.688187 0.839545
0.403885 0.413255
0.81809 0.0625098
0.351601 0.876801
0.271148 0.912261
0.520611 0.0489047
0.764396 0.691367
0.500271 0.183748
0.357046 0.227217
0.788783 0.994155
0.304077 0.0877346
0.531012 0.60051
0.846954 0.225115
0.348421 0.434969
0.377952 0.903443
0.655139 0.0655254
0.733148 0.0367263
0.479426 0.558039
0.126652 0.831024
0.434895 0.397767
0.743287 0.95612
0.446594 0.507659
0.647487 0.946869
0.691591 0.00678179
0.174084 0.480017
0.998774 0.478256
0.567735 0.529677
0.0787022 0.409939
0.760691 0.427061
0.848269 0.136884
0.330544 0.501353
0.204822 0.073521
0.561655 0.684223
0.631583 0.688306
0.514689 0.066623
0.0861115 0.258557
0.022596 0.532694
0.76624 0.670067
0.479596 0.457455
0.674594 0.653636
0.937514 0.673307
0.131812 0.50524
0.202994 0.210482
0.915194 0.963717
0.637567 0.760132
0.102391 0.968098
0.261522 0.307199
0.0416213 0.823161
0.991451 0.673237
0.511486 0.506687
0.739665 0.597588
0.765271 0.762249
0.130307 0.531511
0.432312 0.609853
0.972621 0.055554
0.263507 0.92653
0.78018 0.395255
0.431782 0.983193
0.605934 0.346896
0.945048 0.234049
0.107123 0.0493027
0.21147 0.368608
0.356523 0.253075
0.191799 0.347953
0.926279 0.703278
0.854674 0.665952
0.300855 0.619952
0.428222 0.43111
0.151478 0.860511
0.0410129 0.140488
0.967325 0.304551
0.0670226 0.747626
0.699812 0.498792
0.730933 0.305376
0.845768 0.677738
0.548953 0.95288
0.727032 0.760405
0.321484 0.0836014
0.0134961 0.513276
0.431508 0.939758
0.216554 0.286184
0.605706 0.51738
0.87557 0.0416737
0.924498 0.0638118
0.894418 0.989552
0.198111 0.861845
0.294071 0.265133
0.609477 0.993878
0.764005 0.34013
0.299487 0.609699
0.0180415 0.848432
0.562584 0.745059
0.60884 0.884083
0.828621 0.622322
0.397391 0.260135
0.562076 0.613898
0.54628 0.167887
0.131336 0.452452
0.2017 0.0798608
0.509629 0.0963346
0.0694158 0.708187
0.958004 0.363696
0.973342 0.567507
0.357366 0.737246
0.907734 0.656858
0.346953 0.925779
0.505281 0.909535
0.670914 0.113321
0.793617 0.499473
0.736634 0.19001
0.759745 0.298284
0.804982 0.305851
0.466316 0.93624
0.758384 0.66801
0.0161041 0.268472
0.757909 0.0655856
0.976666 0.722099
0.448994 0.949983
0.289524 0.806351
0.687365 0.196789
0.462839 0.0342153
0.123043 0.968478
0.943727 0.793901
0.0826071 0.737352
0.293381 0.819046
0.901207 0.0565205
0.117578 0.733281
0.358918 0.583879
0.66969 0.116522
0.251903 0.685627
0.385666 0.0161102
0.771104 0.362369
0.738392 0.219318
0.312391 0.0276673
0.0264906 0.999659
0.224914 0.489678
0.0338521 0.347938
0.45817 0.977575
0.141852 0.540761
0.714953 0.435182
0.359822 0.64329
0.48822 0.477359
0.37658 0.847118
0.0612972 0.0461056
0.964337 0.313301
0.731758 0.350011
0.329223 0.502865
0.710375 0.0646022
0.725916 0.0280553
0.0949513 0.749507
0.0247331 0.319843
0.239204 0.0585834
0.667775 0.697365
0.0361599 0.80961
0.238143 0.75109
0.244837 0.597956
0.394392 0.733029
0.075358 0.770962
0.579978 0.136691
0.817065 0.544577
0.449825 0.548787
0.894779 0.779034
0.0517038 0.607416
0.846347 0.774716
0.632492 0.941292
0.524224 0.657197
0.261142 0.763423
0.715803 0.928918
0.460798 0.751951
0.73853 0.698935
0.503056 0.983361
0.296895 0.897441
0.71644 0.372095
0.668713 0.296319
0.508903 0.485449
0.84113 0.958715
0.0342981 0.735905
0.735134 0.0645515
0.343336 0.584088
0.860702 0.975827
0.525422 0.384884
0.633047 0.786531
0.148366 0.348845
0.715447 0.609146
0.100831 0.453979
0.308088 0.603864
0.437348 0.604965
0.501222 0.153969
0.989455 0.123425
0.450319 0.486087
0.655497 0.291249
0.444839 0.689484
0.027346 0.18258
0.775441 0.370598
0.766672 0.636188
0.346525 0.292066
0.0211171 0.979549
0.0786075 0.169472
0.328407 0.794054
0.778588 0.429195
0.248043 0.08671
0.0330925 0.685388
0.691678 0.534391
0.839138 0.668916
0.704374 0.288983
0.155047 0.359312
0.580875 0.599847
0.0488254 0.608216
0.782446 0.824301
0.978926 0.549196
0.460491 0.325406
0.841189 0.48161
0.304957 0.919801
0.651073 0.633356
0.713877 0.429671
0.0625785 0.9619
0.515945 0.0958664
0.647439 0.207876
0.630065 0.486423
0.877034 0.334043
0.774428 0.0563316
0.693527 0.356637
0.6319 0.742311
0.964961 0.414508
0.566616 0.943884
0.935317 0.0320064
0.269296 0.804668
0.508712 0.57422
0.724713 0.158672
0.207632 0.43832
0.58973 0.270139
0.400158 0.106042
0.365759 0.0476096
0.313985 0.995915
0.534005 0.191111
0.330116 0.30985
0.22303 0.0235956
0.66662 0.854922
0.765903 0.631611
0.269293 0.332511
0.575679 0.232734
0.35963 0.844792
0.0374214 0.868338
0.419049 0.761885
0.0281422 0.626647
0.200228 0.617618
0.896848 0.60047
0.723909 0.262242
0.646265 0.0369773
0.25861 0.181961
0.228497 0.588703
0.491836 0.451479
0.612315 0.158261
0.30646 0.378191
0.790049 0.575714
0.710786 0.365386
0.812331 0.0644844
0.210347 0.845879
0.938708 0.629415
0.607772 0.966834
0.256046 0.807993
0.584413 0.152905
0.408478 0.307976
0.415445 0.0565584
0.34549 0.674193
0.238403 0.573974
0.262907 0.730211
0.0254938 0.875201
0.888636 0.331794
0.253419 0.678698
0.907642 0.964151
0.0442581 0.716098
0.0345147 0.254599
0.561986 0.973215
0.891789 0.163095
0.944426 0.111609
0.977784 0.524596
0.292941 0.386189
0.832502 0.708504
0.442608 0.178202
0.382701 0.681039
0.751968 0.645601
0.411262 0.777461
0.520926 0.300065
0.109398 0.774218
0.949534 0.0206509
0.741014 0.0299198
0.733138 0.772884
0.277473 0.295121
0.746651 0.159609
0.464895 0.686148
0.301512 0.442623
0.210696 0.594396
0.832047 0.0468098
0.302908 0.271498
0.221196 0.685598
0.952539 0.973166
0.331225 0.363776
0.750629 0.85201
0.663703 0.860023
0.626224 0.642309
0.876955 0.36451
0.665179 0.610203
0.137488 0.942646
0.905335 0.883594
0.104107 0.370218
0.569776 0.405561
0.812863 0.78045
0.99999 0.641745
0.823622 0.302492
0.884431 0.0508665
0.988488 0.865752
0.0180042 0.319695
0.229551 0.76863
0.171705 0.893253
0.628657 0.797932
0.535581 0.505693
0.162538 0.200754
0.115937 0.30002
0.143415 0.0212642
0.183621 0.2475
0.391493 0.753371
0.653227 0.204144
0.533822 0.653044
0.846007 0.357133
0.95596 0.759289
0.402307 0.944449
0.62506 0.420274
0.264146 0.854578
0.188963 0.435837
0.747833 0.8176
0.233788 0.283405
0.323345 0.396297
0.484185 0.439217
0.696337 0.627562
0.460517 0.879956
0.875067 0.852007
0.63333 0.528138
0.0563628 0.167157
0.181223 0.902429
0.524464 0.13733
0.661713 0.926932
0.0816321 0.286744
0.347265 0.345756
0.141339 0.536174
0.781622 0.889158
0.353694 0.0154681
0.17257 0.677102
0.411725 0.656718
0.116364 0.108067
0.284296 0.576872
0.995474 0.109325
0.428879 0.621344
0.687513 0.485232
0.788515 0.868735
0.387696 0.313133
0.00592899 0.0493787
0.24008 0.0875489
0.336131 0.587315
0.43334 0.477419
0.123508 0.214945
0.36663 0.47727
0.230361 0.539163
0.154404 0.642066
0.195908 0.270752
0.750128 0.480186
0.847626 0.738163
0.639835 0.276344
0.359542 0.327058
0.761191 0.143061
0.195812 0.149426
0.461197 0.201913
0.198815 0.701253
0.289282 0.534929
0.288581 0.722587
0.0123981 0.412088
0.937522 0.37915
0.896841 0.160507
0.889531 0.0490759
0.802859 0.108455
0.314529 0.56009
0.594285 0.162108
0.298259 0.233835
0.438672 0.657759
0.560959 0.200476
0.805802 0.756703
0.349869 0.266983
0.958447 0.548725
0.964956 0.242799
0.0835999 0.25682
0.955986 0.0593165
0.668904 0.907813
0.474988 0.558249
0.0757084 0.393155
0.602048 0.885651
0.507233 0.916572
0.445658 0.101651
0.0787392 0.744
0.335344 0.517386
0.401778 0.896224
0.718025 0.206766
0.651669 0.0671253
0.474568 0.611324
0.616361 0.442782
0.859033 0.699943
0.699633 0.82932
0.795892 0.368467
0.737418 0.270586
0.926817 0.812838
0.66407 0.528859
0.69862 0.170617
0.445369 0.144415
0.272824 0.524177
0.888253 0.608152
0.0415881 0.290026
0.504368 0.759407
0.497536 0.157513
0.827096 0.972183
0.768616 0.443416
0.414994 0.627673
0.143385 0.114632
0.457004 0.939306
0.48318 0.194317
0.210245 0.409975
0.00697838 0.874295
0.938854 0.705487
0.0456134 0.3843
0.85006 0.317368
0.908477 0.737964
0.926562 0.950071
0.0280013 0.430931
0.70948 0.525595
0.588225 0.536564
0.497798 0.356836
0.98002 0.912779
0.981941 0.0726813
0.0274205 0.441554
0.0627263 0.51057
0.635965 0.27277
0.92056 0.642688
0.147234 0.859416
0.34814 0.192874
0.243717 0.197855
0.511171 0.152393
0.935812 0.437995
0.102269 0.963804
0.868753 0.811755
0.489426 0.456944
0.348339 0.987187
0.81404 0.328166
0.899965 0.798396
0.45176 0.927371
0.239965 0.514456
0.43795 0.875638
0.78737 0.358439
0.51831 0.934628
0.21793 0.866446
0.127493 0.461637
0.0643103 0.638732
0.61248 -0.000372782
0.0765671 0.716109
0.963923 0.945318
0.527887 0.453291
0.402295 0.876205
0.440583 0.216345
0.20458 0.340476
0.0145428 0.656316
0.26786 0.254484
0.170796 0.705804
0.130123 0.958191
0.0643281 0.648427
0.892542 0.280417
0.514446 0.0203375
0.743893 0.579182
0.659133 0.357667
0.579299 0.735587
0.0738698 0.543219
0.680913 0.601719
0.939157 0.0449813
0.477951 0.437038
0.299356 0.682491
0.77763 0.313618
0.338745 0.0454821
0.568379 0.509583
0.751219 0.698494
0.467801 0.815537
0.346948 0.360608
0.0977936 0.861805
0.380929 0.841686
0.440739 0.0400481
0.199437 0.0202904
0.775909 0.272512
0.563532 0.45645
0.875014 0.560083
0.539736 0.352893
0.997142 0.839051
0.035431 0.774694
0.15295 0.374239
0.820111 0.72131
0.883867 0.571352
0.419815 0.351637
0.386887 0.766723
0.712286 0.484671
0.627792 0.0929135
0.326341 0.0695868
0.133198 0.525779
0.0898147 0.908747
0.799067 0.653328
0.365236 0.674073
0.213399 0.904928
0.0270121 0.21054
0.732964 0.0352236
0.98524 0.896917
0.436684 0.805353
0.618416 0.320402
0.376592 0.0381116
0.672199 0.763576
0.804715 0.384408
0.248279 0.433272
0.477708 0.574588
0.502806 0.610862
0.100415 0.592615
0.519639 0.899472
0.245952 0.884872
0.573571 0.459316
0.789802 0.600566
0.669884 0.533774
0.662998 0.655127
0.430605 0.099854
0.460152 0.0489706
0.420234 0.837184
0.0869515 0.0924372
0.600762 0.891691
0.476927 0.849012
0.324982 0.954635
0.423635 0.827789
0.565532 0.524014
0.420296 0.0853156
0.423523 0.666353
0.970039 0.997076
0.125717 0.75984
0.597638 0.7956
0.293631 0.260648
0.450738 0.724314
0.360334 0.911222
0.77324 0.780568
0.748408 0.860191
0.872951 0.349036
0.751922 0.349754
0.198196 0.0768699
0.304572 0.621822
0.904659 0.870095
0.145877 0.325069
0.955279 0.569448
0.991438 0.925302
0.56612 0.117314
0.685129 0.163626
0.912755 0.978772
0.424752 0.36347
0.70309 0.785077
0.274738 0.476331
0.564417 0.0229614
0.33656 0.438626
0.372256 0.0885291
0.788581 0.57049
0.165295 0.0931516
0.192321 0.0699499
0.963275 0.338381
0.395024 0.918505
0.90752 0.386552
0.843796 0.474038
0.503617 0.528919
0.638161 0.416336
0.507146 0.0630433
0.780519 0.209586
0.855044 0.0565682
0.68718 0.413573
0.0777162 0.0236919
0.852209 0.450003
0.11212 0.640829
0.0204891 0.277401
0.734228 0.211977
0.347353 0.69723
0.550984 0.742357
0.615756 0.458528
0.128854 0.459537
0.93259 0.632474
0.988517 0.570795
0.0488398 0.496214
0.633596 0.828681
0.707037 0.481546
0.883125 0.394165
0.895156 0.960963
0.417893 0.747404
0.410966 0.529987
0.388272 0.431421
0.806282 0.117448
0.644314 0.154416
0.818942 0.190725
0.897111 0.435258
0.652119 0.025429
0.89476 0.586401
0.658413 0.883247
0.157113 0.707231
0.379472 0.790703
0.535356 0.0866457
0.272285 0.419165
0.480638 0.167638
0.380142 0.89859
0.914826 0.791105
0.428617 0.303063
0.222555 0.235992
0.425307 0.866805
0.390758 0.244776
0.0620482 0.287874
0.679975 0.715843
0.313839 0.574728
0.302233 0.97225
0.458001 0.459308
0.679485 0.837447
0.250048 0.215408
0.923978 0.522348
0.634619 0.404612
0.690699 0.017007
0.303254 0.604548
0.805826 0.731845
0.87718 0.0357635
0.967863 0.333092
0.895099 0.358583
0.577706 0.957233
0.646694 0.257499
0.673083 0.960293
0.832417 0.975318
0.932159 0.288695
0.434656 0.612018
0.127853 0.6847
0.833878 0.0520461
0.207036 0.462013
0.456461 0.896736
0.476754 0.759704
0.501424 0.282726
0.491581 0.408882
0.311 0.459371
0.742003 0.205323
0.818266 0.319217
0.163418 0.464421
0.577236 0.836476
0.424751 0.409626
0.811761 0.357156
0.700497 0.245923
0.969304 0.827905
0.931163 0.796745
0.883006 0.133081
0.258786 0.336155
0.0349194 0.735515
0.0958959 0.5362
0.0181167 0.587425
0.945062 0.329078
0.0468324 0.686962
0.535233 0.864794
0.0065272 0.698626
0.329238 0.583756
0.535115 0.753946
0.993436 0.347105
0.11124 0.693469
0.592549 0.080466
0.521381 0.524509
0.877146 0.401048
0.662803 0.135433
0.737246 0.697632
0.871571 0.833131
0.233839 0.889676
0.42053 0.179116
0.218776 0.467379
0.865923 0.75399
0.332193 0.872446
0.452624 0.661412
0.456211 0.987735
0.415414 0.449597
0.334669 0.526605
0.143102 0.928029
0.607159 0.664471
0.452587 0.484415
0.0655647 0.115286
0.620496 0.802809
0.812907 0.492066
0.634428 0.0463195
0.381635 0.0566
0.22572 0.600494
0.523378 0.0918119
0.354487 0.856089
0.964087 0.80711
0.517547 0.420255
0.794845 0.932909
0.872448 0.125298
0.459182 0.0130419
0.0575421 0.0666959
0.6775 0.510093
0.551141 0.743048
0.625474 0.171412
0.545897 0.438271
0.663793 0.18152
0.484673 0.0454788
0.238329 0.710776
0.645954 0.76222
0.786349 0.0330009
0.618312 0.766506
0.807438 0.131045
0.186812 0.60239
0.0687543 0.0567296
0.731894 0.528273
0.0697583 0.789426
0.59497 0.747256
0.299531 0.146143
0.490326 0.924918
0.317705 0.036249
0.363232 0.981468
0.218023 0.848293
0.0269419 0.456348
0.559071 0.672864
0.218587 0.361486
0.673326 0.836882
0.128023 0.480871
0.97265 0.314915
0.0832914 0.041461
0.371541 0.815175
0.569756 0.441263
0.604649 0.164588
0.188557 0.904139
0.310831 0.678878
0.829059 0.628588
0.715295 0.191427
0.610055 0.9331
0.0405961 0.636976
0.38945 0.599656
0.309871 0.608018
0.961157 0.983197
0.44476 0.0893159
0.464101 0.417589
0.403978 0.547344
0.459084 0.775502
0.362431 0.028897
0.216807 0.967138
0.193551 0.405353
0.871263 0.504377
0.0842494 0.700337
0.13295 0.799325
0.89263 0.743005
0.732433 0.933221
0.379942 0.122011
0.532878 0.689829
0.729904 0.494038
0.67312 0.174431
0.583039 0.137159
0.592439 0.987168
0.682803 0.0499662
0.762805 0.0370535
0.0803469 0.979489
0.0141507 0.27388
0.384854 0.885428
0.778226 0.469081
0.58577 0.911183
0.268448 0.478394
0.6535 0.000813395
0.411496 0.0342783
0.122745 0.944508
0.724028 0.852652
0.438575 0.397046
0.0274825 0.0217501
0.5342 0.619879
0.00892851 0.218683
0.671428 0.771608
0.265697 0.751776
0.751305 0.279652
0.0256621 0.135954
0.165276 0.803897
0.605051 0.751041
0.715085 0.873479
0.229467 0.369267
0.874336 0.641081
0.403456 0.99708
0.585334 0.127501
0.843467 0.0285096
0.524563 0.877196
0.045902 0.0587658
0.496607 0.0549022
0.277449 0.168558
0.826421 0.543146
0.920329 0.577552
0.822991 0.945979
0.713487 0.988265
0.74997 0.318366
0.739297 0.464959
0.192021 0.968758
0.838797 0.0660496
0.61003 0.237577
0.0634425 0.195421
0.365183 0.913174
0.219559 0.889745
0.790826 0.26468
0.948262 0.287191
0.320265 0.225987
0.45595 0.146886
0.76907 0.37627
0.724225 0.592103
0.322354 0.437694
0.579522 0.0722124
0.75637 0.31948
0.537169 0.948273
0.288461 0.371395
0.0146378 0.898271
0.608212 0.0778706
0.093696 0.974289
0.991171 0.313282
0.864036 0.781632
0.578698 0.812545
0.0691192 0.898967
0.038537 0.525139
0.0456676 0.807629
0.901493 0.769895
0.399821 0.223851
0.20761 0.98011
0.296026 0.963867
0.299794 0.833192
0.912153 0.588249
0.204608 0.926781
0.486505 0.813709
0.00487123 0.580193
0.788007 0.996113
0.893453 0.652054
0.777731 0.472144
0.464598 0.846856
0.371145 0.503101
0.372032 0.416768
0.310758 0.273503
0.186694 0.71049
0.49735 0.394265
0.690601 0.793347
0.358169 0.990396
0.626809 0.270169
0.578624 0.831143
0.197102 0.0651373
0.645001 0.201747
0.645362 0.432845
0.198082 0.538788
0.0849195 0.97581
0.010972 0.549509
0.822642 0.38198
0.0526387 0.19468
0.798847 0.363319
0.468184 0.98557
0.0738846 0.965503
0.379878 0.764486
0.758849 0.738041
0.754877 0.385365
0.00835767 0.333519
0.21655 0.20545
0.398654 0.861413
0.407295 0.0440973
0.294292 0.605472
0.582818 0.379188
0.581284 0.593731
0.928691 0.404113
0.975838 0.981364
0.59864 0.774719
0.344714 0.0668822
0.760261 0.418613
0.0323307 0.140167
0.18313 0.791179
0.878209 0.938016
0.176579 0.886563
0.271555 0.39311
0.0920224 0.670182
0.254559 0.499411
0.714175 0.548822
0.104904 0.296971
0.928031 0.686204
0.890724 0.856761
0.0901472 0.866562
0.838116 0.688788
0.64139 0.182639
0.755588 0.401547
0.601512 0.787933
0.541748 0.784629
0.57915 0.419936
0.722652 0.755694
0.306526 0.994189
0.148835 0.398533
0.664407 0.40331
0.897873 0.378603
0.922174 0.00840164
0.675531 0.880218
0.689044 0.566252
0.736976 0.779195
0.432825 0.575089
0.467682 0.0741521
0.758448 0.222514
0.475706 0.35948
0.011542 0.0174358
0.144144 0.590634
0.437402 0.866791
0.346343 0.743923
0.86097 0.49517
0.142484 0.525349
0.868327 0.0499294
0.903917 0.850708
0.0433081 0.579443
0.730924 0.732345
0.145728 0.4679
0.51154 0.578502
0.0430152 0.97952
0.652638 0.800993
0.20312 0.12833
0.160493 0.214637
0.145779 0.304622
0.805282 0.583172
0.171426 0.151621
0.327046 0.0324604
0.646792 0.46955
0.557762 0.545275
0.51002 0.461644
0.396017 0.553286
0.0411335 0.126938
0.285635 0.18686
0.594847 0.797179
0.765365 0.637865
0.776674 0.417985
0.438862 0.979816
0.546337 0.599324
0.194462 0.692107
0.903976 0.999742
0.275278 0.0754084
0.151371 0.602371
0.107801 0.798142
0.0719549 0.665554
0.343451 0.581939
0.127242 0.739455
0.135246 0.168369
0.86634 0.420887
0.355236 0.461221
0.218077 0.120578
0.0991121 0.994773
0.53859 0.537944
0.945628 0.0630432
0.137327 0.169051
0.777801 0.0462298
0.168798 0.0523213
0.116706 0.320149
0.654856 0.224316
0.118304 0.726647
0.890039 0.461788
0.308583 0.0173238
0.201229 0.443832
0.185669 0.0676049
0.864737 0.540885
0.528277 0.0829519
0.661443 0.627961
0.0775738 0.200036
0.165945 0.0521644
0.284982 0.303249
0.22122 0.0620046
0.344587 0.389985
0.114343 0.461255
0.710155 0.769027
0.685759 0.828458
0.49568 0.575787
0.290211 0.804278
0.593122 0.491386
0.248126 0.778773
0.558681 0.112975
0.319626 0.0879277
0.19565 0.981093
0.716155 0.272794
0.181132 0.881774
0.325418 0.466072
0.185052 0.546592
0.528101 0.529573
0.936606 0.642447
0.990872 0.6468
0.411457 0.676617
0.47523 0.90713
0.252446 0.765436
0.711411 0.845555
0.256855 0.959536
0.62433 0.815873
0.0723894 0.943975
0.903778 0.265751
0.925077 0.619607
0.540903 0.1063
0.501361 0.866642
0.57229 0.686386
0.413161 0.100553
0.21602 0.349851
0.74297 0.206038
1.00115 0.100028
0.883491 0.471893
0.0614072 0.13594
0.237301 0.772815
0.981548 0.494226
0.73235 0.605826
0.310031 0.80474
0.549909 0.213861
0.0728008 0.474872
0.833362 0.614044
0.581203 0.33471
0.480605 0.153608
0.0211283 0.893938
0.253776 0.237131
0.243802 0.996592
0.444091 0.240604
0.150874 0.327493
0.712531 0.211508
0.46344 0.949587
0.985179 0.444904
0.443745 0.71743
0.0507659 0.753766
0.522181 0.600539
0.967555 0.595026
0.0754469 0.800907
0.209014 0.65652
0.135643 0.689695
0.810128 0.152312
0.582717 0.0636447
0.393896 0.827443
0.0602723 0.837892
0.0678768 0.211135
0.165398 0.780165
0.423403 0.628821
0.729712 0.408404
0.0737714 0.173499
0.125935 0.124534
0.927267 0.648135
0.725099 0.894819
0.243082 0.800542
0.695746 0.452069
0.457069 0.831363
0.141796 0.266969
0.988133 0.725447
0.330673 0.382006
0.552899 0.390882
0.219928 0.620746
0.602079 0.385286
0.400806 0.0255543
0.0141562 0.130672
0.433834 0.0880746
0.304177 0.559878
0.212456 0.231443
0.207998 0.937551
0.126281 0.451069
0.738096 0.821995
0.913459 0.184498
0.651583 0.0444263
0.46214 0.641472
0.770382 0.792792
0.0235231 0.323265
0.183717 0.243442
0.944014 0.785774
0.628917 0.34478
0.811228 0.642915
0.475719 0.245345
0.730832 0.779782
0.805067 0.943291
0.011244 0.0130602
0.884056 0.132269
0.464142 0.618917
0.959522 0.36753
0.814107 0.612848
0.41229 0.276243
0.25434 0.182656
0.0690399 0.277863
0.506058 0.252891
0.521326 0.449894
0.0385264 0.150069
0.794866 0.849757
0.793289 0.269724
0.0949587 0.523818
0.0502604 0.900007
0.466741 0.0615391
0.913006 0.347902
0.198997 0.377209
0.97619 0.116869
0.744522 0.781006
0.771013 0.151433
0.0572692 0.0256551
0.339431 0.126351
0.303522 0.845363
0.379047 0.824827
0.295324 0.417552
0.950598 0.0582997
0.26733 0.767882
0.360666 0.362249
0.291732 0.410885
0.262282 0.758819
0.472342 0.175558
0.106785 0.671363
0.551827 0.0737839
0.829646 0.296201
0.854686 0.601156
0.453893 0.911937
0.626804 0.793338
0.0382334 0.930322
0.638735 0.417244
0.755153 0.934007
0.834844 0.730055
0.0241792 0.102173
0.497965 0.384784
0.464442 0.789637
0.795715 0.726725
0.548699 0.268139
0.902072 0.655257
0.939446 0.454813
0.728918 0.769313
0.751747 0.583607
0.370441 0.205727
0.495549 0.997264
0.999012 0.533859
0.927593 0.63771
0.951056 0.682764
0.571694 0.785897
0.412797 0.595859
0.888083 0.910736
0.980713 0.352707
0.700374 0.776405
0.0792525 0.248845
0.0445161 0.981327
0.904089 0.983996
0.435979 0.632999
0.753408 0.18648
0.216629 0.123771
0.393375 0.712163
0.121051 0.392346
0.245952 0.0486362
0.0300446 0.197006
0.731375 0.601737
0.986289 0.095793
0.19761 0.870996
0.0549149 0.178295
0.223529 0.755289
0.954593 0.302809
0.00413712 0.999215
0.284108 0.908227
0.983215 0.720103
0.541238 0.736504
0.907815 0.757863
0.859998 0.299513
0.470032 0.981328
0.693536 0.715975
0.0299682 0.723577
0.912983 0.761344
0.325323 0.895897
0.905535 0.522945
0.766895 0.960434
0.701225 0.990422
