0.610282 0.688028
0.0756631 0.535082
0.165235 0.181132
0.438786 0.351108
0.560838 0.586212
0.877586 0.780203
0.0896543 0.697045
0.670386 0.923613
0.662361 0.584002
0.851278 0.429363
0.396314 0.687584
0.18781 0.652274
0.211377 0.20527
0.0889032 0.945109
0.56216 0.23161
0.38528 0.172442
0.919638 0.460943
0.707524 0.0848733
0.642075 0.14631
0.435981 0.202914
0.732522 0.313567
0.983117 0.822176
0.0106115 0.653502
0.745789 0.672972
0.237504 0.597067
0.102335 0.633818
0.284651 0.290146
0.286092 0.496028
0.495415 0.374995
0.441137 0.0575754
0.606605 0.826417
0.230018 0.526243
0.287361 0.937541
0.611117 0.929436
0.0838511 0.0470979
0.132349 0.816373
0.360664 0.115466
0.638549 0.371276
0.768968 0.384338
0.0442483 0.00647228
0.981405 0.146584
0.64029 0.266056
0.436729 0.926382
0.762084 0.932145
0.301377 0.203221
0.98972 0.907982
0.0296382 0.219738
0.434226 0.316999
0.157279 0.0453427
0.246435 0.24113
0.0924405 0.378784
0.0575033 0.453105
0.49425 0.696052
0.824381 0.263218
0.0803903 0.868629
0.269691 0.0617954
0.015213 0.909981
0.327851 0.451942
0.836135 0.0897828
0.384087 0.13774
0.293156 0.373807
0.0457229 0.322794
0.593545 0.479949
0.639793 0.750824
0.525291 0.886228
0.991954 0.617732
0.265012 0.0494576
0.0708369 0.759262
0.74551 0.895218
0.0224803 0.8259
0.763847 0.292171
0.887696 0.77906
0.202152 0.215547
0.231002 0.0385151
0.305482 0.615089
0.176256 0.598638
0.988896 0.221978
0.921433 0.582441
0.701927 0.561226
0.333265 0.227218
0.447453 0.325219
0.84495 0.712465
0.374677 0.915787
0.471727 0.120187
0.811005 0.494207
0.946087 0.574852
0.786378 0.833783
0.353912 0.98853
0.0493303 0.584914
0.0270453 0.354813
0.200004 0.203301
0.953451 0.1889
0.425279 0.874884
0.771341 0.127207
0.43611 0.104606
0.354425 0.883563
0.429825 0.199375
0.596028 0.804501
0.115163 0.0677554
0.924688 0.926168
0.561963 0.870775
0.50102 0.348341
0.704558 0.854932
0.336871 0.753889
0.439846 0.363917
0.108701 0.63985
0.567218 0.0621524
0.82875 0.992497
0.937036 0.600091
0.119704 0.373146
0.704696 0.474129
0.256709 0.134521
0.673504 0.852737
0.939022 0.788667
0.920492 0.863711
0.714834 0.482455
0.734486 0.215854
0.830796 0.439044
0.0707862 0.167668
0.192933 0.510633
0.531584 0.301634
0.150483 0.0988021
0.363786 0.979233
0.0912991 0.300823
0.579324 0.211003
0.673968 0.28402
0.685131 0.930677
0.418542 0.358635
0.783414 0.357564
0.147302 0.703907
0.221275 0.862136
0.186362 0.95576
0.0779901 0.0171582
0.394804 0.148776
0.184826 0.587737
0.659409 0.71641
0.889371 0.809892
0.815213 0.253157
0.789125 0.906512
0.55398 0.368449
0.117514 0.227948
0.652469 0.802645
0.158625 0.0710107
0.161281 0.942039
0.428575 0.308582
0.645946 0.649849
0.170718 0.832308
0.60561 0.248708
0.670575 0.258801
0.397485 0.034292
0.588151 0.0568936
0.750702 0.477522
0.866785 0.565915
0.730679 0.65591
0.472427 0.284659
0.0243591 0.589941
0.512606 0.676828
0.392587 0.671232
0.747839 0.553867
0.613271 0.176414
0.862449 0.259217
0.719432 0.199216
0.0915244 0.431872
0.281876 0.94099
0.432286 0.67936
0.975282 0.0204376
0.736254 0.725985
0.49796 0.603039
0.2919 0.228639
0.25895 0.764327
0.513297 0.283309
0.354268 0.0259035
0.960137 0.746854
0.697135 0.707976
0.300721 0.310406
0.884389 0.163171
0.569623 0.710652
0.196338 0.661147
0.142524 0.478214
0.602137 0.574811
0.157574 0.57742
0.595249 0.893827
0.303405 0.0932081
0.496867 0.595305
0.321847 0.755816
0.359631 0.835144
0.0391247 0.713899
0.861047 0.999261
0.460754 0.558182
0.707237 0.761475
0.868588 0.591626
0.924646 0.438211
0.302278 0.120984
0.0993575 0.444803
0.599197 0.701495
0.0196137 0.756771
0.278915 0.614862
0.650598 0.582319
0.70807 0.147465
0.177624 0.0299168
0.903281 0.537255
0.86506 0.942405
0.251154 0.726108
0.941667 0.711908
0.28429 0.648904
0.473383 0.152878
0.24053 0.398029
0.591088 0.542809
0.519012 0.690446
0.987612 0.11821
0.391941 0.00722529
0.87498 0.670855
0.622087 0.525578
0.253175 0.330158
0.673043 0.430799
0.360075 0.576324
0.968054 0.225135
0.51873 0.219208
0.951243 0.460396
0.931116 0.235532
0.109301 0.404499
0.38841 0.349831
0.802528 0.979498
0.89264 0.321541
0.669944 0.880252
0.43975 0.0618848
0.887477 0.31473
0.73274 0.509564
0.840309 0.985915
0.839722 0.513352
0.416713 0.199797
0.0896762 0.384767
0.424932 0.608406
0.603976 0.376174
0.0688021 0.535092
0.611706 0.178103
0.939591 0.000116378
0.527934 0.74212
0.979615 0.420574
0.0636602 0.649559
0.300825 0.50341
0.711443 0.188302
0.818141 0.444184
0.697866 0.65845
0.430098 0.537588
0.171802 0.846812
0.737385 0.261478
0.231579 0.162317
0.869884 0.835555
0.538491 0.938686
0.370647 0.150197
0.116788 0.310238
0.150313 0.644722
0.0523579 0.129928
0.065296 0.116018
0.779487 0.366121
0.619428 0.49093
0.554423 0.437569
0.935114 0.25229
0.0960187 0.365212
0.789878 0.26782
0.212024 0.527263
0.529298 0.443603
0.68958 0.399182
0.279158 0.22807
0.337868 0.649805
0.378267 0.454656
0.960043 0.528581
0.0993784 0.0124012
0.658509 0.164674
0.128419 0.437995
0.530796 0.747848
0.928926 0.085219
0.185417 0.864039
0.337509 0.281436
0.229252 0.127387
0.549256 0.441276
0.65465 0.0785545
0.884879 0.34423
0.477736 0.164037
0.5723 0.815604
0.813842 0.950568
0.27026 0.773886
0.479149 0.369639
0.786287 0.137657
0.534313 0.914706
0.575653 0.0651088
0.662554 0.504578
0.150328 0.847971
0.368618 0.487837
0.129406 0.59787
0.615224 0.678662
0.0391452 0.269874
0.757217 0.924024
0.614104 0.234953
0.0880614 0.186404
0.0505575 0.901904
0.136972 0.320818
0.675789 0.616121
0.690456 0.462076
0.753778 0.22477
0.376782 0.329431
0.289878 0.0393361
0.834009 0.440206
0.887307 0.202627
0.928043 0.0167132
0.800497 0.543266
0.695376 0.839642
0.81314 0.452592
0.763666 0.427244
0.687546 0.851728
0.613649 0.738103
0.753631 0.750621
0.0589211 0.429421
0.366742 0.749378
0.891494 0.12052
0.974147 0.268279
0.449951 0.264026
0.307615 0.283961
0.704232 0.194922
0.486588 0.632275
0.211635 0.287085
0.175541 0.907011
0.126727 0.988681
0.359603 0.890393
0.415926 0.047149
0.742121 0.0295747
0.785252 0.495753
0.780196 0.844173
0.925173 0.146938
0.593551 0.81667
0.267458 0.567698
0.084949 0.71741
0.831724 0.392564
0.00137026 0.535956
0.587486 0.487958
0.16823 0.799121
0.775043 0.343771
0.706132 0.90177
0.332453 0.0657346
0.792164 0.748378
0.112884 0.534285
0.777953 0.898136
0.0300373 0.558149
0.742309 0.955211
0.705087 0.33586
0.771881 0.972545
0.903559 0.85683
0.689955 0.735282
0.249394 0.691325
0.271238 0.836879
0.179284 0.439468
0.636 0.954327
0.783239 0.342132
0.856073 0.11565
0.407866 0.64826
0.86407 0.52075
0.182545 0.642023
0.418886 0.212582
0.200172 0.161195
0.167793 0.90526
0.497056 0.939674
0.877805 0.400614
0.796503 0.56776
0.135897 0.0458968
0.259085 0.407135
0.882776 0.438369
0.846603 0.518777
0.392696 0.629842
0.860908 0.248793
0.745534 0.268775
0.897053 0.609604
0.789525 0.0795982
0.251628 0.208411
0.292181 0.4518
0.369606 0.459974
0.35706 0.866661
0.399647 0.234865
0.267276 0.196151
0.802625 0.403172
0.242047 0.0617104
0.810307 0.124824
0.500079 0.65691
0.6436 0.892775
0.286752 0.504508
0.141567 0.0322862
0.773283 0.0386204
0.641891 0.562808
0.118219 0.893518
0.771219 0.410399
0.345319 0.140824
0.870373 0.702379
0.00748585 0.27002
0.937244 0.274761
0.466171 0.739869
0.677934 0.708218
0.801579 0.488241
0.833042 0.301658
0.145151 0.476642
0.194433 0.431903
0.981151 0.336001
0.464189 0.754434
0.374621 0.106079
0.317242 0.49284
0.999598 0.0884604
0.903239 0.344917
0.229285 0.773612
0.0472952 0.236771
0.043632 0.984539
0.511532 0.509803
0.724407 0.189466
0.218021 0.525987
0.677707 0.0510635
0.827645 0.822857
0.527706 0.0220779
0.25476 0.508857
0.358078 0.718949
0.263291 0.732699
0.825028 0.580532
0.225539 0.824626
0.668993 0.128778
0.169543 0.898278
0.90239 0.216838
0.135048 0.946022
0.201377 0.64658
0.455825 0.925784
0.836046 0.673846
0.451771 0.513753
0.724909 0.279416
0.33661 0.252615
0.301493 0.59137
0.761472 0.659572
0.310319 0.0247624
0.392271 0.135347
0.605295 0.61781
0.959973 0.274288
0.746588 0.129516
0.172565 0.648978
0.346354 0.307613
0.594999 0.547731
0.954194 0.0508238
0.473515 0.79024
0.72467 0.925286
0.303993 0.449579
0.204702 0.640603
0.702194 0.506195
0.231973 0.463666
0.165767 0.542292
0.488429 0.558038
0.677639 0.0937233
0.175848 0.637612
0.368011 0.922436
0.767128 0.540576
0.571414 0.113482
0.848189 0.166413
0.661213 0.802383
0.217237 0.134728
0.592623 0.941906
0.0600139 0.896616
0.391486 0.264715
0.537219 0.09368
0.770911 0.769192
0.557346 0.936677
0.311484 0.0457747
0.494715 0.989123
0.139498 0.670564
0.626735 0.507509
0.593 0.393863
0.048085 0.164414
0.507345 0.896274
0.330827 0.168558
0.698658 0.548063
0.303286 0.291281
0.48997 0.3633
0.187897 0.881456
0.628016 0.725116
0.975136 0.398926
0.494309 0.532482
0.335604 0.805793
0.578257 0.830319
0.794916 0.717755
0.500883 0.421651
0.225263 0.0938827
0.815515 0.273348
0.258296 0.32286
0.169623 0.589123
0.491419 0.868281
0.137187 0.794705
0.159562 0.627157
0.158005 0.347459
0.508612 0.786021
0.0725752 0.483748
0.184947 0.566884
0.0162299 0.520551
0.372677 0.594486
0.35087 0.167593
0.312241 0.851753
0.589244 0.537504
0.945636 0.404759
0.810853 0.203932
0.727619 0.980476
0.793055 0.219038
0.848756 0.930242
0.0137428 0.00831776
0.557399 0.171748
0.355776 0.0660112
0.957769 0.428352
0.549759 0.142717
0.995236 0.565989
0.663268 0.367912
0.160475 0.0141382
0.535505 0.472716
0.865875 0.124732
0.0102209 0.811527
0.529509 0.821074
0.0154593 0.257128
0.801549 0.808515
0.476166 0.650306
0.738757 0.489909
0.658623 0.296156
0.661657 0.0143998
0.362167 0.619426
0.442751 0.911926
0.762143 0.437987
0.477915 0.425411
0.8059 0.638391
0.439549 0.341405
0.111107 0.30544
0.466155 0.121328
0.116967 0.995663
0.942402 0.132426
0.252791 0.743951
0.940941 0.728957
0.394257 0.679698
0.218865 0.0528803
0.975854 0.880522
0.0672801 0.338021
0.499948 0.510032
0.249948 0.262091
0.948019 0.727863
0.687502 0.753918
0.366254 0.12705
0.0953231 0.477361
0.43249 0.561478
0.59869 0.549458
0.557141 0.541092
0.681884 0.809932
0.285043 0.622825
0.538889 0.6793
0.302523 0.757754
0.73218 0.278378
0.638276 0.79946
0.616399 0.138224
0.309492 0.866346
0.400315 0.257511
0.594209 0.0878167
0.0114289 0.960463
0.214867 0.106752
0.437825 0.647358
0.66823 0.0365145
0.196815 0.22537
0.577606 0.878699
0.0353024 0.862649
0.501524 0.574191
0.541949 0.804048
0.331945 0.274129
0.0824254 0.970221
0.0735897 0.698824
0.108446 0.383082
0.565171 0.508761
0.640592 0.15938
0.596578 0.652021
0.119844 0.811445
0.758773 0.557668
0.458802 0.427003
0.594183 0.655618
0.652373 0.171789
0.534317 0.687676
0.0344381 0.0358414
0.261867 0.576387
0.839889 0.593812
0.850517 0.922315
0.564034 0.924106
0.621139 0.672479
0.307188 0.18631
0.18124 0.94778
0.34569 0.777818
0.599802 0.465533
0.589263 0.358575
0.0232016 0.0480649
0.785578 0.617384
0.703683 0.437951
0.789173 0.238
0.125627 0.823611
0.273841 0.387494
0.399999 0.11373
0.981306 0.250515
0.0360449 0.54534
0.174621 0.657184
0.217819 0.481809
0.843494 0.399059
0.42959 0.189183
0.176877 0.0293914
0.654716 0.766139
0.387966 0.677918
0.814204 0.173544
0.295302 0.517887
0.611495 0.0844757
0.755886 0.737122
0.908087 0.0297273
0.124615 0.308086
0.143457 0.105921
0.558601 0.179502
0.651261 0.733222
0.836686 0.86908
0.215032 0.68018
0.268139 0.644621
0.869363 0.445016
0.674013 0.52408
0.211155 0.061979
0.201998 0.0253591
0.235523 0.4973
0.543246 0.847018
0.581776 0.299132
0.58414 0.489863
0.32886 0.708755
0.797949 0.472317
0.814676 0.356549
0.651819 0.465937
0.0897716 0.488506
0.335017 0.304803
0.168686 0.603156
0.949425 0.0380488
0.0481715 0.623437
0.562128 0.259326
0.685416 0.764126
0.284685 0.920939
0.261426 0.827931
0.767957 0.843202
0.127064 0.352097
0.333065 0.455923
0.0608515 0.131013
0.92824 0.875528
0.487562 0.58006
0.341465 0.577334
0.0685655 0.676482
0.882137 0.237251
0.279638 0.831562
0.2753 0.32781
0.454999 0.837428
0.587136 0.140415
0.601554 0.871822
0.0613546 0.86298
0.699753 0.829312
0.706182 0.826817
0.181408 0.0392468
0.28274 0.24226
0.17026 0.21098
0.117788 0.657822
0.79104 0.459253
0.235156 0.859605
0.135735 0.117294
0.0968565 0.415373
0.948855 0.372157
0.743183 0.403855
0.209585 0.330319
0.54427 0.811139
0.202141 0.605625
0.67412 0.901894
0.434936 0.380302
0.72871 0.616344
0.419549 0.0114503
0.858604 0.589809
0.22243 0.976392
0.247631 0.0134701
0.435644 0.482788
0.873075 0.57138
0.600081 0.969932
0.986753 0.548937
0.342089 0.729936
0.952791 0.551674
0.0602554 0.497061
0.362813 0.262396
0.102686 0.0369329
0.16429 0.537622
0.417235 0.893001
0.153966 0.836784
0.904451 0.0125703
0.426593 0.126881
0.988962 0.674224
0.140351 0.424606
0.157011 0.0134268
0.995986 0.757092
0.983359 0.982739
0.306029 0.325447
0.712675 0.25882
0.877121 0.772931
0.755881 0.239934
0.0353268 0.858567
0.276867 0.199617
0.396189 0.694102
0.0926176 0.550155
0.530886 0.997068
0.562725 0.957478
0.12395 0.551687
0.631702 0.264301
0.976294 0.788713
0.277728 0.97228
0.545806 0.261087
0.955019 0.851835
0.586534 0.667694
0.110655 0.463655
0.440624 0.866536
0.703589 0.475951
0.725103 0.980456
0.675568 0.121292
0.674558 0.768186
0.671446 0.205443
0.765254 0.234172
0.162921 0.889204
0.785859 0.794623
0.153505 0.762152
0.583337 0.431233
0.734432 0.129142
0.69232 0.689451
0.980977 0.278854
0.357144 0.0916321
0.742509 0.797768
0.958168 0.446098
0.273719 0.683271
0.426554 0.949287
0.804563 0.101111
0.717473 0.476009
0.306554 0.482727
0.710181 0.469476
0.371931 0.49604
0.264099 0.525436
0.258192 0.847436
0.956668 0.992624
0.976578 0.648988
0.682074 0.957555
0.927842 0.0392186
0.0491872 0.670351
0.692712 0.232895
0.116448 0.110706
0.690627 0.543002
0.0599939 0.495189
0.644113 0.777467
0.971199 0.950667
0.260194 0.681379
0.420143 0.632125
0.177419 0.684242
0.15756 0.435611
0.531677 0.114229
0.428235 0.508255
0.763217 0.110309
0.46581 0.691058
0.149528 0.514997
0.361409 0.986515
0.522353 0.477857
0.0972212 0.212979
0.0208591 0.157215
0.708169 0.664972
0.934682 0.679367
0.615639 0.194876
0.360747 0.0357816
0.827001 0.538166
0.720023 0.984561
0.973777 0.2517
0.0987894 0.402012
0.759955 0.862006
0.512321 0.225765
0.553065 0.661849
0.740762 0.914474
0.648363 0.263115
0.392331 0.745585
0.476094 0.41319
0.9028 0.184263
0.0781618 0.837482
0.86363 0.693801
0.0323579 0.224377
0.729582 0.859358
0.762543 0.449605
0.843919 0.73632
0.701305 0.942709
0.138332 0.461261
0.804715 0.650653
0.687026 0.357779
0.312502 0.427788
0.272253 0.960865
0.690903 0.664583
0.70645 0.166997
0.0777734 0.60925
0.35126 0.155935
0.446732 0.21489
0.849736 0.479089
0.439268 0.579318
0.338448 0.201811
0.0289234 0.182367
0.938131 0.730229
0.125076 0.076463
0.191489 0.92979
0.727116 0.878515
0.287569 0.0396177
0.306303 0.559822
0.000482862 0.997206
0.224406 0.706933
0.164202 0.302179
0.316182 0.515462
0.458114 0.762914
0.730353 0.30785
0.242003 0.16962
0.887168 0.580451
0.371431 0.916091
0.762818 0.309562
0.64632 0.887894
0.386025 0.83781
0.817684 0.113141
0.716325 0.105253
0.152759 0.0226274
0.665075 0.153241
0.0198329 0.889481
0.860174 0.184035
0.19166 0.176356
0.699498 0.649774
0.93927 0.42985
0.957623 0.181273
0.599471 0.844791
0.761724 0.970902
0.760883 0.524542
0.280463 0.407203
0.412436 0.666488
0.245013 0.23012
0.779629 0.961337
0.335373 0.932388
0.983965 0.000448022
0.0856292 0.00379769
0.889929 0.945803
0.187833 0.0815883
0.12216 0.887331
0.731362 0.0614298
0.317181 0.688985
0.242703 0.916652
0.533777 0.00442758
0.887553 0.29466
0.52897 0.168017
0.701863 0.941406
0.834505 0.946876
0.171526 0.614135
0.908213 0.506898
0.546522 0.892178
0.507346 0.632151
0.895975 0.397275
0.577955 0.0838084
0.478864 0.700114
0.971139 0.210225
0.761544 0.288321
0.899211 0.00424744
0.204972 0.432988
0.00867502 0.0925259
0.727647 0.537645
0.260543 0.42951
0.479051 0.0950482
0.376386 0.650576
0.709183 0.284599
0.157475 0.255705
0.176776 0.664821
0.887856 0.0727517
0.0620964 0.465811
0.15656 0.54096
0.165926 0.127699
0.751185 0.92747
0.41602 0.650396
0.931717 0.620992
0.0833841 0.940392
0.713518 0.811032
0.478037 0.974061
0.240542 0.957088
0.0691093 0.616928
0.607664 0.778292
0.901526 0.765139
0.033997 0.0783027
0.42996 0.921853
0.151054 0.492057
0.387665 0.307614
0.0330167 0.55359
0.435314 0.784202
0.48106 0.851334
0.434598 0.412777
0.472326 0.517982
0.353169 0.185844
0.329014 0.831206
0.159905 0.569556
0.788294 0.229015
0.186484 0.395959
0.00730678 0.0880099
0.161098 0.0413038
0.166313 0.591058
0.963157 0.317367
0.083115 0.350822
0.624981 0.116132
0.904412 0.0602951
0.900334 0.385472
0.911629 0.334932
0.798249 0.383955
0.852914 0.151416
0.569799 0.181929
0.982624 0.729704
0.751484 0.770918
0.958719 0.937968
0.166877 0.966026
0.0259779 0.327975
0.00732979 0.19229
0.919033 0.970487
0.509657 0.002148
0.321309 0.134639
0.11828 0.22572
0.194934 0.0186134
0.611192 0.106562
0.353545 0.409441
0.490517 0.20646
0.560858 0.0603163
0.388389 0.543482
0.790021 0.139873
0.314401 0.74874
0.077841 0.481278
0.714766 0.103819
0.809253 0.722096
0.296109 0.728286
0.692583 0.805767
0.730434 0.0138915
0.940405 0.848713
0.239612 0.135339
0.867327 0.850804
0.241901 0.220872
0.260245 0.732418
0.427332 0.821103
0.792735 0.815721
0.364586 0.582756
0.955594 0.678986
0.331496 0.0334347
0.160264 0.0462617
0.137254 0.969517
0.768358 0.433363
0.697802 0.46094
0.239129 0.428236
0.474832 0.179534
0.276949 0.714444
0.314873 0.144276
0.565248 0.556774
0.365148 0.825493
0.289193 0.79248
0.646596 0.0819275
0.608217 0.0116729
0.664683 0.563794
0.690167 0.996179
0.597229 0.850432
0.0424404 0.734483
0.819948 0.810798
0.167845 0.51775
0.271738 0.406975
0.945986 0.74657
0.586509 0.222935
0.461014 0.901382
0.367211 0.0262619
0.458157 0.732359
0.851755 0.747349
0.524839 0.49835
0.829277 0.133039
0.509531 0.49396
0.696834 0.199699
0.490139 0.294063
0.0501305 0.532579
0.0285453 0.870079
0.343377 0.196391
0.387829 0.615115
0.603365 0.333815
0.361686 0.189874
0.55675 0.822699
0.0912566 0.923961
0.848961 0.549413
0.65632 0.700716
0.296762 0.181159
0.199066 0.126039
0.314199 0.708597
0.619999 0.0110324
0.908296 0.110138
0.305095 0.958427
0.642717 0.33364
0.828506 0.986094
0.530031 0.216335
0.60121 0.133396
0.55015 0.962895
0.323271 0.1069
0.785595 0.414527
0.0308616 0.634556
0.96394 0.687182
0.335272 0.260703
0.868341 0.534338
0.386742 0.18254
0.242935 0.00674151
0.193572 0.151232
0.116879 0.498667
0.109659 0.759597
0.832308 0.938164
0.745691 0.362338
0.154499 0.3469
0.495735 0.704648
0.309795 0.819005
0.811549 0.0953901
0.233533 0.84241
0.729946 0.197473
0.529592 0.0652177
0.458176 0.397933
0.599556 0.844919
0.580473 0.842491
0.85166 0.774045
0.993723 0.968539
0.272712 0.103381
0.728136 0.10502
0.0415454 0.473827
0.467358 0.196044
0.820727 0.963093
0.900693 0.130523
0.782099 0.712241
0.225913 0.0156314
0.554651 0.955859
0.213105 0.0842436
0.0210765 0.671281
0.482177 0.620632
0.516199 0.0626499
0.463123 0.367859
0.836695 0.456846
0.336399 0.109407
0.560227 0.064535
0.214427 0.601772
0.538362 0.681785
0.797816 0.359089
0.644878 0.698509
0.489612 0.426977
0.41075 0.715525
0.442608 0.965401
0.671383 0.655713
0.0496451 0.69246
0.326994 0.531822
0.313092 0.843193
0.594472 0.776215
0.211053 0.431167
0.23306 0.547452
0.540574 0.793287
0.611987 0.755001
0.39506 0.150348
0.436787 0.192876
0.509437 0.0816651
0.891385 0.999049
0.508642 0.302135
0.714574 0.95125
0.267537 0.385957
0.606963 0.317182
0.0784169 0.933957
0.849004 0.391509
0.77715 0.443475
0.167724 0.988203
0.874642 0.400784
0.535655 0.415217
0.194072 0.147641
0.170218 0.589131
0.29799 0.607005
0.782007 0.807427
0.68867 0.673392
0.806476 0.197312
0.975527 0.52105
0.148562 0.243064
0.907007 0.755525
0.560245 0.985424
0.689482 0.409249
0.376933 0.466633
0.852724 0.544657
0.454836 0.727367
0.945441 0.990491
0.142583 0.139513
0.138132 0.312801
0.728644 0.436122
0.919806 0.510651
0.243549 0.608475
0.184043 0.0500254
0.805787 0.15957
0.571075 0.954349
0.402634 0.478083
0.709874 0.962879
0.463507 0.399357
0.372128 0.84044
0.86599 0.224852
0.385097 0.320826
0.952219 0.330538
0.311316 0.0948019
0.47005 0.449448
0.407603 0.198694
0.88557 0.327409
0.709345 0.129119
0.935884 0.893387
0.179145 0.741671
0.0529575 0.75022
0.69602 0.455591
0.228303 0.405894
0.41847 0.69181
0.805251 0.790598
0.53225 0.671241
0.0154498 0.917346
0.992066 0.967668
0.247884 0.303382
0.0624703 0.717934
0.752831 0.470073
0.916628 0.638401
0.797482 0.625972
0.767521 0.733366
0.51936 0.946665
0.475038 0.572317
0.696886 0.171058
0.0279083 0.925189
0.576952 0.446378
0.616999 0.382203
0.236976 0.149248
0.0534438 0.252426
0.0665944 0.0455098
0.220094 0.314478
0.348892 0.282565
0.0324119 0.101723
0.752638 0.949039
0.740124 0.55012
0.575012 0.507645
0.283487 0.0943713
0.454311 0.758524
0.666688 0.151196
0.929582 0.694597
0.0763852 0.506534
0.140975 0.693384
0.888738 0.377951
0.842632 0.942181
0.630377 0.909226
0.987691 0.850472
0.223704 0.336583
0.133036 0.256116
0.438307 0.885674
0.205156 0.178431
0.435795 0.780167
0.686076 0.719281
0.874524 0.140374
0.477806 0.541227
0.291583 0.407388
0.235824 0.367969
0.913922 0.376799
0.0613525 0.80266
0.75475 0.903984
0.744841 0.385127
0.813211 0.732532
0.235599 0.0369152
0.0691158 0.368635
0.293031 0.507422
0.254309 0.498187
0.685854 0.690104
0.278355 0.37193
0.409385 0.152893
0.512317 0.887191
0.69412 0.8039
0.294579 0.929944
0.171869 0.208501
0.306743 0.233221
0.0111611 0.061493
0.137206 0.756002
0.44662 0.950417
0.488535 0.682219
0.987332 0.55765
0.0508543 0.280363
0.0650728 0.305164
0.77855 0.750926
0.995268 0.0569049
0.122856 0.404653
0.209798 0.635173
0.291844 0.903918
0.439073 0.586423
0.833862 0.610942
0.794925 0.140605
0.844164 0.806086
0.202098 0.981369
0.562088 0.648719
0.931786 0.0506225
0.330938 0.919118
0.608273 0.381792
0.199481 0.673346
0.686956 0.978031
0.424272 0.682223
0.034936 0.547128
0.0868766 0.244734
0.182301 0.378721
0.148652 0.621374
0.965144 0.982515
0.232316 0.760069
0.12312 0.0764799
0.566154 0.325218
0.0578492 0.128242
0.973937 0.989635
0.178865 0.304875
0.908753 0.787138
0.686667 0.108233
0.460483 0.373623
0.0862644 0.884755
0.055846 0.1212
0.431883 0.142723
0.365934 0.614184
0.521444 0.514587
0.235558 0.486588
0.497102 0.467875
0.246657 0.620222
0.544355 0.812811
0.94544 0.602204
0.941054 0.919377
0.591839 0.119918
0.224252 0.500592
0.907056 0.910919
0.608825 0.367539
0.284541 0.695089
0.252295 0.340388
0.81629 0.684178
0.48311 0.182224
0.298362 0.0045538
0.696811 0.533921
0.491142 0.193913
0.00179529 0.737798
0.814135 0.54615
0.550609 0.759575
0.148354 0.491663
0.678953 0.740193
0.611581 0.903205
0.240784 0.518637
0.814124 0.849609
0.886179 0.0986651
0.544699 0.138472
0.439053 0.360988
0.82265 0.922163
0.543213 0.121012
0.926717 0.240024
0.654932 0.417858
0.433937 0.656727
0.155657 0.248072
0.202877 0.706266
0.00764702 0.351231
0.197929 0.6866
0.0914238 0.80951
0.589804 0.332208
0.328148 0.403928
0.181817 0.214324
0.502593 0.726516
0.352796 0.941646
0.087504 0.175446
0.863809 0.630717
0.296457 0.790525
0.87074 0.951389
0.208383 0.304677
0.608117 0.36404
0.552749 0.810994
0.0703058 0.560396
0.162225 0.268235
0.246996 0.253649
0.0777446 0.8368
0.585857 0.405892
0.240728 0.767674
0.620217 0.743321
0.49419 0.973013
0.684967 0.581694
0.148458 0.548775
0.21241 0.444915
0.3393 0.0831507
0.396305 0.547684
0.387828 0.00442136
0.911724 0.940577
0.815416 0.982029
0.500973 0.977641
0.250264 0.747968
0.23129 0.328009
0.584768 0.817147
0.733901 0.825496
0.584821 0.354117
0.568817 0.0790113
0.32713 0.253784
0.660705 0.475588
0.802559 0.873116
0.920503 0.141859
0.956266 0.316808
0.689543 0.344094
0.321229 0.601267
0.284671 0.136645
0.583296 0.785643
0.114285 0.83356
0.533611 0.345575
0.161569 0.118379
0.162723 0.895469
0.943875 0.747544
0.249587 0.512692
0.826555 0.576716
0.766476 0.48726
0.0523043 0.569035
0.360376 0.972807
0.710894 0.316642
0.289615 0.400437
0.660736 0.610844
0.0017034 0.945407
0.747488 0.585
0.731051 0.861774
0.41856 0.264662
0.207349 0.580128
0.383042 0.370072
0.475598 0.326917
0.117616 0.725185
0.839609 0.944171
0.301901 0.606085
0.431431 0.354205
0.175119 0.791807
0.327013 0.886013
0.108449 0.616628
0.28645 0.769186
0.227472 0.288153
0.714593 0.97496
0.873153 0.445644
0.836734 0.291712
0.710306 0.0440834
0.871849 0.0933424
0.414155 0.347439
0.420264 0.531771
0.0726232 0.259873
0.475942 0.374524
0.865958 0.907373
0.72873 0.0410777
0.69918 0.0557423
0.927091 0.80763
0.67237 0.213541
0.576815 0.899842
0.501694 0.291409
0.874802 0.374846
0.737052 0.711536
0.666559 0.447358
0.755619 0.5384
0.540706 0.169774
0.885838 0.96097
0.701545 0.958461
0.220844 0.177487
0.332986 0.0868019
0.0848602 0.0617152
0.12788 0.78404
0.117458 0.0549703
0.59167 0.789828
0.268511 0.168486
0.689669 0.770205
0.459894 0.564471
0.145051 0.196947
0.276007 0.81161
0.644305 0.0316265
0.35001 0.18501
0.201401 0.235848
0.145981 0.902946
0.194309 0.366824
0.0804335 0.527295
0.453626 0.165294
0.58901 0.581506
0.949334 0.706468
0.636476 0.541004
0.496295 0.904987
0.70949 0.185965
0.675191 0.169384
0.750436 0.820243
0.366331 0.0264431
0.631853 0.0106355
0.0580696 0.981862
0.195646 0.259471
0.21771 0.341627
0.162417 0.41202
0.708451 0.24285
0.939315 0.162077
0.408144 0.528325
0.743583 0.357479
0.234793 0.380059
0.898483 0.731088
0.285045 0.607973
0.917053 0.960237
0.777357 0.667489
0.78048 0.143688
0.693932 0.412332
0.154324 0.752002
0.394194 0.34997
0.0114722 0.611904
0.691596 0.173889
0.023924 0.400047
0.41674 0.963239
0.562124 0.824884
0.491563 0.305706
0.182362 0.726356
0.685765 0.0808453
0.457444 0.97081
0.688818 0.374497
0.931047 0.466175
0.0419859 0.711527
0.609863 0.735918
0.123859 0.764187
0.48792 0.518053
0.114157 0.499392
0.129958 0.805753
0.673281 0.153882
0.2058 0.0900203
0.11712 0.767923
0.914904 0.608684
0.0736296 0.0972665
0.33504 0.759394
0.178112 0.792484
0.730205 0.86693
0.166981 0.661252
0.333105 0.208967
0.372778 0.942969
0.944885 0.496637
0.707156 0.432804
0.0146899 0.821312
0.932196 0.144647
0.627065 0.605477
0.298529 0.832865
0.695497 0.415649
0.600788 0.610401
0.0243327 0.674417
0.707668 0.359372
0.433812 0.88578
0.151856 0.164016
0.752709 0.318837
0.825268 0.0858148
0.527804 0.198046
0.0287836 0.472689
0.694683 0.735939
0.905493 0.709373
0.557252 0.83769
0.85402 0.184317
0.443166 0.152549
0.0171815 0.138664
0.568198 0.617969
0.749065 0.592531
0.292387 0.456733
0.951903 0.726199
0.342512 0.103759
0.890217 0.0952221
0.422597 0.715483
0.181037 0.950401
0.913529 0.20982
0.42309 0.608212
0.94576 0.328583
0.317585 0.503011
0.166273 0.171605
0.687328 0.609439
0.324154 0.70451
0.748103 0.892353
0.322479 0.497168
0.484884 0.614866
0.9539 0.436787
0.341065 0.296413
0.540546 0.23128
0.391634 0.963143
0.946763 0.572671
0.913544 0.860292
0.782491 0.336633
0.468504 0.728251
0.665216 0.786089
0.231262 0.831489
0.957694 0.918591
0.440928 0.281849
0.623101 0.189031
0.174201 0.94558
0.686198 0.659085
0.560446 0.640099
0.0958715 0.901512
0.936511 0.636418
0.132792 0.328146
0.599561 0.079555
0.900817 0.513104
0.939847 0.683308
0.849738 0.408352
0.411559 0.514954
0.194441 0.642821
0.346443 0.152135
0.561412 0.787371
0.433984 0.184512
0.976402 0.608185
0.130092 0.6626
0.26727 0.690539
0.302699 0.363141
0.59205 0.23921
0.999559 0.724842
0.567356 0.59912
0.804397 0.468173
0.112224 0.744245
0.151481 0.961962
0.152596 0.56304
0.476916 0.347037
0.205861 0.823359
0.499173 0.767273
0.61073 0.933156
0.951785 0.587132
0.541341 0.0818773
0.249733 0.808611
0.772416 0.552432
0.171752 0.364466
0.791642 0.171311
0.0893086 0.358999
0.770431 0.893706
0.827172 0.882654
0.63795 0.978653
0.844616 0.790547
0.541692 0.321532
0.137584 0.747553
0.144891 0.636757
0.514825 0.755621
0.569913 0.46661
0.342753 0.111254
0.548488 0.592486
0.919865 0.320904
0.144918 0.0916173
0.68537 0.93656
0.262928 0.774679
0.295558 0.0333589
0.668385 0.12273
0.916013 0.306335
0.101383 0.760629
0.0968819 0.643075
0.0821613 0.234466
0.390628 0.227052
0.871222 0.905453
0.982673 0.441135
0.372064 0.325426
0.55239 0.920551
0.917912 0.472255
0.241455 0.0628298
0.563872 0.926825
0.99939 0.8268
0.701504 0.294948
0.860159 0.369889
0.417678 0.776173
0.676224 0.519061
0.536802 0.773106
0.162135 0.618963
0.00757205 0.552763
0.846015 0.878795
0.458216 0.828688
0.31993 0.83028
0.154115 0.872319
0.750831 0.0720267
0.344574 0.992287
0.134856 0.908446
0.919112 0.134246
0.735246 0.620616
0.429194 0.595406
0.990506 0.846873
0.371578 0.66673
0.365933 0.90838
0.439836 0.528069
0.527344 0.447408
0.0808319 0.373359
0.326203 0.539048
0.202047 0.646132
0.369329 0.356162
0.518452 0.12016
0.428188 0.863026
0.112447 0.563045
0.771472 0.0315586
0.697291 0.506718
0.652175 0.126485
0.102124 0.642681
0.973358 0.473702
0.30941 0.339291
0.382082 0.749246
0.86736 0.909426
0.196654 0.948192
0.282784 0.522857
0.48724 0.484832
0.168989 0.856569
0.840993 0.687441
0.976729 0.269181
0.550467 0.0891751
0.832226 0.321939
0.120734 0.529517
0.828657 0.772909
0.656002 0.930781
0.415589 0.62936
0.404483 0.725
0.968651 0.786565
0.474246 0.836011
0.695991 0.670901
0.784203 0.978775
0.193758 0.271443
0.463607 0.362747
0.128011 0.3046
0.0501882 0.10474
0.573782 0.600655
0.193915 0.406008
0.922594 0.314648
0.935525 0.751252
0.0875572 0.591527
0.682033 0.503147
0.220888 0.0865159
0.228146 0.189539
0.873081 0.702392
0.0255497 0.569072
0.373293 0.809752
0.547847 0.567051
0.0811948 0.0114542
0.929798 0.209206
0.316054 0.979986
0.313946 0.889836
0.580641 0.50786
0.295844 0.503235
0.822509 0.231369
0.254487 0.910066
0.822896 0.93652
0.413213 0.0437835
0.0230356 0.641359
0.233322 0.896117
0.343751 0.258872
0.465189 0.717044
0.0686241 0.0130361
0.284095 0.149819
0.0244904 0.213893
0.359025 0.340545
0.193879 0.672971
0.230381 0.77452
0.180831 0.526224
0.277755 0.00333976
0.757593 0.532242
0.913406 0.580489
0.468762 0.326618
0.624272 0.491798
0.967977 0.857595
0.387914 0.311728
0.116467 0.853103
0.0287729 0.185091
0.866139 0.312868
0.33491 0.89063
0.526761 0.693935
0.231174 0.720639
0.366905 0.461555
0.495159 0.547736
0.987779 0.772914
0.551076 0.745372
0.305156 0.464482
0.325861 0.773918
0.7911 0.950134
0.265716 0.759077
0.807728 0.65363
0.0708056 0.924195
0.506733 0.0995785
0.109286 0.372872
0.412446 0.444196
0.263502 0.939207
0.13813 0.494676
0.659847 0.505036
0.956231 0.155006
0.0527716 0.944011
0.92792 0.603847
0.689383 0.233076
0.068329 0.0152439
0.00699475 0.859429
0.965378 0.272711
0.618506 0.773106
0.926341 0.689312
0.697301 0.433074
0.78889 0.806587
0.805946 0.201337
0.250783 0.0694485
0.140544 0.388913
0.564125 0.80039
0.893949 0.520356
0.955396 0.94672
0.464367 0.883316
0.550568 0.15375
0.116392 0.618897
0.168993 0.123387
0.478326 0.134371
0.396098 0.0968316
0.907477 0.322438
0.786143 0.604778
0.755512 0.575034
0.411365 0.561459
0.77637 0.662148
0.630907 0.916914
0.0510606 0.195032
0.717304 0.945009
0.715388 0.6727
0.891729 0.179755
0.556016 0.442297
0.333505 0.672408
0.0611932 0.502498
0.795795 0.539519
0.636869 0.191893
0.63635 0.544346
0.514331 0.422494
0.149124 0.269844
0.997527 0.560489
0.831303 0.773897
0.222637 0.46221
0.690811 0.273697
0.657242 0.408115
0.218706 0.372631
0.0808154 0.110435
0.552386 0.636831
0.552732 0.88589
0.30924 0.613925
0.388389 0.105035
0.153444 0.0252577
0.296928 0.789795
0.569604 0.811259
0.212288 0.718728
0.081103 0.209816
0.279217 0.912406
0.983713 0.501853
0.374616 0.674524
0.775551 0.0318578
0.0826398 0.994257
0.404488 0.163455
0.104692 0.956874
0.800286 0.657424
0.84276 0.10949
0.27135 0.231153
0.214561 0.424794
0.256411 0.511489
0.214588 0.826015
0.322748 0.426877
0.544742 0.403851
0.636692 0.823959
0.316257 0.620405
0.325813 0.690872
0.29493 0.101363
0.72273 0.377569
0.0956199 0.127218
0.541025 0.200312
0.0840924 0.341311
0.857736 0.926857
0.450837 0.129086
0.15801 0.665398
0.55388 0.414421
0.176886 0.768469
0.240435 0.499634
0.195345 0.785178
0.903485 0.832038
0.609137 0.219742
0.452443 0.934949
0.910614 0.747373
0.0363125 0.633344
0.124942 0.131932
0.760562 0.665967
0.332245 0.844655
0.00727794 0.189981
0.771512 0.458115
0.319067 0.929522
0.123513 0.872947
0.343942 0.300399
0.641416 0.584378
0.800034 0.836761
0.369555 0.703519
0.668799 0.978692
0.923261 0.121242
0.913641 0.833874
0.868615 0.949954
0.467218 0.993557
0.0818865 0.22778
0.659524 0.414131
0.072435 0.666802
0.604112 0.843946
0.124917 0.923179
0.773468 0.248429
0.796127 0.11741
0.548829 0.437543
0.701788 0.348862
0.274304 0.0713432
0.0523814 0.943103
0.0500353 0.975642
0.0643447 0.963677
0.809516 0.932959
0.913631 0.276735
0.926516 0.995517
0.504515 0.58604
0.409648 0.57695
0.252841 0.0137603
0.420896 0.377758
0.93694 0.194365
0.626187 0.733066
0.311775 0.175016
0.170609 0.0135628
0.523879 0.444913
0.084906 0.57626
0.388016 0.134941
0.551902 0.452361
0.098618 0.361418
0.38532 0.0122488
0.638153 0.311836
0.00776602 0.142668
0.897876 0.417414
0.719618 0.150717
0.431175 0.140514
0.528475 0.368114
0.334879 0.154662
0.101181 0.646654
0.329678 0.27179
0.660217 0.853557
0.716703 0.745123
0.429817 0.104719
0.880064 0.981718
0.557079 0.978682
0.343137 0.942399
0.990931 0.98129
0.254235 0.998697
0.123958 0.152111
0.416111 0.843575
0.302827 0.847285
0.98409 0.831302
0.2154 0.318969
0.985964 0.31658
0.965622 0.315642
0.58837 0.625839
0.169199 0.305073
0.370962 0.599015
0.409792 0.251025
0.580734 0.966871
0.229707 0.92387
0.90927 0.220638
0.90516 0.163505
0.219334 0.0291174
0.315616 0.635445
0.872693 0.618443
0.482731 0.856783
0.449745 0.69813
0.175751 0.435709
0.0147108 0.141374
0.751351 0.603081
0.767213 0.92055
0.908154 0.138174
0.519565 0.317946
0.3892 0.100298
0.284817 0.618907
0.0241687 0.194087
0.839544 0.929329
0.357593 0.0588785
0.958446 0.673209
0.694324 0.831139
0.291652 0.177054
0.687922 0.741397
0.875184 0.863673
0.177106 0.889895
0.00504673 0.928457
0.492976 0.77226
0.849007 0.401131
0.910434 0.368571
0.719077 0.299633
0.46887 0.00389378
0.91854 0.493039
0.197981 0.758084
0.422367 0.555574
0.816963 0.380813
0.228783 0.511286
0.211952 0.520434
0.688341 0.899874
0.261831 0.563525
0.763547 0.438937
0.45342 0.768593
0.367394 0.946397
0.540853 0.216401
0.347527 0.451287
0.584972 0.0666037
0.75092 0.0538418
0.0704975 0.66946
0.54688 0.268479
0.427544 0.969248
0.824053 0.244507
0.350061 0.0528352
0.755794 0.562013
0.573269 0.444134
0.461887 0.8351
0.00765913 0.225433
0.274037 0.461079
0.994027 0.641431
0.407476 0.534879
0.857832 0.755003
0.986166 0.442804
0.821607 0.737086
0.496646 0.892104
0.406546 0.043526
0.160583 0.834091
0.0127736 0.984636
0.0785978 0.362834
0.0374711 0.834391
0.924847 0.610741
0.278526 0.386734
0.445841 0.286185
0.612167 0.719878
0.747264 0.606194
0.36131 0.15474
0.141073 0.219141
0.909743 0.127239
0.661945 0.73135
0.864324 0.15859
0.623454 0.270871
0.202117 0.784037
0.104962 0.214891
0.768673 0.18356
0.577725 0.806144
0.0179511 0.502572
0.416885 0.296477
0.889306 0.862726
0.582661 0.501474
0.582604 0.329925
0.107667 0.943914
0.484665 0.24874
0.163055 0.394409
0.37598 0.825001
0.125759 0.240305
0.983592 0.749213
0.511176 0.185708
0.533251 0.616138
0.400599 0.301924
0.799698 0.978324
0.108068 0.817649
0.480896 0.524953
0.114125 0.370203
0.387679 0.696787
0.871676 0.970283
0.0267122 0.979344
0.914197 0.511378
0.228084 0.0772524
0.905786 0.604064
0.902253 0.0315451
0.844368 0.885845
0.780758 0.355544
0.071553 0.314009
0.971682 0.472152
0.615933 0.77138
0.450476 0.724001
0.589029 0.931372
0.248954 0.703154
0.301575 0.636633
0.399941 0.173252
0.606916 0.426653
0.152595 0.521113
0.938031 0.380679
0.598366 0.843817
0.984743 0.500619
0.875362 0.829111
0.386463 0.65612
0.184656 0.458016
0.970129 0.156338
0.930168 0.586062
0.927718 0.380644
0.310063 0.516747
0.312017 0.559017
0.219901 0.613592
0.19565 0.619842
0.786843 0.802566
0.0464955 0.939439
0.32368 0.984526
0.320118 0.922045
0.828344 0.304861
0.422664 0.703706
0.133973 0.809127
0.359826 0.318629
0.267143 0.329956
0.474967 0.197312
0.916018 0.402685
0.577956 0.226081
0.919432 0.889972
0.785098 0.139334
0.503564 0.980749
0.759176 0.290408
0.783315 0.805672
0.229846 0.106995
0.790198 0.549964
0.0290398 0.618542
0.854826 0.451704
0.322247 0.988798
0.260831 0.682074
0.307427 0.527974
0.0120293 0.782394
0.725285 0.928047
0.185079 0.303241
0.154128 0.104511
0.193214 0.939226
0.243845 0.696778
0.919975 0.0030211
0.987186 0.70329
0.808693 0.217032
0.810284 0.598891
0.766996 0.839324
0.217432 0.621822
0.291028 0.53968
0.61062 0.551859
0.221753 0.918047
0.0798324 0.233783
0.700441 0.805118
0.16183 0.88552
0.108359 0.315958
0.990031 0.301573
0.255184 0.233876
0.998351 0.175159
0.236897 0.985536
0.878449 0.0455897
0.202568 0.688733
0.644481 0.969564
0.528057 0.861913
0.591386 0.819085
0.401593 0.202007
0.370944 0.623346
0.120054 0.450776
0.857129 0.820495
0.255894 0.018959
0.706014 0.364253
0.334917 0.696045
0.665826 0.590101
0.929921 0.664176
0.76526 0.166818
0.649713 0.643709
0.212408 0.852281
0.332442 0.856888
0.821845 0.860499
0.718801 0.413232
0.679585 0.120394
0.615238 0.0505282
0.74374 0.735292
0.501304 0.600869
0.555787 0.757198
0.619828 0.261801
0.121451 0.954745
0.957846 0.787277
0.544846 0.887767
0.451454 0.310107
0.0545851 0.101166
0.953816 0.266993
0.953447 0.286258
0.123881 0.775292
0.146757 0.842682
0.188523 0.826342
0.963076 0.803762
0.87687 0.706816
0.539054 0.378174
0.307686 0.0948403
0.135373 0.927514
0.356641 0.256824
0.882259 0.314487
0.0441012 0.427105
0.202254 0.495555
0.737212 0.256839
0.596721 0.691027
0.523832 0.550168
0.977285 0.647713
0.325459 0.124043
0.490395 0.513983
0.950384 0.453472
0.317744 0.827254
0.160288 0.856798
0.205429 0.467974
0.951638 0.340802
0.395487 0.308279
0.597626 0.277746
0.622767 0.641727
0.704851 0.825021
0.137281 0.442063
0.0818605 0.734002
0.133091 0.605693
0.28417 0.110376
0.253406 0.609629
0.234419 0.743801
0.123612 0.184803
0.197273 0.441356
0.0120575 0.357561
0.298154 0.217486
0.825535 0.249793
0.558288 0.221022
0.558072 0.155913
0.498769 0.180839
0.79764 0.20362
0.00585997 0.934922
0.645683 0.0877205
0.668924 0.778774
0.693413 0.953094
0.88915 0.946819
0.562723 0.123569
0.69062 0.686335
0.308372 0.887894
0.127691 0.320429
0.245455 0.425846
0.537916 0.0709896
0.675639 0.0962037
0.292012 0.233711
0.252117 0.79078
0.41455 0.0497574
0.9944 0.42041
0.984679 0.640084
0.50813 0.653603
0.418858 0.201543
0.606697 0.308008
0.148362 0.169419
0.431577 0.838983
0.855754 0.739948
0.726876 0.983446
0.0603777 0.972331
0.409292 0.598293
0.0433204 0.0849301
0.694497 0.335332
0.318641 0.946614
0.126113 0.73319
0.996372 0.120513
0.1536 0.981051
0.760597 0.66173
0.634654 0.179454
0.863273 0.24135
0.487462 0.0116353
0.41077 0.919038
0.850618 0.266524
0.658987 0.577494
0.24997 0.719364
0.549825 0.659261
0.317658 0.593145
0.744192 0.012155
0.928477 0.0628323
0.958769 0.05459
0.796023 0.955141
0.175103 0.949623
0.936192 0.9357
0.611353 0.570845
0.115154 0.474626
0.812196 0.602616
0.486261 0.222965
0.521654 0.336879
0.489489 0.180641
0.914373 0.739459
0.900005 0.464198
0.39872 0.217663
0.0573427 0.142912
0.229818 0.98582
0.205744 0.188587
0.0404101 0.00176687
0.143728 0.215513
0.951389 0.0799202
0.151213 0.562742
0.650766 0.266366
0.0373677 0.462961
0.868982 0.523629
0.685926 0.390636
0.860507 0.175415
0.571277 0.77488
0.914874 0.471282
0.239078 0.313595
0.688946 0.29642
0.456507 0.918764
0.28224 0.662251
0.107351 0.32265
0.664018 0.25108
0.538164 0.615407
0.331 0.689376
0.178149 0.981766
0.955742 0.215517
0.444727 0.824724
0.739145 0.130653
0.21536 0.599653
0.306068 0.786637
0.374533 0.220942
0.25792 0.613611
0.534537 0.946865
0.910031 0.991044
0.865629 0.192271
0.653294 0.97298
0.514922 0.317312
0.22406 0.0530853
0.932719 0.55506
0.742461 0.110868
0.536825 0.698204
0.326385 0.981552
0.522928 0.0655304
0.112205 0.738288
0.665183 0.418273
0.524926 0.0397162
0.639215 0.782845
0.653327 0.173752
0.72971 0.563358
0.164796 0.595339
0.755629 0.81809
0.56832 0.270551
0.135402 0.79238
0.323636 0.0681211
0.34744 0.0660977
0.178989 0.884265
0.764301 0.505374
0.865817 0.287229
0.570904 0.978022
0.0255175 0.236088
0.396295 0.550443
0.275804 0.0355106
0.333288 0.929131
0.209263 0.0629986
0.492489 0.374059
0.658338 0.248118
0.192149 0.226658
0.518669 0.327552
0.0190375 0.842305
0.395673 0.366477
0.908403 0.574662
0.250742 0.672704
0.080036 0.11656
0.959934 0.65094
0.0945817 0.985451
0.887028 0.490877
0.535894 0.162832
0.526387 0.869182
0.0919628 0.73565
0.932181 0.584451
0.10971 0.590519
0.832569 0.301859
0.817177 0.351238
0.629411 0.836214
0.193543 0.0250833
0.202691 0.101946
0.599745 0.453434
0.77465 0.679781
0.569993 0.734583
0.330722 0.664575
0.720034 0.21775
0.155452 0.255929
0.380582 0.681839
0.125111 0.472545
0.417489 0.0572918
0.0569961 0.527199
0.647811 0.889565
0.829058 0.464988
0.240803 0.458468
0.301202 0.434346
0.483552 0.503893
0.536291 0.083297
0.957327 0.310941
0.763078 0.52732
0.0455245 0.0938001
0.191895 0.765559
0.31155 0.347347
0.0214874 0.692132
0.0291857 0.146598
0.164677 0.446675
0.20389 0.221673
0.973874 0.851701
0.111238 0.802932
0.316688 0.352041
0.261401 0.61789
0.786387 0.744952
0.121784 0.322678
0.82582 0.0802062
0.633619 0.591328
0.606431 0.679144
0.685128 0.798326
0.444703 0.996678
0.145672 0.46619
0.68881 0.174858
0.612788 0.853487
0.621533 0.816678
0.0751595 0.595407
0.668379 0.186397
0.398339 0.985068
0.538438 0.65974
0.602958 0.324825
0.404692 0.724741
0.647503 0.232942
0.803852 0.281122
0.82427 0.410282
0.960266 0.509398
0.208608 0.404969
0.506076 0.35428
0.871159 0.194885
0.529138 0.483947
0.048372 0.150672
0.300625 0.123532
0.746079 0.969005
0.309929 0.144418
0.954072 0.848367
0.804159 0.55703
0.173192 0.208851
0.281772 0.820695
0.441793 0.0856234
0.101818 0.266063
0.495906 0.0620838
0.77546 0.704514
0.467052 0.281536
0.0587942 0.338211
0.476421 0.587933
0.822158 0.524793
0.738604 0.122784
0.648325 0.484683
0.0917885 0.958254
0.629102 0.0458607
0.806621 0.43326
0.602891 0.979813
0.642111 0.884662
0.800509 0.083904
0.970286 0.902327
0.349967 0.466192
0.96441 0.125427
0.170705 0.431463
0.406963 0.2295
0.769674 0.883384
0.817432 0.591832
0.408177 0.556036
0.714616 0.0565017
0.0407195 0.806405
0.0147554 0.669821
0.852265 0.821376
0.103081 0.455156
0.80119 0.745192
0.339819 0.601699
0.829096 0.310104
0.504026 0.179063
0.776296 0.468436
0.30449 0.947002
0.899899 0.711452
0.176501 0.669573
0.594836 0.993934
0.261405 0.00301298
0.54997 0.976022
0.0595147 0.59069
0.782426 0.0742701
0.260511 0.634692
0.895647 0.363592
0.0898479 0.696836
0.108784 0.429667
0.298535 0.93788
0.739771 0.802561
0.116943 0.516067
0.270997 0.421432
0.463069 0.170896
0.132884 0.63957
0.840469 0.72772
0.633503 0.101875
0.730733 0.183473
0.0778966 0.790248
0.774163 0.860323
0.864518 0.0346736
0.495015 0.760165
0.398265 0.584862
0.457001 0.507049
0.014529 0.755537
0.444929 0.7543
0.558098 0.561871
0.270367 0.829095
0.983304 0.733436
0.999991 0.116188
0.373005 0.840461
0.701425 0.225417
0.942336 0.574642
0.189982 0.0202322
0.36489 0.964145
0.880555 0.229408
0.998819 0.37557
0.989573 0.397084
0.960432 0.446574
0.904133 0.974961
0.20211 0.349062
0.729261 0.760208
0.910933 0.999628
0.589303 0.894237
0.733064 0.589294
0.0104247 0.106069
0.429755 0.854333
0.112578 0.372091
0.428975 0.30256
0.392323 0.793865
0.266706 0.272878
0.0232726 0.265524
0.648447 0.0128452
0.662608 0.608879
0.459419 0.566742
0.58384 0.661529
0.915803 0.313101
0.421737 0.826737
0.312729 0.01104
0.720973 0.0457928
0.600334 0.731398
0.151862 0.0300891
0.585731 0.26444
0.40218 0.014706
0.567 0.794502
0.808571 0.833706
0.0673801 0.831843
0.0992302 0.715827
0.844689 0.761839
0.324707 0.304107
0.32858 0.908547
0.965637 0.244384
0.221648 0.387374
0.0711201 0.534377
0.398414 0.792093
0.58017 0.998748
0.523491 0.732032
0.028837 0.109223
0.996472 0.431017
0.123929 0.563472
0.225519 0.932499
0.397178 0.292899
0.764343 0.496408
0.00872641 0.609031
0.258247 0.333433
0.913139 0.586827
0.24198 0.878775
0.83121 0.463628
0.266149 0.90233
0.998005 0.664562
0.694424 0.578175
0.66331 0.217915
0.310207 0.692147
0.327138 0.306679
0.123164 0.451067
0.870151 0.348683
0.383566 0.267329
0.641582 0.147909
0.763737 0.650308
0.75694 0.0219833
0.983741 0.670079
0.60881 0.225721
0.548854 0.44002
0.68935 0.815003
0.342351 0.687355
0.479565 0.0367748
0.265531 0.142875
0.25469 0.575738
0.835023 0.581828
0.882417 0.958187
0.0328947 0.752568
0.306869 0.416461
0.0198968 0.948451
0.564369 0.783633
0.59876 0.321309
0.805617 0.582501
0.991388 0.414427
0.808222 0.540242
0.854447 0.497572
0.355244 0.196798
0.184927 0.834809
0.233573 0.450458
0.977685 0.488263
0.0261955 0.812708
0.070091 0.908613
0.770894 0.102986
0.661181 0.0777638
0.519446 0.681077
0.0262151 0.0838159
0.464711 0.624975
0.405125 0.270328
0.207476 0.396513
0.684754 0.015698
0.936755 0.539202
0.51327 0.292
0.736 0.698197
0.126809 0.969573
0.148654 0.104494
0.457836 0.17485
0.917202 0.527927
0.0834625 0.688096
0.630912 0.744643
0.76586 0.150359
0.42572 0.792075
0.234175 0.890431
0.41705 0.6393
0.160759 0.624525
0.0358136 0.845513
0.640223 0.972569
0.384715 0.153493
0.264569 0.120715
0.85169 0.391378
0.0902873 0.00034462
0.495872 0.548123
0.175195 0.413074
0.0760494 0.258657
0.10117 0.706962
0.00330011 0.867029
0.857321 0.429021
0.659104 0.0914952
0.319452 0.0761541
0.730795 0.480211
0.700679 0.766609
0.325724 0.340903
0.739178 0.710439
0.494396 0.00374633
0.831154 0.346086
0.395124 0.921441
0.346431 0.890996
0.469564 0.521625
0.30407 0.545613
0.780282 0.405239
0.252575 0.783582
0.272269 0.109896
0.212603 0.931373
0.201391 0.532055
0.00752705 0.932186
0.0122657 0.708206
0.698795 0.33799
0.049109 0.437973
0.0484292 0.543505
0.441719 0.879583
0.889591 0.836843
0.801024 0.236021
0.727839 0.270588
0.757646 0.0319088
0.816202 0.537929
0.437148 0.0687772
0.321511 0.709416
0.178673 0.534114
0.640789 0.380064
0.0661686 0.648317
0.31225 0.0784343
0.356523 0.0110454
0.416424 0.405632
0.449018 0.464853
0.949137 0.890738
0.344437 0.838728
0.727581 0.145461
0.0747489 0.45542
0.416049 0.832395
0.487329 0.232251
0.370324 0.924477
0.301029 0.691835
0.633894 0.479702
0.225949 0.274683
0.859765 0.292118
0.923 0.172016
0.370552 0.279523
0.183061 0.786976
0.685155 0.632079
0.25183 0.634291
0.522817 0.596266
0.473019 0.250398
0.741727 0.547768
0.705818 0.157776
0.380163 0.193148
0.390028 0.750487
0.117625 0.691056
0.442322 0.751519
0.170758 0.668271
0.0262017 0.0305234
0.960389 0.949201
0.202539 0.330941
0.228724 0.3856
0.117917 0.913878
0.0176792 0.369746
0.54817 0.540496
0.966012 0.0211888
0.790894 0.707739
0.568957 0.496713
0.865516 0.94912
0.68986 0.255544
0.699608 0.807485
0.9466 0.14193
0.559004 0.117358
0.810201 0.585206
0.147882 0.77059
0.534407 0.350421
0.101531 0.763131
0.736021 0.219448
0.677009 0.7537
0.589194 0.225179
0.294196 0.555207
0.246368 0.0850902
0.262946 0.815325
0.581803 0.128462
0.764445 0.271663
0.384005 0.464052
0.0791487 0.330606
0.605982 0.638153
0.447964 0.416184
0.223358 0.595846
0.186774 0.757765
0.946266 0.288305
0.520896 0.682287
0.507753 0.197905
0.435987 0.0969469
0.423084 0.730183
0.652153 0.669452
0.815273 0.915099
0.484777 0.397076
0.043561 0.249222
0.668739 0.427567
0.713274 0.747888
0.758172 0.319256
0.38604 0.206136
0.73544 0.609399
0.801982 0.922214
0.367164 0.748248
0.210519 0.88806
0.430534 0.718272
0.085965 0.866521
0.815219 0.509049
0.596704 0.467372
0.178502 0.411976
0.382471 0.663279
0.809052 0.426032
0.912501 0.477791
0.853599 0.625775
0.225679 0.611771
0.945031 0.611719
0.817907 0.680471
0.221118 0.619889
0.602686 0.588282
0.368137 0.813205
0.476341 0.798671
0.531477 0.562306
0.665192 0.346695
0.0713558 0.261896
0.814067 0.249858
0.673872 0.196539
0.913136 0.482924
0.622571 0.825637
0.960715 0.47617
0.451412 0.186394
0.0879415 0.396443
0.798113 0.905849
0.0769148 0.0192314
0.525737 0.6796
0.607513 0.893874
0.492805 0.0838546
0.692545 0.0242816
0.646161 0.357737
0.370977 0.717517
0.619632 0.185044
0.967374 0.293504
0.381583 0.880511
0.776428 0.00415441
0.706148 0.737143
0.480325 0.15756
0.923537 0.568266
0.554003 0.72165
0.474115 0.630918
0.740882 0.999852
0.310518 0.348395
0.893726 0.803323
0.43225 0.586271
0.824728 0.0800229
0.944008 0.198582
0.795927 0.563641
0.383626 0.763301
0.857145 0.765209
0.643812 0.633573
0.769363 0.34996
0.370716 0.249688
0.50752 0.294253
0.801858 0.0989774
0.0159035 0.292069
0.69244 0.756785
0.291922 0.00295863
0.105181 0.185648
0.806282 0.53743
0.771919 0.633887
0.615841 0.715927
0.832469 0.411768
0.279568 0.216095
0.175069 0.136712
0.981304 0.818882
0.770285 0.750667
0.168841 0.141001
0.000355377 0.676361
0.435254 0.81831
0.737883 0.451158
0.110379 0.430324
0.207943 0.402301
0.433282 0.313124
0.587949 0.239564
0.850554 0.359868
0.873451 0.466395
0.0757947 0.70592
0.878163 0.355362
0.922014 0.053232
0.492075 0.903318
0.872114 0.26236
0.653985 0.0409549
0.403361 0.654341
0.717316 0.838615
0.47265 0.455199
0.289773 0.58303
0.885523 0.497716
0.98533 0.318805
0.810839 0.573279
0.55837 0.661393
0.933146 0.431821
0.127788 0.00894111
0.137741 0.00595044
0.364303 0.0597552
0.0591825 0.856378
0.963073 0.931296
0.118738 0.617059
0.972251 0.522099
0.271399 0.689567
0.360714 0.74405
0.144766 0.650487
0.327079 0.0302887
0.148202 0.312409
0.349094 0.959042
0.885688 0.907464
0.620435 0.818835
0.339285 0.748223
0.827776 0.477025
0.754174 0.192079
0.536781 0.813356
0.0484572 0.499854
0.744652 0.167195
0.116912 0.716903
0.689294 0.388312
0.40647 0.0500074
0.132361 0.551235
0.700494 0.45944
0.581524 0.848696
0.77185 0.930618
0.807738 0.657538
0.838082 0.428173
0.476373 0.177367
0.176396 0.304149
0.654392 0.93057
0.496228 0.191173
0.743926 0.544685
0.691027 0.488578
0.71188 0.807939
0.205481 0.401174
0.196251 0.611951
0.451181 0.328612
0.163186 0.151675
0.788053 0.74471
0.00037135 0.559903
0.675329 0.80811
0.217441 0.513411
0.236283 0.693814
0.690778 0.412679
0.997962 0.34517
0.343249 0.49419
0.536343 0.0871754
0.0388753 0.22737
0.575753 0.750755
0.0353091 0.781234
0.151929 0.23156
0.393185 0.60311
0.560172 0.556371
0.754785 0.348225
0.301081 0.755156
0.908127 0.97641
0.563266 0.125568
0.489821 0.799549
0.819382 0.180598
0.212228 0.817344
0.525768 0.555478
0.311534 0.0621108
0.642653 0.350409
0.289481 0.218406
0.101165 0.32479
0.999641 0.253094
0.55635 0.392826
0.856179 0.11647
0.949197 0.610989
0.464747 0.250278
0.366145 0.372874
0.226688 0.929411
0.498442 0.716508
0.72896 0.317824
0.897107 0.941188
0.135168 0.422875
0.496666 0.446702
0.484985 0.139319
0.797112 0.774466
0.357726 0.898276
0.0992555 0.357366
0.15137 0.655605
0.750192 0.00757354
0.772127 0.699389
0.618562 0.236874
0.949667 0.984707
0.609748 0.176354
0.914118 0.108191
0.892863 0.643078
0.426015 0.789969
0.584267 0.561183
0.212844 0.0809327
0.00788495 0.697829
0.220252 0.804997
0.472295 0.577977
0.703273 0.571551
0.935344 0.854643
0.227156 0.685536
0.862216 0.999283
0.384924 0.480778
0.236157 0.334591
0.465486 0.845905
0.510945 0.379604
0.954096 0.403808
0.0226825 0.380111
0.193777 0.606949
0.941293 0.406621
0.687882 0.949178
0.104451 0.908134
0.754175 0.576746
0.486111 0.457448
0.148296 0.421455
0.31209 0.375452
0.106991 0.174307
0.374735 0.491915
0.655085 0.610892
0.826506 0.120571
0.456798 0.337451
0.500175 0.410894
0.74126 0.522857
0.791004 0.935037
0.129807 0.732298
0.341658 0.817689
0.681476 0.446109
0.725822 0.435651
0.0228547 0.211933
0.893099 0.171151
0.633388 0.205189
0.546604 0.740379
0.379496 0.921339
0.232294 0.0345805
0.532231 0.0588003
0.155151 0.989029
0.396252 0.655326
0.399923 0.137511
0.178183 0.190927
0.0725483 0.30799
0.923225 0.414207
0.125679 0.604701
0.860316 0.851501
0.040352 0.88317
0.0634344 0.933451
0.0543215 0.696823
0.13864 0.600925
0.437202 0.518135
0.522264 0.669496
0.552716 0.0544953
0.728296 0.707867
0.0435244 0.124548
0.363193 0.443447
0.262059 0.541377
0.634374 0.334608
0.849367 0.557599
0.748814 0.975046
0.1623 0.60913
0.826546 0.202652
0.4923 0.889981
0.136102 0.546622
0.586804 0.274742
0.147547 0.0240055
0.792878 0.669811
0.693502 0.345594
0.724306 0.421798
0.0534609 0.767831
0.546346 0.416654
0.211278 0.808405
0.958031 0.845652
0.143013 0.807398
0.40325 0.891827
0.782444 0.56555
0.500957 0.60899
0.768201 0.993257
0.498971 0.904304
0.539879 0.0857744
0.179046 0.687426
0.10978 0.971923
0.357237 0.803281
0.317517 0.0815435
0.225079 0.370978
0.849374 0.771425
0.787632 0.0606516
0.57983 0.745663
0.906303 0.722843
0.553061 0.309553
0.61467 0.335505
0.875096 0.115625
0.944495 0.643304
0.108885 0.443466
0.547608 0.648764
0.52924 0.726654
0.33619 0.63902
0.698577 0.693428
0.442301 0.0160944
0.774971 0.66738
0.387072 0.624345
0.438805 0.174704
0.684997 0.0186355
0.920368 0.5913
0.741478 0.473429
0.900853 0.356148
0.808934 0.775956
0.471775 0.753428
0.419261 0.58066
0.196894 0.966869
0.229424 0.726134
0.693523 0.565614
0.365154 0.3921
0.259041 0.807455
0.408194 0.0340125
0.474835 0.795267
0.658357 0.91364
0.969971 0.343354
0.932276 0.890339
0.934654 0.673754
0.363768 0.835507
0.0299023 0.172701
0.611463 0.501678
0.92613 0.0307242
0.0823373 0.123024
0.997593 0.311761
0.849157 0.691116
0.877375 0.214311
0.0832157 0.136416
0.0217655 0.49141
0.170429 0.496601
0.286677 0.828786
0.410241 0.256648
0.17214 0.342517
0.146987 0.106794
0.0162708 0.510754
0.942301 0.0461731
0.683456 0.553765
0.547851 0.609585
0.584489 0.630188
0.732609 0.582082
0.941949 0.581766
0.273198 0.819324
0.796077 0.356413
0.95574 0.817842
0.847821 0.126162
0.314443 0.1345
0.954955 0.724684
0.391148 0.127095
0.0672006 0.538134
0.23389 0.0834714
0.0488884 0.176191
0.129644 0.732344
0.729956 0.677495
0.341929 0.314445
0.307683 0.0745377
0.896527 0.249632
0.656304 0.169724
0.0689554 0.452381
0.526138 0.0246954
0.270223 0.373961
0.150864 0.584666
0.508461 0.105819
0.30935 0.899609
0.232914 0.37655
0.437743 0.466804
0.460022 0.486631
0.642995 0.589666
0.218975 0.372951
0.267161 0.560904
0.687396 0.574844
0.635442 0.583923
0.824476 0.291746
0.753647 0.893431
0.744126 0.279785
0.918127 0.0143492
0.653746 0.0689909
0.599015 0.162207
0.17481 0.908365
0.0618155 0.407724
0.284915 0.499558
0.874528 0.744937
0.98619 0.517523
0.334603 0.205165
0.890474 0.601764
0.766069 0.57787
0.176609 0.401511
0.161793 0.00108465
0.693257 0.91544
0.894516 0.437383
0.195224 0.812643
0.451732 0.84897
0.881634 0.0507472
0.0111769 0.0564436
0.959112 0.0729924
0.464168 0.244027
0.572551 0.338696
0.988964 0.55874
0.85622 0.323568
0.763905 0.746694
0.925332 0.529974
0.324564 0.101941
0.931485 0.486357
0.103025 0.624742
0.401796 0.997541
0.0621244 0.59702
0.810184 0.513856
0.445991 0.691818
0.564604 0.457167
0.748261 0.523716
0.53016 0.212429
0.767743 0.102711
0.551126 0.756708
0.661451 0.407345
0.0802753 0.425356
0.154039 0.00560734
0.95533 0.478603
0.107548 0.886815
0.96496 0.210573
0.511557 0.366756
0.208115 0.573681
0.963776 0.0182991
0.0875378 0.409767
0.710117 0.652141
0.866934 0.458378
0.175857 0.397094
0.670808 0.943601
0.499805 0.221933
0.700308 0.161256
0.629279 0.780583
0.586612 0.783318
0.786191 0.541943
0.261921 0.893739
0.428758 0.226881
0.104312 0.940315
0.593637 0.312427
0.513996 0.557413
0.330726 0.601534
0.96718 0.0408432
0.253676 0.834114
0.499222 0.429533
0.231209 0.170029
0.373133 0.731014
0.391963 0.0734416
0.892269 0.0212415
0.854025 0.478882
0.804559 0.640216
0.0208243 0.0664803
0.533955 0.449582
0.293361 0.638267
0.389897 0.886998
0.950694 0.903894
0.444411 0.28142
0.505428 0.411591
0.322264 0.759104
0.245706 0.821485
0.188637 0.476914
0.991515 0.56177
0.207928 0.383478
0.635212 0.100197
0.404719 0.489237
0.579079 0.209278
0.129453 0.599904
0.275759 0.663408
0.0494859 0.56912
0.301675 0.439383
0.456118 0.252369
0.343277 0.900529
0.53379 0.848706
0.31212 0.856053
0.607809 0.557826
0.677539 0.796446
0.0347403 0.669054
0.358217 0.242668
0.0525312 0.993429
0.342866 0.45725
0.482666 0.921945
0.666529 0.612119
0.521848 0.942287
0.275527 0.571334
0.511407 0.577202
0.0107177 0.967525
0.829571 0.353995
0.868054 0.363361
0.202701 0.180174
0.219414 0.81051
0.738 0.896953
0.606956 0.77274
0.566007 0.965173
0.0154085 0.618538
0.958601 0.358274
0.075788 0.441267
0.280219 0.742317
0.0533858 0.802067
0.684604 0.328912
0.373402 0.196011
0.906114 0.384119
0.163536 0.735685
0.738114 0.0315902
0.0990455 0.940815
0.211764 0.31846
0.751325 0.949764
0.215413 0.358281
0.722504 0.781419
0.323454 0.737913
0.399957 0.282056
0.0961869 0.475745
0.723323 0.376406
0.218062 0.776708
0.178473 0.902666
0.105621 0.551875
0.0986771 0.0117347
0.935994 0.262213
0.74742 0.674108
0.293804 0.846465
0.614923 0.505568
0.164925 0.366248
0.455332 0.380338
0.724529 0.177836
0.161757 0.0479834
0.915749 0.561714
0.330039 0.0119357
0.0374587 0.0533615
0.388342 0.25552
0.83007 0.566815
0.158186 0.935691
0.11869 0.256863
0.947425 0.0546838
0.519077 0.694845
0.728792 0.81288
0.54131 0.343716
0.318448 0.706235
0.709964 0.77378
0.0865723 0.434493
0.951616 0.248329
0.482476 0.867365
0.810043 0.812515
0.8793 0.847501
0.865877 0.267642
0.103022 0.695947
0.834457 0.261208
0.631637 0.953146
0.518071 0.579063
0.00783025 0.0371475
0.273907 0.736622
0.850028 0.815217
0.080338 0.168475
0.521452 0.790302
0.942255 0.608024
0.224795 0.893871
0.856353 0.707271
0.761235 0.666396
0.519786 0.640535
0.513897 0.385663
0.908177 0.616919
0.0816093 0.742634
0.878127 0.713247
0.695781 0.396198
0.292309 0.703611
0.433345 0.566216
0.440233 0.283373
0.381434 0.520571
0.451848 0.902886
0.310873 0.394103
0.51091 0.535668
0.287974 0.367264
0.242938 0.0492091
0.0336598 0.762725
0.689745 0.547557
0.148387 0.597922
0.164476 0.229997
0.340556 0.0426034
0.943243 0.0363365
0.438801 0.235552
0.739947 0.872147
0.801769 0.180181
0.15552 0.183202
0.700752 0.607368
0.0860884 0.0116247
0.00147144 0.596999
0.547292 0.289445
0.964262 0.790231
0.338655 0.997922
0.552955 0.0283991
0.545479 0.701343
0.626321 0.709956
0.93134 0.966877
0.752559 0.874583
0.00321346 0.191361
0.110135 0.743161
0.0635074 0.911904
0.923341 0.219027
0.0951064 0.624093
0.826395 0.181195
0.635718 0.827867
0.778193 0.18301
0.117312 0.742456
0.973241 0.455967
0.740378 0.526196
0.484366 0.285857
0.227539 0.110687
0.995813 0.158879
0.0775636 0.748373
0.0334616 0.0807771
0.939733 0.143597
0.715394 0.174689
0.0555008 0.747279
0.222268 0.150607
0.371372 0.0486629
0.331802 0.0070901
0.876527 0.109993
0.1901 0.993842
0.852451 0.163341
0.449808 0.592829
0.689537 0.934174
0.878687 0.917076
0.0448606 0.8745
0.075955 0.122424
0.622872 0.109417
0.203201 0.562606
0.253013 0.027139
0.565846 0.308514
0.774418 0.788114
0.459121 0.14579
0.836777 0.790923
0.15288 0.713306
0.900919 0.342981
0.707148 0.75337
0.506322 0.156956
0.346199 0.195859
0.09113 0.224886
0.112935 0.135991
0.0993858 0.18889
0.258415 0.722258
0.298307 0.461616
0.284864 0.55132
0.488755 0.85071
0.859834 0.263173
0.638824 0.318956
0.408964 0.475601
0.109879 0.561844
0.188907 0.0107979
0.904825 0.896055
0.764168 0.411146
0.0530111 0.110367
0.607006 0.144141
0.335253 0.719941
0.280132 0.434639
0.908831 0.538546
0.156897 0.207138
0.000162383 0.441761
0.758459 0.488917
0.292471 0.618293
0.75209 0.931295
0.937249 0.161054
0.406896 0.0471282
0.722898 0.595803
0.0579261 0.627723
0.491858 0.822094
0.0388692 0.544869
0.932461 0.645875
0.68901 0.267714
0.365816 0.969142
0.702353 0.274647
0.507689 0.85925
0.481786 0.507851
0.301012 0.240244
0.996768 0.593483
0.858538 0.748859
0.524778 0.795787
0.909913 0.931674
0.842915 0.632811
0.527478 0.900841
0.260534 0.0193359
0.722935 0.299403
0.564205 0.655396
0.945277 0.253216
0.923111 0.311093
0.222358 0.625464
0.58574 0.730047
0.484714 0.067526
0.237898 0.785726
0.30777 0.234666
0.379209 0.166308
0.983525 0.903987
0.962095 0.893438
0.835661 0.80501
0.526248 0.363139
0.705851 0.786782
0.382475 0.428786
0.0861847 0.94668
0.084182 0.0314621
0.199896 0.00729271
0.342555 0.422254
0.632757 0.928296
0.152301 0.117471
0.995822 0.390198
0.903197 0.303592
0.624864 0.282406
0.4699 0.608389
0.186393 0.431995
0.501827 0.0220542
0.237005 0.0280753
0.385193 0.942855
0.814857 0.767668
0.371641 0.901042
0.714349 0.455823
0.932504 0.914245
0.463116 0.275059
0.336499 0.0958725
0.203355 0.4888
0.213343 0.199177
0.878992 0.116537
0.502769 0.503863
0.398946 0.97267
0.112252 0.585339
0.404665 0.614079
0.607393 0.64167
0.642154 0.992586
0.584525 0.457011
0.760255 0.956166
0.358053 0.474604
0.411989 0.290557
0.388849 0.875105
0.565616 0.725348
0.970978 0.768972
0.214147 0.184321
0.968149 0.0931457
0.300862 0.470918
0.597008 0.699808
0.443588 0.70926
0.285146 0.848253
0.323338 0.892539
0.489922 0.965492
0.885125 0.0744474
0.422503 0.64538
0.0306136 0.780556
0.119984 0.442603
0.071113 0.508832
0.317708 0.636729
0.23418 0.288686
0.405701 0.448327
0.473007 0.37385
0.541473 0.773869
0.844768 0.138476
0.473676 0.288356
0.847741 0.758822
0.136609 0.171079
0.651362 0.626531
0.136571 0.536487
0.700979 0.559075
0.181867 0.731592
0.339631 0.30185
0.174195 0.410744
0.810682 0.491903
0.0474731 0.0448622
0.780589 0.453174
0.493189 0.253596
0.736929 0.183593
0.027465 0.671792
0.173144 0.501141
0.960148 0.0208845
0.259964 0.0967568
0.191964 0.911325
0.723288 0.328535
0.447812 0.424267
0.88761 0.629679
0.155859 0.227241
0.931529 0.330054
0.637984 0.742212
0.821957 0.685457
0.787074 0.602547
0.138631 0.280263
0.856143 0.965655
0.314926 0.883608
0.637447 0.488069
0.384749 0.597595
0.508954 0.644713
0.694352 0.700917
0.556038 0.41764
0.0294526 0.00385004
0.841907 0.917063
0.633529 0.997766
0.144303 0.565058
0.32782 0.782287
0.307269 0.149777
0.467745 0.0943432
0.752324 0.606376
0.374606 0.608467
0.572031 0.689532
0.492075 0.209479
0.177601 0.876824
0.807074 0.686555
0.521537 0.501426
0.387472 0.0775752
0.919066 0.416925
0.0814253 0.760973
0.333987 0.714954
0.758738 0.47829
0.280012 0.0865582
0.260578 0.587281
0.236336 0.728322
0.681625 0.98866
0.334698 0.056231
0.597127 0.90673
0.745763 0.0892015
0.116208 0.923364
0.966026 0.923282
0.609919 0.487563
0.424708 0.997391
0.565138 0.343773
0.414316 0.646563
0.104746 0.748303
0.361517 0.863484
0.226593 0.641529
0.950042 0.487171
0.228811 0.186378
0.215493 0.910435
0.175037 0.550191
0.966666 0.772164
0.456921 0.712429
0.861365 0.573129
0.635794 0.827391
0.496411 0.245713
0.314954 0.921118
0.243104 0.880092
0.264892 0.657419
0.526656 0.369638
0.405723 0.888173
0.233122 0.632316
0.529703 0.183164
0.119487 0.758513
0.369542 0.33498
0.668949 0.54458
0.885172 0.635615
0.316744 0.342093
0.348045 0.178109
0.915222 0.983838
0.00550033 0.411633
0.229551 0.320454
0.332751 0.472654
0.200547 0.597643
0.130074 0.727202
0.967281 0.535796
0.615376 0.200403
0.168112 0.145078
0.383567 0.287599
0.903592 0.753109
0.622579 0.57254
0.297689 0.507751
0.208155 0.614433
0.849844 0.5562
0.792542 0.765065
0.540038 0.798042
0.176698 0.769589
0.118497 0.509449
0.242243 0.319043
0.107092 0.372317
0.0462459 0.0743725
0.908113 0.661622
0.274775 0.0762255
0.8067 0.658342
0.363825 0.710291
0.411452 0.986404
0.282831 0.709141
0.494155 0.490987
0.323574 0.343999
0.0471869 0.116116
0.109064 0.587225
0.914158 0.285762
0.356814 0.0326545
0.795211 0.599057
0.351698 0.902303
0.971374 0.397944
0.976675 0.879487
0.0595653 0.25145
0.955713 0.866265
0.909793 0.319537
0.576556 0.321244
0.305941 0.859388
0.0303853 0.800096
0.350375 0.353959
0.144095 0.397561
0.470075 0.253159
0.984787 0.384232
0.538921 0.3416
0.416887 0.334132
0.940657 0.768585
0.236435 0.912032
0.166528 0.21311
0.791519 0.226094
0.46456 0.747232
0.0923588 0.374353
0.066769 0.668915
0.695597 0.37271
0.528303 0.725982
0.172807 0.878677
0.0799415 0.316902
0.276239 0.550016
0.570061 0.261025
0.934248 0.108982
0.602626 0.351135
0.443114 0.543283
0.11972 0.679549
0.455315 0.286248
0.892659 0.246833
0.512342 0.357219
0.994065 0.604701
0.731571 0.0608341
0.273616 0.427168
0.433545 0.801918
0.153151 0.606351
0.680596 0.233092
0.923254 0.956834
0.783108 0.493315
0.21786 0.717357
0.602297 0.820485
0.0684918 0.0454113
0.363769 0.188211
0.72496 0.819083
0.47446 0.617619
0.0659167 0.986802
0.974837 0.0599818
0.591502 0.706408
0.120816 0.865118
0.133577 0.55436
0.667037 0.286728
0.160712 0.347632
0.51982 0.0839654
0.304467 0.302929
0.57728 0.522326
0.0202854 0.179577
0.342812 0.0887772
0.224989 0.70658
0.276989 0.949949
0.525664 0.751448
0.567567 0.59158
0.73825 0.542404
0.651562 0.329752
0.248813 0.772378
0.194871 0.38239
0.326738 0.861907
0.669118 0.48745
0.20954 0.188938
0.571416 0.514006
0.491867 0.148696
0.0363328 0.512152
0.328273 0.379145
0.60093 0.553262
0.0857251 0.877918
0.50321 0.611389
0.629367 0.0707777
0.202969 0.367617
0.613182 0.854531
0.697369 0.861995
0.62691 0.89224
0.244385 0.953648
0.754147 0.913503
0.441098 0.963687
0.102441 0.0125141
0.477693 0.594308
0.16121 0.514026
0.10646 0.489483
0.893171 0.70739
0.0427452 0.978896
0.585308 0.545956
0.590285 0.214675
0.616733 0.793254
0.582291 0.229916
0.647785 0.27966
0.0919106 0.274695
0.1719 0.336296
0.228343 0.926047
0.249798 0.669441
0.889734 0.352239
0.681955 0.367427
0.946547 0.843165
0.881453 0.0530075
0.332649 0.774623
0.760397 0.375394
0.753519 0.345705
0.921349 0.343804
0.56038 0.538083
0.137057 0.142671
0.767998 0.784843
0.422332 0.859909
0.0595373 0.594232
0.196204 0.28788
0.520279 0.446003
