0.936646 0.511399
0.903862 0.215337
0.47078 0.882141
0.355112 0.656637
0.0589144 0.891139
0.374561 0.203449
0.723424 0.129014
0.602592 0.902258
0.980711 0.930666
0.0193577 0.410968
0.640463 0.786881
0.452706 0.90465
0.760312 0.0738057
0.377481 0.709271
0.119473 0.154485
0.11988 0.0561189
0.665884 0.023742
0.271455 0.136664
0.905883 0.626567
0.7933 0.964798
0.517707 0.167861
0.168247 0.24113
0.296875 0.770838
0.143388 0.277586
0.701505 0.162746
0.688554 0.341967
0.949627 0.14126
0.246617 0.709939
0.215066 0.624098
0.41921 0.334538
0.778583 0.53909
0.390657 0.444467
0.562832 0.662113
0.581131 0.468716
0.28868 0.374431
0.433514 0.806387
0.542293 0.60176
0.0475172 0.839168
0.372599 0.190905
0.116754 0.0741033
0.353651 0.805308
0.416071 0.303278
0.946568 0.662688
0.0132177 0.161634
0.286786 0.432428
0.496173 0.0653695
0.971518 0.88683
0.509837 0.534351
0.548943 0.0909675
0.00306672 0.837623
0.465399 0.43658
0.64401 0.00769164
0.0383405 0.691527
0.846859 0.410939
0.882433 0.963614
0.485042 0.236084
0.768922 0.901113
0.539362 0.71549
0.563801 0.55258
0.877125 0.850586
0.985008 0.373298
0.915957 0.956526
0.260128 0.425793
0.490877 0.809071
0.516761 0.493944
0.646694 0.98216
0.930524 0.290704
0.989851 0.968865
0.982231 0.836711
0.379804 0.864664
0.800325 0.864846
0.100747 0.569247
0.765959 0.64011
0.284737 0.32976
0.19269 0.161862
0.180348 0.177698
0.535159 0.0963043
0.134224 0.795287
0.522098 0.625101
0.604358 0.0388584
0.119045 0.251051
0.0210182 0.0495696
0.541755 0.0108695
0.0184344 0.523986
0.84758 0.398238
0.38865 0.647905
0.263084 0.489397
0.217152 0.0290436
0.129507 0.501888
0.358804 0.322196
0.66375 0.539151
0.499894 0.198909
0.635456 0.634118
0.994196 0.157553
0.259219 0.598554
0.196412 0.378264
0.849605 0.21743
0.427834 0.39136
0.228299 0.446268
0.915346 0.0758798
0.844507 0.303996
0.723785 0.107591
0.793392 0.940936
0.136634 0.922899
0.442825 0.495438
0.245095 0.106575
0.0345897 0.744989
0.305484 0.670045
0.379107 0.29968
0.827599 0.638326
0.898234 0.0240102
0.0165905 0.747839
0.24144 0.444425
0.139199 0.469739
0.890693 0.0545454
0.545619 0.735199
0.358541 0.269404
0.84279 0.151933
0.21034 0.979425
0.0748323 0.653165
0.474863 0.319928
0.75974 0.509453
0.0649166 0.0652242
0.179498 0.444024
0.364905 0.00709659
0.0823495 0.263139
0.0311068 0.09894
0.010978 0.272547
0.543365 0.150177
0.742286 0.434057
0.204723 0.287906
0.169257 0.563264
0.55731 0.0120472
0.715197 0.76765
0.978112 0.801454
0.420815 0.466335
0.109957 0.180555
0.975788 0.174873
0.24578 0.155286
0.618897 0.610684
0.162382 0.701247
0.873823 0.193489
0.800187 0.884801
0.466036 0.343551
0.0349781 0.208323
0.777608 0.239701
0.496228 0.946865
0.75485 0.133426
0.958913 0.518161
0.821188 0.950385
0.308191 0.242004
0.41672 0.418148
0.422559 0.392507
0.593021 0.668339
0.547793 0.211918
0.279023 0.710176
0.913165 0.152846
0.903688 0.713349
0.0376464 0.369701
0.0569023 0.0726246
0.578024 0.834511
0.312325 0.0742524
0.781376 0.11529
0.127791 0.740289
0.633451 0.948979
0.690673 0.941642
0.190983 0.107393
0.35979 0.613542
0.4999 0.952811
0.281881 0.0476937
0.164729 0.560904
0.757869 0.0778935
0.713749 0.661534
0.791245 0.751396
0.0312357 0.848147
0.82402 0.60926
0.682658 0.136346
0.683512 0.464034
0.251635 0.811303
0.204323 0.885086
0.760282 0.894996
0.826728 0.951265
0.00238899 0.186518
0.564807 0.502289
0.139329 0.846687
0.549983 0.304057
0.407591 0.307852
0.381951 0.12134
0.969387 0.173196
0.872736 0.000622667
0.0213427 0.696756
0.609882 0.704001
0.833101 0.293394
0.168035 0.0847365
0.104697 0.372357
0.969823 0.864978
0.267354 0.796551
0.816243 0.269742
0.983069 0.38105
0.772032 0.122398
0.227737 0.322015
0.426455 0.635328
0.629867 0.808406
0.756668 0.599254
0.98161 0.629378
0.599877 0.00294484
0.326159 0.209759
0.706945 0.15926
0.503154 0.87498
0.243997 0.607851
0.247338 0.21382
0.472829 0.514691
0.0103712 0.289072
0.784434 0.993441
0.670122 0.556465
0.115839 0.897859
0.87848 0.542294
0.533187 0.508348
0.3507 0.289855
0.107602 0.332303
0.919352 0.7075
0.335247 0.245417
0.917238 0.0421929
0.404678 0.420392
0.917173 0.648674
0.0282428 0.164511
0.862494 0.501072
0.679202 0.872865
0.790145 0.463635
0.866306 0.460267
0.43028 0.578566
0.358126 0.898581
0.524438 0.891313
0.406929 0.875139
0.181168 0.514531
0.207441 0.100426
0.22201 0.542689
0.345843 0.139248
0.584882 0.750521
0.559641 0.502055
0.399195 0.587883
0.666565 0.261689
0.0889556 0.345767
0.134554 0.8791
0.660113 0.255537
0.339367 0.829503
0.992555 0.692623
0.728084 0.507443
0.588806 0.135013
0.382582 0.769973
0.649543 0.590023
0.870399 0.871552
0.132712 0.216242
0.0108018 0.717594
0.966763 0.570442
0.219649 0.365957
0.158326 0.886214
0.627646 0.247282
0.231981 0.7622
0.126382 0.0413832
0.76306 0.465749
0.870886 0.746065
0.163241 0.59897
0.253507 0.752047
0.733982 0.636089
0.52202 0.383526
0.226112 0.392419
0.255079 0.358824
0.608661 0.265881
0.0764182 0.575423
0.836323 0.296067
0.941381 0.994649
0.182281 0.569027
0.241931 0.414262
0.331228 0.368312
0.455645 0.0942879
0.834061 0.326531
0.840353 0.997302
0.925501 0.0938601
0.749349 0.659483
0.729949 0.271369
0.043009 0.956061
0.663788 0.298088
0.314886 0.272449
0.563969 0.391304
0.847872 0.400292
0.687371 0.789253
0.394941 0.869652
0.35828 0.636872
0.283913 0.689508
0.00518459 0.739559
0.783796 0.839246
0.0660896 0.624148
0.836548 0.991591
0.718008 0.585897
0.651074 0.447958
0.857266 0.694083
0.404019 0.521054
0.99613 0.715405
0.793503 0.55614
0.110209 0.641375
0.95316 0.795303
0.430628 0.351374
0.667231 0.788909
0.988246 0.951144
0.478416 0.99343
0.690703 0.262212
0.832676 0.756792
0.88636 0.669224
0.748383 0.604369
0.255121 0.399457
0.0523261 0.112387
0.09354 0.456345
0.633441 0.0857111
0.17525 0.426944
0.641851 0.285458
0.068319 0.598283
0.0830376 0.498947
0.953801 0.740615
0.287856 0.937903
0.701413 0.766272
0.931333 0.392115
0.0284843 0.764009
0.148908 0.914844
0.433233 0.897291
0.519213 0.688353
0.296748 0.571539
0.80074 0.390288
0.0278841 0.434181
0.475999 0.203134
0.861125 0.11785
0.488592 0.929444
0.716133 0.57163
0.428391 0.66579
0.321898 0.716247
0.603693 0.0233108
0.48252 0.535026
0.415426 0.511004
0.299035 0.564334
0.425848 0.732268
0.461624 0.945061
0.420621 0.758372
0.5166 0.221361
0.14866 0.544485
0.655542 0.624658
0.747618 0.516667
0.742508 0.236211
0.44611 0.458641
0.80784 0.874501
0.124431 0.129738
0.590748 0.728124
0.153049 0.073268
0.26315 0.568475
0.584272 0.562185
0.132809 0.0101202
0.294452 0.594434
0.965429 0.700436
0.352806 0.471782
0.936435 0.501465
0.0162667 0.591977
0.126124 0.763885
0.108644 0.868632
9.56515e-05 0.554754
0.327274 0.807936
0.429255 0.451705
0.937674 0.0200035
0.179829 0.0907237
0.0932714 0.442979
0.659199 0.677543
0.00516425 0.792008
0.687664 0.299617
0.386442 0.642845
0.0146903 0.739247
0.114627 0.951125
0.240713 0.130894
0.543102 0.366837
0.894779 0.651746
0.235469 0.894875
0.206499 0.562743
0.702811 0.635754
0.0144479 0.640485
0.655758 0.194277
0.731209 0.749029
0.637257 0.390408
0.426573 0.642421
0.182416 0.114236
0.942038 0.568857
0.757081 0.956728
0.308105 0.871709
0.907853 0.548818
0.00260254 0.450955
0.915654 0.897382
0.102701 0.151124
0.792256 0.3092
0.713866 0.495067
0.952336 0.710846
0.135552 0.600712
0.922591 0.86676
0.349741 0.559848
0.257168 0.776314
0.202269 0.439584
0.89055 0.144307
0.00844155 0.647632
0.101035 0.316546
0.51934 0.00888787
0.865364 0.521943
0.459843 0.781018
0.419324 0.562543
0.932142 0.211581
0.871743 0.646008
0.706647 0.816698
0.374323 0.842199
0.41741 0.296914
0.70896 0.767151
0.856763 0.966128
0.543465 0.0590317
0.405713 0.434016
0.203339 0.414154
0.0816473 0.304373
0.7307 0.600987
0.313261 0.596064
0.12293 0.773104
0.377083 0.542255
0.335648 0.309225
0.753835 0.207391
0.955233 0.460482
0.0240887 0.329556
0.302682 0.441498
0.62647 0.0116419
0.20865 0.483232
0.973843 0.751611
0.542264 0.383483
0.186131 0.745603
0.797637 0.267778
0.0499762 0.528337
0.868766 0.363237
0.124402 0.991696
0.136342 0.501484
0.53395 0.471989
0.810709 0.287785
0.67938 0.765942
0.748268 0.703469
0.0954977 0.0509497
0.144967 0.721968
0.0625916 0.353617
0.2052 0.0403618
0.105732 0.747464
0.423845 0.291863
0.493067 0.221481
0.559641 0.543043
0.749819 0.428407
0.90628 0.874219
0.420103 0.0426226
0.375705 0.954053
0.514612 0.186414
0.241838 0.193992
0.952356 0.990106
0.897461 0.0478535
0.0410558 0.0424286
0.769821 0.103647
0.396046 0.975021
0.144009 0.501778
0.722486 0.567854
0.793641 0.215553
0.789335 0.353283
0.758597 0.539154
0.781689 0.664878
0.413374 0.201792
0.7075 0.789079
0.155845 0.222112
0.975493 0.397683
0.416104 0.927849
0.387789 0.313565
0.975702 0.428845
0.355994 0.745523
0.532492 0.75204
0.720545 0.676502
0.253818 0.443031
0.244355 0.0474594
0.658584 0.0336905
0.400742 0.41718
0.572844 0.182432
0.0820579 0.986219
0.384224 0.789558
0.775298 0.540068
0.0116699 0.750791
0.937752 0.427774
0.678639 0.325541
0.741339 0.654341
0.754386 0.0973334
0.399865 0.286878
0.849373 0.12041
0.96338 0.103191
0.56344 0.207735
0.15065 0.222024
0.241425 0.551392
0.639205 0.81427
0.733824 0.721262
0.800489 0.118048
0.51082 0.575787
0.658116 0.52249
0.326577 0.595868
0.950265 0.00521669
0.921408 0.691604
0.659558 0.675794
0.779965 0.0860301
0.962672 0.63831
0.179833 0.926052
0.741502 0.743273
0.133787 0.892152
0.965297 0.375212
0.443544 0.604502
0.189482 0.177368
0.325764 0.989971
0.295416 0.836585
0.565758 0.953532
0.359075 0.892335
0.549399 0.30934
0.897552 0.470808
0.000943684 0.55711
0.146602 0.789881
0.616533 0.109274
0.428191 0.796366
0.0353261 0.169693
0.539639 0.169113
0.0618449 0.504936
0.544325 0.505389
0.109438 0.733808
0.682758 0.435203
0.723779 0.978174
0.271787 0.289537
0.931706 0.630863
0.181872 0.481105
0.940202 0.0794235
0.951913 0.941146
0.636533 0.0985148
0.731027 0.253066
0.207789 0.159218
0.0494322 0.243115
0.328911 0.589071
0.412228 0.390756
0.0940072 0.956554
0.896146 0.203445
0.690361 0.578904
0.638648 0.41414
0.557077 0.910435
0.703677 0.488783
0.541298 0.885548
0.969888 0.4815
0.964972 0.921801
0.422646 0.601505
0.0203161 0.153673
0.854572 0.228105
0.312892 0.904004
0.47122 0.641803
0.493075 0.883448
0.0325597 0.587082
0.840002 0.928706
0.790528 0.530363
0.507609 0.429175
0.944503 0.0646865
0.339611 0.64818
0.55347 0.880909
0.533728 0.523358
0.362409 0.4987
0.445159 0.785055
0.100206 0.465476
0.938729 0.954777
0.693581 0.25162
0.858781 0.164801
0.893424 0.351856
0.0482489 0.925984
0.938938 0.88825
0.854689 0.729466
0.418614 0.362298
0.158641 0.363117
0.426985 0.498252
0.408731 0.602849
0.379161 0.545025
0.503812 0.74157
0.0437254 0.948972
0.526625 0.143931
0.414447 0.465354
0.0987083 0.108028
0.716974 0.95749
0.272829 0.610398
0.309346 0.321078
0.536381 0.248285
0.209328 0.39107
0.977753 0.627924
0.753369 0.136392
0.991059 0.180353
0.634644 0.00235584
0.160808 0.0138051
0.547381 0.66462
0.755375 0.591106
0.613592 0.282
0.735065 0.0280863
0.747353 0.833746
0.136068 0.464327
0.791235 0.408896
0.0747251 0.100581
0.729974 0.611107
0.348866 0.939302
0.00217702 0.326617
0.567244 0.755546
0.463009 0.558303
0.935899 0.097653
0.560659 0.0967068
0.111458 0.10804
0.761327 0.866833
0.699147 0.374919
0.148833 0.434184
0.402959 0.896186
0.26793 0.539026
0.360513 0.0591649
0.947923 0.435238
0.159746 0.677897
0.0463449 0.508612
0.617199 0.0485219
0.835229 0.184444
0.804068 0.298237
0.742747 0.739967
0.39589 0.303406
0.836673 0.507349
0.411446 0.598
0.374182 0.110593
0.97292 0.523014
0.544777 0.375878
0.4192 0.812707
0.914926 0.779645
0.871872 0.862826
0.214952 0.0316176
0.540724 0.261297
0.54023 0.157923
0.309819 0.375458
0.342367 0.113886
0.673696 0.0851139
0.853853 0.0695862
0.38852 0.690526
0.576935 0.799966
0.288527 0.951116
0.91056 0.261447
0.474131 0.455337
0.637325 0.893331
0.268043 0.55223
0.673045 0.139914
0.415057 0.887996
0.171532 0.955782
0.149293 0.711762
0.113705 0.459112
0.08722 0.456072
0.572998 0.760916
0.541186 0.426851
0.830502 0.929706
0.117378 0.407437
0.729672 0.405905
0.358553 0.640232
0.667351 0.832684
0.0955686 0.304676
0.726015 0.363612
0.856906 0.39906
0.503526 0.271963
0.287056 0.675058
0.227745 0.43635
0.38682 0.34145
0.895462 0.47404
0.797522 0.46846
0.234955 0.338708
0.895311 0.0654575
0.268414 0.0126891
0.472894 0.998087
0.418594 0.831448
0.638319 0.0859449
0.664132 0.733887
0.390621 0.390147
0.0974991 0.247527
0.789207 0.601025
0.519491 0.0762635
0.276083 0.747236
0.512613 0.662903
0.0886862 0.408075
0.136942 0.886209
0.876535 0.371898
0.224917 0.771846
0.437355 0.493331
0.784535 0.91025
0.491418 0.203129
0.741698 0.129737
0.289074 0.40583
0.863625 0.679695
0.795977 0.961124
0.927222 0.585184
0.562149 0.446713
0.661448 0.838232
0.193949 0.174061
0.501135 0.282635
0.582136 0.638077
0.168843 0.45867
0.0099749 0.393761
0.230517 0.44733
0.887092 0.015052
0.35758 0.37851
0.218181 0.0992774
0.508248 0.507255
0.505107 0.371873
0.18695 0.301084
0.332996 0.114172
0.886268 0.895145
0.560885 0.547716
0.733378 0.754834
0.721777 0.234512
0.0374686 0.303912
0.87259 0.206312
0.762583 0.882564
0.600073 0.993099
0.329895 0.487165
0.00815145 0.687474
0.865675 0.226333
0.786752 0.373923
0.733588 0.291859
0.745795 0.920538
0.592943 0.0787918
0.0347104 0.479211
0.973937 0.595596
0.0269269 0.707315
0.350429 0.748704
0.941827 0.387898
0.0526159 0.814417
0.59421 0.815199
0.696981 0.194283
0.722925 0.174404
0.681447 0.81645
0.71435 0.547123
0.0427821 0.501102
0.921009 0.776272
0.792961 0.666841
0.696908 0.385904
0.745633 0.731618
0.865115 0.71957
0.327214 0.892042
0.426885 0.677643
0.640745 0.368712
0.0655411 0.693361
0.183129 0.659751
0.50856 0.88011
0.854034 0.316858
0.906986 0.535481
0.133307 0.621336
0.0826041 0.17609
0.122438 0.00364952
0.952459 0.915399
0.67049 0.649367
0.301303 0.416123
0.380985 0.166418
0.135693 0.708199
0.0584595 0.562578
0.385842 0.699205
0.93129 0.451383
0.392566 0.114419
0.111134 0.901126
0.994529 0.965168
0.217984 0.901515
0.50065 0.351291
0.522851 0.583254
0.527381 0.645288
0.586903 0.47984
0.560687 0.257393
0.129207 0.86199
0.673517 0.510192
0.0284078 0.80921
0.218391 0.0868673
0.371787 0.604233
0.786072 0.303077
0.0556158 0.178638
0.417496 0.16675
0.0797645 0.412025
0.131918 0.297748
0.31354 0.632567
0.64904 0.83639
0.215821 0.176421
0.481679 0.802724
0.656261 0.0423659
0.0601177 0.785469
0.904359 0.733631
0.295661 0.932764
0.542844 0.514052
0.0196312 0.914631
0.118285 0.805703
0.217708 0.173901
0.984351 0.635179
0.340651 0.0641064
0.0472297 0.472569
0.361855 0.360769
0.105136 0.0108948
0.19716 0.320957
0.187316 0.678838
0.123682 0.843577
0.721204 0.183799
0.629046 0.62556
0.917434 0.924707
0.558324 0.460277
0.438759 0.577955
0.374908 0.557044
0.383659 0.592617
0.730945 0.368001
0.227821 0.0715963
0.432107 0.275051
0.544165 0.793962
0.635821 0.649302
0.804857 0.83298
0.970259 0.992173
0.511818 0.0939408
0.83575 0.233022
0.27774 0.464795
0.858583 0.195174
0.389502 0.416907
0.655451 0.828261
0.994862 0.0303593
0.385305 0.37852
0.622976 0.116251
0.746521 0.850798
0.187847 0.178628
0.125849 0.732012
0.969438 0.761161
0.381314 0.777447
0.59465 0.351573
0.769619 0.106468
0.445514 0.605369
0.33949 0.723254
0.0701642 0.198073
0.918427 0.459666
0.614979 0.573878
0.287927 0.609841
0.604238 0.673233
0.988361 0.227214
0.789483 0.734883
0.0780113 0.97733
0.913511 0.20386
0.709342 0.886101
0.96553 0.0906559
0.663547 0.560179
0.442229 0.433167
0.666647 0.887742
0.0385358 0.00613705
0.610996 0.1087
0.20421 0.529424
0.568366 0.819189
0.103302 0.856293
0.42903 0.70754
0.529526 0.417391
0.934753 0.319009
0.152274 0.0127647
0.296339 0.0657846
0.216625 0.00568157
0.951885 0.182154
0.0963375 0.615433
0.742333 0.538566
0.0485995 0.40898
0.426309 0.0871353
0.415117 0.0373047
0.195835 0.619327
0.566728 0.764201
0.438516 0.67003
0.620495 0.867546
0.37757 0.150021
0.284938 0.312323
0.46903 0.437212
0.325088 0.765369
0.502996 0.541713
0.771051 0.454881
0.723867 0.867389
0.0703142 0.4662
0.405955 0.118914
0.875182 0.832261
0.206049 0.290298
0.869568 0.401884
0.909625 0.436296
0.166086 0.348141
0.106327 0.78658
0.215687 0.483896
0.936601 0.500625
0.796219 0.405631
0.937836 0.121307
0.171001 0.440832
0.66302 0.942052
0.895714 0.386887
0.80944 0.966028
0.853087 0.215395
0.0849416 0.728267
0.0476585 0.290991
0.018565 0.917227
0.692875 0.92819
0.353523 0.85896
0.27633 0.45985
0.645541 0.492017
0.943746 0.582142
0.990302 0.738282
0.987773 0.930478
0.861272 0.158774
0.37131 0.524292
0.100826 0.267024
0.911179 0.910266
0.233052 0.764266
0.125661 0.317994
0.492533 0.17332
0.608984 0.511098
0.0905466 0.301859
0.439288 0.44407
0.160819 0.715618
0.903923 0.806344
0.207635 0.847665
0.388502 0.200277
0.58763 0.376276
0.130755 0.448902
0.53505 0.502066
0.973203 0.635836
0.76909 0.884373
0.546142 0.00214199
0.648639 0.671804
0.320136 0.141172
0.845124 0.92912
0.652269 0.93567
0.230979 0.091557
0.37974 0.391799
0.807175 0.283659
0.198159 0.0148105
0.131324 0.586661
0.215088 0.718954
0.962937 0.345843
0.167857 0.497986
0.847909 0.141051
0.133862 0.616999
0.0254245 0.680004
0.619141 0.674063
0.351808 0.939276
0.815235 0.196932
0.868397 0.467504
0.132602 0.0993759
0.559061 0.512342
0.491175 0.366236
0.796001 0.689334
0.381047 0.927325
0.275995 0.596134
0.646279 0.238931
0.941973 0.814121
0.736918 0.789886
0.955187 0.87078
0.406885 0.980612
0.550784 0.0260257
0.654675 0.902592
0.965302 0.469909
0.0995239 0.833699
0.937413 0.232126
0.933075 0.496474
0.744467 0.424249
0.86271 0.540468
0.113583 0.243757
0.467793 0.389577
0.839891 0.114072
0.628509 0.781869
0.928207 0.365427
0.571755 0.883395
0.236207 0.97864
0.864013 0.786981
0.00466574 0.518681
0.689584 0.969968
0.98248 0.796288
0.803667 0.926003
0.0212332 0.736741
0.422478 0.7657
0.16099 0.285188
0.306168 0.274573
0.528945 0.773961
0.664151 0.368836
0.888033 0.292659
0.150705 0.81624
0.658086 0.72246
0.699635 0.894293
0.7011 0.563641
0.681284 0.705766
0.0823213 0.370867
0.675734 0.0709113
0.159975 0.4794
0.996915 0.181208
0.216142 0.419392
0.946908 0.377132
0.70458 0.253077
0.651705 0.233525
0.0270377 0.315856
0.602361 0.91507
0.608515 0.753066
0.731311 0.266601
0.475526 0.430945
0.160893 0.176626
0.994586 0.842177
0.882392 0.0769073
0.213044 0.558126
0.147819 0.373019
0.0375258 0.144733
0.554227 0.253667
0.564126 0.501135
0.630799 0.268706
0.754212 0.282504
0.502231 0.78125
0.59836 0.104593
0.69632 0.206875
0.857659 0.427631
0.473476 0.333185
0.858576 0.63437
0.509811 0.853162
0.476547 0.392203
0.930069 0.689591
0.950329 0.0778881
0.0626104 0.987855
0.222621 0.616837
0.241522 0.786747
0.117973 0.872321
0.0554527 0.872185
0.154825 0.557684
0.653435 0.753186
0.662276 0.349755
0.960061 0.519935
0.777386 0.433537
0.85312 0.635962
0.0679069 0.362932
0.489124 0.544454
0.755135 0.419193
0.234045 0.705464
0.497082 0.296656
0.693318 0.719703
0.913493 0.93484
0.50645 0.0314658
0.807161 0.561902
0.903651 0.961987
0.119586 0.557085
0.715172 0.781863
0.90684 0.675233
0.301798 0.684226
0.108771 0.154918
0.320188 0.176677
0.51785 0.809312
0.721131 0.272985
0.228505 0.955176
0.981711 0.718025
0.251832 0.671767
0.44529 0.165325
0.606607 0.951739
0.196791 0.413768
0.513642 0.100441
0.375755 0.633228
0.657527 0.0909271
0.415091 0.564367
0.76616 0.716888
0.248593 0.874931
0.871806 0.56878
0.0516085 0.389656
0.378092 0.77274
0.662641 0.606597
0.727916 0.64109
0.332184 0.979748
0.312856 0.777474
0.145073 0.919463
0.729213 0.341864
0.333231 0.242855
0.442306 0.708986
0.876083 0.0998326
0.799913 0.291173
0.664199 0.566074
0.00806184 0.912792
0.441005 0.879868
0.481572 0.492613
0.269525 0.859664
0.265353 0.932166
0.466262 0.993269
0.573255 0.798446
0.973018 0.886111
0.575919 0.118091
0.805575 0.305132
0.459956 0.138806
0.547987 0.902262
0.847793 0.42407
0.00209419 0.647706
0.715244 0.666294
0.21378 0.723305
0.579086 0.654784
0.603174 0.060658
0.147398 0.872698
0.920322 0.412751
0.804864 0.386584
0.40602 0.378119
0.18503 0.379038
0.264231 0.760949
0.49713 0.0698061
0.0660814 0.957085
0.208613 0.614069
0.859347 0.0564051
0.0381387 0.861441
0.704111 0.753382
0.527735 0.917891
0.476688 0.10682
0.572675 0.0798615
0.167478 0.720073
0.95256 0.0878007
0.132823 0.757424
0.474385 0.538844
0.135543 0.659414
0.917882 0.399774
0.420363 0.415012
0.469581 0.486445
0.372097 0.678193
0.100513 0.231444
0.734598 0.138652
0.092885 0.438709
0.892034 0.62062
0.3566 0.368722
0.72744 0.929275
0.448584 0.894918
0.649347 0.401143
0.980929 0.785161
0.158567 0.457104
0.321015 0.294111
0.116519 0.238897
0.693885 0.536882
0.653908 0.163466
0.0233269 0.0260051
0.841659 0.12384
0.257449 0.576257
0.262492 0.350334
0.0149661 0.154527
0.970954 0.371566
0.523249 0.698394
0.30084 0.971832
0.593312 0.950188
0.372976 0.576032
0.732358 0.531543
0.0331357 0.053373
0.825654 0.149654
0.29227 0.519539
0.686536 0.946178
0.683005 0.709863
0.972183 0.524664
0.833703 0.229632
0.100921 0.0961957
0.579966 0.115887
0.250723 0.55092
0.487453 0.773971
0.249313 0.788293
0.745804 0.842626
0.738481 0.11878
0.418658 0.470839
0.650323 0.451793
0.524212 0.475977
0.601448 0.816482
0.995516 0.287984
0.762659 0.678521
0.995325 0.733198
0.203184 0.83155
0.964474 0.304105
0.927746 0.54444
0.419992 0.178468
0.095359 0.907445
0.95244 0.344672
0.695738 0.698244
0.187298 0.434219
0.817023 0.605956
0.905058 0.467346
0.0577493 0.42927
0.943323 0.659197
0.245752 0.938838
0.947181 0.00841143
0.617359 0.945027
0.743254 0.820543
0.776577 0.707727
0.124648 0.704323
0.252167 0.54464
0.882792 0.347526
0.452085 0.835232
0.692198 0.147822
0.533475 0.879497
0.582041 0.350498
0.485453 0.487099
0.817844 0.543202
0.916574 0.760816
0.202399 0.162121
0.700005 0.14958
0.170533 0.317364
0.0946069 0.913786
0.137907 0.871184
0.621514 0.262555
0.575508 0.87368
0.807195 0.4583
0.221206 0.25928
0.293531 0.913405
0.407102 0.827006
0.792902 0.989143
0.177505 0.278355
0.476242 0.995349
0.821557 0.392611
0.715862 0.0946899
0.554733 0.456521
0.173535 0.725265
0.773885 0.268142
0.639051 0.911792
0.139327 0.260565
0.174347 0.714834
0.134245 0.981542
0.173134 0.355452
0.240822 0.466665
0.268857 0.647925
0.293671 0.0617582
0.637068 0.471176
0.340113 0.11331
0.466525 0.16167
0.505922 0.223041
0.185625 0.0606545
0.679562 0.359161
0.78592 0.453446
0.627303 0.424971
0.365238 0.766629
0.685536 0.539585
0.481464 0.819781
0.521128 0.654598
0.175232 0.76195
0.121263 0.444089
0.409875 0.414934
0.505847 0.0469428
0.88611 0.845958
0.160253 0.352634
0.00762952 0.666175
0.575675 0.193255
0.72683 0.255237
0.552415 0.512749
0.708683 0.179718
0.93772 0.0739213
0.946348 0.623256
0.613507 0.427811
0.443037 0.134635
0.0824088 0.618269
0.896585 0.203671
0.0623579 0.306459
0.618605 0.568205
0.353402 0.504715
0.414165 0.513655
0.857349 0.421794
0.179831 0.433024
0.615049 0.90666
0.688261 0.167465
0.41941 0.396944
0.347183 0.35713
0.470865 0.293531
0.980386 0.0843718
0.721342 0.423422
0.219006 0.803751
0.0416914 0.115591
0.00742211 0.104049
0.42205 0.626027
0.672254 0.775452
0.130742 0.0864192
0.289108 0.988091
0.508214 0.468938
0.421115 0.123263
0.375599 0.109376
0.290728 0.795008
0.50632 0.637911
0.152138 0.977185
0.931441 0.132524
0.0615565 0.652783
0.555947 0.280563
0.456534 0.597638
0.396154 0.463956
0.701687 0.818204
0.0899834 0.373942
0.593656 0.220725
0.460361 0.882764
0.208816 0.968574
0.351702 0.629931
0.0918375 0.727301
0.739307 0.382565
0.522309 0.245627
0.020476 0.674448
0.222812 0.951917
0.806972 0.284368
0.604701 0.362919
0.564931 0.0612347
0.960557 0.961085
0.525191 0.662244
0.779289 0.615174
0.0361858 0.372945
0.835899 0.496547
0.255709 0.0447157
0.465121 0.607411
0.674647 0.556959
0.334712 0.413954
0.939524 0.857021
0.659581 0.96
0.531469 0.882393
0.911917 0.338442
0.166761 0.516618
0.70136 0.731692
0.577852 0.661917
0.692777 0.103043
0.324161 0.472066
0.718218 0.360347
0.845011 0.554117
0.856894 0.10072
0.598833 0.322015
0.708131 0.27348
0.878974 0.0428437
0.687434 0.818497
0.899865 0.347016
0.778497 0.431335
0.229409 0.690414
0.769776 0.39617
0.207032 0.471137
0.127863 0.784885
0.133054 0.82064
0.887928 0.457215
0.292706 0.606146
0.817562 0.137717
0.160262 0.674456
0.238437 0.759095
0.996471 0.946569
0.032575 0.875445
0.993161 0.714653
0.693942 0.889277
0.067025 0.472439
0.320612 0.296434
0.162854 0.0903885
0.692604 0.369886
0.561525 0.820467
0.154771 0.694579
0.641107 0.0426989
0.151794 0.933813
0.648844 0.969357
0.0715297 0.809107
0.643813 0.309967
0.568202 0.640284
0.256535 0.600777
0.515729 0.245947
0.320786 0.209671
0.135225 0.387811
0.682111 0.455837
0.684245 0.844964
0.546226 0.376849
0.214851 0.107751
0.197316 0.369621
0.80233 0.838423
0.41232 0.954124
0.772721 0.0619641
0.923481 0.843764
0.870272 0.567293
0.153732 0.438474
0.207577 0.410267
0.0392506 0.723306
0.656215 0.360037
0.932966 0.791389
0.747848 0.615088
0.247277 0.432093
0.460052 0.793503
0.808943 0.674903
0.901253 0.0062588
0.0445242 0.703583
0.844682 0.456844
0.657707 0.616917
0.518009 0.581187
0.460682 0.388281
0.148481 0.614414
0.826754 0.356058
0.0246816 0.866005
0.0793639 0.680896
0.226042 0.0123411
0.472336 0.97389
0.627429 0.719613
0.405984 0.0874809
0.513116 0.214926
0.762384 0.414369
0.221185 0.806908
0.117952 0.0658666
0.263752 0.775659
0.682784 0.781762
0.356846 0.143466
0.170042 0.505327
0.75788 0.996797
0.861397 0.782545
0.862802 0.940749
0.463458 0.0888435
0.95309 0.935794
0.0627336 0.580518
0.655407 0.468717
0.667999 0.168523
0.683643 0.430383
0.582892 0.904828
0.237291 0.700844
0.970695 0.501043
0.476503 0.653479
0.282805 0.833349
0.796945 0.452847
0.338676 0.554825
0.449644 0.200061
0.337387 0.312445
0.140809 0.800846
0.401289 0.0938989
0.73664 0.464023
0.674417 0.392047
0.93274 0.342417
0.56057 0.616383
0.7728 0.143462
0.521211 0.0100907
0.844306 0.491906
0.511134 0.320808
0.145385 0.793939
0.154157 0.94233
0.246786 0.492833
0.497155 0.69643
0.692894 0.834543
0.0088752 0.833703
0.635388 0.410164
0.927602 0.372028
0.874187 0.602019
0.764075 0.806926
0.944436 0.324645
0.423309 0.717236
0.468107 0.944521
0.727326 0.312413
0.436427 0.23846
0.633221 0.581812
0.0323993 0.787378
0.524142 0.279185
0.280211 0.0212973
0.975615 0.973105
0.85584 0.98449
0.806808 0.491228
0.394654 0.734409
0.863256 0.268841
0.336428 0.627331
0.0757673 0.280864
0.951976 0.499077
0.9981 0.420084
0.443597 0.725426
0.732496 0.880024
0.963886 0.365717
0.461836 0.996285
0.153095 0.985978
0.275471 0.433306
0.00727569 0.251086
0.406411 0.863116
0.235576 0.213219
0.354343 0.630231
0.947628 0.217599
0.899072 0.284056
0.844931 0.974839
0.56492 0.796907
0.473916 0.56302
0.216991 0.917513
0.288446 0.949487
0.797537 0.252332
0.315204 0.259374
0.248617 0.468299
0.245352 0.524088
0.901605 0.252628
0.775174 0.308016
0.115743 0.0107506
0.521235 0.470087
0.640981 0.468863
0.687686 0.540053
0.752919 0.532617
0.514892 0.317839
0.329524 0.988808
0.880859 0.546514
0.906321 0.169305
0.496001 0.703859
0.421637 0.811205
0.961839 0.669002
0.279505 0.208584
0.194343 0.18111
0.461212 0.969517
0.489126 0.576955
0.980267 0.0103613
0.0470422 0.621249
0.479224 0.734728
0.161302 0.232143
0.267345 0.676194
0.549982 0.596869
0.665002 0.430841
0.143384 0.571324
0.600146 0.639385
0.275182 0.0217826
0.45059 0.238414
0.692037 0.730095
0.446999 0.88638
0.911205 0.908211
0.855896 0.400331
0.485166 0.836164
0.410693 0.532209
0.457413 0.889917
0.266937 0.618715
0.12206 0.534282
0.294909 0.672042
0.131151 0.959912
0.102883 0.274535
0.531235 0.703028
0.913925 0.806389
0.724811 0.36451
0.044832 0.416848
0.094605 0.491831
0.303228 0.00580986
0.400042 0.159124
0.406141 0.885208
0.996341 0.817434
0.417417 0.452701
0.70675 0.684354
0.0714157 0.82881
0.218636 0.366325
0.500852 0.349788
0.326236 0.603734
0.624323 0.857472
0.306763 0.538242
0.663889 0.031574
0.90278 0.708723
0.448422 0.997358
0.200552 0.75165
0.00316737 0.600594
0.910774 0.409309
0.485802 0.906062
0.226142 0.903219
0.358763 0.932893
0.587573 0.430178
0.761703 0.80621
0.796503 0.262555
0.155998 0.12274
0.866296 0.780305
0.980211 0.173052
0.318563 0.644101
0.204626 0.221315
0.352822 0.653048
0.218673 0.553374
0.404697 0.22184
0.153968 0.315471
0.631149 0.63977
0.221533 0.857291
0.542989 0.580296
0.790184 0.130563
0.0104743 0.551887
0.936777 0.806962
0.813296 0.093621
0.929717 0.68073
0.873091 0.909929
0.853782 0.191654
0.554029 0.0584074
0.412969 0.906851
0.711455 0.631642
0.460225 0.116153
0.853482 0.614193
0.431624 0.484631
0.253963 0.653157
0.341922 0.796952
0.233453 0.132106
0.927515 0.243927
0.683992 0.864288
0.0509046 0.498434
0.957058 0.980622
0.179164 0.830149
0.89055 0.0329453
0.0218029 0.444579
0.0913527 0.434772
0.35143 0.802808
0.0664138 0.811655
0.91896 0.919896
0.425848 0.350584
0.404527 0.679811
0.00374096 0.746449
0.476764 0.237194
0.878554 0.404279
0.481121 0.562547
0.268567 0.532025
0.0609803 0.225626
0.512647 0.240144
0.0557749 0.403197
0.273089 0.0775778
0.847777 0.364442
0.51235 0.199207
0.16725 0.578764
0.0108624 0.0862102
0.498659 0.436711
0.436794 0.903186
0.116522 0.440535
0.649635 0.593286
0.677729 0.528189
0.997565 0.15885
0.0907359 0.266132
0.690875 0.151716
0.491757 0.203522
0.39186 0.547532
0.606719 0.664949
0.62511 0.454496
0.0293915 0.13746
0.653703 0.196641
0.716223 0.664566
0.282851 0.214883
0.101276 0.719646
0.118069 0.217798
0.160181 0.767703
0.811084 0.83791
0.295893 0.808648
0.99676 0.386628
0.0747798 0.687635
0.538345 0.566537
0.891157 0.930205
0.114069 0.497876
0.595154 0.739179
0.952372 0.624546
0.876639 0.606075
0.821187 0.592862
0.270641 0.104039
0.807744 0.371917
0.823684 0.925813
0.589715 0.983865
0.693517 0.400799
0.821775 0.989409
0.209447 0.818535
0.376038 0.284227
0.506169 0.914382
0.850764 0.397326
0.844587 0.964833
0.895202 0.439741
0.704012 0.847574
0.0642871 0.58065
0.45365 0.885474
0.173512 0.724291
0.989513 0.981257
0.0962079 0.813197
0.90707 0.685923
0.797062 0.600586
0.086722 0.618837
0.589996 0.296169
0.437372 0.966033
0.580396 0.943541
0.880416 0.43116
0.340867 0.725003
0.395993 0.236069
0.164744 0.100005
0.0836436 0.229031
0.680655 0.537293
0.114505 0.854167
0.261584 0.104018
0.835424 0.357792
0.919112 0.740456
0.043715 0.714277
0.34308 0.130437
0.333114 0.933076
0.426606 0.770486
0.899109 0.00700179
0.714027 0.779525
0.438161 0.0548942
0.504528 0.834154
0.290963 0.669272
0.934159 0.374607
0.898303 0.614814
0.9119 0.0128082
0.468981 0.173484
0.116826 0.304405
0.531276 0.0340409
0.0468985 0.574991
0.748318 0.389979
0.705428 0.081432
0.323055 0.132034
0.851918 0.222164
0.139036 0.565945
0.00168869 0.577197
0.620839 0.506216
0.411352 0.911803
0.175488 0.34551
0.28641 0.073791
0.960324 0.19831
0.0865992 0.429305
0.371795 0.203425
0.733709 0.903071
0.237466 0.780608
0.478062 0.985784
0.170587 0.18349
0.0672161 0.493641
0.315525 0.919134
0.715805 0.454561
0.485079 0.717494
0.0317579 0.105919
0.22371 0.443109
0.0177215 0.399198
0.78862 0.304131
0.472989 0.748943
0.502442 0.559588
0.178248 0.874237
0.763014 0.911957
0.685684 0.178619
0.692565 0.25537
0.986264 0.863152
0.43886 0.05348
0.356793 0.754385
0.972614 0.0725983
0.208946 0.457693
0.790092 0.240703
0.563612 0.0138021
0.683813 0.581334
0.413 0.472432
0.885465 0.885989
0.221376 0.387907
0.445578 0.399624
0.262144 0.208592
0.311581 0.0394513
0.209071 0.00414622
0.294821 0.195335
0.867298 0.733682
0.248815 0.224091
0.488067 0.221429
0.29669 0.697012
0.679123 0.0867816
0.937716 0.242735
0.100584 0.621529
0.824068 0.513584
0.0939613 0.709533
0.399574 0.315337
0.0974402 0.845152
0.714961 0.359584
0.0537432 0.0265417
0.399035 0.262815
0.0306879 0.693856
0.45815 0.897986
0.427538 0.706965
0.122077 0.915605
0.928395 0.418767
0.612617 0.607518
0.505549 0.550333
0.850252 0.606132
0.171862 0.674321
0.119716 0.265824
0.383854 0.51929
0.581161 0.481294
0.364442 0.296121
0.840878 0.418185
0.322663 0.239913
0.681 0.353351
0.933769 0.13915
0.251337 0.361307
0.846115 0.373414
0.276912 0.77451
0.792181 0.88953
0.382027 0.29773
0.439863 0.23228
0.903862 0.611725
0.9066 0.0235789
0.877549 0.290454
0.542869 0.458709
0.771748 0.907311
0.754831 0.612626
0.325496 0.0774937
0.852539 0.0064951
0.430845 0.786308
0.145645 0.682181
0.147615 0.99176
0.0555958 0.424527
0.76627 0.847777
0.314057 0.148297
0.145507 0.75392
0.380577 0.0493696
0.365645 0.287177
0.0729486 0.243193
0.577631 0.615818
0.701903 0.349379
0.523128 0.456734
0.962005 0.848624
0.534227 0.814544
0.855119 0.965072
0.600851 0.000763678
0.647253 0.748466
0.999497 0.700137
0.172994 0.758793
0.550626 0.48705
0.90709 0.696133
0.24097 0.287667
0.745503 0.606614
0.574843 0.818452
0.849808 0.152474
0.434269 0.551711
0.501853 0.957397
0.00844404 0.463858
0.806021 0.542671
0.278402 0.66114
0.507743 0.879253
0.661904 0.154996
0.62772 0.654427
0.857853 0.800698
0.41322 0.408472
0.287764 0.32031
0.104605 0.528733
0.607977 0.850108
0.135347 0.182821
0.668559 0.985155
0.335295 0.102829
0.536866 0.837148
0.060226 0.54531
0.301007 0.866247
0.087981 0.579409
0.527387 0.595724
0.458662 0.189291
0.75072 0.0863821
0.843719 0.608566
0.887095 0.256939
0.0170374 0.174859
0.577249 0.121642
0.703592 0.185227
0.97175 0.83894
0.368047 0.64031
0.824095 0.703342
0.743138 0.360961
0.54049 0.803364
0.906272 0.841494
0.669611 0.994252
0.420906 0.196999
0.589976 0.879568
0.38629 0.340696
0.96595 0.230009
0.949262 0.853045
0.486948 0.966299
0.0279047 0.0641971
0.0879415 0.731497
0.249424 0.0596917
0.570437 0.617471
0.700001 0.394532
0.320813 0.443139
0.755492 0.861303
0.246503 0.661763
0.7028 0.916115
0.656014 0.123706
0.113113 0.24599
0.00327417 0.499403
0.586686 0.969224
0.729412 0.535948
0.82227 0.21636
0.502247 0.850175
0.280557 0.590189
0.581671 0.52998
0.64988 0.152108
0.147451 0.349881
0.54664 0.468264
0.793021 0.302132
0.329567 0.0395243
0.963894 0.0323672
0.955639 0.619909
0.156073 0.0687525
0.865898 0.159348
0.568156 0.452584
0.128572 0.297568
0.988532 0.950842
0.513928 0.490779
0.801016 0.794485
0.0809676 0.382688
0.324465 0.730848
0.534796 0.471916
0.0807294 0.0814353
0.94018 0.87375
0.383567 0.269747
0.913275 0.347461
0.302114 0.868914
0.96737 0.458187
0.937668 0.833263
0.617535 0.505822
0.285853 0.746107
0.80339 0.274385
0.696948 0.317318
0.765164 0.497965
0.111803 0.846132
0.880652 0.436268
0.57698 0.415448
0.908184 0.657709
0.496883 0.848364
0.531459 0.88045
0.118111 0.444734
0.227912 0.420225
0.313647 0.195282
0.878412 0.251313
0.0285504 0.495947
0.757136 0.314403
0.242054 0.560526
0.588788 0.939002
0.877844 0.353952
0.436967 0.989647
0.200084 0.31762
0.425915 0.777064
0.733068 0.334099
0.434773 0.229951
0.182463 0.966232
0.110402 0.300574
0.410965 0.338313
0.720799 0.724613
0.533595 0.599211
0.975926 0.562146
0.0951585 0.733062
0.876549 0.337213
0.293587 0.465337
0.276215 0.171431
0.81929 0.713182
0.161078 0.0193737
0.0308019 0.586993
0.796437 0.76387
0.921091 0.23121
0.993821 0.103554
0.197442 0.104222
0.404128 0.608407
0.442536 0.124927
0.33302 0.976131
0.724138 0.308946
0.538277 0.819296
0.0420074 0.414826
0.156509 0.335595
0.880163 0.432724
0.507026 0.699453
0.145906 0.668104
0.718827 0.176708
0.255097 0.515264
0.940578 0.176189
0.746474 0.934399
0.279743 0.943915
0.0386212 0.683871
0.552322 0.481157
0.808797 0.885342
0.457288 0.532935
0.194287 0.995565
0.352232 0.236295
0.410391 0.508741
0.57189 0.290555
0.941465 0.0789159
0.990008 0.0873711
0.74702 0.708835
0.264079 0.00211744
0.224099 0.204657
0.178306 0.970573
0.139056 0.458049
0.914488 0.177677
0.14192 0.46681
0.658834 0.950717
0.352152 0.116123
0.483652 0.546439
0.111688 0.835884
0.782734 0.522079
0.344625 0.354624
0.812634 0.28609
0.43354 0.802642
0.373461 0.18056
0.511477 0.63754
0.182678 0.735576
0.842197 0.360984
0.706148 0.981253
0.819032 0.620636
0.15893 0.960952
0.0874462 0.817765
0.911669 0.439598
0.933887 0.395322
0.986038 0.0455752
0.231206 0.768772
0.567655 0.575831
0.123396 0.380289
0.86192 0.556935
0.182931 0.235381
0.737496 0.694408
0.872921 0.920173
0.429984 0.715118
0.281157 0.136132
0.696371 0.100189
0.756768 0.855302
0.0611414 0.844214
0.673066 0.972811
0.283812 0.606954
0.368133 0.26985
0.652529 0.599339
0.0386213 0.220183
0.175169 0.162017
0.600472 0.0370898
0.718952 0.783404
0.272471 0.456448
0.477812 0.145392
0.376621 0.907795
0.86051 0.657778
0.0439269 0.556881
0.757967 0.800695
0.412183 0.819108
0.644909 0.0852493
0.791919 0.928721
0.692203 0.160052
0.19857 0.344732
0.75939 0.237192
0.564915 0.93456
0.399209 0.165388
0.97165 0.118161
0.948791 0.244121
0.574609 0.426603
0.389512 0.95123
0.334398 0.250022
0.609008 0.378325
0.806903 0.366975
0.17902 0.219086
0.186083 0.823928
0.304336 0.978003
0.752649 0.996538
0.138054 0.951219
0.34127 0.897445
0.188411 0.906185
0.832005 0.587619
0.071573 0.803654
0.70578 0.0203641
0.047775 0.280389
0.446967 0.437287
0.231619 0.781365
0.687309 0.840627
0.15969 0.494213
0.207602 0.338709
0.713299 0.393685
0.162637 0.0176348
0.371688 0.915286
0.0141733 0.509742
0.866506 0.355444
0.407187 0.0549163
0.261629 0.239192
0.642536 0.333202
0.0428465 0.348316
0.353566 0.0906215
0.628705 0.800533
0.527909 0.860325
0.581898 0.215218
0.700952 0.741587
0.709431 0.908554
0.0802966 0.42273
0.302239 0.242934
0.440365 0.673927
0.15822 0.454538
0.18367 0.0247258
0.809982 0.590857
0.0796421 0.0716108
0.830049 0.722178
0.404813 0.872896
0.0704937 0.758379
0.971418 0.690304
0.558912 0.491426
0.559523 0.140809
0.706644 0.260475
0.882397 0.416075
0.169029 0.962693
0.838806 0.471268
0.205627 0.279171
0.145196 0.363848
0.733709 0.328866
0.388573 0.543691
0.919723 0.468215
0.615302 0.749772
0.190393 0.0201146
0.622668 0.260887
0.778493 0.586185
0.960086 0.337405
0.0776112 0.519609
0.478214 0.784256
0.780084 0.360611
0.200331 0.949113
0.323304 0.0391366
0.420382 0.528931
0.318307 0.565577
0.892779 0.0520166
0.894443 0.281352
0.595708 0.814166
0.749568 0.21101
0.563938 0.939961
0.231124 0.186606
0.200847 0.00961741
0.772791 0.160933
0.347022 0.850402
0.680542 0.825236
0.634657 0.460627
0.185847 0.834988
0.40974 0.509151
0.874128 0.830119
0.0380826 0.192432
0.395699 0.930861
0.244449 0.290142
0.212213 0.840156
0.104308 0.961781
0.051166 0.668245
0.901742 0.28229
0.854851 0.102589
0.291908 0.627642
0.263522 0.63893
0.478043 0.944064
0.464166 0.112701
0.404691 0.650013
0.947682 0.814421
0.159165 0.821814
0.644552 0.197247
0.0142462 0.0402513
0.128109 0.258695
0.330393 0.340322
0.0988514 0.434701
0.302103 0.150017
0.102946 0.203845
0.432308 0.957797
0.306434 0.724215
0.585439 0.569956
0.363145 0.0634823
0.51402 0.827311
0.176183 0.918711
0.477325 0.123872
0.733142 0.636489
0.945686 0.377695
0.833737 0.959932
0.417946 0.961845
0.218627 0.748339
0.302168 0.317479
0.18304 0.604271
0.467496 0.285986
0.808116 0.899804
0.243784 0.114549
0.624019 0.829222
0.684505 0.987164
0.892705 0.198526
0.783684 0.110364
0.117237 0.2918
0.19276 0.85038
0.928289 0.138446
0.228074 0.762026
0.0983789 0.64602
0.723871 0.317006
0.394359 0.0260384
0.634485 0.577399
0.630309 0.101981
0.863386 0.438425
0.00178536 0.10717
0.552974 0.625804
0.936392 0.23748
0.612968 0.829097
0.436006 0.427443
0.897985 0.553243
0.719243 0.0907449
0.403622 0.647532
0.229191 0.631697
0.409557 0.32757
0.277717 0.133428
0.644577 0.672076
0.159467 0.279062
0.249476 0.789776
0.381043 0.112861
0.228201 0.382829
0.220031 0.781175
0.0086329 0.156423
0.0186544 0.621601
0.98552 0.45466
0.0490444 0.883505
0.0079029 0.768287
0.97425 0.411525
0.415819 0.203441
0.043222 0.825377
0.531011 0.320939
0.958805 0.175588
0.993015 0.118272
0.454649 0.24249
0.908049 0.835682
0.355352 0.136248
0.218521 0.575383
0.917423 0.227154
0.731806 0.936078
0.848755 0.717326
0.390738 0.897799
0.600831 0.398641
0.666087 0.57508
0.794036 0.107949
0.778521 0.853388
0.907283 0.309532
0.174327 0.866088
0.48512 0.167342
0.984359 0.939769
0.409832 0.892407
0.775461 0.765184
0.351459 0.667196
0.340567 0.946079
0.221136 0.0723726
0.882157 0.0698914
0.789698 0.272894
0.967691 0.390529
0.671535 0.633778
0.965609 0.481701
0.715684 0.74413
0.335089 0.622966
0.0536621 0.509416
0.489054 0.538782
0.676757 0.473413
0.478551 0.0865891
0.365821 0.254012
0.851773 0.394476
0.247994 0.19234
0.340555 0.469131
0.264712 0.222712
0.539022 0.0544107
0.495606 0.506713
0.44494 0.167141
0.140491 0.410549
0.648842 0.856175
0.154679 0.983931
0.479141 0.208341
0.493346 0.968195
0.747123 0.170103
0.441608 0.225673
0.256692 0.807429
0.479685 0.108465
0.201905 0.72768
0.300805 0.54246
0.196811 0.565517
0.765172 0.735833
0.619928 0.260778
0.242546 0.0648674
0.427919 0.383037
0.475416 0.0767607
0.239212 0.630095
0.0606913 0.718353
0.838436 0.554037
0.686548 0.585559
0.724141 0.128156
0.811232 0.980833
0.935585 0.290917
0.0892983 0.13749
0.0185972 0.390103
0.679951 0.215408
0.95562 0.445123
0.951241 0.575548
0.705901 0.193787
0.640416 0.13382
0.576824 0.115832
0.210581 0.816035
0.745927 0.271272
0.534388 0.584363
0.82531 0.220936
0.169921 0.54945
0.349092 0.981153
0.530283 0.284677
0.27207 0.619582
0.422167 0.290667
0.00968484 0.102118
0.506075 0.965305
0.547241 0.457316
0.540853 0.253142
0.651103 0.181269
0.386962 0.227927
0.297101 0.597543
0.0439623 0.0430274
0.868815 0.57835
0.62739 0.694125
0.799286 0.797311
0.243575 0.148378
0.778464 0.773858
0.433055 0.0505343
0.39344 0.855222
0.341202 0.403125
0.95734 0.847277
0.36843 0.504581
0.304593 0.909283
0.757723 0.955696
0.0905523 0.144686
0.183623 0.387653
0.742229 0.227585
0.43068 0.611044
0.763001 0.120166
0.305169 0.605222
0.855381 0.548744
0.753599 0.633846
0.322602 0.186654
0.68438 0.716042
0.0418757 0.0255816
0.119167 0.999216
0.872859 0.487597
0.503797 0.177452
0.396881 0.26152
0.133148 0.487433
0.406206 0.316772
0.875086 0.148435
0.544357 0.305766
0.759479 0.350293
0.363837 0.0646481
0.955515 0.219218
0.613392 0.709114
0.853063 0.935995
0.895768 0.537443
0.652037 0.937643
0.563025 0.771204
0.936859 0.435884
0.258802 0.440656
0.613336 0.655682
0.702176 0.746484
0.143115 0.108382
0.0632556 0.0182006
0.256817 0.607613
0.323967 0.0162962
0.956219 0.687034
0.0809443 0.91342
0.907021 0.694337
0.622534 0.760085
0.630331 0.518302
0.297528 0.282369
0.455945 0.860553
0.053573 0.392804
0.296437 0.312375
0.83346 0.909772
0.968057 0.535637
0.656256 0.111172
0.644019 0.719512
0.129372 0.900836
0.327125 0.453339
0.917132 0.28503
0.141142 0.998076
0.19845 0.0481636
0.692413 0.820984
0.808248 0.322744
0.339286 0.105777
0.605113 0.795231
0.96634 0.658591
0.188035 0.262766
0.971061 0.0214953
0.172539 0.939117
0.557132 0.828795
0.0502889 0.201151
0.548307 0.179661
0.101986 0.875432
0.633 0.0191184
0.160462 0.774142
0.0171947 0.358912
0.822306 0.709608
0.179896 0.630555
0.0323519 0.519182
0.736331 0.637465
0.314413 0.702661
0.296151 0.502448
0.965427 0.267211
0.523943 0.137966
0.206329 0.0810748
0.966761 0.256618
0.282225 0.515068
0.436279 0.384212
0.3905 0.069279
0.40333 0.550962
0.843421 0.420525
0.909875 0.665728
0.130132 0.0897707
0.296282 0.162484
0.608953 0.0326131
0.799949 0.923365
0.735274 0.0961
0.425813 0.700701
0.363311 0.949756
0.838666 0.56964
0.0308306 0.805427
0.826258 0.313056
0.320496 0.262537
0.697268 0.710996
0.331816 0.100598
0.261958 0.175237
0.521122 0.171833
0.840965 0.651255
0.261603 0.137247
0.813739 0.870556
0.16986 0.613688
0.793921 0.905133
0.709788 0.219734
0.605834 0.0730996
0.16949 0.4445
0.64274 0.200321
0.249928 0.468998
0.513377 0.570423
0.731535 0.210644
0.281419 0.0633503
0.311242 0.543377
0.238587 0.832364
0.71521 0.0795522
0.483619 0.976813
0.216799 0.297358
0.847369 0.386659
0.911047 0.64129
0.291792 0.620835
0.861024 0.897626
0.693934 0.0305139
0.342127 0.336674
0.230834 0.592054
0.805672 0.744211
0.162477 0.537206
0.954855 0.443896
0.600557 0.266097
0.987273 0.839144
0.0984615 0.702483
0.918696 0.582081
0.679296 0.135495
0.879439 0.526664
0.522154 0.790486
0.167954 0.813946
0.41132 0.0289782
0.711572 0.105255
0.0594921 0.0536989
0.441929 0.290327
0.645753 0.247601
0.0345376 0.808231
0.784807 0.989393
0.252127 0.385364
0.25549 0.2394
0.224508 0.353951
0.941883 0.143204
0.936032 0.621179
0.278699 0.815471
0.147843 0.800853
0.605957 0.315797
0.614799 0.0172772
0.344775 0.326371
0.122532 0.404267
0.38007 0.56446
0.694594 0.0258235
0.812061 0.729131
0.834054 0.596868
0.718524 0.086181
0.982232 0.974014
0.325581 0.206739
0.327965 0.267464
0.349943 0.263997
0.888643 0.628642
0.0794687 0.0364855
0.429495 0.685426
0.352283 0.0442946
0.702703 0.697058
0.370666 0.825234
0.101325 0.750736
0.389695 0.795919
0.77656 0.201756
0.52505 0.610614
0.798624 0.243575
0.696795 0.780856
0.217589 0.0223759
0.987595 0.545554
0.28984 0.337538
0.809552 0.178483
0.96618 0.88902
0.214968 0.395676
0.574446 0.567251
0.439971 0.277149
0.264308 0.810637
0.102383 0.365634
0.561373 0.492078
0.161553 0.337933
0.693834 0.686603
0.948546 0.492458
0.930178 0.645341
0.273314 0.147766
0.667717 0.260909
0.69332 0.957557
0.598447 0.502872
0.13604 0.564627
0.391892 0.351008
0.960304 0.966338
0.918258 0.400274
0.243486 0.182567
0.210911 0.345869
0.5482 0.772284
0.837947 0.709753
0.110216 0.531781
0.396356 0.0587628
0.0242393 0.326533
0.704104 0.297553
0.474299 0.371821
0.558462 0.16762
0.329378 0.156908
0.670492 0.465417
0.721536 0.0623835
0.816425 0.68184
0.0287213 0.734683
0.0821139 0.272208
0.91725 0.293025
0.618077 0.46545
0.0653089 0.456024
0.175202 0.175525
0.987805 0.571558
0.234288 0.0120448
0.898091 0.938392
0.309598 0.372391
0.310213 0.868059
0.54001 0.63959
0.0249677 0.210502
0.105007 0.746504
0.272886 0.921432
0.428343 0.301607
0.656115 0.510457
0.573815 0.573365
0.803482 0.191891
0.0388143 0.868791
0.647916 0.214017
0.0443162 0.635721
0.785575 0.278604
0.647766 0.683666
0.216996 0.957364
0.056057 0.527209
0.825423 0.596067
0.166799 0.850391
0.806569 0.271806
0.596894 0.079455
0.193238 0.0252373
0.381062 0.849353
0.535694 0.954876
0.422718 0.339176
0.146768 0.461532
0.207967 0.794684
0.675549 0.252283
0.430405 0.461124
0.530887 0.0781707
0.14479 0.747884
0.0355344 0.200847
0.275092 0.860957
0.796914 0.441891
0.711348 0.603484
0.713697 0.308242
0.682939 0.906935
0.333479 0.0640006
0.756288 0.869174
0.018877 0.179006
0.20835 0.165645
0.640538 0.416317
0.960328 0.316087
0.6686 0.390733
0.77721 0.199488
0.468904 0.922
0.947371 0.504438
0.122847 0.222464
0.365396 0.919761
0.664355 0.0767436
0.523245 0.378052
0.384986 0.206184
0.284988 0.718465
0.270184 0.041276
0.587639 0.289061
0.220282 0.795989
0.454706 0.86082
0.212306 0.415035
0.176907 0.880907
0.805768 0.954117
0.0803943 0.274672
0.876117 0.0277658
0.77911 0.998964
0.25023 0.144505
0.918725 0.914585
0.221249 0.44197
0.292637 0.606235
0.648153 0.577624
0.3247 0.918338
0.6189 0.912339
0.207399 0.839183
0.708328 0.662105
0.700002 0.920634
0.0771397 0.876909
0.801541 0.882907
0.831026 0.881935
0.157579 0.707142
0.909701 0.936689
0.706106 0.15993
0.0811939 0.624831
0.0745149 0.302443
0.0668006 0.367152
0.908703 0.714955
0.944776 0.233377
0.633292 0.563677
0.145716 0.840691
0.402859 0.854044
0.502796 0.102862
0.774678 0.579936
0.979771 0.576219
0.462843 0.810796
0.458154 0.620422
0.517939 0.367854
0.557111 0.224045
0.527785 0.638305
0.848876 0.6023
0.940747 0.915676
0.969451 0.849424
0.63063 0.914228
0.0828018 0.263922
0.477904 0.228518
0.104613 0.880764
0.0825616 0.607409
0.983625 0.857239
0.187345 0.963396
0.433458 0.650188
0.774192 0.891612
0.27061 0.292131
0.259466 0.827721
0.516176 0.787251
0.466025 0.365051
0.389551 0.406773
0.280728 0.359002
0.256197 0.911358
0.27323 0.338999
0.17528 0.751134
0.567517 0.279893
0.631898 0.650078
0.887302 0.615523
0.507318 0.0746465
0.578919 0.940776
0.724834 0.353111
0.832388 0.995444
0.645241 0.0918547
0.823165 0.161417
0.879106 0.28919
0.526469 0.268657
0.695963 0.807196
0.627659 0.95216
0.718554 0.900889
0.291159 0.893834
0.652023 0.858676
0.173727 0.283921
0.508755 0.0610292
0.899444 0.0160728
0.135676 0.478362
0.956849 0.86051
0.831473 0.789237
0.855954 0.476715
0.881092 0.679119
0.638132 0.760198
0.96831 0.1646
0.0288545 0.664273
0.971825 0.656494
0.616433 0.690351
0.557402 0.907592
0.584185 0.209425
0.766268 0.757912
0.493346 0.275023
0.818941 0.39279
0.291096 0.954617
0.871152 0.247945
0.815127 0.702625
0.0371826 0.671082
0.17934 0.918275
0.350201 0.817471
0.678473 0.318511
0.989577 0.699644
0.982784 0.953868
0.363841 0.599216
0.644219 0.921243
0.506809 0.228403
0.130668 0.273077
0.986328 0.624004
0.5481 0.805257
0.0168042 0.839196
0.759874 0.887956
0.0871414 0.575002
0.590582 0.124324
0.246083 0.769921
0.0425986 0.596285
0.587393 0.721071
0.914796 0.569464
0.428398 0.897579
0.523332 0.792239
0.496796 0.167551
0.713482 0.00360428
0.395954 0.84415
0.276682 0.38227
0.468164 0.824782
0.187527 0.484969
0.663978 0.947401
0.372925 0.751119
0.522403 0.963507
0.8755 0.768463
0.733428 0.918042
0.364771 0.320821
0.639113 0.279566
0.890285 0.0675115
0.177145 0.413618
0.85975 0.673941
0.581169 0.573232
0.677545 0.977123
0.417382 0.954227
0.359393 0.885547
0.779009 0.54692
0.370516 0.442987
0.494321 0.743441
0.194106 0.0167241
0.706947 0.0695497
0.78521 0.440375
0.987592 0.149981
0.761196 0.626705
0.429548 0.651482
0.694216 0.606693
0.0650991 0.553967
0.280634 0.646268
0.127199 0.958179
0.623391 0.544582
0.912406 0.982783
0.430129 0.691415
0.529703 0.800644
0.134401 0.0240244
0.544085 0.328508
0.0407485 0.251032
0.398057 0.825959
0.691408 0.385649
0.97594 0.452604
0.012354 0.405488
0.104086 0.70657
0.0121809 0.169185
0.260537 0.292815
0.815452 0.387737
0.250994 0.438843
0.932318 0.1634
0.421626 0.362447
0.854815 0.95133
0.163091 0.989217
0.983265 0.696974
0.317724 0.0161026
0.965528 0.704494
0.842061 0.649617
0.101431 0.818002
0.102221 0.113785
0.223489 0.206307
0.820355 0.23567
0.375491 0.0808925
0.528485 0.190944
0.468629 0.779479
0.629787 0.400947
0.94288 0.0514131
0.763394 0.797695
0.00274265 0.926485
0.786911 0.978097
0.633662 0.104636
0.994199 0.59187
0.820418 0.836261
0.241487 0.921848
0.654262 0.343708
0.0356334 0.877752
0.550014 0.855989
0.113422 0.925506
0.936881 0.641907
0.11645 0.40551
0.421387 0.746236
0.806457 0.364267
0.797649 0.569851
0.161961 0.800392
0.496337 0.948873
0.778489 0.129998
0.0535087 0.772688
0.721869 0.873926
0.608949 0.963356
0.795775 0.263211
0.307064 0.831408
0.140963 0.857078
0.687397 0.254385
0.782584 0.624278
0.896292 0.899033
0.0297879 0.317679
0.64527 0.836245
0.681945 0.442919
0.406097 0.843906
0.243311 0.902433
0.716258 0.154297
0.0324317 0.846288
0.794488 0.7543
0.720214 0.403436
0.717656 0.515989
0.666647 0.0247199
0.347397 0.80761
0.881798 0.0347938
0.0619943 0.664382
0.659072 0.958286
0.563415 0.688859
0.275965 0.208685
0.525105 0.95791
0.651604 0.931201
0.801816 0.894915
0.833634 0.594596
0.916714 0.866064
0.440884 0.711202
0.620367 0.161098
0.114638 0.338023
0.677087 0.781285
0.362743 0.024484
0.588895 0.244541
0.0592778 0.650889
0.908946 0.718349
0.609175 0.472338
0.407209 0.88514
0.681023 0.932314
0.84305 0.332626
0.863515 0.644866
0.227541 0.697149
0.239462 0.144255
0.563215 0.680345
0.855457 0.183582
0.841443 0.970095
0.521605 0.51853
0.75138 0.884347
0.543014 0.340275
0.128888 0.602292
0.991164 0.0378106
0.320641 0.600339
0.510148 0.72785
0.485479 0.191171
0.660164 0.328529
0.523797 0.523679
0.970568 0.746288
0.220828 0.212856
0.895596 0.784035
0.893201 0.751051
0.969125 0.725479
0.721147 0.48923
0.253175 0.472527
0.373577 0.796189
0.812802 0.502465
0.398481 0.803966
0.540275 0.719122
0.404305 0.0504238
0.446973 0.889784
0.241595 0.107137
0.218313 0.765392
0.630815 0.191707
0.51673 0.851643
0.404564 0.412324
0.635686 0.297765
0.163375 0.603311
0.0324096 0.884522
0.0925407 0.285584
0.357049 0.466118
0.0817732 0.169851
0.968582 0.480254
0.973816 0.508858
0.199376 0.378121
0.559282 0.646349
0.267905 0.800876
0.753485 0.486218
0.566268 0.384301
0.677925 0.0829985
0.235944 0.0824889
0.495323 0.87163
0.380254 0.658698
0.474941 0.412664
0.54322 0.567481
0.698248 0.900268
0.033599 0.780021
0.070119 0.0021815
0.260275 0.0439354
0.511039 0.459651
0.422057 0.0703212
0.106 0.689962
0.871198 0.859484
0.17618 0.437466
0.243786 0.854106
0.520464 0.47973
0.936595 0.015787
0.351359 0.316849
0.674485 0.8263
0.729512 0.217705
0.393782 0.42776
0.117973 0.427381
0.207781 0.188092
0.429562 0.468056
0.232027 0.940602
0.927707 0.654084
0.0109227 0.0337077
0.344046 0.88212
0.893193 0.520227
0.319586 0.136979
0.374332 0.84005
0.616709 0.310927
0.855837 0.968068
0.627776 0.530322
0.794369 0.357288
0.748027 0.18815
0.785048 0.866
0.615531 0.992829
0.0540924 0.0450927
0.460885 0.28612
0.985694 0.388592
0.940204 0.996617
0.4223 0.284251
0.878737 0.315493
0.804477 0.198323
0.452472 0.17881
0.0383738 0.0691816
0.489737 0.894211
0.0372501 0.117512
0.424534 0.831619
0.4748 0.172561
0.0197688 0.259847
0.0385612 0.635299
0.252676 0.0926535
0.680392 0.713561
0.378773 0.666086
0.102153 0.318977
0.662703 0.524453
0.603228 0.541441
0.839946 0.407705
0.739764 0.292418
0.586515 0.778138
0.3616 0.0762516
0.672349 0.39885
0.193764 0.096883
0.230468 0.668564
0.269444 0.250237
0.928411 0.308005
0.885537 0.181087
0.400659 0.565929
0.894652 0.779421
0.232015 0.996801
0.0984095 0.894719
0.521253 0.701637
0.436159 0.361199
0.109343 0.175923
0.653617 0.695858
0.954061 0.0152164
0.772109 0.62641
0.414066 0.965873
0.723293 0.644534
0.634437 0.992737
0.894772 0.562848
0.300742 0.780308
0.743935 0.701401
0.346237 0.638583
0.480833 0.578252
0.635383 0.579242
0.472971 0.156636
0.28088 0.90913
0.517835 0.390222
0.0850533 0.171452
0.0860801 0.0391145
0.186668 0.858189
0.665525 0.600734
0.824062 0.388818
0.245269 0.458499
0.381556 0.14004
0.0213467 0.682298
0.920423 0.765049
0.383699 0.266585
0.403864 0.864532
0.829988 0.0734137
0.443774 0.317808
0.195884 0.724654
0.226938 0.713719
0.114876 0.311991
0.885171 0.200956
0.351106 0.0718394
0.0591456 0.0166305
0.672574 0.883208
0.405449 0.917842
0.341707 0.787004
0.0578825 0.363053
0.469302 0.978231
0.128335 0.853001
0.244816 0.5322
0.717532 0.089653
0.571447 0.161306
0.407461 0.767332
0.88596 0.634399
0.473438 0.286588
0.94639 0.366222
0.201793 0.297496
0.438062 0.260938
0.314126 0.110635
0.144146 0.719575
0.0284778 0.485853
0.506579 0.0863603
0.848906 0.975881
0.064591 0.977241
0.828882 0.309407
0.509441 0.546414
0.39906 0.0808882
0.707721 0.806521
0.84822 0.593681
0.44092 0.329271
0.594517 0.387309
0.695493 0.79631
0.684805 0.133555
0.135844 0.909638
0.244191 0.201394
0.718506 0.272668
0.687247 0.225085
0.359029 0.536153
0.200966 0.42362
0.513395 0.0298478
0.733055 0.0229039
0.576262 0.132086
0.103724 0.283983
0.938607 0.951943
0.877664 0.379527
0.281215 0.472181
0.766836 0.976708
0.268492 0.451641
0.110263 0.32574
0.450572 0.354454
0.527134 0.169078
0.627122 0.214382
0.394162 0.986151
0.750535 0.595128
0.409771 0.263929
0.624976 0.142797
0.286765 0.201238
0.274883 0.390488
0.485221 0.21349
0.342432 0.362885
0.593017 0.623646
0.835067 0.359853
0.600354 0.103558
0.811494 0.710617
0.429298 0.262066
0.065071 0.956433
0.431143 0.692193
0.170814 0.825306
0.678344 0.921349
0.420434 0.0881145
0.185279 0.0454097
0.230912 0.472044
0.246648 0.505795
0.862532 0.731869
0.719285 0.204964
0.0947544 0.312302
0.82861 0.929821
0.672156 0.428964
0.0333794 0.48365
0.139581 0.462678
0.745716 0.204652
0.41911 0.176859
0.896845 0.589925
0.00216469 0.575189
0.511274 0.422598
0.663304 0.696553
0.468008 0.894215
0.168597 0.714656
0.40001 0.0311285
0.446525 0.119296
0.236092 0.541279
0.431598 0.064702
0.471101 0.103754
0.493666 0.50448
0.587403 0.633247
0.967158 0.333119
0.8379 0.386268
0.509978 0.734745
0.976193 0.512143
0.309934 0.487467
0.934741 0.973238
0.18402 0.402749
0.867453 0.352617
0.117405 0.267463
0.383745 0.56393
0.386759 0.619837
0.105209 0.818357
0.684539 0.57631
0.92211 0.178205
0.08079 0.509514
0.756737 0.126678
0.842632 0.649352
0.434216 0.35261
0.384097 0.410409
0.864753 0.694031
0.897885 0.799474
0.667269 0.0818963
0.202243 0.534722
0.434513 0.319648
0.802186 0.818258
0.883578 0.188945
0.438096 0.988787
0.00730151 0.122635
0.565097 0.929412
0.30084 0.645887
0.438926 0.112293
0.693835 0.281558
0.761645 0.128051
0.634168 0.145742
0.53846 0.498921
0.839774 0.436336
0.298415 0.507043
0.518232 0.500658
0.0417653 0.952745
0.820305 0.843951
0.771004 0.703883
0.0328957 0.2091
0.69267 0.0401972
0.331735 0.257768
0.969614 0.63253
0.903655 0.408535
0.744868 0.59749
0.690093 0.506514
0.725541 0.324261
0.652256 0.264001
0.823182 0.49203
0.700337 0.121597
0.999073 0.218569
0.622255 0.0408378
0.171315 0.44256
0.884789 0.942319
0.146443 0.917685
0.151418 0.839113
0.957882 0.483153
0.0968811 0.927491
0.115728 0.000536097
0.336026 0.860596
0.598026 0.0261183
0.36711 0.323567
0.350379 0.0193662
0.587568 0.173561
0.511396 0.287905
0.295158 0.510468
0.506474 0.917413
0.551306 0.677789
0.359973 0.436095
0.620108 0.506416
0.35378 0.771526
0.345529 0.311661
0.254679 0.442411
0.239152 0.370407
0.442947 0.575178
0.231004 0.0409728
0.601296 0.598114
0.36454 0.951676
0.61748 0.952108
0.125237 0.128876
0.240013 0.420395
0.639344 0.746488
0.337808 0.190651
0.424277 0.697781
0.626746 0.0443846
0.204197 0.980525
0.815911 0.549727
0.292187 0.0705898
0.992137 0.531339
0.440997 0.435084
0.106517 0.672001
0.476057 0.707813
0.270115 0.840597
0.659489 0.887595
0.792705 0.784726
0.0164706 0.0327181
0.205121 0.655815
0.779206 0.54293
0.846465 0.203482
0.240711 0.473211
0.247867 0.444908
0.453736 0.0637776
0.991649 0.743547
0.134367 0.986772
0.277262 0.575364
0.421856 0.383779
0.247365 0.897913
0.0915923 0.51748
0.73851 0.751081
0.405075 0.531215
0.535807 0.421545
0.563933 0.740929
0.0773601 0.343139
0.283859 0.923826
0.546621 0.52457
0.397037 0.794488
0.969478 0.850773
0.858266 0.964113
0.596696 0.992633
0.950885 0.873958
0.567997 0.372742
0.257737 0.815362
0.270655 0.349329
0.332842 0.00916491
0.10041 0.737917
0.54038 0.636218
0.159462 0.104313
0.377146 0.236822
0.447452 0.661005
0.160648 0.994073
0.185575 0.557684
0.788561 0.155053
0.408457 0.646826
0.119166 0.00515341
0.639459 0.0700512
0.879111 0.207457
0.442793 0.136848
0.022819 0.713448
0.486177 0.355661
0.722613 0.586588
0.0935781 0.262993
0.222805 0.25304
0.367305 0.599952
0.489862 0.814757
0.260957 0.65051
0.80883 0.446532
0.208195 0.597391
0.601584 0.616652
0.244217 0.72075
0.621805 0.883676
0.790801 0.500917
0.0911326 0.233594
0.637765 0.113952
0.947042 0.123942
0.469613 0.669655
0.71053 0.563191
0.932647 0.933335
0.816231 0.299953
0.533287 0.306093
0.11471 0.794244
0.956603 0.92354
0.240776 0.164798
0.52093 0.84236
0.78145 0.765147
0.56311 0.403255
0.648823 0.353911
0.904173 0.739954
0.587506 0.541937
0.853907 0.534548
0.665879 0.32352
0.204202 0.37641
0.886711 0.136849
0.309745 0.702942
0.436802 0.843032
0.00903578 0.551512
0.637276 0.965639
0.475052 0.878052
0.130437 0.995982
0.720412 0.911887
0.761129 0.283522
0.315143 0.409952
0.637434 0.219315
0.149908 0.224939
0.700047 0.138673
0.759487 0.427131
0.327336 0.963689
0.803541 0.214047
0.100538 0.113286
0.916989 0.537341
0.956318 0.926025
0.0888526 0.593595
0.891664 0.563904
0.460729 0.220497
0.559886 0.192059
0.933989 0.321015
0.475581 0.249131
0.730967 0.113014
0.468446 0.880875
0.337953 0.229697
0.88469 0.0974403
0.656829 0.212025
0.0611293 0.460369
0.426072 0.161668
0.573655 0.343061
0.699008 0.529973
0.269086 0.787861
0.123568 0.160751
0.351765 0.595215
0.182852 0.911651
0.787273 0.116841
0.232666 0.262854
0.365972 0.963633
0.375868 0.834417
0.844508 0.713822
0.064115 0.729198
0.811262 0.720944
0.941223 0.872391
0.181313 0.367295
0.0340591 0.754968
0.710357 0.733068
0.284942 0.979443
0.520929 0.40851
0.140194 0.872694
0.00372408 0.323046
0.784345 0.790997
0.438759 0.118212
0.0538512 0.805858
0.980644 0.42972
0.640276 0.825152
0.143541 0.704391
0.554349 0.954803
0.425334 0.495572
0.827195 0.606648
0.862868 0.861252
0.361616 0.573224
0.594321 0.646557
0.552667 0.11525
0.055067 0.692861
0.987944 0.0587911
0.0159069 0.772289
0.849788 0.455793
0.7893 0.90364
0.261652 0.769944
0.333359 0.901928
0.595096 0.4769
0.606318 0.149445
0.431704 0.0316528
0.645018 0.258898
0.6383 0.507885
0.120152 0.999916
0.0811093 0.714473
0.646474 0.633777
0.829723 0.701541
0.326638 0.817667
0.760332 0.342544
0.589955 0.61012
0.798338 0.379255
0.51376 0.0599896
0.149199 0.847119
0.962866 0.733819
0.324019 0.568235
0.894083 0.755593
0.599888 0.538758
0.0146217 0.238189
0.0466429 0.134774
0.238105 0.127752
0.849248 0.884578
0.761529 0.67897
0.586119 0.0881663
0.496637 0.346451
0.430711 0.0865926
0.956571 0.229049
0.465848 0.470331
0.289038 0.615047
0.31745 0.250955
0.359342 0.641469
0.819191 0.253082
0.397192 0.419079
0.791839 0.411814
0.657268 0.838482
0.546588 0.895373
0.966234 0.395835
0.779951 0.727763
0.0748057 0.36607
0.815929 0.571443
0.712521 0.24664
0.658036 0.669092
0.475689 0.123883
0.139422 0.764727
0.73893 0.456872
0.0156827 0.0982715
0.0983414 0.834874
0.351353 0.495534
0.253953 0.143193
0.907348 0.911221
0.981675 0.453936
0.806593 0.947909
0.849771 0.586544
0.675672 0.924577
0.952614 0.491602
0.49602 0.665135
0.738242 0.154055
0.334226 0.213931
0.277939 0.473649
0.978658 0.0168684
0.930521 0.994341
0.11514 0.0288623
0.829214 0.466493
0.524396 0.0831672
0.609686 0.431744
0.994388 0.59136
0.885684 0.800973
0.53927 0.735451
0.387525 0.214942
0.660028 0.340139
0.706544 0.156047
0.00527352 0.444786
0.310103 0.3395
0.658717 0.588041
0.813149 0.637375
0.60491 0.743669
0.631716 0.72005
0.772532 0.46093
0.186543 0.296928
0.544097 0.796228
0.728672 0.538485
0.387589 0.614351
0.339466 0.926858
0.349802 0.726991
0.1418 0.00982974
0.0671299 0.848344
0.165877 0.0724034
0.29313 0.47598
0.411903 0.951847
0.0640208 0.225052
0.589222 0.66893
0.968721 0.220937
0.38898 0.741253
0.681867 0.575523
0.0381807 0.225964
0.371751 0.766852
0.764449 0.75934
0.381204 0.103915
0.686198 0.731006
0.830906 0.827999
0.740836 0.898036
0.676343 0.906713
0.97044 0.969473
0.382692 0.382343
0.92132 0.446713
0.607395 0.510542
0.115644 0.576116
0.731479 0.504624
0.317369 0.413346
0.0801462 0.35555
0.63931 0.451897
0.122402 0.403759
0.211237 0.503606
0.507674 0.897435
0.234612 0.338581
0.725434 0.975447
0.236617 0.401777
0.88216 0.207057
0.37125 0.264853
0.589399 0.29257
0.711566 0.196794
0.803112 0.827209
0.77291 0.53459
0.331833 0.0902789
0.947936 0.411979
0.445828 0.587246
0.863876 0.56823
0.991005 0.0751134
0.0718362 0.498679
0.972549 0.306448
0.83726 0.697983
0.281895 0.0738771
0.0997598 0.164055
0.280934 0.47101
0.428908 0.870333
0.76358 0.140474
0.0671272 0.566692
0.967682 0.840036
0.101282 0.299516
0.930316 0.0492185
0.711495 0.376145
0.636464 0.575372
0.944375 0.627469
0.650485 0.0162113
0.126149 0.623034
0.322659 0.963409
0.321016 0.604555
0.0372862 0.420776
0.76861 0.31822
0.891786 0.197518
0.188553 0.655367
0.337992 0.25568
0.222059 0.305675
0.0957174 0.323341
0.605191 0.0260335
0.37256 0.316686
0.402178 0.00902421
0.892058 0.346553
0.636494 0.542543
0.362765 0.762643
0.165577 0.685424
0.726052 0.486593
0.289978 0.763338
0.90737 0.0585882
0.0815576 0.799156
0.256106 0.270111
0.454523 0.594098
0.525791 0.676582
0.899772 0.621508
0.999923 0.504963
0.647542 0.372483
0.774403 0.124828
0.381507 0.713707
0.396273 0.0180009
0.25625 0.759038
0.780643 0.421827
0.444461 0.506695
0.908423 0.734439
0.270033 0.81579
0.793028 0.35159
0.614946 0.0491339
0.621701 0.0694693
0.643231 0.147492
0.746051 0.543004
0.769 0.745974
0.0479666 0.416541
0.118458 0.869616
0.466261 0.499965
0.583323 0.862534
0.517966 0.839573
0.621571 0.298609
0.2614 0.0660328
0.805304 0.16982
0.777989 0.101901
0.98561 0.5935
0.426928 0.600557
0.642634 0.0486285
0.670026 0.285866
0.19612 0.416077
0.828869 0.96512
0.162052 0.876836
0.381661 0.280509
0.746452 0.847922
0.780474 0.329774
0.710456 0.29844
0.169347 0.332027
0.597049 0.430747
0.39806 0.402354
0.600567 0.198532
0.477691 0.586178
0.792033 0.904618
0.186734 0.434667
0.953246 0.85676
0.720533 0.149367
0.272838 0.549402
0.114487 0.43489
0.426238 0.496147
0.715399 0.17269
0.344069 0.495873
0.502464 0.0545253
0.794313 0.671811
0.386553 0.391363
0.102558 0.784613
0.793716 0.703125
0.983145 0.271407
0.289303 0.775178
0.176025 0.476037
0.209845 0.129272
0.332798 0.930378
0.278639 0.605636
0.47978 0.393125
0.0405255 0.906018
0.889273 0.755925
0.0787076 0.233342
0.251798 0.581172
0.287867 0.0461113
0.252983 0.67442
0.437474 0.355541
0.459033 0.23119
0.0586658 0.442178
0.502597 0.347969
0.217356 0.678623
0.824006 0.427201
0.807895 0.156804
0.357578 0.0865332
0.76244 0.837358
0.479658 0.802965
0.743376 0.368931
0.55889 0.822084
0.602273 0.810688
0.403255 0.890141
0.856799 0.656238
0.564561 0.294273
0.0117785 0.0235935
0.525463 0.0704443
0.456819 0.20471
0.418413 0.683127
0.706683 0.242419
0.110328 0.514577
0.399223 0.467906
0.601111 0.161662
0.305264 0.0807692
0.964627 0.0486403
0.4497 0.523517
0.870724 0.0519738
0.334205 0.273979
0.942115 0.191003
0.930217 0.506675
0.485276 0.941996
0.530269 0.0107393
0.393464 0.619974
0.0387997 0.430853
0.679167 0.745483
0.673272 0.789495
0.26006 0.072495
0.257401 0.861171
0.234157 0.562665
0.94194 0.198785
0.611305 0.39164
0.722302 0.482029
0.443614 0.0565067
0.756009 0.385729
0.24751 0.686226
0.892404 0.732786
0.628222 0.422673
0.743526 0.640662
0.418714 0.782325
0.0715151 0.0978808
0.527808 0.744787
0.887385 0.787842
0.817282 0.144776
0.649039 0.0514398
0.707441 0.590979
0.250225 0.318747
0.98262 0.972527
0.800776 0.426234
0.0290335 0.556785
0.811963 0.276544
0.243011 0.704367
0.00932991 0.871233
0.12704 0.752856
0.511895 0.545754
0.535181 0.58341
0.643634 0.0629892
0.328197 0.53101
0.850857 0.145479
0.675787 0.499897
0.196919 0.383228
0.090876 0.447144
0.701975 0.0734957
0.419671 0.502751
0.49973 0.448704
0.0595357 0.311692
0.725248 0.302547
0.0160592 0.734578
0.173779 0.143099
0.487433 0.685674
0.688853 0.0226143
0.269084 0.332487
0.0856035 0.597281
0.863498 0.936461
0.74276 0.539284
0.436358 0.93968
0.922512 0.527234
0.386824 0.624487
0.600729 0.806494
0.127238 0.100459
0.255199 0.186773
0.412151 0.980446
0.48932 0.42821
0.715024 0.663099
0.57131 0.202457
0.348773 0.260163
0.225072 0.617857
0.59265 0.310675
0.215138 0.456148
0.247136 0.957899
1.01044 0.683499
0.897578 0.917944
0.210727 0.284402
0.542431 0.811457
0.0908964 0.669669
0.911916 0.346095
0.856442 0.324067
0.326541 0.345762
0.752445 0.0416851
0.0088616 0.323586
0.244023 0.357635
0.583749 0.469095
0.975492 0.176399
0.77977 0.19063
0.632547 0.026906
0.148529 0.627979
0.7104 0.0461071
0.545923 0.921127
0.330509 0.0883536
0.732584 0.421405
0.758022 0.6445
0.7675 0.614464
0.968566 0.0940419
0.966394 0.711344
0.135607 0.969088
0.0444298 0.37963
0.326723 0.628179
0.848725 0.302215
0.804578 0.628495
0.492846 0.437125
0.655401 0.641374
0.0651033 0.365801
0.687482 0.611026
0.286928 0.0179907
0.699379 0.0195119
0.439396 0.457402
0.664012 0.206897
0.0718662 0.632578
0.300938 0.0320929
0.353421 0.436546
0.0011812 0.397851
0.816176 0.327904
0.0260299 0.664901
0.63012 0.830608
0.293396 0.122965
0.267733 0.948796
0.76434 0.332836
0.314597 0.451822
0.943862 0.601525
0.469812 0.643241
0.621037 0.909208
0.100643 0.285048
0.116105 0.172509
0.917626 0.417043
0.204602 0.271048
0.853589 0.205783
0.668899 0.669765
0.533688 0.694929
0.334666 0.163807
0.525536 0.628062
0.286773 0.793269
0.576859 0.0511128
0.126105 0.891456
0.502934 0.0699665
0.492981 0.972747
0.713208 0.114017
0.881963 0.813843
0.399066 0.99806
0.98636 0.316692
0.415103 0.190962
0.58774 0.268692
0.396745 0.256638
0.938458 0.930432
0.951567 0.273124
0.0942399 0.477104
0.901186 0.381013
0.270373 0.478045
0.432126 0.396477
0.3695 0.93506
0.466444 0.862481
0.907807 0.179652
0.973411 0.789566
0.993502 0.375564
0.787821 0.979862
0.692256 0.202925
0.170823 0.279996
0.471617 0.567568
0.536634 0.410075
0.498001 0.488201
0.683199 0.592241
0.965305 0.584385
0.973253 0.235677
0.0624294 0.405379
0.632155 0.43193
0.340439 0.0985984
0.294411 0.248245
0.27825 0.270909
0.0380069 0.271752
0.646473 0.825828
0.251614 0.338729
0.0287529 0.422437
0.618724 0.50037
0.990005 0.155358
0.910444 0.488006
0.64356 0.593643
0.0802466 0.608864
0.178028 0.0534999
0.844541 0.240457
0.458879 0.476696
0.672387 0.799318
0.575294 0.966797
0.0475629 0.853544
0.237706 0.0855698
0.125296 0.884179
0.911398 0.37691
0.222908 0.940151
0.799348 0.841632
0.440521 0.789353
0.99699 0.350965
0.277359 0.64055
0.944608 0.357606
0.249414 0.122636
0.411106 0.0939557
0.363093 0.869984
0.570652 0.0354799
0.669302 0.145946
0.00227742 0.716865
0.999491 0.239984
0.802435 0.124787
0.124163 0.713833
0.501697 0.34707
0.653984 0.301045
0.188702 0.0945046
0.0903978 0.185693
0.44547 0.367757
0.826243 0.390078
0.725363 0.0756569
0.512714 0.136468
0.169613 0.875807
0.00645277 0.740264
0.911287 0.675755
0.88621 0.913565
0.39262 0.885701
0.153548 0.195055
0.0104881 0.277711
0.908887 0.512185
0.624782 0.562871
0.81323 0.813484
0.657376 0.903628
0.999177 0.102846
0.271385 0.82542
0.492924 0.996748
0.901076 0.00563823
0.133216 0.0706891
0.881446 0.139669
0.810953 0.792733
0.815424 0.697164
0.706297 0.208043
0.582865 0.859846
0.403098 0.593353
0.137557 0.311985
0.105539 0.762339
0.874857 0.918769
0.575823 0.532233
0.822397 0.574999
0.635078 0.0937821
0.400419 0.128002
0.0905299 0.301495
0.133641 0.223746
0.372184 0.0150861
0.363415 0.183138
0.807819 0.178838
0.880302 0.514116
0.386882 0.463167
0.373962 0.78998
0.0565198 0.511519
0.101965 0.162058
0.273858 0.976822
0.0808272 0.84968
0.509054 0.903224
0.42468 0.144133
0.997006 0.825099
0.272135 0.0875363
0.126594 0.405776
0.311282 0.498779
0.420862 0.674697
0.681916 0.228681
0.853535 0.562218
0.742797 0.240417
0.025385 0.116759
0.0303971 0.0819048
0.628279 0.132362
0.243963 0.902136
0.109184 0.32479
0.751817 0.618238
0.228015 0.176497
0.762371 0.225021
0.00159543 0.0345062
0.312557 0.12819
0.440282 0.623839
0.626968 0.861143
0.298536 0.308885
0.0898241 0.152072
0.871106 0.832619
0.392489 0.896488
0.94938 0.422886
0.978393 0.577659
0.555248 0.222356
0.479795 0.664432
0.547146 0.231612
0.282671 0.775161
0.408109 0.0450421
0.000181754 0.409704
0.0795483 0.312739
0.537894 0.51983
0.936578 0.164862
0.380974 0.235115
0.473747 0.470798
0.387187 0.34485
0.303419 0.779676
0.241338 0.252799
0.202562 0.21973
0.830458 0.75781
0.442086 0.310254
0.422243 0.989233
0.541866 0.704914
0.764393 0.949975
0.749956 0.764575
0.359679 0.829504
0.077314 0.897573
0.349334 0.0138924
0.0624354 0.730308
0.249007 0.536182
0.201105 0.636194
0.881032 0.504524
0.415869 0.12237
0.757323 0.618431
0.3421 0.587781
0.376241 0.784186
0.898044 0.798461
0.773419 0.439901
0.503398 0.537812
0.389875 0.253353
0.302387 0.749555
0.0828574 0.379701
0.647128 0.432191
0.393594 0.709563
0.162499 0.642601
0.245746 0.363604
0.278794 0.126777
0.868128 0.694664
0.249147 0.625451
0.313095 0.591247
0.213233 0.689336
0.375433 0.111267
0.48782 0.148852
0.529999 0.937583
0.686664 0.941043
0.244571 0.989051
0.690598 0.327429
0.368752 0.337726
0.75962 0.762346
0.047289 0.922119
0.404947 0.293035
0.285723 0.683741
0.419812 0.153852
0.378405 0.668959
0.779303 0.6915
0.260206 0.992535
0.380836 0.635639
0.103803 0.868657
0.784491 0.65497
0.859875 0.471155
0.596013 0.104446
0.460207 0.286611
0.431874 0.828959
0.624337 0.191494
0.591305 0.671626
0.113613 0.996252
0.96466 0.399337
0.679994 0.384473
0.553188 0.0583988
0.0534317 0.332491
0.749899 0.313638
0.325027 0.130735
0.949277 0.428829
0.997764 0.73206
0.0837998 0.859267
0.204924 0.679813
0.963794 0.664992
0.966424 0.395587
0.494089 0.590761
0.587081 0.0853946
0.262387 0.700695
0.0816467 0.227048
0.100032 0.76164
0.61152 0.65322
0.820039 0.664952
0.985711 0.569938
0.97859 0.310738
0.700673 0.927867
0.739567 0.700066
