0.420297 0.764114
0.109079 0.0209162
0.477075 0.931957
0.455447 0.942423
0.581945 0.0172058
0.682815 0.0312181
0.0269113 0.525961
0.726077 0.587545
0.221773 0.175969
0.48767 0.395629
0.785368 0.990714
0.250377 0.15926
0.685853 0.274682
0.333552 0.576112
0.203247 0.555552
0.191316 0.623543
0.319666 0.300394
0.644459 0.796741
0.232351 0.0999061
0.739164 0.814297
0.117112 0.421979
0.845515 0.144023
0.94794 0.571592
0.731568 0.169714
0.747561 0.219238
0.565343 0.532929
0.209951 0.81572
0.692189 0.895805
0.0904022 0.0257407
0.471916 0.293649
0.581293 0.663232
0.917192 0.900959
0.963626 0.561651
0.6977 0.195977
0.661557 0.436864
0.0102742 0.778669
0.858843 0.855789
0.922692 0.806784
0.427381 0.65426
0.976498 0.174942
0.873498 0.541841
0.707871 0.0834493
0.35756 0.400061
0.979254 0.447963
0.425801 0.45117
0.741611 0.00709437
0.114402 0.658803
0.908054 0.0780284
0.220455 0.605754
0.274006 0.882012
0.0426179 0.28428
0.660681 0.901461
0.140069 0.583373
0.708245 0.56745
0.237634 0.684743
0.742392 0.111132
0.226584 0.450264
0.194581 0.584144
0.850324 0.173835
0.0321065 0.276125
0.625005 0.773718
0.28322 0.739408
0.432521 0.191273
0.817436 0.652976
0.797027 0.0914418
0.534987 0.839645
0.375722 0.195668
0.741106 0.515791
0.779042 0.449352
0.083241 0.0166757
0.134095 0.825633
0.127807 0.360678
0.275897 0.322388
0.944822 0.126221
0.496223 0.976929
0.402347 0.121228
0.750646 0.685566
0.860636 0.183168
0.87684 0.678072
0.836143 0.673867
0.769514 0.371131
0.513512 0.145236
0.566799 0.254618
0.661026 0.345841
0.70397 0.744267
0.362517 0.838064
0.569901 0.490324
0.198742 0.845798
0.812712 0.143564
0.972019 0.308936
0.120493 0.374365
0.430164 0.871139
0.0599318 0.2908
0.0543069 0.936772
0.968872 0.89045
0.610639 0.738386
0.261581 0.124151
0.883621 0.82838
0.378769 0.544648
0.174221 0.0827388
0.288915 0.536737
0.920803 0.858816
0.0270611 0.119546
0.704613 0.839773
0.26311 0.676632
0.148709 0.383603
0.0509973 0.578873
0.254743 0.110929
0.869673 0.30905
0.0477008 0.838545
0.1995 0.65834
0.576931 0.46108
0.78249 0.460552
0.28946 0.161259
0.00519999 0.46368
0.243998 0.294115
0.00041758 0.164801
0.152931 0.0274787
0.284347 0.857544
0.867252 0.547457
0.534177 0.0159611
0.93106 0.585174
0.594834 0.185803
0.696103 0.464507
0.494852 0.743804
0.303052 0.694352
0.402143 0.879983
0.155432 0.184633
0.340535 0.444892
0.345893 0.345735
0.908572 0.58989
0.63985 0.90899
0.754691 0.792781
0.936468 0.0390381
0.650326 0.80372
0.586495 0.184502
0.819682 0.517555
0.769676 0.414516
0.703357 0.465779
0.879023 0.198209
0.209583 0.182075
0.892561 0.611726
0.0620577 0.0479928
0.79636 0.402593
0.492884 0.142252
0.748328 0.401456
0.732143 0.388178
0.310446 0.486834
0.18096 0.246914
0.525872 0.831285
0.0506347 0.112367
0.0157879 0.870316
0.629922 0.785464
0.284832 0.33328
0.251243 0.163855
0.531489 0.460826
0.345929 0.42405
0.0725528 0.407987
0.472043 0.868913
0.81058 0.964927
0.0111651 0.558908
0.366384 0.743308
0.947086 0.67683
0.230142 0.128046
0.923744 0.756015
0.959331 0.974379
0.868382 0.975119
0.844695 0.498304
0.760583 0.129527
0.831584 0.0118266
0.293381 0.363073
0.472653 0.639311
0.787123 0.545206
0.0472978 0.259166
0.414119 0.857878
0.224093 0.425284
0.416786 0.590477
0.168592 0.363872
0.267306 0.398734
0.491917 0.19105
0.154749 0.451248
0.165429 0.023131
0.426367 0.0101238
0.521435 0.186951
0.139651 0.353019
0.198777 0.433032
0.716092 0.67143
0.0723424 0.503215
0.216636 0.11964
0.762381 0.630755
0.977518 0.986474
0.0560387 0.394303
0.576951 0.22463
0.758175 0.844258
0.623365 0.250092
0.0353081 0.778113
0.70134 0.200737
0.801244 0.127708
0.210861 0.32268
0.314658 0.350511
0.675699 0.513435
0.783543 0.391791
0.184866 0.855886
0.895007 0.401502
0.975526 0.657388
0.0322569 0.953044
0.643862 0.0882956
0.347347 0.220813
0.312926 0.105522
0.0650711 0.936291
0.355614 0.100379
0.714404 0.0569545
0.301116 0.515648
0.184662 0.511977
0.838328 0.499321
0.862489 0.514027
0.012756 0.646032
0.905818 0.197622
0.501917 0.800825
0.599124 0.477443
0.458213 0.631381
0.430487 0.102075
0.719676 0.777834
0.322888 0.0326022
0.883356 0.387959
0.968893 0.23897
0.488338 0.683297
0.295924 0.789455
0.198945 0.480587
0.301432 0.0372727
0.979907 0.16392
0.5513 0.992663
0.809952 0.457118
0.190285 0.31187
0.257942 0.789409
0.789313 0.716155
0.420789 0.2198
0.81823 0.140466
0.997634 0.141118
0.173068 0.88099
0.529077 0.14196
0.11996 0.0174154
0.825257 0.415884
0.80687 0.0242018
0.896471 0.108302
0.0614745 0.876378
0.272222 0.612774
0.869041 0.0821747
0.0698916 0.0593265
0.394044 0.327834
0.848735 0.183357
0.0439887 0.269525
0.403157 0.862218
0.40999 0.400791
0.00333592 0.583058
0.281781 0.532413
0.725018 0.401741
0.549828 0.550275
0.817625 0.356698
0.574477 0.714096
0.465 0.635952
0.590474 0.737223
0.248726 0.459516
0.819397 0.318617
0.518842 0.213442
0.646451 0.367577
0.396799 0.69044
0.637102 0.799957
0.552658 0.0470918
0.200748 0.555994
0.63015 0.482529
0.0884071 0.355168
0.88427 0.638235
0.905443 0.701894
0.994934 0.479921
0.41599 0.459934
0.115872 0.0064643
0.197156 0.364598
0.46598 0.0165538
0.683215 0.984822
0.229996 0.329667
0.352399 0.626795
0.0201067 0.989501
0.426751 0.572765
0.0365927 0.627499
0.128759 0.666742
0.110028 0.217166
0.0219103 0.994298
0.855402 0.927354
0.696192 0.850335
0.407274 0.112182
0.310269 0.523147
0.118647 0.507425
0.887745 0.584626
0.523979 0.57096
0.569448 0.753975
0.900627 0.921847
0.38077 0.920733
0.911348 0.807521
0.493498 0.947941
0.43502 0.622258
0.614683 0.545048
0.839424 0.636594
0.539346 0.694826
0.563947 0.235538
0.545161 0.971222
0.34772 0.85543
0.494368 0.466367
0.362855 0.382113
0.0509931 0.886835
0.953072 0.620441
0.640809 0.853699
0.542289 0.021579
0.774432 0.453637
0.8291 0.267931
0.401578 0.26412
0.890188 0.016261
0.809169 0.729612
0.652855 0.348515
0.424438 0.216802
0.584053 0.969599
0.188023 0.931773
0.825028 0.682391
0.39814 0.187884
0.0645039 0.449133
0.0747181 0.0175763
0.0695741 0.715527
0.871275 0.611863
0.737106 0.645708
0.0654997 0.566206
0.913638 0.467077
0.830327 0.803827
0.483338 0.639496
0.533439 0.136193
0.988011 0.957877
0.352995 0.572063
0.927475 0.541018
0.503836 0.752504
0.22341 0.901976
0.940387 0.287914
0.351109 0.0151053
0.30549 0.420683
0.730633 0.176765
0.0325457 0.467739
0.822473 0.0980454
0.0339456 0.736111
0.565123 0.864273
0.539938 0.0484612
0.503768 0.0733769
0.184654 0.491779
0.0312537 0.537649
0.0638421 0.958729
0.0786673 0.567678
0.711233 0.302077
0.469654 0.65162
0.58999 0.820763
0.666725 0.89548
0.241446 0.397358
0.0722455 0.273992
0.865097 0.894718
0.372037 0.899043
0.63083 0.93716
0.763315 0.170768
0.985621 0.267083
0.244145 0.170275
0.758862 0.275398
0.707924 0.822704
0.234127 0.786591
0.390383 0.94536
0.0886684 0.860037
0.59698 0.678659
0.6808 0.263705
0.574139 0.922246
0.661063 0.646385
0.196238 0.52616
0.541103 0.568275
0.425203 0.171933
0.505435 0.188518
0.3427 0.491056
0.455601 0.586845
0.661331 0.214463
0.862243 0.369255
0.0371678 0.0963708
0.155847 0.42755
0.0417308 0.244515
0.287588 0.638711
0.923174 0.968388
0.902416 0.497313
0.890634 0.563479
0.143698 0.0868718
0.0896385 0.684801
0.655147 0.514841
0.856733 0.160582
0.703359 0.199434
0.651637 0.15896
0.786279 0.312968
0.373423 0.648522
0.682224 0.410591
0.744893 0.83807
0.838142 0.786624
0.0825852 0.125729
0.425334 0.005759
0.0941168 0.32775
0.503072 0.984751
0.891229 0.646769
0.0716225 0.980867
0.33157 0.726769
0.495708 0.188303
0.887351 0.199067
0.387737 0.538988
0.358027 0.174016
0.851957 0.73145
0.822538 0.53418
0.142041 0.567431
0.372251 0.980183
0.354055 0.454836
0.105912 0.779389
0.460595 0.200029
0.10714 0.963667
0.184779 0.998368
0.610436 0.256402
0.979236 0.942006
0.983171 0.474944
0.130309 0.870522
0.674011 0.518047
0.40951 0.032038
0.692062 0.261467
0.763488 0.514601
0.795647 0.90553
0.0820317 0.167898
0.885713 0.436087
0.622734 0.991624
0.215476 0.0833285
0.191653 0.322616
0.0469952 0.376433
0.320984 0.657431
0.632835 0.30022
0.599437 0.616006
0.775164 0.729747
0.486528 0.449175
0.247793 0.896038
0.481213 0.939856
0.157505 0.244701
0.454456 0.953153
0.150231 0.536488
0.121051 0.0359435
0.972575 0.743785
0.027568 0.188051
0.827113 0.219221
0.510666 0.874108
0.595654 0.831651
0.53154 0.228488
0.131871 0.130977
0.844494 0.907035
0.860724 0.331022
0.35621 0.108517
0.22706 0.837423
0.0483729 0.384566
0.0821242 0.502829
0.337719 0.232355
0.0393172 0.45877
0.268299 0.0118918
0.202554 0.295867
0.199943 0.0296676
0.515088 0.710609
0.903776 0.110742
0.54226 0.435316
0.33923 0.67413
0.566293 0.183724
0.581165 0.427016
0.514746 0.937375
0.535534 0.741807
0.774797 0.583907
0.126372 0.856921
0.0867358 0.464091
0.0892767 0.126053
0.922861 0.357575
0.137945 0.125415
0.653442 0.337887
0.155082 0.16853
0.0484963 0.0588584
0.279272 0.590756
0.494174 0.618502
0.264886 0.0604666
0.802226 0.846051
0.487483 0.316973
0.783426 0.0230166
0.0587793 0.558223
0.606923 0.185152
0.415144 0.693659
0.649243 0.504421
0.819712 0.572103
0.861997 0.957657
0.697518 0.515439
0.295544 0.8526
0.683969 0.34404
0.911459 0.963241
0.934796 0.405633
0.581743 0.199682
0.466099 0.383969
0.0457335 0.953582
0.700942 0.829159
0.976599 0.759721
0.387382 0.583522
0.944873 0.802526
0.277181 0.594115
0.306947 0.0968933
0.166218 0.168944
0.0545501 0.863736
0.684383 0.350094
0.716337 0.368352
0.694135 0.627796
0.331592 0.628931
0.0334287 0.913335
0.828613 0.499528
0.297305 0.874347
0.453111 0.998247
0.703506 0.42971
0.757968 0.0908877
0.0132319 0.702841
0.893414 0.290413
0.296956 0.200361
0.387307 0.463175
0.369305 0.441857
0.326911 0.0536881
0.791951 0.043248
0.42204 0.486085
0.671044 0.753632
0.115016 0.704472
0.666967 0.943629
0.204001 0.964272
0.817976 0.657111
0.962519 0.521482
0.0868207 0.720487
0.61237 0.100053
0.423328 0.505784
0.390466 0.720284
0.706145 0.777773
0.183458 0.0754504
0.219629 0.51037
0.129138 0.0115802
0.553618 0.551178
0.497666 0.224661
0.30481 0.612682
0.929134 0.971778
0.556311 0.133134
0.93605 0.374288
0.790246 0.898568
0.895769 0.877066
0.619055 0.508139
0.977119 0.0423828
0.0139225 0.367585
0.762667 0.720067
0.145357 0.946125
0.795518 0.364987
0.456495 0.924656
0.376567 0.0101122
0.475835 0.874233
0.234774 0.780645
0.486915 0.163907
0.752422 0.043226
0.297042 0.688472
0.417514 0.0872873
0.58704 0.313283
0.964354 0.206095
0.821422 0.941472
0.248478 0.835344
0.309057 0.0111449
0.555412 0.454415
0.95727 0.35093
0.819401 0.413765
0.275586 0.195968
0.423877 0.75142
0.0702008 0.658651
0.532065 0.557115
0.822558 0.284487
0.600341 0.1196
0.972959 0.0178548
0.206887 0.559999
0.331138 0.171241
0.766095 0.15256
0.112713 0.0145731
0.987904 0.421771
0.0257181 0.543316
0.876185 0.982988
0.894245 0.695587
0.396753 0.169831
0.891555 0.82063
0.921252 0.961756
0.47928 0.453317
0.518871 0.301838
0.737804 0.119212
0.421438 0.710763
0.137067 0.628325
0.270763 0.468205
0.799566 0.0368578
0.620764 0.912279
0.0514309 0.608668
0.33405 0.077149
0.151984 0.210235
0.0601372 0.0462291
0.905821 0.45689
0.21606 0.797376
0.27752 0.137312
0.759132 0.756801
0.590629 0.278003
0.0586389 0.328433
0.397215 0.480077
0.0391966 0.534282
0.108402 0.309959
0.00248722 0.907968
0.346817 0.623252
0.820248 0.398248
0.23192 0.154297
0.475397 0.383904
0.364532 0.535534
0.430133 0.270354
0.992425 0.646193
0.0677299 0.269945
0.783505 0.826862
0.0267451 0.374134
0.104865 0.0853841
0.702567 0.50208
0.565461 0.741764
0.0363623 0.673864
0.0517234 0.0388496
0.581832 0.398541
0.662101 0.40208
0.796789 0.894021
0.556377 0.272186
0.277925 0.920909
0.807721 0.708058
0.191263 0.800145
0.354251 0.258993
0.0700897 0.137757
0.0858545 0.0968348
0.511891 0.190719
0.182219 0.214458
0.692799 0.74768
0.956222 0.729162
0.421544 0.00794558
0.768011 0.00337605
0.406486 0.430112
0.405456 0.203275
0.324134 0.961833
0.475461 0.602059
0.882742 0.283182
0.310117 0.0740047
0.0833268 0.664368
0.332997 0.153416
0.802125 0.418852
0.250251 0.314016
0.609571 0.43247
0.528474 0.30237
0.18015 0.484697
0.0315317 0.601694
0.492642 0.799543
0.60507 0.899128
0.229655 0.0105262
0.102403 0.553789
0.972359 0.577865
0.155847 0.855101
0.861046 0.465964
0.929106 0.944373
0.130332 0.262103
0.0977896 0.932457
0.680955 0.348041
0.246473 0.290526
0.780511 0.774948
0.592896 0.960662
0.259644 0.624428
0.562356 0.752287
0.42397 0.167426
0.651415 0.653626
0.177952 0.753818
0.207414 0.150311
0.331683 0.363262
0.00541239 0.192729
0.829226 0.934518
0.137102 0.959558
0.196621 0.234892
0.892016 0.877576
0.582933 0.138489
0.168101 0.363444
0.913437 0.760997
0.324106 0.173081
0.385424 0.886461
0.925368 0.809395
0.0538877 0.576783
0.46302 0.23184
0.330601 0.670435
0.382152 0.662284
0.0336962 0.387564
0.855014 0.862922
0.322082 0.992116
0.82248 0.518703
0.227008 0.714496
0.396278 0.809941
0.852985 0.56438
0.173385 0.766422
0.325376 0.49749
0.939504 0.710801
0.383952 0.864872
0.520196 0.437839
0.441655 0.983216
0.66968 0.772256
0.653651 0.0518313
0.43454 0.687347
0.439395 0.289554
0.550269 0.761477
0.28167 0.372749
0.28018 0.508678
0.0872451 0.676459
0.318619 0.94023
0.240838 0.492003
0.706652 0.566215
0.989494 0.646156
0.277016 0.373445
0.511028 0.797211
0.811285 0.952682
0.780427 0.480965
0.724938 0.434078
0.532796 0.159478
0.121425 0.972191
0.449032 0.671693
0.733668 0.730701
0.0444426 0.0138487
0.239379 0.131688
0.690307 0.557998
0.0719179 0.931146
0.050001 0.77857
0.49736 0.0394946
0.424726 0.774376
0.41294 0.935754
0.571587 0.224225
0.888436 0.352014
0.705189 0.613374
0.786092 0.237985
0.772852 0.907517
0.210176 0.221884
0.57921 0.943845
0.952586 0.623653
0.957693 0.191965
0.75534 0.648001
0.749963 0.827258
0.579147 0.799964
0.605829 0.0765069
0.839458 0.0305553
0.850883 0.252398
0.966309 0.42247
0.476623 0.854746
0.774485 0.181812
0.46812 0.560577
0.419797 0.240973
0.468094 0.629974
0.462857 0.0473038
0.573818 0.415443
0.670957 0.531512
0.607408 0.426297
0.179513 0.35737
0.253555 0.758659
0.157334 0.859384
0.835166 0.996792
0.889939 0.686049
0.24919 0.856249
0.108519 0.725813
0.710995 0.883004
0.907625 0.179115
0.443581 0.327423
0.420088 0.911674
0.957397 0.882945
0.958978 0.531215
0.298387 0.629934
0.0627268 0.905795
0.0562313 0.24224
0.263165 0.309787
0.000898845 0.420499
0.169171 0.836065
0.417291 0.0591104
0.522114 0.666481
0.915359 0.630633
0.392294 0.626354
0.513637 0.29992
0.805469 0.957218
0.627343 0.225557
0.868892 0.584739
0.108502 0.82787
0.115954 0.406889
0.457804 0.178681
0.312684 0.514035
0.42092 0.575849
0.823822 0.421819
0.996348 0.992993
0.257884 0.413639
0.0521033 0.779999
0.08012 0.967463
0.410632 0.472414
0.593817 0.924269
0.772334 0.399286
0.881487 0.399677
0.624843 0.750379
0.984416 0.733345
0.578248 0.10037
0.140234 0.0360525
0.279051 0.452918
0.550088 0.699971
0.0287667 0.37391
0.12179 0.0251146
0.366903 0.379674
0.438753 0.419006
0.159673 0.518873
0.386469 0.570305
0.991288 0.980285
0.494574 0.763622
0.379571 0.376061
0.163298 0.00441454
0.12644 0.147714
0.737759 0.704688
0.248084 0.877993
0.740741 0.527134
0.330911 0.290829
0.227105 0.359677
0.664738 0.348895
0.384792 0.0316412
0.72857 0.823546
0.450647 0.888242
0.342419 0.837116
0.458547 0.333707
0.817401 0.953121
0.0973283 0.196973
0.329183 0.260627
0.201387 0.455623
0.408341 0.939147
0.160311 0.656424
0.81714 0.901052
0.183559 0.14805
0.191881 0.410664
0.507728 0.856619
0.759559 0.89252
0.88826 0.488129
0.716065 0.338908
0.376371 0.0584844
0.176023 0.834918
0.392191 0.993425
0.78804 0.489519
0.190397 0.117222
0.750146 0.391785
0.572845 0.158486
0.330931 0.733156
0.814911 0.148071
0.634208 0.998469
0.296121 0.826089
0.409133 0.803849
0.682708 0.168692
0.696369 0.570968
0.656821 0.412434
0.909876 0.0331915
0.470919 0.0858991
0.86811 0.86311
0.0793238 0.656149
0.352629 0.269721
0.773372 0.102775
0.661506 0.346216
0.261261 0.992437
0.0793722 0.0761718
0.140508 0.71358
0.0746411 0.436629
0.539669 0.483774
0.240478 0.222376
0.652466 0.936847
0.793344 0.309287
0.349281 0.70322
0.342478 0.820199
0.789119 0.210588
0.683309 0.868443
0.866737 0.0359378
0.138164 0.640109
0.138713 0.79967
0.986325 0.399974
0.792107 0.0656971
0.476145 0.932615
0.779277 0.550787
0.369244 0.318946
0.0345606 0.609722
0.541322 0.687027
0.546569 0.334666
0.996313 0.89585
0.0378863 0.338791
0.716049 0.827005
0.549379 0.399358
0.695448 0.416116
0.435296 0.833613
0.0562247 0.574009
0.633283 0.0425497
0.973982 0.42539
0.108247 0.450128
0.358005 0.887524
0.000914227 0.727249
0.20647 0.0354748
0.336971 0.747791
0.722501 0.88354
0.0824577 0.718815
0.77939 0.120344
0.0576058 0.495439
0.947349 0.606985
0.894798 0.642798
0.0231008 0.330094
0.47641 0.0793255
0.904102 0.109693
0.121875 0.878084
0.535083 0.230122
0.328212 0.893088
0.117646 0.329126
0.620337 0.324116
0.364601 0.957309
0.0719069 0.0871025
0.840849 0.154365
0.805917 0.620239
0.274709 0.863523
0.115679 0.222058
0.470508 0.0104761
0.864856 0.493609
0.34057 0.341266
0.572934 0.244672
0.450959 0.694809
0.122756 0.986043
0.924931 0.450968
0.879131 0.0425772
0.780094 0.499468
0.366693 0.144695
0.456777 0.4386
0.231798 0.297626
0.592964 0.0377151
0.917865 0.867673
0.901238 0.0335435
0.0897307 0.371746
0.0440196 0.954586
0.865354 0.384589
0.295853 0.438289
0.629261 0.746812
0.133098 0.752017
0.732855 0.0580292
0.202985 0.611985
0.100606 0.98308
0.111453 0.467299
0.127775 0.56823
0.905899 0.359573
0.865856 0.498863
0.397288 0.783721
0.366536 0.298526
0.817264 0.456267
0.670272 0.861284
0.410853 0.535627
0.245873 0.706706
0.973915 0.875135
0.453518 0.107013
0.627152 0.186372
0.165042 0.830137
0.798358 0.265649
0.813217 0.909811
0.732948 0.940992
0.478041 0.638847
0.300565 0.343897
0.13771 0.697854
0.127618 0.504246
0.99638 0.944882
0.960513 0.666652
0.806166 0.371366
0.202279 0.0520398
0.0780716 0.176194
0.927174 0.531589
0.283207 0.554326
0.717962 0.448249
0.384463 0.51632
0.713898 0.19768
0.42613 0.446846
0.138672 0.904172
0.0856925 0.439238
0.248068 0.223402
0.137092 0.375686
0.727648 0.133472
0.320569 0.688161
0.800124 0.126735
0.0595268 0.00240294
0.178775 0.137598
0.178597 0.105949
0.669188 0.461804
0.660275 0.38715
0.910053 0.0447383
0.903469 0.623951
0.242419 0.3296
0.0707967 0.381091
0.233771 0.156489
0.820329 0.48184
0.379892 0.957421
0.857526 0.10754
0.0908925 0.178095
0.795701 0.891017
0.30483 0.855228
0.893419 0.483604
0.992826 0.0720164
0.589553 0.662014
0.53382 0.249828
0.049164 0.443873
0.294567 0.952633
0.0678244 0.536985
0.282233 0.138621
0.918076 0.516004
0.29511 0.738405
0.997844 0.675002
0.695826 0.85537
0.782542 0.786718
0.0334647 0.578243
0.677735 0.338294
0.433471 0.571154
0.821899 0.426297
0.643171 0.411452
0.088311 0.176991
0.661281 0.137475
0.620865 0.955847
0.0901083 0.688689
0.492833 0.372341
0.82731 0.410909
0.888346 0.12242
0.149314 0.88619
0.797422 0.84514
0.74156 0.579964
0.631858 0.775024
0.158207 0.309593
0.113319 0.591677
0.880748 0.935218
0.0179743 0.523919
0.34667 0.106285
0.70091 0.00795032
0.24376 0.321774
0.963798 0.333869
0.0104632 0.45663
0.70621 0.837773
0.867539 0.594556
0.960194 0.0168535
0.480745 0.757616
0.861994 0.222305
0.33758 0.493852
0.997329 0.495787
0.803446 0.110648
0.0874646 0.684193
0.0458659 0.105439
0.208112 0.392536
0.211724 0.909021
0.400486 0.455485
0.230796 0.364284
0.789353 0.241259
0.820914 0.495563
0.0790323 0.688453
0.0901187 0.0392261
0.705307 0.570864
0.796842 0.5673
0.793169 0.134422
0.0611526 0.790498
0.630209 0.864598
0.901147 0.717674
0.548791 0.947012
0.823113 0.756903
0.339548 0.0348371
0.665925 0.740034
0.490322 0.89672
0.104318 0.279675
0.137979 0.925232
0.775238 0.217012
0.613685 0.865357
0.256238 0.318992
0.436221 0.05308
0.886292 0.229389
0.187502 0.947445
0.0198877 0.817712
0.812043 0.921034
0.535386 0.360834
0.868047 0.358499
0.117737 0.207595
0.393336 0.783662
0.947629 0.883658
0.680382 0.0519464
0.163332 0.818362
0.977178 0.93857
0.0353735 0.590863
0.803927 0.291611
0.909854 0.240147
0.344691 0.796146
0.469537 0.532194
0.743591 0.489425
0.349906 0.555634
0.410459 0.885291
0.916468 0.278506
0.24379 0.0342054
0.486101 0.637126
0.817867 0.433729
0.520784 0.49825
0.485676 0.684116
0.316612 0.462854
0.622686 0.351985
0.0537164 0.426613
0.643597 0.963571
0.666761 0.988288
0.759717 0.136298
0.520482 0.503308
0.625722 0.870387
0.0589418 0.0361812
0.755679 0.97541
0.314687 0.999469
0.00961509 0.800787
0.636595 0.827483
0.234517 0.157379
0.325732 0.720193
0.841495 0.642344
0.183046 0.464181
0.994329 0.236763
0.890795 0.637926
0.200333 0.557556
0.626214 0.96005
0.693853 0.146696
0.463358 0.319576
0.0170827 0.5223
0.355757 0.772761
0.49771 0.670444
0.77223 0.507325
0.471231 0.408825
0.334807 0.705748
0.566204 0.66054
0.425941 0.407699
0.302884 0.608987
0.87188 0.297214
0.84575 0.762675
0.93514 0.0460832
0.320231 0.561354
0.00613358 0.0140842
0.708049 0.469492
0.33366 0.725132
0.991792 0.689417
0.497893 0.489502
0.35986 0.270123
0.996827 0.831091
0.678949 0.331634
0.536839 0.245153
0.992174 0.96278
0.652852 0.295058
0.571767 0.524732
0.592272 0.417517
0.287408 0.527411
0.4636 0.607638
0.0887651 0.469734
0.621723 0.796814
0.939226 0.955382
0.521946 0.931018
0.644799 0.0198393
0.42052 0.00465922
0.289963 0.417346
0.835751 0.968911
0.748981 0.37259
0.214064 0.741155
0.33537 0.866916
0.0362131 0.907137
0.391648 0.628485
0.324654 0.679056
0.155896 0.788254
0.286694 0.244662
0.257988 0.908417
0.0414758 0.197214
0.863799 0.563422
0.128231 0.508598
0.583261 0.548751
0.513257 0.873224
0.966097 0.349008
0.842135 0.715078
0.721598 0.056199
0.456233 0.0569681
0.923115 0.492446
0.964106 0.314763
0.120931 0.28876
0.993818 0.276827
0.0770142 0.280512
0.521489 0.335002
0.188929 0.562965
0.532216 0.052728
0.126386 0.660447
0.561326 0.709648
0.209198 0.0745832
0.582871 0.175296
0.423591 0.425006
0.890374 0.145189
0.481205 0.346607
0.202157 0.40432
0.839052 0.166263
0.719083 0.959983
0.455022 0.712901
0.236811 0.532037
0.993414 0.758299
0.867039 0.182343
0.321264 0.399255
0.235071 0.44765
0.0597023 0.796397
0.157298 0.268901
0.87098 0.740169
0.444196 0.294571
0.165175 0.33457
0.43976 0.646381
0.681177 0.641917
0.0507007 0.520229
0.808179 0.769783
0.480213 0.263202
0.482685 0.717023
0.795238 0.476098
0.475322 0.662277
0.658441 0.796586
0.061532 0.893511
0.244237 0.121234
0.689908 0.401534
0.390135 0.560888
0.141704 0.834331
0.855458 0.306879
0.168902 0.295218
0.95326 0.850079
0.937135 0.00396041
0.370308 0.745314
0.773744 0.85052
0.00851572 0.256428
0.567543 0.803754
0.732527 0.0428658
0.466031 0.390967
0.839452 0.527563
0.284478 0.0836886
0.648797 0.974386
0.485223 0.0389323
0.535274 0.626927
0.873264 0.390732
0.933806 0.0421655
0.68595 0.887065
0.892244 0.623085
0.891026 0.262552
0.368399 0.66477
0.113072 0.376914
0.921198 0.680615
0.180668 0.653725
0.723481 0.646699
0.0446918 0.562933
0.174263 0.32917
0.646622 0.82306
0.303557 0.131845
0.861992 0.83883
0.758771 0.735256
0.229563 0.692577
0.777422 0.915513
0.579642 0.669666
0.538597 0.470668
0.932217 0.906996
0.135438 0.0452895
0.28391 0.0566356
0.725905 0.464579
0.71036 0.449386
0.111278 0.755052
0.0123195 0.285541
0.0842224 0.658941
0.108601 0.387779
0.790786 0.970593
0.226609 0.549558
0.705849 0.456172
0.242135 0.48327
0.371684 0.821777
0.152936 0.910282
0.292445 0.0851533
0.817278 0.427882
0.130443 0.101188
0.484518 0.856348
0.565767 0.194878
0.305734 0.677045
0.94993 0.318054
0.962585 0.0341525
0.976995 0.0711859
0.421932 0.767781
0.0417786 0.648541
0.317339 0.747627
0.104713 0.559473
0.230898 0.476397
0.38125 0.383833
0.386679 0.673695
0.468987 0.203957
0.101577 0.59943
0.305145 0.586095
0.455777 0.870911
0.780973 0.761512
0.547956 0.730903
0.0795653 0.510541
0.765056 0.0565603
0.581727 0.186987
0.824342 0.623506
0.835528 0.14168
0.371133 0.940241
0.701154 0.602031
0.416639 0.0824038
0.985864 0.803318
0.756099 0.454851
0.00727447 0.857676
0.0542804 0.312419
0.443771 0.510058
0.18333 0.224745
0.271569 0.731286
0.955648 0.351135
0.241827 0.720704
0.407695 0.823554
0.907692 0.232037
0.44706 0.74322
0.373717 0.818193
0.683461 0.0748705
0.420223 0.1001
0.157274 0.406087
0.903418 0.913373
0.860938 0.910692
0.771049 0.915219
0.223111 0.214821
0.425276 0.406442
0.439565 0.696846
0.137727 0.395213
0.0479807 0.379555
0.115918 0.455676
0.203109 0.0236093
0.687712 0.650169
0.766829 0.0614292
0.468362 0.450291
0.1363 0.888585
0.550391 0.293574
0.294672 0.453809
0.206947 0.155611
0.364501 0.977996
0.0708291 0.587613
0.192817 0.496105
0.994054 0.632382
0.192951 0.131782
0.0275957 0.240932
0.511336 0.143513
0.696608 0.714445
0.167123 0.38432
0.364614 0.933952
0.445749 0.832975
0.384243 0.582049
0.72156 0.934634
0.875623 0.0162326
0.388442 0.0825701
0.171843 0.752944
0.0605665 0.242672
0.340557 0.253383
0.738778 0.334611
0.885766 0.931729
0.466393 0.913361
0.172661 0.977729
0.0568746 0.869269
0.692174 0.223997
0.253589 0.056788
0.157949 0.699338
0.889763 0.542192
0.281387 0.611323
0.476825 0.15701
0.627556 0.865268
0.23958 0.799399
0.618212 0.300147
0.0420715 0.958768
0.55353 0.780849
0.293379 0.439296
0.712578 0.759772
0.352657 0.885239
0.737501 0.409532
0.754508 0.429675
0.633529 0.00809732
0.486463 0.791478
0.707436 0.376227
0.33367 0.988823
0.98755 0.810495
0.145833 0.615106
0.675762 0.385413
0.414505 0.293974
0.68556 0.456577
0.252742 0.23909
0.237426 0.546121
0.678386 0.950004
0.305893 0.0310431
0.835244 0.0433943
0.440575 0.589752
0.47307 0.074104
0.597849 0.959533
0.865582 0.305285
0.335759 0.199252
0.294108 0.32331
0.00974626 0.43994
0.938416 0.685509
0.825353 0.352921
0.979483 0.510913
0.809498 0.232225
0.750003 0.0469238
0.778346 0.428389
0.996928 0.0842391
0.459432 0.832172
0.127633 0.900007
0.421924 0.600703
0.974111 0.0197733
0.560236 0.839693
0.325058 0.895995
0.0389441 0.619166
0.219305 0.0486904
0.0591061 0.157721
0.734199 0.884459
0.510642 0.713682
0.395372 0.320139
0.945906 0.145375
0.367063 0.724252
0.573763 0.363991
0.808491 0.0331952
0.196163 0.936125
0.933202 0.618087
0.536828 0.907312
0.63786 0.0970637
0.747005 0.962919
0.993059 0.785949
0.582084 0.212364
0.83464 0.641191
0.370085 0.568839
0.52565 0.880726
0.28252 0.921022
0.200866 0.228426
0.0663969 0.567929
0.952679 0.64016
0.93192 0.76117
0.673356 0.128083
0.697295 0.606557
0.74617 0.234122
0.51387 0.38403
0.331186 0.260875
0.346949 0.324245
0.0468241 0.929033
0.536609 0.881464
0.570224 0.906694
0.450302 0.0958738
0.787421 0.732822
0.0168958 0.988286
0.961249 0.0832928
0.556215 0.913927
0.723453 0.488135
0.675097 0.396809
0.616218 0.372392
0.00336625 0.362388
0.606515 0.517236
0.746419 0.937701
0.778111 0.0933679
0.261946 0.824935
0.0224014 0.798556
0.706399 0.592625
0.70525 0.156701
0.688499 0.49267
0.889523 0.705395
0.480957 0.850772
0.788688 0.0371717
0.7647 0.512141
0.525307 0.439797
0.90895 0.141525
0.812189 0.912316
0.503914 0.418704
0.429552 0.250333
0.356405 0.207663
0.3437 0.618351
0.0325983 0.366102
0.416907 0.738997
0.958727 0.122156
0.895698 0.647226
0.614827 0.785221
0.352621 0.0957834
0.635993 0.141309
0.132955 0.400693
0.65345 0.658262
0.84049 0.5624
0.799787 0.652679
0.474716 0.303701
0.0713826 0.904268
0.554033 0.427787
0.111931 0.897734
0.0461381 0.14453
0.263836 0.463045
0.883527 0.222563
0.585201 0.779225
0.869789 0.200028
0.564446 0.22241
0.295811 0.200439
0.36372 0.428766
0.601132 0.0171695
0.0870283 0.441622
0.579569 0.886815
0.0943004 0.0542851
0.190516 0.165683
0.958553 0.74455
0.59347 0.0704844
0.642284 0.639608
0.215014 0.906119
0.102653 0.0985406
0.128682 0.687854
0.877765 0.998472
0.887882 0.442211
0.220882 0.183693
0.64265 0.584602
0.612459 0.243782
0.601771 0.699488
0.685404 0.18134
0.586303 0.779704
0.235626 0.776819
0.945387 0.194179
0.521369 0.538857
0.264663 0.163653
0.178465 0.479677
0.0697723 0.281118
0.578218 0.198455
0.968972 0.455983
0.196926 0.856854
0.898194 0.417808
0.040547 0.540844
0.00240984 0.653006
0.784626 0.604181
0.352494 0.47003
0.785521 0.938797
0.249734 0.0211468
0.715616 0.195121
0.215325 0.236986
0.733978 0.479989
0.400638 0.912443
0.959666 0.470411
0.193562 0.537883
0.668865 0.162534
0.993866 0.865791
0.0193879 0.892061
0.2836 0.0599348
0.432905 0.28601
0.712941 0.217531
0.890191 0.065435
0.687561 0.675712
0.00423197 0.937295
0.696859 0.719848
0.132415 0.912184
0.956834 0.866393
0.392173 0.357472
0.778837 0.351838
0.827883 0.972398
0.889722 0.496748
0.134932 0.883588
0.36254 0.15432
0.775649 0.64614
0.214255 0.208553
0.932149 0.927196
0.426084 0.82234
0.992631 0.113645
0.498051 0.996863
0.0509399 0.19491
0.716711 0.183355
0.107094 0.673545
0.0497486 0.499267
0.0310177 0.828585
0.851105 0.858901
0.800984 0.740827
0.355649 0.935916
0.624415 0.718189
0.0902359 0.400064
0.364328 0.304491
0.608618 0.296478
0.231687 0.0347021
0.118817 0.224318
0.148347 0.616869
0.221181 0.199287
0.811779 0.937892
0.382643 0.918873
0.611438 0.432391
0.41814 0.642455
0.260976 0.269245
0.501356 0.06196
0.0100722 0.857005
0.997876 0.634488
0.575194 0.0881117
0.0345516 0.939522
0.392602 0.643169
0.236 0.624289
0.677871 0.354817
0.848607 0.826219
0.971686 0.0697883
0.025506 0.783465
0.00768065 0.408149
0.702338 0.619118
0.84054 0.120478
0.261574 0.101516
0.389723 0.76293
0.163476 0.399795
0.619935 0.161352
0.0342828 0.195129
0.249464 0.0688345
0.134651 0.642066
0.712004 0.370651
0.266356 0.389875
0.725468 0.114963
0.216094 0.697155
0.184751 0.2416
0.480619 0.192432
0.649748 0.182957
0.81155 0.490288
0.303435 0.0731241
0.591805 0.693158
0.836054 0.755281
0.0929536 0.455989
0.916633 0.127236
0.651118 0.166097
0.196071 0.785769
0.808163 0.908075
0.15642 0.074519
0.29795 0.881889
0.189482 0.514043
0.579043 0.374233
0.755643 0.0596625
0.566665 0.405391
0.24262 0.378216
0.895679 0.546055
0.45134 0.487484
0.239214 0.287394
0.242765 0.332167
0.743382 0.159398
0.459404 0.3945
0.325495 0.655475
0.180269 0.133658
0.563549 0.336689
0.208177 0.861499
0.218577 0.397659
0.375542 0.79762
0.771893 0.131185
0.857283 0.338558
0.536576 0.0999029
0.716774 0.432255
0.645958 0.168113
0.919739 0.885172
0.455507 0.162504
0.217339 0.198889
0.321902 0.676743
0.593389 0.647397
0.332218 0.773658
0.781055 0.895767
0.110347 0.989232
0.757266 0.328924
0.386891 0.132808
0.126545 0.158784
0.263992 0.983828
0.497342 0.800569
0.0837304 0.214115
0.232824 0.729689
0.382229 0.152563
0.614861 0.837736
0.315067 0.8322
0.0366251 0.636969
0.508943 0.630014
0.284365 0.84116
0.403673 0.0654202
0.736927 0.51402
0.0546522 0.494193
0.842944 0.441543
0.627 0.969488
0.600327 0.890993
0.953316 0.0976688
0.691561 0.0370465
0.311784 0.924385
0.766735 0.694013
0.0769482 0.381596
0.531749 0.392015
0.213795 0.568374
0.028984 0.722738
0.198388 0.31335
0.563898 0.602061
0.37877 0.300825
0.11608 0.433422
0.795018 0.959024
0.874965 0.422018
0.928513 0.475292
0.313011 0.881829
0.572961 0.00457203
0.918875 0.884745
0.928957 0.68561
0.578758 0.00590538
0.067206 0.110507
0.397921 0.281001
0.678881 0.426905
0.00373925 0.877269
0.740254 0.567637
0.47933 0.119024
0.868463 0.59541
0.552446 0.66348
0.554434 0.427411
0.0854983 0.482947
0.902703 0.398509
0.364776 0.475665
0.403081 0.283651
0.36041 0.332038
0.969261 0.939168
0.337944 0.0364671
0.0496751 0.735864
0.317468 0.728556
0.162769 0.321208
0.605825 0.903023
0.888845 0.0851546
0.0220469 0.757308
0.680565 0.574493
0.420788 0.234999
0.00190376 0.506286
0.717946 0.904607
0.904795 0.0827213
0.380272 0.307876
0.366372 0.740681
0.639915 0.335633
0.67985 0.977858
0.3721 0.729525
0.713723 0.689569
0.45808 0.876491
0.0107764 0.0639053
0.779515 0.899621
0.14906 0.801561
0.656929 0.829625
0.376054 0.0777169
0.0646234 0.377958
0.584003 0.782569
0.282565 0.488798
0.86529 0.662837
0.796675 0.231663
0.403518 0.436589
0.567296 0.0833678
0.414448 0.939396
0.812892 0.12817
0.628965 0.270973
0.00466177 0.639741
0.334878 0.784176
0.539363 0.483938
0.585738 0.196292
0.313563 0.961792
0.274009 0.378186
0.33975 0.858012
0.160755 0.622315
0.34681 0.0260456
0.285152 0.143485
0.257708 0.68867
0.580074 0.825004
0.772038 0.994522
0.7644 0.58493
0.122692 0.393365
0.855903 0.127354
0.0331059 0.190781
0.91153 0.572469
0.674719 0.497268
0.76876 0.988282
0.45906 0.042769
0.366468 0.79881
0.900781 0.527223
0.421125 0.247591
0.553269 0.706277
0.391076 0.810977
0.394947 0.97115
0.63598 0.166984
0.965672 0.40038
0.751914 0.0883638
0.793745 0.607817
0.215718 0.826851
0.798599 0.127248
0.399319 0.473318
0.624516 0.16808
0.4616 0.083576
0.210849 0.828068
0.882386 0.111629
0.355291 0.303511
0.35922 0.908559
0.00978782 0.750296
0.719536 0.404735
0.721446 0.355516
0.571719 0.687117
0.755896 0.323633
0.775481 0.549641
0.931451 0.991199
0.376492 0.73005
0.118447 0.775811
0.203367 0.742963
0.943891 0.664967
0.826539 0.154739
0.493035 0.708925
0.266368 0.848325
0.0124359 0.625588
0.756884 0.0222237
0.375884 0.47642
0.426958 0.0973297
0.831936 0.998677
0.784447 0.587832
0.322311 0.559928
0.137473 0.253761
0.551127 0.513965
0.983811 0.669574
0.289776 0.187178
0.412537 0.233667
0.852145 0.239076
0.388406 0.34518
0.948 0.654774
0.193505 0.960436
0.280363 0.95039
0.98266 0.656247
0.42681 0.409618
0.753576 0.258746
0.408295 0.538023
0.846578 0.730606
0.0979516 0.984051
0.984367 0.649079
0.498016 0.968178
0.318653 0.787792
0.155357 0.731189
0.0214589 0.007502
0.970265 0.409865
0.352682 0.918265
0.0646388 0.546188
0.878702 0.345001
0.496577 0.861362
0.0012481 0.923387
0.27098 0.754825
0.182133 0.679275
0.292848 0.0287106
0.409881 0.3908
0.0127616 0.394248
0.0398781 0.510778
0.362427 0.358531
0.29857 0.517783
0.0897199 0.320029
0.525285 0.0599848
0.729894 0.877967
0.97825 0.794532
0.424155 0.856952
0.139534 0.920732
0.718313 0.140782
0.844119 0.989293
0.895606 0.0262522
0.668568 0.188454
0.0549627 0.0784492
0.579254 0.0677244
0.472698 0.619132
0.578502 0.835124
0.977663 0.877072
0.352907 0.0673826
0.197101 0.878192
0.127367 0.926994
0.75616 0.105618
0.721527 0.180315
0.962569 0.861061
0.101047 0.680882
0.00184253 0.945166
0.670176 0.897449
0.971419 0.338744
0.0859033 0.0263813
0.417193 0.665157
0.0941057 0.88989
0.284289 0.672608
0.725015 0.261952
0.54968 0.0779217
0.329334 0.746781
0.956114 0.456702
0.673775 0.712274
0.562319 0.395302
0.892588 0.524889
0.256363 0.993635
0.205771 0.258205
0.938802 0.875947
0.155654 0.91022
0.21469 0.241558
0.936601 0.631883
0.906715 0.030707
0.521774 0.191004
0.703315 0.246788
0.452956 0.252995
0.32471 0.78229
0.999776 0.280824
0.238992 0.673551
0.993098 0.801312
0.068853 0.885686
0.3262 0.325216
0.879321 0.531971
0.583421 0.818123
0.407918 0.739075
0.728343 0.622609
0.980633 0.664944
0.254492 0.887348
0.695651 0.776265
0.0783514 0.398966
0.0230537 0.531307
0.651961 0.347764
0.313597 0.651736
0.628588 0.552589
0.325287 0.621685
0.353901 0.39414
0.507371 0.680101
0.719356 0.386693
0.212072 0.302777
0.204815 0.619991
0.0418526 0.933158
0.242599 0.0224855
0.598103 0.497091
0.909833 0.293754
0.273356 0.988184
0.69272 0.29641
0.519491 0.344681
0.644174 0.833089
0.996418 0.272761
0.385678 0.321705
0.894447 0.739578
0.715845 0.401818
0.419679 0.435201
0.788511 0.631752
0.737979 0.993326
0.251742 0.779831
0.926484 0.494341
0.802317 0.524587
0.991432 0.71215
0.818341 0.264789
0.700334 0.511061
0.561199 0.219826
0.855742 0.205372
0.0529142 0.85216
0.478134 0.438592
0.173865 0.37258
0.17817 0.88971
0.774398 0.59785
0.324912 0.562909
0.229602 0.0628904
0.556235 0.481344
0.842722 0.482719
0.975685 0.645038
0.00730616 0.967118
0.357188 0.825647
0.231906 0.0575223
0.336709 0.793105
0.277348 0.192451
0.998478 0.330262
0.0446111 0.476611
0.768854 0.218476
0.849192 0.947024
0.108187 0.62359
0.544874 0.433098
0.186499 0.774476
0.495989 0.742734
0.25582 0.33871
0.225453 0.231505
0.983749 0.232759
0.198623 0.340937
0.0584062 0.430529
0.398459 0.395115
0.223635 0.675807
0.587566 0.222112
0.00606917 0.632177
0.698724 0.774923
0.850653 0.547916
0.721948 0.95884
0.171506 0.266822
0.391938 0.358005
0.0412979 0.887926
0.100738 0.297118
0.226637 0.326191
0.528623 0.210385
0.55895 0.727246
0.551322 0.617356
0.157775 0.949781
0.012471 0.38141
0.625588 0.600037
0.603522 0.631657
0.232214 0.302246
0.406581 0.0828667
0.850162 0.128528
0.0417063 0.0216674
0.39535 0.433644
0.379672 0.436648
0.321571 0.48041
0.733766 0.548207
0.806602 0.262389
0.758593 0.365552
0.989635 0.309915
0.982908 0.14741
0.259696 0.995379
0.52882 0.885284
0.595416 0.132342
0.516942 0.827629
0.434588 0.923522
0.910496 0.284749
0.0520506 0.952202
0.306417 0.447401
0.385847 0.686089
0.884049 0.707417
0.166499 0.617815
0.255624 0.973101
0.880204 0.014217
0.338652 0.869838
0.324132 0.32156
0.0172482 0.583828
0.316939 0.546068
0.469112 0.912355
0.678409 0.986053
0.739984 0.112997
0.909576 0.65048
0.397746 0.961626
0.602683 0.704163
0.409027 0.98853
0.390252 0.293076
0.695947 0.556751
0.910891 0.951571
0.529851 0.791095
0.965788 0.868503
0.660933 0.28992
0.190063 0.678181
0.873747 0.507002
0.224249 0.342859
0.419357 0.902659
0.328913 0.159341
0.0156557 0.238488
0.809822 0.413402
0.200114 0.412505
0.117565 0.609142
0.401034 0.507816
0.902218 0.0969811
0.064567 0.813109
0.0485522 0.594418
0.604204 0.0143403
0.462921 0.265137
0.30426 0.652984
0.943318 0.178007
0.159987 0.167567
0.520867 0.579344
0.0702258 0.849779
0.738685 0.0858815
0.0882675 0.548507
0.499284 0.288382
0.961012 0.616849
0.897524 0.362047
0.124665 0.799741
0.459028 0.189232
0.61285 0.50758
0.78365 0.217054
0.52192 0.246571
0.482191 0.826181
0.899556 0.425509
0.00418797 0.0595425
0.593076 0.525055
0.638886 0.663302
0.374834 0.377572
0.749183 0.463101
0.926079 0.248467
0.751483 0.887092
0.865315 0.649007
0.249139 0.98998
0.448748 0.708167
0.179212 0.0615987
0.215747 0.962862
0.278653 0.737667
0.209433 0.760843
0.563848 0.108989
0.186352 0.568036
0.168532 0.779428
0.0930906 0.807418
0.44273 0.467924
0.18499 0.191913
0.931026 0.111069
0.44038 0.682509
0.998161 0.305695
0.331516 0.2473
0.295675 0.780265
0.955467 0.474887
0.841864 0.171214
0.43775 0.120516
0.908881 0.647183
0.88136 0.472729
0.756172 0.0677116
0.040765 0.924704
0.847139 0.133856
0.732122 0.289869
0.60178 0.917112
0.481782 0.532806
0.0281811 0.922162
0.215315 0.0263424
0.227856 0.546832
0.273642 0.523531
0.327097 0.229109
0.998419 0.16896
0.400323 0.436168
0.289477 0.309204
0.0833512 0.170836
0.781933 0.839523
0.238548 0.822698
0.764227 0.0856872
0.956554 0.496349
0.375556 0.558334
0.41346 0.857338
0.0911397 0.441641
0.7795 0.306455
0.467984 0.00735612
0.853287 0.741626
0.530888 0.180383
0.970736 0.529306
0.349344 0.371058
0.965474 0.63882
0.680263 0.0488255
0.809657 0.462196
0.888349 0.0482044
0.284894 0.652576
0.133892 0.241447
0.148924 0.509448
0.799781 0.562385
0.366786 0.890921
0.00402612 0.146286
0.197376 0.47201
0.153642 0.0506626
0.213636 0.68453
0.231046 0.184372
0.213836 0.58039
0.55543 0.17931
0.21921 0.235693
0.228136 0.0288669
0.697889 0.116484
0.0770713 0.982782
0.76906 0.210963
0.22423 0.917984
0.720411 0.0240111
0.480369 0.087197
0.914932 0.484395
0.233483 0.112308
0.956405 0.387125
0.16297 0.170042
0.0716547 0.394017
0.354414 0.28549
0.974406 0.909844
0.464801 0.193617
0.145537 0.692936
0.222484 0.843425
0.809421 0.299555
0.826208 0.578481
0.510518 0.0504374
0.496465 0.230928
0.0744485 0.976835
0.318125 0.98938
0.46123 0.551608
0.101688 0.417635
0.938733 0.264659
0.587677 0.0103881
0.658675 0.94209
0.295879 0.633082
0.851934 0.760679
0.826698 0.997471
0.453616 0.0491819
0.840896 0.263036
0.348737 0.667104
0.841518 0.859254
0.717541 0.337983
0.0901829 0.79199
0.314818 0.408308
0.78137 0.776047
0.959917 0.883058
0.193682 0.89865
0.147717 0.781359
0.909038 0.806392
0.723449 0.204917
0.439474 0.575383
0.965596 0.266172
0.572854 0.419212
0.315354 0.41375
0.682248 0.664091
0.0808535 0.523766
0.523345 0.798395
0.861749 0.613528
0.590384 0.176566
0.0218367 0.371754
0.952614 0.981753
0.254812 0.146296
0.880404 0.40253
0.927655 0.789442
0.208922 0.651104
0.994359 0.648396
0.226487 0.959955
0.914568 0.799341
0.379167 0.229922
0.213091 0.0614149
0.894013 0.293944
0.585181 0.417359
0.092339 0.44693
0.0308869 0.682723
0.623496 0.0527236
0.0544773 0.57611
0.034477 0.30929
0.722406 0.914881
0.711819 0.650061
0.704323 0.920741
0.301165 0.698681
0.569137 0.527652
0.658636 0.483705
0.326993 0.0378028
0.713627 0.540084
0.0992177 0.60764
0.834028 0.684398
0.024999 0.926367
0.131328 0.055886
0.60909 0.754824
0.10861 0.663568
0.330933 0.143087
0.972857 0.0533391
0.0579673 0.684677
0.7034 0.76229
0.605418 0.00456447
0.460971 0.174555
0.532216 0.119607
0.65826 0.859209
0.15741 0.371887
0.399293 0.256628
0.979528 0.233321
0.941026 0.00452669
0.159688 0.0723542
0.0604127 0.768778
0.827178 0.169022
0.432346 0.158112
0.312109 0.405203
0.211451 0.370076
0.0898799 0.91485
0.132366 0.695298
0.919415 0.593337
0.869853 0.451631
0.712944 0.528113
0.31084 0.870354
0.9 0.710133
0.126982 0.879528
0.943454 0.068008
0.884054 0.103142
0.140362 0.944467
0.871921 0.96754
0.113489 0.304266
0.125652 0.425598
0.70947 0.337102
0.795674 0.799349
0.251953 0.92804
0.494647 0.171368
0.521377 0.3645
0.622999 0.234321
0.892613 0.933839
0.104675 0.792613
0.643973 0.231657
0.67214 0.587427
0.299665 0.556195
0.690569 0.440027
0.500662 0.56249
0.407567 0.614151
0.866756 0.533219
0.039749 0.576226
0.870321 0.835423
0.375575 0.122274
0.763463 0.870223
0.293642 0.28484
0.234723 0.916641
0.519162 0.127336
0.85048 0.623837
0.919949 0.494452
0.855494 0.592089
0.0818793 0.155159
0.148284 0.772448
0.595186 0.648945
0.334938 0.00275327
0.263096 0.201694
0.535972 0.302845
0.77792 0.406294
0.138269 0.153495
0.528568 0.901732
0.023718 0.82221
0.186572 0.258441
0.738851 0.705734
0.385776 0.58933
0.329571 0.305725
0.0837829 0.185064
0.897814 0.165662
0.340223 0.0460976
0.938111 0.935409
0.695043 0.273049
0.938162 0.958139
0.474743 0.474135
0.260985 0.252664
0.880429 0.399253
0.406159 0.408997
0.300985 0.429877
0.231207 0.487557
0.688318 0.970057
0.193291 0.0740942
0.559388 0.522862
0.379819 0.643171
0.707926 0.277633
0.808833 0.0481492
0.323731 0.746943
0.983558 0.0187737
0.0199923 0.92172
0.976913 0.494736
0.395855 0.237898
0.747399 0.276284
0.637151 0.153558
0.68528 0.938136
0.583435 0.916487
0.425693 0.271753
0.886544 0.618984
0.345847 0.445932
0.141846 0.725667
0.0891027 0.849772
0.00329969 0.897935
0.897921 0.32703
0.644879 0.881479
0.345804 0.664871
0.8032 0.322717
0.159607 0.199055
0.560615 0.907006
0.475338 0.197765
0.0605644 0.160619
0.135901 0.644
0.0771057 0.561594
0.915753 0.96365
0.180578 0.2616
0.409582 0.322424
0.987267 0.498685
0.172196 0.990567
0.39662 0.0701168
0.317597 0.041499
0.951596 0.663401
0.70637 0.754796
0.986118 0.865977
0.953851 0.546733
0.772983 0.429189
0.744498 0.833547
0.589808 0.880399
0.477547 0.666914
0.441993 0.3933
0.630564 0.62257
0.654901 0.0401456
0.944994 0.642167
0.53883 0.11719
0.632734 0.93545
0.187306 0.950331
0.976949 0.138903
0.613732 0.683319
0.893699 0.59985
0.549296 0.847549
0.146583 0.322279
0.276739 0.891081
0.155827 0.866547
0.77148 0.633374
0.533461 0.213473
0.0266743 0.164024
0.836043 0.681575
0.20417 0.781037
0.323742 0.743
0.898227 0.956476
0.678451 0.0855329
0.906808 0.6554
0.224435 0.52054
0.338719 0.118134
0.12039 0.888016
0.965683 0.266974
0.210295 0.242422
0.158055 0.366122
0.108969 0.929535
0.999496 0.64243
0.143008 0.0261701
0.806454 0.979051
0.707745 0.010624
0.760088 0.0314873
0.753624 0.658315
0.987964 0.432075
0.743848 0.894771
0.0874745 0.968283
0.415311 0.426194
0.0864173 0.535702
0.314209 0.0521008
0.802675 0.524504
0.294523 0.96073
0.890626 0.403492
0.890266 0.890122
0.0459219 0.0332738
0.916292 0.852376
0.012325 0.624037
0.863 0.772413
0.655524 0.616624
0.430728 0.643488
0.0486988 0.174576
0.538259 0.136173
0.142859 0.95357
0.562367 0.229276
0.489272 0.876576
0.281377 0.291947
0.40108 0.5759
0.252678 0.291706
0.979392 0.142944
0.181828 0.0253141
0.176217 0.0981194
0.87769 0.188542
0.722156 0.74069
0.960956 0.37768
0.357314 0.391684
0.0211679 0.406013
0.566259 0.559427
0.542186 0.709118
0.512997 0.104553
0.938395 0.00226922
0.981129 0.219772
0.294217 0.382209
0.795672 0.546894
0.673915 0.775064
0.689838 0.855743
0.800378 0.866056
0.953862 0.678068
0.054598 0.676018
0.418758 0.0155536
0.0536985 0.776072
0.407237 0.0748663
0.182085 0.973497
0.634293 0.724271
0.682615 0.14729
0.828824 0.62101
0.14956 0.809954
0.840782 0.443776
0.192163 0.636454
0.990671 0.866078
0.411518 0.680509
0.721821 0.211896
0.546565 0.675683
0.889964 0.601163
0.351701 0.308723
0.616716 0.4054
0.0847948 0.0239535
0.480266 0.26688
0.99745 0.114559
0.991151 0.680065
0.26185 0.819976
0.301075 0.41141
0.629929 0.141857
0.855186 0.822092
0.77831 0.845857
0.68817 0.189828
0.526366 0.409991
0.401724 0.0729301
0.0856739 0.291688
0.674093 0.437375
0.600411 0.290809
0.842775 0.685205
0.314762 0.323041
0.952085 0.312212
0.4376 0.943237
0.992278 0.69945
0.763212 0.293353
0.11086 0.393142
0.435209 0.966045
0.215234 0.213519
0.811902 0.903404
0.403347 0.338268
0.313395 0.805071
0.411198 0.399069
0.0967593 0.0852905
0.836444 0.69717
0.376099 0.679219
0.382375 0.690862
0.00225992 0.334461
0.0030741 0.43986
0.277697 0.995352
0.13931 0.0409097
0.288704 0.25017
0.434051 0.723914
0.216215 0.649285
0.937433 0.0281175
0.552689 0.34078
0.366385 0.866084
0.145852 0.777583
0.265152 0.242611
0.862873 0.101596
0.939781 0.238973
0.780815 0.322156
0.929834 0.783075
0.656617 0.932909
0.222936 0.934314
0.92826 0.362246
0.975224 0.216965
0.612416 0.409275
0.940878 0.828631
0.0585599 0.878312
0.856749 0.611249
0.219092 0.223134
0.477333 0.364944
0.000716881 0.742485
0.607554 0.86359
0.844081 0.547335
0.102563 0.624897
0.869491 0.0323976
0.407972 0.526108
0.965306 0.630908
0.460422 0.893567
0.993154 0.435645
0.110531 0.605569
0.84492 0.0514097
0.4342 0.90348
0.929721 0.290949
0.514729 0.148813
0.514083 0.992061
0.513757 0.5148
0.734546 0.121311
0.37839 0.578628
0.668646 0.480953
0.203525 0.538137
0.513351 0.611497
0.0642449 0.478657
0.242404 0.524666
0.372224 0.235558
0.960312 0.482755
0.841127 0.805232
0.534165 0.275328
0.708712 0.463886
0.566277 0.223441
0.612699 0.0803599
0.215502 0.126456
0.59516 0.950048
0.247767 0.97355
0.528676 0.916413
0.454504 0.732201
0.454551 0.967855
0.343697 0.518795
0.446512 0.586102
0.043462 0.818736
0.82166 0.00377368
0.301491 0.662787
0.809006 0.835656
0.938115 0.517717
0.299542 0.504392
0.741158 0.912241
0.584752 0.95666
0.038697 0.179911
0.906708 0.286464
0.153461 0.435384
0.202878 0.607965
0.167585 0.657428
0.57582 0.511283
0.176224 0.0223315
0.0973845 0.219686
0.841067 0.919044
0.223459 0.142558
0.581831 0.032465
0.978214 0.519946
0.550182 0.277755
0.0243377 0.29134
0.189996 0.609089
0.248 0.228693
0.789001 0.154709
0.515157 0.942462
0.590093 0.718035
0.550427 0.757678
0.375463 0.126246
0.268961 0.551687
0.148578 0.366345
0.771373 0.989645
0.28539 0.994832
0.132203 0.867221
0.0272973 0.110417
0.387167 0.57748
0.388172 0.411505
0.86882 0.578168
0.020594 0.11682
0.806861 0.809595
0.271529 0.322018
0.752056 0.861622
0.0400532 0.302483
0.6193 0.415517
0.42873 0.888261
0.967204 0.577308
0.254606 0.738577
0.566953 0.539996
0.733409 0.699156
0.407217 0.760706
0.809573 0.794384
0.338186 0.197745
0.205889 0.207006
0.775912 0.226483
0.323826 0.582773
0.0360775 0.595355
0.904792 0.788134
0.456977 0.944845
0.0906173 0.0762775
0.360361 0.519347
0.964539 0.327565
0.0966548 0.219145
0.0661415 0.663608
0.759141 0.79955
0.362764 0.166358
0.560256 0.172337
0.960742 0.898442
0.370081 0.166631
0.105448 0.145993
0.393114 0.429274
0.728767 0.429192
0.0246293 0.633558
0.217326 0.481606
0.578403 0.307943
0.557884 0.938764
0.82729 0.522423
0.266329 0.923945
0.741568 0.332471
0.587553 0.500709
0.132021 0.950316
0.667067 0.692278
0.122653 0.627809
0.59072 0.492734
0.79444 0.696168
0.638728 0.187555
0.125442 0.367494
0.616746 0.150072
0.00105272 0.834072
0.631678 0.579456
0.142015 0.189562
0.51822 0.969305
0.711985 0.78455
0.89325 0.453552
0.117021 0.480803
0.954261 0.249042
0.431119 0.621328
0.94132 0.553772
0.249137 0.53204
0.046506 0.0435776
0.228208 0.685234
0.231132 0.35365
0.0527279 0.847879
0.503721 0.0537806
0.681951 0.135399
0.633236 0.823966
0.324962 0.151457
0.793271 0.0369461
0.936007 0.686521
0.490498 0.0530273
0.167323 0.444759
0.302069 0.598442
0.0660871 0.243389
0.152214 0.315224
0.775428 0.19872
0.358802 0.00363595
0.883954 0.589934
0.357286 0.936682
0.437813 0.861007
0.990463 0.119763
0.996407 0.623699
0.943729 0.321368
0.775156 0.737
0.358314 0.711162
0.423521 0.848813
0.76419 0.590844
0.293572 0.0662589
0.189287 0.359659
0.309648 0.341501
0.674883 0.0850759
0.540221 0.0336848
0.0887119 0.424175
0.623619 0.445998
0.360857 0.0614316
0.307005 0.35132
0.181195 0.303412
0.975019 0.124924
0.62478 0.750175
0.861924 0.983095
0.461337 0.285445
0.831907 0.225527
0.876289 0.125479
0.291786 0.0655759
0.485138 0.601434
0.407077 0.160021
0.686509 0.947298
0.193706 0.775221
0.371474 0.817325
0.221219 0.732331
0.878756 0.528224
0.083651 0.0599514
0.831636 0.0586699
0.184876 0.456416
0.808845 0.0468
0.439511 0.270182
0.332245 0.271418
0.495709 0.208534
0.396897 0.787495
0.27411 0.882035
0.388929 0.681187
0.0420558 0.075438
0.628486 0.235762
0.850659 0.999959
0.0530865 0.0718784
0.732291 0.931843
0.600102 0.815942
0.991794 0.431738
0.874611 0.17667
0.888154 0.683456
0.22347 0.327665
0.953638 0.555715
0.599083 0.449347
0.764249 0.995979
0.236842 0.0383596
0.878014 0.625771
0.719547 0.92007
0.701209 0.348032
0.155832 0.551868
0.347992 0.208918
0.623746 0.0802823
0.140761 0.223849
0.896224 0.132555
0.655587 0.770835
0.309225 0.543742
0.454292 0.532695
0.871406 0.40793
0.0884098 0.470489
0.857277 0.852659
0.466468 0.0941191
0.891019 0.344482
0.71989 0.610566
0.264552 0.421099
0.958598 0.420384
0.972967 0.30659
0.629302 0.596713
0.386872 0.770062
0.820562 0.283096
0.902618 0.476149
0.0539314 0.211843
0.0198907 0.508223
0.744537 0.891297
0.916153 0.832947
0.361786 0.77343
0.685606 0.828254
0.867549 0.576625
0.172737 0.587439
0.187191 0.437289
0.00853708 0.145789
0.857672 0.981504
0.452379 0.486974
0.578217 0.839251
0.257036 0.398779
0.122347 0.159654
0.874928 0.176278
0.371497 0.894819
0.684501 0.116034
0.786116 0.600654
0.948981 0.147902
0.374084 0.634587
0.976156 0.241632
0.211213 0.148893
0.829071 0.398403
0.586182 0.837608
0.544192 0.443854
0.819112 0.996571
0.930828 0.397328
0.835822 0.187864
0.796107 0.958169
0.347518 0.671035
0.134447 0.719014
0.565854 0.818949
0.835048 0.351969
0.419603 0.78403
0.499871 0.793686
0.418617 0.476028
0.0353183 0.62983
0.624921 0.864389
0.0282329 0.211102
0.701997 0.572425
0.654956 0.521108
0.568996 0.585784
0.918437 0.404817
0.773648 0.714544
0.362986 0.121166
0.385579 0.497433
0.84018 0.951432
0.316382 0.675229
0.303402 0.735984
0.459258 0.803273
0.52967 0.877875
0.279301 0.564989
0.507705 0.904222
0.429378 0.535938
0.115324 0.131375
0.108363 0.77028
0.652483 0.677358
0.356064 0.57092
0.0821755 0.129712
0.285464 0.445161
0.250878 0.671042
0.942594 0.0910581
0.622475 0.258976
0.766287 0.925877
0.99496 0.225545
0.72915 0.52463
0.10342 0.00845088
0.0896189 0.611125
0.912673 0.518996
0.147063 0.027997
0.650371 0.255426
0.798277 0.302854
0.932784 0.154342
0.873774 0.0149596
0.284054 0.159237
0.460121 0.534932
0.830279 0.402715
0.62599 0.452754
0.661692 0.392277
0.378631 0.656652
0.617822 0.10778
0.181282 0.721242
0.116231 0.270901
0.332367 0.028904
0.789897 0.47943
0.056901 0.440268
0.734856 0.855178
0.743122 0.66764
0.00952015 0.616896
0.682599 0.293574
0.776133 0.14272
0.828506 0.606412
0.545436 0.454496
0.0591664 0.207127
0.846773 0.437797
0.863779 0.464594
0.545577 0.0450611
0.185836 0.661808
0.315962 0.518203
0.690712 0.105859
0.997633 0.747613
0.546128 0.732489
0.602792 0.28925
0.400129 0.612312
0.906146 0.0827287
0.905886 0.682278
0.225449 0.734392
0.288691 0.770885
0.188888 0.347857
0.978013 0.0356604
0.785654 0.841792
0.500255 0.331231
0.886853 0.686091
0.99304 0.202815
0.204294 0.683752
0.308674 0.201928
0.431366 0.854801
0.934417 0.0341573
0.144051 0.334546
0.646469 0.0501968
0.417275 0.552355
0.732475 0.642724
0.286747 0.021166
0.413609 0.475635
0.369023 0.391621
0.511295 0.154677
0.233413 0.0115498
0.485909 0.120266
0.697641 0.478948
0.32308 0.901935
0.1627 0.631754
0.103862 0.594066
0.486556 0.0382791
0.628223 0.630607
0.372825 0.274692
0.680804 0.7901
0.827048 0.413279
0.432824 0.113795
0.434445 0.846433
0.58943 0.803468
0.238054 0.100725
0.958145 0.471467
0.112275 0.444054
0.591733 0.809915
0.923002 0.914814
0.71185 0.0857026
0.546568 0.815712
0.679769 0.0331238
0.853991 0.307992
0.663731 0.226817
0.582684 0.344535
0.0169166 0.409732
0.757814 0.449741
0.523527 0.192259
0.296173 0.112956
0.995727 0.534228
0.213681 0.953872
0.0056952 0.325955
0.397926 0.597428
0.135871 0.320929
0.512242 0.847721
0.406631 0.0588101
0.663433 0.0863998
0.0919339 0.517424
0.394392 0.755665
0.744241 0.977076
0.100199 0.761158
0.386808 0.858013
0.210898 0.910334
0.0502715 0.507072
0.0232902 0.0459983
0.0412994 0.236971
0.999871 0.0469946
0.562927 0.397797
0.644423 0.698797
0.718726 0.156665
0.546518 0.125357
0.215475 0.209951
0.211756 0.307409
0.727375 0.606148
0.0630739 0.471616
0.583224 0.163273
0.232774 0.970031
0.021286 0.443672
0.880366 0.0715575
0.950744 0.903656
0.117556 0.992043
0.140627 0.117426
0.0390379 0.703553
0.515223 0.683461
0.40235 0.233949
0.840126 0.948869
0.359306 0.0556013
0.15882 0.571062
0.36301 0.886195
0.17721 0.426084
0.357811 0.760434
0.589357 0.590586
0.730465 0.610643
0.034258 0.610831
0.682201 0.985002
0.514487 0.799757
0.977045 0.655113
0.917183 0.0160832
0.358666 0.432406
0.699544 0.761017
0.666355 0.53967
0.709885 0.0256608
0.595271 0.868705
0.596723 0.958282
0.7549 0.773933
0.384366 0.112712
0.534367 0.973724
0.703297 0.264832
0.584367 0.737555
0.875663 0.266568
0.722557 0.39015
0.0663244 0.699602
0.0452631 0.983507
0.715686 0.40393
0.415914 0.41523
0.164947 0.082269
0.9549 0.874832
0.10793 0.550171
0.743537 0.704653
0.508453 0.498437
0.478586 0.892819
0.611149 0.0129527
0.866543 0.314446
0.277785 0.45091
0.0520008 0.153448
0.717478 0.774558
0.543598 0.783802
0.47416 0.588861
0.767309 0.189846
0.992791 0.183223
0.605076 0.157738
0.265492 0.559976
0.0325696 0.373422
0.110147 0.776107
0.0780746 0.618601
0.274544 0.55666
0.51142 0.885692
0.569613 0.377963
0.200138 0.847398
0.828873 0.252139
0.000846526 0.546351
0.0266967 0.544445
0.330153 0.500857
0.133306 0.0974623
0.690703 0.126097
0.280685 0.295779
0.283835 0.546178
0.855755 0.316404
0.9196 0.965902
0.0925109 0.997674
0.584503 0.367055
0.554334 0.0959226
0.252747 0.123948
0.473886 0.452885
0.971346 0.302759
0.705023 0.972192
0.84911 0.73172
0.516637 0.179262
0.232577 0.649943
0.276725 0.92328
0.77604 0.55741
0.219059 0.0598751
0.103588 0.0748133
0.376279 0.0231872
0.0407152 0.46879
0.0208613 0.625218
0.835845 0.575196
0.72114 0.0885917
0.699143 0.195026
0.541476 0.670489
0.497785 0.2465
0.642681 0.346894
0.97822 0.159318
0.526157 0.210797
0.809261 0.802881
0.134077 0.585302
0.360291 0.353136
0.645177 0.463879
0.427949 0.0214562
0.487066 0.468664
0.490247 0.507928
0.0938818 0.326092
0.0831233 0.815022
0.414683 0.782267
0.0100482 0.95616
0.452756 0.507833
0.202659 0.0954367
0.854728 0.180879
0.254755 0.380884
0.391676 0.064016
0.183766 0.525753
0.649318 0.544057
0.878888 0.294494
0.00793613 0.306837
0.315951 0.495002
0.775502 0.806197
0.00292986 0.869383
0.132289 0.0860532
0.684406 0.546972
0.86832 0.694454
0.503132 0.321075
0.202287 0.705791
0.416512 0.0570144
0.886671 0.671267
0.437899 0.278347
0.735283 0.621664
0.8041 0.384601
0.165721 0.682988
0.679095 0.173658
0.989826 0.995046
0.66866 0.765327
0.801243 0.67159
0.634711 0.933532
0.757643 0.319116
0.480504 0.625963
0.0135699 0.983636
0.947038 0.215857
0.689427 0.36355
0.272871 0.576098
0.0348171 0.71077
0.854445 0.7701
0.332434 0.658545
0.1547 0.498156
0.341533 0.833795
0.671813 0.331358
0.828841 0.340473
0.0966856 0.630084
0.0120632 0.731396
0.563615 0.769706
0.0505123 0.0441193
0.395669 0.0640822
0.0277552 0.342707
0.279939 0.717183
0.706257 0.55281
0.293281 0.741074
0.26358 0.147725
0.511174 0.596015
0.80627 0.665875
0.0941705 0.147803
0.49967 0.765984
0.479161 0.328511
0.106457 0.575847
0.958595 0.118521
0.307243 0.52221
0.888227 0.357755
0.56633 0.283896
0.421838 0.594085
0.626603 0.701777
0.311267 0.33286
0.254587 0.604548
0.0739345 0.518167
0.752273 0.585109
0.114182 0.558543
0.250984 0.208352
0.706346 0.750654
0.974336 0.185507
0.0791652 0.0807936
0.761354 0.0377601
0.199314 0.0685974
0.55997 0.0875408
0.426353 0.1263
0.371436 0.84819
0.720385 0.998039
0.549967 0.0316525
0.330899 0.804554
0.6362 0.404834
0.322721 0.388474
0.989943 0.436903
0.947017 0.240927
0.645255 0.653363
0.991581 0.619591
0.838871 0.0707459
0.700385 0.600225
0.108506 0.899699
0.668822 0.668477
0.98724 0.0951751
0.794777 0.358676
0.943365 0.515162
0.356716 0.493332
0.546814 0.687615
0.297886 0.183015
0.0924488 0.620607
0.571488 0.0823916
0.0575101 0.518506
0.323318 0.702765
0.171869 0.314899
0.322357 0.0107395
0.385645 0.0227416
0.610965 0.494151
0.922441 0.279787
0.162627 0.909681
0.374962 0.957404
0.268357 0.318328
0.472566 0.625073
0.81166 0.0193801
0.312688 0.109546
0.202395 0.405136
0.730153 0.773883
0.487528 0.787664
0.292389 0.810846
0.490429 0.464257
0.125745 0.812786
0.474997 0.51139
0.835527 0.0859614
0.00554083 0.757968
0.365748 0.168168
0.667649 0.74071
0.125572 0.936006
0.059038 0.598138
0.561078 0.870698
0.617518 0.873766
0.980244 0.819913
0.278902 0.710398
0.593796 0.76643
0.498061 0.886185
0.577276 0.98849
0.350442 0.703021
0.801276 0.825439
0.214411 0.636803
0.9114 0.219952
0.394771 0.277149
0.38812 0.0624196
0.0178592 0.513693
0.998425 0.0768973
0.111831 0.559504
0.947595 0.729349
0.433269 0.927839
0.549262 0.712171
0.638237 0.143059
0.478601 0.136298
0.0292432 0.0558773
0.124789 0.379685
0.758898 0.926064
0.205124 0.973309
0.562867 0.116524
0.193261 0.957638
0.393673 0.581381
0.020058 0.411532
0.0950736 0.0184833
0.48843 0.206905
0.577987 0.436025
0.936254 0.011256
0.363864 0.485516
0.723427 0.00210139
0.628575 0.202029
0.1384 0.657818
0.257906 0.263188
0.0375032 0.0168042
0.189253 0.242627
0.990113 0.75212
0.359152 0.183374
0.709758 0.752825
0.764756 0.729816
0.164357 0.859829
0.7483 0.652787
0.0667338 0.326286
0.0888121 0.0029876
0.337542 0.452676
0.488504 0.0609697
0.454778 0.117079
0.262998 0.593178
0.774897 0.520904
0.856366 0.8124
0.537708 0.0456185
0.0550271 0.527822
0.797738 0.414179
0.711196 0.507497
0.167004 0.475952
0.237313 0.331361
0.335781 0.985613
0.984149 0.402515
0.311899 0.0729607
0.405503 0.649441
0.525637 0.894006
0.710411 0.980415
0.011085 0.973409
0.573593 0.785982
0.494314 0.429959
0.598381 0.0320221
0.475577 0.653408
0.559844 0.273315
0.0675873 0.27104
0.780812 0.234591
0.746992 0.0181253
0.565953 0.0827734
0.00373797 0.550101
0.485288 0.315637
0.623062 0.890791
0.965078 0.148699
0.784797 0.675489
0.129114 0.795882
0.648899 0.702707
0.581864 0.143213
0.132665 0.180245
0.175235 0.608242
0.833654 0.735079
0.881557 0.901241
0.00611915 0.66237
0.135832 0.753111
0.680495 0.701785
0.835885 0.684233
0.251886 0.321173
0.99987 0.874947
0.211964 0.964948
0.0236463 0.996761
0.640438 0.15276
0.792643 0.289337
0.855467 0.374507
0.432549 0.988132
0.554752 0.607784
0.596374 0.388406
0.342863 0.477931
0.289647 0.348982
0.140301 0.425479
0.102094 0.820796
0.127264 0.937978
0.505029 0.379149
0.259152 0.504899
0.254097 0.471116
0.469847 0.277743
0.467877 0.110285
0.430503 0.26052
0.399622 0.28597
0.635027 0.832171
0.274101 0.18978
0.439955 0.870475
0.578186 0.782818
0.348406 0.867832
0.131801 0.488707
0.293311 0.233894
0.309503 0.420575
0.171873 0.814532
0.799724 0.431024
0.319431 0.0538209
0.90214 0.789278
0.331564 0.370017
0.899563 0.762067
0.630537 0.299185
0.0480368 0.265564
0.131356 0.322138
0.455344 0.571311
0.192614 0.0335295
0.35413 0.54102
0.901362 0.48593
0.0297273 0.194673
0.719825 0.339231
0.615248 0.891697
0.153763 0.414972
0.322722 0.473194
0.468793 0.224862
0.262472 0.800357
0.594879 0.162035
0.562424 0.225416
0.46122 0.610461
0.49098 0.592575
0.932599 0.946324
0.163886 0.125213
0.979854 0.518016
0.666233 0.881216
0.0039461 0.69596
0.0758889 0.723771
0.0351907 0.691137
0.615468 0.188954
0.106109 0.93819
0.662147 0.574902
0.163052 0.924619
0.37526 0.757931
0.0866544 0.937684
0.983346 0.547874
0.548145 0.474327
0.140449 0.480744
0.420651 0.304336
0.605957 0.400505
0.822352 0.272189
0.281721 0.826298
0.968149 0.35761
0.550068 0.00334008
0.0487467 0.165536
0.192294 0.154856
0.103726 0.854441
0.729758 0.266778
0.77906 0.105018
0.0247085 0.865715
0.0427017 0.00805499
0.413589 0.590846
0.482382 0.554038
0.0715903 0.903033
0.858374 0.677547
0.303538 0.680726
0.949736 0.585259
0.507024 0.917886
0.942869 0.0570921
0.921226 0.991615
0.222628 0.113519
0.146471 0.326355
0.96796 0.87623
0.593133 0.747021
0.981248 0.617841
0.612736 0.0239494
0.625896 0.0263246
0.614796 0.108278
0.580363 0.686386
0.011311 0.438737
0.363933 0.314849
0.119463 0.313669
0.900108 0.626486
0.231555 0.842976
0.683578 0.15278
0.834592 0.906207
0.2663 0.981063
0.232562 0.23426
0.857293 0.825694
0.981281 0.83854
0.443536 0.594017
0.86249 0.0694319
0.620341 0.477286
0.17771 0.200704
0.163672 0.189021
0.639441 0.527605
0.50387 0.758904
0.841274 0.403978
0.38539 0.0728286
0.246954 0.0689685
0.225609 0.0815459
0.975175 0.491909
0.0626089 0.207737
0.726169 0.919902
0.0334314 0.70745
0.758442 0.476967
0.301467 0.620932
0.546399 0.921808
0.0982173 0.724109
0.122512 0.261889
0.91313 0.761953
0.789494 0.417
0.520856 0.630767
0.820978 0.906247
0.703596 0.0679317
0.975215 0.929205
0.149478 0.95039
0.421114 0.212087
0.158127 0.147283
0.131988 0.191559
0.854733 0.89043
0.668526 0.1562
0.511362 0.214925
0.0780076 0.609579
0.939034 0.200519
0.871468 0.852163
0.962472 0.660962
0.269163 0.483329
0.291729 0.0901407
0.389575 0.995325
0.158072 0.36479
0.924531 0.30755
0.315181 0.345645
0.519637 0.473308
0.492928 0.651625
0.664867 0.347661
0.542055 0.333392
0.503861 0.0534167
0.548317 0.581869
0.662996 0.487351
0.782388 0.534464
0.339514 0.74486
0.195426 0.608677
0.228189 0.487155
0.698818 0.617764
0.482481 0.856891
0.982555 0.407011
0.164441 0.297735
0.752656 0.684077
0.771043 0.245584
0.335702 0.43591
0.593245 0.877757
0.769302 0.0971065
0.931173 0.317619
0.678975 0.594169
0.80497 0.461363
0.128633 0.144484
0.206224 0.324059
0.753162 0.434413
0.811214 0.45198
0.0521772 0.293695
0.30887 0.0347318
0.700706 0.473311
0.332467 0.453362
0.157388 0.10351
0.698946 0.49309
0.53942 0.292192
0.370847 0.308722
0.389298 0.30202
0.626342 0.0682734
0.89619 0.431312
0.529637 0.0248229
0.575796 0.73586
0.348882 0.328958
0.170273 0.160096
0.780938 0.222451
0.453791 0.0898084
0.257182 0.154498
0.56312 0.589649
0.60786 0.720508
0.69316 0.306806
0.213598 0.23258
0.598998 0.584445
0.541302 0.988296
0.886465 0.167643
0.0565696 0.782655
0.598955 0.586206
0.807478 0.174751
0.322067 0.15636
0.503709 0.49234
0.316457 0.284647
0.714791 0.770248
0.374456 0.971973
0.924746 0.937575
0.561623 0.532606
0.658083 0.254782
0.839412 0.871681
0.487362 0.43841
0.456126 0.0286636
0.426706 0.342592
0.196307 0.483276
0.125247 0.795262
0.0694821 0.932725
0.970013 0.391549
0.0890848 0.473723
0.883889 0.405541
0.75837 0.59868
0.175789 0.132825
0.570653 0.100535
0.0704006 0.132276
0.633141 0.728484
0.387058 0.472553
0.600165 0.87442
0.910963 0.0562908
0.903084 0.337669
0.398882 0.0993906
0.820945 0.524129
0.894653 0.890427
0.456854 0.864666
0.281976 0.545938
0.338388 0.165865
0.95148 0.0967582
0.764545 0.127269
0.229584 0.335198
0.227804 0.299984
0.467474 0.860945
0.0284678 0.854532
0.333498 0.628632
0.728952 0.24446
0.684923 0.632036
0.582129 0.0838056
0.731427 0.403074
0.607935 0.626079
0.293501 0.0647883
0.490745 0.575477
0.610727 0.829133
0.741342 0.562206
0.925892 0.505887
0.689476 0.155475
0.841085 0.91728
0.455459 0.308559
0.778225 0.483927
0.163091 0.111723
0.11256 0.892044
0.356183 0.797483
0.52408 0.938313
0.881289 0.255506
0.341387 0.489223
0.881585 0.634888
0.554012 0.37233
0.210365 0.164738
0.201464 0.951707
0.726945 0.127355
0.457594 0.41642
0.282831 0.298679
0.3337 0.73829
0.607238 0.111925
0.222217 0.770329
0.223648 0.334777
0.662372 0.579831
0.13226 0.186452
0.518144 0.0135488
0.441958 0.859531
0.502772 0.323543
0.494419 0.0567836
0.695874 0.704784
0.221522 0.897338
0.65649 0.948466
0.0246931 0.114084
0.364887 0.307524
0.412762 0.698587
0.045814 0.02
0.810512 0.268031
0.790329 0.0341595
0.602808 0.452701
0.613991 0.735069
0.639153 0.132134
0.748617 0.0811109
0.991665 0.251389
0.404654 0.486084
0.308173 0.100528
0.190867 0.529695
0.997866 0.847357
0.478161 0.0225591
0.961441 0.843048
0.330083 0.374204
0.541634 0.375897
0.394204 0.352146
0.643928 0.184533
0.386305 0.246737
0.637234 0.000295904
0.981805 0.276386
0.13243 0.730422
0.357497 0.124095
0.981812 0.762152
0.610179 0.289985
0.86268 0.801046
0.819679 0.860546
0.648404 0.29784
0.883105 0.609845
0.140888 0.213188
0.984049 0.682522
0.589085 0.378253
0.0346679 0.233013
0.562785 0.420973
0.479749 0.200019
0.421269 0.461555
0.476405 0.553699
0.191977 0.833903
0.677795 0.173789
0.596054 0.287974
0.463774 0.458734
0.0890198 0.283453
0.31928 0.737423
0.581293 0.202385
0.347268 0.722181
0.415572 0.331317
0.404703 0.00465697
0.70957 0.439371
0.23767 0.272355
0.860344 0.717419
0.472374 0.281613
0.178974 0.948779
0.835313 0.370951
0.782682 0.513107
0.54474 0.378736
0.801081 0.00851346
0.83747 0.890101
0.291966 0.15675
0.627524 0.87326
0.359135 0.974793
0.595441 0.774707
0.30611 0.00014443
0.779364 0.0156798
0.439516 0.0170336
0.288035 0.29986
0.734453 0.760409
0.581473 0.913427
0.709189 0.416786
0.284378 0.491871
0.929894 0.829117
0.870607 0.730975
0.837631 0.708077
0.621076 0.129597
0.864827 0.2486
0.00285711 0.223961
0.223392 0.598298
0.998668 0.529502
0.598443 0.778032
0.545182 0.0379583
0.795066 0.833217
0.337818 0.529518
0.593627 0.919292
0.442945 0.302815
0.336078 0.727323
0.794686 0.265971
0.55644 0.665293
0.996946 0.394071
0.373369 0.618022
0.523668 0.238196
0.866621 0.526525
0.462157 0.0900139
0.124823 0.460825
0.619516 0.723266
0.238857 0.164698
0.761224 0.033923
0.997915 0.0990424
0.563441 0.591542
0.018334 0.00638631
0.894357 0.354412
0.733709 0.689043
0.620383 0.290149
0.354336 0.617329
0.684219 0.727705
0.235351 0.207887
0.965902 0.101973
0.734412 0.428059
0.191986 0.859236
0.888885 0.811503
0.582502 0.127742
0.976201 0.343726
0.161665 0.974116
0.442768 0.725106
0.565658 0.461102
0.731493 0.460016
0.815514 0.465201
0.149059 0.435897
0.75535 0.503395
0.0532268 0.439569
0.231101 0.288578
0.647457 0.197002
0.39055 0.381869
0.625061 0.582537
0.241105 0.513946
0.39404 0.823607
0.641688 0.37024
0.167333 0.803353
0.344357 0.610101
0.528459 0.910015
0.0712032 0.259951
0.370031 0.886717
0.725153 0.51909
0.322615 0.480503
0.022485 0.375842
0.920072 0.253586
0.66442 0.567529
0.450588 0.0549701
0.949398 0.0756489
0.637507 0.190503
0.589595 0.0315466
0.0141099 0.231282
0.401787 0.181442
0.034635 0.746144
0.791543 0.563094
0.656159 0.862746
0.823045 0.02619
0.749464 0.548198
0.54528 0.0720788
0.0287008 0.567765
0.447921 0.948773
0.821351 0.11234
0.516302 0.271938
0.16731 0.4657
0.347587 0.804817
0.656204 0.937182
0.836364 0.670314
0.168464 0.238151
0.851756 0.203099
0.984295 0.643299
0.766193 0.640454
0.506046 0.589238
0.666644 0.25551
0.137436 0.211924
0.327588 0.166137
0.779689 0.775509
0.11491 0.60104
0.887849 0.631212
0.872978 0.0551595
0.0969126 0.220565
0.859977 0.753116
0.157747 0.696341
0.42343 0.326211
0.934492 0.275186
0.52931 0.918787
0.918485 0.295503
0.559241 0.42453
0.884741 0.225885
0.68004 0.022177
0.437809 0.00762829
0.188314 0.217498
0.783137 0.303224
0.818538 0.670986
0.934436 0.691515
0.726146 0.0313486
0.91208 0.586123
0.784465 0.0698271
0.282464 0.207895
0.396038 0.216956
0.48308 0.925348
0.135743 0.401565
0.220851 0.694984
0.826096 0.105592
0.920869 0.506136
0.127769 0.358679
0.513764 0.316082
0.576177 0.296901
0.619306 0.394715
0.967887 0.553742
0.0862301 0.694033
0.585091 0.99831
0.280156 0.369556
0.0681376 0.56262
0.57745 0.464175
0.779576 0.0605306
0.389523 0.915319
0.462096 0.610374
0.610303 0.288192
0.715966 0.531172
0.794327 0.843734
0.889851 0.308091
0.159816 0.466028
0.604992 0.779123
0.860742 0.572879
0.332865 0.946973
0.266913 0.917956
0.945283 0.547069
0.287511 0.0134207
0.109688 0.864962
0.477596 0.889264
0.925492 0.867119
0.804583 0.387588
0.477493 0.414886
0.67578 0.193459
0.946058 0.470107
0.037193 0.835909
0.778198 0.197009
0.301937 0.38319
0.976132 0.162679
0.956069 0.308997
0.109652 0.222982
0.226952 0.0549351
0.770051 0.514464
0.0683557 0.879739
0.379425 0.545952
0.769003 0.304917
0.413071 0.573586
0.692505 0.890565
0.988471 0.368285
0.0840238 0.934529
0.838391 0.121217
0.770438 0.616589
0.318226 0.0723754
0.999779 0.294358
0.235055 0.955848
0.603355 0.344707
0.17883 0.830307
0.399642 0.948881
0.344771 0.467998
0.82862 0.724196
0.0139495 0.597623
0.0291131 0.427021
0.171209 0.721618
0.317586 0.15968
0.0899032 0.401609
0.0942095 0.928295
0.522826 0.864648
0.544884 0.841052
0.937023 0.544663
0.13541 0.172078
0.500511 0.738765
0.516785 0.679341
0.569072 0.916427
0.628221 0.913843
0.384425 0.456841
0.638039 0.398374
0.0544639 0.667152
0.825395 0.225673
0.38877 0.142981
0.385353 0.478673
0.54459 0.479562
0.406968 0.0674163
0.34421 0.951852
0.908469 0.281234
0.496514 0.0438789
0.453312 0.997025
0.782644 0.970097
0.676366 0.351716
0.886524 0.304587
0.265559 0.270948
0.761428 0.903598
0.669322 0.815892
0.570749 0.494717
0.0415642 0.959519
0.637698 0.426917
0.438193 0.182288
0.906479 0.845161
0.249704 0.250689
0.797012 0.158173
0.531923 0.293526
0.202052 0.985234
0.290551 0.984696
0.955331 0.966917
0.336412 0.841855
0.271504 0.601971
0.112803 0.0329315
0.505569 0.782125
0.848823 0.076318
0.276842 0.890387
0.0358375 0.91454
0.317304 0.47403
0.0968277 0.223783
0.319191 0.346532
0.474473 0.116203
0.504705 0.00639518
0.40973 0.706757
0.99163 0.700281
0.691452 0.946961
0.667198 0.0278643
0.788815 0.938701
0.629835 0.901618
0.971633 0.135404
0.683743 0.820456
0.211722 0.960585
0.710844 0.247559
0.875125 0.0281481
0.72159 0.971953
0.251931 0.0407803
0.318485 0.726404
0.156983 0.82319
0.732799 0.566713
0.529946 0.724429
0.266994 0.221399
0.671389 0.934191
0.249263 0.460205
0.872893 0.879098
0.361823 0.844526
0.0145018 0.0455659
0.664982 0.226224
0.00615107 0.375826
0.473783 0.881276
0.403974 0.195372
0.853229 0.655905
0.236153 0.171714
0.382309 0.393136
0.994903 0.115108
0.959849 0.524849
0.839537 0.226843
0.746248 0.510926
0.161034 0.995511
0.971131 0.033927
0.874609 0.332954
0.878453 0.889111
0.37852 0.543435
0.115334 0.384671
0.919261 0.589117
0.265947 0.323235
0.78449 0.119176
0.97914 0.0206426
0.290889 0.361449
0.413779 0.285792
0.476557 0.373628
0.810642 0.316094
0.60047 0.55689
0.827021 0.761505
0.5524 0.798151
0.795432 0.427009
0.131105 0.673884
0.31612 0.509625
0.217319 0.431454
0.894295 0.13658
0.0205713 0.160242
0.459815 0.805061
0.279418 0.438955
0.825704 0.570307
0.800404 0.239482
0.856099 0.276961
0.61311 0.666741
0.593055 0.21358
0.22363 0.420076
0.975085 0.776031
0.218227 0.770516
0.20304 0.349332
0.444401 0.51916
0.858957 0.66172
0.950614 0.753252
0.7983 0.971185
0.913494 0.258115
0.776246 0.192912
0.69707 0.60195
0.763219 0.497473
0.841432 0.619318
0.774434 0.454542
0.286059 0.36749
0.668122 0.509689
0.787566 0.643207
0.28572 0.00579295
0.413723 0.48876
0.355125 0.858124
0.00791945 0.214082
0.519844 0.958533
0.967335 0.318145
0.929718 0.880829
0.57626 0.705964
0.0737412 0.273329
0.307913 0.83696
0.770803 0.149345
0.456278 0.545237
0.603887 0.742336
