0.796802 0.381722
0.918462 0.570545
0.858361 0.476225
0.0231525 0.892923
0.502868 0.377706
0.32475 0.846658
0.099563 0.772203
0.0517999 0.910543
0.367744 0.202774
0.769041 0.710991
0.63757 0.0890493
0.352974 0.00255549
0.481014 0.869171
0.386632 0.83359
0.321459 0.490569
0.263684 0.118261
0.872291 0.182146
0.688806 0.730652
0.658371 0.711958
0.623574 0.161239
0.0896648 0.948324
0.0078977 0.189228
0.720527 0.0596975
0.0997706 0.0882708
0.262472 0.868811
0.799262 0.900042
0.957861 0.152236
0.902597 0.438875
0.0214069 0.28923
0.272465 0.342866
0.779798 0.536148
0.461126 0.652089
0.718294 0.149932
0.382741 0.376665
0.861891 0.00631515
0.537905 0.951556
0.954639 0.545802
0.140783 0.675166
0.6055 0.240554
0.763437 0.867972
0.109365 0.562699
0.768013 0.067226
0.714935 0.670611
0.506101 0.736342
0.95984 0.778566
0.0792076 0.739639
0.314714 0.540334
0.391728 0.0330087
0.690266 0.774468
0.409674 0.552157
0.780783 0.947578
0.503713 0.735423
0.493381 0.644496
0.410589 0.0988804
0.88505 0.174026
0.966852 0.994416
0.736725 0.734866
0.0616418 0.45166
0.405476 0.567743
0.188002 0.365317
0.346309 0.26721
0.104955 0.661023
0.807544 0.496683
0.694032 0.49781
0.271151 0.103706
0.0499676 0.0519345
0.0512839 0.55368
0.787357 0.544665
0.198177 0.197946
0.643545 0.0832271
0.371972 0.610397
0.0776428 0.108697
0.345263 0.139285
0.560358 0.750739
0.707027 0.74836
0.116056 0.0533362
0.0155702 0.221011
0.714359 0.823114
0.717694 0.408391
0.320925 0.988845
0.512096 0.370892
0.0407795 0.56338
0.924573 0.828137
0.108045 0.122749
0.0260826 0.75159
0.205977 0.398055
0.361987 0.283619
0.506752 0.70725
0.422904 0.0671098
0.457989 0.129931
0.81547 0.574044
0.183268 0.83104
0.795055 0.897627
0.654154 0.512749
0.306018 0.975079
0.501594 0.818114
0.345971 0.542373
0.381495 0.270544
0.37051 0.489539
0.393294 0.396593
0.241129 0.59927
0.794647 0.603116
0.882889 0.301399
0.310366 0.305793
0.368509 0.768355
0.435725 0.183979
0.342399 0.618993
0.0150191 0.137454
0.516619 0.669173
0.650203 0.822637
0.644253 0.151797
0.640751 0.990224
0.694171 0.0222459
0.260768 0.0646807
0.511785 0.654062
0.461273 0.752915
0.253332 0.255921
0.356031 0.136221
0.55732 0.666397
0.442015 0.925829
0.434752 0.87774
0.109808 0.777151
0.496732 0.124827
0.914605 0.0133516
0.794 0.564808
0.835989 0.438253
0.716606 0.47674
0.428477 0.410776
0.498986 0.689245
0.475457 0.0107716
0.343306 0.93673
0.763686 0.596638
0.192651 0.119718
0.732859 0.74997
0.786115 0.174874
0.675799 0.220867
0.0526132 0.785606
0.998018 0.549345
0.910433 0.912623
0.562697 0.704433
0.477431 0.398686
0.142686 0.194037
0.875426 0.571162
0.604813 0.374412
0.260407 0.0802699
0.385184 0.603713
0.017 0.14887
0.200351 0.209651
0.268588 0.93321
0.959621 0.0547028
0.108083 0.63542
0.27557 0.160696
0.421026 0.273587
0.710042 0.331459
0.186211 0.272739
0.0358924 0.663642
0.671425 0.178578
0.857679 0.546851
0.74974 0.462492
0.921263 0.0101471
0.542762 0.306447
0.61386 0.559762
0.455318 0.814211
0.769413 0.723906
0.74742 0.729033
0.778609 0.855504
0.364453 0.0541783
0.0162003 0.78548
0.327766 0.726242
0.116939 0.513976
0.998981 0.152831
0.177618 0.670405
0.331409 0.0352974
0.217256 0.0811498
0.49779 0.138519
0.0912969 0.0405516
0.444967 0.705157
0.600314 0.900285
0.519368 0.369726
0.624191 0.266788
0.0987595 0.402799
0.122292 0.463213
0.456977 0.138492
0.248692 0.784743
0.864734 0.365631
0.29872 0.863715
0.518462 0.476338
0.53412 0.849872
0.511635 0.751377
0.931022 0.00942489
0.889896 0.0223186
0.0499764 0.334863
0.727476 0.65029
0.235148 0.246843
0.0200161 0.859338
0.513631 0.118776
0.262137 0.635923
0.581988 0.719115
0.774415 0.830681
0.503858 0.63915
0.196312 0.802577
0.502865 0.714774
0.278915 0.036985
0.564646 0.790551
0.788362 0.495668
0.799976 0.678258
0.517987 0.849952
0.0131204 0.245462
0.500242 0.248268
0.492305 0.520258
0.107606 0.00593672
0.639034 0.369743
0.64186 0.221022
0.0888578 0.416275
0.0517026 0.592716
0.0554251 0.248014
0.395293 0.55829
0.962789 0.674208
0.595275 0.527435
0.464759 0.383636
0.0231029 0.264734
0.0618938 0.54109
0.114686 0.0750143
0.786552 0.614928
0.323282 0.278857
0.135186 0.430888
0.284794 0.77422
0.800631 0.926654
0.995242 0.889489
0.342929 0.0469443
0.482205 0.398354
0.294959 0.877498
0.956644 0.257748
0.551706 0.551919
0.785183 0.0164651
0.935555 0.808286
0.2812 0.997449
0.349375 0.395886
0.0724629 0.135927
0.0108141 0.395745
0.414784 0.146
0.826633 0.699577
0.92022 0.627265
0.626231 0.915462
0.516754 0.96916
0.962406 0.998959
0.367514 0.257365
0.876457 0.324158
0.515113 0.428163
0.876077 0.300295
0.444628 0.811632
0.108581 0.725828
0.80908 0.457956
0.121714 0.881543
0.593882 0.132528
0.277288 0.00866608
0.278528 0.103922
0.708243 0.198748
0.731187 0.334474
0.11421 0.247941
0.303635 0.0766166
0.2469 0.671149
0.333982 0.123357
0.995307 0.849094
0.55152 0.871384
0.149389 0.996148
0.683016 0.25797
0.721976 0.492096
0.715926 0.843689
0.37364 0.309808
0.976217 0.650928
0.318475 0.254745
0.75485 0.0267179
0.453494 0.486037
0.361192 0.567704
0.733977 0.664827
0.644321 0.980877
0.335976 0.978302
0.104234 0.331283
0.827397 0.655753
0.202668 0.976786
0.651901 0.885684
0.234756 0.373877
0.37778 0.950682
0.217567 0.751419
0.260491 0.193784
0.402348 0.578965
0.448529 0.157198
0.605683 0.902023
0.643234 0.966876
0.469727 0.377211
0.631703 0.114048
0.358088 0.967679
0.09235 0.462322
0.298962 0.919747
0.118075 0.50163
0.896533 0.769977
0.387313 0.131289
0.143854 0.765093
0.0819713 0.36142
0.516513 0.342462
0.555204 0.91886
0.921427 0.0037333
0.0760576 0.52711
0.905756 0.719292
0.493986 0.375483
0.0965032 0.125689
0.489531 0.454592
0.0933675 0.581881
0.916914 0.39233
0.501627 0.0349892
0.89396 0.39816
0.804966 0.281273
0.529449 0.94882
0.046366 0.61142
0.31024 0.562879
0.953882 0.865444
0.481739 0.87531
0.869178 0.557796
0.40242 0.774934
0.277088 0.896406
0.150417 0.373591
0.0220947 0.639948
0.828183 0.115462
0.221829 0.745096
0.507792 0.723456
0.780086 0.401751
0.121616 0.585052
0.683024 0.651066
0.533871 0.72939
0.262486 0.844112
0.292269 0.216368
0.709556 0.774007
0.0916777 0.578734
0.331803 0.494098
0.353668 0.608891
0.390504 0.504085
0.982482 0.412598
0.144033 0.810665
0.52806 0.365862
0.555761 0.0358523
0.0893187 0.335847
0.437604 0.210935
0.920898 0.120628
0.862001 0.45477
0.850018 0.124487
0.298882 0.142287
0.340855 0.00843779
0.916294 0.432532
0.587172 0.248098
0.92663 0.94084
0.856989 0.317133
0.444925 0.839471
0.729732 0.588958
0.650136 0.257792
0.954821 0.205898
0.293644 0.0441393
0.541744 0.731248
0.255074 0.462643
0.851876 0.117075
0.917412 0.701894
0.241562 0.216294
0.844182 0.582416
0.224732 0.760476
0.0149486 0.811904
0.00857386 0.941578
0.752743 0.865563
0.258712 0.197669
0.705035 0.988444
0.786627 0.355171
0.246236 0.741448
0.561069 0.53988
0.785587 0.102813
0.271128 0.0406613
0.565456 0.123005
0.157736 0.482868
0.824899 0.399298
0.699162 0.669081
0.981714 0.923894
0.429557 0.996663
0.735798 0.43813
0.938241 0.488541
0.303693 0.196953
0.68621 0.00872804
0.185397 0.472837
0.363899 0.431633
0.214284 0.924968
0.971513 0.999871
0.0277805 0.242641
0.0405322 0.593236
0.365646 0.198269
0.0761043 0.190545
0.597567 0.775266
0.859626 0.579281
0.69916 0.289182
0.575944 0.434958
0.727313 0.514185
0.923499 0.031006
0.711138 0.609709
0.039734 0.896535
0.0825451 0.403633
0.328168 0.296829
0.328601 0.299681
0.2967 0.356381
0.542322 0.337232
0.949617 0.907968
0.535501 0.0257215
0.0985132 0.133068
0.800988 0.958139
0.712348 0.500148
0.247321 0.288292
0.935106 0.974634
0.802477 0.858605
0.00563954 0.513615
0.468314 0.0453736
0.41015 0.550859
0.449007 0.738318
0.847688 0.777607
0.0379985 0.144388
0.133988 0.580321
0.48162 0.0836055
0.488289 0.0171213
0.109327 0.586802
0.150189 0.910315
0.544941 0.862537
0.410463 0.792262
0.150829 0.345569
0.766895 0.953306
0.204174 0.772535
0.466921 0.672488
0.817908 0.877072
0.223347 0.266915
0.615389 0.0710345
0.0445222 0.653388
0.215423 0.178511
0.233709 0.697043
0.262116 0.721997
0.714164 0.371443
0.308799 0.864353
0.281758 0.85374
0.72689 0.692221
0.646002 0.87772
0.0377901 0.412897
0.831026 0.241964
0.185432 0.297947
0.914452 0.00334014
0.175019 0.137799
0.270255 0.790409
0.208833 0.314777
0.443797 0.424256
0.493288 0.677505
0.121299 0.755404
0.399503 0.835463
0.126847 0.708302
0.699816 0.408605
0.562042 0.426707
0.100826 0.208043
0.304426 0.138616
0.62094 0.135452
0.38058 0.806372
0.433399 0.295033
0.809712 0.608418
0.432832 0.0799675
0.398827 0.641665
0.394745 0.842624
0.065921 0.888033
0.520129 0.18722
0.643437 0.919631
0.022683 0.770284
0.627933 0.722499
0.178889 0.189975
0.149206 0.279714
0.398018 0.453632
0.418331 0.0189588
0.589084 0.798911
0.825331 0.0224833
0.0939437 0.635043
0.630902 0.526775
0.715011 0.0297288
0.16844 0.109756
0.872352 0.234361
0.997789 0.392481
0.421581 0.641225
0.312112 0.444264
0.411509 0.940045
0.166763 0.590398
0.13002 0.315969
0.870112 0.528039
0.769601 0.288443
0.546997 0.358685
0.0873535 0.372328
0.381168 0.181297
0.00737188 0.0120699
0.708072 0.722383
0.0417987 0.876513
0.832139 0.914151
0.110874 0.829927
0.306632 0.532455
0.471152 0.618744
0.976719 0.882661
0.55879 0.143483
0.473059 0.68881
0.459452 0.343171
0.216849 0.229053
0.631613 0.763846
0.587737 0.718967
0.136175 0.968905
0.900264 0.143547
0.980975 0.608337
0.865929 0.0227741
0.484849 0.698068
0.936925 0.595723
0.527995 0.243557
0.128178 0.999147
0.862302 0.104898
0.881808 0.421092
0.24838 0.354867
0.109902 0.707832
0.698038 0.32675
0.936885 0.329651
0.0905966 0.524622
0.0486184 0.226771
0.493528 0.948883
0.370318 0.474503
0.557219 0.236247
0.497277 0.0420684
0.934315 0.434203
0.637792 0.46231
0.67776 0.76597
0.461457 0.540062
0.870868 0.343265
0.961153 0.119248
0.698132 0.0710551
0.827081 0.39617
0.397806 0.763965
0.725822 0.488402
0.288588 0.77444
0.715173 0.782115
0.723323 0.0854913
0.256619 0.280542
0.321738 0.753896
0.32261 0.256053
0.188098 0.960402
0.718363 0.865858
0.726372 0.17982
0.40592 0.59724
0.523085 0.367073
0.716488 0.221218
0.438129 0.543569
0.617388 0.835934
0.307534 0.34321
0.324336 0.596122
0.11765 0.0395099
0.378237 0.840973
0.125001 0.634856
0.121515 0.446739
0.388752 0.444125
0.702793 0.57685
0.404527 0.421156
0.442709 0.130899
0.600976 0.848629
0.728139 0.124061
0.215702 0.444627
0.345278 0.653831
0.988196 0.962666
0.489765 0.29573
0.305876 0.814101
0.891852 0.423527
0.853611 0.270089
0.2645 0.978612
0.904945 0.386015
0.425352 0.293697
0.830141 0.128144
0.870547 0.234668
0.5493 0.313255
0.365567 0.150276
0.161884 0.0937067
0.274336 0.377586
0.538334 0.619615
0.0314166 0.52653
0.582281 0.521181
0.82226 0.888157
0.335283 0.714112
0.311684 0.188894
0.984201 0.576184
0.167506 0.889146
0.9622 0.592858
0.182843 0.79234
0.721002 0.0533899
0.0270086 0.270302
0.366645 0.392576
0.420578 0.528529
0.486283 0.694914
0.906115 0.0246168
0.314529 0.937532
0.551147 0.89681
0.458713 0.373407
0.784967 0.793996
0.0875192 0.0966513
0.98289 0.0717205
0.672836 0.150396
0.960867 0.635035
0.743253 0.14371
0.427376 0.464255
0.1971 0.454384
0.734558 0.563745
0.846961 0.155135
0.0922745 0.333243
0.85005 0.99839
0.35786 0.164578
0.935922 0.909007
0.0613876 0.394635
0.282414 0.846355
0.188631 0.369933
0.943006 0.171521
0.441654 0.615842
0.321916 0.402521
0.250877 0.0651694
0.54623 0.678253
0.529425 0.74333
0.132637 0.263983
0.307075 0.979598
0.419118 0.39935
0.312841 0.269168
0.39774 0.670701
0.433746 0.333661
0.579708 0.495133
0.728296 0.862122
0.341488 0.916927
0.232056 0.284494
0.0884477 0.673709
0.900335 0.410364
0.0762299 0.151212
0.475533 0.62246
0.829465 0.00495807
0.365791 0.962102
0.268941 0.672866
0.9417 0.688059
0.0722158 0.254542
0.957226 0.469955
0.925243 0.390972
0.803617 0.504952
0.886105 0.531913
0.367074 0.227593
0.44884 0.59913
0.512086 0.537288
0.272839 0.412422
0.947652 0.349069
0.563634 0.423185
0.971529 0.393099
0.428143 0.33732
0.355201 0.697084
0.0101859 0.296901
0.385142 0.0824016
0.551443 0.342369
0.552357 0.476686
0.73334 0.355974
0.981638 0.619445
0.887887 0.348712
0.847038 0.336727
0.947841 0.359125
0.874015 0.22068
0.771546 0.821667
0.569749 0.33518
0.244852 0.541279
0.728279 0.672996
0.878599 0.08348
0.370079 0.888785
0.380381 0.755222
0.971186 0.931825
0.0975904 0.523543
0.408511 0.830931
0.879517 0.390148
0.450376 0.767404
0.73886 0.297415
0.104131 0.686701
0.656539 0.978147
0.907382 0.428086
0.799814 0.477131
0.763266 0.0446662
0.0184099 0.491545
0.717662 0.897009
0.575025 0.087741
0.785793 0.955406
0.842963 0.756979
0.887231 0.940553
0.280523 0.295741
0.771484 0.16004
0.68589 0.22186
0.927444 0.424749
0.519275 0.0315751
0.111451 0.175814
0.0097218 0.0188322
0.6039 0.809536
0.495963 0.367166
0.854202 0.514373
0.85871 0.571864
0.411382 0.433735
0.659605 0.197175
0.389141 0.502567
0.954154 0.276372
0.443121 0.234677
0.572113 0.214605
0.394717 0.258003
0.436465 0.322161
0.682752 0.95574
0.353736 0.794203
0.131554 0.363458
0.813035 0.735454
0.172993 0.308999
0.10262 0.0271952
0.823372 0.96133
0.599059 0.234753
0.395066 0.258664
0.431928 0.784207
0.761231 0.386083
0.0605792 0.204352
0.62076 0.632693
0.418956 0.0154765
0.890696 0.855421
0.337637 0.573448
0.811161 0.691373
0.367651 0.942716
0.0548305 0.180687
0.67817 0.227824
0.489685 0.78079
0.255019 0.313057
0.74212 0.854078
0.54781 0.137186
0.112741 0.979739
0.921393 0.873972
0.365821 0.981972
0.078324 0.986581
0.614665 0.49728
0.00205762 0.50536
0.352702 0.339695
0.0788087 0.163863
0.0310677 0.44646
0.106579 0.0858981
0.627146 0.784749
0.313722 0.116832
0.565539 0.568741
0.429888 0.307659
0.422819 0.977699
0.444845 0.53556
0.957437 0.366237
0.409532 0.323259
0.34821 0.487856
0.30984 0.962874
0.985136 0.311897
0.468235 0.337838
0.651592 0.547043
0.501701 0.68266
0.993503 0.60828
0.768558 0.62065
0.393029 0.0822798
0.737481 0.958568
0.651021 0.16737
0.266226 0.0738391
0.145068 0.711071
0.609399 0.102506
0.0773086 0.0189309
0.425764 0.425518
0.506787 0.735604
0.388392 0.491923
0.0475014 0.856627
0.829762 0.699094
0.403671 0.331463
0.381753 0.397174
0.939743 0.150311
0.0178236 0.332772
0.232591 0.755305
0.29134 0.883612
0.922675 0.557567
0.957451 0.0677428
0.268638 0.56685
0.170248 0.345946
0.585781 0.596013
0.771464 0.0925675
0.331617 0.159857
0.584491 0.379118
0.0164839 0.414252
0.0782114 0.420154
0.745715 0.459965
0.817328 0.685459
0.610276 0.835152
0.018231 0.842867
0.590457 0.309571
0.726479 0.513131
0.867138 0.68393
0.580874 0.135775
0.250779 0.751122
0.481722 0.83656
0.347135 0.253186
0.929128 0.678751
0.413043 0.513618
0.0578694 0.429527
0.927871 0.136081
0.849681 0.673586
0.596046 0.667009
0.359045 0.206322
0.502161 0.377276
0.0491887 0.0926178
0.686847 0.775668
0.605749 0.553984
0.459597 0.186623
0.68976 0.710377
0.937745 0.171481
0.546937 0.28488
0.424667 0.476064
0.963632 0.83771
0.597493 0.394023
0.267237 0.917553
0.157582 0.116918
0.591139 0.753628
0.783927 0.950184
0.959949 0.286088
0.327459 0.00913802
0.378706 0.014306
0.784806 0.984455
0.56829 0.244403
0.171078 0.25805
0.954779 0.108824
0.429531 0.501716
0.393704 0.854199
0.97778 0.357336
0.691909 0.967462
0.378837 0.959145
0.885015 0.536419
0.076063 0.476154
0.290047 0.85999
0.426338 0.249996
0.146078 0.753797
0.259134 0.524784
0.768103 0.0439396
0.509239 0.336394
0.288342 0.680317
0.594444 0.243122
0.789141 0.0239752
0.744838 0.182845
0.878174 0.722617
0.540181 0.570083
0.69008 0.919018
0.529228 0.575095
0.455437 0.605291
0.0512493 0.745483
0.465281 0.477587
0.995479 0.611359
0.231385 0.254613
0.136143 0.999488
0.298553 0.645382
0.335882 0.586895
0.3257 0.930326
0.830017 0.11484
0.954301 0.574854
0.297685 0.832475
0.297472 0.837866
0.402557 0.987552
0.756883 0.931785
0.562646 0.21232
0.537076 0.613896
0.822007 0.142371
0.0914832 0.953283
0.613716 0.322868
0.207896 0.749859
0.322356 0.506449
0.395241 0.658238
0.0933439 0.720941
0.588563 0.923361
0.835781 0.542864
0.498215 0.133467
0.375339 0.795687
0.971332 0.777896
0.783239 0.728216
0.709681 0.345885
0.940536 0.246757
0.959781 0.898339
0.249114 0.0512641
0.851622 0.86283
0.374132 0.0595178
0.612689 0.696488
0.565967 0.00793041
0.354726 0.65931
0.728871 0.943289
0.582671 0.564653
0.486153 0.0808865
0.698119 0.861492
0.876574 0.669452
0.639389 0.659812
0.397668 0.34907
0.00569735 0.338204
0.595828 0.965478
0.236543 0.844942
0.0167424 0.0881649
0.707772 0.390874
0.147683 0.320461
0.0873624 0.713649
0.328391 0.442088
0.37296 0.0572628
0.385377 0.955631
0.621916 0.871531
0.0365176 0.320035
0.733023 0.913091
0.989487 0.372412
0.572903 0.387154
0.721482 0.578601
0.725358 0.31731
0.544079 0.961901
0.162252 0.560821
0.050066 0.870024
0.951696 0.197749
0.190485 0.0390583
0.911398 0.518876
0.481147 0.284358
0.576139 0.866524
0.239989 0.198054
0.738055 0.276506
0.518089 0.471078
0.189597 0.507576
0.84349 0.762501
0.89473 0.564972
0.341102 0.620089
0.882282 0.885181
0.58199 0.0445333
0.446002 0.632056
0.914557 0.397698
0.829804 0.105041
0.436757 0.741202
0.623918 0.917903
0.0255599 0.200056
0.784427 0.265549
0.398111 0.522482
0.542055 0.9162
0.99356 0.731652
0.423776 0.83705
0.494153 0.318507
0.402022 0.835255
0.938595 0.284304
0.720436 0.520585
0.328837 0.166438
0.15264 0.243394
0.564136 0.982445
0.348436 0.000893048
0.723647 0.972353
0.918796 0.749207
0.17241 0.703223
0.0147555 0.570521
0.225705 0.55681
0.486721 0.219265
0.288463 0.910497
0.0563154 0.782616
0.229004 0.458338
0.617871 0.167599
0.742642 0.338307
0.688183 0.0714788
0.504745 0.840824
0.314873 0.0688817
0.823268 0.663308
0.0697747 0.546915
0.635662 0.988571
0.296122 0.808071
0.691794 0.310878
0.378592 0.9175
0.867688 0.865313
0.136765 0.156151
0.77581 0.19308
0.938767 0.00481308
0.651418 0.556638
0.172412 0.394059
0.894945 0.860595
0.465538 0.39969
0.701419 0.780411
0.468572 0.524687
0.44372 0.538346
0.0716025 0.0793812
0.526917 0.367725
0.887452 0.218712
0.678602 0.266044
0.136211 0.54629
0.131357 0.272976
0.702441 0.907166
0.466057 0.641208
0.91198 0.117474
0.197846 0.0843912
0.511534 0.0927902
0.944986 0.977072
0.49248 0.646405
0.757483 0.961052
0.171092 0.201203
0.499398 0.242695
0.280584 0.0263154
0.610419 0.168036
0.245027 0.289022
0.434081 0.381238
0.835312 0.565438
0.654214 0.537753
0.472604 0.120271
0.178961 0.384583
0.237745 0.376806
0.468975 0.749279
0.469597 0.413961
0.726351 0.962077
0.0603661 0.483835
0.923129 0.231458
0.685037 0.422527
0.474153 0.965621
0.448842 0.0845725
0.133658 0.693869
0.373594 0.567739
0.0751074 0.208906
0.133176 0.729322
0.746659 0.60578
0.849593 0.92562
0.990364 0.087338
0.302427 0.459338
0.836617 0.772023
0.873299 0.562968
0.7341 0.933665
0.046803 0.657229
0.165124 0.73184
0.0797554 0.639277
0.697462 0.528598
0.723849 0.83112
0.222467 0.0974434
0.398858 0.297574
0.30635 0.532034
0.0268959 0.0530091
0.137814 0.876489
0.978629 0.128178
0.963826 0.281056
0.587516 0.800444
0.0530795 0.460815
0.363412 0.78718
0.394481 0.410215
0.444408 0.559604
0.142056 0.524164
0.198881 0.839517
0.0527614 0.92273
0.670637 0.275228
0.0201737 0.069495
0.572802 0.326523
0.601529 0.599698
0.379532 0.739343
0.476187 0.358162
0.867521 0.440013
0.639218 0.455037
0.240457 0.692297
0.915853 0.603869
0.479477 0.310333
0.014084 0.923886
0.869938 0.15614
0.448049 0.0688187
0.995657 0.500811
0.991549 0.666294
0.776039 0.0117226
0.735789 0.348841
0.338246 0.337318
0.948539 0.717778
0.0766615 0.424726
0.0759401 0.944183
0.864739 0.715158
0.39922 0.105196
0.407455 0.315073
0.709065 0.886933
0.625406 0.723149
0.810818 0.495343
0.879288 0.258867
0.564162 0.874945
0.759678 0.555711
0.541239 0.535717
0.567434 0.277028
0.884558 0.90568
0.614346 0.833097
0.623458 0.691007
0.257823 0.699398
0.63519 0.122562
0.414556 0.03441
0.227758 0.822011
0.349483 0.936822
0.708944 0.974888
0.659971 0.519762
0.470232 0.539259
0.77863 0.034394
0.414204 0.538308
0.590105 0.955443
0.074025 0.157539
0.232471 0.958583
0.0632187 0.846817
0.79168 0.686677
0.537824 0.0495036
0.386075 0.173014
0.172066 0.800631
0.207424 0.399823
0.622643 0.556907
0.336646 0.331587
0.531795 0.996617
0.851349 0.00202717
0.535876 0.629978
0.0364212 0.95008
0.168286 0.626526
0.905523 0.242311
0.784065 0.137994
0.200894 0.847284
0.984811 0.992575
0.533961 0.522635
0.0420782 0.920036
0.695649 0.214144
0.720667 0.903074
0.613967 0.343309
0.459981 0.950613
0.674896 0.991776
0.947229 0.526245
0.993803 0.483105
0.156223 0.0302244
0.433185 0.324509
0.656751 0.338708
0.56682 0.440816
0.476701 0.767714
0.2881 0.461512
0.760289 0.822061
0.984147 0.802367
0.742097 0.679796
0.0165108 0.462764
0.58287 0.630478
0.806073 0.0428509
0.581091 0.480969
0.0346269 0.52832
0.00721339 0.0284301
0.0114253 0.163436
0.0586545 0.44461
0.487945 0.715405
0.783318 0.0547649
0.156221 0.260019
0.822479 0.444321
0.721531 0.582768
0.266383 0.705678
0.385135 0.0084793
0.385475 0.401645
0.471243 0.968345
0.0321233 0.277316
0.0111956 0.613214
0.758285 0.0458225
0.141534 0.765498
0.0742526 0.15296
0.928934 0.132907
0.59757 0.416879
0.848312 0.380887
0.471644 0.00453378
0.640906 0.294123
0.448855 0.362437
0.876891 0.715238
0.0681153 0.262025
0.723717 0.45359
0.663671 0.19496
0.421934 0.695794
0.472276 0.43313
0.309008 0.230561
0.478953 0.450543
0.996059 0.553205
0.603502 0.924993
0.686112 0.201072
0.341872 0.534425
0.581959 0.813517
0.538958 0.222865
0.10764 0.987814
0.585303 0.984531
0.703052 0.653418
0.246556 0.426769
0.107008 0.910227
0.621729 0.528942
0.606021 0.0940044
0.962072 0.915029
0.324565 0.441025
0.365572 0.320624
0.99423 0.969074
0.245617 0.680342
0.170146 0.587489
0.214767 0.752106
0.401006 0.753725
0.974971 0.508645
0.741539 0.560274
0.493176 0.444591
0.213692 0.739732
0.871359 0.3207
0.649959 0.493088
0.849642 0.25598
0.587092 0.811714
0.171009 0.911657
0.252739 0.536581
0.232281 0.246969
0.505656 0.477898
0.927311 0.675802
0.065387 0.142078
0.427908 0.466393
0.895803 0.402879
0.975038 0.637342
0.963153 0.468214
0.081933 0.176844
0.207947 0.953292
0.497544 0.857906
0.44638 0.347186
0.113886 0.033472
0.1589 0.284895
0.945129 0.411639
0.821476 0.17741
0.658608 0.327132
0.655308 0.585919
0.0029337 0.720695
0.727997 0.430841
0.187088 0.623801
0.83372 0.162126
0.261143 0.796873
0.63034 0.343076
0.973717 0.838287
0.296368 0.471261
0.696192 0.742748
0.818447 0.810078
0.77622 0.977348
0.0949731 0.721349
0.388987 0.916449
0.89876 0.0475953
0.243581 0.554068
0.633515 0.246515
0.274763 0.361512
0.677356 0.46185
0.985313 0.511076
0.623976 0.246456
0.307949 0.254316
0.589532 0.281666
0.0926031 0.8859
0.752927 0.788795
0.628648 0.571375
0.598873 0.404869
0.548722 0.693846
0.126218 0.937709
0.610296 0.0249774
0.985305 0.853877
0.579045 0.618819
0.100392 0.853808
0.980331 0.777748
0.315658 0.965644
0.288824 0.939634
0.2121 0.596773
0.193951 0.801633
0.878439 0.286554
0.687533 0.631366
0.0753492 0.316181
0.202741 0.674223
0.72105 0.751463
0.368069 0.847268
0.689172 0.978365
0.872245 0.674477
0.832242 0.45129
0.293296 0.932634
0.305098 0.273627
0.710382 0.620756
0.239272 0.999206
0.560391 0.451372
0.595979 0.754341
0.253005 0.474417
0.0408952 0.940538
0.105783 0.116244
0.256719 0.308524
0.790467 0.977769
0.0599867 0.158536
0.825037 0.749159
0.136901 0.697282
0.423635 0.969143
0.148573 0.716931
0.901777 0.453671
0.990559 0.612158
0.0744271 0.22983
0.611364 0.634818
0.681202 0.207342
0.389159 0.934207
0.68176 0.430054
0.874744 0.787543
0.546299 0.131463
0.0960668 0.336766
0.109232 0.156053
0.495302 0.934269
0.905212 0.632203
0.631552 0.328848
0.601346 0.780124
0.0457788 0.503123
0.233795 0.0363374
0.115281 0.308222
0.266168 0.726645
0.94304 0.94737
0.933987 0.332199
0.881577 0.615747
0.762253 0.756321
0.40329 0.308552
0.887784 0.499356
0.645318 0.997017
0.65541 0.14062
0.931286 0.560622
0.772823 0.562837
0.88947 0.37417
0.342962 0.935248
0.877292 0.576757
0.971586 0.992573
0.884979 0.237753
0.719218 0.828019
0.185123 0.653205
0.160218 0.0666998
0.268952 0.922471
0.823021 0.672241
0.231023 0.710805
0.171598 0.876342
0.707822 0.827008
0.0169617 0.639107
0.38763 0.789785
0.201945 0.2771
0.163955 0.544906
0.212348 0.0412469
0.121663 0.183934
0.0338201 0.00664177
0.421687 0.753038
0.834661 0.60681
0.406243 0.994878
0.67351 0.675195
0.91735 0.496531
0.347436 0.148373
0.207336 0.519034
0.0247146 0.915158
0.346042 0.0416763
0.554265 0.733672
0.831461 0.75621
0.0107714 0.995416
0.301116 0.223119
0.036663 0.422779
0.407053 0.0704832
0.429421 0.82874
0.823521 0.264081
0.435551 0.229764
0.25896 0.109061
0.904959 0.176309
0.605592 0.252396
0.324683 0.812928
0.77143 0.349397
0.728086 0.117471
0.391074 0.282351
0.851143 0.222535
0.0385609 0.861915
0.217951 0.339677
0.085034 0.254614
0.762456 0.492087
0.325097 0.191876
0.320828 0.148618
0.455958 0.756379
0.378383 0.714917
0.86544 0.283342
0.891227 0.471032
0.535738 0.215909
0.28396 0.307167
0.565307 0.0120463
0.424639 0.95638
0.294397 0.275782
0.178915 0.332958
0.137697 0.396866
0.672635 0.222731
0.65148 0.435091
0.714818 0.976577
0.626967 0.0356454
0.125196 0.082925
0.792024 0.503579
0.797842 0.657464
0.786921 0.689069
0.128496 0.322658
0.904979 0.412456
0.629826 0.470285
0.424502 0.0544642
0.426665 0.7189
0.330246 0.60558
0.0518578 0.467943
0.00244636 0.724493
0.690673 0.653926
0.159584 0.405491
0.630504 0.786551
0.441136 0.755699
0.869476 0.23316
0.259278 0.667319
0.890624 0.0461988
0.356388 0.0191198
0.368857 0.261367
0.431576 0.998683
0.731652 0.856078
0.053147 0.158317
0.574978 0.383393
0.763898 0.626835
0.851336 0.766344
0.351328 0.542009
0.42027 0.510912
0.9475 0.0507741
0.297463 0.388637
0.806474 0.166939
0.621797 0.0657517
0.834258 0.512421
0.111951 0.190646
0.531541 0.480808
0.452012 0.963117
0.47949 0.183664
0.819195 0.532637
0.341981 0.394172
0.91603 0.105879
0.0210075 0.767366
0.872223 0.372336
0.309376 0.292493
0.883248 0.256876
0.343267 0.180711
0.645512 0.149741
0.34765 0.267309
0.215493 0.181907
0.779731 0.327443
0.372553 0.311271
0.808251 0.824565
0.274388 0.287741
0.00822923 0.0935828
0.820378 0.350211
0.487755 0.736409
0.456089 0.508762
0.503775 0.328312
0.881098 0.813151
0.620805 0.764346
0.0700265 0.964073
0.945056 0.715539
0.113813 0.292706
0.982848 0.329306
0.474613 0.762579
0.656749 0.847166
0.0738501 0.465
0.671731 0.348238
0.752741 0.679961
0.441821 0.573119
0.0301712 0.929576
0.309528 0.486261
0.438339 0.813303
0.814573 0.319437
0.626454 0.435378
0.0837824 0.696481
0.399451 0.0288388
0.412019 0.513264
0.321545 0.394868
0.84257 0.796158
0.157446 0.499319
0.643324 0.231296
0.964319 0.315056
0.579535 0.71706
0.628319 0.360514
0.290179 0.0251877
0.950932 0.599708
0.511448 0.38927
0.413011 0.326021
0.708707 0.039465
0.761399 0.792489
0.735946 0.16085
0.821328 0.147965
0.674115 0.142873
0.542833 0.516685
0.939031 0.700279
0.0160047 0.582356
0.931575 0.980324
0.897412 0.51111
0.697384 0.892428
0.532466 0.987563
0.917616 0.483398
0.587271 0.429064
0.872668 0.000281847
0.755085 0.581375
0.0397469 0.516485
0.373864 0.775693
0.677335 0.195192
0.923658 0.35145
0.338065 0.46649
0.868135 0.277097
0.166769 0.88414
0.859452 0.0983443
0.864464 0.756864
0.609454 0.561848
0.649292 0.14192
0.549411 0.566907
0.625317 0.136682
0.995971 0.497985
0.136964 0.751057
0.0793602 0.176711
0.267541 0.453224
0.952403 0.944876
0.648417 0.876061
0.296326 0.986482
0.342551 0.164461
0.263579 0.50932
0.0486006 0.123031
0.607665 0.913064
0.879895 0.217119
0.474912 0.529187
0.359039 0.0243229
0.0960944 0.984356
0.161005 0.0920659
0.482341 0.297969
0.843122 0.561701
0.47468 0.110664
0.0149258 0.427083
0.0555398 0.663343
0.303144 0.351866
0.649825 0.645695
0.516327 0.913404
0.155015 0.564927
0.0364354 0.76268
0.477991 0.916331
0.979799 0.952903
0.445517 0.338837
0.977226 0.541612
0.323193 0.138231
0.633678 0.805535
0.4362 0.4768
0.367236 0.91088
0.587464 0.382162
0.337963 0.643004
0.0455046 0.641107
0.99487 0.69533
0.286802 0.511196
0.608734 0.441817
0.0761236 0.645169
0.204497 0.554115
0.5615 0.184296
0.507018 0.00701714
0.523134 0.484244
0.548629 0.846327
0.622476 0.182307
0.651862 0.0586757
0.659107 0.0190978
0.969555 0.246571
0.40126 0.307518
0.889575 0.446764
0.948625 0.884445
0.142094 0.235427
0.395641 0.750828
0.677244 0.471764
0.395997 0.881742
0.0258793 0.957497
0.0660378 0.532898
0.964514 0.589172
0.017142 0.513143
0.435499 0.639618
0.69545 0.0873605
0.698293 0.354557
0.106458 0.667849
0.601128 0.507718
0.975367 0.490703
0.954482 0.923992
0.375147 0.0965764
0.159418 0.770788
0.847404 0.836662
0.242553 0.243401
0.718404 0.268432
0.200898 0.784442
0.801329 0.165412
0.373613 0.818472
0.678554 0.809112
0.458089 0.374004
0.896473 0.156382
0.728561 0.00293108
0.824231 0.329689
0.510649 0.799598
0.820392 0.465132
0.72359 0.195539
0.561708 0.883008
0.966327 0.409112
0.719671 0.20888
0.652514 0.438075
0.477312 0.853411
0.222517 0.278641
0.0188231 0.59613
0.0971127 0.697378
0.405242 0.555202
0.0713817 0.301715
0.711584 0.799943
0.304646 0.535816
0.129632 0.815295
0.335414 0.950023
0.280427 0.0590035
0.145563 0.842135
0.942012 0.11189
0.251247 0.661682
0.32077 0.903761
0.0997571 0.798082
0.757172 0.322274
0.0767228 0.775995
0.918404 0.173836
0.473373 0.323646
0.729037 0.544754
0.625361 0.440622
0.344697 0.930007
0.976437 0.474329
0.745302 0.311851
0.424352 0.0257286
0.370855 0.569915
0.867863 0.312866
0.681805 0.119111
0.683012 0.298766
0.0228712 0.0743059
0.800656 0.780043
0.39658 0.877379
0.556038 0.314983
0.0512142 0.029411
0.638629 0.780252
0.574165 0.26399
0.220873 0.918863
0.193997 0.197311
0.393191 0.939299
0.509162 0.817543
0.965027 0.880017
0.387458 0.832891
0.192883 0.0692628
0.952001 0.167432
0.0718372 0.974872
0.241738 0.872493
0.754916 0.638317
0.749872 0.310954
0.9533 0.801086
0.340365 0.59193
0.581338 0.91453
0.85592 0.802211
0.833393 0.0499163
0.999522 0.226584
0.989215 0.508684
0.0441277 0.954242
0.3887 0.431586
0.787133 0.581583
0.500849 0.739134
0.749015 0.572686
0.714006 0.990753
0.445179 0.468922
0.62907 0.195051
0.779876 0.58237
0.996137 0.120241
0.1743 0.577474
0.0347714 0.0302197
0.379685 0.868164
0.080136 0.379207
0.0947487 0.0693508
0.88789 0.138876
0.0235928 0.276591
0.570462 0.810725
0.858174 0.0713109
0.549859 0.607189
0.643997 0.263866
0.597942 0.0891757
0.732787 0.227012
0.284226 0.512663
0.809382 0.280363
0.632904 0.983682
0.857837 0.667676
0.013902 0.237522
0.53584 0.094038
0.616729 0.630589
0.163389 0.50462
0.769465 0.186982
0.78121 0.339927
0.997707 0.639384
0.411238 0.547566
0.246573 0.0552349
0.811432 0.844515
0.144411 0.544219
0.0715267 0.428637
0.0568825 0.880909
0.709 0.689787
0.864591 0.566838
0.357462 0.878493
0.80436 0.893302
0.972531 0.421089
0.523891 0.13592
0.925709 0.293356
0.322902 0.706919
0.633283 0.320609
0.346303 0.0445213
0.868175 0.592876
0.0997562 0.679607
0.437391 0.244167
0.223826 0.508918
0.672804 0.280708
0.389827 0.381804
0.970495 0.254418
0.948642 0.327957
0.132911 0.753002
0.22126 0.105442
0.174091 0.745151
0.241362 0.0997996
0.0385065 0.564264
0.806719 0.67179
0.884873 0.153022
0.716311 0.753048
0.745898 0.816067
0.432654 0.183289
0.0602339 0.65648
0.692207 0.733038
0.937189 0.0820341
0.114842 0.907684
0.336452 0.0634837
0.235641 0.469363
0.816485 0.456901
0.574806 0.990576
0.202052 0.816168
0.0903759 0.240558
0.380432 0.897094
0.912348 0.265305
0.0501161 0.628659
0.0183525 0.796014
0.444726 0.451007
0.979303 0.50496
0.107487 0.67151
0.237997 0.044676
0.753545 0.352839
0.95236 0.0899967
0.416323 0.188001
0.55936 0.232808
0.644902 0.134166
0.223385 0.846954
0.950334 0.313761
0.0875121 0.330767
0.210855 0.99986
0.596071 0.260971
0.628519 0.614424
0.0569853 0.0732444
0.0654308 0.0362886
0.578204 0.172918
0.707799 0.816202
0.217594 0.461344
0.169041 0.169954
0.55134 0.585364
0.357955 0.1107
0.818173 0.00285779
0.244866 0.0415573
0.849812 0.1952
0.355318 0.937324
0.525967 0.566173
0.937184 0.122038
0.827144 0.565702
0.736462 0.88413
0.638947 0.801893
0.920418 0.217151
0.974811 0.628218
0.0333526 0.192405
0.0895611 0.202394
0.36236 0.640901
0.787758 0.720315
0.751602 0.60593
0.723173 0.996468
0.647487 0.572985
0.191669 0.00280549
0.510308 0.717636
0.568979 0.447492
0.839674 0.396123
0.0131947 0.576136
0.280253 0.652142
0.37803 0.200671
0.869293 0.352841
0.828889 0.902645
0.545247 0.91845
0.105039 0.907606
0.559352 0.892796
0.627921 0.310953
0.498726 0.351094
0.307421 0.146214
0.924078 0.49909
0.149019 0.434387
0.216725 0.717998
0.881879 0.0563995
0.114121 0.895074
0.632536 0.394374
0.547215 0.0105657
0.595046 0.416508
0.363407 0.423935
0.319153 0.908653
0.342385 0.424192
0.816259 0.901736
0.316988 0.44418
0.21269 0.815714
0.795274 0.520111
0.961928 0.719352
0.0192009 0.110947
0.153739 0.235926
0.828945 0.0356182
0.292326 0.943067
0.930692 0.924862
0.337441 0.477907
0.935427 0.932487
0.894415 0.298834
0.356421 0.213568
0.207487 0.698806
0.637759 0.0237467
0.600542 0.954747
0.467927 0.813232
0.770461 0.263201
0.333343 0.732389
0.982554 0.352544
0.843337 0.136293
0.58847 0.672282
0.171911 0.880796
0.615349 0.102603
0.805657 0.95279
0.58051 0.741085
0.885276 0.474925
0.0399189 0.241697
0.688492 0.247406
0.940503 0.326252
0.271153 0.541045
0.280998 0.73908
0.354277 0.0514596
0.00228106 0.68762
0.783849 0.984835
0.0401636 0.627185
0.121127 0.628634
0.299467 0.293038
0.509429 0.914816
0.395641 0.315087
0.867605 0.976151
0.0561716 0.752882
0.451076 0.0960905
0.994579 0.139568
0.343497 0.935082
0.46582 0.61465
0.476127 0.746818
0.35373 0.830405
0.798278 0.356011
0.518025 0.582126
0.340845 0.558188
0.209312 0.461973
0.186822 0.508779
0.755011 0.696251
0.423595 0.150652
0.0113379 0.2912
0.126803 0.0675095
0.0440821 0.577879
0.1636 0.0386609
0.717447 0.507097
0.973743 0.183266
0.121746 0.44987
0.930084 0.475476
0.280275 0.728362
0.831487 0.7983
0.310488 0.172332
0.356488 0.5198
0.634305 0.54331
0.0285793 0.389316
0.239561 0.452174
0.539968 0.250899
0.743375 0.666771
0.318409 0.787457
0.244649 0.482009
0.826118 0.962096
0.989105 0.799861
0.145362 0.110852
0.249731 0.0754469
0.586328 0.530006
0.803809 0.417815
0.328306 0.114297
0.590147 0.684794
0.634098 0.224451
0.228104 0.662677
0.613767 0.467665
0.114851 0.153735
0.718564 0.858226
0.820505 0.0369731
0.645683 0.065155
0.518982 0.471801
0.0272512 0.508087
0.271661 0.172614
0.618939 0.521393
0.248061 0.205266
0.0513991 0.0518694
0.623081 0.379705
0.166167 0.213227
0.0644997 0.800264
0.437679 0.292604
0.462941 0.0514457
0.760269 0.577793
0.20518 0.478834
0.436019 0.0256859
0.515807 0.0817013
0.0908409 0.0347887
0.553502 0.118092
0.542876 0.825163
0.290706 0.161814
0.346556 0.538766
0.367081 0.397955
0.590636 0.990162
0.77766 0.756803
0.203389 0.84216
0.557067 0.641068
0.134764 0.0200084
0.692514 0.895034
0.597801 0.897694
0.373868 0.0338195
0.92338 0.889675
0.115521 0.0142208
0.924463 0.669023
0.132313 0.467339
0.494186 0.423019
0.629153 0.840742
0.961785 0.996234
0.238697 0.552421
0.676939 0.305139
0.309223 0.189784
0.858518 0.86629
0.830852 0.993282
0.886299 0.523366
0.888315 0.4841
0.42106 0.262183
0.517919 0.34444
0.151858 0.63344
0.35866 0.0763211
0.302463 0.490973
0.54366 0.796649
0.913992 0.172813
0.637391 0.875777
0.169047 0.876088
0.428197 0.155442
0.892445 0.737421
0.345227 0.750963
0.603711 0.176079
0.744245 0.49001
0.699445 0.63256
0.974109 0.120504
0.894743 0.492028
0.464944 0.0466008
0.125468 0.823604
0.122922 0.427931
0.314578 0.666582
0.22458 0.22857
0.839395 0.861971
0.104346 0.00844206
0.738058 0.532544
0.163884 0.630504
0.269964 0.509111
0.381466 0.873675
0.68519 0.125711
0.363685 0.384635
0.758271 0.337794
0.505139 0.653014
0.829822 0.970083
0.699615 0.955291
0.793688 0.822537
0.383222 0.108265
0.489119 0.607802
0.336835 0.328514
0.469773 0.441181
0.336956 0.207831
0.973725 0.50084
0.838335 0.243689
0.00995134 0.219801
0.117365 0.695141
0.345512 0.481049
0.0797764 0.103783
0.818843 0.584916
0.756797 0.648665
0.554999 0.456412
0.603956 0.348687
0.278948 0.987178
0.456952 0.768067
0.59498 0.793787
0.0965806 0.0647527
0.234968 0.433536
0.272584 0.208694
0.934377 0.110919
0.452383 0.944328
0.33072 0.569748
0.639469 0.676232
0.0507968 0.719246
0.780015 0.86964
0.304161 0.536812
0.518305 0.85916
0.993223 0.122261
0.207847 0.272171
0.109439 0.664799
0.0402383 0.704419
0.458587 0.136819
0.769172 0.693555
0.570355 0.041756
0.902249 0.504732
0.152675 0.354632
0.44906 0.483395
0.924379 0.088529
0.159627 0.975176
0.807775 0.939642
0.844816 0.111936
0.476453 0.363121
0.971097 0.469677
0.485382 0.178944
0.741848 0.594822
0.843743 0.782086
0.299241 0.30233
0.918905 0.0684131
0.995885 0.48926
0.110169 0.898134
0.993992 0.262844
0.252765 0.443052
0.746239 0.177145
0.531581 0.905866
0.152321 0.339355
0.845507 0.997136
0.451292 0.321961
0.360257 0.422388
0.791637 0.84564
0.601332 0.533485
0.440462 0.445076
0.315571 0.739703
0.747406 0.234476
0.808116 0.743291
0.723737 0.918285
0.641425 0.717729
0.181129 0.89419
0.16078 0.927368
0.0713346 0.692361
0.833233 0.223655
0.0317164 0.678741
0.220792 0.483008
0.000701475 0.581049
0.905397 0.792339
0.426689 0.506729
0.325824 0.86715
0.951805 0.641395
0.606853 0.699211
0.875872 0.414969
0.442501 0.599608
0.333254 0.083926
0.317337 0.514383
0.978116 0.478117
0.44175 0.0494506
0.170478 0.274984
0.273106 0.202195
0.953724 0.493897
0.685203 0.954426
0.0749462 0.590599
0.746765 0.501635
0.0973281 0.0725885
0.368786 0.0491328
0.713984 0.975639
0.748343 0.589856
0.390608 0.190845
0.189464 0.723861
0.274771 0.506801
0.238244 0.252887
0.984918 0.679994
0.302337 0.155396
0.954978 0.575443
0.357591 0.908702
0.0693404 0.0427934
0.863128 0.144287
0.633393 0.609892
0.645922 0.730721
0.682481 0.0147074
0.779853 0.396465
0.990346 0.528197
0.98632 0.380954
0.719042 0.175784
0.104815 0.993812
0.682585 0.343059
0.246699 0.667503
0.0230531 0.549037
0.8229 0.978031
0.12448 0.18049
0.886733 0.19382
0.223284 0.749861
0.338107 0.856676
0.359753 0.984029
0.587397 0.0422344
0.998736 0.36725
0.438699 0.989082
0.895447 0.42502
0.370036 0.614489
0.600804 0.474851
0.608301 0.283389
0.81791 0.855
0.950893 0.840963
0.404037 0.773792
0.818994 0.528517
0.954283 0.705727
0.722337 0.177566
0.455588 0.0604444
0.0342429 0.815341
0.0444731 0.62164
0.857576 0.0432093
0.98889 0.296275
0.0322916 0.884338
0.721295 0.402328
0.498826 0.322099
0.877179 0.107127
0.605488 0.695089
0.962128 0.55638
0.536052 0.366165
0.330173 0.355046
0.894682 0.284455
0.0607727 0.617019
0.462022 0.516361
0.677464 0.496265
0.331702 0.721937
0.117905 0.189278
0.765146 0.106795
0.485553 0.797438
0.991132 0.206848
0.199765 0.489959
0.528947 0.0769437
0.597086 0.134435
0.772032 0.559214
0.690815 0.308084
0.925379 0.020988
0.66313 0.820061
0.305443 0.723902
0.43708 0.767465
0.240263 0.114544
0.26373 0.571965
0.83648 0.381634
0.761243 0.601626
0.488429 0.246797
0.399064 0.479562
0.453645 0.598829
0.96952 0.982592
0.675773 0.566606
0.117027 0.447805
0.12582 0.807842
0.755889 0.0511994
0.82883 0.419019
0.87126 0.134274
0.142921 0.30834
0.901739 0.383184
0.422884 0.165468
0.955149 0.259364
0.547103 0.716393
0.860991 0.035532
0.96319 0.260055
0.515094 0.416835
0.858884 0.484614
0.399427 0.534657
0.0512204 0.516453
0.982462 0.177041
0.324296 0.738351
0.22824 0.153126
0.157369 0.0995005
0.287399 0.30029
0.407841 0.189138
0.683474 0.830725
0.354606 0.638624
0.090089 0.901709
0.355017 0.95108
0.937241 0.318206
0.211134 0.452335
0.735041 0.0700182
0.936949 0.134467
0.604675 0.988169
0.650921 0.587137
0.16521 0.975216
0.325487 0.39345
0.128342 0.482857
0.492951 0.415741
0.783147 0.900792
0.604879 0.466622
0.731516 0.959486
0.105246 0.821606
0.861195 0.460262
0.772685 0.798436
0.778468 0.98382
0.250771 0.513509
0.0538378 0.18772
0.647977 0.658513
0.175889 0.298898
0.245649 0.3411
0.274114 0.571137
0.73455 0.402456
0.0539937 0.227501
0.818197 0.837141
0.128293 0.423077
0.303763 0.859809
0.382562 0.409008
0.681415 0.243758
0.869271 0.4541
0.0421939 0.647739
0.43792 0.292965
0.161248 0.491757
0.480686 0.809225
0.15027 0.656575
0.108123 0.395919
0.997675 0.382237
0.967056 0.732225
0.784693 0.0210495
0.959725 0.60289
0.858191 0.0880181
0.0259665 0.161953
0.947827 0.408529
0.570962 0.629242
0.652286 0.440232
0.0833418 0.69448
0.0879714 0.521261
0.987446 0.24922
0.0130186 0.468131
0.0584449 0.163288
0.124706 0.166568
0.559208 0.122381
0.548804 0.526263
0.854605 0.333497
0.547313 0.814331
0.936387 0.405503
0.902349 0.962353
0.567457 0.850176
0.370882 0.138419
0.479418 0.0231685
0.578651 0.56276
0.717649 0.666622
0.0840209 0.705094
0.915842 0.0970394
0.173226 0.974287
0.260328 0.297932
0.140855 0.819535
0.420313 0.689659
0.345799 0.274918
0.0231556 0.893112
0.0892488 0.959542
0.298615 0.991598
0.921895 0.866072
0.841774 0.292777
0.0044908 0.321191
0.315946 0.583142
0.883951 0.0335947
0.249764 0.967972
0.738689 0.165606
0.0650113 0.911915
0.139893 0.325339
0.209847 0.280748
0.144875 0.630159
0.970407 0.490674
0.905077 0.993563
0.383785 0.994326
0.953105 0.682401
0.985924 0.875
0.548473 0.827697
0.167777 0.552964
0.148889 0.483723
0.136106 0.0328399
0.517318 0.38587
0.000811839 0.256007
0.551476 0.0658232
0.167922 0.691369
0.391162 0.377769
0.972117 0.536037
0.00792811 0.942524
0.0267106 0.913006
0.936087 0.410496
0.907332 0.889192
0.0928969 0.893256
0.764192 0.64137
0.720953 0.931969
0.194334 0.869842
0.415692 0.330439
0.902682 0.93301
0.716309 0.903494
0.189017 0.267785
0.969317 0.356939
0.959154 0.360479
0.734708 0.931272
0.896516 0.742636
0.873796 0.923227
0.655641 0.809883
0.333723 0.562973
0.699075 0.42662
0.456229 0.463266
0.0679898 0.177182
0.395235 0.262323
0.0470242 0.810928
0.592763 0.949706
0.743938 0.309072
0.8532 0.932955
0.576857 0.822517
0.289894 0.536011
0.182996 0.0246021
0.467283 0.0795128
0.767238 0.341079
0.0027398 0.422879
0.150963 0.336463
0.985853 0.850037
0.763083 0.442082
0.313304 0.831072
0.619264 0.708539
0.0933959 0.666288
0.519467 0.686159
0.615994 0.263405
0.99523 0.469195
0.19636 0.572087
0.291712 0.486254
0.108098 0.474708
0.510856 0.575381
0.554221 0.278094
0.916461 0.556961
0.700974 0.0674232
0.893424 0.686826
0.917461 0.656506
0.128908 0.230764
0.487579 0.748172
0.939303 0.580975
0.41446 0.45877
0.267133 0.0304548
0.722175 0.262364
0.499649 0.918535
0.834451 0.791361
0.404789 0.942549
0.266069 0.915645
0.51793 0.82029
0.193739 0.434391
0.377251 0.894712
0.501814 0.270674
0.581539 0.419275
0.927181 0.710447
0.650039 0.41476
0.458619 0.589342
0.995734 0.873079
0.0481122 0.262868
0.903534 0.770287
0.525231 0.403184
0.688821 0.359682
0.194545 0.0936101
0.302231 0.460614
0.00925494 0.820161
0.280904 0.202994
0.254552 0.658155
0.0977064 0.756366
0.928829 0.679245
0.175641 0.85601
0.389692 0.82568
0.270769 0.848311
0.415022 0.266504
0.721391 0.463134
0.529371 0.624925
0.233421 0.0546024
0.0281087 0.922243
0.414284 0.222653
0.015853 0.716515
0.683267 0.0251079
0.536677 0.964171
0.228102 0.791229
0.622326 0.325808
0.547595 0.551155
0.00505335 0.723237
0.407165 0.394746
0.548917 0.677934
0.243057 0.963939
0.944437 0.964448
0.427073 0.473808
0.589373 0.660495
0.528411 0.617481
0.582738 0.942695
0.840135 0.598591
0.659211 0.523402
0.623699 0.195887
0.487573 0.8518
0.987116 0.109899
0.177609 0.534711
0.661053 0.182662
0.257948 0.0682178
0.577407 0.806864
0.746152 0.820464
0.770803 0.690589
0.784912 0.197877
0.164397 0.374285
0.858372 0.692808
0.991766 0.441109
0.635504 0.831901
0.0396998 0.294714
0.355303 0.663398
0.490601 0.842876
0.515199 0.477717
0.952774 0.692807
0.0124286 0.613828
0.875469 0.270376
0.682045 0.452876
0.0772409 0.428197
0.273341 0.848044
0.118786 0.0582528
0.0459211 0.283183
0.432538 0.904293
0.975992 0.424304
0.345402 0.611495
0.256205 0.385102
0.906209 0.611508
0.0485001 0.396811
0.454383 0.563699
0.874528 0.407158
0.256506 0.886957
0.0209851 0.131975
0.157333 0.70303
0.584852 0.234574
0.131227 0.858192
0.0826184 0.250013
0.916445 0.12854
0.533196 0.348983
0.0328322 0.509188
0.773286 0.378234
0.120683 0.0294911
0.763336 0.0268924
0.640999 0.811836
0.423703 0.0953819
0.375535 0.298231
0.502539 0.632041
0.185188 0.523525
0.764016 0.342521
0.226555 0.348867
0.577095 0.357782
0.20706 0.659714
0.607795 0.123505
0.788253 0.140992
0.472488 0.821085
0.650179 0.245774
0.199319 0.770863
0.275265 0.962655
0.797755 0.916264
0.774491 0.221458
0.0116456 0.150026
0.519689 0.514185
0.782066 0.704877
0.0377096 0.546082
0.0473981 0.264264
0.894949 0.624493
0.622047 0.102009
0.284207 0.229842
0.225514 0.0724597
0.370833 0.698001
0.893545 0.0210127
0.943775 0.0928644
0.791875 0.21904
0.0555196 0.58963
0.135304 0.830011
0.811088 0.14695
0.980036 0.330777
0.661135 0.762103
0.0356543 0.698844
0.308185 0.0830524
0.963109 0.203134
0.707546 0.585155
0.305143 0.991752
0.814997 0.530657
0.064212 0.18583
0.228659 0.957757
0.206843 0.172434
0.0506214 0.998718
0.391474 0.106141
0.588348 0.526779
0.936152 0.399436
0.673728 0.916188
0.730214 0.334863
0.67829 0.765868
0.0337069 0.986475
0.84892 0.996816
0.189609 0.556466
0.581971 0.494752
0.548218 0.396968
0.0254097 0.61243
0.582798 0.254068
0.570187 0.789641
0.426502 0.620809
0.788359 0.817977
0.72695 0.376707
0.344755 0.663101
0.776144 0.0184835
0.579289 0.506358
0.353346 0.257579
0.272226 0.387053
0.244054 0.121146
0.383869 0.433664
0.677612 0.96584
0.928416 0.22583
0.362807 0.953826
0.838261 0.945605
0.207894 0.408448
0.735246 0.634397
0.0292567 0.523606
0.452373 0.756206
0.900313 0.797129
0.419307 0.676457
0.815612 0.998596
0.182814 0.168959
0.256176 0.45504
0.556012 0.50023
0.576186 0.939881
0.933894 0.253798
0.90572 0.86231
0.479629 0.268528
0.816135 0.31789
0.214133 0.0240295
0.726338 0.94938
0.658426 0.755594
0.472985 0.110799
0.511801 0.373298
0.907928 0.931108
0.049755 0.723541
0.929704 0.232569
0.8925 0.18588
0.687609 0.448511
0.68611 0.263795
0.388392 0.620004
0.517593 0.294113
0.482314 0.997222
0.56264 0.298449
0.315112 0.776774
0.322479 0.0414493
0.726153 0.980905
0.797044 0.199139
0.0917039 0.308844
0.572437 0.999632
0.239952 0.622192
0.723173 0.169657
0.854761 0.615673
0.355537 0.54237
0.064184 0.041647
0.806166 0.452576
0.661651 0.323759
0.746689 0.143965
0.320981 0.309329
0.442414 0.636093
0.0861027 0.764892
0.677542 0.812256
0.745797 0.474586
0.0113949 0.837501
0.78343 0.583832
0.837133 0.0233824
0.206024 0.560306
0.193039 0.0607851
0.175978 0.548576
0.603155 0.240162
0.590223 0.409321
0.692739 0.251874
0.73308 0.439427
0.395838 0.0540618
0.748756 0.838252
0.690155 0.834859
0.603144 0.367697
0.647115 0.348941
0.842283 0.65851
0.186441 0.625714
0.242342 0.0235742
0.649096 0.448366
0.58388 0.842135
0.509151 0.759859
0.390711 0.112306
2.09743e-05 0.980933
0.521627 0.69276
0.232807 0.254708
0.132187 0.628645
0.30877 0.880943
0.466897 0.998925
0.715802 0.070041
0.366622 0.362917
0.418982 0.208905
0.0214271 0.605423
0.834619 0.263769
0.628997 0.483715
0.712135 0.212877
0.32585 0.221286
0.972736 0.716561
0.333592 0.972757
0.697494 0.855219
0.665516 0.930301
0.109927 0.797703
0.558946 0.418697
0.678646 0.0258429
0.417621 0.394448
0.0958838 0.784243
0.757365 0.514865
0.993149 0.778792
0.120289 0.827767
0.0425613 0.749286
0.311482 0.754696
0.962163 0.637332
0.975982 0.934899
0.353893 0.309574
0.907656 0.0513865
0.164793 0.573172
0.981687 0.274721
0.370876 0.540633
0.693417 0.0495216
0.566476 0.111039
0.44397 0.66236
0.895282 0.201335
0.177225 0.888431
0.980127 0.297514
0.716198 0.0226883
0.0467997 0.0276803
0.777384 0.00896282
0.665012 0.753366
0.943862 0.0189049
0.0629402 0.851518
0.0702914 0.227733
0.42469 0.0519787
0.502454 0.795566
0.592612 0.195872
0.845087 0.159088
0.30691 0.289057
0.821448 0.202192
0.490392 0.998673
0.090623 0.470519
0.296187 0.806821
0.493207 0.342987
0.834501 0.270591
0.35195 0.499514
0.0239576 0.295812
0.518419 0.0868978
0.147329 0.58871
0.314631 0.57202
0.640689 0.817085
0.367585 0.233301
0.0129568 0.212673
0.392388 0.319867
0.50173 0.213836
0.52206 0.992121
0.21251 0.612683
0.46264 0.508697
0.419504 0.955847
0.851684 0.254005
0.226438 0.203633
0.753518 0.250396
0.499445 0.271937
0.337294 0.646774
0.860647 0.651925
0.218794 0.501336
0.46901 0.586379
0.734636 0.481967
0.799052 0.127025
0.801834 0.300782
0.340861 0.323894
0.292904 0.553371
0.936576 0.755544
0.0620673 0.35608
0.711391 0.913751
0.610085 0.937829
0.117384 0.363603
0.188225 0.616829
0.63554 0.525518
0.263603 0.496187
0.177443 0.482397
0.997523 0.646453
0.0687767 0.732159
0.12842 0.867829
0.859183 0.930254
0.168611 0.200044
0.254148 0.461515
0.753415 0.190724
0.217058 0.815482
0.546804 0.928449
0.729233 0.156889
0.866278 0.846617
0.520492 0.0545028
0.463446 0.156032
0.580021 0.727049
0.652219 0.757464
0.209447 0.649742
0.403918 0.278223
0.3819 0.532338
0.146052 0.241084
0.462593 0.314664
0.441128 0.716741
0.776178 0.194543
0.907465 0.993237
0.0100245 0.454269
0.921686 0.739257
0.611158 0.787964
0.585874 0.13165
0.842467 0.0493204
0.287682 0.422488
0.77637 0.939901
0.179952 0.985816
0.589643 0.58387
0.26404 0.971544
0.116208 0.410092
0.212627 0.578801
0.724756 0.653755
0.295542 0.500934
0.848298 0.203007
0.494171 0.858322
0.657276 0.415857
0.597579 0.268434
0.20382 0.183454
0.400084 0.0462869
0.232774 0.687766
0.468775 0.00914403
0.627667 0.648727
0.99496 0.21731
0.232597 0.259
0.188853 0.348805
0.669093 0.401481
0.927606 0.393848
0.0552356 0.223148
0.894782 0.903533
0.426155 0.388953
0.761855 0.0834304
0.80481 0.359435
0.351864 0.00863013
0.542889 0.751948
0.054917 0.775663
0.439713 0.523692
0.784807 0.06738
0.172419 0.779767
0.28469 0.405016
0.0387676 0.473543
0.753821 0.70786
0.875024 0.681428
0.101709 0.930259
0.904576 0.996491
0.833793 0.33073
0.385444 0.595648
0.414161 0.190254
0.955083 0.766025
0.198884 0.497971
0.517972 0.253801
0.273634 0.957686
0.777493 0.058441
0.0250655 0.949911
0.838208 0.309755
0.354927 0.876976
0.783299 0.108748
0.584836 0.658322
0.790176 0.686545
0.588582 0.694751
0.683036 0.422374
0.0254816 0.0684802
0.0180224 0.439642
0.258734 0.973105
0.205667 0.457619
0.471076 0.723639
0.71142 0.744711
0.681325 0.488913
0.803152 0.70639
0.438824 0.64136
0.0161457 0.793751
0.518336 0.799444
0.9025 0.103172
0.457767 0.692675
0.789717 0.0463484
0.387427 0.472753
0.468723 0.412908
0.541233 0.486745
0.852551 0.799968
0.45985 0.0582176
0.257586 0.930927
0.781857 0.969006
0.675637 0.463182
0.457919 0.478789
0.169572 0.896743
0.120149 0.185717
0.690495 0.638485
0.985162 0.592995
0.741657 0.442928
0.28567 0.531374
0.489277 0.673097
0.00412724 0.958
0.0860052 0.54536
0.444745 0.938556
0.345328 0.904595
0.996773 0.602914
0.835522 0.77863
0.57192 0.511159
0.241812 0.0298395
0.989948 0.411384
0.926583 0.110097
0.597101 0.617078
0.748582 0.582263
0.210072 0.49024
0.0251913 0.495742
0.0216139 0.514468
0.168839 0.0257411
0.472468 0.254844
0.571102 0.917213
0.1934 0.91643
0.821808 0.190173
0.519344 0.65733
0.968804 0.0912643
0.168489 0.210615
0.121104 0.158438
0.621999 0.0476866
0.268535 0.2191
0.664764 0.0171177
0.801363 0.874837
0.507357 0.826554
0.370579 0.528971
0.341022 0.539418
0.554712 0.81349
0.794262 0.125814
0.730703 0.987662
0.0422435 0.552511
0.177836 0.561587
0.209841 0.146639
0.652852 0.37833
0.357255 0.773955
0.536768 0.979254
0.821642 0.805303
0.198354 0.486406
0.822421 0.999717
0.361243 0.329778
0.826271 0.731822
0.85875 0.167293
0.271239 0.413462
0.980783 0.0655015
0.539276 0.711486
0.0531635 0.581519
0.263997 0.230999
0.143107 0.473838
0.377638 0.795959
0.852168 0.734893
0.569914 0.388936
0.714146 0.391556
0.19424 0.9125
0.877962 0.0166607
0.912217 0.239205
0.346439 0.738487
0.971027 0.205189
0.905781 0.242266
0.618651 0.886564
0.307768 0.157927
0.59805 0.360931
0.739446 0.862047
0.59193 0.882553
0.335884 0.969569
0.678512 0.188052
0.704461 0.248426
0.576989 0.418608
0.639982 0.771228
0.331108 0.517944
0.787889 0.243325
0.757149 0.134328
0.981812 0.728176
0.339517 0.887593
0.970443 0.958167
0.774156 0.278211
0.116094 0.372206
0.639142 0.85554
0.234253 0.231073
0.738093 0.570137
0.200641 0.416605
0.758189 0.905103
0.66503 0.335178
0.323711 0.305012
0.106406 0.654818
0.822956 0.894295
0.898143 0.580105
0.0286227 0.879955
0.308282 0.368139
0.767548 0.278724
0.326307 0.541704
0.556935 0.442401
0.91391 0.196078
0.297941 0.148163
0.42715 0.0360338
0.7183 0.627792
0.452638 0.476489
0.532895 0.117668
0.811667 0.856605
0.42268 0.918073
0.511423 0.245636
0.812368 0.409566
0.825741 0.840991
0.289521 0.134022
0.20913 0.057069
0.412747 0.535437
0.598773 0.969682
0.977837 0.512683
0.16576 0.275778
0.660846 0.59291
0.311812 0.379146
0.220702 0.76445
0.855635 0.753597
0.882119 0.667302
0.610202 0.304799
0.585375 0.121625
0.550435 0.397743
0.531192 0.376175
0.238734 0.820713
0.510198 0.447864
0.877782 0.922945
0.983301 0.476555
0.892627 0.961138
0.989238 0.0583865
0.236917 0.650084
0.651297 0.548729
0.0292291 0.871999
0.313179 0.884864
0.625595 0.195298
0.552166 0.235797
0.500097 0.137541
0.357422 0.0505312
0.535284 0.888613
0.426707 0.774018
0.709326 0.936904
0.221882 0.587108
0.859849 0.205183
0.0636632 0.752476
0.166322 0.0529011
0.810862 0.403238
0.702985 0.462159
0.951967 0.732214
0.334157 0.265146
0.617078 0.959753
0.460444 0.169243
0.195549 0.96054
0.306784 0.552971
0.0110716 0.842068
0.441585 0.437778
0.616086 0.150911
0.374683 0.837969
0.738019 0.234532
0.043152 0.801682
0.987007 0.209474
0.854583 0.797869
0.612712 0.557568
0.260028 0.564679
0.289782 0.594186
0.829825 0.90686
0.553938 0.290269
0.0761032 0.749488
0.25081 0.382887
0.302459 0.261881
0.224956 0.744044
0.69966 0.841042
0.894955 0.0743422
0.679011 0.632974
0.308874 0.722163
0.434656 0.295881
0.931637 0.28924
0.0937502 0.544349
0.846808 0.353778
0.109028 0.13659
0.947964 0.938854
0.0434496 0.501902
0.229123 0.119553
0.25139 0.479933
0.50244 0.553849
0.741814 0.727396
0.297893 0.441474
0.568438 0.192847
0.515816 0.247449
0.825821 0.82469
0.969612 0.260477
0.120571 0.901249
0.549717 0.214321
0.445598 0.396525
0.568099 0.554626
0.533114 0.516063
0.49348 0.576564
0.0179654 0.722603
0.696117 0.269355
0.202535 0.198557
0.823204 0.94435
0.925953 0.121097
0.385824 0.494391
0.313944 0.90164
0.741841 0.139765
0.72633 0.711453
0.400242 0.8469
0.612702 0.949959
0.0612212 0.0582994
0.346483 0.62932
0.612925 0.879598
0.145384 0.106405
0.456162 0.163349
0.829008 0.152278
0.432704 0.031543
0.350835 0.255909
0.975893 0.276788
0.377006 0.361716
0.77118 0.69095
0.263356 0.51302
0.830715 0.989685
0.224473 0.230957
0.836586 0.837175
0.180916 0.897807
0.895474 0.527399
0.527127 0.508399
0.406997 0.672511
0.614804 0.863159
0.83586 0.443812
0.0154371 0.268564
0.475355 0.366272
0.524472 0.451248
0.643061 0.901478
0.812964 0.41424
0.592428 0.0763199
0.92726 0.423142
0.0660054 0.151733
0.654099 0.902591
0.988908 0.835015
0.800398 0.884382
0.362414 0.327525
0.392781 0.769411
3.59956e-05 0.00758556
0.63257 0.835896
0.451398 0.648007
0.10446 0.926753
0.0142795 0.628932
0.378 0.65734
0.53041 0.190964
0.0715804 0.122837
0.267284 0.998841
0.54598 0.33329
0.150574 0.200079
0.235881 0.139482
0.0350944 0.0362788
0.0238637 0.397509
0.363804 0.416645
0.16692 0.36384
0.42423 0.79949
0.199736 0.875628
0.447498 0.304195
0.802381 0.461777
0.933127 0.180381
0.119117 0.463537
0.371345 0.190698
0.586375 0.63863
0.189538 0.132354
0.97192 0.340112
0.332434 0.2078
0.479594 0.367528
0.244079 0.503458
0.765037 0.607883
0.920103 0.931957
0.971723 0.344333
0.731448 0.171459
0.219961 0.178945
0.475654 0.0223417
0.640722 0.408781
0.202723 0.75984
0.872319 0.574068
0.950537 0.458693
0.212698 0.140076
0.591048 0.184617
0.480188 0.923481
0.392418 0.959782
0.29101 0.636497
0.46324 0.0560466
0.24438 0.383343
0.988004 0.216104
0.727676 0.719452
0.387563 0.947637
0.898397 0.863217
0.969979 0.539119
0.271999 0.172702
0.298959 0.144317
0.74677 0.249496
0.60301 0.959468
0.389572 0.194058
0.144085 0.86976
0.117539 0.536503
0.829542 0.408549
0.173 0.292783
0.464596 0.417381
0.676126 0.4526
0.633485 0.403802
0.172051 0.0210474
0.351439 0.0704482
0.884264 0.321418
0.609568 0.156263
0.49412 0.908527
0.30058 0.240889
0.158023 0.903591
0.200357 0.547595
0.0976487 0.344442
0.417355 0.215188
0.880946 0.246897
0.623737 0.0539459
0.53968 0.0883328
0.471327 0.215806
0.540932 0.104811
0.619608 0.712984
0.125859 0.971047
0.783432 0.0101229
0.292465 0.392999
0.166386 0.786585
0.301526 0.466966
0.0274741 0.459549
0.370557 0.227831
0.00714348 0.468205
0.572274 0.424498
0.683394 0.453219
0.671396 0.307131
0.507165 0.211076
0.395464 0.978492
0.426882 0.936396
0.0833029 0.0464898
0.64938 0.209161
0.0175367 0.432811
0.219284 0.310002
0.825811 0.38567
0.0965862 0.127336
0.852636 0.12406
0.586885 0.223193
0.351892 0.594029
0.691399 0.924165
0.018527 0.374792
0.377385 0.689923
0.681923 0.88455
0.900999 0.077387
0.863042 0.327881
0.0137831 0.946344
0.374371 0.663163
0.155506 0.391907
0.0959742 0.37479
0.701909 0.921785
0.760461 0.798495
0.0491213 0.613097
0.922555 0.636006
0.83629 0.274447
0.230035 0.527689
0.198612 0.248562
0.902481 0.575997
0.938485 0.584405
0.460547 0.839484
0.661792 0.323588
0.167365 0.675575
0.269933 0.541736
0.338737 0.425438
0.933643 0.434712
0.800229 0.635552
0.356496 0.560689
0.434047 0.405618
0.173786 0.356603
0.0416242 0.0100765
0.63105 0.271659
0.537765 0.829662
0.520221 0.440247
0.405659 0.458706
0.0246515 0.866206
0.29819 0.686443
0.189794 0.465555
0.362018 0.459727
0.00729075 0.700755
0.885165 0.940934
0.135467 0.685394
0.576486 0.491963
0.246083 0.0105328
0.897581 0.419869
0.367135 0.939205
0.429946 0.998185
0.210865 0.967711
0.827847 0.731086
0.407958 0.233506
0.189792 0.43261
0.0997119 0.487982
0.119053 0.289506
0.953538 0.48107
0.749233 0.960828
0.181826 0.634398
0.901762 0.317292
0.319792 0.478248
0.809256 0.565875
0.488781 0.706837
0.985744 0.855916
0.646042 0.41569
0.854101 0.856907
0.383401 0.681948
0.587992 0.791359
0.915454 0.777785
0.223968 0.015166
0.265767 0.343021
0.304672 0.219305
0.824092 0.0539044
0.180133 0.0059174
0.688302 0.081895
0.32321 0.00809364
0.560143 0.132466
0.573968 0.0489233
0.839302 0.559712
0.904839 0.485344
0.975402 0.75894
0.342251 0.358802
0.440888 0.930243
0.150161 0.356342
0.708028 0.37413
0.371508 0.973795
0.717151 0.67618
0.1931 0.541243
0.730084 0.373233
0.54716 0.418387
0.455128 0.87037
0.42648 0.0152706
0.00283554 0.000448452
0.0641938 0.842138
0.560161 0.969033
0.327482 0.535562
0.727973 0.669733
0.894365 0.168861
0.599977 0.0445258
0.525204 0.308005
0.418656 0.896712
0.2818 0.135807
0.572892 0.474899
0.677049 0.302976
0.848132 0.224209
0.721363 0.30326
0.0945793 0.147843
0.318531 0.0974148
0.148292 0.382724
0.939553 0.708452
0.351757 0.267035
0.244014 0.0797306
0.936768 0.138379
0.248592 0.536744
0.182905 0.773795
0.844749 0.60156
0.670507 0.126549
0.737367 0.243399
0.601448 0.414416
0.546376 0.44958
0.638625 0.267739
0.75284 0.733204
0.415582 0.071371
0.830619 0.563873
0.454095 0.770172
0.272325 0.805853
0.0372067 0.51634
0.885583 0.973975
0.654718 0.134175
0.510719 0.837623
0.907971 0.355468
0.439183 0.578478
0.482017 0.17655
0.821877 0.0834651
0.590965 0.368253
0.533045 0.229591
0.635991 0.285886
0.962795 0.0515732
0.357257 0.793414
0.615446 0.811352
0.563586 0.887772
0.617205 0.600793
0.404112 0.502788
0.574767 0.0588301
0.636964 0.0854867
0.896453 0.544935
0.440955 0.335636
0.123413 0.922972
0.512186 0.94529
0.006437 0.103151
0.313543 0.539482
0.332742 0.949535
0.825368 0.295537
0.00110774 0.182625
0.0889508 0.616554
0.993977 0.652537
0.504326 0.611182
0.25333 0.908438
0.113971 0.828097
0.967268 0.750934
0.913584 0.863721
0.295869 0.354539
0.199357 0.419282
0.277511 0.711543
0.364572 0.283948
0.814694 0.678115
0.82343 0.147436
0.62765 0.648798
0.442972 0.628758
0.831423 0.531923
0.245312 0.825401
0.18446 0.749638
0.436583 0.43779
0.658076 0.550554
0.265887 0.625343
0.301488 0.17947
0.489064 0.597357
0.534009 0.688421
0.0166392 0.81152
0.399964 0.381211
0.0954672 0.214658
0.0593266 0.918897
0.362094 0.686976
0.567696 0.805066
0.315734 0.399119
0.336989 0.561046
0.22452 0.52145
0.310684 0.661103
0.959239 0.968759
0.211657 0.225126
0.594103 0.513145
0.404597 0.0831673
0.110502 0.938606
0.771589 0.127141
0.750125 0.171553
0.508353 0.845593
0.386211 0.567679
0.76449 0.748305
0.254656 0.332185
0.553371 0.57039
0.731305 0.89036
0.131436 0.955824
0.41181 0.442119
0.616927 0.371049
0.410879 0.828584
0.596175 0.00498168
0.341728 0.000771848
0.0881489 0.45223
0.939377 0.859738
0.579372 0.689503
0.0312903 0.0877242
0.535095 0.417501
0.655403 0.299585
0.165806 0.910059
0.631771 0.719177
0.480449 0.363075
0.609537 0.611884
0.3189 0.0213469
0.0540038 0.935827
0.392396 0.464883
0.764411 0.988572
0.469864 0.106139
0.989343 0.558013
0.55837 0.928721
0.417751 0.137741
0.618224 0.449041
0.225466 0.153319
0.866542 0.880869
0.452904 0.0323479
0.790928 0.084675
0.751525 0.271377
0.44775 0.361061
0.883261 0.76665
0.382408 0.937265
0.702477 0.774805
0.402148 0.466888
0.763376 0.872012
0.573027 0.75272
0.430025 0.131397
0.68144 0.847776
0.269138 0.299664
0.296817 0.494604
0.452983 0.163359
0.375473 0.905887
0.195707 0.166401
0.990562 0.947232
0.437778 0.438313
0.308293 0.321039
0.204963 0.690702
0.258304 0.90744
0.465506 0.660452
0.374327 0.228882
0.532464 0.947354
0.981602 0.962489
0.078751 0.663042
0.810265 0.347889
0.962706 0.107082
0.842493 0.415689
0.270441 0.217965
0.321577 0.466149
0.384366 0.312139
0.41338 0.822144
0.750452 0.721673
0.143183 0.955414
0.412375 0.401488
0.862854 0.877881
0.0619398 0.237181
0.106763 0.594404
0.184535 0.0883653
0.556893 0.263286
0.751408 0.367159
0.611175 0.714114
0.474241 0.453668
0.129803 0.744683
0.671634 0.45138
0.210831 0.0559998
0.763519 0.624211
0.878144 0.513971
0.345885 0.0213271
0.469385 0.75826
0.422815 0.332239
0.636141 0.484755
0.56942 0.742904
0.0791587 0.753956
0.83127 0.636052
0.0172419 0.582677
0.00321077 0.628417
0.296791 0.477452
0.0820856 0.426594
0.222134 0.753719
0.877974 0.432965
0.809719 0.641493
0.0571769 0.687863
0.155464 0.403062
0.70919 0.624849
0.161322 0.132005
0.957088 0.797462
0.616759 0.526508
0.540367 0.695918
0.280464 0.371637
0.33197 0.297706
0.954314 0.335181
0.926123 0.251105
0.812633 0.00820876
0.677699 0.0347671
0.761928 0.555674
0.467733 0.571647
0.197167 0.524909
0.25951 0.352631
0.927971 0.9687
0.97748 0.0892926
0.100705 0.934568
0.886755 0.717464
0.461077 0.427122
0.413382 0.741541
0.798759 0.745353
0.0392464 0.753073
0.0805335 0.96537
0.0041775 0.893166
0.973578 0.681877
0.927933 0.735506
0.23755 0.395666
0.307153 0.434717
0.920575 0.566663
0.787348 0.848546
0.535363 0.764829
0.937839 0.636068
0.699397 0.824594
0.353532 0.160474
0.251716 0.766914
0.902015 0.0504748
0.512267 0.941261
0.803547 0.5928
0.906631 0.807725
0.485967 0.880209
0.489602 0.4139
0.615715 0.727152
0.809566 0.922868
0.161869 0.730141
0.489532 0.949217
0.578688 0.0248946
0.714046 0.516527
0.660962 0.413443
0.341121 0.0144943
0.573917 0.592837
0.781409 0.475931
0.643312 0.293675
0.417192 0.446859
0.886476 0.323823
0.254584 0.372442
0.204032 0.744185
0.786342 0.819747
0.471337 0.595908
0.742616 0.633206
0.326049 0.232147
0.582424 0.904737
0.257042 0.29647
0.421263 0.918004
0.709913 0.762384
0.932498 0.28383
0.355221 0.713907
0.759761 0.998533
0.00758224 0.176954
0.445392 0.894058
0.500776 0.699975
0.2665 0.704808
0.444161 0.0528426
0.524555 0.915498
0.648751 0.267171
0.548705 0.9748
0.499318 0.131128
0.879537 0.75636
0.427598 0.3008
0.674364 0.137511
0.0631844 0.606862
0.421341 0.418405
0.320769 0.181102
0.416938 0.328351
0.358056 0.86233
0.222409 0.858832
0.562305 0.48891
0.56364 0.00646604
0.541752 0.0881957
0.921964 0.190503
0.355367 0.470669
0.165303 0.854685
0.601797 0.0448399
0.611044 0.0293953
0.34564 0.285408
0.166906 0.408825
0.89227 0.588247
0.82723 0.213039
0.769349 0.244168
0.541391 0.127405
0.106498 0.7638
0.986237 0.668803
0.252709 0.549878
0.675269 0.794461
0.638073 0.597233
0.984964 0.99344
0.067902 0.150267
0.848124 0.669699
0.195107 0.459169
0.699094 0.540747
0.744577 0.866001
0.949572 0.636847
0.454248 0.776802
0.849887 0.223597
0.0209704 0.391277
0.351002 0.127468
0.155077 0.33724
0.796272 0.407786
0.887117 0.471541
0.202248 0.52519
0.0687741 0.187212
0.51863 0.136676
0.337479 0.366755
0.806375 0.532587
0.825923 0.50547
0.0733341 0.5705
0.37147 0.0229062
0.207347 0.825718
0.799708 0.0572339
0.0493157 0.820679
0.448511 0.400318
0.948147 0.603588
0.737558 0.744419
0.0113739 0.624675
0.215959 0.213621
0.149865 0.284734
0.400833 0.668495
0.42141 0.738313
0.03525 0.227785
0.270899 0.861173
0.733255 0.344234
0.431674 0.104725
0.36714 0.639021
0.930443 0.166848
0.696255 0.979759
0.987527 0.144766
0.380077 0.935674
0.748354 0.117635
0.680093 0.759728
0.74231 0.896052
0.973349 0.892175
0.180786 0.374182
0.56067 0.602195
0.112495 0.595921
0.82998 0.383395
0.457094 0.563235
0.727628 0.888767
0.66796 0.094768
0.527788 0.598403
0.261616 0.224043
0.578162 0.249143
0.368809 0.958239
0.184817 0.117163
0.0758736 0.86491
0.87689 0.818183
0.760962 0.850239
0.710358 0.941748
0.224422 0.271029
0.543943 0.336917
0.866949 0.373923
0.720312 0.324043
0.937158 0.44794
0.212811 0.605118
0.542708 0.740599
0.20352 0.804324
0.964642 0.781682
0.0534672 0.333451
0.739921 0.238284
0.450614 0.815795
0.103194 0.327504
0.633978 0.864157
0.177743 0.344336
0.805904 0.402165
0.615365 0.349847
0.739082 0.482315
0.723771 0.459394
0.806358 0.660929
0.907334 0.0191686
0.266046 0.450042
0.759767 0.469567
0.254366 0.724409
0.251249 0.307833
0.0578603 0.99117
0.546117 0.508474
0.806964 0.649312
0.835978 0.440942
0.513468 0.0137207
0.785279 0.319373
0.415886 0.400644
0.66922 0.154968
0.882959 0.392991
0.614361 0.689317
0.0539193 0.521695
0.708485 0.319966
0.971736 0.468253
0.789532 0.226102
0.192662 0.040781
0.533935 0.250523
0.0319507 0.0800522
0.758996 0.838915
0.729364 0.594974
0.279857 0.242832
0.608695 0.0651358
0.562205 0.0245804
0.46578 0.231425
0.179548 0.348738
0.624416 0.793909
0.0380553 0.678335
0.315604 0.746541
0.998301 0.287341
0.214794 0.787833
0.513443 0.407456
0.828614 0.0473777
0.657979 0.860565
0.12743 0.416975
0.699479 0.856794
0.0119491 0.979337
0.0996262 0.620644
0.0444724 0.661831
0.645224 0.510252
0.893256 0.824772
0.858991 0.517672
0.618682 0.897046
0.196007 0.934286
0.643587 0.194308
0.221627 0.85838
0.982141 0.73507
0.265836 0.810755
0.782448 0.923815
0.671319 0.909877
0.34079 0.370799
0.766671 0.352739
0.350135 0.866297
0.973383 0.394608
0.528129 0.618607
0.90486 0.421385
0.443379 0.76385
0.939057 0.0620613
0.660896 0.135065
0.996347 0.304483
0.329373 0.217974
0.162863 0.311514
0.953044 0.428699
0.122269 0.735492
0.352514 0.793588
0.645369 0.693303
0.164387 0.41204
0.0460422 0.514522
0.278338 0.0194249
0.90913 0.806467
0.638032 0.81399
0.227852 0.0814115
0.57784 0.166909
0.143473 0.238736
0.301974 0.13982
0.543219 0.631347
0.357795 0.706082
0.94286 0.310839
0.134781 0.0651289
0.0463305 0.487295
0.858717 0.6917
0.180598 0.0231035
0.10374 0.22664
0.537626 0.382078
0.246065 0.446756
0.188544 0.884097
0.260745 0.416396
0.965509 0.838586
0.583305 0.108981
0.0773221 0.885279
0.248802 0.620541
0.516625 0.606596
0.326623 0.459486
0.917435 0.461404
0.524615 0.963766
0.948699 0.383331
0.655465 0.129297
0.406435 0.759205
0.355937 0.944061
0.141283 0.602002
0.390816 0.329827
0.486099 0.651562
0.746223 0.451607
0.490147 0.329528
0.560589 0.567469
0.214807 0.80939
0.188011 0.731432
0.415987 0.514634
0.190918 0.333422
0.976038 0.715532
0.297187 0.924737
0.0988637 0.952652
0.0540332 0.505299
0.711857 0.40997
0.449359 0.85314
0.0119718 0.840176
0.182967 0.498071
0.491737 0.92919
0.949678 0.981885
0.258718 0.510267
0.549354 0.473524
0.319657 0.737365
0.204956 0.735644
0.251998 0.395874
0.0690657 0.228036
0.111406 0.366253
0.152773 0.21027
0.318905 0.206806
0.715568 0.0307622
0.616776 0.164927
0.883902 0.628748
0.00510297 0.0668692
0.126819 0.49684
0.996059 0.0764967
0.478725 0.254777
0.586764 0.0280787
0.728301 0.906421
0.765443 0.933257
0.642065 0.0174416
0.329131 0.711131
0.245478 0.440536
0.0773837 0.398251
0.650806 0.396289
0.605057 0.366374
0.427051 0.221833
0.531302 0.310953
0.850581 0.536405
0.377822 0.977399
0.0332448 0.373881
0.053896 0.51197
0.628658 0.64066
0.540048 0.356959
0.547081 0.305491
0.290216 0.189146
0.322933 0.619347
0.900277 0.568411
0.0598831 0.977661
0.966662 0.710689
0.37395 0.571718
0.0770633 0.801
0.793551 0.608365
0.111954 0.644132
0.14477 0.489776
0.621531 0.178014
0.863657 0.675427
0.689984 0.492315
0.316087 0.230032
0.849275 0.863168
0.535523 0.139491
0.0523141 0.858456
0.758837 0.952591
0.426867 0.81872
0.930252 0.393529
0.529409 0.304202
0.965247 0.606473
0.105202 0.758798
0.214838 0.217156
0.40293 0.359607
0.706932 0.0244613
0.537621 0.570589
0.699888 0.227605
0.0629045 0.0159754
0.457637 0.912179
0.879143 0.993161
0.0516696 0.931457
0.851617 0.810507
0.884049 0.278484
0.629227 0.814301
0.672013 0.158636
0.118503 0.63726
0.765109 0.223705
0.396058 0.979947
0.440861 0.798988
0.339554 0.147792
0.823449 0.877175
0.718381 0.523338
0.10478 0.781286
0.539313 0.562418
