0.613746 0.604406
0.130819 0.211061
0.230677 0.246901
0.292642 0.0727525
0.562385 0.527338
0.298886 0.26929
0.438694 0.695178
0.800155 0.847692
0.239875 0.783149
0.631155 0.323605
0.90645 0.594002
0.443617 0.176245
0.324108 0.0982353
0.0561322 0.489578
0.142669 0.576206
0.520164 0.751569
0.179488 0.654164
0.929456 0.412506
0.896296 0.268573
0.478009 0.460133
0.783342 0.774319
0.731518 0.22498
0.471522 0.53065
0.081513 0.721488
0.342042 0.704239
0.0403332 0.273223
0.325023 0.461845
0.457177 0.64927
0.560213 0.512256
0.146524 0.706487
0.0899542 0.667029
0.457797 0.263205
0.310245 0.423781
0.66823 0.208517
0.683257 0.14688
0.669549 0.47261
0.923455 0.412066
0.696343 0.393749
0.93006 0.75496
0.108311 0.274084
0.460036 0.153183
0.53966 0.797902
0.620752 0.986772
0.431447 0.174921
0.507175 0.592078
0.860763 0.592681
0.254909 0.323001
0.856307 0.564294
0.746668 0.525991
0.773297 0.432141
0.673264 0.443541
0.877371 0.569828
0.838535 0.599375
0.985146 0.755971
0.368697 0.0930696
0.0826812 0.807976
0.236337 0.587648
0.657798 0.836446
0.572993 0.108198
0.00474647 0.0891385
0.697585 0.861443
0.671594 0.94136
0.194697 0.537747
0.522483 0.934647
0.0676125 0.293595
0.377064 0.734678
0.730398 0.278233
0.33138 0.574603
0.873488 0.330792
0.355335 0.245189
0.413812 0.398978
0.100553 0.656638
0.981323 0.725491
0.491886 0.56685
0.848205 0.494417
0.655712 0.549966
0.368461 0.335726
0.49805 0.56189
0.889089 0.0375332
0.512128 0.931185
0.297173 0.862712
0.673892 0.034296
0.157988 0.00685959
0.603442 0.0418371
0.321995 0.944417
0.289999 0.737384
0.357911 0.382411
0.392273 0.342219
0.122701 0.845188
0.89501 0.991667
0.380296 0.567518
0.530103 0.744075
0.907385 0.0183777
0.313861 0.777455
0.0663961 0.772233
0.718529 0.341626
0.696315 0.394834
0.374201 0.852859
0.398103 0.971007
0.888379 0.713557
0.937137 0.182803
0.469474 0.295755
0.56859 0.852554
0.638206 0.699682
0.743277 0.551486
0.67216 0.124615
0.118735 0.205599
0.879202 0.0324396
0.234964 0.18406
0.803571 0.274938
0.00162647 0.523601
0.615135 0.704872
0.902164 0.997261
0.552116 0.318998
0.952692 0.423789
0.0923878 0.867699
0.621141 0.516949
0.204387 0.181961
0.378599 0.84069
0.874645 0.124099
0.39337 0.549882
0.246695 0.511655
0.754397 0.120736
0.54411 0.978992
0.305005 0.338149
0.264605 0.30459
0.863786 0.872977
0.0094097 0.787998
0.867337 0.553985
0.0899541 0.801405
0.9964 0.149634
0.742422 0.620749
0.685975 0.943548
0.801149 0.0405743
0.785229 0.677012
0.162289 0.184367
0.224759 0.407788
0.685873 0.970747
0.528662 0.229711
0.968307 0.821452
0.569374 0.234303
0.134189 0.430702
0.111608 0.141865
0.203791 0.947025
0.695554 0.311789
0.811387 0.693821
0.45789 0.560954
0.313122 0.120724
0.498002 0.123177
0.162326 0.300954
0.790138 0.321525
0.484278 0.0221859
0.729548 0.181679
0.651407 0.441226
0.411549 0.960361
0.0834694 0.937829
0.202679 0.231274
0.416971 0.312255
0.373179 0.629163
0.291561 0.0695741
0.940904 0.111867
0.76333 0.399387
0.669301 0.0789262
0.505174 0.181653
0.194343 0.6832
0.489231 0.974768
0.98559 0.965485
0.0111942 0.740476
0.137182 0.960491
0.974137 0.551941
0.966107 0.0835529
0.535895 0.174492
0.308404 0.947802
0.482451 0.68309
0.588112 0.771365
0.754984 0.53392
0.878522 0.516254
0.921076 0.53751
0.597232 0.452058
0.72984 0.798622
0.131088 0.218513
0.77185 0.131045
0.190744 0.734858
0.854324 0.341826
0.772852 0.851509
0.895542 0.724568
0.914032 0.42103
0.908534 0.254614
0.406341 0.390858
0.916543 1.00361
0.169255 0.691591
0.527942 0.0538077
0.206902 0.464837
0.608638 0.793267
0.908807 0.358876
0.590473 0.0520243
0.561079 0.367742
0.18338 0.757063
0.140651 0.0386202
0.122342 0.870656
0.884681 0.973965
0.639114 0.842937
0.425021 0.561146
0.0958622 0.792448
0.936363 1.00038
0.830139 0.120542
0.685374 0.363351
0.162991 0.856081
0.825747 0.774921
0.692649 0.761496
0.122857 0.295218
0.787216 0.681963
0.690649 0.963864
0.429587 0.800384
0.0102189 0.511591
0.716444 0.890723
0.492039 0.367396
0.717962 0.911963
0.926798 0.767988
0.74754 0.877997
0.77802 0.579069
0.0315016 0.44572
0.941258 0.176955
0.363098 0.76855
0.947635 0.0605725
0.510584 0.0738831
0.354251 0.306584
0.749518 0.0157966
0.282871 0.17708
0.815753 0.290494
0.688466 0.532994
0.187876 0.181657
0.896982 0.898305
0.0871521 0.791981
0.683672 0.87475
0.708431 0.47047
0.427819 0.707698
0.92562 0.384738
0.877672 0.30692
0.130781 0.792573
0.355899 0.654612
0.895809 0.693188
0.951095 0.62069
0.722918 0.243625
0.827169 0.539794
0.532965 0.517728
0.0786607 0.72901
0.690832 0.962407
0.61537 0.812893
0.795664 0.313589
0.646025 0.505864
0.781645 0.0735849
0.217715 0.725261
0.436073 0.101538
0.0168591 0.58433
0.918727 0.385939
0.23303 0.801478
0.0789836 0.201626
0.479581 0.79934
0.443862 0.305606
0.336543 0.963613
0.822236 0.409161
0.695106 0.525329
0.382974 0.319361
0.328277 0.177258
0.658306 0.956227
0.683679 0.416952
0.0875757 0.85832
0.134114 0.482168
0.994344 0.15248
0.107005 0.885857
0.518978 0.300359
0.749671 0.599168
0.499612 0.230773
0.3994 0.935474
0.535739 0.737854
0.910138 0.376798
0.156012 0.619324
0.880277 0.533132
0.934017 0.213389
0.714575 0.572603
0.169317 0.398723
0.985439 0.217695
0.29836 0.123665
0.696362 0.294813
0.275634 0.756894
0.219174 0.762124
0.102159 0.932524
0.388634 0.560356
0.202497 0.756033
0.503781 0.733102
0.530449 0.42394
0.101184 0.691533
0.0813349 0.939327
0.212992 0.946846
0.177346 0.901003
0.548962 0.358073
0.336733 0.536938
0.573045 0.636072
0.659348 0.269047
0.925167 0.929881
0.0299916 0.150753
0.721329 0.091183
0.120605 0.111172
0.650818 0.321776
0.899218 0.158377
0.0585766 0.434116
0.569779 0.157928
0.116578 0.623068
0.137964 0.338212
0.596106 0.318576
0.275112 0.145302
0.674496 0.616398
0.681954 0.248169
0.248072 0.3419
0.503688 0.17854
0.273733 0.547924
0.321134 0.982294
0.63861 0.44845
0.110527 0.291718
0.769313 0.0082381
0.447719 0.824771
0.436345 0.0268181
0.969324 0.540478
0.637454 0.119376
0.889151 0.245867
0.416725 0.177946
0.380714 0.110295
0.775906 0.0674819
0.358183 0.0236312
0.411769 0.873653
0.202537 0.689751
0.425144 0.528936
0.67934 0.0654819
0.974664 0.769353
0.356103 0.745151
0.790826 0.797974
0.573879 0.233124
0.819643 0.557285
0.78464 0.463982
0.672958 0.681568
0.701045 0.1097
0.839117 0.0879416
0.221121 0.617483
0.154117 0.582075
0.63929 0.564761
0.460699 0.83825
0.241378 0.857257
0.368868 0.916908
0.938296 0.365394
0.713159 0.299597
0.0947605 0.50958
0.101736 0.676041
0.739116 0.91725
0.227534 0.525426
0.38234 0.894218
0.19962 0.0856917
0.0111384 0.0401176
0.173399 0.231392
0.654799 0.326134
0.810841 0.29573
0.887024 0.277258
0.136283 0.135158
0.150745 0.506673
0.0609379 0.09812
0.854236 0.766897
0.395699 0.941023
0.283217 0.49424
0.617136 0.0305489
0.41578 0.844275
0.549718 0.792517
0.74136 0.758258
0.881536 0.747854
0.788898 0.0557232
0.975539 0.424141
0.382117 0.802583
0.738565 0.269718
0.121968 0.833713
0.408722 0.220574
0.381862 0.465521
0.324574 0.234743
0.242779 0.720111
0.186645 0.524686
0.2109 0.777092
0.550567 0.62571
0.649228 0.100649
0.422011 0.403629
0.849913 0.307858
0.167059 0.641936
0.366908 0.156195
0.0922701 0.748806
0.960449 0.808172
0.00983189 0.0357904
0.697389 0.414989
0.25825 0.0801795
0.881331 0.583313
0.316697 0.122048
0.297502 0.503884
0.646087 0.510868
0.315678 0.193568
0.128357 0.926082
0.294494 0.558451
0.374867 0.14269
0.860633 0.532936
0.782866 0.223614
0.693275 0.862769
0.951956 0.624881
0.675139 0.965371
0.688785 0.386247
0.386362 0.938792
0.465963 0.268811
0.528176 0.779006
0.390873 0.824166
0.286618 0.0364387
0.336129 0.597623
0.230539 0.472115
0.563058 0.526461
0.0730735 0.889888
0.674943 0.890757
0.465867 0.453259
0.117546 0.158443
0.318044 0.0812675
0.811977 0.00883082
0.054045 0.501124
0.393093 0.442162
0.452132 0.855658
0.700907 0.970848
0.636933 0.104083
0.801919 0.92683
0.137139 0.139215
0.527503 0.368814
0.604588 0.095283
0.888868 0.627025
0.0241944 0.567556
0.536595 0.488724
0.0276744 0.660574
0.646527 0.338514
0.734044 0.459343
0.348298 0.786711
0.955596 0.719928
0.230072 0.408149
0.609281 0.93638
0.389292 0.237872
0.0433896 0.191431
0.172034 0.180419
0.330512 0.697286
0.557623 0.931346
0.789439 0.444076
0.5862 0.80466
0.00907756 0.118938
0.299549 0.0279151
0.770893 0.943694
0.366497 0.506218
0.407797 0.710303
0.295797 0.36581
0.452422 0.526062
0.775412 0.0523339
0.449531 0.175023
0.292811 0.512171
0.350609 0.4642
0.691153 0.686933
0.16452 0.241637
0.632021 0.944254
0.685317 0.20029
0.760251 0.699145
0.316751 0.0659429
0.722767 0.0906258
0.0129401 0.0914925
0.596548 0.419971
0.796722 0.931802
0.785971 0.256612
0.41851 0.561958
0.303679 0.87063
0.721606 0.602297
0.397114 0.0760304
0.0649762 0.0933244
0.754276 0.229131
0.335038 0.37166
0.181668 0.0201347
0.582253 0.940352
0.718607 0.88488
0.0134517 0.4337
0.983766 0.0309748
0.530527 0.577669
0.445603 0.333294
0.470564 0.23378
0.595779 0.879386
0.789369 0.924352
0.774859 0.518473
0.482637 0.180959
0.593796 0.563705
0.268507 0.347605
0.78808 0.602671
0.712209 0.968332
0.622206 0.294562
0.912895 0.354172
0.17882 0.896718
0.777217 0.168039
0.910241 0.33774
0.745405 0.404828
0.640064 0.215469
0.635506 0.230322
0.100359 0.425086
0.118514 0.841201
0.927581 0.600913
0.0553744 0.542943
0.191306 0.322359
0.887064 0.97417
0.903624 0.586518
0.942831 0.532553
0.907538 0.867219
0.886189 0.093915
0.802348 0.664402
0.263019 0.76234
0.976521 0.00957691
0.172586 0.615317
0.220073 0.779491
0.841808 0.327952
0.230657 0.943701
0.206398 0.186933
0.595193 0.261052
0.722517 0.795875
0.584426 0.620716
0.763934 0.509793
0.23422 0.722655
0.0580104 0.13951
0.603937 0.938743
0.229229 0.40063
0.608152 0.490618
0.169268 0.581517
0.495781 0.340107
0.198659 0.729284
0.14768 0.0350349
0.0619956 0.391569
0.0109413 0.255383
0.573802 0.602044
0.508799 0.303501
0.38308 0.0922663
0.922452 0.155257
0.593417 0.158176
0.867034 0.650714
0.292453 0.462847
0.604233 0.523992
0.865827 0.216268
0.013361 0.0340106
0.790794 0.509603
0.368839 0.972673
0.226295 0.520872
0.0233423 0.278261
0.910489 0.0187015
0.517247 0.48032
0.622866 0.0320371
0.782944 0.0122802
0.124669 0.711314
0.169392 0.725567
0.864323 0.0329026
0.387845 0.151164
0.501335 0.975389
0.677224 0.359085
0.197496 0.697775
0.387921 0.977886
0.205442 0.735058
0.952233 0.408699
0.275772 0.969109
0.695959 0.193194
0.0157466 0.219213
0.672333 0.644984
0.238493 0.45626
0.650518 0.358012
0.156873 0.774977
0.0782553 0.0242228
0.841339 0.456503
0.180654 0.337112
0.446311 0.851696
0.695363 0.644295
0.538368 0.0933637
0.626981 0.759296
0.848013 0.598441
0.174544 0.13979
0.597392 0.861591
0.332755 0.604005
0.083885 0.00643135
0.245187 0.322945
0.466299 0.88902
0.679809 0.630127
0.700034 0.776396
0.648705 0.553005
0.216661 0.798375
0.886186 0.648331
0.681294 0.588769
0.306621 0.227235
0.673141 0.924651
0.965003 0.512939
0.52184 0.155955
0.664261 0.122492
0.0212996 0.00114185
0.7252 0.106521
0.0476862 0.930645
0.429303 0.468652
0.864789 0.113052
0.095834 0.57394
0.869794 0.731727
0.122913 0.0907302
0.569077 0.0157873
0.753034 0.252694
0.592287 0.0611088
0.481741 0.271682
0.971726 0.438027
0.798239 0.520554
0.609124 0.466879
0.641821 0.636233
0.466804 0.368856
0.736504 0.473694
0.345801 0.164878
0.938332 0.211961
0.277206 0.036727
0.775332 0.149762
0.778347 0.914557
0.240247 0.348778
0.894377 0.998312
0.602171 0.508541
0.0495085 0.084535
0.779028 0.0392206
0.54236 0.578082
0.548774 0.15526
0.0451872 0.203919
0.78083 0.512007
0.570222 0.518619
0.977978 0.907021
0.683093 0.919273
0.106009 0.921315
0.960686 0.883428
0.120579 0.749013
0.78727 0.35156
0.099043 0.706194
0.346696 0.69333
0.205645 0.39372
0.774579 0.982945
0.433004 0.32
0.574142 0.975717
0.471417 0.608445
0.194153 0.252336
0.132196 0.767571
0.77041 0.107359
0.672561 0.456987
0.0419898 0.792055
0.413531 0.990328
0.673673 0.532152
0.741499 0.463467
0.882511 0.826647
0.163282 0.226466
0.529723 0.370067
0.6209 0.3085
0.354471 0.0534796
0.634141 0.912123
0.0454329 0.100899
0.530998 0.236793
0.352928 0.651894
0.00109646 0.124881
0.753508 0.677939
0.57727 0.789302
0.467184 0.991858
0.790878 0.134378
0.529237 0.533336
0.596817 0.41135
0.371003 0.757464
0.641373 0.889597
0.130741 0.259645
0.205548 0.485155
0.312642 0.832379
0.406713 0.357851
0.927955 0.937294
0.596786 0.288265
0.590806 0.599318
0.411924 0.348748
0.261852 0.968993
0.15036 0.735129
0.9753 0.933951
0.860932 0.517808
0.468009 0.461484
0.92982 0.826431
0.220596 0.569514
0.734358 0.350285
0.826717 0.939517
0.835636 0.141607
0.776751 0.243163
0.498651 0.708751
0.180291 0.096387
0.00396687 0.795425
0.694654 0.412446
0.112424 0.926562
0.40469 0.260817
0.69814 0.394884
0.197689 0.563309
0.911837 0.644853
0.0600276 0.799069
0.503478 0.246472
0.416019 0.235642
0.595093 0.241357
0.178174 0.430845
0.378971 0.946655
0.677319 0.876921
0.675063 0.85194
0.964564 0.640463
0.624784 0.678286
0.090899 0.754686
0.638887 0.485577
0.0233711 0.351916
0.880635 0.212091
0.899349 0.781063
0.870733 0.920087
0.638619 0.376141
0.171226 0.0523038
0.610375 0.776922
0.295992 0.789487
0.201425 0.679586
0.74986 0.872374
0.555097 0.418987
0.727518 0.532701
0.110021 0.36472
0.204335 0.168825
0.0904063 0.80672
0.649426 0.111289
0.179423 0.533554
0.315131 0.0807066
0.333629 0.188173
0.0467747 0.926556
0.556625 0.180416
0.0185544 0.181445
0.926233 0.329853
0.971114 0.146315
0.978515 0.698453
0.0174713 0.542689
0.149538 0.749362
0.0748995 0.231358
0.102808 0.279246
0.414303 0.192552
0.119307 0.0523245
0.311772 0.297405
0.586366 0.62743
0.378385 0.90478
0.815525 0.383857
0.871996 0.406002
0.568472 0.889287
0.561605 0.506032
0.209278 0.534086
0.648251 0.195528
0.256721 0.667426
0.737226 0.398664
0.413348 0.809511
0.627781 0.513271
0.0878534 0.026194
0.712896 0.207526
0.0778984 0.0239198
0.50697 0.661295
0.653207 0.880015
0.577208 0.466889
0.269654 0.456054
0.848432 0.825396
0.35373 0.40917
0.337758 0.563404
0.927078 0.990393
0.75966 0.201437
0.653825 0.49794
0.593969 0.0707456
0.311728 0.224935
0.578806 0.396698
0.254843 0.291233
0.603682 0.33122
0.314908 0.111023
0.981009 0.963576
0.978432 0.56335
0.432601 0.265427
0.0339817 0.289508
0.0853121 0.375578
0.690939 0.436854
0.934601 0.601322
0.424978 0.703624
0.835772 0.0787234
0.202386 0.435047
0.143696 0.511376
0.660395 0.731504
0.905582 0.909591
0.0155982 0.512161
0.247331 0.329722
0.621403 0.2413
0.296551 0.618102
0.809565 0.727968
0.885152 0.834088
0.0510936 0.943475
0.224687 0.705977
0.429597 0.160853
0.336521 0.837447
0.87677 0.175356
0.920171 0.0790704
0.602207 0.0699011
0.590632 0.270326
0.787165 0.499625
0.183337 0.767347
0.0146655 0.425618
0.135005 0.637274
0.672748 0.430111
0.251136 0.485933
0.158133 0.136696
0.334175 0.166392
0.1206 0.553598
0.866403 0.537806
0.722647 0.204441
0.382581 0.599263
0.377406 0.301453
0.670655 0.977197
0.370362 0.267925
0.254627 0.155928
0.769767 0.439033
0.956642 0.762971
0.870298 0.09394
0.414922 0.543028
0.521998 0.664797
0.036465 0.688101
0.802077 0.357303
0.84546 0.917254
0.905832 0.699875
0.462714 0.631142
0.920278 0.835624
0.234157 0.295534
0.14117 0.872836
0.280076 0.516881
0.181577 0.53422
0.671565 0.943928
0.933697 0.628234
0.73695 0.872277
0.723755 0.14798
0.389145 0.242529
0.815172 0.415527
0.905285 0.592299
0.76854 0.774617
0.541785 0.681747
0.486865 0.0078845
0.314962 0.40917
0.847357 0.547928
0.69542 0.98934
0.466337 0.979682
0.514637 0.638735
0.507784 0.187824
0.592898 0.494264
0.818595 0.326279
0.337069 0.543901
0.473835 0.721255
0.789738 0.288988
0.147418 0.72024
0.904319 0.907596
0.489194 0.447717
0.612396 0.970934
0.454652 0.906051
0.388916 0.297808
0.454463 0.0998662
0.292915 0.899491
0.0952049 0.766218
0.560393 0.601347
0.995406 0.156108
0.0834825 0.779238
0.478016 0.432188
0.357999 0.941377
0.156564 0.151498
0.242475 0.295383
0.867426 0.149697
0.21029 0.356439
0.595608 0.797253
0.333873 0.0457602
0.713206 0.732536
0.352858 0.176531
0.813138 0.643087
0.103405 0.857033
0.454107 0.655851
0.499191 0.450062
0.805918 0.594688
0.269165 0.28689
0.0301201 0.632505
0.241673 0.182907
0.779117 0.48064
0.48049 0.644648
0.62668 0.695912
0.0066673 0.229002
0.495627 0.340011
0.271939 0.212661
0.0668181 0.617291
0.395238 0.877395
0.25683 0.489557
0.775611 0.71244
0.149211 0.27898
0.153078 0.91956
0.873883 0.432099
0.239774 0.875053
0.0557456 0.485094
0.107377 0.793587
0.951499 0.549244
0.482828 0.592347
0.251358 0.486289
0.812066 0.746895
0.82602 0.085667
0.958423 0.883721
0.699213 0.35452
0.769499 0.953494
0.843106 0.550678
0.682379 0.988245
0.828443 0.823617
0.939443 0.678731
0.258749 0.191778
0.60236 0.311917
0.676381 0.69305
0.149148 0.647196
0.249618 0.630109
0.236586 0.500603
0.115764 0.052961
0.243134 0.916665
0.138032 0.210438
0.832053 0.832126
0.565205 0.603467
0.793836 0.408954
0.151738 0.460254
0.396364 0.973408
0.290922 0.347117
0.684373 0.548414
0.540638 0.288374
0.858815 0.222998
0.979098 0.00931941
0.863643 0.226832
0.628322 0.10423
0.714946 0.762035
0.144611 0.934032
0.691664 0.290419
0.181932 0.52435
0.136279 0.751132
0.120626 0.883213
0.157784 0.281121
0.384303 0.555398
0.264861 0.674625
0.896115 0.943018
0.220171 0.444053
0.237195 0.0792539
0.662418 0.211292
0.0841899 0.527394
0.435191 0.716364
0.617882 0.160315
0.470004 0.776969
0.129701 0.161145
0.0767459 0.316122
0.684806 0.19786
0.080514 0.779007
0.120422 0.214227
0.093911 0.505109
0.768538 0.358396
0.181472 0.676592
0.307235 0.399678
0.117738 0.546661
0.480414 0.777875
0.754924 0.563292
0.311912 0.189696
0.278062 0.913135
0.351954 0.748166
0.712983 0.479793
0.909474 0.769454
0.786705 0.59663
0.974253 0.839904
0.405248 0.102179
0.0627312 0.503572
0.612964 0.819815
0.861732 0.775467
0.490641 0.173572
0.185123 0.625652
0.712398 0.667295
0.402771 0.471973
0.226887 0.715209
0.663477 0.508428
0.641258 0.0190747
0.257954 0.356546
0.473639 0.178606
0.142469 0.282244
0.763894 0.121705
0.130998 0.174227
0.223101 0.193063
0.662355 0.863993
0.0260695 0.53974
0.611074 0.531768
0.704256 0.815775
0.148933 0.420514
0.457624 0.556149
0.894766 0.667288
0.266678 0.559251
0.182914 0.874594
0.572191 0.448621
0.267305 0.0639676
0.616961 0.408511
0.346353 0.380296
0.529495 0.476351
0.555304 0.746766
0.668787 0.232657
0.579228 0.697009
0.771597 0.189693
0.225641 0.47967
0.957641 0.412254
0.886704 0.412738
0.936037 0.782742
0.125409 0.204294
0.35841 0.313869
0.108024 0.889161
0.763884 0.383394
0.96411 0.417906
0.790154 0.339139
0.762046 0.320878
0.814559 0.31955
0.0722815 0.485471
0.55237 0.650362
0.18349 0.323
0.839197 0.40838
0.801987 0.822199
0.783289 0.70769
0.267896 0.722635
0.504539 0.390488
0.929149 0.852825
0.705168 0.0443674
0.791565 0.470794
0.428199 0.7835
0.852728 0.221692
0.125413 0.618794
0.547253 0.931446
0.912617 0.585855
0.424071 0.485227
0.261785 0.605248
0.80856 0.102449
0.0156506 0.616345
0.924396 0.784922
0.324991 0.189134
0.527056 0.819646
0.580959 0.452566
0.685145 0.287042
0.495831 0.477256
0.754664 0.920076
0.262775 0.610112
0.135538 0.384958
0.226013 0.685169
0.331916 0.157037
0.294826 0.746907
0.643673 0.554547
0.355037 0.452589
0.653813 0.367795
0.0673755 0.581468
0.16341 0.383971
0.764889 0.694036
0.209059 0.350292
0.135297 0.855272
0.637262 0.645082
0.371457 0.395481
0.562994 0.634106
0.0133727 0.711962
0.0235703 0.235734
0.383217 0.345217
0.389995 0.672799
0.0972801 0.0328773
0.225581 0.452755
0.49036 0.8757
0.819318 0.551115
0.467286 0.980815
0.901772 0.241885
0.677611 0.143471
0.587341 0.814101
0.0393366 0.222375
0.460953 0.409221
0.612108 0.029097
0.0467359 0.623286
0.725542 0.0646121
0.850434 0.110708
0.413213 0.236906
0.782372 0.50851
0.271851 0.00987161
0.958199 0.738344
0.889424 0.768447
0.309486 0.349155
0.769313 0.245237
0.580063 0.448464
0.397641 0.156772
0.269402 0.426309
0.381895 0.72974
0.833528 0.993114
0.755111 0.880382
0.614406 0.481626
0.925923 0.443775
0.59047 0.354655
0.703957 0.373976
0.859377 0.973186
0.384488 0.822359
0.733617 0.273762
0.602079 0.048511
0.623712 0.375794
0.291445 0.202241
0.818629 0.67675
0.362122 0.0928332
0.112717 0.750344
0.824948 0.937501
0.736407 0.581994
0.817817 0.352642
0.0741838 0.77325
0.812661 0.65299
0.117017 0.522632
0.0675947 0.939703
0.498137 0.409679
0.803577 0.233441
0.682984 0.410025
0.277504 0.306339
0.782721 0.564098
0.512399 0.607084
0.2363 0.850442
0.702461 0.344651
0.620062 0.529397
0.284612 0.35747
0.109147 0.10329
0.71008 0.17109
0.862395 0.526546
0.821199 0.981833
0.084604 0.810791
0.950563 0.533771
0.262605 0.761376
0.780092 0.937963
0.17544 0.0567995
0.243354 0.935156
0.618284 0.772002
0.576937 0.85272
0.635962 0.272522
0.207938 0.255773
0.800542 0.490757
0.618938 0.902353
0.593404 0.32537
0.0836001 0.460436
0.852171 0.898789
0.445252 0.898333
0.75451 0.404482
0.451314 0.0183011
0.171048 0.232588
0.945972 0.368063
0.293449 0.204632
0.303485 0.894166
0.965281 0.870221
0.768854 0.604059
0.139641 0.940609
0.856423 0.945422
0.468921 0.474699
0.859807 0.0647804
0.799361 0.939423
0.522695 0.651298
0.844605 0.962332
0.557295 0.602023
0.367315 0.00873073
0.616342 0.539162
0.241208 0.573475
0.880534 0.527469
0.779456 0.190967
0.442827 0.745069
0.0671576 0.216272
0.359382 0.2116
0.193792 0.211104
0.167515 0.665348
0.684509 0.0268684
0.724956 0.487099
0.683105 0.405544
0.131437 0.776036
0.211172 0.703271
0.416149 0.578984
0.703847 0.0328226
0.110938 0.906096
0.604311 0.00683192
0.477788 0.384902
0.184861 0.883451
0.133454 0.259282
0.133415 0.482431
0.4737 0.326907
0.693074 0.64279
0.960661 0.415354
0.662236 0.722296
0.859984 0.625667
0.965953 0.00933611
0.42409 0.18779
0.702969 0.863919
0.750967 0.409001
0.894554 0.861296
0.35513 0.498692
0.871023 0.825882
0.883114 0.0646053
0.752713 0.016963
0.318834 0.873049
0.500033 0.792296
0.214985 0.192637
0.450229 0.192636
0.564838 0.103035
0.89996 0.416331
0.731104 0.862055
0.426357 0.188838
0.0494873 0.152301
0.0528345 0.784075
0.568352 0.920824
0.669226 0.908405
0.427748 0.5405
0.747664 0.311568
0.604053 0.50219
0.323877 0.912781
0.389654 0.824056
0.718614 0.604544
0.0186601 0.155919
0.80185 0.592811
0.254848 0.722256
0.0742834 0.941481
0.599733 0.480768
0.157558 0.652372
0.628801 0.190969
0.441315 0.197091
0.119262 0.120114
0.106418 0.54812
0.669854 0.847762
0.857978 0.267111
0.363909 0.183244
0.19672 0.759645
0.0568383 0.866074
0.345992 0.0296503
0.0658217 0.154439
0.622194 0.318645
0.871462 0.645312
0.299342 0.474502
0.133541 0.45397
0.135402 0.770283
0.645088 0.575978
0.954951 0.746653
0.692821 0.0652465
0.312439 0.353328
0.917436 0.175229
0.618322 0.274607
0.35801 0.806354
0.044598 0.368325
0.719486 0.367035
0.399232 0.784265
0.518914 0.0211896
0.091441 0.388666
0.675379 0.40469
0.868884 0.803984
0.857726 0.990968
0.578844 0.505403
0.567315 0.536824
0.272481 0.259137
0.601131 0.583073
0.615552 0.519725
0.75229 0.234494
0.792819 0.109528
0.0658562 0.776063
0.477446 0.760417
0.172379 0.837273
0.549287 0.697522
0.88957 0.637697
0.0959316 0.571813
0.0998344 0.925831
0.380952 0.908835
0.942596 0.964681
0.422025 0.524298
0.496656 0.688698
0.784803 0.0983076
0.273652 0.4005
0.613821 0.0325553
0.635147 0.410455
0.138916 0.682409
0.223767 0.613427
0.441111 0.402615
0.493675 0.981675
0.0878964 0.373478
0.642673 0.196253
0.942043 0.677374
0.163811 0.332207
0.612038 0.121684
0.292197 0.041047
0.63545 0.80707
0.732668 0.428125
0.901016 0.0416124
0.82755 0.50359
0.0329986 0.463667
0.912936 0.173855
0.142093 0.137205
0.778186 0.583575
0.539091 0.267226
0.574728 0.642792
0.647084 0.217559
0.833699 0.598035
0.90406 1.0053
0.9214 0.520002
0.117772 0.224199
0.577144 0.756173
0.0235098 0.325788
0.17872 0.864318
0.317758 0.014912
0.404558 0.352004
0.479484 0.318672
0.523927 0.619648
0.455703 0.303483
0.193653 0.961791
0.567853 0.774892
0.636515 0.218936
0.979451 0.456665
0.817866 0.913619
0.47629 0.746684
0.454966 0.591723
0.974573 0.037455
0.34675 0.974387
0.345248 0.538952
0.885496 0.650362
0.554483 0.292363
0.0172255 0.0351869
0.611112 0.540442
0.655018 0.0676649
0.844948 0.854887
0.0564213 0.422273
0.638756 0.706734
0.632907 0.642667
0.174074 0.45036
0.553945 0.65125
0.200825 0.00791287
0.245537 0.17405
0.0442517 0.598827
0.157371 0.386099
0.135247 0.0493699
0.0580165 0.700008
0.339784 0.0685361
0.718807 0.949154
0.608642 0.380683
0.0173689 0.449248
0.240672 0.0811811
0.867931 0.875731
0.779703 0.500291
0.525768 0.947809
0.950272 0.0729398
0.598819 0.155935
0.113207 0.810021
0.326895 0.122045
0.447245 0.488296
0.508494 0.58176
0.538409 0.559459
0.268791 0.858148
0.645408 0.983496
0.832044 0.239703
0.378938 0.849585
0.687794 0.623817
0.920657 0.53852
0.500073 0.709314
0.0561847 0.0191479
0.665616 0.0116469
0.0928264 0.279067
0.161398 0.169532
0.127447 0.487919
0.29031 0.575374
0.973591 0.781023
0.158127 0.514595
0.357997 0.43104
0.390245 0.976881
0.431829 0.220749
0.223713 0.779402
0.122643 0.87512
0.426331 0.0133514
0.47476 0.920289
0.722223 0.528529
0.946011 0.39555
0.533894 0.0377808
0.667152 0.705087
0.205008 0.764733
0.18437 0.495388
0.379726 0.159744
0.294044 0.53025
0.676368 0.659014
0.960233 0.0726666
0.640235 0.391354
0.294864 0.847355
0.196509 0.374719
0.776225 0.625335
0.388113 0.247841
0.542071 0.114333
0.778345 0.498138
0.5018 0.315108
0.522826 0.175142
0.0238338 0.748307
0.962795 0.202156
0.235488 0.338154
0.35849 0.528701
0.867363 0.0377677
0.175803 0.795637
0.0913293 0.788332
0.220836 0.40301
0.68727 0.421276
0.779549 0.467753
0.0457485 0.167366
0.716591 0.599844
0.27478 0.497857
0.109731 0.785387
0.808433 0.630335
0.945676 0.810896
0.367195 0.905152
0.0244943 0.606944
0.253299 0.379539
0.131982 0.122866
0.415776 0.312804
0.943037 0.504504
0.136416 0.176491
0.924726 0.810848
0.597919 0.708815
0.291977 0.642921
0.89088 0.0328655
0.24186 0.146134
0.50829 0.337814
0.914706 0.336772
0.965717 0.865574
0.149462 0.336625
0.785436 0.167843
0.939974 0.0390363
0.541567 0.0757282
0.153754 0.925579
0.381764 0.114306
0.484732 0.520894
0.291142 0.409972
0.342862 0.879802
0.11736 0.640355
0.540425 0.977764
0.639823 0.790399
0.132967 0.154911
0.111033 0.056393
0.471769 0.0848258
0.907601 0.595759
0.416066 0.710701
0.787942 0.354366
0.751179 0.336712
0.428311 0.908783
0.300675 0.80745
0.0353191 0.788048
0.333354 0.319778
0.196525 0.681986
0.212461 0.308734
0.316953 0.739288
0.291012 0.941686
0.515619 0.428978
0.115923 0.631017
0.485656 0.589361
0.705154 0.413028
0.212108 0.120267
0.125504 0.00132199
0.478629 0.872395
0.335012 0.888752
0.787149 0.637816
0.710615 0.847876
0.419789 0.0463033
0.14357 0.619411
0.720516 0.35251
0.926728 0.0330638
0.0955955 0.223094
0.956492 0.610259
0.646242 0.110358
0.237349 0.136109
0.695199 0.936437
0.556677 0.903005
0.0681423 0.683725
0.904818 0.518546
0.550848 0.25008
0.437903 0.34385
0.887066 0.152144
0.167907 0.308621
0.195577 0.306396
0.922613 0.910625
0.669715 0.844856
0.945629 0.736321
0.112479 0.90369
0.367224 0.721933
0.0540529 0.604564
0.859282 0.740835
0.544496 0.409046
0.659672 0.611653
0.0851867 0.574712
0.14684 0.639328
0.818715 0.582367
0.971225 0.685352
0.731146 0.145354
0.0623388 0.881278
0.455796 0.937836
0.839034 0.113355
0.790852 0.787735
0.867966 0.861935
0.730333 0.23142
0.587108 0.777566
0.835652 0.446276
0.531681 0.377968
0.861569 0.196563
0.967785 0.942587
0.764589 0.130617
0.580574 0.589024
0.711655 0.561001
0.297852 0.444767
0.704408 0.317652
0.37768 0.155664
0.264343 0.208358
0.269166 0.0567719
0.995632 0.139929
0.921164 0.71099
0.36755 0.515823
0.502704 0.201896
0.967357 0.0439283
0.58582 0.820185
0.233866 0.56448
0.767265 0.995523
0.693604 0.352233
0.58815 0.407182
0.911859 0.879991
0.845854 0.615779
0.205066 0.221654
0.774669 0.465973
0.429698 0.047696
0.522443 0.429045
0.180014 0.446213
0.157416 0.55024
0.950508 0.638554
0.748357 0.927799
0.707755 0.328781
0.757399 0.939634
0.889094 0.524673
0.926361 0.569198
0.878838 0.527373
0.99049 0.775623
0.419552 0.842032
0.411801 0.621158
0.0674373 0.188193
0.0873009 0.50005
0.231433 0.611137
0.920713 0.396321
0.0565885 0.0861353
0.964013 0.0222946
0.748608 0.717128
0.932846 0.439072
0.0468956 0.71923
0.402744 0.923914
0.2405 0.344934
0.507237 0.129114
0.87146 0.509434
0.910161 0.307537
0.358897 0.326823
0.898538 0.398754
0.512488 0.0045129
0.922737 0.728799
0.620366 0.842385
0.160847 0.672695
0.938501 0.12172
0.68736 0.69852
0.825092 0.640214
0.143017 0.831068
0.348767 0.553929
0.797767 0.589264
0.893525 0.333724
0.70328 0.793694
0.827824 0.628421
0.0696082 0.192472
0.939862 0.988252
0.616458 0.472629
0.97418 0.529541
0.218733 0.601388
0.394222 0.375517
0.270329 0.332365
0.501584 0.949973
0.0357838 0.337014
0.5901 0.177589
0.186741 0.911571
0.720999 0.987832
0.537854 0.627418
0.319357 0.245561
0.410687 0.141463
0.868237 0.469673
0.338743 0.827676
0.46293 0.948615
0.30504 0.446252
0.496721 0.523722
0.093958 0.850973
0.894294 0.32925
0.222942 0.394951
0.277178 0.245622
0.721392 0.86025
0.424639 0.910188
0.820834 0.151998
0.901223 0.375195
0.779151 0.22699
0.598587 0.185846
0.374206 0.480988
0.6566 0.721851
0.314092 0.118052
0.667261 0.625071
0.554375 0.169211
0.145577 0.613296
0.0563406 0.045529
0.914869 0.293798
0.453899 0.194656
0.517603 0.166713
0.110111 0.911765
0.122896 0.853613
0.0905489 0.944442
0.246857 0.855997
0.210899 0.827625
0.0665321 0.591433
0.340417 0.720845
0.303038 0.652081
0.83795 0.970026
0.272002 0.403337
0.130052 0.414641
0.0139873 0.197825
0.465357 0.933044
0.478383 0.896779
0.139763 0.00263028
0.065479 0.215576
0.951865 0.145422
0.107588 0.0546427
0.132803 0.359529
0.926106 0.36263
0.203392 0.967576
0.922524 0.535599
0.721893 0.236742
0.205308 0.562128
0.206962 0.477675
0.937409 0.378996
0.891995 0.975073
0.537983 0.357158
0.925681 0.0127195
0.259065 0.0595332
0.0272168 0.338014
0.265524 0.945342
0.466393 0.380423
0.0253625 0.600083
0.735957 0.952724
0.927629 0.95714
0.955202 0.869589
0.508671 0.676437
0.119196 0.719225
0.24304 0.319629
0.192824 0.207009
0.662469 0.0888667
0.187899 0.202963
0.437316 0.111499
0.216115 0.709696
0.166686 0.229931
0.0294048 0.436137
0.197275 0.494504
0.819559 0.221929
0.0925814 0.560088
0.177955 0.0331163
0.501985 0.1426
0.912845 0.0180573
0.814582 0.0223636
0.735188 0.0564593
0.339305 0.916247
0.263161 0.00699863
0.0143713 0.44642
0.209122 0.458469
0.556818 0.42579
0.169947 0.727816
0.65479 0.190257
0.152823 0.815955
0.672721 0.972591
0.0889147 0.785875
0.537899 0.251658
0.809843 0.0538343
0.38957 0.716997
0.0751642 0.203815
0.736468 0.81926
0.257503 0.0820453
0.737602 0.52207
0.0995052 0.761772
0.814162 0.378794
0.212041 0.528658
0.724053 0.374996
0.251381 0.379604
0.565327 0.412966
0.235813 0.249931
0.393882 0.306505
0.0697968 0.889727
0.567484 0.829546
0.968045 0.946958
0.551263 0.0645185
0.15297 0.296852
0.85819 0.436266
0.378732 0.609313
0.912843 0.44618
0.361932 0.89254
0.763806 0.575705
0.430267 0.490502
0.940444 0.656116
0.86638 0.512821
0.094738 0.105219
0.765812 0.487979
0.41462 0.792225
0.417789 0.965988
0.631442 0.40563
0.920773 0.193311
0.461656 0.0779122
0.48486 0.336408
0.485619 0.859143
0.9306 0.388086
0.332196 0.307323
0.311483 0.0979306
0.882279 0.729388
0.59614 0.825074
0.424783 0.458785
0.349754 0.519839
0.554289 0.120774
0.0493481 0.93775
0.893925 0.402264
0.940233 0.524848
0.835524 0.867553
0.728658 0.299074
0.938393 0.222307
0.635357 0.42654
0.0796401 0.583048
0.83567 0.406481
0.889831 0.15223
0.506912 0.770999
0.892323 0.0951895
0.608733 0.317784
0.561333 0.950827
0.837247 0.118321
0.11282 0.803811
0.0848531 0.939747
0.273335 0.0460234
0.514678 0.113469
0.918222 0.266599
0.40896 0.861023
0.467975 0.0469952
0.290565 0.547766
0.616215 0.131291
0.94549 0.495241
0.276399 0.462492
0.291554 0.16848
0.563633 0.888306
0.47635 0.119901
0.852335 0.330025
0.220814 0.904338
0.173412 0.321424
0.899112 0.419663
0.367169 0.441784
0.551513 0.286833
0.69115 0.951982
0.151852 0.168271
0.00277579 0.436744
0.714082 0.626021
0.570677 0.673696
0.127865 0.809007
0.129963 0.42158
0.0242716 0.700926
0.320353 0.503635
0.80216 0.177095
0.829069 0.030493
0.0938044 0.955514
0.349988 0.022355
0.444189 0.717028
0.472944 0.987989
0.00645464 0.165125
0.95242 0.161569
0.327177 0.941672
0.595515 0.051946
0.569038 0.173344
0.716433 0.722388
0.0516289 0.81147
0.138577 0.0340351
0.54769 0.459494
0.537752 0.350103
0.635503 0.366609
0.381929 0.740828
0.367916 0.728843
0.762616 0.813739
0.449457 0.229121
0.80449 0.455502
0.395614 0.756381
0.614473 0.732574
0.71201 0.212823
0.7715 0.290515
0.382358 0.491906
0.0183085 0.389666
0.353505 0.142328
0.436942 0.890658
0.61998 0.964326
0.246925 0.237295
0.338056 0.624135
0.972086 0.67885
0.357877 0.744893
0.513912 0.801586
0.869618 0.364974
0.260804 0.370404
0.121902 0.831066
0.112789 0.788661
0.110114 0.827331
0.0773091 0.469359
0.357954 0.0804559
0.864566 0.697401
0.226943 0.301662
0.610159 0.815567
0.271425 0.827065
0.0692378 0.614836
0.470125 0.0525719
0.31539 0.824878
0.792955 0.827729
0.627315 0.785631
0.136764 0.854494
0.142912 0.219268
0.766322 0.238439
0.0411298 0.807947
0.105969 0.0829267
0.321299 0.465806
0.165007 0.190702
0.16976 0.388712
0.494787 0.773387
0.222777 0.739175
0.623929 0.28291
0.377751 0.0961577
0.332276 0.695387
0.925249 0.12879
0.525812 0.556369
0.894446 0.653961
0.448198 0.0417498
0.88982 0.222674
0.270507 0.873815
0.0888682 0.400896
0.947888 0.423572
0.847615 0.143869
0.579986 0.0253976
0.525675 0.0790618
0.794081 0.748221
0.849349 0.411777
0.0337124 0.228847
0.5191 0.361639
0.903842 0.419528
0.485302 0.446061
0.0211184 0.369761
0.113075 0.447202
0.418624 0.00825618
0.665179 0.702701
0.898445 0.72049
0.122437 0.837529
0.119928 0.88494
0.0298359 0.717439
0.93389 0.536786
0.779755 0.744426
0.302454 0.627338
0.169349 0.332977
0.848401 0.675398
0.68774 0.790969
0.129097 0.180565
0.218931 0.128932
0.561215 0.335424
0.594723 0.973784
0.345154 0.24053
0.673828 0.24183
0.977325 0.728764
0.121391 0.108773
0.673748 0.142983
0.812969 0.620891
0.694432 0.605495
0.358761 0.986913
0.228852 0.530085
0.330531 0.0808897
0.215144 0.0266805
0.850647 0.352751
0.206791 0.0721812
0.474211 0.76588
0.405214 0.053536
0.740177 0.756924
0.297309 0.42288
0.686282 0.426191
0.173751 0.11224
0.389689 0.846701
0.257612 0.204866
0.473521 0.945067
0.806577 0.830799
0.951672 0.0373581
0.364834 0.280659
0.11852 0.580788
0.303968 0.95516
0.91202 0.498505
0.0568376 0.398573
0.284895 0.449927
0.446418 0.0380732
0.205215 0.758162
0.437426 0.203476
0.0292861 0.635756
0.300704 0.413743
0.479946 0.556015
0.631918 0.940373
0.508847 0.426939
0.782417 0.460017
0.44663 0.15931
0.741032 0.581923
0.723494 0.0533569
0.551718 0.64696
0.570384 0.594223
0.0757562 0.815106
0.0437837 0.490474
0.888946 0.249753
0.237289 0.346049
0.432016 0.261565
0.97195 0.709708
0.67675 0.458668
0.291592 0.294324
0.40814 0.797398
0.722429 0.189244
0.261604 0.184851
0.333938 0.0012097
0.766046 0.0601936
0.0646314 0.32505
0.704915 0.627507
0.90938 0.733651
0.484689 0.947288
0.240296 0.368915
0.196568 0.476452
0.714446 0.632227
0.735031 0.701132
0.362245 0.414995
0.154313 0.656016
0.710259 0.559825
0.451371 0.434161
0.744389 0.717531
0.614095 0.0879252
0.712067 0.387387
0.153642 0.76985
0.70309 0.878673
0.391702 0.615701
0.605394 0.862452
0.578652 0.830651
0.246358 0.750554
0.311269 0.942689
0.396295 0.0560407
0.647145 0.776624
0.472649 0.800682
0.431862 0.168829
0.361659 0.860694
0.61012 0.114444
0.575274 0.238116
0.195338 0.287858
0.623977 0.33579
0.068993 0.337022
0.183797 0.446747
0.942911 0.766753
0.318549 0.516031
0.622442 0.560923
0.281619 0.918313
0.517544 0.681134
0.991261 0.172266
0.445044 0.464322
0.967966 0.852469
0.646614 0.334094
0.724718 0.263565
0.444327 0.301319
0.501596 0.634592
0.58267 0.128475
0.955761 0.617872
0.435683 0.170418
0.0769528 0.390152
0.926565 0.3887
0.902161 0.543703
0.968067 0.204963
0.502375 0.48941
0.879731 0.492235
0.65797 0.329783
0.931497 0.616487
0.189929 0.61061
0.956533 0.908852
0.858234 0.436637
0.215829 0.371262
0.0647613 0.782718
0.495376 0.0217421
0.456374 0.944146
0.175664 0.546991
0.34849 0.116689
0.724276 0.387396
0.678547 0.922982
0.436661 0.199884
0.421566 0.348304
0.677438 0.0816772
0.677374 0.645546
0.709784 0.860722
0.249143 0.676514
0.781159 0.120093
0.0690309 0.946998
0.478692 0.138175
0.801646 0.985439
0.146918 0.257797
0.932872 0.33827
0.803702 0.288736
0.439189 0.761778
0.54184 0.123296
0.692926 0.0176315
0.301617 0.117878
0.360916 0.970489
0.19662 0.043576
0.626105 0.897913
0.912125 0.861866
0.581613 0.694856
0.976636 0.633665
0.69132 0.482365
0.789592 0.496282
0.472511 0.928763
0.753275 0.407885
0.256228 0.558112
0.692735 0.702882
0.325392 0.24487
0.813487 0.0179427
0.263648 0.115631
0.135467 0.632979
0.101906 0.334859
0.671123 0.728338
0.23686 0.584917
0.594979 0.808398
0.277261 0.578676
0.486152 0.960402
0.062927 0.275731
0.464816 0.527766
0.207125 0.218053
0.918262 0.44188
0.772352 0.631807
0.157538 0.0979141
0.874995 0.966433
0.114673 0.143419
0.0886119 0.250514
0.772227 0.184135
0.578737 0.445674
0.902267 0.805191
0.0294526 0.491135
0.63316 0.307291
0.0706113 0.114771
0.275449 0.130382
0.387073 0.738889
0.65775 0.594396
0.940234 0.581524
0.0630376 0.74652
0.227257 0.211147
0.833254 0.106132
0.175415 0.911518
0.250548 0.268257
0.196088 0.0206268
0.454454 0.77283
0.466121 0.355907
0.590974 0.49641
0.848321 0.227216
0.805245 0.914079
0.336286 0.0785906
0.0567 0.733194
0.815598 0.706334
0.316456 0.77631
0.30249 0.366625
0.5149 0.527762
0.57894 0.348454
0.630262 0.775445
0.292298 0.863687
0.0308128 0.491571
0.889954 0.468785
0.267691 0.367955
0.841614 0.852237
0.861404 0.67697
0.0863918 0.674563
0.606595 0.42059
0.743665 0.658312
0.143875 0.568295
0.362075 0.456241
0.346198 0.663571
0.82573 0.856119
0.190268 0.402243
0.205749 0.795578
0.164696 0.504862
0.706893 0.196153
0.958658 0.612926
0.679715 0.264547
0.966151 0.506059
0.113715 0.804112
0.209376 0.204736
0.512249 0.811895
0.624688 0.256752
0.471465 0.765923
0.822937 0.828635
0.226176 0.169041
0.495516 0.0524757
0.0371254 0.698579
0.452368 0.238974
0.517457 0.61549
0.743761 0.223097
0.809809 0.740686
0.830897 0.493065
0.0302455 0.764936
0.0139168 0.130056
0.651954 0.222331
0.340678 0.161523
0.0787778 0.919383
0.419404 0.507722
0.727771 0.243187
0.336858 0.941297
0.413868 0.835418
0.00468382 0.436823
0.527873 0.455162
0.680505 0.0451398
0.0701149 0.427542
0.261631 0.863497
0.166743 0.0991166
0.389511 0.16979
0.907759 0.416397
0.301972 0.562158
0.616155 0.640745
0.722883 0.657568
0.58742 0.14839
0.165682 0.323986
0.387811 0.503112
0.280242 0.795173
0.343201 0.27744
0.238705 0.844145
0.733222 0.922892
0.912469 0.794342
0.356788 0.177489
0.692775 0.518502
0.277467 0.0739987
0.689549 0.187968
0.475645 0.984557
0.749315 0.0854001
0.628619 0.475851
0.739163 0.224808
0.624549 0.893413
0.549012 0.0113501
0.406063 0.824444
0.805427 0.74584
0.106469 0.0521813
0.624772 0.828017
0.96496 0.513893
0.64918 0.326455
0.707678 0.343421
0.840984 0.985722
0.417037 0.532758
0.166655 0.847691
0.532782 0.916915
0.968199 0.156897
0.401342 0.706846
0.377065 0.0208611
0.618731 0.919705
0.0287122 0.0172587
0.750049 0.848041
0.767798 0.864283
0.884475 0.400771
0.702268 0.86039
0.89842 0.368135
0.19394 0.618823
0.693389 0.0371925
0.595216 0.115678
0.566107 0.772875
0.995833 0.094578
0.693188 0.96
0.247068 0.101966
0.674367 0.631075
0.12492 0.288461
0.54328 0.155854
0.305377 0.305282
0.987932 0.0682373
0.159227 0.841607
0.448874 0.86484
0.745444 0.354008
0.213766 0.911469
0.961588 0.909863
0.958675 0.561084
0.0269213 0.545608
0.348311 0.0228895
0.634035 0.0580732
0.985906 0.882871
0.15584 0.669363
0.511659 0.276121
0.951658 0.0664178
0.427379 0.255716
0.371345 0.415693
0.323956 0.53855
0.298985 0.766535
0.40601 0.0431403
0.125633 0.631663
0.979842 0.0951848
0.55088 0.947834
0.665753 0.5722
0.498737 0.0196219
0.584437 0.141997
0.0693848 0.584865
0.026555 0.2256
0.248451 0.536452
0.489019 0.205472
0.608131 0.916595
0.465699 0.966187
0.341377 0.781597
0.512922 0.632231
0.562353 0.911527
0.674667 0.685198
0.547749 0.656668
0.771149 0.0908612
0.613484 0.438571
0.655092 0.115268
0.454852 0.252489
0.252001 0.521976
0.834724 0.27929
0.741629 0.0844652
0.812745 0.23967
0.285521 0.413998
0.168958 0.750893
0.386913 0.500021
0.536783 0.891782
0.134585 0.083934
0.816579 0.807532
0.760919 0.366091
0.468108 0.533033
0.451974 0.0872293
0.971806 0.117261
0.194494 0.425997
0.367253 0.447238
0.943313 0.210629
0.720319 0.69823
0.28637 0.537367
0.915212 0.554358
0.95034 0.0927364
0.319603 0.33784
0.599172 0.839029
0.240981 0.728568
0.931593 0.0556318
0.536984 0.692251
0.422106 0.00747785
0.222903 0.851997
0.0865268 0.201388
0.687433 0.426738
0.62633 0.361748
0.727873 0.576316
0.564401 0.454011
0.262791 0.829169
0.987392 0.199232
0.425144 0.936568
0.29029 0.73934
0.278227 0.85689
0.591895 0.520245
0.603487 0.524719
0.567043 0.143612
0.20633 0.966688
0.142092 0.444322
0.876329 0.236788
0.64987 0.861036
0.512774 0.273708
0.23335 0.241758
0.847507 0.788883
0.694098 0.114413
0.645956 0.694759
0.307987 0.0718881
0.630452 0.59797
0.813082 0.910607
0.473025 0.405979
0.428992 0.0799784
0.935684 0.00698956
0.216976 0.148502
0.032986 0.380867
0.601119 0.874061
0.59171 0.241918
0.752171 0.106052
0.522398 0.976157
0.348493 0.360992
0.780658 0.0448529
0.476157 0.428
0.72439 0.796165
0.499419 0.362053
0.382496 0.312046
0.270981 0.833708
0.716327 0.714297
0.921656 0.621375
0.71357 0.148285
0.795331 0.720816
0.509542 0.393988
0.596413 0.106585
0.63508 0.357013
0.208253 0.149842
0.341424 0.555492
0.500343 0.130989
0.615513 0.981356
0.550643 0.33134
0.774227 0.0509998
0.692253 0.15602
0.360386 0.956243
0.0109363 0.0850189
0.673476 0.93548
0.73393 0.388435
0.0913608 0.534205
0.110554 0.603857
0.922579 0.695221
0.701956 0.564404
0.115612 0.874846
0.711955 0.411621
0.467986 0.226317
0.528168 0.0694915
0.212918 0.0846288
0.393562 0.977874
0.134772 0.0909576
0.143939 0.4987
0.0580649 0.157094
0.584196 0.731561
0.103012 0.320325
0.120213 0.189702
0.850827 0.232071
0.78614 0.777633
0.929803 0.473375
0.338978 0.0107152
0.402268 0.0535245
0.425212 0.867377
0.271113 0.934644
0.925598 0.470417
0.0562328 0.344457
0.461189 0.185917
0.426481 0.622182
0.675017 0.485596
0.777827 0.258617
0.211585 0.846669
0.575493 0.336438
0.0648175 0.429042
0.572497 0.847703
0.203794 0.506511
0.349631 0.54407
0.518073 0.750368
0.60671 0.935015
0.630768 0.864814
0.896235 0.557241
0.361503 0.927951
0.899583 0.834179
0.11789 0.327532
0.466896 0.786424
0.809548 0.244535
0.0467427 0.0267156
0.121574 0.6266
0.370242 0.183689
0.0917512 0.887026
0.0452444 0.258954
0.433667 0.392297
0.796509 0.949249
0.141234 0.391354
0.891514 0.758641
0.272561 0.783527
0.336031 0.631684
0.727352 0.235152
0.478016 0.838263
0.569019 0.931837
0.630258 0.370505
0.18567 0.681295
0.39717 0.301674
0.303699 0.755133
0.489701 0.349287
0.684738 0.534219
0.594708 0.123765
0.926094 0.411283
0.0714164 0.0725874
0.79221 0.961387
0.843908 0.0631966
0.753865 0.181086
0.693916 0.483398
0.426243 0.158541
0.317351 0.962022
0.103635 0.911771
0.347686 0.289427
0.629631 0.754551
0.604285 0.926579
0.496301 0.0918333
0.283772 0.185951
0.622551 0.874016
0.306849 0.542074
0.282993 0.378468
0.608026 0.0817628
0.343127 0.458358
0.13856 0.0979486
0.648643 0.826741
0.574813 0.0597736
0.0475917 0.856707
0.0306967 0.110266
0.850766 0.397434
0.400515 0.48789
0.108423 0.953869
0.419684 0.621055
0.0872276 0.708238
0.803965 0.697801
0.574378 0.119886
0.236004 0.840544
0.499883 0.849812
0.941461 0.826606
0.311819 0.0817875
0.924295 0.953486
0.902349 0.498866
0.0523113 0.869259
0.417422 0.0407436
0.029451 0.284197
0.415362 0.424662
0.762835 0.536207
0.438604 0.169767
0.157036 0.501363
0.879331 0.961124
0.198474 0.466063
0.0828682 0.440036
0.332203 0.576772
0.296704 0.273065
0.415621 0.607375
0.356506 0.35037
0.559351 0.269734
0.867386 0.567897
0.186938 0.286138
0.604176 0.210057
0.561419 0.0261025
0.633507 0.326718
0.552825 0.0591077
0.509613 0.711746
0.556387 0.393836
0.675942 0.771875
0.860971 0.754561
0.197109 0.192288
0.340089 0.490468
0.468407 0.75363
0.0856264 0.788978
0.111408 0.663956
0.0829334 0.930264
0.228502 0.277044
0.259766 0.810781
0.489502 0.822369
0.854026 0.122035
0.145529 0.409348
0.177922 0.665869
0.134854 0.736005
0.0768407 0.781769
0.493094 0.909651
0.573466 0.685298
0.0972613 0.877087
0.175308 0.577847
0.668153 0.272918
0.401353 0.775269
0.920066 0.473888
0.752239 0.158822
0.770834 0.0169744
0.659313 0.433117
0.842341 0.839225
0.373978 0.982987
0.256762 0.554007
0.656267 0.384743
0.287061 0.709084
0.198153 0.735452
0.625224 0.779346
0.457786 0.735295
0.676503 0.637095
0.314285 0.345723
0.901199 0.697893
0.113485 0.799198
0.201608 0.844284
0.979485 0.976004
0.888793 0.97899
0.240279 0.736677
0.826583 0.614326
0.727347 0.089159
0.164649 0.384302
0.472932 0.453632
0.101118 0.672563
0.230567 0.730466
0.433312 0.682129
0.453719 0.118405
0.319061 0.774515
0.458815 0.222794
0.491329 0.579556
0.0649988 0.707391
0.454694 0.0586383
0.6756 0.350007
0.0848491 0.871098
0.112878 0.830463
0.528715 0.808406
0.950495 0.669048
0.196449 0.432684
0.15153 0.294578
0.0880136 0.369507
0.0210774 0.532248
0.0602121 0.483891
0.641533 0.376581
0.260627 0.0987439
0.597118 0.753924
0.678625 0.662136
0.434785 0.145797
0.708333 0.126306
0.486469 0.746858
0.0400702 0.572069
0.621037 0.566299
0.382572 0.581148
0.2598 0.580042
0.0237397 0.402512
0.874213 0.115981
0.780005 0.924558
0.659472 0.834045
0.379912 0.285195
0.222962 0.641773
0.387209 0.817523
0.389933 0.0657716
0.478782 0.838916
0.20257 0.18495
0.958181 0.661086
0.940451 0.00599715
0.257219 0.556602
0.572283 0.640841
0.128379 0.79306
0.22052 0.151986
0.239882 0.0945804
0.265964 0.0254222
0.98093 0.910947
0.864027 0.386049
0.199354 0.0917225
0.0105758 0.589261
0.912719 0.41794
0.650933 0.386251
0.237734 0.827309
0.568418 0.211774
0.540398 0.506286
0.216347 0.76894
0.0809254 0.798522
0.453636 0.192179
0.619112 0.663316
0.352298 0.854305
0.749175 0.619664
0.883509 0.727566
0.530885 0.751901
0.117098 0.736272
0.847456 0.118239
0.319765 0.755737
0.524176 0.959094
0.154992 0.761437
0.816678 0.714897
0.949138 0.389014
0.223553 0.185467
0.160338 0.284827
0.950898 0.58734
0.485784 0.593414
0.250873 0.814782
0.454513 0.010999
0.456458 0.340506
0.74319 0.981843
0.0964969 0.821096
0.713257 0.939846
0.975877 0.0383747
0.703 0.493199
0.0367934 0.803169
0.247806 0.797482
0.561934 0.220555
0.185025 0.751262
0.40521 0.339019
0.0930474 0.398102
0.924344 0.538943
0.969249 0.195126
0.393645 0.428038
0.192899 0.818324
0.767842 0.941747
0.83963 0.859798
0.801612 0.555766
0.805907 0.777876
0.590384 0.513504
0.269921 0.592059
0.360558 0.519912
0.41447 0.917997
0.736531 0.597019
0.70971 0.14406
0.933829 0.765591
0.529712 0.865051
0.337711 0.496467
0.0712137 0.742364
0.892667 0.287296
0.58365 0.695658
0.204345 0.419897
0.559241 0.0128035
0.952554 0.400436
0.785159 0.56677
0.881604 0.0592568
0.159584 0.243132
0.578301 0.572916
0.170806 0.316486
0.160171 0.840644
0.454041 0.109182
0.690815 0.978383
0.959735 0.997504
0.478872 0.0424939
0.730144 0.406063
0.299483 0.311634
0.0994819 0.50407
0.730114 0.663903
0.511974 0.70705
0.0351696 0.30989
0.2741 0.889696
0.357149 0.43519
0.147297 0.897506
0.0200462 0.336969
0.254116 0.175214
0.203413 0.722413
0.277204 0.840179
0.696605 0.254848
0.860197 0.181642
0.292969 0.589765
0.584222 0.591449
0.903444 0.666024
0.0962621 0.643056
0.342346 0.606088
0.348176 0.369433
0.890629 0.605116
0.284386 0.26239
0.0608097 0.440132
0.199385 0.0681697
0.758463 0.452126
0.237825 0.933179
0.164756 0.523654
0.822183 0.857943
0.773337 0.681946
0.039807 0.0726462
0.270259 0.623961
0.662382 0.173019
0.310516 0.753273
0.805089 0.649931
0.370419 0.155715
0.0253285 0.277884
0.781266 0.302609
0.539944 0.835876
0.732153 0.741818
0.899992 0.479144
0.185549 0.154754
0.456662 0.350193
0.677734 0.276972
0.2115 0.456782
0.742896 0.367348
0.527756 0.225136
0.877593 0.195569
0.414614 0.175993
0.941775 0.218454
0.832365 0.312324
0.367954 0.850512
0.571274 0.152715
0.155138 0.114192
0.986456 0.892579
0.846468 0.896034
0.389899 0.0330774
0.0921664 0.812262
0.385221 0.733389
0.126232 0.598778
0.191956 0.0822723
0.844266 0.713695
0.311884 0.720688
0.90855 0.693044
0.908395 0.852528
0.9162 0.723548
0.173706 0.285461
0.593413 0.751852
0.436358 0.746591
0.870942 0.422524
0.641396 0.720959
0.327797 0.0329122
0.745273 0.386507
0.881338 0.131101
0.121229 0.00690295
0.723103 0.313817
0.0906994 0.573479
0.0474779 0.395753
0.292237 0.929639
0.107441 0.204048
0.807995 0.0269174
0.926579 0.982338
0.3115 0.537068
0.722863 0.75667
0.285737 0.597084
0.166942 0.891517
0.30991 0.503115
0.960344 0.0578924
0.890037 0.835348
0.184414 0.0108844
0.848772 0.90199
0.321701 0.926121
0.480133 0.359784
0.340064 0.774169
0.306597 0.444183
0.980042 0.116637
0.474056 0.91741
0.110079 0.790285
0.46424 0.823346
0.529068 0.743037
0.424354 0.700969
0.672385 0.744573
0.208279 0.639346
0.788844 0.096868
0.486536 0.965722
0.111215 0.333163
0.884947 0.431517
0.269909 0.362292
0.787573 0.607095
0.139032 0.0989321
0.0512272 0.120448
0.213737 0.521316
0.0516568 0.317338
0.303106 0.504618
0.124983 0.794331
0.251486 0.558085
0.543961 0.919485
0.295094 0.738847
0.556917 0.0857631
0.838584 0.0456337
0.094767 0.906384
0.373369 0.927927
0.377552 0.644049
0.304815 0.168344
0.250395 0.438877
0.269572 0.30175
0.55867 0.481989
0.819573 0.601595
0.789725 0.128264
0.0984466 0.884986
0.950853 0.379981
0.482976 0.495919
0.289301 0.770061
0.234464 0.824669
0.854688 0.0792482
0.892957 0.903298
0.0282615 0.27812
0.839485 0.420493
0.914193 0.151635
0.56081 0.169141
0.594646 0.828507
0.451504 0.156154
0.321453 0.290112
0.745927 0.110741
0.422089 0.850059
0.0563006 0.382278
0.212056 0.518453
0.87225 0.494975
0.292403 0.11585
0.355211 0.146911
0.193472 0.242943
0.0585827 0.217914
0.519775 0.898077
0.616397 0.427739
0.0519205 0.188241
0.593396 0.639618
0.0236628 0.0620679
0.782381 0.343721
0.353076 0.530295
0.455187 0.770752
0.383766 0.489192
0.153668 0.599004
0.0077814 0.0297164
0.0989724 0.303685
0.140967 0.441295
0.448822 0.335986
0.686135 0.508026
0.546989 0.204477
0.42209 0.15888
0.627289 0.463653
0.362757 0.21644
0.0868366 0.371187
0.276975 0.864466
0.719984 0.637795
0.430282 0.163841
0.409016 0.798416
0.664663 0.563171
0.397534 0.671935
0.589551 0.491606
0.968473 0.710268
0.914424 0.392359
0.0731179 0.623493
0.909261 0.594366
0.819365 0.341176
0.789076 0.448151
0.803406 0.143877
0.669498 0.898826
0.52951 0.941856
0.790752 0.244234
0.581726 0.207745
0.414666 0.984634
0.00650883 0.0852939
0.552968 0.403464
0.756706 0.142839
0.89147 0.71689
0.875572 0.821176
0.147725 0.907097
0.445576 0.0891153
0.564903 0.270645
0.424369 0.35444
0.718596 0.228325
0.498049 0.387411
0.133733 0.0199314
0.334913 0.913128
0.259159 0.899016
0.136121 0.68736
0.915042 0.142949
0.766936 0.467553
0.541972 0.524582
0.609933 0.436523
0.255654 0.485086
0.264486 0.410627
0.431124 0.712964
0.502694 0.986481
0.976497 0.917895
0.352972 0.703091
0.138888 0.81046
0.0949688 0.284222
0.873912 0.424547
0.206672 0.132104
0.352093 0.336476
0.814475 0.267114
0.477195 0.580876
0.732413 0.0193497
0.111006 0.34547
0.454833 0.362789
0.825466 0.718493
0.773447 0.259224
0.435411 0.267992
0.253495 0.420463
0.188835 0.608015
0.130501 0.337205
0.456598 0.219501
0.617322 0.323118
0.640449 0.84053
0.463352 0.992407
0.16423 0.269519
0.265769 0.639973
0.850044 0.996423
0.688245 0.951815
0.340925 0.113273
0.326785 0.169061
0.832845 0.0958284
0.429426 0.267285
0.365264 0.682672
0.68842 0.553974
0.289062 0.811259
0.885829 0.729275
0.0337648 0.504717
0.0719381 0.690233
0.329242 0.521277
0.680365 0.493237
0.790378 0.9417
0.133308 0.64654
0.942318 0.77271
0.60045 0.28576
0.899115 0.915623
0.456564 0.732845
0.0648461 0.840545
0.0245122 0.370036
0.569833 0.694101
0.932867 0.848722
0.511664 0.817103
0.601846 0.543493
0.325966 0.667247
0.225524 0.658009
0.181157 0.868471
0.137809 0.942629
0.8499 0.280796
0.61497 0.809271
0.068373 0.226833
0.0830218 0.91816
0.146562 0.535551
0.703311 0.162955
0.421632 0.705238
0.551858 0.981012
0.400289 0.475213
0.846376 0.903214
0.2949 0.449239
0.452689 0.619883
0.12152 0.681944
0.277758 0.306345
0.581647 0.42332
0.287333 0.431559
0.701714 0.905666
0.231545 0.742339
0.139504 0.305637
0.736712 0.283037
0.84452 0.435755
0.44631 0.260164
0.138961 0.951058
0.249712 0.55003
0.458619 0.104086
0.460375 0.75804
0.555268 0.904007
0.382149 0.664077
0.588885 0.658458
0.970378 0.174234
0.0826221 0.263108
0.596079 0.782393
0.165139 0.790882
0.550174 0.308615
0.135256 0.28815
0.606079 0.966572
0.727656 0.0379284
0.228577 0.852282
0.0268173 0.482174
0.427457 0.491201
0.588564 0.87824
0.251733 0.129414
0.79458 0.633557
0.793799 0.387904
0.294183 0.762558
0.557812 0.371487
0.0265596 0.161075
0.153655 0.198702
0.978328 0.677976
0.495155 0.129326
0.989908 0.0993558
0.100858 0.726873
0.139583 0.327788
0.589126 0.165998
0.811198 0.0267336
0.654211 0.393321
0.911134 0.900596
0.522188 0.708477
0.539262 0.317167
0.0878636 0.794612
0.0868744 0.664205
0.200981 0.110186
0.816067 0.354258
0.31057 0.80204
0.0802569 0.777585
0.924432 0.0464033
0.918826 0.0159566
0.767413 0.0513731
0.346794 0.364184
0.214015 0.157197
0.393323 0.864209
0.550545 0.304276
0.773207 0.0738859
0.0260662 0.326515
0.385963 0.115604
0.141935 0.472589
0.771674 0.344247
0.584301 0.590819
0.701652 0.887041
0.397169 0.754214
0.707664 0.320689
0.799583 0.623426
0.339352 0.571496
0.671946 0.693134
0.934954 0.880765
0.841397 0.331317
0.754589 0.393877
0.633259 0.529971
0.467864 0.647289
0.843462 0.850934
0.76006 0.980816
0.330149 0.536988
0.326307 0.902041
0.127231 0.0276762
0.805622 0.522697
0.782514 0.515153
0.83889 0.585442
0.138372 0.182885
0.152615 0.775135
0.868316 0.0981997
0.695208 0.720707
0.424873 0.453557
0.104955 0.0583572
0.965937 0.560992
0.703149 0.853179
0.428189 0.47137
0.806019 0.758378
0.0086432 0.140203
0.671075 0.136195
0.165622 0.478672
0.689272 0.944141
0.972922 0.482174
0.526716 0.137471
0.682422 0.704323
0.932459 0.536169
0.788207 0.643492
0.267042 0.216782
0.0914959 0.364582
0.275589 0.0798337
0.923873 0.986377
0.89684 0.389971
0.456122 0.711967
0.127184 0.463352
0.852972 0.794184
0.598392 0.02466
0.283861 0.257285
0.697946 0.41324
0.760373 0.507398
0.408047 0.445483
0.204496 0.351878
0.982848 0.994165
0.664353 0.437561
0.21389 0.0924296
0.632703 0.491244
0.172449 0.575404
0.470285 0.0822207
0.938118 0.931066
0.789968 0.0733023
0.393697 0.643088
0.872442 0.989805
0.66307 0.156039
0.25425 0.634283
0.431296 0.0174969
0.131866 0.802023
0.460141 0.344266
0.191655 0.458361
0.347191 0.18656
0.720993 0.555874
0.281325 0.354349
0.044532 0.454076
0.918588 0.501196
0.535687 0.865569
0.449663 0.319617
0.944118 0.831022
0.961448 0.80496
0.832202 0.626879
0.973843 0.0921567
0.26008 0.406387
0.0923428 0.395472
0.246708 0.565635
0.745714 0.440354
0.0239447 0.0874936
0.627 0.758504
0.644682 0.901073
0.106241 0.693505
0.360704 0.0299843
0.19936 0.856472
0.898414 0.639229
0.207086 0.817887
0.485606 0.179591
0.66664 0.337942
0.797425 0.642562
0.425771 0.0657986
0.0488585 0.533785
0.464729 0.296115
0.0993481 0.211162
0.734939 0.123366
0.29757 0.363612
0.866106 0.933598
0.266051 0.948474
0.625352 0.641347
0.0349353 0.789291
0.534446 0.896812
0.490596 0.735143
0.746407 0.985593
0.90257 0.393873
0.331614 0.713673
0.0722513 0.768165
0.77727 0.110092
0.294178 0.240761
0.405115 0.38892
0.436275 0.153677
0.512835 0.746341
0.505686 0.382511
0.682506 0.799579
0.354374 0.312817
0.415463 0.353932
0.141611 0.904568
0.259381 0.639845
0.678307 0.0122904
0.629923 0.596863
0.429577 0.95141
0.309418 0.488921
0.71504 0.0885662
0.597327 0.0115384
0.329393 0.00325
0.398057 0.781984
0.13791 0.870739
0.534271 0.649859
0.295097 0.220521
0.431606 0.644201
0.544004 0.839559
0.987569 0.657916
0.788772 0.258852
0.324457 0.470334
0.262506 0.932092
0.0715989 0.705952
0.905867 0.393585
0.187387 0.633075
0.464576 0.782044
0.6307 0.810615
0.788227 0.0344996
0.586187 0.927852
0.942656 0.113487
0.583695 0.235355
0.332138 0.0149261
0.881022 0.864265
0.863212 0.874045
0.557293 0.651081
0.129342 0.843387
0.112352 0.399576
0.837501 0.189572
0.112537 0.757289
0.56146 0.288425
0.379302 0.0254446
0.0727575 0.0181156
0.820162 0.857316
0.0638322 0.403182
0.791224 0.99067
0.506371 0.380112
0.22558 0.812841
0.391935 0.10907
0.71022 0.257322
0.680988 0.424145
0.908989 0.130138
0.149116 0.030098
0.540304 0.97738
0.218438 0.636735
0.727809 0.788189
0.923782 0.121846
0.799977 0.993552
0.13642 0.62588
0.858814 0.189982
0.0272441 0.659684
0.179992 0.524417
0.0395433 0.40633
0.363889 0.428007
0.51247 0.0795842
0.685445 0.507914
0.342653 0.594029
0.632423 0.492417
0.616186 0.166725
0.481396 0.837866
0.799319 0.215313
0.620804 0.731813
0.33123 0.423518
0.718529 0.467614
0.048258 0.578832
0.651962 0.06569
0.22655 0.805781
0.588162 0.263143
0.23639 0.926799
0.684272 0.776913
0.0513044 0.376857
0.266866 0.370557
0.966128 0.894357
0.857297 0.595049
0.0808291 0.347745
0.439849 0.858506
0.550217 0.061722
0.591479 0.878162
0.481432 0.304201
0.353639 0.527513
0.893994 0.0446495
0.584284 0.114256
0.840661 0.183833
0.370522 0.0809996
0.134126 0.0641915
0.842622 0.165045
0.434609 0.113512
0.53368 0.412643
0.0221504 0.387064
0.00800113 0.0718314
0.737355 0.44583
0.917792 0.310688
0.50284 0.518212
0.170935 0.947456
0.821492 0.534121
0.511438 0.699707
0.529431 0.108636
0.812052 0.3797
0.288095 0.185021
0.461852 0.418744
0.252278 0.303442
0.582579 0.693267
0.407323 0.118786
0.097421 0.414119
0.499761 0.120765
0.491841 0.250361
0.557793 0.425088
0.537236 0.0638415
0.939095 0.702451
0.0579084 0.778337
0.256577 0.556647
0.470653 0.795172
0.659614 0.281988
0.170906 0.908358
0.469417 0.638569
0.366138 0.71731
0.932387 0.947479
0.410475 0.356541
0.0604514 0.514948
0.775123 0.572397
0.62649 0.269057
0.822507 0.186651
0.693538 0.365138
0.246521 0.63834
0.0913331 0.292953
0.403441 0.343775
0.848302 0.866154
0.14226 0.506455
0.157503 0.320546
0.451956 0.621847
0.95888 0.80077
0.33986 0.894177
0.754007 0.757269
0.25773 0.802406
0.266838 0.0405138
0.394524 0.88896
0.313254 0.213905
0.0789862 0.00376785
0.580779 0.325202
0.639405 0.675375
0.61124 0.0495325
0.0146387 0.457226
0.915459 0.160683
0.966686 0.0721293
0.476472 0.41987
0.693395 0.438035
0.235207 0.035539
0.33712 0.98291
0.784266 0.605886
0.817562 0.0565505
0.644929 0.211454
0.935697 0.958997
0.426888 0.0323057
0.963558 0.011093
0.354372 0.599113
0.670126 0.962315
0.642212 0.698344
0.431159 0.559131
0.839241 0.421079
0.629613 0.32415
0.818533 0.323883
0.76118 0.0555741
0.356153 0.103481
0.0514087 0.148406
0.711183 0.861066
0.203265 0.355516
0.0810197 0.154117
0.311288 0.508823
0.183894 0.269919
0.518103 0.53609
0.871254 0.199642
0.50601 0.512928
0.882618 0.93076
0.0815089 0.743337
0.338455 0.701061
0.0579516 0.157243
0.0506051 0.767038
0.209173 0.383868
0.911892 0.27796
0.532853 0.633392
0.138904 0.738326
0.987951 0.215872
0.881318 0.314835
0.72057 0.0694547
0.57218 0.240054
0.605423 0.443248
0.428098 0.115672
0.923721 0.34906
0.0479608 0.0295817
0.0733952 0.395839
0.73035 0.114017
0.539994 0.753133
0.93049 0.733756
0.133699 0.81928
0.0208685 0.681397
0.475978 0.152484
0.407649 0.483041
0.357669 0.292584
0.785367 0.0785931
0.364271 0.357474
0.311214 0.954599
0.798258 0.751547
0.0918311 0.767293
0.0736034 0.129718
0.786502 0.129727
0.513249 0.518568
0.241925 0.0534628
0.279064 0.17451
0.804295 0.41845
0.0589169 0.767753
0.0923014 0.526711
0.94939 0.482405
0.0201533 0.332022
0.790903 0.794943
0.40355 0.153943
0.161682 0.716913
0.120995 0.916603
0.462606 0.211895
0.713513 0.538742
0.336759 0.501888
0.673653 0.848042
0.0664463 0.865631
0.898584 0.310225
0.0917886 0.715565
0.714068 0.11868
0.525991 0.803802
0.644128 0.486054
0.308241 0.652831
0.802316 0.103723
0.450636 0.19901
0.261779 0.602487
0.905338 0.411609
0.558369 0.374687
0.59755 0.273503
0.906847 0.929977
0.772403 0.57868
0.78149 0.79673
0.4879 0.685443
0.0952046 0.57486
0.397703 0.807428
0.691013 0.914724
0.616493 0.335746
0.407237 0.916976
0.985282 0.213245
0.0289546 0.434203
0.408421 0.287552
0.0494291 0.327214
0.677382 0.601363
0.69178 0.276797
0.86567 0.601427
0.213996 0.64833
0.171889 0.961147
0.443475 0.669688
0.685729 0.537441
0.243795 0.0836712
0.341873 0.924373
0.0458232 0.921668
0.270736 0.411103
0.884662 0.267285
0.625722 0.904508
0.695339 0.0296547
0.212347 0.749951
0.344778 0.872365
0.331731 0.0383944
0.158613 0.203943
0.643283 0.370395
0.849474 0.820035
0.369199 0.289654
0.495361 0.0588406
0.823896 0.740952
0.138572 0.172142
0.677324 0.142446
0.126479 0.910568
0.553321 0.0223023
0.211071 0.175238
0.929171 0.904253
0.204297 0.134409
0.642672 0.55257
0.0567643 0.936582
0.581116 0.176706
0.181227 0.232929
0.542027 0.0328755
0.103177 0.874806
0.321833 0.557932
0.964562 0.152929
0.299992 0.105452
0.315281 0.964859
0.246571 0.454389
0.928168 0.786894
0.45737 0.149959
0.933671 0.421025
0.045794 0.183201
0.540538 0.687362
0.730844 0.556302
0.664903 0.32191
0.731897 0.878809
0.554079 0.272409
0.866365 0.611024
0.184963 0.197472
0.173411 0.15044
0.346815 0.473608
0.254834 0.669653
0.452733 0.501975
0.112939 0.377678
0.30417 0.596561
0.520786 0.281913
0.00481726 0.570121
0.462711 0.541847
0.258701 0.193498
0.0973504 0.872153
0.519832 0.823187
0.765935 0.0722552
0.101985 0.647958
0.685995 0.283354
0.841626 0.854018
0.44594 0.180599
0.335481 0.687584
0.855775 0.778692
0.182445 0.943699
0.168385 0.495254
0.577401 0.691173
0.774004 0.578578
0.258444 0.23819
0.121058 0.512822
0.435797 0.214452
0.436375 0.945007
0.0462532 0.202916
0.0224432 0.146391
0.838433 0.7014
0.430264 0.680451
0.576195 0.853882
0.868791 0.897179
0.552251 0.722619
0.683897 0.757633
0.704207 0.870592
0.240864 0.280509
0.547444 0.0185294
0.859658 0.79718
0.246303 0.956309
0.319054 0.688964
0.204857 0.754438
0.639806 0.246235
0.940231 0.634488
0.393145 0.792346
0.373451 0.818722
0.480558 0.933952
0.683139 0.346756
0.843759 0.2382
0.0725983 0.534346
0.975956 0.758025
0.399624 0.211819
0.100404 0.900491
0.228177 0.894108
0.74448 0.488243
0.900104 0.0620079
0.177671 0.101459
0.810905 0.815928
0.350637 0.762282
0.481902 0.736598
0.565302 0.845683
0.557574 0.0386384
0.795114 0.244716
0.38099 0.639009
0.479111 0.453249
0.171233 0.456745
0.230909 0.565425
0.674623 0.290444
0.510842 0.901075
0.211701 0.248648
0.39255 0.111437
0.311022 0.573942
0.212454 0.124139
0.392717 0.560063
0.889524 0.866784
0.299087 0.446265
0.722879 0.876629
0.481018 0.523179
0.092076 0.826166
0.163942 0.585712
0.316104 0.335101
0.0417634 0.548012
0.897267 0.701358
0.836843 0.405778
0.620854 0.0535972
0.652708 0.0263407
0.150428 0.928634
0.595277 0.371137
0.0801672 0.941227
0.913759 0.98182
0.862551 0.234782
0.425355 0.590432
0.112753 0.860294
0.114878 0.195041
0.767464 0.278142
0.777497 0.0842314
0.621309 0.801215
0.630229 0.515641
0.536231 0.467428
0.919833 0.165841
0.515172 0.574666
0.184819 0.677089
0.540455 0.773575
0.0479688 0.634804
0.762368 0.971246
0.611128 0.630965
0.205808 0.0359143
0.22117 0.295654
0.935991 0.351768
0.491155 0.706889
0.610774 0.269964
0.793851 0.2261
0.0849853 0.419859
0.737973 0.627509
0.88829 0.645807
0.78618 0.406364
0.229162 0.941686
0.0939459 0.788172
0.74536 0.123909
0.410069 0.511953
0.0985103 0.0213027
0.143202 0.305131
0.0811166 0.369969
0.618718 0.991652
0.691713 0.0938871
0.708999 0.304372
0.36254 0.503383
0.529615 0.452259
0.88808 0.298083
0.103629 0.777076
0.93158 0.854731
0.225915 0.167233
0.83244 0.306154
0.929774 0.562859
0.427746 0.355708
0.091491 0.527601
0.384006 0.226805
0.834343 0.430785
0.591027 0.43301
0.434243 0.283114
0.515621 0.149322
0.594702 0.87987
0.642337 0.120527
0.340786 0.574336
0.387648 0.418361
0.394015 0.317464
0.28313 0.618362
0.474471 0.126602
0.902399 0.406456
0.694505 0.350764
0.783992 0.786739
0.87714 0.168841
0.0257918 0.717199
0.600384 0.610274
0.141157 0.0336701
0.891304 0.651548
0.175771 0.480279
0.560745 0.81751
0.603967 0.889172
0.394745 0.97738
0.317816 0.789511
0.306342 0.598009
0.411934 0.791324
0.71335 0.333255
0.223695 0.407936
0.680982 0.0153386
0.195021 0.560992
0.179807 0.213007
0.272128 0.773665
0.820843 0.407798
0.809122 0.714425
0.0691145 0.936188
0.198048 0.636244
0.810081 0.793968
0.524618 0.210546
0.78306 0.846237
0.00442964 0.090311
0.443867 0.415107
0.88191 0.161039
0.74755 0.107909
0.5672 0.432386
0.131634 0.767221
0.749134 0.403136
0.689016 0.408954
0.101809 0.767143
0.677108 0.887552
0.513304 0.746659
0.877416 0.695328
0.385188 0.692934
0.512269 0.907376
0.902746 0.30288
0.757117 0.909072
0.388408 0.198883
0.33112 0.257509
0.360761 0.0744458
0.365532 0.920526
0.507697 0.488469
0.692275 0.502457
0.782892 0.66913
0.766575 0.871423
0.466052 0.435739
0.754629 0.974952
0.18823 0.642332
0.688792 0.573431
0.340168 0.193182
0.485387 0.241956
0.484165 0.246144
0.144516 0.823767
0.449514 0.479289
0.109698 0.777296
0.555338 0.490143
0.742049 0.0634135
0.961718 0.414961
0.561417 0.763085
0.10731 0.330232
0.63431 0.571997
0.762302 0.393619
0.557886 0.941007
0.0354639 0.244722
0.519419 0.366637
0.433888 0.00759699
0.612639 0.910273
0.252701 0.75859
0.774699 0.701523
0.23439 0.876271
0.513334 0.791346
0.393128 0.252065
0.850991 0.388494
0.690166 0.421682
0.13254 0.794726
0.741255 0.779497
0.3637 0.510649
0.158104 0.876259
0.449132 0.208065
0.143672 0.941631
0.565726 0.586922
0.981324 0.176396
0.504026 0.234112
0.88473 0.31114
0.932023 0.176794
0.183906 0.444664
0.949732 0.563374
0.694176 0.850674
0.947099 0.395394
0.244483 0.08487
0.174129 0.956866
0.856499 0.548601
0.50288 0.026854
0.467608 0.956931
0.222721 0.616706
0.941921 0.77065
0.195392 0.89148
0.951256 0.681186
0.152768 0.853503
0.988068 0.0947001
0.0629416 0.175817
0.537765 0.0317961
0.750209 0.239891
0.849338 0.68761
0.624385 0.102822
0.779594 0.816271
0.0939431 0.645402
0.364312 0.595398
0.648385 0.853356
0.566239 0.876043
0.441636 0.502678
0.671042 0.649198
0.430704 0.630473
0.349257 0.590754
0.522771 0.338633
0.683711 0.589464
0.511182 0.223933
0.614951 0.263135
0.463555 0.468802
0.959326 0.0961256
0.567835 0.739026
0.905893 0.639704
0.38314 0.271358
0.25413 0.0445327
0.0824711 0.781633
0.918767 0.524695
0.317304 0.600376
0.192373 0.758344
0.231443 0.535994
0.341759 0.752581
0.879781 0.0318808
0.341321 0.385233
0.241786 0.930536
0.64838 0.719447
0.425393 0.609585
0.80257 0.990201
0.35503 0.713911
0.64933 0.74415
0.982932 0.905228
0.77788 0.0916636
0.717127 0.715517
0.630527 0.0440436
0.307825 0.817361
0.784522 0.54021
0.355338 0.123943
0.298069 0.228562
0.150029 0.638861
0.617096 0.39618
0.591235 0.267325
0.107313 0.017459
0.875087 0.908083
0.012887 0.235727
0.628387 0.668108
0.923503 0.613179
0.568899 0.738923
0.709579 0.28923
0.449704 0.343973
0.330408 0.755485
0.164372 0.11315
0.297685 0.520461
0.237384 0.593544
0.750576 0.385865
0.228432 0.367644
0.778967 0.821891
0.639066 0.880342
0.83565 0.511452
0.803133 0.845642
0.741181 0.432375
0.509369 0.701665
0.0509819 0.0791357
0.44833 0.759636
0.36658 0.888338
0.111124 0.700595
0.654311 0.269916
0.806851 0.950692
0.790557 0.0461253
0.545937 0.541728
0.432134 0.77254
0.909746 0.219629
0.594613 0.545693
0.0984192 0.427173
0.102475 0.863879
0.28276 0.793605
0.33828 0.787348
0.50354 0.387422
0.863852 0.946117
0.149763 0.235235
0.847119 0.257451
0.919125 0.484232
0.524803 0.733818
0.455828 0.315643
0.782571 0.00264097
0.858689 0.217564
0.770963 0.768589
0.425659 0.369823
0.312568 0.527003
0.801025 0.370094
0.427456 0.0857087
0.17434 0.736803
0.871012 0.662108
0.160471 0.744745
0.623068 0.30335
0.957926 0.450847
0.565286 0.896818
0.972559 0.0842704
0.642835 0.430189
0.39807 0.425352
0.431983 0.25484
0.638177 0.206889
0.0235621 0.0661717
0.577283 0.337076
0.592399 0.380098
0.705019 0.0240975
0.466292 0.86998
0.789534 0.334228
0.556392 0.936894
0.0735505 0.173109
0.247655 0.0489894
0.630899 0.825887
0.924557 0.60554
0.869091 0.579481
0.0515943 0.295305
0.0237804 0.474572
0.543744 0.660655
0.684371 0.570272
0.726328 0.262532
0.897576 0.333604
0.640855 0.615692
0.341711 0.104375
0.472717 0.143659
0.437105 0.0382243
0.0785237 0.513226
0.208632 0.326078
0.568529 0.840448
0.132893 0.514861
0.464382 0.0268257
0.111504 0.512639
0.309571 0.134831
0.984722 0.845592
0.789631 0.675627
0.420146 0.522093
0.933329 0.341427
0.838594 0.578424
0.934407 0.190079
0.684051 0.422684
0.317973 0.123492
0.456695 0.396965
0.634115 0.669397
0.723683 0.196543
0.517988 0.85135
0.701322 0.971591
0.878906 0.81536
0.475249 0.193275
0.941417 0.457919
0.0526515 0.764518
0.15278 0.459669
0.274065 0.0924831
0.78522 0.11704
0.669862 0.731095
0.301526 0.355311
0.145254 0.622798
0.479687 0.59999
0.016139 0.115162
0.268442 0.737952
0.313756 0.773166
0.595519 0.0269382
0.753693 0.476718
0.844652 0.246487
0.657834 0.827974
0.719673 0.714439
0.561676 0.869538
0.160417 0.79205
0.955519 0.957175
0.939125 0.605763
0.67496 0.246419
0.993767 0.801778
0.862581 0.47452
0.422716 0.878541
0.593099 0.686558
0.627065 0.893832
0.462217 0.222581
0.921807 0.222974
0.690846 0.788451
0.457885 0.362853
0.56456 0.184463
0.0695126 0.128673
0.0614765 0.240585
0.958539 0.0312523
0.183029 0.86634
0.671758 0.86354
0.152221 0.673342
0.683969 0.0172412
0.147329 0.106964
0.895861 0.723975
0.790274 0.521953
0.640923 0.251482
0.741308 0.567784
0.465799 0.440312
0.334632 0.912336
0.800729 0.909737
0.0929565 0.837138
0.0370812 0.166358
0.0979683 0.95154
0.19684 0.300674
0.89773 0.858275
0.168678 0.0460831
0.543082 0.848194
0.0681085 0.692838
0.947647 0.964529
0.424203 0.75152
0.478795 0.0698816
0.00747898 0.23089
0.631128 0.471378
0.687973 0.961093
0.394664 0.468131
0.873712 0.49717
0.339309 0.903789
0.665659 0.452216
0.909775 0.851907
0.748578 0.813397
0.72481 0.917855
0.851352 0.264976
0.774216 0.907346
0.942088 0.720421
0.867003 0.387451
0.492147 0.355601
0.432613 0.496801
0.574729 0.0686598
0.696896 0.396542
0.0574537 0.367895
0.713629 0.904529
0.862538 0.0573274
0.823865 0.529192
0.505594 0.730123
0.390376 0.255619
0.527861 0.120248
0.177658 0.390229
0.37499 0.947653
0.306321 0.321818
0.69625 0.178842
0.691201 0.188939
0.523152 0.129694
0.683143 0.113781
0.191222 0.657666
0.367317 0.216663
0.0168038 0.0732973
0.121377 0.842388
0.120051 0.915352
0.410296 0.632426
0.68417 0.824027
0.891505 0.235401
0.913786 0.071579
0.619259 0.291758
0.0726113 0.882332
0.616678 0.733735
0.107044 0.308918
0.904526 0.615446
0.430747 0.600391
0.748632 0.62036
0.25452 0.111038
0.839481 0.274628
0.175217 0.933861
0.155778 0.310284
0.913063 0.543614
0.920776 0.59209
0.363058 0.831379
0.84181 0.279127
0.889386 0.43909
0.577016 0.928794
0.399213 0.177496
0.662777 0.490733
0.489289 0.576895
0.120652 0.880979
0.171416 0.842101
0.538903 0.433878
0.9628 0.414176
0.705385 0.17372
0.349063 0.852119
0.483994 0.274632
0.421174 0.426664
0.887259 0.770244
0.264821 0.728673
0.0598456 0.170086
0.193407 0.631022
0.106606 0.580319
0.806865 0.767056
0.073726 0.304904
0.352418 0.193438
0.219356 0.524321
0.0869993 0.768011
0.956506 0.0672169
0.140242 0.667712
0.238356 0.48628
0.522427 0.71948
0.759442 0.941151
0.152504 0.652086
0.727639 0.412177
0.380696 0.786285
0.580812 0.571737
0.417687 0.682879
0.150327 0.227142
0.455143 0.219284
0.528064 0.794436
0.415501 0.744986
0.322412 0.488889
0.50529 0.281612
0.55544 0.642622
0.943533 0.777927
0.127815 0.466847
0.52346 0.883107
0.412855 0.665712
0.528264 0.144829
0.12255 0.877954
0.921619 0.629818
0.488749 0.344339
0.344668 0.637815
0.570856 0.793267
0.856188 0.0999252
