0.133902 0.257819
0.641469 0.905919
0.74565 0.730959
0.441763 0.642018
0.847039 0.315901
0.157685 0.123752
0.994668 0.953522
0.920423 0.512356
0.75766 0.804867
0.122969 0.366148
0.703812 0.821068
0.472746 0.623724
0.465739 0.622358
0.591019 0.0349235
0.203864 0.146046
0.640647 0.345341
0.404375 0.284397
0.242551 0.147812
0.0212213 0.684441
0.790868 0.868446
1.00016 0.945772
0.993673 0.992512
0.910502 0.90367
0.507428 0.660739
0.717015 0.6299
0.0280137 0.421213
0.453871 0.498912
0.0452083 0.918732
0.124672 0.636236
0.953452 0.328389
0.781452 0.601343
0.66459 0.184874
0.89735 0.902138
0.331476 0.912925
0.591794 0.121967
0.780843 0.591576
0.0694594 0.773136
0.586666 0.972842
0.685445 0.0942927
0.665782 0.409927
0.725617 0.661131
0.823599 0.178954
0.164299 0.868876
0.097952 0.288352
0.505321 0.051211
0.610701 0.297652
0.647507 0.287831
0.471516 0.542835
0.189932 0.802245
0.457585 0.781976
0.923712 0.238882
0.37403 0.993336
0.0119718 0.960676
0.966221 0.697365
0.0548869 0.600063
0.100211 0.780757
0.262727 0.923881
0.964416 0.427941
0.792693 0.0571859
0.713797 0.299594
0.108364 0.332051
0.585097 0.760955
0.615395 0.0559353
0.305774 0.805389
0.859802 0.763457
0.587456 0.781811
0.00219434 0.961393
0.773364 0.0191718
0.922752 0.741784
0.711881 0.977042
0.341542 0.811844
0.756992 0.602876
0.73557 0.716819
0.0312939 0.528531
0.77419 0.746942
0.827756 0.882751
0.079275 0.411123
0.643873 0.694943
0.467272 0.949462
0.512635 0.312974
0.712825 0.0887721
0.107302 0.715023
0.050064 0.882583
0.729364 0.972127
0.643663 0.448248
0.952946 0.962387
0.252725 0.706707
0.569892 0.988378
0.424653 0.600613
0.514643 0.200983
0.349598 0.339638
0.0802522 0.428593
0.75463 0.724282
0.125898 0.223317
0.674438 0.624374
0.555915 0.381272
0.714501 0.653108
0.102039 0.764768
0.537318 0.831198
0.736629 0.161773
0.272086 0.685929
0.127055 0.524534
0.392685 0.696786
0.513123 0.816743
0.297643 0.0300063
0.0152092 0.64646
0.373177 0.0965362
0.0753651 0.128203
0.820723 0.200234
0.349586 0.492501
0.827603 0.897862
0.881668 0.540302
0.552418 0.984077
0.305576 0.0899808
0.81534 0.0424584
0.251188 0.0876544
0.726666 0.379888
0.611869 0.121297
0.0750334 0.125219
0.938043 0.373411
0.155212 0.95306
0.0194821 0.52863
0.0492741 0.0947919
0.656835 0.870098
0.294287 0.00714578
0.364741 0.121163
0.904485 0.247391
0.669733 0.482373
0.231394 0.967165
0.546738 0.0468934
0.0095964 0.797925
0.134073 0.737985
0.176039 0.746055
0.858741 0.251233
0.871867 0.797123
0.623935 0.0266959
0.749763 0.642325
0.555187 0.799169
0.73777 0.212278
0.669427 0.0331746
0.217912 0.0363179
0.15384 0.123836
0.281957 0.815556
0.580527 0.512731
0.782552 0.127742
0.560132 0.792183
0.925523 0.694193
0.529189 0.103008
0.443395 0.384544
0.353424 0.308895
0.186415 0.97648
0.338173 0.936466
0.619996 0.893265
0.734887 0.359615
0.103599 0.404338
0.395239 0.31911
0.440555 0.543501
0.447742 0.721755
0.360792 0.0285248
0.235171 0.143665
0.156021 0.795215
0.935764 0.0814902
0.493494 0.460223
0.182978 0.929671
0.855206 0.534747
0.240963 0.0423052
0.512029 0.579048
0.978331 0.131915
0.472775 0.71399
0.490398 0.576847
0.119405 0.88138
0.901526 0.558945
0.431365 0.343391
0.281136 0.787333
0.37827 0.51373
0.930138 0.533781
0.3116 0.866608
0.615749 0.800887
0.332715 0.798693
0.730265 0.188661
0.334154 0.971963
0.230193 0.846088
0.550567 0.210028
0.978009 0.0242363
0.926511 0.467612
0.602084 0.0423289
0.349062 0.501755
0.601565 0.775941
0.855048 0.881863
0.562586 0.233347
0.398736 0.490755
0.766289 0.710115
0.3606 0.377265
0.511511 0.693423
0.185121 0.247215
0.881744 0.514575
0.214137 0.112205
0.361159 0.765615
0.321168 0.336781
0.789243 0.244031
0.806524 0.403784
0.285557 0.156693
0.89653 0.882335
0.933765 0.750345
0.770679 0.494558
0.982468 0.168666
0.990178 0.74942
0.878946 0.351895
0.128605 0.389616
0.0448249 0.31203
0.633055 0.926672
0.82769 0.846847
0.0387933 0.188413
0.63912 0.333539
0.53366 0.397103
0.630757 0.307837
0.795713 0.888263
0.491598 0.69066
0.770166 0.427563
0.44183 0.543331
0.922047 0.423986
0.713828 0.911298
0.17283 0.592551
0.249384 0.290415
0.983641 0.307415
0.616545 0.614316
0.233111 0.421547
0.469576 0.258473
0.631795 0.0768902
0.632068 0.159785
0.486007 0.222316
0.505763 0.26059
0.123026 0.986022
0.934379 0.917185
0.410129 0.402023
0.449462 0.32341
0.82954 0.157205
0.239406 -0.00193712
0.748901 0.496566
0.306486 0.733661
0.812256 0.921546
0.350401 0.0467229
0.366146 0.81431
0.31943 0.998063
0.900372 0.944579
0.155759 0.370049
0.186368 0.651762
0.643745 0.317442
0.638822 0.607277
0.20701 0.0514043
0.0153284 0.651071
0.379753 0.845006
0.808013 0.621887
0.847075 0.557551
0.127776 0.154792
0.291892 0.939784
0.076623 0.642302
0.946446 0.432027
0.463355 0.296326
0.446519 0.340788
0.257407 0.597953
0.716793 0.459292
0.232346 0.342546
0.753126 0.888309
0.972055 0.957296
0.938814 0.98323
0.634161 0.287773
0.836457 0.434966
0.93884 0.679508
0.978008 0.0661477
0.833061 0.270253
0.0058993 0.910014
0.915989 0.985415
0.353008 0.364288
0.298142 0.793527
0.718393 0.544533
0.390616 0.430293
0.998628 0.641179
0.796858 0.751783
0.530591 0.768742
0.713342 0.488728
0.755133 0.325647
0.783518 0.587256
0.744055 0.722384
0.267487 0.722202
0.78889 0.101064
0.992039 0.795001
0.0109055 0.904404
0.786812 0.366276
0.273394 0.0856135
0.157172 0.989767
0.644227 0.539882
0.424242 0.639682
0.192628 0.224051
0.391986 0.72185
0.990131 0.104689
0.189309 0.745948
0.42904 0.973282
0.328021 0.178743
0.696129 0.59914
0.89638 0.484565
0.702418 0.88773
0.279895 0.713179
0.792038 0.0670611
0.0768908 0.0653359
0.153778 0.23632
0.0551103 0.793032
0.786686 0.477081
0.432944 0.974427
0.700951 0.824757
0.696345 0.689951
0.920381 0.878706
0.442162 0.352167
0.860473 0.771056
0.532565 0.555206
0.370287 0.421949
0.0400232 0.0748621
0.315186 0.317956
0.787995 0.107289
0.386847 0.86495
0.172757 0.538549
0.099995 0.228181
0.332138 0.882116
0.706977 0.764756
0.854869 0.408725
0.591425 0.550653
0.0989377 0.519556
0.439142 0.534197
0.878057 0.297596
0.295266 0.398245
0.852324 0.679605
0.839278 0.892943
0.754236 0.152859
0.212307 0.541956
0.259655 0.598629
0.406853 0.428406
0.138259 0.506179
0.663027 0.473801
0.390658 0.361588
0.23695 0.245706
0.77478 0.825346
0.798889 0.873565
0.347358 0.233774
0.425827 0.195552
0.533829 0.716528
0.664513 0.384787
0.395394 0.466924
0.278441 0.150766
0.620032 0.486281
0.693361 0.882627
0.0897512 0.100763
0.32157 0.216858
0.607277 0.974358
0.698454 0.996001
0.341085 0.933555
0.241028 0.115867
0.788706 0.0465597
0.989143 0.103857
0.286671 0.377617
0.326932 0.809359
0.115398 0.960075
0.19564 0.510618
0.431454 0.470895
0.662332 0.0537962
0.964682 0.355689
0.936274 0.0544548
0.463528 0.234932
0.282291 0.0638838
0.225364 0.980542
0.059605 0.566457
0.913944 0.300764
0.682164 0.671802
0.33975 0.67127
0.7765 0.614479
0.0701152 0.103794
0.416559 0.19185
0.0638786 0.620112
0.699765 0.465105
0.0928944 0.357713
0.548005 0.059078
0.71867 0.47209
0.113962 0.17264
0.733927 0.397546
0.235369 0.960779
0.377919 0.292275
0.511945 0.299801
0.595209 0.211105
0.971505 0.924247
0.882212 0.740622
0.550537 0.950758
0.848924 0.968721
0.136268 0.907745
0.595254 0.833321
0.402207 0.68926
0.192957 0.950378
0.748314 0.908139
0.434808 0.861443
0.0801697 0.170279
0.236853 0.297115
0.131059 0.633179
0.6103 0.656853
0.923477 0.205796
0.869171 0.884838
0.141059 0.748272
0.62717 0.690588
0.69978 0.482761
0.66676 0.835286
0.378655 0.25986
0.668795 0.780453
0.940266 0.879837
0.731117 0.69883
0.769659 0.166425
0.560869 0.849677
0.336256 0.817922
0.167172 0.466759
0.451193 0.77506
0.123401 0.373181
0.982609 0.991929
0.261641 0.122022
0.74153 0.888516
0.812628 0.425028
0.357538 0.47647
0.275797 0.73796
0.742503 0.944693
0.518819 0.693123
0.805604 0.250651
0.393288 0.57532
0.416107 0.953463
0.425826 0.752354
0.770828 0.589644
0.220541 0.224065
0.367596 0.340695
0.622543 0.321678
0.338192 0.858879
0.469015 0.0805337
0.745408 0.282762
0.518849 0.108761
0.762094 0.795715
0.844361 0.503117
0.739231 0.365328
0.19747 0.545825
0.616553 0.586394
0.122876 0.0295317
0.543941 0.548443
0.781692 0.316616
0.14012 0.00203125
0.53827 0.502625
0.346382 0.135626
0.85175 0.685174
0.993459 0.320099
0.764437 0.740605
0.598221 0.288598
0.847599 0.365186
0.0804396 0.692529
0.867022 0.820335
0.0561742 0.0654983
0.367329 0.669517
0.647792 0.469491
0.699178 0.200102
0.0383243 0.481914
0.510617 0.180298
0.483686 0.0511753
0.682732 0.830405
0.185834 0.533537
0.51243 0.181704
0.854126 0.280476
0.923617 0.456302
0.564956 0.767657
0.820615 0.645003
0.460307 0.688539
0.466718 0.514476
0.75459 0.833413
0.183324 0.405732
0.323223 0.886012
0.633273 0.33773
0.367376 0.122371
0.539266 0.851433
0.174497 0.225212
0.680985 0.36274
0.755793 0.197962
0.537591 0.610308
0.481756 0.452528
0.0670107 0.0426814
0.225511 0.887602
0.688043 0.684749
0.576189 0.154527
0.173933 0.307019
0.987546 0.388516
0.738626 0.31171
0.253025 0.334142
0.672687 0.640878
0.462434 0.223156
0.4939 0.643533
0.429161 0.18161
0.00251468 0.189409
0.374451 0.53807
0.800461 0.851266
0.972165 0.89765
0.893708 0.223495
0.753851 0.580051
0.909167 0.331141
0.735954 0.111724
0.661678 0.722578
0.504021 0.396909
0.0338913 0.774836
0.750663 0.705577
0.433171 0.196555
0.923615 0.900904
0.86544 0.351535
0.0872861 0.868164
0.545104 0.456537
0.412018 0.334949
0.30082 0.39368
0.207647 0.207705
0.629436 0.961754
0.787245 0.53767
0.292919 0.522773
0.650112 0.954405
0.24735 0.150273
0.356478 0.279542
0.925019 0.107349
0.987292 0.342393
0.329147 0.90482
0.253541 0.194913
0.233012 0.322115
0.0630383 0.795844
0.802644 0.457988
0.135955 0.114212
0.877064 0.343665
0.320005 0.505804
0.305483 0.108495
0.0454212 0.597732
0.632194 0.694643
0.55213 0.879374
0.849514 0.907867
0.160694 0.770717
0.0159304 0.147995
0.112887 0.343704
0.0523516 0.366425
0.527532 0.316684
0.70781 0.599581
0.104241 0.509833
0.0744948 0.24011
0.6238 0.951613
0.583547 0.943715
0.458442 0.888496
0.0517444 0.503871
0.486168 0.683498
0.198372 0.0424766
0.563053 0.045208
0.947231 0.72369
0.819545 0.959209
0.878901 0.924744
0.307757 0.924587
0.29594 0.847636
0.228179 -0.000814905
0.457108 0.329158
0.5147 0.521712
0.577294 0.138065
0.474008 0.165596
0.0813369 0.934842
0.0496478 0.133109
0.439368 0.533976
0.816823 0.637705
0.584594 0.371638
0.68373 0.499385
0.103841 0.498765
0.483768 0.975629
0.427764 0.79151
0.900932 0.72381
0.63902 0.133424
0.727646 0.0899278
0.48111 0.229643
0.614417 0.0481534
0.378909 0.0912757
0.213233 0.450135
0.0258932 0.258609
0.600996 0.460223
0.793337 0.421078
0.100666 0.366822
0.790402 0.78528
0.89306 0.88979
0.274198 0.356888
0.870601 0.71224
0.164929 0.770028
0.43568 0.80403
0.903181 0.16343
0.893844 0.374278
0.404687 0.50468
0.42182 0.783878
0.599302 0.629342
0.244353 0.624488
0.887859 0.836976
0.0893401 0.684025
0.247875 0.191916
0.052632 0.0384807
0.976681 0.938914
0.932535 0.261418
0.315602 0.802548
0.929944 0.472994
0.578251 0.400647
0.332198 0.494283
0.572354 0.178941
0.85472 0.970275
0.682979 0.274285
0.759207 0.286563
0.902486 0.00536239
0.911722 0.794982
0.849054 0.993433
0.476678 0.0927488
0.191777 0.527779
0.130368 0.169728
0.471022 0.0629293
0.430125 0.786554
0.864713 0.404342
0.247527 0.378013
0.811769 0.55071
0.913892 0.385451
0.729656 0.762867
0.359031 0.410736
0.0348905 0.123173
0.702059 0.937367
0.128523 0.612426
0.729535 0.97162
0.611932 0.207296
0.0628549 0.803931
0.73384 0.192944
0.972643 0.205134
0.259805 0.367056
0.991609 0.119907
0.805565 0.25938
0.557394 0.618689
0.811412 0.457015
0.00367795 0.540186
0.21239 0.345239
0.95633 0.269104
0.488827 0.658129
0.206476 0.617063
0.270955 0.93579
0.589042 0.883272
0.141327 0.651758
0.687338 0.875391
0.844406 0.65989
0.0805582 0.0993829
0.0627304 0.0722375
0.219265 0.868988
0.330958 0.776727
0.486289 0.144426
0.292942 0.503524
0.683587 0.4607
0.857103 0.637763
0.750671 0.347921
0.29631 0.957542
0.962551 0.566147
0.892851 0.552095
0.450512 0.0350425
0.204448 0.138277
0.90999 0.0488051
0.803159 0.987999
0.148181 0.86043
0.0622474 0.366734
0.727663 0.395664
0.145736 0.218979
0.541093 0.386157
0.708032 0.217831
0.873409 0.565394
0.854138 0.624933
0.911816 0.15066
0.582592 0.87538
0.720145 0.482757
0.425705 0.173173
0.51041 0.631957
0.296177 0.407703
0.681011 0.104113
0.411022 0.829256
0.930987 0.467395
0.196809 0.693645
0.867079 0.341539
0.91188 0.403188
0.732558 0.617787
0.619494 0.604475
0.191088 0.469797
0.231754 0.0976543
0.623812 0.814223
0.972817 0.341639
0.278324 0.386643
0.510022 0.800693
0.0330491 0.816244
0.221236 0.714023
0.92132 0.63204
0.543406 0.884549
0.106011 0.740099
0.578385 0.97351
0.080969 0.489369
0.376077 0.813772
0.109053 0.995014
0.424027 0.287168
0.468146 0.65175
0.391826 0.0924419
0.471044 0.357521
0.433609 0.756769
0.766349 0.944162
0.557538 0.798566
0.759881 0.778559
0.512785 0.679897
0.410875 0.0567195
0.564392 0.516312
0.796128 0.143214
0.490436 0.877292
0.632447 0.866433
0.690896 0.740803
0.861487 0.111609
0.0358053 0.329531
0.75846 0.430038
0.43616 0.205913
0.793457 0.855382
0.986162 0.55731
0.798107 0.543695
0.357598 0.556714
0.323276 0.870097
0.238939 0.734101
0.926925 0.808349
0.251085 0.722582
0.947241 0.741306
0.602011 0.575805
0.605407 0.290339
0.315477 0.460825
0.405877 0.351501
0.799097 0.166622
0.784068 0.221459
0.397393 0.576455
0.0753382 0.383284
0.135915 0.875301
0.929305 0.492592
0.441083 0.232705
0.363358 0.672721
0.985807 0.289578
0.487932 0.225251
0.0114323 0.423442
0.980051 0.608676
0.00211594 0.586439
0.903091 0.322689
0.0560416 0.305751
0.678985 0.855129
0.475567 0.458856
0.0761654 0.868845
0.0407445 0.152527
0.252362 0.176598
0.0279268 0.181133
0.674816 0.476571
0.432816 0.0336068
0.133421 0.418568
0.323205 0.61019
0.643641 0.348826
0.034838 0.634057
0.947033 0.0369148
0.220451 0.850202
0.359518 0.274831
0.15617 0.0382599
0.13159 0.628002
0.498518 0.212327
0.497841 0.539568
0.360203 0.749614
0.717034 0.390757
0.931296 0.389189
0.849782 0.364575
0.421573 0.985014
0.782079 0.743907
0.616925 0.437271
0.0790926 0.631466
0.0719763 0.0260769
0.664636 0.296104
0.8763 0.0277734
0.568714 0.0324188
0.0660445 0.700344
0.664763 0.556636
0.907925 0.157371
0.110351 0.26861
0.905957 0.830745
0.656351 0.837585
0.217334 0.505566
0.201287 0.638415
0.491275 0.983501
0.382724 0.088254
0.421288 0.458845
0.724799 0.467982
0.49081 0.38136
0.785568 0.366957
0.419633 0.348887
0.395896 0.477951
0.0550159 0.0569268
0.0491831 0.963055
0.214258 0.159864
0.23129 0.121281
0.95335 0.92187
0.958709 0.204764
0.391824 0.160566
0.844803 0.885351
0.144858 0.228085
0.972296 0.563926
0.68837 0.691337
0.0585666 0.176349
0.080201 0.844214
0.541924 0.492831
0.198877 0.937241
0.977205 0.253893
0.994175 0.0265634
0.21741 0.20968
0.186823 0.445483
0.328542 0.174742
0.335773 0.286258
0.377888 0.729674
0.464197 0.199819
0.617564 0.588163
0.447888 0.586332
0.156654 0.136234
0.28082 0.213592
0.308108 0.35397
0.0591702 0.853019
0.855819 0.258305
0.790536 0.8335
0.511947 0.784405
0.861261 0.729293
0.992782 0.0455961
0.187027 0.32667
0.218845 0.51231
0.612636 0.593119
0.242709 0.0589384
0.818527 0.857357
0.647634 0.269586
0.445252 0.806882
0.401625 0.725459
0.0218448 0.713976
0.085925 0.0810011
0.56702 0.942074
0.338718 0.353221
0.776095 0.851125
0.141755 0.635533
0.579635 0.134922
0.681184 0.756524
0.456723 0.899864
0.269979 0.0674049
0.497471 0.50955
0.126416 0.313558
0.37006 0.776085
0.579984 0.815213
0.582986 0.981552
0.540753 0.604621
0.695939 0.624518
0.682976 0.264894
0.568746 0.0250477
0.648192 0.319331
0.877839 0.762056
0.933479 0.444488
0.896064 0.661092
0.184632 0.332624
0.563818 0.479908
0.419879 0.0581284
0.992956 0.542823
0.373027 0.360579
0.321755 0.951875
0.180703 0.904731
0.933814 0.721534
0.509461 0.628669
0.345833 0.199484
0.898607 0.911275
0.220432 0.510749
0.26161 0.0964428
0.275401 0.239176
0.551844 0.169565
0.904978 0.766617
0.526019 0.459115
0.247318 0.941419
0.519477 0.246283
0.487089 0.89343
0.608055 0.808746
0.845943 0.787961
0.713555 0.778535
0.511129 0.226084
0.407786 0.858447
0.422389 0.29229
0.775211 0.638054
0.810882 0.0370011
0.734939 0.0838621
0.274971 0.279038
0.252101 0.181317
0.0514422 0.774052
0.641859 0.305399
0.715226 0.167122
0.539978 0.204492
0.0603299 0.149465
0.0113954 0.905521
0.938534 0.724935
0.691377 0.457267
0.948039 0.0920924
0.297308 0.355441
0.391302 0.0826729
0.0054306 0.20215
0.119282 0.740305
0.275554 0.383209
0.0271268 0.538339
0.578777 0.0788437
0.32117 0.211982
0.377388 0.027962
0.391109 0.918718
0.2315 0.433158
0.0683514 0.241634
0.356971 0.00635985
0.966744 0.0411511
0.454683 0.914827
0.133228 0.761504
0.281725 0.523089
0.843571 0.287112
0.72692 0.963108
0.0270999 0.01264
0.36085 0.0543304
0.550947 0.939942
0.132798 0.863275
0.164535 0.50941
0.890602 0.555
0.428701 0.122209
0.00666341 0.497171
0.364382 0.358597
0.514066 0.318205
0.404684 0.957956
0.244934 0.537419
0.718777 0.507526
0.0625328 0.563309
0.813253 0.789051
0.526426 0.840184
0.803198 0.887235
0.894306 0.35315
0.827306 0.0272195
0.21617 0.991566
0.536211 0.108723
0.546984 0.966161
0.228819 0.553256
0.463332 0.590807
0.926052 0.956802
0.922026 0.322006
0.924278 0.167008
0.859783 0.643801
0.693322 0.922359
0.207343 0.505443
0.711476 0.733078
0.346346 0.511385
0.619869 0.245328
0.867673 0.448357
0.268287 0.0829984
0.439719 0.805498
0.189967 0.986687
0.768089 0.421125
0.539164 0.237816
0.0104581 0.457916
0.201304 0.932874
0.779352 0.125895
0.0998592 0.639305
0.769593 0.792918
0.561678 0.976712
0.298921 0.270554
0.710133 0.644082
0.78657 0.333403
0.886816 0.653213
0.77916 0.155177
0.735741 0.219485
0.964116 0.916812
0.205787 0.731988
0.344873 0.746112
0.96693 0.355681
0.203963 0.169239
0.288551 0.983286
0.278393 0.375883
0.62251 0.0636818
0.181596 0.185372
0.0401671 0.480771
0.457628 0.750556
0.127635 0.245917
0.0817654 0.0132042
0.895469 0.859994
0.168199 0.633953
0.0802729 0.12852
0.547915 0.294856
0.864838 0.902764
0.0320981 0.827532
0.262395 0.235236
0.993743 0.546517
0.206517 0.26167
0.933952 0.854888
0.352805 0.119495
0.0252208 0.393722
0.597976 0.4807
0.144081 0.726321
0.727981 0.226431
0.739407 0.624738
0.086996 0.907659
0.260465 0.167216
0.0361668 0.82091
0.453162 0.896749
0.729783 0.472033
0.724675 0.987022
0.720954 0.719586
0.536494 0.940218
0.00966056 0.474542
0.781719 0.365752
0.593473 0.807961
0.756227 0.193696
0.291754 0.900646
0.919635 0.0200323
0.126578 0.659098
0.644689 0.215139
0.566865 0.906906
0.381444 0.602358
0.728004 0.8338
0.504133 0.448431
0.327797 0.211682
0.441011 0.040788
0.946627 0.974255
0.980358 0.951089
0.451757 0.762461
0.316741 0.0451751
0.570269 0.07383
0.238489 0.862286
0.974103 0.158127
0.882289 0.100709
0.816603 0.527661
0.302612 0.372812
0.435604 0.69477
0.987065 0.163464
0.530994 0.483037
0.617481 0.847778
0.710933 0.0585196
0.888171 0.654808
0.0359111 0.868544
0.605892 0.485793
0.631061 0.925951
0.531453 0.202871
0.999137 0.771567
0.0638403 0.973682
0.940401 0.93434
0.0743835 0.746762
0.477514 0.382506
0.130893 0.910463
0.0835172 0.118038
0.0739514 0.612219
0.605237 0.690542
0.467329 0.306364
0.749301 0.349958
0.970602 0.786197
0.216685 0.579504
0.273368 0.84772
0.505896 0.806214
0.0492754 0.505438
0.57721 0.113522
0.479785 0.504957
0.0592783 0.553472
0.253927 0.533645
0.942377 0.385059
0.444448 0.025998
0.503732 0.515613
0.637617 0.107862
0.209944 0.0980209
0.423554 0.959673
0.448678 0.390287
0.745073 0.661467
0.974451 0.0187768
0.513781 0.475114
0.824419 0.558894
0.986319 0.402397
0.67663 0.473955
0.91026 0.732702
0.018382 0.163459
0.266188 0.960313
0.54816 0.710679
0.985812 0.0509305
0.22936 0.623171
0.158825 0.438133
0.720331 0.577299
0.397017 0.16739
0.976524 0.144238
0.833228 0.946118
0.164304 0.340143
0.431374 0.987947
0.9011 0.417625
0.390977 0.572042
0.881777 0.300393
0.304965 0.90018
0.463877 0.569709
0.860509 0.0117187
0.281929 0.846314
0.0626116 0.511236
0.476593 0.211549
0.950348 0.191235
0.802936 0.351606
0.358551 0.779873
0.488195 0.196081
0.730676 0.65498
0.528505 0.165054
0.666956 0.440704
0.579292 0.0350783
0.00170342 0.461688
0.335254 0.304892
0.361454 0.7986
0.877819 0.222112
0.810159 0.160231
0.0682686 0.872929
0.673187 0.519959
0.0941279 0.621663
0.729459 0.897378
0.970884 0.0879374
0.68021 0.473852
0.282272 0.370219
0.120873 0.805481
0.570513 0.765108
0.234594 0.149974
0.799627 0.237194
0.610943 0.135367
0.543594 0.97252
0.93635 0.422602
0.194517 0.744014
0.57488 0.267637
0.61639 0.258512
0.800565 0.710722
0.874426 0.529708
0.608566 0.845578
0.611564 0.296846
0.31008 0.894649
0.694138 0.436706
0.696989 0.267283
0.196182 0.934738
0.414202 0.996336
0.17246 0.0265731
0.131524 0.714926
0.997804 0.0653737
0.137425 0.193573
0.809125 0.718005
0.458209 0.422816
0.971321 0.25599
0.137638 0.846177
0.786032 0.745861
0.689471 0.409299
0.0319057 0.0019471
0.299086 0.725801
0.43288 0.999195
0.989197 0.628646
0.934813 0.405073
0.62526 0.105453
0.429703 0.756903
0.821908 0.437833
0.825462 0.952653
0.619858 0.629614
0.675203 0.0750568
0.0581896 0.646709
0.349728 0.184116
0.491978 0.120391
0.941868 0.184778
0.521599 0.973839
0.186683 0.820624
0.700043 0.617158
0.819707 0.689697
0.248606 0.753735
0.0943716 0.873974
0.858676 0.52309
0.631006 0.678167
0.955567 0.454638
0.639157 0.564384
0.085151 0.310511
0.646355 0.143203
0.96016 0.976195
0.335692 0.442453
0.0945472 0.280068
0.636209 0.614424
0.25454 0.822395
0.436761 0.95426
0.449097 0.238098
0.644365 0.689579
0.0103743 0.738579
0.564529 0.869412
0.262484 0.195203
0.54805 0.215775
0.647924 0.185935
0.785478 0.732983
0.500915 0.426585
0.877325 0.454744
0.432756 0.186796
0.905455 0.503467
0.496599 0.538419
0.120108 0.750202
0.36384 0.554722
0.704486 0.805174
0.813264 0.350609
0.49591 0.823818
0.0872731 0.060399
0.691957 0.352419
0.257819 0.241633
0.564186 0.904327
0.431584 0.343462
0.637709 0.923022
0.779649 0.513519
0.374411 0.190627
0.726693 0.284042
0.695029 0.226338
0.823576 0.815097
0.974693 0.187092
0.37246 0.678922
0.992405 0.185837
0.0278253 0.488472
0.00970036 0.115156
0.548792 0.702825
0.465042 0.804611
0.944903 0.0292057
0.708102 0.373549
0.382003 0.341432
0.295713 0.160873
0.860593 0.672013
0.353685 0.587835
0.95471 0.0479636
0.814059 0.77821
0.864314 0.788592
0.965386 0.235868
0.46792 0.957918
0.421993 0.492389
0.447872 0.429352
0.610924 0.995068
0.134342 0.0761137
0.799653 0.0793206
0.105186 0.508636
0.452277 0.48115
0.857001 0.74595
0.645269 0.715047
0.417724 0.997821
0.29489 0.360484
0.0458213 0.11922
0.15081 0.909253
0.907847 0.116333
0.143004 0.373899
0.0742176 0.566861
0.871271 0.519877
0.956468 0.472111
0.514581 0.13518
0.538514 0.329464
0.211874 0.663443
0.823919 0.662462
0.148023 0.679089
0.408327 0.793209
0.395038 0.826032
0.790725 0.699806
0.198467 0.836795
0.819249 0.351155
0.745888 0.726917
0.465562 0.891194
0.10318 0.539731
0.458068 0.974753
0.0601264 0.456427
0.457452 0.574457
0.588811 0.0159203
0.891559 0.802024
0.679449 0.71418
0.463339 0.827357
0.39429 0.871659
0.620604 0.789232
0.695901 0.416655
0.4896 0.89616
0.229243 0.290538
0.245444 0.994475
0.0364065 0.711004
0.885594 0.139592
0.228358 0.323587
0.114895 0.310041
0.799661 0.571018
0.887095 0.389606
0.58748 0.777867
0.199189 0.274229
0.492996 0.652563
0.0942045 0.887366
0.524566 0.714654
0.675963 0.223514
0.127067 0.167231
0.116442 0.373378
0.479935 0.356437
0.369159 0.509171
0.0749448 0.254717
0.638424 0.333031
0.598779 0.765443
0.669298 0.405444
0.337477 0.521826
0.787711 0.924626
0.301592 0.977207
0.191474 0.794644
0.625867 0.295636
0.681932 0.155312
0.000108701 0.35841
0.376484 0.127215
0.526534 0.491744
0.501579 0.000451487
0.859081 0.869772
0.51213 0.934121
0.126503 0.16437
0.259828 0.724465
0.93276 0.882285
0.12375 0.267096
0.420066 0.910876
0.190909 0.721537
0.888192 0.382938
0.517243 0.515004
0.667024 0.199797
0.672962 0.667158
0.556977 0.0500101
0.795223 0.0822515
0.524953 0.308015
0.0812 0.404049
0.167857 0.594264
0.33867 0.29174
0.757108 0.596599
0.0181212 0.687081
0.493563 0.144765
0.952436 0.908249
0.052318 0.144251
0.636642 0.940314
0.525679 0.155734
0.446075 0.20814
0.35081 0.131826
0.867785 0.905593
0.181315 0.658025
0.990143 0.726687
0.95507 0.0730842
0.130757 0.12324
0.669579 0.473067
0.416089 0.422308
0.0673468 0.434595
0.112846 0.562775
0.575703 0.0664091
0.477698 0.627692
0.210375 0.11468
0.568544 0.736778
0.266886 0.0270788
0.932858 0.618716
0.158395 0.794395
0.535456 0.329809
0.453236 0.515448
0.0648814 0.407712
0.590685 0.197726
0.520918 0.263358
0.666469 0.947076
0.683919 0.733642
0.38166 0.796919
0.29714 0.957579
0.864552 0.77499
0.585531 0.0737197
0.889139 0.154267
0.810239 0.156748
0.18118 0.741771
0.774848 0.341828
0.522039 0.311951
0.679388 0.989004
0.819547 0.744724
0.395855 0.406419
0.957146 0.906329
0.668864 0.606897
0.874241 0.353492
0.343453 0.253818
0.149863 0.639828
0.213107 0.0154816
0.414867 0.799454
0.0867331 0.303354
0.93214 0.90652
0.459319 0.136912
0.637118 0.238936
0.46709 0.184213
0.537389 0.154967
0.168028 0.357533
0.898071 0.560334
0.76861 0.840814
0.492728 0.43153
0.454022 0.356146
0.789936 0.791883
0.61879 0.939666
0.431992 0.832482
0.943818 0.865597
0.631882 0.03907
0.151018 0.585447
0.93647 0.611634
0.718851 0.56825
0.847387 0.194991
0.747974 0.387437
0.348244 0.913228
0.743037 0.247418
0.474623 0.509648
0.0875879 0.962037
0.947283 0.536661
0.324653 0.738625
0.328808 0.94339
0.678395 0.760382
0.775658 0.630104
0.658125 0.433954
0.669864 0.758218
0.968783 0.616341
0.370336 0.713813
0.181186 0.220842
0.917908 0.919474
0.602116 0.261512
0.841791 0.348041
0.515901 0.303667
0.858447 0.590973
0.278329 0.807532
0.128101 0.602881
0.55178 0.452892
0.545679 0.226372
0.192757 0.296736
0.854518 0.824521
0.727867 0.510845
0.584113 0.723202
0.130792 0.954312
0.443042 0.301504
0.174083 0.344911
0.23976 0.775717
0.602519 0.0822447
0.122724 0.10658
0.398419 0.981522
0.697769 0.67549
0.789274 0.825807
0.257737 0.320129
0.282704 0.826068
0.560525 0.498861
0.146257 0.414431
0.325734 0.878368
0.947026 0.894032
0.60165 0.0714095
0.864045 0.0391645
0.381984 0.0364023
0.38551 0.62118
0.817318 0.984266
0.703913 0.934801
0.0942128 0.102221
0.917475 0.795482
0.778695 0.704859
0.617667 0.0588289
0.0405683 0.900458
0.884378 0.600372
0.400924 0.0335105
0.0156047 0.726585
0.921579 0.946035
0.638181 0.502222
0.0274006 0.500415
0.558209 0.404511
0.536593 0.937464
0.0307549 0.348394
0.925845 0.735111
0.282859 0.0194482
0.836912 0.199861
0.811206 0.615729
0.906196 0.429684
0.674859 0.945432
0.329902 0.558447
0.545831 0.730362
0.594259 0.559186
0.457919 0.501493
0.516698 0.0948477
0.0173522 0.544989
0.59571 0.567156
0.954236 0.130296
0.507288 0.985378
0.483004 0.42722
0.720098 0.761756
0.45258 0.555851
0.961539 0.26338
0.173572 0.866555
0.692678 0.848297
0.812115 0.0221049
0.41153 0.352612
0.793498 0.0021013
0.919102 0.209764
0.509446 0.431151
0.303294 0.521176
0.939471 0.932305
0.0917762 0.936002
0.0270549 0.599068
0.921583 0.505287
0.0316116 0.641719
0.314678 0.49937
0.200706 0.231781
0.745533 0.374533
0.0958376 0.439057
0.221113 0.908236
0.46165 0.628597
0.266604 0.213852
0.629191 0.185849
0.425666 0.136057
0.622005 0.726663
0.656611 0.601775
0.623893 0.747632
0.539561 0.650791
0.344638 0.455694
0.153761 0.378257
0.101745 0.424085
0.862118 0.302204
0.654786 0.607422
0.674654 0.750261
0.04882 0.895798
0.657988 0.492007
0.524878 0.924987
0.724754 0.154817
0.110617 0.150047
0.288807 0.732198
0.884891 0.940118
0.3349 0.498149
0.693177 0.875575
0.151324 0.0400474
0.33684 0.305965
0.418527 0.436107
0.730862 0.282283
0.739732 0.389147
0.891155 0.416672
0.138075 0.939188
0.311894 0.79704
0.449759 0.836751
0.721654 0.175144
0.976605 0.841877
0.323578 0.27814
0.563841 0.201121
0.225079 0.90048
0.700385 0.918214
0.776556 0.851572
0.958274 0.112759
0.156454 0.376813
0.552218 0.892287
0.654155 0.298928
0.27987 0.54771
0.709295 0.42271
0.487861 0.0218028
0.214763 0.937642
0.865876 0.934081
0.112367 0.849601
0.762152 0.438444
0.129875 0.333055
0.663371 0.33873
0.208468 0.315338
0.271733 0.0100498
0.189515 0.234143
0.122942 0.346459
0.608681 0.674123
0.241299 0.264373
0.962594 0.516375
0.815334 0.678237
0.936973 0.303374
0.699904 0.152084
0.241002 0.558025
0.0876126 0.351661
0.408076 0.85777
0.788702 0.536758
0.187712 0.421552
0.89337 0.426145
0.761968 0.165732
0.435906 0.950129
0.396864 0.557883
0.296986 0.00513635
0.234142 0.53675
0.271897 0.202305
0.0565585 0.0872391
0.886287 0.985877
0.391636 0.580901
0.145487 0.631439
0.141199 0.235651
0.982917 0.546333
0.0918483 0.774421
0.0858649 0.28266
0.200156 0.978185
0.709032 0.962454
0.143604 0.145171
0.912116 0.539798
0.703 0.211538
0.545111 0.937816
0.747339 0.816915
0.140739 0.803716
0.904104 0.0221108
0.796951 0.296028
0.603631 0.942762
0.926949 0.743757
0.176851 0.911133
0.293826 0.263374
0.683455 0.381487
0.552023 0.885698
0.355875 0.258962
0.847384 0.4979
0.405842 0.760575
0.0391558 0.109631
0.968959 0.582812
0.0474445 0.717804
0.398431 0.18848
0.534259 0.293798
0.183759 0.292691
0.59986 0.813769
0.261914 0.525606
0.563518 0.434032
0.437199 0.848997
0.707056 0.123016
0.230254 0.260868
0.00848844 0.581886
0.520244 0.856544
0.0808879 0.92606
0.616928 0.120155
0.0356829 0.587742
0.704195 0.0831887
0.306039 0.105808
0.271262 0.827084
0.410585 0.478156
0.147438 0.0108182
0.283375 0.394639
0.536373 0.852791
0.851215 0.966846
0.704656 0.536805
0.096305 0.928145
0.81269 0.104918
0.520041 0.321871
0.95989 0.589064
0.259089 0.578008
0.708639 0.296692
0.164174 0.413055
0.376305 0.467796
0.520277 0.648831
0.298804 0.930836
0.130964 0.444661
0.944122 0.426869
0.852289 0.476626
0.278864 0.698706
0.451029 0.980607
0.25227 0.546884
0.908748 0.0649832
0.677318 0.430985
0.398505 0.61301
0.0096682 0.656967
0.191936 0.720406
0.951625 0.358196
0.135983 0.328971
0.829775 0.65583
0.978425 0.128617
0.586505 0.10945
0.57333 0.527312
0.540652 0.421306
0.0054515 0.813875
0.124829 0.456052
0.794654 0.380568
0.00380033 0.703245
0.441852 0.655553
0.122017 0.839811
0.269321 0.131752
0.501021 0.455548
0.852785 0.448133
0.824929 0.983559
0.777539 0.648351
0.643838 0.756038
0.777283 0.231155
0.865234 0.351837
0.757649 0.401722
0.776894 0.763905
0.214465 0.901665
0.218596 0.00981517
0.280007 0.223044
0.712069 0.719919
0.87876 0.833756
0.560013 0.150248
0.965851 0.0571015
0.610831 0.817964
0.510413 0.424555
0.805242 0.284254
0.0789414 0.449553
0.0398589 0.856865
0.680503 0.905378
0.206311 0.430217
0.30596 0.984964
0.203291 0.519524
0.887334 0.424191
0.528874 0.16787
0.647129 0.243968
0.885438 0.527978
0.075483 0.445847
0.677987 0.0417459
0.517678 0.275034
0.859727 0.00855309
0.718673 0.663965
0.291993 0.798096
0.11554 0.330826
0.655011 0.795412
0.237222 0.862919
0.23482 0.542742
0.849872 0.43797
0.0636116 0.73452
0.8614 0.592695
0.899771 0.509386
0.835151 0.784527
0.038335 0.910358
0.231354 0.716284
0.952534 0.734017
0.00519183 0.811726
0.742715 0.723679
0.477346 0.0352028
0.522208 0.592292
0.360772 0.177761
0.388996 0.603343
0.0401228 0.623094
0.147138 0.887978
0.0611329 0.210678
0.622552 0.922764
0.802571 0.521206
0.432573 0.638014
0.322431 0.469343
0.548759 0.538566
0.18769 0.498767
0.273061 0.192083
0.312057 0.0161343
0.918059 0.79332
0.0504929 0.439171
0.38102 0.413258
0.616162 0.770482
0.0217163 0.656158
0.391384 0.169128
0.549929 0.450707
0.377159 0.167049
0.373827 0.182396
0.688882 0.810042
0.82753 0.992027
0.269714 0.354149
0.539262 0.464573
0.870743 0.808491
0.660792 0.18439
0.824353 0.577139
0.951503 0.90555
0.0164341 0.355245
0.294307 0.632125
0.126613 0.314442
0.289408 0.518332
0.484049 0.833111
0.954218 0.891651
0.999756 0.352017
0.0469431 0.688631
0.162321 0.868536
0.687599 0.452286
0.239345 0.221345
0.912155 0.109805
0.0291516 0.573403
0.293105 0.853909
0.151698 0.269481
0.729411 0.16839
0.621487 0.023353
0.800609 0.747253
0.338371 0.0897929
0.267351 0.822467
0.922748 0.241931
0.686198 0.922686
0.59406 0.732793
0.611389 0.756071
0.606015 0.280316
0.199858 0.840367
0.51593 0.114104
0.948726 0.545672
0.683894 0.245356
0.399948 0.83667
0.508495 0.132629
0.00472379 0.130997
0.152871 0.805456
0.878534 0.490838
0.895195 0.145973
0.313744 0.818206
0.387811 0.99984
0.741474 0.981521
0.732132 0.353473
0.737422 0.335736
0.648621 0.937915
0.174949 0.166521
0.0500336 0.124966
0.711328 0.734896
0.367691 0.111772
0.572088 0.877565
0.241157 0.57633
0.0077428 0.394107
0.382252 0.88712
0.884941 0.277759
0.033083 0.198943
0.0947043 0.420167
0.198807 0.836622
0.402615 0.931665
0.188834 0.14147
0.266087 0.837385
0.0781406 0.440738
0.00290779 0.128589
0.565854 0.714269
0.871662 0.930566
0.826557 0.427799
0.811551 0.0669982
0.0127782 0.820151
0.463819 0.390042
0.705143 0.347323
0.672552 0.739745
0.545127 0.768224
0.161161 0.743844
0.607386 0.560385
0.675592 0.793425
0.704481 0.941708
0.6312 0.782899
0.38284 0.633522
0.921353 0.938677
0.348396 0.775529
0.882242 0.174328
0.211667 0.6938
0.241863 0.224976
0.514053 0.701951
0.617878 0.225395
0.0483321 0.291865
0.960056 0.590904
0.0603408 0.122879
0.337188 0.665166
0.686536 0.0127881
0.462052 0.385643
0.95431 0.0901904
0.175068 0.336024
0.724207 0.085786
0.285287 0.0728016
0.861032 0.167756
0.246971 0.0730427
0.861467 0.487571
0.286546 0.359515
0.19009 0.916455
0.595734 0.242786
0.208462 0.558252
0.831094 0.269055
0.681458 0.169583
0.93402 0.368621
0.177691 0.386259
0.75912 0.136145
0.483118 0.933325
0.463284 0.219281
0.0189764 0.757923
0.2799 0.880151
0.924983 0.526239
0.952436 0.788864
0.014874 0.249944
0.164358 0.207007
0.166478 0.759856
0.446916 0.369718
0.318681 0.272876
0.643444 0.000474776
0.443499 0.576015
0.369026 0.624059
0.970314 0.127871
0.755818 0.458217
0.0613417 0.23317
0.660738 0.080317
0.991529 0.938599
0.955732 0.915711
0.467453 0.913207
0.707612 0.471884
0.163196 0.866644
0.679364 0.33452
0.626432 0.130326
0.704515 0.945346
0.408466 0.342824
0.936849 0.864701
0.925385 0.314263
0.472989 0.895852
0.453752 0.214418
0.348906 0.500773
0.466582 0.0105755
0.593081 0.451097
0.949466 0.543332
0.372738 0.413321
0.457596 0.079308
0.901427 0.619461
0.943688 0.586662
0.948292 0.570456
0.717572 0.652645
0.516043 0.125
0.00196804 0.462897
0.966546 0.927126
0.769657 0.445441
0.823112 0.219088
0.677183 0.173867
0.721795 0.144387
0.196441 0.308609
0.601778 0.134258
0.854228 0.969787
0.53127 0.32183
0.0547095 0.453021
0.926845 0.995165
0.0404673 0.87595
0.571586 0.758115
0.529608 0.0897761
0.880573 0.531969
0.550906 0.85168
0.466894 0.318737
0.293756 0.279409
0.546307 0.972856
0.461474 0.253356
0.117037 0.639752
0.573686 0.718816
0.769244 0.425408
0.68994 0.328855
0.728591 0.749939
0.778509 0.654314
0.750441 0.819547
0.545077 0.308156
0.577533 0.0613544
0.410028 0.455156
0.593603 0.961053
0.310133 0.0537216
0.288716 0.605221
0.337517 0.834936
0.578792 0.794076
0.103236 0.695684
0.43405 0.676655
0.430562 0.181308
0.0996169 0.110078
0.534006 0.8284
0.860345 0.313275
0.483267 0.610167
0.132979 0.0141163
0.932652 0.710264
0.0743098 0.341143
0.16893 0.668866
0.31779 0.477097
0.722433 0.588869
0.0849925 0.0603083
0.427459 0.663497
0.854169 0.529717
0.35993 0.286937
0.207453 0.773975
0.510073 0.293602
0.884148 0.0304316
0.135499 0.74459
0.34404 0.617189
0.353027 0.471674
0.628931 0.296865
0.18626 0.708513
0.660667 0.335329
0.377727 0.934443
0.834063 0.100591
0.526927 0.919064
0.160854 0.954309
0.582726 0.0155312
0.484928 0.942185
0.304022 0.692268
0.716285 0.800192
0.961305 0.617194
0.830685 0.135067
0.326916 0.188102
0.753513 0.699741
0.679934 0.388089
0.975845 0.853379
0.0957655 0.618789
0.196666 0.469619
0.553189 0.0256101
0.573696 0.080455
0.94509 0.734701
0.0344793 0.527359
0.747789 0.511607
0.469572 0.0546564
0.211903 0.18704
0.854282 0.211536
0.785845 0.68494
0.346045 0.132015
0.859692 0.100079
0.83068 0.508283
0.487109 0.819596
0.347428 0.581159
0.439166 0.535894
0.0563017 0.991672
0.563008 0.630159
0.0718445 0.507608
0.364771 0.106618
0.034979 0.115404
0.626056 0.496862
0.169587 0.837491
0.690174 0.0242693
0.0486763 0.476425
0.707785 0.398187
0.610131 0.565752
0.499717 0.4332
0.0793174 0.982093
0.258024 0.391417
0.564975 0.696737
0.964814 0.618277
0.689431 0.504813
0.251525 0.760358
0.0339643 0.616675
0.866688 0.0688978
0.73815 0.474303
0.573352 0.901595
0.329995 0.260807
0.926144 0.379183
0.739713 0.634028
0.773226 0.349668
0.216029 0.281867
0.785272 0.285438
0.250425 0.0448757
0.709888 0.815493
0.741114 0.671993
0.437307 0.427928
0.199481 0.688243
0.192187 0.235966
0.304961 0.0572545
0.301896 0.0371364
0.549625 0.875488
0.915488 0.891075
0.13905 0.864555
0.258216 0.878933
0.500034 0.0319347
0.226331 0.704806
0.299999 0.0125243
0.987459 0.549331
0.0571206 0.698881
0.366807 0.798631
0.371921 0.803688
0.228746 0.570887
0.496647 0.413567
0.804701 0.796916
0.476625 0.108606
0.834339 0.02598
0.981878 0.773491
0.905471 0.121394
0.637581 0.164108
0.00032191 0.137681
0.197005 0.228927
0.84115 0.493985
0.238998 0.83163
0.0473413 0.296027
0.536243 0.408635
0.0947522 0.902436
0.192274 0.298287
0.473736 0.709615
0.740664 0.27917
0.508281 0.222034
0.388497 0.336061
0.224917 0.34641
0.114838 0.15149
0.488759 0.751834
0.310073 0.485615
0.889568 0.509383
0.715364 0.731653
0.00588338 0.954547
0.563655 0.0532643
0.250698 0.0945384
0.473459 0.336923
0.996799 0.684896
0.67018 0.472147
0.393521 0.40747
0.748968 0.901564
0.630424 0.134097
0.242911 0.875545
0.507132 0.349446
0.0260743 0.990059
0.109066 0.339109
0.479082 0.998816
0.850025 0.194832
0.731165 0.856043
0.153249 0.298424
0.909933 0.400431
0.389962 0.371205
0.743568 0.387703
0.0600452 0.414226
0.857498 0.455412
0.825301 0.604574
0.355246 0.451594
0.737801 0.597504
0.334761 0.234067
0.957376 0.357864
0.230622 0.0670681
0.698169 0.708681
0.0654596 0.548334
0.904913 0.798714
0.404401 0.0537216
0.0915841 0.312635
0.454579 0.477043
0.689082 0.199791
0.868059 0.751218
0.612553 0.721863
0.204576 0.429684
0.328049 0.562673
0.89425 0.0667535
0.165474 0.229142
0.307788 0.1214
0.58393 0.536589
0.194899 0.289076
0.249993 0.252499
0.830079 0.151414
0.0498527 0.23461
0.204707 0.141429
0.548167 0.657562
0.620219 0.24227
0.85607 0.486843
0.947814 0.459369
0.210065 0.196668
0.906257 0.537308
0.75901 0.800901
0.604445 0.92272
0.0268951 0.911553
0.0439761 0.610692
0.463333 0.211342
0.892771 0.696246
0.485088 0.722712
0.847197 0.533898
0.957513 0.0522461
0.673486 0.485406
0.70766 0.299296
0.743177 0.56294
0.78434 0.732219
0.0346023 0.994549
0.938881 0.929771
0.532192 0.686612
0.741975 0.136941
0.609577 0.768865
0.0481789 0.653421
0.379065 0.493921
0.884934 0.272513
0.161401 0.366127
0.995194 0.0413289
0.914915 0.943618
0.0935317 0.580928
0.458451 0.803468
0.877873 0.202298
0.369585 0.662274
0.935593 0.40475
0.657249 0.862486
0.341327 0.194685
0.548726 0.0881399
0.323598 0.161521
0.856622 0.375019
0.81162 0.236868
0.871697 0.697379
0.508766 0.0655674
0.0676792 0.5038
0.106374 0.972824
0.445319 0.211189
0.553803 0.91494
0.00262614 0.432211
0.115178 0.371437
0.0944725 0.0518543
0.776809 0.751351
0.914359 0.12245
0.947507 0.464906
0.218672 0.278681
0.622295 0.0666049
0.661818 0.447218
0.303404 0.51171
0.131984 0.8113
0.577242 0.200252
0.315153 0.683881
0.172509 0.771559
0.884835 0.726294
0.686691 0.887234
0.158096 0.803689
0.263161 0.25143
0.855624 0.0371426
0.0041648 0.770024
0.159514 0.945165
0.212751 0.348237
0.212135 0.856131
0.435854 0.85322
0.290748 0.738518
0.36321 0.416552
0.549909 0.943357
0.622364 0.864927
0.627417 0.794669
0.638009 0.499845
0.535858 0.308806
0.398512 0.679002
0.127024 0.658547
0.934086 0.977645
0.695843 0.935822
0.752906 0.855326
0.886807 0.978776
0.224683 0.093272
0.842415 0.660503
0.946226 0.133183
0.403109 0.306401
0.555851 0.94897
0.255161 0.178116
0.815286 0.882846
0.939724 0.441308
0.393695 0.490545
0.773896 0.792515
0.173009 0.900803
0.451514 0.105562
0.883253 0.147066
0.0404372 0.635967
0.00226436 0.921356
0.620694 0.230949
0.0142228 0.464922
0.897666 0.954226
0.595747 0.286508
0.272845 0.153906
0.23568 0.527772
0.331707 0.0495409
0.415245 0.298545
0.500213 0.805166
0.797879 0.27497
0.597791 0.971648
0.173811 0.0510655
0.076311 0.0582329
0.19605 0.117238
0.693557 0.199613
0.037974 0.316267
0.425243 0.0531007
0.780698 0.314467
0.0124578 0.379086
0.596307 0.28772
0.532709 0.834835
0.81516 0.86451
0.884118 0.225586
0.165575 0.383819
0.0306026 0.967926
0.658891 0.626798
0.936146 0.845038
0.677329 0.0159923
0.891806 0.870204
0.132649 0.585955
0.0718833 0.170677
0.902731 0.496334
0.223296 0.683468
0.809006 0.237026
0.0615598 0.40883
0.522477 0.595026
0.219035 0.316416
0.459134 0.129609
0.562169 0.629009
0.512682 0.59237
0.596975 0.17192
0.221308 0.536131
0.0050059 0.898616
0.55258 0.896805
0.771628 0.684611
0.482853 0.843641
0.854985 0.38684
0.340455 0.079007
0.0690952 0.150056
0.315809 0.132434
0.558846 0.837873
0.727058 0.802285
0.175145 0.18832
0.931159 0.737085
0.814855 0.425848
0.320742 0.40139
0.616929 0.546544
0.951522 0.618288
0.450656 0.499457
0.516148 0.223983
0.187448 0.999362
0.0653147 0.0432732
0.383704 0.401169
0.122434 0.45325
0.561766 0.433104
0.584937 0.11504
0.257694 0.297973
0.920194 0.450739
0.499133 0.84764
0.193169 0.318668
0.291262 0.515687
0.728318 0.905625
0.0681828 0.677915
0.526505 0.514987
0.179381 0.0444508
0.738283 0.369294
0.0411626 0.804808
0.410141 0.422091
0.210726 0.532471
0.881344 0.767011
0.930018 0.456047
0.880744 0.246657
0.777148 0.798118
0.69339 0.279168
0.645875 0.884054
0.59136 0.936693
0.40579 0.313806
0.842483 0.46818
0.997489 0.367488
0.987165 0.177617
0.409394 0.726718
0.551194 0.44665
0.531546 0.956153
0.877986 0.742485
0.489392 0.755816
0.512968 0.454893
0.208923 0.373166
0.706999 0.997933
0.184319 0.398796
0.274038 0.833616
0.287599 0.865366
0.769954 0.688262
0.184932 0.61229
0.15886 0.183803
0.980165 0.14545
0.358987 0.384423
0.876856 0.90158
0.837087 0.411054
0.8623 0.716956
0.146551 0.349571
0.472478 0.653932
0.810707 0.692934
0.0440404 0.517698
0.690677 0.233951
0.930117 0.955751
0.0656359 0.208727
0.830486 0.835323
0.897595 0.0154112
0.448607 0.0564153
0.193892 0.42329
0.201308 0.557025
0.818279 0.0734689
0.46274 0.658114
0.486187 0.313735
0.375595 0.622282
0.674962 0.847625
0.32299 0.503314
0.54825 0.315452
0.00355949 0.232076
0.553198 0.924616
0.197295 0.618302
0.133587 0.0275902
0.454344 0.0314133
0.0431838 0.902858
0.0871942 0.241133
0.331543 0.286119
0.798297 0.150085
0.361717 0.259511
0.808671 0.838436
0.585451 0.184213
0.467048 0.245317
0.0311908 0.738733
0.745527 0.56969
0.0600785 0.74958
0.803967 0.612853
0.674121 0.00158657
0.231877 0.807603
0.0292685 0.686301
0.838589 0.0724826
0.589195 0.925363
0.313324 0.9207
0.213355 0.112035
0.0705848 0.574833
0.373107 0.878956
0.413338 0.958533
0.0624765 0.874753
0.218806 0.0938581
0.6135 0.964906
0.665877 0.672323
0.71547 0.486882
0.273617 0.374743
0.472238 0.516679
0.19657 0.499467
0.203184 0.0380654
0.573291 0.794014
0.927207 0.910385
0.714436 0.174262
0.99812 0.785527
0.747252 0.373287
0.664316 0.162894
0.330028 0.726815
0.0366764 0.548854
0.820528 0.649872
0.516052 0.481957
0.331605 0.216053
0.957337 0.608629
0.640732 0.432007
0.129266 0.813288
0.928694 0.334296
0.847785 0.500948
0.128413 0.808578
0.388484 0.843236
0.982552 0.386775
0.628661 0.730519
0.756774 0.294195
0.892843 0.0883572
0.019905 0.929526
0.637234 0.840342
0.579474 0.151379
0.326762 0.903409
0.380409 0.280189
0.513963 0.996102
0.710918 0.641444
0.809364 0.639487
0.977557 0.657667
0.141644 0.106064
0.466863 0.528136
0.956358 0.450365
0.915747 0.577722
0.179682 0.675178
0.870729 0.0724466
0.764067 0.890636
0.00118193 0.401139
0.729827 0.577375
0.55164 0.0580535
0.485052 0.930947
0.340992 0.998992
0.927077 0.0520562
0.642187 0.735971
0.692162 0.617496
0.394197 0.833516
0.725574 0.860434
0.363787 0.674088
0.308135 0.278948
0.298083 0.50415
0.956023 0.122922
0.561129 0.719717
0.0135634 0.563076
0.120711 0.744638
0.144776 0.672376
0.802368 0.629415
0.603342 0.143713
0.630496 0.522181
0.20651 0.283931
0.267053 0.887352
0.890575 0.661033
0.720785 0.613776
0.521249 0.0859312
0.29031 0.830831
0.366105 0.540264
0.319635 0.319498
0.665445 0.880565
0.0412617 0.67891
0.440657 0.166708
0.423922 0.587305
0.833979 0.226408
0.215837 0.426289
0.369505 0.846727
0.967623 0.564013
0.118558 0.2365
0.452212 0.00855316
0.896629 0.173348
0.650812 0.423875
0.257839 0.914282
0.249383 0.622756
0.456968 0.567422
0.944509 0.122112
0.449427 0.985825
0.802172 0.892847
0.149165 0.226431
0.481366 0.982223
0.450543 0.699258
0.420149 0.820072
0.55445 0.382668
0.385194 0.663491
0.624166 0.837407
0.671796 0.501847
0.0107665 0.295592
0.939219 0.268641
0.210213 0.189964
0.891857 0.666607
0.757794 0.836453
0.788682 0.20735
0.821806 0.589309
0.0999598 0.96995
0.814047 0.58062
0.952048 0.265009
0.2681 0.356602
0.0851008 0.826801
0.763642 0.470923
0.49333 0.378525
0.307592 0.160264
0.905832 0.318651
0.458153 0.84527
0.587134 0.667798
0.0338398 0.478933
0.335043 0.791435
0.315533 0.124793
0.998269 0.137358
0.713817 0.0984464
0.107318 0.52829
0.679574 0.0595731
0.796483 0.958805
0.431824 0.878429
0.786865 0.193145
0.34883 0.276043
0.578086 0.655806
0.441032 0.480668
0.936616 0.927435
0.329362 0.560785
0.578756 0.355468
0.0407491 0.901423
0.155154 0.355123
0.025453 0.152762
0.493273 0.739107
0.251109 0.600151
0.267549 0.930667
0.65998 0.0610211
0.890967 0.0918875
0.939336 0.678087
0.280283 0.280872
0.939773 0.883067
0.94489 0.396064
0.346173 0.919158
0.293903 0.675064
0.481077 0.860268
0.0381282 0.521854
0.761373 0.192931
0.878894 0.787665
0.345438 0.366132
0.526302 0.596004
0.97137 0.794323
0.526861 0.631381
0.85498 0.41868
0.723543 0.7938
0.0960399 0.00809821
0.0820339 0.0517823
0.870572 0.0263538
0.461696 0.196704
0.946197 0.741273
0.892882 0.427058
0.601752 0.930019
0.948455 0.363623
0.12257 0.826121
0.151303 0.466972
0.197262 0.676602
0.0643082 0.168754
0.470846 0.589942
0.799967 0.327341
0.00899714 0.523907
0.119431 0.105182
0.530529 0.202852
0.153953 0.40139
0.227893 0.604
0.619172 0.173724
0.34561 0.508957
0.599949 0.947516
0.441839 0.546604
0.311196 0.563099
0.372874 0.457371
0.0315545 0.571625
0.138206 0.0958763
0.739277 0.606685
0.689977 0.520794
0.934301 0.695711
0.0644873 0.0537446
0.800425 0.595992
0.255231 0.957608
0.957016 0.472074
0.561937 0.618067
0.656485 0.907821
0.130301 0.257672
0.854988 0.570059
0.804497 0.166538
0.134876 0.180208
0.627687 0.166036
0.750577 0.765719
0.305736 0.499249
0.374847 0.94813
0.0316922 0.308961
0.643745 0.0963492
0.360113 0.438986
0.692915 0.615913
0.402169 0.691442
0.101164 0.964201
0.309699 0.757533
0.87309 0.439183
0.0139107 0.727395
0.00953267 0.818561
0.893611 0.143844
0.986249 0.516295
0.309609 0.748343
0.287404 0.570191
0.23948 0.661924
0.497266 0.277713
0.971294 0.163003
0.369414 0.329937
0.607468 0.0600095
0.952363 0.00979956
0.772776 0.0432372
0.973973 0.061105
0.811478 0.845902
0.500095 0.824974
0.573231 0.508945
0.655423 0.487609
0.653846 0.639806
0.988256 0.960977
0.39046 0.272447
0.533924 0.628823
0.938225 0.0531736
0.906858 0.901781
0.221369 0.272947
0.243843 0.823739
0.348442 0.182142
0.833497 0.0787281
0.249675 0.807519
0.139543 0.0606517
0.653978 0.638427
0.885406 0.227151
0.149624 0.52881
0.694117 0.8027
0.170617 0.68249
0.76506 0.557964
0.958602 0.299901
0.189136 0.896889
0.352944 0.08941
0.806096 0.568572
0.35668 0.0504346
0.392962 0.68387
0.247354 0.226845
0.763465 0.493275
0.034039 0.902414
0.556983 0.687482
0.547812 0.438405
0.914642 0.691706
0.974372 0.603593
0.493229 0.145839
0.295301 0.254973
0.700476 0.253193
0.560375 0.891677
0.14688 0.913416
0.980894 0.950587
0.491061 0.327912
0.00372261 0.875622
0.0217942 0.2502
0.102136 0.78434
0.746278 0.136532
0.68392 0.306638
0.823174 0.229333
0.7459 0.737907
0.92106 0.718249
0.342604 0.40895
0.860443 0.638238
0.677609 0.54421
0.887955 0.236318
0.454726 0.0356156
0.14955 0.434881
0.988183 0.631837
0.778601 0.985831
0.507824 0.795075
0.242585 0.609562
0.579439 0.988938
0.744428 0.267058
0.292349 0.569058
0.495285 0.0386866
0.2972 0.403135
0.756067 0.654044
0.831075 0.616568
0.296115 0.505111
0.180272 0.182907
0.742949 0.633315
0.216944 0.89269
0.070775 0.205543
0.524907 0.843994
0.19752 0.0362979
0.658389 0.45214
0.641134 0.220706
0.432525 0.383468
0.48472 0.72146
0.96057 0.978655
0.75867 0.267963
0.395977 0.513601
0.92188 0.227112
0.135161 0.217188
0.732387 0.314971
0.396568 0.473623
0.949943 0.613004
0.369973 0.0192054
0.821247 0.894853
0.863104 0.017524
0.927693 0.501617
0.458043 0.568776
0.720819 0.887092
0.958944 0.205453
0.608733 0.917655
0.15353 0.35551
0.184642 0.580775
0.885299 0.10664
0.808266 0.0188812
0.322456 0.541403
0.332594 0.719417
0.0196425 0.280977
0.328176 0.381763
0.299817 0.152881
0.284324 0.163136
0.172592 0.214165
0.665664 0.627179
0.783002 0.390095
0.515914 0.740738
0.591334 0.124951
0.658548 0.776589
0.493341 0.843066
0.358193 0.373837
0.9496 0.166412
0.398199 0.267457
0.708519 0.729587
0.990938 0.728449
0.0111342 0.324835
0.118147 0.310429
0.482131 0.396094
0.474525 0.649108
0.613337 0.140217
0.286489 0.374824
0.526208 0.794257
0.136034 0.118098
0.919857 0.798533
0.895406 0.412793
0.6371 0.255902
0.790603 0.587014
0.412715 0.192684
0.859164 0.128062
0.913622 0.854323
0.863432 0.927283
0.175684 0.973782
0.241228 0.653889
0.375549 0.715763
0.303844 0.988982
0.855443 0.581852
0.384601 0.377113
0.376616 0.51787
0.517721 0.280659
0.302983 0.382864
0.707681 0.952874
0.640926 0.482689
0.540069 0.0673115
0.684225 0.404991
0.194857 0.605212
0.24995 0.0512398
0.540948 0.421152
0.0247803 0.776549
0.0786041 0.399938
0.495146 0.377225
0.392448 0.342948
0.965664 0.774303
0.729656 0.343792
0.299523 0.222113
0.638944 0.607064
0.651947 0.321827
0.551871 0.281118
0.844252 0.102083
0.339227 0.529578
0.5024 0.530801
0.136861 0.751545
0.58466 0.671878
0.177359 0.609052
0.455444 0.240358
0.00973953 0.941104
0.676481 0.406427
0.289338 0.606623
0.177177 0.0213965
0.952739 0.467333
0.249471 0.587607
0.0756956 0.873926
0.935485 0.637207
0.146021 0.778048
0.743579 0.475356
0.314967 0.231409
0.0179257 0.446423
0.967659 0.614106
0.119116 0.170904
0.21252 0.5667
0.444165 0.196482
0.508469 0.0688835
0.621317 0.797473
0.675672 0.793575
0.816873 0.625227
0.260599 0.0666065
0.188651 0.308411
0.940167 0.147412
0.973735 0.0862833
0.925723 0.713493
0.570149 0.236109
0.952935 0.588069
0.681107 0.947064
0.192635 0.799468
0.115117 0.403971
0.367515 0.54205
0.627422 0.874979
0.611775 0.253383
0.668723 0.291437
0.0425562 0.489641
0.913646 0.303271
0.555587 0.128057
0.634716 0.483474
0.274874 0.612797
0.582335 0.201134
0.327059 0.156504
0.440198 0.269283
0.743066 0.116417
0.228015 0.935693
0.915686 0.345141
0.340668 0.280411
0.898911 0.961921
0.157598 0.50127
0.216868 0.829988
0.78914 0.260214
0.319635 0.703751
0.562611 0.875507
0.830972 0.202241
0.371398 0.106287
0.818041 0.951643
0.306597 0.141639
0.107794 0.741283
0.422651 0.850858
0.857412 0.650615
0.786549 0.772847
0.995581 0.127399
0.0553942 0.884865
0.0962018 0.213332
0.390555 0.307806
0.0429397 0.176686
0.58921 0.348781
0.880449 0.134533
0.23793 0.71164
0.337111 0.607849
0.817498 0.151808
0.563522 0.124466
0.29333 0.67156
0.866135 0.716358
0.522538 0.722451
0.368497 0.306316
0.501104 0.354755
0.437046 0.549292
0.247274 0.531604
0.763625 0.632881
0.844265 0.805656
0.808445 0.441973
0.169047 0.690869
0.556616 0.401949
0.402764 0.887374
0.0165207 0.220408
0.0390362 0.580343
0.345256 0.329659
0.25217 0.209536
0.0483284 0.77452
0.933754 0.415876
0.0828017 0.427369
0.774568 0.519172
0.978681 0.024481
0.0521125 0.742453
0.658374 0.896577
0.552885 0.465394
0.313016 0.717873
0.159866 0.863874
0.124762 0.562581
0.751074 0.14156
0.783108 0.790146
0.721406 0.127587
0.122624 0.973512
0.325937 0.180501
0.746229 0.269743
0.58595 0.831543
0.695966 0.365498
0.351803 0.675075
0.386641 0.399316
0.417717 0.0464955
0.300415 0.966675
0.514658 0.613053
0.684639 0.673439
0.477285 0.809355
0.238178 0.229414
0.950569 0.0203069
0.018832 0.672073
0.147722 0.14172
0.64137 0.471869
0.300213 0.382006
0.753565 0.898251
0.22652 0.434152
0.261564 0.576511
0.125231 0.649069
0.978849 0.541584
0.691635 0.284175
0.508077 0.212629
0.894457 0.194234
0.884357 0.372438
0.00350024 0.121688
0.600453 0.95399
0.141981 0.619135
0.619288 0.302109
0.759202 0.272643
0.774185 0.0732748
0.667304 0.510286
0.934719 0.921769
0.977424 0.232905
0.467898 0.104034
0.883196 0.448732
0.648208 0.57163
0.729293 0.15531
0.786814 0.623619
0.349133 0.671249
0.996004 0.352474
0.792692 0.595996
0.306539 0.934968
0.215693 0.932622
0.224598 0.976382
0.204296 0.99875
0.0494635 0.86959
0.526284 0.0209294
0.75915 0.499441
0.254716 0.227471
0.606316 0.13601
0.673932 0.253686
0.711007 0.408927
0.406772 0.496317
0.0296321 0.755989
0.172304 0.0269224
0.108518 0.964237
0.651209 0.420313
0.897279 0.838063
0.347478 0.124342
0.813422 0.551106
0.122559 0.86362
0.42154 0.648666
0.884353 0.181812
0.152758 0.138463
0.409391 0.759164
0.274175 0.0857149
0.0111258 0.986963
0.495451 0.412357
0.487636 0.51813
0.174134 0.657859
0.531979 0.292169
0.622238 0.168427
0.697795 0.49935
0.00602941 0.045296
0.645378 0.82008
0.59736 0.767698
0.683773 0.0189114
0.417325 0.566959
0.200529 0.56884
0.706855 0.607128
0.328591 0.980583
0.691833 0.341862
0.967491 0.186201
0.753045 0.460113
0.706801 0.931869
0.113334 0.2535
0.214383 0.734624
0.421122 0.911963
0.255767 0.392701
0.936451 0.910238
0.247386 0.554073
0.669467 0.931167
0.573074 0.0864077
0.499511 0.773837
0.654195 0.20737
0.383834 0.984146
0.185179 0.0813665
0.324489 0.156447
0.265442 0.081915
0.608544 0.972024
0.0134285 0.72096
0.225903 0.229442
0.455623 0.645565
0.139751 0.711895
0.0731901 0.0970177
0.638005 0.290683
0.646203 0.288388
0.252517 0.224804
0.368948 0.751177
0.998784 0.0245536
0.957467 0.382651
0.0087058 0.143849
0.468466 0.324042
0.29801 0.727004
0.414127 0.906512
0.699936 0.43339
0.627525 0.923987
0.655258 0.0833323
0.570096 0.794938
0.794857 0.642806
0.892703 0.409093
0.961893 0.543124
0.690786 0.216948
0.768204 0.061012
0.966271 0.767868
0.0847633 0.923822
0.149674 0.0936214
0.0676705 0.611581
0.430627 0.359251
0.338634 0.840025
0.271812 0.0378069
0.267575 0.899619
0.96156 0.917329
0.979301 0.530767
0.717963 0.777579
0.175038 0.609711
0.186301 0.139433
0.153687 0.877633
0.354152 0.922175
0.937854 0.320778
0.689389 0.0227282
0.244589 0.839276
0.116624 0.311236
0.451586 0.54025
0.677911 0.789136
0.381999 0.950009
0.8272 0.649339
0.85033 0.788407
0.572516 0.832355
0.320474 0.288391
0.608476 0.493528
0.901268 0.798588
0.634352 0.0543869
0.674536 0.988314
0.978737 0.607588
0.309354 0.665717
0.637118 0.546605
0.505135 0.750738
0.874809 0.952059
0.292975 0.543072
0.745056 0.67387
0.494591 0.57096
0.324447 0.341575
0.361657 0.896845
0.176219 0.682201
0.187331 0.786319
0.177833 0.0908635
0.582956 0.812424
0.142957 0.258947
0.800982 0.118677
0.869226 0.110492
0.783614 0.50363
0.660421 0.293278
0.25498 0.530095
0.245409 0.547236
0.0746155 0.990862
0.222474 0.568241
0.564035 0.546448
0.922311 0.914681
0.444242 0.0893257
0.607745 0.62916
0.875989 0.786141
0.722253 0.493955
0.59826 0.860853
0.712929 0.402648
0.976482 0.584651
0.509826 0.763631
0.0885688 0.174191
0.0526954 0.34278
0.702446 0.30079
0.89234 0.780895
0.289716 0.113541
0.348062 0.852945
0.657626 0.263898
0.778114 0.103863
0.347639 0.380575
0.734343 0.224106
0.172567 0.452919
0.681418 0.769301
0.302343 0.384514
0.174592 0.298435
0.980451 0.678878
0.0575979 0.0685516
0.853034 0.110767
0.412077 0.556623
0.413281 0.296235
0.337308 0.698546
0.415432 0.685174
0.551209 0.075807
0.945703 0.329764
0.184085 0.298961
0.715667 0.913976
0.518288 0.88696
0.368142 0.20072
0.656785 0.680839
0.59598 0.825665
0.974803 0.575539
0.504636 0.0335333
0.665227 0.348464
0.143554 0.0563346
0.915107 0.553104
0.359522 0.250942
0.251954 0.774157
0.938969 0.808709
0.850865 0.883596
0.133438 0.0286377
0.178464 0.848754
0.942746 0.696689
0.733994 0.311384
0.896753 0.393003
0.957219 0.485463
0.218182 0.967895
0.0687306 0.722815
0.00129226 0.713613
0.0806687 0.145403
0.77471 0.989515
0.698542 0.129023
0.248916 0.950688
0.902847 0.187141
0.754016 0.752275
0.0709077 0.887479
0.780786 0.250042
0.736075 0.723708
0.951293 0.473
0.0343115 0.842541
0.864417 0.0264033
0.334874 0.0825553
0.994811 0.403396
0.810848 0.992032
0.117264 0.885924
0.140975 0.887334
0.8803 0.839357
0.0161966 0.130968
0.790323 0.91893
0.318171 0.543804
0.665401 0.391574
0.431777 0.450178
0.638191 0.168746
0.177448 0.584
0.63874 0.213705
0.427497 0.501782
0.238072 0.761796
0.586644 0.234955
0.162053 0.390884
0.21935 0.25778
0.265984 0.353715
0.170067 0.161446
0.208781 0.187546
0.291613 0.999017
0.105393 0.609562
0.543664 0.777032
0.998413 0.973261
0.23041 0.636408
0.141507 0.406864
0.221145 0.784316
0.619463 0.646362
0.289083 0.85745
0.409917 0.876388
0.0898381 0.575389
0.249016 0.301952
0.857668 0.547012
0.686662 0.0283209
0.708508 0.895361
0.22574 0.0179243
0.894241 0.320107
0.629876 0.440629
0.0970204 0.6081
0.418199 0.321368
0.244904 0.557293
0.739487 0.489183
0.342071 0.350561
0.11417 0.631119
0.211999 0.523278
0.522785 0.287598
0.0994441 0.776677
0.619488 0.957589
0.324533 0.304173
0.985859 0.0328724
0.201837 0.201956
0.032874 0.0958308
0.520122 0.64222
0.533685 0.616955
0.250612 0.947453
0.946478 0.496483
0.505166 0.679403
0.952679 0.869524
0.0340519 0.0756888
0.486982 0.234464
0.599706 0.98602
0.547615 0.699043
0.762471 0.16748
0.656669 0.0873069
0.473162 0.642121
0.120031 0.674639
0.84279 0.152914
0.769968 0.365985
0.794999 0.305803
0.980367 0.0459528
0.251745 0.924932
0.541462 0.756833
0.60454 0.501224
0.604174 0.636946
0.578354 0.0829715
0.884367 0.178449
0.0680997 0.432116
0.875949 0.831333
0.599804 0.531923
0.918557 0.0724234
0.176257 0.0407716
0.799734 0.023947
0.191528 0.516694
0.382934 0.986664
0.821354 0.366963
0.0325891 0.0737029
0.288227 0.573242
0.832268 0.893103
0.076387 0.434685
0.531232 0.655433
0.522766 0.41047
0.833595 0.585605
0.848787 0.711687
0.417261 0.443795
0.22112 0.315882
0.524809 0.417252
0.374772 0.264714
0.442632 0.564606
0.784564 0.825262
0.552728 0.606194
0.18862 0.584926
0.679952 0.464037
0.159599 0.510002
0.372884 0.233225
0.94054 0.897283
0.894133 0.46292
0.316765 0.7259
0.0493234 0.164731
0.437856 0.463703
0.612051 0.682139
0.802893 0.131611
0.106095 0.178593
0.398528 0.546818
0.743644 0.182864
0.374881 0.294318
0.788221 0.561114
0.883193 0.468872
0.0385507 0.0414708
0.980452 0.407926
0.277794 0.924795
0.309377 0.167311
0.388165 0.625227
0.8973 0.437482
0.790049 0.33531
0.904482 0.40277
0.0162605 0.706826
0.532914 0.123698
0.892602 0.925762
0.670185 0.626964
0.114209 0.0428898
0.931063 0.887134
0.604987 0.807373
0.3721 0.643019
0.848453 0.352188
0.0516546 0.126753
0.260435 0.345388
0.296429 0.663522
0.986227 0.192181
0.100635 0.776684
0.525285 0.00445136
0.179193 0.540911
0.711099 0.712033
0.66405 0.593058
0.638301 0.341778
0.224513 0.758624
0.374863 0.150702
0.661851 0.981622
0.957361 0.0335671
0.625116 0.806183
0.384782 0.67647
0.933182 0.660619
0.0373218 0.229469
0.3241 0.0234811
0.421239 0.422039
0.802041 0.946146
0.429435 0.979124
0.487076 0.143862
0.691505 0.152447
0.736034 0.337373
0.48547 0.961017
0.0948401 0.862068
0.110925 0.756584
0.843613 0.0682862
0.790881 0.462605
0.874411 0.174968
0.145402 0.807518
0.835494 0.182771
0.037158 0.159985
0.210146 0.449589
0.584944 0.0064523
0.405872 0.0148295
0.949953 0.9281
0.155197 0.677001
0.0462723 0.891599
0.0133158 0.531782
0.852596 0.108193
0.393809 0.963541
0.864409 0.23767
0.0318295 0.654868
0.706288 0.906406
0.830193 0.851268
0.713703 0.663696
0.0341553 0.750965
0.824718 0.240691
0.205306 0.400977
0.246624 0.614996
0.438672 0.20815
0.509713 0.579331
0.908636 0.555669
0.471383 0.922448
0.0878131 0.3228
0.0305254 0.481536
0.287547 0.895338
0.716672 0.32122
0.556021 0.420437
0.206243 0.359471
0.276599 0.939619
0.0451634 0.310591
0.69071 0.870424
0.551038 0.900258
0.280718 0.797575
0.515659 0.705294
0.0295579 0.0253263
0.285197 0.938701
0.58131 0.7564
0.86121 0.668797
0.0805836 0.891762
0.148955 0.366445
0.787853 0.869357
0.682698 0.340683
0.294248 0.913185
0.716021 0.564363
0.854507 0.762341
0.881163 0.542928
0.655098 0.44072
0.443674 0.91361
0.230192 0.959343
0.618382 0.266086
0.943212 0.93767
0.198467 0.565311
0.660743 0.0597453
0.234753 0.741324
0.951667 0.385188
0.109522 0.73848
0.254225 0.796986
0.07579 0.548475
0.710222 0.792805
0.119336 0.562951
0.555419 0.0010344
0.106904 0.189058
0.434126 0.548321
0.102042 0.663702
0.509401 0.720889
0.924309 0.493376
0.625061 0.122086
0.0600265 0.285948
0.186206 0.298766
0.0274789 0.132939
0.679384 0.137426
0.879041 0.929696
0.944406 0.936315
0.482313 0.643664
0.739103 0.599409
0.192164 0.272535
0.626945 0.280151
0.484037 0.0364458
0.86321 0.585647
0.697961 0.376356
0.307633 0.622131
0.874486 0.928449
0.74566 0.926985
0.218233 0.926851
0.222485 0.248744
0.0597707 0.901257
0.382603 0.931162
0.834996 0.31695
0.878186 0.317941
0.96203 0.615883
0.919163 0.167851
0.914055 0.521385
0.483911 0.392661
0.567021 0.338752
0.984032 0.257995
0.715451 0.292841
0.881008 0.58451
0.223395 0.626315
0.516482 0.436065
0.55358 0.733091
0.687496 0.611295
0.634368 0.0699756
0.547915 0.466232
0.38491 0.418356
0.786927 0.349469
0.0413522 0.706495
0.514789 0.955512
0.22841 0.996033
0.353727 0.786493
0.341711 0.334775
0.0444971 0.0585861
0.629068 0.925838
0.643367 0.852273
0.551992 0.155732
0.294262 0.106485
0.895994 0.974998
0.719697 0.503431
0.0511154 0.263735
0.956351 0.429141
0.686629 0.779149
0.784076 0.727631
0.498065 0.286631
0.683489 0.713504
0.294819 0.0372809
0.500789 0.635561
0.375974 0.543471
0.694421 0.00419228
0.478894 0.3291
0.85651 0.0237456
0.489576 0.154064
0.12727 0.379606
0.131526 0.849144
0.903402 0.182558
0.112968 0.895799
0.619782 0.799486
0.67193 0.410001
0.527069 0.164116
0.702387 0.212582
0.880072 0.98924
0.230945 0.354302
0.634533 0.621608
0.921854 0.328805
0.661213 0.40067
0.662585 0.462321
0.415982 0.161837
0.636902 0.538939
0.540258 0.765882
0.39455 0.439661
0.947523 0.508639
0.340132 0.56684
0.307989 0.0148627
0.963747 0.854985
0.176209 0.675198
0.0469439 0.0517345
0.670111 0.298264
0.432996 0.299881
0.918703 0.350306
0.638804 0.537955
0.741285 0.304213
0.030328 0.160036
0.462341 0.664274
0.706551 0.00259891
0.431041 0.103509
0.450015 0.373974
0.611244 0.785802
0.955197 0.903691
0.800739 0.919209
0.755795 0.976149
0.59494 0.802243
0.028753 0.26846
0.09753 0.456214
0.576312 0.0163371
0.806615 0.213251
0.562978 0.549785
0.515958 0.592173
0.710405 0.978508
0.262359 0.383076
0.981 0.687916
0.524325 0.421965
0.0670586 0.130447
0.212045 0.0163518
0.0499431 0.014014
0.934111 0.810932
0.986362 0.526305
0.607644 0.0195888
0.796881 0.704844
0.479993 0.366909
0.719189 0.284719
0.58167 0.287038
0.833223 0.102579
0.875991 0.542898
0.0810029 0.133767
0.96018 0.0618571
0.821468 0.473209
0.48917 0.888607
0.610063 0.701605
0.903002 0.659529
0.71653 0.836542
0.46516 0.707106
0.365321 0.073029
0.726474 0.162867
0.777877 0.203392
0.537274 0.496968
0.485386 0.125481
0.783186 0.321456
0.225173 0.659636
0.862683 0.306222
0.793825 0.822972
0.368374 0.61451
0.302464 0.856979
0.503917 0.912309
0.565437 0.401556
0.564493 0.282176
0.242933 0.0376038
0.982463 0.607626
0.110202 0.709807
0.771812 0.888554
0.912657 0.307495
0.387104 0.394369
0.427084 0.176846
0.718141 0.653478
0.831114 0.580541
0.962579 0.622364
0.40852 0.323179
0.240482 0.706607
0.185869 0.744229
0.618981 0.744882
0.151964 0.192659
0.0202167 0.394734
0.225512 0.0032317
0.00311089 0.338295
0.713906 0.774257
0.227081 0.626354
0.0818732 0.615029
0.0256414 0.511887
0.786344 0.743706
0.166931 0.617723
0.325086 0.129573
0.243205 0.729337
0.458623 0.480016
0.435993 0.642376
0.227905 0.0557647
0.388468 0.374134
0.250705 0.374004
0.776762 0.473448
0.413113 0.776811
0.813117 0.127214
0.551203 0.0404706
0.753553 0.631881
0.655352 0.77906
0.145412 0.441562
0.537776 0.299026
0.0599265 0.848586
0.444971 0.293832
0.577999 0.89665
0.786273 0.0145447
0.539336 0.0147784
0.0691181 0.927304
0.397699 0.31009
0.323335 0.178257
0.789742 0.749096
0.944118 0.602561
0.876336 0.495004
0.643718 0.628554
0.130265 0.298547
0.412232 0.26632
0.741101 0.933126
0.585455 0.800535
0.782253 0.0254405
0.10245 0.357875
0.924728 0.877421
0.372062 0.457231
0.906608 0.443309
0.391688 0.294314
0.757899 0.724486
0.466786 0.54634
0.478128 0.404858
0.152215 0.349946
0.906545 0.797223
0.980954 0.034239
0.0919713 0.389441
0.307734 0.83434
0.323601 0.893144
0.634894 0.10541
0.919029 0.739161
0.464822 0.840321
0.629285 0.838372
0.301675 0.533505
0.281289 0.690168
0.833224 0.0392992
0.419052 0.292578
0.587356 0.88938
0.709383 0.738104
0.240211 0.614802
0.533058 0.222906
0.649549 0.625694
0.611689 0.957121
0.461316 0.935263
0.850241 0.0963502
0.0404908 0.768674
0.834301 0.503755
0.615015 0.463412
0.343771 0.910621
0.992107 0.624319
0.600889 0.831747
0.664236 0.0160975
0.132271 0.253046
0.903446 0.841801
0.990142 0.145551
0.456508 0.521504
0.366273 0.105617
0.150553 0.978306
0.0624803 0.61187
0.921307 0.903077
0.708202 0.954157
0.683994 0.524093
0.46587 0.278567
0.00753047 0.803142
0.220394 0.0277009
0.428141 0.801877
0.837962 0.0924992
0.822346 0.965381
0.344089 0.723218
0.809856 0.336226
0.868478 0.266051
0.85752 0.235669
0.371264 0.00855542
0.210259 0.423345
0.620129 0.127459
0.347204 0.325734
0.0813673 0.0277293
0.871273 0.540187
0.318152 0.879237
0.343939 0.517118
0.887194 0.773015
0.321091 0.723374
0.864364 0.138991
0.691906 0.210087
0.861724 0.501858
0.542869 0.730843
0.767761 0.402836
0.96629 0.139484
0.40541 0.181257
0.572979 0.0296025
0.307414 0.919391
0.356868 0.383578
0.947012 0.229621
0.929383 0.265326
0.109368 0.273854
0.789501 0.989369
0.0454746 0.105562
0.717873 0.909994
0.248586 0.373886
0.11843 0.10673
0.913023 0.661001
0.837545 0.68111
0.0620082 0.803946
0.821946 0.458829
0.984346 0.393561
0.517406 0.277065
0.313061 0.858516
0.677409 0.262446
0.0881595 0.609762
0.523313 0.199182
0.883065 0.310225
0.191274 0.928636
0.415494 0.908973
0.838521 0.659886
0.319287 0.956999
0.766188 0.232406
0.619046 0.601934
0.913313 0.680176
0.40808 0.733851
0.148159 0.391174
0.127607 0.651974
0.686972 0.449495
0.51504 0.357538
0.700833 0.595749
0.973573 0.226276
0.796288 0.856888
0.536238 0.986963
0.787402 0.951804
0.896704 0.62364
0.610453 0.218653
0.597442 0.366092
0.43803 0.210732
0.982364 0.360563
0.879699 0.391321
0.0944672 0.0310267
0.782225 0.222448
0.68485 0.476091
0.661618 0.195033
0.82986 0.365087
0.792475 0.803569
0.591749 0.585019
0.660416 0.126148
0.582849 0.440561
0.0775975 0.470994
0.0700151 0.689245
0.686259 0.649544
0.0675541 0.133711
0.850327 0.0498622
0.494288 0.729805
0.440537 0.587406
0.760617 0.223273
0.807702 0.427646
0.691571 0.478381
0.639874 0.508783
0.837456 0.431347
0.313637 0.414342
0.0183461 0.983306
0.552215 0.593355
0.429122 0.629501
0.0645335 0.49928
0.319045 0.750835
0.147212 0.385258
0.884571 0.000635221
0.440351 0.373333
0.730662 0.876649
0.931349 0.488115
0.0995331 0.77837
0.937073 0.793495
0.251763 0.573054
0.307705 0.088618
0.00374642 0.630515
0.514716 0.0221326
0.613685 0.0670716
0.615451 0.0432393
0.696803 0.678828
0.542357 0.0158957
0.430922 0.692507
0.40667 0.309716
0.693429 0.83851
0.694317 0.429863
0.715076 0.660325
0.915648 0.818147
0.44033 0.851146
0.603717 0.691227
0.424652 0.911121
0.775114 0.432121
0.522521 0.304984
0.447568 0.158299
0.36219 0.0660946
0.197803 0.0617289
0.745826 0.740569
0.0749142 0.176945
0.434568 0.473904
0.491597 0.13027
0.339988 0.163058
0.550831 0.0309785
0.849536 0.465619
0.845369 0.289361
0.314236 0.440765
0.981034 0.742685
0.360148 0.761528
0.170541 0.901795
0.0567464 0.620983
0.0563795 0.419059
0.684499 0.258059
0.481918 0.427637
0.994818 0.549391
0.63391 0.433234
0.0293124 0.102362
0.566545 0.338862
0.289421 0.108772
0.375247 0.138154
0.574496 0.222349
0.426917 0.892287
0.666008 0.416206
0.634398 0.0306122
0.169563 0.804979
0.932132 0.226303
0.425991 0.989528
0.645001 0.113119
0.245357 0.122995
0.543647 0.245276
0.675037 0.156574
0.672743 0.703473
0.259203 0.229702
0.0493148 0.547239
0.331153 0.414388
0.685185 0.913325
0.646126 0.112187
0.805138 0.318327
0.525201 0.435092
0.347156 0.689436
0.245075 0.270267
0.915854 0.670973
0.268869 0.560337
0.781853 0.513967
0.67573 0.335318
0.755638 0.360973
0.489942 0.423552
0.0634389 0.743706
0.659066 0.112949
0.290924 0.99769
0.53772 0.975965
0.910873 0.184033
0.0879809 0.716591
0.500405 0.607467
0.156655 0.847507
0.284942 0.390322
0.127985 0.214767
0.0712963 0.395291
0.774763 0.856851
0.912361 0.458229
0.186667 0.66593
0.81686 0.671897
0.0951378 0.880372
0.41586 0.754281
0.992984 0.706933
0.747784 0.524653
0.682758 0.661759
0.714717 0.770484
0.394175 0.206341
0.37963 0.534241
0.0628062 0.676224
0.937871 0.189632
0.889543 0.0107097
