0.362377 0.0179175
0.347133 0.711992
0.383278 0.568443
0.964433 0.281144
0.682232 0.59122
0.134944 0.690472
0.458362 0.679425
0.8579 0.177783
0.414833 0.816439
0.0566334 0.179541
0.921294 0.0618201
0.154507 0.608465
0.308534 0.896365
0.234743 0.226036
0.804373 0.571238
0.58056 0.16675
0.589155 0.927693
0.878742 0.972434
0.496136 0.843175
0.253578 0.178368
0.434395 0.388522
0.86884 0.892757
0.0679476 0.72674
0.0705394 0.482781
0.543179 0.127173
0.662321 0.464473
0.188993 0.816829
0.0729376 0.497527
0.713193 0.307681
0.723563 0.517566
0.878919 0.304122
0.684316 0.468074
0.231815 0.563057
0.440508 0.727951
0.406232 0.694086
0.906319 0.840627
0.0826078 0.775159
0.733384 0.150555
0.501899 0.803923
0.633336 0.0450779
0.931096 0.295657
0.509551 0.120089
0.112486 0.582489
0.617616 0.825679
0.890169 0.341178
0.343245 0.769088
0.645301 0.0275609
0.237162 0.877116
0.590618 0.67767
0.605068 0.99685
0.371755 0.511386
0.837478 0.454363
0.286545 0.570861
0.604918 0.788444
0.374784 0.238254
0.833522 0.30588
0.533911 0.343073
0.425969 0.646397
0.925561 0.043585
0.472076 0.81573
0.384763 0.815321
0.584818 0.0300643
0.842882 0.82198
0.907181 0.433501
0.499649 0.512248
0.430351 0.871404
0.0236346 0.267829
0.325767 0.31018
0.83869 0.930686
0.0986237 0.213474
0.16894 0.932145
0.519355 0.702851
0.275218 0.945324
0.349249 0.200779
0.988909 0.821325
0.0165096 0.373672
0.636647 0.601328
0.403737 0.479529
0.423307 0.310917
0.91303 0.922957
0.823165 0.343381
0.794361 0.8468
0.611209 0.120128
0.15698 0.449899
0.0508142 0.255604
0.663373 0.219754
0.187749 0.182728
0.922606 0.462967
0.128051 0.271854
0.663746 0.11696
0.0931795 0.680256
0.490633 0.729826
0.281583 0.894369
0.209355 0.704891
0.205286 0.122385
0.627847 0.0284516
0.465765 0.422208
0.875252 0.0769743
0.542337 0.0322315
0.526873 0.593151
0.287835 0.190246
0.812905 0.475584
0.372974 0.735511
0.938551 0.501026
0.00736548 0.602297
0.617986 0.100545
0.282553 0.108618
0.830371 0.564136
0.00298742 0.039726
0.269027 0.208274
0.162111 0.896875
0.236725 0.627876
0.319083 0.111977
0.70485 0.86142
0.144208 0.231723
0.454571 0.432043
0.42197 0.267476
0.907627 0.794944
0.00298745 0.846178
0.295969 0.0103529
0.448476 0.913955
0.110898 0.731029
0.0225733 0.941269
0.295165 0.0255607
0.980995 0.564192
0.233834 0.143105
0.461067 0.47056
0.770981 0.78015
0.582537 0.475831
0.64157 0.726745
0.707555 0.0961408
0.158788 0.129524
0.363617 0.0664158
0.924468 0.366605
0.912594 0.220437
0.376958 0.36107
0.134392 0.487855
0.0920985 0.156965
0.429124 0.387264
0.182526 0.410119
0.951456 0.41636
0.553225 0.412523
0.88692 0.324206
0.192673 0.469457
0.800037 0.834243
0.196202 0.507592
0.930383 0.35499
0.637116 0.294001
0.421406 0.561584
0.660605 0.334
0.782021 0.0375627
0.69507 0.916413
0.525418 0.787168
0.073378 0.954542
0.174432 0.255904
0.364662 0.125888
0.672264 0.917886
0.538411 0.559184
0.242092 0.731084
0.0286411 0.042129
0.565327 0.224843
0.549721 0.49571
0.579833 0.186836
0.789711 0.00123886
0.74842 0.450316
0.335239 0.530441
0.487878 0.0303088
0.446854 0.0132966
0.817477 0.520232
0.967839 0.991909
0.776136 0.332501
0.117797 0.4484
0.250387 0.656208
0.00758419 0.492479
0.387292 0.0362252
0.534608 0.952618
0.261068 0.0843283
0.448328 0.840901
0.271165 0.238039
0.84214 0.0195847
0.688355 0.177379
0.550026 0.176233
0.207687 0.996879
0.18953 0.0251646
0.517111 0.157369
0.0170736 0.293246
0.489869 0.134871
0.741646 0.740256
0.791079 0.74923
0.232735 0.17837
0.785455 0.767343
0.130989 0.0465235
0.851671 0.579317
0.887424 0.122836
0.817356 0.729564
0.14242 0.50571
0.906943 0.692446
0.681944 0.11463
0.689325 0.871473
0.139795 0.206436
0.028842 0.156869
0.499682 0.518711
0.291739 0.241328
0.258968 0.0828178
0.990558 0.491702
0.261188 0.776013
0.259045 0.392177
0.822537 0.110716
0.971494 0.709961
0.233551 0.78885
0.439525 0.375972
0.29456 0.346468
0.0684175 0.976504
0.461099 0.757742
0.847977 0.600894
0.964178 0.876819
0.757763 0.46386
0.39553 0.0495018
0.705187 0.654498
0.13232 0.695745
0.1462 0.393508
0.471759 0.405245
0.785685 0.294296
0.515961 0.757179
0.00425689 0.749513
0.546028 0.443782
0.125484 0.840589
0.790251 0.193902
0.817093 0.25135
0.951644 0.66507
0.852244 0.915822
0.541889 0.610006
0.379682 0.937419
0.659508 0.0848691
0.591917 0.791828
0.780615 0.738117
0.185335 0.252373
0.143363 0.97102
0.546669 0.659324
0.728199 0.550926
0.408836 0.274227
0.994708 0.53432
0.114816 0.784959
0.728222 0.931908
0.0363087 0.679866
0.596978 0.888552
0.595688 0.138867
0.498559 0.97537
0.0762857 0.158066
0.0602388 0.668203
0.949894 0.840853
0.40632 0.135229
0.0932266 0.549683
0.106249 0.639896
0.209006 0.834448
0.190821 0.617843
0.108675 0.185529
0.152163 0.223491
0.970488 0.880385
0.155399 0.00679719
0.560251 0.752377
0.89535 0.155939
0.891244 0.393908
0.131309 0.96753
0.551974 0.191548
0.635732 0.501868
0.0324011 0.0420523
0.637098 0.125628
0.591735 0.743347
0.765523 0.800742
0.577795 0.956345
0.418584 0.68647
0.141874 0.570747
0.909961 0.112362
0.451133 0.0653599
0.11916 0.0113839
0.817737 0.0145092
0.167323 0.708981
0.408417 0.298632
0.67651 0.960392
0.49018 0.312243
0.46226 0.522581
0.354295 0.0993578
0.648209 0.94603
0.842705 0.413732
0.746772 0.420499
0.370076 0.165356
0.106969 0.51195
0.736103 0.01693
0.624313 0.187236
0.0822898 0.743473
0.19862 0.900027
0.757982 0.365943
0.609008 0.166399
0.664575 0.285518
0.126791 0.154755
0.597761 0.589051
0.677337 0.952056
0.688409 0.325545
0.898086 0.531113
0.739277 0.644858
0.951613 0.109354
0.810213 0.0585821
0.621304 0.546317
0.075512 0.245617
0.733552 0.157802
0.98909 0.932172
0.0578288 0.747072
0.298115 0.666837
0.913471 0.962691
0.952355 0.0402616
0.117446 0.550116
0.629312 0.794783
0.502172 0.317721
0.120328 0.400258
0.848834 0.859605
0.0451152 0.800447
0.968959 0.855329
0.859029 0.590263
0.401645 0.934541
0.83588 0.135198
0.0923433 0.82497
0.06737 0.150172
0.572042 0.365485
0.817009 0.485513
0.328176 0.769363
0.525775 0.445622
0.319479 0.155087
0.240405 0.821651
0.472808 0.360733
0.221908 0.321643
0.220338 0.267024
0.12209 0.189297
0.122352 0.981119
0.77956 0.523998
0.915661 0.615441
0.659195 0.00800397
0.440411 0.726565
0.158176 0.0124532
0.0920506 0.975185
0.497966 0.420227
0.744548 0.0237407
0.865849 0.0640272
0.178828 0.106254
0.885678 0.651636
0.466987 0.107586
0.973279 0.687324
0.37461 0.0953685
0.876621 0.496963
0.0764878 0.656182
0.0209601 0.992148
0.271622 0.680155
0.000152466 0.712033
0.406721 0.158328
0.724487 0.498771
0.133513 0.222453
0.918998 0.878061
0.246193 0.784847
0.942088 0.425021
0.891101 0.827766
0.0766571 0.358087
0.935353 0.0499357
0.0454117 0.309963
0.145304 0.922033
0.806926 0.221792
0.578215 0.827886
0.213941 0.849837
0.508041 0.214093
0.561871 0.914762
0.372422 0.286357
0.413533 0.505935
0.50881 0.332531
0.383996 0.755003
0.117378 0.326084
0.180025 0.00847836
0.153851 0.256682
0.366566 0.0892039
0.306617 0.411977
0.399167 0.451922
0.33401 0.206093
0.673714 0.912225
0.0339786 0.887654
0.762062 0.54202
0.101747 0.323933
0.456781 0.474169
0.61029 0.870314
0.980103 0.1191
0.202845 0.364099
0.874103 0.320223
0.690184 0.0541278
0.328701 0.844035
0.31081 0.695267
0.933238 0.617427
0.107244 0.332405
0.0693487 0.441254
0.538498 0.743062
0.353479 0.572477
0.630717 0.115542
0.114497 0.732464
0.439474 0.571278
0.206633 0.0497642
0.441592 0.186736
0.168864 0.644438
0.550836 0.0429671
0.96466 0.241019
0.0970949 0.293362
0.0850538 0.407904
0.988628 0.0182923
0.0253314 0.0958725
0.350698 0.0946801
0.537127 0.889196
0.837743 0.890606
0.461673 0.468459
0.00614783 0.57617
0.200923 0.445622
0.147448 0.407556
0.495386 0.58904
0.594292 0.66425
0.233478 0.145128
0.707217 0.198138
0.386147 0.804312
0.4915 0.471201
0.212217 0.480128
0.489493 0.237548
0.576001 0.840191
0.332228 0.113128
0.729387 0.169971
0.00373396 0.19106
0.63843 0.00988179
0.76723 0.839353
0.455504 0.914677
0.246909 0.95089
0.503718 0.841202
0.615141 0.737195
0.986329 0.322358
0.935334 0.372477
0.12667 0.426834
0.843678 0.338887
0.906962 0.333171
0.576435 0.482963
0.173362 0.908663
0.596091 0.902749
0.0786341 0.599825
0.0938086 0.717064
0.609707 0.861038
0.556417 0.0652107
0.775716 0.803327
0.0161009 0.279433
0.644529 0.631241
0.0166287 0.630858
0.953599 0.951962
0.00333462 0.0802695
0.378796 0.847012
0.419156 0.285759
0.180183 0.995591
0.768722 0.353545
0.904255 0.364813
0.256293 0.982889
0.964638 0.350102
0.699953 0.574344
0.21114 0.25637
0.639555 0.986856
0.0596971 0.655656
0.266289 0.704226
0.286897 0.282918
0.335084 0.240497
0.23488 0.338418
0.320766 0.613676
0.18543 0.739922
0.899435 0.365613
0.735514 0.668157
0.719158 0.639768
0.0329695 0.975451
0.622657 0.997607
0.325553 0.32261
0.571951 0.536693
0.57898 0.211506
0.523549 0.638677
0.867162 0.789838
0.342903 0.15406
0.0727556 0.677986
0.394556 0.307636
0.0164047 0.715322
0.921312 0.201835
0.455245 0.820747
0.567448 0.190759
0.488904 0.286606
0.830527 0.521874
0.262057 0.453184
0.519481 0.58761
0.775794 0.091432
0.124303 0.354774
0.302938 0.647852
0.993451 0.170101
0.43769 0.336354
0.32416 0.510445
0.0143401 0.718717
0.818081 0.0307448
0.434039 0.739393
0.23258 0.889284
0.560141 0.800028
0.0800426 0.0490446
0.0866344 0.91057
0.570918 0.348692
0.363754 0.0903987
0.936302 0.139547
0.181831 0.0606046
0.494321 0.484769
0.708456 0.487772
0.65487 0.146146
0.824126 0.97903
0.656591 0.838466
0.697747 0.474672
0.869211 0.131786
0.214066 0.101791
0.0210702 0.774206
0.901819 0.101113
0.823251 0.988453
0.0116825 0.394169
0.337145 0.375436
0.484568 0.273446
0.514984 0.666398
0.334051 0.0093049
0.151168 0.0425075
0.497077 0.806038
0.188654 0.321203
0.785068 0.845245
0.159669 0.482815
0.319917 0.0288799
0.614601 0.533983
0.130671 0.635672
0.308189 0.0324894
0.736784 0.13144
0.0209426 0.748467
0.525609 0.358087
0.123903 0.0101764
0.631534 0.638887
0.676575 0.965585
0.648192 0.827742
0.00809217 0.145269
0.63378 0.196746
0.466472 0.418848
0.0419906 0.626141
0.901663 0.361908
0.655021 0.516264
0.895891 0.785691
0.151936 0.20408
0.818181 0.88872
0.33552 0.839123
0.637187 0.861128
0.197211 0.76109
0.871305 0.828744
0.399977 0.54788
0.794329 0.0481687
0.375622 0.802421
0.193438 0.00940207
0.999167 0.659909
0.42825 0.0411578
0.28605 0.329913
0.403066 0.941071
0.846177 0.298956
0.726762 0.998113
0.503036 0.544943
0.886833 0.838556
0.384067 0.52402
0.699684 0.581277
0.285111 0.570989
0.410022 0.685088
0.118869 0.204351
0.733256 0.494491
0.00677241 0.926694
0.503893 0.00593954
0.586603 0.932143
0.0470973 0.872654
0.262056 0.450163
0.813725 0.108233
0.749119 0.540487
0.106346 0.252155
0.0854302 0.993179
0.0907112 0.469497
0.517199 0.790396
0.050774 0.80231
0.361385 0.460796
0.487398 0.480254
0.665147 0.220654
0.974745 0.671919
0.147348 0.478638
0.677859 0.733951
0.410781 0.724956
0.606605 0.672837
0.175119 0.420329
0.78107 0.924238
0.960816 0.887416
0.176394 0.0462465
0.880595 0.267105
0.515743 0.397794
0.0575005 0.566517
0.200104 0.418885
0.027313 0.687502
0.899139 0.69246
0.908156 0.873884
0.364379 0.0555038
0.352522 0.0422379
0.789455 0.763303
0.767194 0.39606
0.436139 0.942313
0.816389 0.217209
0.866551 0.777205
0.104625 0.0429452
0.823452 0.98522
0.31005 0.339195
0.383014 0.367551
0.905712 0.583119
0.786436 0.933025
0.27062 0.685575
0.625485 0.178776
0.559452 0.989862
0.23428 0.91198
0.0321022 0.0237351
0.675283 0.799296
0.419795 0.111422
0.741609 0.236184
0.328632 0.608161
0.0561552 0.41176
0.651106 0.836841
0.418477 0.961156
0.176036 0.801491
0.328707 0.0817486
0.38461 0.115143
0.0147739 0.655231
0.800718 0.640259
0.834007 0.360176
0.630123 0.0682869
0.272156 0.662226
0.0920219 0.947439
0.461522 0.511817
0.0588613 0.203131
0.748001 0.387493
0.811292 0.76139
0.82075 0.462398
0.598231 0.239227
0.423554 0.774268
0.0407181 0.752261
0.856016 0.425328
0.867404 0.87079
0.0805588 0.668121
0.511049 0.914566
0.0282976 0.141172
0.982852 0.300454
0.803398 0.0748744
0.247893 0.26492
0.586691 0.306754
0.468051 0.334692
0.694247 0.279343
0.0960818 0.514997
0.741741 0.694313
0.754224 0.165295
0.468581 0.794942
0.917556 0.324597
0.22027 0.784959
0.195387 0.300829
0.453081 0.706436
0.215394 0.481378
0.847608 0.198247
0.781832 0.651006
0.273121 0.0297253
0.915926 0.859812
0.33648 0.383977
0.194504 0.0307269
0.66332 0.290586
0.545724 0.405061
0.984899 0.299947
0.570355 0.45348
0.094889 0.487911
0.778076 0.315159
0.27287 0.973463
0.615988 0.725951
0.679899 0.831382
0.207329 0.527507
0.0296286 0.989161
0.178513 0.30275
0.0188864 0.0944391
0.162562 0.355366
0.478416 0.357066
0.386093 0.141736
0.647652 0.931817
0.546796 0.63255
0.231764 0.117151
0.08603 0.326653
0.605063 0.864106
0.641812 0.877933
0.83757 0.2578
0.603884 0.517469
0.0891817 0.811213
0.044976 0.11881
0.800374 0.223489
0.42156 0.81926
0.317928 0.584122
0.174627 0.796344
0.941187 0.56072
0.93808 0.588839
0.492536 0.484876
0.221389 0.724301
0.602027 0.307419
0.050954 0.20709
0.171526 0.692766
0.0850229 0.00909546
0.950566 0.688907
0.526564 0.0397477
0.50012 0.57154
0.158558 0.300494
0.795029 0.580118
0.119754 0.112958
0.16424 0.294381
0.909302 0.105427
0.8551 0.847382
0.694266 0.347637
0.332258 0.915655
0.0719372 0.934285
0.223075 0.122891
0.141375 0.3946
0.815657 0.226398
0.403696 0.766223
0.915305 0.93026
0.805971 0.415424
0.5018 0.964529
0.715918 0.29683
0.544647 0.835672
0.409787 0.708887
0.130053 0.319089
0.814313 0.985153
0.166471 0.508579
0.332789 0.498729
0.424235 0.404726
0.433014 0.647309
0.527618 0.574389
0.0419096 0.343275
0.800787 0.445605
0.109498 0.716091
0.375866 0.91547
0.131516 0.877666
0.879999 0.847434
0.174495 0.424646
0.683106 0.584283
0.133532 0.813158
0.903372 0.947846
0.798311 0.0698431
0.456425 0.1311
0.568572 0.88066
0.535826 0.00158594
0.527969 0.0634441
0.575975 0.569878
0.406719 0.376762
0.0154839 0.516218
0.0928532 0.391349
0.431687 0.224369
0.269015 0.311686
0.0718026 0.44351
0.736332 0.754908
0.027793 0.869864
0.568066 0.931165
0.81771 0.366377
0.00100817 0.274135
0.497477 0.56958
0.154795 0.0333034
0.571166 0.682763
0.0967474 0.147141
0.252642 0.503467
0.523903 0.268126
0.0196841 0.616756
0.659475 0.451371
0.841125 0.92849
0.763057 0.912928
0.372001 0.499389
0.667836 0.399794
0.369253 0.235902
0.330959 0.186962
0.602279 0.331967
0.461097 0.0997559
0.901547 0.615892
0.133059 0.472713
0.298655 0.229807
0.619854 0.551297
0.733273 0.143757
0.819423 0.752957
0.760513 0.478898
0.204328 0.601638
0.407388 0.967386
0.514566 0.779389
0.466774 0.182401
0.179182 0.836027
0.418303 0.510141
0.0229894 0.0205824
0.842108 0.484087
0.120338 0.743655
0.0999788 0.253398
0.216368 0.398634
0.483204 0.836222
0.949931 0.216478
0.979979 0.769354
0.969435 0.740492
0.248252 0.173763
0.34213 0.65564
0.141149 0.856696
0.435029 0.607923
0.0390971 0.614211
0.44395 0.457401
0.124352 0.466939
0.477983 0.96646
0.951026 0.598321
0.710115 0.0510049
0.851719 0.926483
0.449639 0.334923
0.762705 0.399571
0.551401 0.742685
0.168925 0.520835
0.483177 0.417177
0.694599 0.825307
0.0728174 0.835748
0.682003 0.507846
0.443671 0.7211
0.122058 0.887621
0.1785 0.24641
0.35456 0.656483
0.212871 0.305586
0.254804 0.922986
0.356591 0.106523
0.849469 0.80623
0.441446 0.612174
0.205801 0.992846
0.354859 0.374726
0.513682 0.838036
0.791903 0.208281
0.663342 0.86472
0.0440283 0.345345
0.372566 0.487699
0.0664445 0.494624
0.37532 0.244945
0.741035 0.72988
0.901428 0.953905
0.0354661 0.156232
0.876891 0.392057
0.262755 0.72636
0.198287 0.704201
0.338534 0.404088
0.697047 0.693393
0.778814 0.210729
0.531429 0.570716
0.41901 0.194771
0.435436 0.463038
0.540116 0.808003
0.950737 0.606561
0.302627 0.326057
0.851505 0.0436616
0.0559366 0.752933
0.997567 0.0914027
0.909165 0.874458
0.48346 0.17192
0.600818 0.681747
0.87612 0.939352
0.0858353 0.573168
0.632745 0.864649
0.783897 0.164174
0.435365 0.202906
0.358945 0.870801
0.665944 0.899061
0.678804 0.616681
0.505502 0.981421
0.942738 0.357127
0.0250927 0.998675
0.11006 0.0226595
0.0900773 0.0192245
0.897117 0.573537
0.191144 0.497935
0.255284 0.0672645
0.437287 0.34112
0.640432 0.0700321
0.205769 0.424329
0.234206 0.641134
0.627235 0.593151
0.511935 0.293179
0.492212 0.190739
0.90986 0.997833
0.17217 0.852598
0.35496 0.197263
0.851273 0.465019
0.219923 0.94135
0.484244 0.11704
0.514887 0.675388
0.614975 0.770171
0.742653 0.0522619
0.111291 0.383085
0.122294 0.317059
0.807413 0.3565
0.958193 0.434648
0.949651 0.470128
0.727827 0.441863
0.660867 0.637687
0.439696 0.833038
0.490285 0.794656
0.0303009 0.341558
0.259675 0.250223
0.282907 0.743919
0.367263 0.797794
0.419307 0.982238
0.567966 0.16196
0.0345001 0.679257
0.545044 0.156794
0.996316 0.352458
0.513294 0.954509
0.787106 0.462945
0.424637 0.514932
0.904807 0.0855048
0.152619 0.344503
0.918543 0.642905
0.139158 0.948843
0.984462 0.398834
0.199067 0.26737
0.142753 0.56633
0.065164 0.56206
0.548569 0.63313
0.72402 0.583069
0.312386 0.269064
0.739863 0.308702
0.621521 0.253157
0.263211 0.408627
0.716101 0.687849
0.92356 0.620909
0.773353 0.076179
0.965411 0.691896
0.719084 0.10457
0.640739 0.703546
0.503403 0.839806
0.970915 0.646156
0.406137 0.0360793
0.208216 0.954705
0.669209 0.932235
0.537754 0.981598
0.201299 0.277637
0.290297 0.822821
0.530793 0.553509
0.231448 0.246895
0.241357 0.155007
0.867803 0.0147105
0.231186 0.833215
0.706606 0.95027
0.937785 0.347346
0.653816 0.441188
0.187152 0.624731
0.0873442 0.593289
0.66081 0.29556
0.547994 0.330019
0.227795 0.0857679
0.311614 0.429095
0.363404 0.601911
0.251915 0.894198
0.15542 0.483363
0.141093 0.396777
0.63837 0.00889581
0.411488 0.869557
0.842111 0.118094
0.819827 0.779895
0.46544 0.473642
0.221083 0.652592
0.0983729 0.308427
0.245881 0.759183
0.603988 0.793875
0.0892019 0.831783
0.879643 0.400816
0.260877 0.243047
0.00272741 0.512793
0.137245 0.158147
0.996156 0.278338
0.554924 0.634526
0.287234 0.966412
0.504083 0.129344
0.084506 0.323909
0.909239 0.549946
0.797551 0.130323
0.202538 0.895924
0.43875 0.448419
0.655107 0.0427376
0.242294 0.744309
0.87452 0.121937
0.145125 0.135398
0.364985 0.147853
0.648191 0.50223
0.306 0.644346
0.780568 0.860924
0.278872 0.0678012
0.827336 0.782955
0.197145 0.911842
0.106865 0.106385
0.461788 0.904416
0.236707 0.664326
0.80034 0.675457
0.112746 0.455448
0.718195 0.35504
0.199757 0.592715
0.476977 0.344882
0.728113 0.841962
0.492735 0.376304
0.344192 0.798735
0.02065 0.124759
0.659659 0.299522
0.192561 0.486995
0.0824777 0.389706
0.398838 0.189342
0.49609 0.860626
0.0937584 0.732797
0.524952 0.894099
0.408255 0.637698
0.349546 0.126449
0.992737 0.549303
0.719165 0.469715
0.894185 0.447278
0.311676 0.38692
0.823581 0.655868
0.185655 0.844231
0.780627 0.845314
0.143754 0.973188
0.33231 0.226232
0.362894 0.731147
0.415574 0.858984
0.591773 0.509332
0.591782 0.116725
0.403431 3.62219e-05
0.754423 0.752977
0.126486 0.74716
0.302281 0.84565
0.216875 0.196466
0.292928 0.528551
0.583386 0.116509
0.184419 0.769041
0.960741 0.965047
0.614356 0.104494
0.938234 0.946665
0.330726 0.301128
0.677813 0.7463
0.160112 0.269586
0.255632 0.751894
0.386311 0.659063
0.75193 0.140734
0.41204 0.878416
0.887895 0.714321
0.724066 0.10477
0.910787 0.0169936
0.633321 0.494173
0.133503 0.81774
0.263215 0.0942434
0.782786 0.877571
0.198738 0.721021
0.824236 0.529464
0.0221489 0.502049
0.275763 0.182261
0.771635 0.531395
0.934155 0.157946
0.190458 0.686085
0.29868 0.602498
0.5645 0.186575
0.316819 0.288566
0.291344 0.227606
0.305559 0.924665
0.721779 0.439062
0.742405 0.984994
0.533306 0.525191
0.862565 0.732043
0.246212 0.686801
0.261507 0.268361
0.18885 0.53727
0.450622 0.960485
0.0686653 0.384777
0.118431 0.259123
0.0708615 0.417111
0.861621 0.635362
0.603686 0.17844
0.923927 0.89503
0.406046 0.229487
0.819695 0.127826
0.668549 0.5621
0.11282 0.201855
0.0872914 0.975385
0.933898 0.333504
0.662186 0.195405
0.601865 0.851036
0.732675 0.0524872
0.811521 0.801341
0.437264 0.929951
0.0604639 0.508126
0.347062 0.922085
0.143487 0.950748
0.100526 0.0674148
0.845777 0.506572
0.296902 0.665472
0.634398 0.965451
0.227572 0.747219
0.167306 0.314864
0.722604 0.101204
0.648368 0.38479
0.296609 0.250232
0.235826 0.0292845
0.30272 0.0473465
0.830625 0.739984
0.977298 0.891089
0.24811 0.32436
0.813174 0.391597
0.275107 0.9137
0.459012 0.120884
0.420273 0.755913
0.786357 0.0546709
0.721364 0.0139291
0.801889 0.88867
0.328793 0.524493
0.989874 0.97716
0.909283 0.286483
0.227393 0.145109
0.315768 0.530113
0.192455 0.146393
0.270096 0.169753
0.0374821 0.518206
0.494113 0.850656
0.909803 0.76922
0.764357 0.368814
0.890104 0.184629
0.124728 0.676461
0.2393 0.846092
0.69039 0.0411898
0.734762 0.0191828
0.565683 0.724636
0.996343 0.474966
0.0111196 0.223736
0.620075 0.326888
0.753848 0.81253
0.473281 0.0239449
0.982283 0.510763
0.542151 0.476396
0.361419 0.451953
0.245616 0.125776
0.820768 0.13572
0.310405 0.945495
0.81218 0.549706
0.791587 0.50257
0.590895 0.526349
0.521753 0.156578
0.250985 0.518096
0.631544 0.262105
0.741832 0.251619
0.588992 0.495681
0.0641499 0.0622727
0.519626 0.0464333
0.573035 0.0617763
0.522829 0.934454
0.51373 0.768445
0.0602303 0.334497
0.904165 0.370636
0.279993 0.716345
0.920341 0.0715797
0.218915 0.511237
0.597929 0.740668
0.667815 0.848914
0.258765 0.29936
0.111018 0.000596878
0.550979 0.700011
0.496278 0.615129
0.762283 0.0159031
0.661562 0.335319
0.0776794 0.184391
0.269773 0.591409
0.952836 0.330004
0.925907 0.857001
0.700639 0.205899
0.573346 0.62098
0.277479 0.792261
0.132217 0.875408
0.53293 0.800032
0.724321 0.791694
0.0993916 0.83534
0.792291 0.650371
0.53535 0.288569
0.265499 0.297634
0.304472 0.927061
0.632952 0.382151
0.111453 0.902726
0.973561 0.0642893
0.232729 0.899467
0.92129 0.933368
0.105367 0.494636
0.554349 0.382846
0.286898 0.686566
0.258253 0.819827
0.485754 0.979141
0.611522 0.585989
0.817915 0.403813
0.23636 0.353265
0.692382 0.501859
0.650899 0.996854
0.428921 0.283851
0.379006 0.540374
0.186577 0.352566
0.604663 0.419306
0.252033 0.525953
0.352675 0.3574
0.0205895 0.907023
0.740245 0.307487
0.593589 0.998499
0.127315 0.0801866
0.981074 0.738836
0.666176 0.798988
0.14265 0.902536
0.152253 0.835032
0.404395 0.803152
0.831886 0.833316
0.0870038 0.210891
0.373689 0.273581
0.563457 0.978352
0.692887 0.815491
0.504305 0.0455618
0.172891 0.524895
0.952585 0.913136
0.832382 0.546174
0.911635 0.959696
0.626361 0.892708
0.698533 0.292537
0.691697 0.841182
0.195072 0.84395
0.676214 0.599467
0.647103 0.5081
0.432783 0.734106
0.718991 0.806472
0.00768726 0.282449
0.784824 0.700574
0.0979397 0.289129
0.746136 0.27083
0.814024 0.698721
0.183966 0.646406
0.244895 0.0956013
0.606102 0.871256
0.98831 0.304635
0.163792 0.680007
0.145818 0.358865
0.523957 0.822032
0.958332 0.171059
0.330132 0.391115
0.905166 0.0491234
0.197587 0.912853
0.331572 0.982411
0.613427 0.429512
0.27154 0.359564
0.700342 0.0855641
0.0582851 0.884309
0.73197 0.30318
0.97991 0.338072
0.174436 0.96822
0.642708 0.338229
0.648226 0.788525
0.697093 0.172183
0.610557 0.655425
0.343243 0.940689
0.0465403 0.248408
0.989813 0.244127
0.161261 0.321385
0.226538 0.774689
0.750897 0.498078
0.134253 0.451239
0.583642 0.192538
0.335548 0.315612
0.495718 0.315458
0.653685 0.670154
0.283678 0.296392
0.00838304 0.931904
0.0849177 0.705477
0.104088 0.695475
0.360902 0.44733
0.636164 0.407442
0.695739 0.625977
0.651569 0.857
0.947362 0.878107
0.631689 0.698259
0.376185 0.765942
0.149499 0.959827
0.95848 0.485047
0.275439 0.454198
0.800505 0.929124
0.124352 0.0841832
0.225516 0.132735
0.0160876 0.310434
0.838212 0.120175
0.00590916 0.199114
0.567506 0.642074
0.606556 0.263244
0.268051 0.258125
0.120244 0.215413
0.136233 0.751934
0.913673 0.512418
0.517875 0.0631716
0.472245 0.476355
0.548219 0.747685
0.930553 0.348724
0.676809 0.0549047
0.432907 0.902325
0.18764 0.448995
0.212759 0.0258513
0.56917 0.218668
0.224965 0.136675
0.860742 0.831521
0.39992 0.128793
0.089646 0.520164
0.344206 0.225879
0.272098 0.257879
0.738297 0.789973
0.32105 0.210542
0.266328 0.869269
0.958227 0.196881
0.217993 0.635035
0.251786 0.6509
0.53736 0.439425
0.0998941 0.75012
0.465277 0.669064
0.968788 0.690241
0.805739 0.82953
0.521762 0.205659
0.958322 0.611408
0.725823 0.302528
0.837287 0.997921
0.560407 0.575583
0.787894 0.881457
0.786125 0.0542227
0.750726 0.744352
0.251104 0.968719
0.379387 0.502889
0.619618 0.916748
0.942314 0.719512
0.666867 0.407591
0.388576 0.635655
0.0978323 0.194316
0.465184 0.619594
0.399975 0.423507
0.231002 0.125798
0.726035 0.0682889
0.123719 0.286442
0.643872 0.911614
0.1679 0.429997
0.965836 0.918626
0.174349 0.21694
0.887344 0.553736
0.719829 0.506963
0.470484 0.662144
0.226475 0.137351
0.0697347 0.615051
0.773006 0.167567
0.809367 0.23819
0.787161 0.209341
0.661697 0.0181636
0.33514 0.387732
0.0864525 0.458859
0.674174 0.730325
0.370473 0.842074
0.160322 0.336309
0.760699 0.334671
0.553249 0.648044
0.888407 0.273078
0.155006 0.35889
0.935222 0.381481
0.496241 0.00495671
0.996532 0.269247
0.172524 0.805899
0.507437 0.959685
0.0152404 0.169134
0.977849 0.35038
0.556866 0.0643012
0.809239 0.231041
0.794626 0.179712
0.0731146 0.954947
0.516021 0.833814
0.289618 0.0692697
0.481858 0.178025
0.342348 0.636864
0.536915 0.27757
0.0183453 0.0331567
0.282527 0.0148775
0.302404 0.45505
0.820776 0.809841
0.414736 0.836017
0.978975 0.392584
0.186397 0.535842
0.485665 1
0.766883 0.251511
0.175347 0.839997
0.206459 0.691368
0.673811 0.496077
0.760638 0.155669
0.674102 0.102986
0.792533 0.211017
0.380556 0.810879
0.244174 0.663082
0.825756 0.546577
0.118133 0.646533
0.356418 0.532868
0.48255 0.335394
0.925453 0.668946
0.871236 0.382338
0.664582 0.638118
0.633849 0.839929
0.478116 0.840308
0.531297 0.151927
0.336385 0.291935
0.307596 0.0104864
0.39492 0.10013
0.221503 0.775476
0.911009 0.465677
0.438558 0.736765
0.0122544 0.556691
0.383298 0.368673
0.0895595 0.865847
0.704067 0.0150121
0.534794 0.575303
0.39735 0.199376
0.213421 0.0311996
0.039305 0.691537
0.871508 0.570602
0.843464 0.207892
0.862537 0.15106
0.218379 0.257457
0.25119 0.439882
0.0329328 0.162198
0.905559 0.471491
0.898963 0.917814
0.0281821 0.282261
0.286487 0.117742
0.148108 0.990553
0.132754 0.682902
0.565856 0.530104
0.882277 0.779277
0.561303 0.921582
0.470813 0.432811
0.492184 0.314277
0.640704 0.354721
0.465337 0.859082
0.612178 0.716527
0.298965 0.645111
0.878725 0.204524
0.116602 0.777689
0.122337 0.144784
0.0599494 0.408824
0.262526 0.208057
0.399377 0.395279
0.890959 0.965233
0.925383 0.773236
0.74451 0.486687
0.694819 0.215323
0.919498 0.187003
0.5296 0.560201
0.541724 0.994937
0.419284 0.153902
0.711464 0.718248
0.799013 0.59019
0.922772 0.915615
0.367878 0.0451094
0.0603994 0.427828
0.453933 0.322925
0.635885 0.853311
0.718204 0.526844
0.818544 0.643587
0.30008 0.563054
0.130274 0.994899
0.778377 0.0497719
0.181902 0.307978
0.609973 0.723626
0.302915 0.0292568
0.877528 0.0143797
0.747505 0.676541
0.604569 0.670277
0.592157 0.972447
0.715386 0.652556
0.400275 0.16932
0.975481 0.03616
0.0226303 0.693685
0.563004 0.841174
0.337273 0.863085
0.404228 0.467547
0.857984 0.182605
0.517319 0.0398853
0.490583 0.127292
0.763511 0.793498
0.156549 0.641039
0.807878 0.904054
0.31758 0.412447
0.57433 0.909737
0.384895 0.289717
0.562293 0.78517
0.459036 0.537774
0.82133 0.481667
0.231459 0.384334
0.322841 0.568732
0.247419 0.727069
0.0362784 0.105402
0.909674 0.553597
0.145287 0.400257
0.680889 0.908799
0.193756 0.837438
0.549838 0.00163359
0.741491 0.867418
0.414081 0.315822
0.777155 0.798976
0.605538 0.339448
0.584145 0.0645748
0.877221 0.405475
0.546242 0.10868
0.789809 0.869082
0.677412 0.0372276
0.596151 0.71369
0.14263 0.505825
0.267287 0.287917
0.906082 0.948176
0.196716 0.099838
0.785614 0.746553
0.101472 0.527105
0.613971 0.515552
0.842927 0.391126
0.314528 0.448465
0.730574 0.898674
0.51304 0.607795
0.304149 0.0592815
0.716475 0.0939579
0.928364 0.393887
0.131185 0.524515
0.107577 0.273815
0.0303402 0.374864
0.561732 0.936423
0.323041 0.758448
0.0362606 0.108655
0.505001 0.137732
0.63576 0.118973
0.653285 0.478686
0.510099 0.967813
0.927151 0.240673
0.866486 0.440191
0.848468 0.170635
0.499473 0.564943
0.264593 0.427837
0.95883 0.395778
0.952351 0.0664077
0.669594 0.982692
0.441272 0.231326
0.919114 0.764313
0.989774 0.955375
0.872967 0.494775
0.093107 0.508727
0.613748 0.746392
0.987413 0.123847
0.714204 0.914564
0.36452 0.580691
0.354756 0.212988
0.751326 0.854228
0.777931 0.0159187
0.282065 0.736762
0.411697 0.234416
0.80317 0.0812907
0.217108 0.244442
0.312617 0.136222
0.00875483 0.302391
0.0915972 0.881722
0.797166 0.184704
0.390449 0.410914
0.931096 0.377862
0.534761 0.6453
0.292427 0.899281
0.225991 0.647182
0.11227 0.977317
0.501411 0.890201
0.993235 0.783476
0.626963 0.404932
0.0520259 0.408157
0.486223 0.235
0.674575 0.79884
0.371222 0.683329
0.10123 0.46282
0.565052 0.898396
0.647524 0.955501
0.309311 0.57862
0.333363 0.844072
0.22392 0.62579
0.743354 0.449911
0.272973 0.855623
0.427227 0.774383
0.745824 0.420463
0.557859 0.372787
0.825395 0.575751
0.80292 0.311618
0.810751 0.477495
0.110458 0.181974
0.160824 0.211688
0.644793 0.725876
0.110085 0.292317
0.681377 0.419395
0.870937 0.01474
0.263467 0.0948565
0.64053 0.00682098
0.544767 0.913503
0.862444 0.971995
0.687886 0.608268
0.392457 0.245745
0.981055 0.217852
0.821497 0.783975
0.52947 0.632248
0.26147 0.639928
0.814221 0.422294
0.851616 0.459015
0.14817 0.961701
0.751332 0.829546
0.381096 0.622268
0.844286 0.644564
0.717125 0.484816
0.651385 0.261892
0.398319 0.513829
0.233887 0.0862056
0.122097 0.626344
0.331951 0.103153
0.844196 0.153448
0.887128 0.373666
0.785696 0.148598
0.0135943 0.599917
0.570892 0.865211
0.0589317 0.719061
0.826911 0.810263
0.548607 0.208008
0.432531 0.392894
0.852571 0.149656
0.87771 0.503956
0.411548 0.276029
0.017785 0.645435
0.362235 0.139882
0.271778 0.694186
0.243035 0.115974
0.847634 0.130162
0.489641 0.633329
0.27876 0.503235
0.233246 0.849652
0.368445 0.292178
0.568713 0.195357
0.102441 0.117321
0.403365 0.534973
0.510214 0.255936
0.684629 0.387924
0.759892 0.0961772
0.663954 0.777677
0.741612 0.0261885
0.917559 0.0133903
0.720374 0.160594
0.129365 0.568008
0.290756 0.619005
0.201338 0.569517
0.12224 0.434584
0.419169 0.490685
0.726762 0.987882
0.686042 0.829203
0.105202 0.0894068
0.364176 0.615417
0.345343 0.0488051
0.003341 0.105235
0.144982 0.667295
0.882913 0.886594
0.693483 0.800472
0.899984 0.413858
0.961066 0.029349
0.981866 0.251822
0.648354 0.183203
0.821339 0.770594
0.617787 0.240508
0.26128 0.344549
0.22839 0.947322
0.173753 0.333592
0.0367286 0.537929
0.949009 0.382072
0.586734 0.95235
0.487307 0.731716
0.619645 0.370219
0.61831 0.313128
0.170691 0.518295
0.726985 0.131757
0.547644 0.708851
0.38358 0.195998
0.892054 0.204919
0.966592 0.509841
0.445427 0.227872
0.854391 0.673816
0.175193 0.0281434
0.00740853 0.211922
0.566072 0.956417
0.593994 0.152806
0.908767 0.0813004
0.884522 0.528412
0.45152 0.502833
0.84154 0.622211
0.0211275 0.568525
0.753968 0.568771
0.277375 0.137548
0.764769 0.16943
0.342467 0.731361
0.679271 0.787893
0.959233 0.533662
0.46171 0.134427
0.561805 0.469118
0.346349 0.127877
0.425536 0.940342
0.280683 0.334303
0.0216426 0.165206
0.862715 0.473162
0.668038 0.704254
0.0953733 0.689166
0.272779 0.849342
0.257937 0.550154
0.986889 0.0227061
0.719584 0.329356
0.754068 0.398855
0.117249 0.713301
0.932516 0.578959
0.847727 0.494321
0.0480768 0.194076
0.622198 0.473612
0.134418 0.902882
0.807915 0.156061
0.0680872 0.67063
0.629223 0.736125
0.374885 0.724596
0.425291 0.647664
0.573938 0.683228
0.197818 0.560827
0.705934 0.917402
0.890183 0.460002
0.316257 0.00743235
0.173302 0.248773
0.586391 0.0210293
0.743094 0.634468
0.215105 0.365293
0.10808 0.349523
0.268174 0.915996
0.505584 0.336262
0.586626 0.134807
0.0723869 0.96151
0.859403 0.497678
0.609174 0.43334
0.180906 0.806992
0.994167 0.88684
0.724394 0.884351
0.346842 0.0406502
0.891783 0.520144
0.289423 0.478174
0.541173 0.0325176
0.112642 0.756278
0.39781 0.220722
0.105801 0.665985
0.136718 0.611385
0.00224639 0.723343
0.746192 0.0746333
0.684854 0.605594
0.572311 0.294027
0.0389345 0.753217
0.101019 0.033102
0.640057 0.825413
0.917453 0.986899
0.866063 0.809235
0.507042 0.155486
0.287409 0.0482155
0.188004 0.400051
0.804494 0.585814
0.620774 0.910295
0.251799 0.757491
0.52168 0.254045
0.480835 0.267871
0.328679 0.165688
0.873466 0.90099
0.459716 0.9124
0.654207 0.560735
0.945502 0.294264
0.386147 0.862955
0.281163 0.25221
0.67219 0.788206
0.407696 0.9596
0.836421 0.5957
0.359651 0.640915
0.181514 0.980425
0.551209 0.433313
0.737916 0.0728893
0.687359 0.218751
0.340761 0.0160374
0.384439 0.214226
0.917027 0.844155
0.126626 0.571235
0.40489 0.0721284
0.865499 0.791037
0.935083 0.146662
0.0432477 0.607273
0.934868 0.450944
0.566873 0.771289
0.0466444 0.926524
0.412203 0.228159
0.906948 0.963413
0.661472 0.644864
0.036302 0.348831
0.863615 0.377063
0.364868 0.248054
0.591289 0.281896
0.0922093 0.717915
0.85313 0.497099
0.790044 0.718629
0.288137 0.725127
0.865291 0.331384
0.3324 0.800158
0.782328 0.899272
0.571447 0.828973
0.825796 0.98365
0.0571316 0.732744
0.947063 0.718604
0.377609 0.983365
0.0674345 0.241224
0.360427 0.432303
0.489278 0.951716
0.714198 0.581487
0.669632 0.567328
0.0785866 0.459675
0.285957 0.366723
0.184802 0.151248
0.698107 0.517201
0.951406 0.480436
0.416474 0.522853
0.309409 0.24227
0.506504 0.36654
0.975014 0.453566
0.0851439 0.352623
0.436931 0.152578
0.593847 0.797359
0.584881 0.0831249
0.749075 0.299079
0.664612 0.418706
0.866407 0.743199
0.878382 0.152365
0.109922 0.0631833
0.303613 0.808029
0.580385 0.255019
0.288465 0.996859
0.777873 0.597874
0.239129 0.284376
0.964414 0.214143
0.737943 0.0495581
0.566766 0.174874
0.202136 0.160613
0.972232 0.787018
0.243738 0.721307
0.0860968 0.90835
0.140014 0.952504
0.651549 0.0183954
0.104869 0.761471
0.0815787 0.408481
0.5695 0.661963
0.663501 0.857965
0.658822 0.441373
0.455839 0.897951
0.725749 0.420253
0.112094 0.463692
0.469812 0.67886
0.638566 0.671948
0.839472 0.610798
0.458966 0.0832099
0.332106 0.545062
0.99156 0.47212
0.497567 0.643108
0.490515 0.602436
0.404579 0.572094
0.0109171 0.974079
0.234057 0.674418
0.832045 0.892879
0.115791 0.287884
0.79083 0.84154
0.708138 0.902924
0.305232 0.177949
0.581784 0.943798
0.849897 0.421256
0.554597 0.308863
0.504466 0.886703
0.853926 0.496026
0.358822 0.351492
0.139134 0.849337
0.953928 0.543714
0.421431 0.964845
0.517793 0.655488
0.639263 0.349838
0.548368 0.755054
0.637722 0.339198
0.596594 0.34586
0.242122 0.901826
0.52381 0.823906
0.845625 0.373707
0.245162 0.400222
0.68257 0.749629
0.286925 0.536496
0.245655 0.645747
0.887988 0.384789
0.495085 0.841916
0.928503 0.916516
0.806761 0.446296
0.572004 0.446024
0.796134 0.120372
0.201078 0.433857
0.45957 0.797672
0.779717 0.701692
0.699498 0.303527
0.525599 0.545123
0.677234 0.770761
0.945345 0.359804
0.52039 0.232269
0.896299 0.766044
0.878016 0.784287
0.150834 0.373101
0.626203 0.0793363
0.289617 0.432964
0.525632 0.861621
0.878988 0.321767
0.981993 0.0800658
0.755623 0.441563
0.877737 0.53534
0.143256 0.577235
0.838867 0.668854
0.122358 0.5161
0.439615 0.0677032
0.875904 0.960005
0.299973 0.772203
0.72605 0.177989
0.556491 0.876883
0.55109 0.182694
0.956219 0.840707
0.615659 0.481852
0.702328 0.494647
0.803618 0.684321
0.574713 0.559241
0.125884 0.45245
0.0945815 0.26914
0.0296854 0.933448
0.937994 0.152044
0.449548 0.37761
0.219747 0.325452
0.337615 0.51972
0.0976556 0.0636645
0.697709 0.654146
0.940548 0.248799
0.83684 0.896767
0.0895058 0.452499
0.378619 0.791834
0.947146 0.182237
0.476155 0.521858
0.741479 0.602039
0.974308 0.83606
0.871178 0.00399392
0.769508 0.809173
0.156038 0.219057
0.186782 0.375785
0.544509 0.524397
0.895504 0.642165
0.588062 0.593213
0.296311 0.528609
0.842012 0.133152
0.425376 0.931518
0.585651 0.803995
0.723351 0.532796
0.986232 0.199506
0.0546548 0.727711
0.801545 0.0289633
0.563771 0.672723
0.0329573 0.33328
0.481896 0.188995
0.552336 0.668678
0.56478 0.0968453
0.193075 0.460284
0.73901 0.781137
0.0534972 0.0353209
0.309746 0.895509
0.168472 0.735122
0.827027 0.754123
0.539117 0.550378
0.286919 0.525349
0.749884 0.341574
0.25306 0.551429
0.370538 0.816832
0.224152 0.403495
0.150111 0.706048
0.59249 0.702447
0.374726 0.15727
0.799293 0.567801
0.617554 0.538303
0.348938 0.671051
0.573624 0.658683
0.56656 0.742096
0.393806 0.393587
0.496219 0.932923
0.943965 0.783138
0.458272 0.69385
0.124713 0.711332
0.245279 0.49525
0.528164 0.469431
0.898745 0.678275
0.175478 0.491235
0.380723 0.550204
0.648504 0.180016
0.118005 0.266058
0.718318 0.466942
0.937109 0.291942
0.125626 0.503669
0.034038 0.519431
0.897256 0.530257
0.452354 0.841222
0.313395 0.910626
0.535071 0.438108
0.621959 0.78035
0.933358 0.150123
0.249781 0.832103
0.828398 0.425259
0.323338 0.209121
0.975463 0.971842
0.389136 0.0934678
0.2379 0.107455
0.56041 0.175009
0.399396 0.686036
0.678678 0.433434
0.205467 0.575934
0.963691 0.657822
0.417156 0.277087
0.568448 0.952228
0.715195 0.190406
0.732578 0.648553
0.340529 0.982358
0.480657 0.168927
0.407617 0.803995
0.378048 0.38308
0.775837 0.767184
0.476548 0.0137373
0.874639 0.0369582
0.188747 0.274035
0.722994 0.867425
0.707469 0.928462
0.443359 0.671161
0.586283 0.860516
0.948248 0.154731
0.812743 0.663443
0.345137 0.545321
0.311996 0.685666
0.527679 0.792653
0.854593 0.935296
0.596647 0.232641
0.318376 0.372484
0.999825 0.794924
0.386222 0.874464
0.831882 0.574968
0.148499 0.554877
0.442393 0.855968
0.483338 0.885753
0.527129 0.0696216
0.746268 0.475377
0.224352 0.559011
0.138819 0.56949
0.104332 0.450815
0.255156 0.632011
0.243468 0.109749
0.567307 0.840115
0.34239 0.885683
0.212599 0.342215
0.680607 0.598821
0.216679 0.512489
0.173789 0.365178
0.0673658 0.616182
0.221146 0.550704
0.501934 0.748275
0.620326 0.248203
0.223651 0.844678
0.807214 0.36247
0.414168 0.911546
0.813286 0.669324
0.543556 0.0567535
0.779073 0.110863
0.896868 0.121463
0.996546 0.109468
0.463678 0.677153
0.708288 0.680357
0.189642 0.882077
0.0455348 0.257008
0.498259 0.266681
0.807712 0.000193178
0.0507115 0.411517
0.248396 0.238606
0.272716 0.0556095
0.601077 0.686884
0.967155 0.414363
0.356207 0.510711
0.471116 0.13528
0.621574 0.367985
0.256743 0.61812
0.477452 0.720421
0.295273 0.18574
0.400778 0.484915
0.0678174 0.446313
0.741923 0.566076
0.712994 0.549635
0.566269 0.727949
0.977672 0.814665
0.966555 0.250388
0.870275 0.567632
0.937271 0.83743
0.981995 0.293479
0.348141 0.453111
0.428759 0.969715
0.821096 0.685502
0.587836 0.298548
0.405923 0.883109
0.484288 0.806701
0.368024 0.552106
0.253014 0.109946
0.118182 0.966008
0.659581 0.684451
0.693957 0.637253
0.499117 0.660512
0.887641 0.369391
0.228144 0.824912
0.206821 0.210139
0.118391 0.554962
0.663251 0.547149
0.524677 0.484346
0.232651 0.112512
0.782894 0.638574
0.995621 0.267183
0.445275 0.363645
0.819289 0.698289
0.473591 0.937471
0.664297 0.133172
0.621922 0.358253
0.770425 0.121039
0.0187654 0.658066
0.49043 0.24691
0.482978 0.69725
0.457049 0.601369
0.252212 0.1203
0.148518 0.776889
0.604646 0.381169
0.889401 0.38754
0.0197423 0.885022
0.654723 0.465017
0.248667 0.474012
0.163306 0.722258
0.411483 0.827602
0.85543 0.0334054
0.185856 0.625855
0.154444 0.204621
0.283921 0.644874
0.451531 0.766899
0.342125 0.90858
0.368267 0.594337
0.0288797 0.516785
0.371225 0.633526
0.897954 0.260627
0.0210662 0.917696
0.145649 0.67579
0.382713 0.394316
0.149802 0.546019
0.116574 0.561285
0.373621 0.972004
0.59469 0.559477
0.597859 0.749135
0.764098 0.88178
0.394009 0.215629
0.648678 0.736133
0.124209 0.0169454
0.33047 0.153089
0.53373 0.701695
0.786615 0.431684
0.962322 0.807681
0.349381 0.107971
0.48347 0.732094
0.502288 0.633272
0.278113 0.618862
0.194557 0.651734
0.590866 0.789248
0.211211 0.188725
0.538382 0.97531
0.0705046 0.932391
0.190939 0.719183
0.668524 0.315148
0.736128 0.998994
0.468237 0.269859
0.70069 0.254851
0.701543 0.663012
0.062532 0.0509234
0.770983 0.546002
0.783017 0.273271
0.179275 0.0611299
0.892133 0.373832
0.712864 0.482999
0.163079 0.924075
0.671724 0.701462
0.899385 0.742229
0.633853 0.0903237
0.461411 0.302377
0.405472 0.197539
0.301371 0.873708
0.467398 0.00206053
0.128559 0.168941
0.665072 0.191091
0.219864 0.436056
0.737094 0.00288148
0.709326 0.916368
0.0640114 0.601459
0.2902 0.776876
0.0844584 0.45328
0.700951 0.756182
0.154741 0.600336
0.498411 0.788594
0.69066 0.959822
0.0909708 0.0961313
0.157362 0.392342
0.969839 0.62476
0.394402 0.0983988
0.793701 0.0594746
0.28949 0.0135648
0.49553 0.0265838
0.0164463 0.204857
0.942952 0.0804577
0.806316 0.233152
0.857333 0.890774
0.686432 0.558284
0.646957 0.841173
0.15862 0.145368
0.629767 0.84928
0.10519 0.720738
0.945411 0.262552
0.11308 0.915251
0.887312 0.507482
0.0136493 0.681012
0.566957 0.303139
0.694577 0.062487
0.329723 0.711024
0.267344 0.272675
0.791481 0.0736597
0.505828 0.648815
0.964434 0.192259
0.207099 0.611391
0.0334328 0.365719
0.756759 0.6632
0.214999 0.86195
0.383938 0.16041
0.124502 0.497018
0.0756604 0.0118135
0.00450023 0.0893097
0.692826 0.571457
0.392449 0.387403
0.633944 0.722172
0.0984267 0.901288
0.994848 0.889908
0.974947 0.500675
0.538722 0.939382
0.692935 0.745821
0.550773 0.726367
0.11154 0.307532
0.389567 0.326539
0.169481 0.773505
0.486949 0.293983
0.270523 0.562609
0.305797 0.275024
0.651919 0.998623
0.846481 0.0443678
0.386026 0.480425
0.76654 0.484452
0.381713 0.761388
0.37436 0.35666
0.262063 0.913083
0.296042 0.954997
0.658904 0.846815
0.681365 0.770444
0.154346 0.0709321
0.0969826 0.323828
0.844437 0.583931
0.617811 0.114961
0.14654 0.923608
0.389984 0.798459
0.92223 0.236465
0.842826 0.308256
0.71689 0.609367
0.792708 0.0986028
0.370754 0.167068
0.455263 0.632817
0.0801512 0.751305
0.587814 0.739055
0.59812 0.269179
0.509499 0.752466
0.340111 0.606481
0.076294 0.184549
0.190413 0.694105
0.29951 0.336953
0.617713 0.689494
0.135411 0.539943
0.925959 0.978238
0.848199 0.642849
0.587604 0.640907
0.741452 0.958359
0.807975 0.196715
0.591175 0.888126
0.94802 0.17899
0.627181 0.54614
0.448169 0.13668
0.298606 0.78828
0.743162 0.3749
0.972829 0.933575
0.0690046 0.272338
0.270527 0.686717
0.961832 0.405938
0.22666 0.887791
0.384176 0.0748587
0.530641 0.971781
0.715765 0.272093
0.930139 0.523741
0.468808 0.521315
0.411867 0.416828
0.700304 0.0390487
0.962968 0.148473
0.175729 0.261574
0.936753 0.918891
0.636473 0.909582
0.852466 0.705478
0.18192 0.122993
0.392195 0.143752
0.528931 0.618855
0.0315438 0.913107
0.693714 0.562185
0.884888 0.409479
0.834277 0.815027
0.93322 0.303085
0.336342 0.345087
0.719914 0.0366459
0.384136 0.682881
0.185119 0.559865
0.944455 0.121873
0.478756 0.580928
0.0314546 0.331222
0.286406 0.213375
0.454214 0.678601
0.357127 0.983146
0.297457 0.388671
0.896253 0.991171
0.950856 0.781141
0.40065 0.785133
0.596168 0.33387
0.0882185 0.932509
0.678957 0.808132
0.969155 0.0630934
0.491014 0.154275
0.622959 0.435469
0.276147 0.101715
0.016397 0.307602
0.432937 0.302803
0.520977 0.887151
0.981405 0.878104
0.870296 0.278861
0.266775 0.766549
0.270032 0.217631
0.54769 0.670682
0.00276403 0.143858
0.00455177 0.0909825
0.0763676 0.683509
0.899115 0.045523
0.746603 0.390128
0.199798 0.369561
0.825597 0.475945
0.471276 0.841994
0.783546 0.904213
0.144797 0.304523
0.791363 0.126202
0.182627 0.66166
0.405063 0.449402
0.428209 0.675095
0.667033 0.9759
0.345777 0.669797
0.119758 0.350328
0.76078 0.196125
0.0338375 0.659894
0.241648 0.78044
0.0500226 0.441446
0.150001 0.875619
0.917391 0.621277
0.717613 0.700937
0.52549 0.86241
0.00546021 0.316853
0.988612 0.188087
0.978513 0.393675
0.63749 0.406722
0.0687693 0.304523
0.382622 0.414546
0.974321 0.50238
0.764874 0.735101
0.698505 0.798712
0.394995 0.940154
0.579152 0.445018
0.3816 0.729153
0.320637 0.298991
0.35043 0.0382501
0.999928 0.87592
0.90066 0.00538786
0.192773 0.889272
0.193475 0.171286
0.282946 0.830965
0.578009 0.351715
0.135488 0.960631
0.766261 0.109809
0.463011 0.531135
0.84491 0.161516
0.329847 0.239905
0.10167 0.908999
0.684922 0.48327
0.638151 0.00555952
0.782261 0.988581
0.0438096 0.782189
0.864501 0.94447
0.787576 0.0572745
0.833741 0.981052
0.228561 0.116687
0.812017 0.80657
0.468403 0.947505
0.767201 0.234664
0.0573141 0.230211
0.765799 0.902224
0.391728 0.0956464
0.142128 0.493398
0.00464487 0.827051
0.976669 0.642796
0.83261 0.758929
0.631378 0.87642
0.541118 0.495879
0.82089 0.328694
0.553154 0.654631
0.309746 0.781714
0.771318 0.121763
0.588284 0.239721
0.0692678 0.355484
0.474385 0.126582
0.585696 0.240185
0.0288056 0.977424
0.335831 0.170934
0.470822 0.340476
0.997985 0.447491
0.983272 0.830595
0.20642 0.61465
0.707015 0.747538
0.110529 0.527905
0.0762325 0.663683
0.182536 0.385979
0.445397 0.953854
0.507741 0.033681
0.193576 0.577009
0.389165 0.667961
0.703591 0.974861
0.908146 0.732397
0.952285 0.243977
0.903331 0.423107
0.584453 0.901316
0.870598 0.567726
0.731911 0.077018
0.182376 0.438926
0.824556 0.292905
0.966831 0.900789
0.956587 0.149367
0.286767 0.401984
0.103222 0.794509
0.435665 0.296798
0.371518 0.824831
0.964759 0.0751088
0.799692 0.872905
0.807506 0.751977
0.116882 0.710836
0.175084 0.701335
0.612152 0.0456824
0.269061 0.344063
0.1227 0.451437
0.782989 0.947257
0.744341 0.74982
0.848045 0.700929
0.899188 0.134813
0.102913 0.00240975
0.929321 0.538578
0.299207 0.300839
0.363409 0.263966
0.375948 0.163101
0.136871 0.183453
0.915079 0.253753
0.894289 0.0901631
0.955088 0.506441
0.135845 0.224149
0.850504 0.258546
0.675586 0.633493
0.205802 0.419927
0.383314 0.0538476
0.120856 0.282502
0.18866 0.223769
0.284911 0.117981
0.762347 0.584119
0.41882 0.125756
0.848085 0.794768
0.288858 0.984956
0.978221 0.203936
0.238709 0.872511
0.294099 0.193797
0.378952 0.429945
0.417946 0.229456
0.688491 0.0935317
0.862949 0.894293
0.513459 0.246263
0.948141 0.634314
0.528765 0.136801
0.858083 0.813676
0.254782 0.620431
0.397795 0.673602
0.746187 0.24588
0.46837 0.0350447
0.230835 0.446591
0.238981 0.469544
0.319102 0.53308
0.663341 0.698054
0.963025 0.0812867
0.92751 0.651516
0.174818 0.79046
0.545809 0.688277
0.0367227 0.493949
0.322592 0.565487
0.63075 0.180675
0.379163 0.885532
0.801105 0.776958
0.559134 0.547292
0.0228376 0.0275039
0.582337 0.253673
0.474095 0.821318
0.723217 0.793197
0.354399 0.386557
0.491251 0.317424
0.467844 0.418761
0.96894 0.642663
0.209221 0.514748
0.33094 0.245944
0.00869748 0.653531
0.811431 0.639447
0.834206 0.190594
0.524979 0.635312
0.967552 0.0841129
0.182604 0.99039
0.111617 0.764941
0.244063 0.585712
0.586259 0.96728
0.378909 0.940658
0.353837 0.87016
0.258082 0.821681
0.288922 0.227021
0.464344 0.498143
0.741769 0.795283
0.744086 0.750467
0.448815 0.555517
0.389914 0.283021
0.746112 0.914893
0.918333 0.713664
0.999006 0.100937
0.704054 0.110623
0.865878 0.948117
0.696335 0.452137
0.915396 0.0752439
0.392795 0.269233
0.945404 0.650877
0.0909147 0.234326
0.877898 0.555258
0.732468 0.619667
0.350542 0.476555
0.370134 0.799356
0.032072 0.760048
0.0823775 0.778184
0.674941 0.000710236
0.491848 0.673947
0.101647 0.195902
0.78457 0.967525
0.144018 0.480905
0.419662 0.0594148
0.556149 0.812458
0.328648 0.501553
0.463334 0.419563
0.735879 0.341232
0.974821 0.468347
0.960899 0.325363
0.944902 0.331033
0.124719 0.976974
0.0910803 0.207097
0.755158 0.766021
0.207807 0.247005
0.439968 0.309454
0.442907 0.224539
0.276979 0.586925
0.705444 0.696642
0.64634 0.261592
0.509104 0.974986
0.763146 0.972434
0.394551 0.499024
0.313666 0.369372
0.967372 0.274565
0.694735 0.912274
0.605597 0.819455
0.889248 0.696678
0.0265515 0.644405
0.462699 0.234359
0.89141 0.902667
0.543813 0.334317
0.127206 0.820792
0.921242 0.832649
0.517434 0.567582
0.0942419 0.0265339
0.54257 0.857387
0.998968 0.937121
0.356412 0.312633
0.306493 0.323784
0.587198 0.00122796
0.236057 0.192795
0.820683 0.125305
0.889473 0.847234
0.76971 0.352172
0.0815927 0.661121
0.254839 0.625406
0.995438 0.382045
0.446198 0.91668
0.214694 0.963632
0.484262 0.308936
0.990166 0.0268319
0.166324 0.989134
0.963953 0.522736
0.301767 0.270445
0.846519 0.888965
0.271673 0.0825767
0.0817608 0.0923559
0.207882 0.971234
0.93959 0.977592
0.323405 0.0211827
0.638713 0.578244
0.646588 0.634151
0.960289 0.0927864
0.550832 0.174984
0.0564188 0.0350936
0.48392 0.0465851
0.0619255 0.650244
0.035719 0.0258781
0.17298 0.337486
0.296323 0.0194989
0.226452 0.567997
0.102076 0.308213
0.660353 0.309957
0.279446 0.599943
0.28755 0.602852
0.621125 0.926263
0.181096 0.267714
0.560414 0.141385
0.3605 0.111246
0.316369 0.416919
0.146339 0.800289
0.463504 0.208265
0.450533 0.499223
0.234143 0.623512
0.836709 0.530466
0.643011 0.0631614
0.0984633 0.745087
0.371374 0.758816
0.0550444 0.65082
0.358759 0.342594
0.253672 0.979884
0.268857 0.434768
0.247598 0.829271
0.576153 0.608098
0.940517 0.892522
0.0250171 0.0868565
0.692811 0.488521
0.295121 0.143343
0.987744 0.529264
0.766856 0.824454
0.0597309 0.409867
0.887615 0.158194
0.154954 0.258989
0.91701 0.209998
0.909809 0.275769
0.552592 0.163481
0.255653 0.821449
0.598249 0.503251
0.65072 0.174402
0.111349 0.591237
0.0669235 0.136366
0.678094 0.759734
0.624887 0.973215
0.903077 0.612631
0.50248 0.669933
0.437085 0.562211
0.0798001 0.3247
0.720405 0.234754
0.583689 0.637415
0.444753 0.493499
0.913184 0.997345
0.65698 0.168837
0.818794 0.255229
0.672088 0.469515
0.429631 0.783437
0.0607523 0.496554
0.919803 0.738846
0.256288 0.544691
0.712062 0.159366
0.157322 0.214541
0.829299 0.594407
0.776752 0.909099
0.919107 0.497157
0.143853 0.502797
0.134572 0.588606
0.996295 0.0477558
0.585951 0.653275
0.216593 0.404745
0.908504 0.888681
0.87426 0.338135
0.672119 0.935012
0.834689 0.591922
0.673859 0.0909777
0.136613 0.38592
0.250344 0.293935
0.600461 0.0796423
0.888342 0.377213
0.988741 0.807449
0.87437 0.132594
0.310246 0.00894182
0.7212 0.306541
0.0566976 0.307151
0.959816 0.273291
0.711896 0.86832
0.161972 0.586156
0.206455 0.83409
0.521169 0.0411446
0.426012 0.195027
0.132122 0.562625
0.580947 0.382466
0.85656 0.181409
0.462108 0.744902
0.558622 0.45085
0.552351 0.432992
0.583444 0.862597
0.441934 0.304644
0.169138 0.498632
0.611795 0.128954
0.771922 0.323692
0.997275 0.933894
0.909848 0.20373
0.767985 0.431017
0.244875 0.193997
0.626044 0.376997
0.756622 0.206991
0.759463 0.613182
0.3884 0.221571
0.358084 0.947022
0.672421 0.910435
0.380014 0.255865
0.773032 0.821948
0.560509 0.94217
0.320579 0.172304
0.0711244 0.0925016
0.495996 0.0683992
0.0263957 0.405844
0.272129 0.79438
0.836861 0.517004
0.988377 0.462904
0.894001 0.744999
0.669895 0.653464
0.358181 0.0582953
0.875035 0.716265
0.00531713 0.547456
0.626699 0.385331
0.803321 0.399731
0.207279 0.36383
0.341901 0.527858
0.536134 0.413025
0.62036 0.0321301
0.481425 0.646756
0.437974 0.753554
0.441136 0.274835
0.270558 0.429513
0.737739 0.164559
0.174512 0.407634
0.818023 0.532693
0.46593 0.693059
0.248958 0.471247
0.240515 0.875658
0.856578 0.0438356
0.275389 0.0638567
0.407665 0.61729
0.591715 0.9438
0.0303149 0.212075
0.97593 0.511739
0.85883 0.413904
0.265293 0.299966
0.688738 0.535851
0.729479 0.426477
0.70041 0.903992
0.834112 0.518434
0.436685 0.300041
0.211492 0.685643
0.771288 0.452007
0.561301 0.627866
0.495843 0.836689
0.691723 0.903508
0.453979 0.283438
0.847308 0.484294
0.495512 0.823238
0.996033 0.354343
0.237141 0.261326
0.654309 0.92588
0.797178 0.383788
0.352357 0.497588
0.28778 0.186468
0.0160215 0.724465
0.48651 0.227514
0.410108 0.257798
0.679521 0.971409
0.885664 0.175364
0.808098 0.577386
0.0788721 0.262077
0.860824 0.92618
0.746371 0.356336
0.749417 0.742404
0.710679 0.986559
0.00373022 0.364988
0.912438 0.800908
0.748776 0.264795
0.298496 0.0365556
0.451264 0.314517
0.76102 0.937773
0.542031 0.171128
0.195571 0.221552
0.142537 0.0812348
0.396916 0.950635
0.658621 0.475788
0.212712 0.519445
0.401968 0.959082
0.875782 0.151386
0.701486 0.586461
0.137944 0.705217
0.951449 0.0503827
0.506124 0.700225
0.315178 0.80462
0.73678 0.766441
0.119137 0.497801
0.704215 0.661168
0.668929 0.899786
0.882721 0.811466
0.98102 0.279637
0.762101 0.639642
0.755425 0.974812
0.159087 0.157393
0.933895 0.0348684
0.308779 0.635381
0.621329 0.446723
0.340598 0.572778
0.497106 0.846722
0.273002 0.812284
0.651342 0.0097827
0.578725 0.770479
0.507583 0.28294
0.431648 0.176512
0.182726 0.314368
0.987978 0.163746
0.594005 0.750078
0.803388 0.34943
0.724891 0.962474
0.506823 0.658785
0.997343 0.815602
0.294166 0.618672
0.262325 0.634764
0.19145 0.759431
0.481486 0.464452
0.571715 0.132828
0.474235 0.15044
0.903307 0.981818
0.43338 0.334955
0.15833 0.616105
0.649323 0.146308
0.779851 0.243328
0.896386 0.583239
0.592758 0.621276
0.545714 0.0995812
0.280062 0.543057
0.915183 0.574228
0.161729 0.177508
0.208992 0.353178
0.936939 0.690478
0.81763 0.508654
0.823307 0.291865
0.659094 0.726614
0.273683 0.0924743
0.061569 0.432014
0.70858 0.710892
0.578321 0.488431
0.954221 0.474707
0.0716704 0.546979
0.0959836 0.617384
0.64656 0.376045
0.160441 0.561743
0.950274 0.322169
0.739251 0.159266
0.675347 0.676191
0.849744 0.492978
0.184845 0.673051
0.784843 0.843939
0.399665 0.0585264
0.936414 0.461234
0.49054 0.644993
0.172126 0.0688612
0.133425 0.126347
0.543568 0.205095
0.673326 0.639552
0.822479 0.319886
0.0155975 0.98292
0.881629 0.965871
0.305089 0.62088
0.125137 0.980436
0.297071 0.974881
0.473414 0.481916
0.647932 0.258257
0.325855 0.0475969
0.316784 0.262269
0.508831 0.807324
0.907262 0.680957
0.876185 0.0406869
0.807303 0.419753
0.245782 0.480629
0.0593053 0.068261
0.800515 0.0749027
0.0511807 0.682144
0.0407738 0.35627
0.303024 0.165911
0.336706 0.600095
0.140792 0.81012
0.0820112 0.788724
0.0683771 0.407867
0.836321 0.385161
0.670136 0.345152
0.192484 0.577398
0.0261085 0.068669
0.618085 0.833412
0.488422 0.863867
0.314041 0.547728
0.932128 0.114556
0.62263 0.983308
0.796699 0.663404
0.339578 0.099723
0.829315 0.676284
0.699818 0.970107
0.486404 0.781829
0.758831 0.554781
0.189696 0.595153
0.939942 0.859832
0.940304 0.132426
0.43723 0.966413
0.201095 0.0553145
0.799825 0.689517
0.919181 0.113866
0.237245 0.851309
0.228421 0.859875
0.834618 0.0251203
0.523279 0.174196
0.124843 0.352594
0.850479 0.824661
0.322701 0.336883
0.606491 0.0815322
0.891664 0.796187
0.676685 0.831606
0.656018 0.616989
0.964031 0.0932477
0.583402 0.165126
0.148562 0.383227
0.854643 0.0677436
0.497093 0.0918879
0.919053 0.725514
0.951763 0.75367
0.750634 0.475042
0.927866 0.875477
0.827636 0.778345
0.700139 0.150336
0.115229 0.30663
0.231869 0.00689263
0.102816 0.908553
0.838498 0.758834
0.525543 0.80253
0.852082 0.108945
0.967656 0.000644338
0.492172 0.822299
0.068388 0.989265
0.914187 0.987441
0.714779 0.86595
0.741111 0.465413
0.340991 0.668977
0.34089 0.168627
0.447323 0.0410292
0.318963 0.562551
0.347659 0.550832
0.569444 0.450475
0.459385 0.407942
0.209309 0.984928
0.210471 0.0613913
0.093873 0.178127
0.0620357 0.586045
0.000426101 0.130424
0.57531 0.914613
0.117864 0.290088
0.780562 0.858975
0.755501 0.121554
0.527953 0.0963913
0.29018 0.975275
0.13742 0.609144
0.537826 0.485079
0.159975 0.10727
0.935554 0.619361
0.515212 0.144863
0.604289 0.725683
0.206255 0.698162
0.90381 0.26829
0.284207 0.904237
0.398714 0.859516
0.81885 0.516578
0.149604 0.599412
0.375554 0.905105
0.720966 0.903506
0.00149674 0.0111462
0.878781 0.138917
0.62029 0.416608
0.623996 0.780265
0.523878 0.559551
0.399626 0.0390894
0.704414 0.00391462
0.764773 0.910669
0.702076 0.668583
0.178959 0.986283
0.57282 0.577673
0.845799 0.391669
0.0942515 0.995404
0.991081 0.469805
0.900509 0.712047
0.373312 0.902006
0.723193 0.252093
0.040923 0.343483
0.668701 0.664919
0.123748 0.192578
0.22447 0.523374
0.231668 0.928884
0.52727 0.99643
0.839553 0.229365
0.665024 0.0185117
0.215648 0.237844
0.596185 0.0614471
0.629513 0.690436
0.0568507 0.620594
0.160241 0.95736
0.332641 0.533553
0.859365 0.0558348
0.785646 0.900288
0.399318 0.454347
0.565208 0.523066
0.646925 0.789678
0.0464402 0.878592
0.718562 0.573729
0.875033 0.558114
0.803094 0.540056
0.576626 0.0187419
0.7779 0.172811
0.0801891 0.407413
0.863247 0.13704
0.0280069 0.0234883
0.0943994 0.360648
0.557041 0.953765
0.416483 0.342687
0.854053 0.815801
0.797034 0.419261
0.338867 0.443959
0.208939 0.385307
0.322551 0.9275
0.959036 0.197583
0.485615 0.76213
0.73764 0.0622405
0.780872 0.515539
0.235051 0.861061
0.922952 0.0982979
0.998101 0.950959
0.121786 0.0925003
0.311607 0.678828
0.0462652 0.72809
0.0215149 0.900318
0.543891 0.818549
0.31958 0.882758
0.262507 0.528518
0.268066 0.585058
0.456019 0.227102
0.782642 0.941633
0.989232 0.520281
0.00387387 0.770104
0.0358204 0.238925
0.631165 0.958772
0.337223 0.629266
0.909731 0.459009
0.721766 0.221338
0.137836 0.768031
0.949428 0.159351
0.66835 0.49332
0.9779 0.987929
0.376078 0.240408
0.516447 0.644144
0.825466 0.972466
0.871245 0.608108
0.9141 0.860477
0.128389 0.917974
0.630581 0.164209
0.156898 0.261746
0.122981 0.494121
0.891011 0.0327124
0.95313 0.612777
0.25405 0.0909667
0.380808 0.203479
0.250318 0.049158
0.696798 0.228218
0.0370872 0.0728765
0.468626 0.553535
0.71702 0.294092
0.526001 0.588265
0.902199 0.440101
0.448742 0.0305883
0.358074 0.0793231
0.194798 0.514973
0.341069 0.317779
0.00909403 0.23208
0.350492 0.962224
0.844858 0.604542
0.053191 0.225666
0.808021 0.303509
0.274824 0.504819
0.531727 0.311911
0.577696 0.00035315
0.865446 0.294716
0.294445 0.391447
0.882981 0.196644
0.831548 0.331723
0.227233 0.189622
0.411047 0.42203
0.704594 0.752115
0.739809 0.713689
0.984196 0.090301
0.675913 0.829053
0.694843 0.729104
0.0547193 0.502864
0.0326129 0.329543
0.00768322 0.56434
0.641455 0.585379
0.564693 0.506901
0.880095 0.859138
0.898347 0.763076
0.0557827 0.729895
0.0947993 0.283015
0.919517 0.505846
0.705046 0.624111
0.257961 0.444855
0.3378 0.242157
0.535156 0.0137126
0.07121 0.229999
0.742816 0.125929
0.732863 0.775429
0.455473 0.740546
0.339769 0.0969273
0.325925 0.904463
0.603828 0.20602
0.763601 0.502175
0.969096 0.819384
0.23207 0.0638955
0.102399 0.151587
0.569741 0.807445
0.775698 0.827702
0.2523 0.113498
0.0698592 0.787457
0.127211 0.141069
0.0174558 0.870027
0.266999 0.750319
0.645457 0.722471
0.490273 0.984511
0.819398 0.816791
0.889689 0.423226
0.0228109 0.65329
0.925402 0.991907
0.472674 0.157472
0.0558025 0.575073
0.309059 0.625544
0.382518 0.0847579
0.453246 0.634818
0.198256 0.523105
0.422275 0.325467
0.664175 0.439731
0.195495 0.931173
0.19005 0.840951
0.653644 0.680915
0.826177 0.473043
0.497706 0.715866
0.896269 0.520516
0.369156 0.821671
0.512424 0.84183
0.979143 0.568226
0.416903 0.288202
0.19377 0.799421
0.37296 0.647016
0.434239 0.571217
0.170122 0.856514
0.896684 0.834296
0.296245 0.0921782
0.765469 0.486294
0.93313 0.419114
0.167209 0.759307
0.892157 0.664915
0.475173 0.788426
0.185431 0.84433
0.610097 0.697855
0.68616 0.58924
0.266081 0.103063
0.877442 0.459851
0.902485 0.250403
0.106867 0.336724
0.821619 0.276988
0.193238 0.718303
0.111285 0.489483
0.810481 0.876754
0.975778 0.743611
0.295868 0.142987
0.502918 0.188024
0.807902 0.978091
0.97645 0.993333
0.822421 0.586547
0.691188 0.508581
0.175786 0.957269
0.611645 0.0532287
0.41712 0.514129
0.303631 0.523987
0.850853 0.12525
0.800975 0.0440919
0.843553 0.912259
0.533575 0.654034
0.789013 0.509353
0.397645 0.0848809
0.65234 0.900562
0.272905 0.460242
0.878653 0.249355
0.453575 0.701074
0.835902 0.144764
0.209656 0.011688
0.102033 0.8213
0.0649167 0.519152
0.335429 0.368548
0.0431388 0.186283
0.493798 0.844114
0.230375 0.337352
0.756373 0.76395
0.991386 0.545386
0.273303 0.389031
0.630267 0.925643
0.289593 0.903172
0.385885 0.168246
0.152527 0.839461
0.869321 0.988429
0.984224 0.0789762
0.000117018 0.0862571
0.900276 0.0650337
0.605409 0.235706
0.433582 0.648548
0.421989 0.92738
0.492662 0.652364
0.264732 0.249035
0.416314 0.256117
0.794421 0.689617
0.645148 0.424689
0.61526 0.934741
0.327861 0.00114561
0.102987 0.480389
0.840607 0.972308
0.468818 0.824831
0.0512844 0.468935
0.911088 0.951561
0.533968 0.516497
0.187267 0.96755
0.165046 0.609256
0.89493 0.657707
0.261619 0.159662
0.906742 0.677933
0.415779 0.701164
0.36755 0.0609272
0.125852 0.98281
0.995668 0.453714
0.983956 0.0986558
0.934102 0.824562
0.070964 0.40292
0.649393 0.122248
0.871854 0.560481
0.0738093 0.405823
0.0769787 0.261076
0.373373 0.242024
0.870332 0.268303
0.899732 0.131951
0.427964 0.806474
0.809884 0.843743
0.507638 0.177434
0.90467 0.63349
0.160244 0.900339
0.0872037 0.1442
0.998995 0.0213059
0.968762 0.0699586
0.424226 0.618155
0.192207 0.29608
0.178636 0.266016
0.701903 0.255615
0.527093 0.0752754
0.497639 0.397424
0.343578 0.397371
0.529375 0.771542
0.203845 0.339259
0.615285 0.711483
0.516693 0.519956
0.344973 0.676937
0.420295 0.432177
0.821137 0.419289
0.453483 0.789899
0.489248 0.877708
0.408054 0.681455
0.173788 0.58669
0.947471 0.875691
0.842305 0.474564
0.950966 0.339944
0.871988 0.294544
0.737315 0.401363
0.0660865 0.941161
0.740623 0.681372
0.652644 0.257316
0.201328 0.997617
0.934254 0.621622
0.429794 0.755391
0.0409115 0.883277
0.545289 0.530159
0.760985 0.953343
0.211614 0.934773
0.540033 0.159085
0.810465 0.382338
0.633649 0.761431
0.722283 0.505637
0.0559754 0.459598
0.907001 0.122062
0.400759 0.647624
0.803434 0.0534023
0.90494 0.00476158
0.0510191 0.839194
0.626384 0.480813
0.594584 0.667295
0.36409 0.139874
0.197455 0.125075
0.0932169 0.409069
0.059848 0.63325
0.568154 0.870313
0.0155884 0.201803
0.631744 0.737871
0.707441 0.687719
0.197469 0.614442
0.809781 0.598228
0.262065 0.613215
0.65163 0.167006
0.617976 0.702649
0.00619921 0.24436
0.183462 0.600784
0.911656 0.547552
0.740657 0.10911
0.672626 0.833874
0.518179 0.732474
0.467124 0.0863331
0.602787 0.482713
0.288137 0.23453
0.220584 0.995577
0.922249 0.418053
0.610019 0.73203
0.0162807 0.872085
0.345245 0.667911
0.0390902 0.963221
0.37056 0.0452894
0.207582 0.554022
0.646073 0.119237
0.101574 0.38673
0.228347 0.774201
0.220604 0.746526
0.506675 0.687729
0.832859 0.109462
0.170441 0.120996
0.343992 0.391025
0.116573 0.266242
0.809078 0.726592
0.998272 0.825359
0.598677 0.343517
0.49327 0.637767
0.306739 0.86383
0.683057 0.51432
0.417852 0.32913
0.633557 0.519426
0.71586 0.861905
0.293627 0.936464
0.608431 0.800302
0.624193 0.44129
0.909764 0.794634
0.562286 0.253756
0.185659 0.678859
0.519853 0.994696
0.405452 0.51827
0.820096 0.00412873
0.861787 0.313365
0.641896 0.168526
0.177195 0.324953
0.682846 0.595047
0.654082 0.316404
0.114474 0.369942
0.178308 0.408101
0.306406 0.786739
0.208403 0.930599
0.22803 0.118167
0.725233 0.790316
0.371923 0.910892
0.469175 0.891921
0.905629 0.874627
0.410191 0.725724
0.878755 0.271978
0.0390897 0.520651
0.440504 0.216285
0.845604 0.12335
0.811332 0.499686
0.439754 0.925806
0.869628 0.618062
0.333906 0.176034
0.404802 0.542309
0.106632 0.632831
0.660476 0.831865
0.423147 0.0323986
0.742757 0.892322
0.924319 0.648385
0.766948 0.334511
0.37411 0.645704
0.606489 0.413199
0.166355 0.0469932
0.629484 0.011959
0.170344 0.440816
0.511645 0.610098
0.366622 0.381273
0.22816 0.700528
0.557307 0.632962
0.242837 0.663939
0.265793 0.903313
0.495804 0.68894
0.935712 0.238561
0.581262 0.860031
0.886946 0.34821
0.194542 0.261056
0.993914 0.80103
0.674255 0.160269
0.848024 0.303739
0.172228 0.0183673
0.744555 0.683873
0.628465 0.111177
0.0651461 0.856625
0.811705 0.622453
0.489587 0.0545426
0.286392 0.75538
0.957856 0.782196
0.44432 0.893567
0.0207567 0.025582
0.753598 0.907703
0.373792 0.94814
0.168759 0.367707
0.74917 0.843014
0.527976 0.597194
0.146753 0.700204
0.615561 0.891308
0.384077 0.244026
0.0743018 0.418434
0.100651 0.814191
0.0716764 0.590238
0.868733 0.358068
0.345618 0.826589
0.140264 0.789938
0.720156 0.161021
0.81552 0.473754
0.0687238 0.189313
0.421894 0.237482
0.557019 0.171064
0.080496 0.0849954
0.768258 0.227249
0.7852 0.38382
0.118557 0.169277
0.627846 0.121042
0.618501 0.728497
0.935233 0.690177
0.318735 0.803966
0.0482452 0.664354
0.630555 0.188509
0.454292 0.35071
0.34953 0.269812
0.824465 0.418254
0.459125 0.246359
0.655737 0.0161444
0.417423 0.736233
0.10114 0.185681
0.963481 0.886339
0.569501 0.0820384
0.0556164 0.197346
0.203081 0.674117
0.925844 0.138314
0.364294 0.244579
0.942279 0.412539
0.908933 0.572834
0.601049 0.363224
0.923545 0.950579
0.633037 0.748009
0.368833 0.0921615
0.994368 0.0245698
0.108306 0.41179
0.760802 0.209446
0.597471 0.724284
0.095785 0.166972
0.806322 0.151401
0.364319 0.00940277
0.825518 0.290162
0.147716 0.189812
0.534741 0.0899958
0.602352 0.443674
0.66283 0.2034
0.806898 0.586374
0.153979 0.439935
0.334384 0.522813
0.532096 0.328751
0.547382 0.640402
0.740542 0.308185
0.849848 0.338013
0.0324684 0.945633
0.504985 0.83879
0.0970341 0.869304
0.848193 0.922553
0.159466 0.99591
0.112365 0.694207
0.0859053 0.714717
0.137881 0.748735
0.918117 0.944779
0.33511 0.0720966
0.384713 0.669493
0.594909 0.916809
0.998244 0.142292
0.557211 0.738786
0.450476 0.407059
0.0767991 0.482945
0.352691 0.581784
0.321735 0.449725
0.451088 0.169928
0.372278 0.610554
0.165838 0.484643
0.304761 0.251743
0.19936 0.442641
0.000478403 0.117477
0.38742 0.335588
0.189573 0.772133
0.00508112 0.784483
0.688942 0.00332549
0.926774 0.246153
0.742112 0.377251
0.653212 0.818911
0.860196 0.005903
0.400695 0.181931
0.455628 0.851783
0.351859 0.827906
0.462337 0.517697
0.312549 0.767098
0.76944 0.511909
0.209739 0.769919
0.629386 0.597159
0.105507 0.818959
0.369292 0.110588
0.603442 0.0582342
0.113913 0.530216
0.304387 0.856025
0.907467 0.957599
0.674936 0.767663
0.963502 0.0756306
0.949594 0.41913
0.927414 0.301453
0.247037 0.389751
0.81915 0.559586
0.156849 0.58859
0.0714951 0.366588
0.358509 0.700881
0.963747 0.464016
0.519841 0.333039
0.574604 0.123283
0.391273 0.688517
0.653499 0.695661
0.544542 0.560966
0.653259 0.219478
0.328629 0.616761
0.295109 0.278223
0.0358918 0.222522
0.579676 0.282928
0.612273 0.398826
0.842514 0.769122
0.987416 0.91401
0.135709 0.345925
0.614891 0.0994563
0.809941 0.134731
0.432495 0.384545
0.258014 0.823769
0.0730629 0.911513
0.519429 0.617605
0.472479 0.172689
0.837083 0.801109
0.78945 0.132192
0.0793313 0.825342
0.354714 0.659007
0.108271 0.966987
0.0578325 0.950785
0.736109 0.0452485
0.864795 0.871818
0.391174 0.479685
0.971274 0.201115
0.614416 0.40377
0.585661 0.87243
0.227539 0.658724
0.783943 0.746968
0.276329 0.256422
0.919657 0.113412
0.0575309 0.709107
0.245604 0.136862
0.534449 0.600318
0.795869 0.64272
0.567306 0.853702
0.593505 0.303414
0.89895 0.458299
0.175233 0.290124
0.937984 0.146507
0.491239 0.552401
0.550277 0.0768998
0.424831 0.777816
0.735623 0.208774
0.524784 0.0119523
0.465196 0.44444
0.125364 0.522727
0.153547 0.370969
0.659589 0.687996
0.971287 0.455459
0.330716 0.538593
0.30916 0.92422
0.842007 0.20811
0.382519 0.0172394
0.498234 0.320504
0.163746 0.989473
0.872904 0.714023
0.0663732 0.297735
0.491839 0.801997
0.506509 0.0166224
0.813949 0.971706
0.461063 0.939313
0.494433 0.61461
0.310282 0.154022
0.302606 0.281569
0.609481 0.633321
0.820161 0.918641
0.557541 0.662168
0.126751 0.940061
0.679407 0.624986
0.260564 0.843154
0.614459 0.133469
0.557177 0.680832
0.431204 0.049016
0.482829 0.937714
0.0656384 0.296778
0.909419 0.526701
0.236091 0.403852
0.141311 0.546373
0.557875 0.443916
0.827941 0.167356
0.0772377 0.648103
0.0859969 0.634779
0.310271 0.212748
0.57484 0.989678
0.837734 0.835404
0.832832 0.452193
0.968873 0.390009
0.133025 0.400077
0.439025 0.615854
0.337791 0.504664
0.912631 0.24721
0.0313645 0.148722
0.651062 0.172675
0.695095 0.208937
0.616592 0.523036
0.376293 0.693829
0.171139 0.46229
0.328609 0.481409
0.675038 0.903448
0.471088 0.512772
0.738853 0.30392
0.964965 0.707726
0.693929 0.0979894
0.107804 0.132954
0.713843 0.445595
0.637617 0.626474
0.692805 0.668982
0.775196 0.343867
0.841657 0.470291
0.552804 0.458249
0.993327 0.929097
0.152078 0.164465
0.391387 0.480687
0.645875 0.0664252
0.384135 0.116962
0.579197 0.122988
0.420882 0.544162
0.830714 0.11481
0.642151 0.938518
0.247764 0.355994
0.384112 0.885382
0.982468 0.0769172
0.554364 0.757664
0.420784 0.396021
0.227955 0.973589
0.854269 0.221282
0.902686 0.0063474
0.385747 0.294074
0.487034 0.0316213
0.360499 0.871169
0.148583 0.939696
0.994157 0.569465
0.483858 0.824871
0.684275 0.126009
0.763389 0.932039
0.482003 0.147501
0.817421 0.464471
0.224418 0.371784
0.222135 0.645203
0.767805 0.45009
0.618792 0.622074
0.671372 0.521478
0.628422 0.0571185
0.815552 0.115456
0.0887398 0.17605
0.986625 0.237323
0.115746 0.980782
0.806788 0.599604
0.805653 0.491063
0.725612 0.569042
0.423102 0.207615
0.716543 0.240523
0.672086 0.940961
0.612308 0.894221
0.586164 0.380113
0.344312 0.204956
0.00218704 0.0156833
0.726434 0.630609
0.0728018 0.541985
0.746065 0.161542
0.718036 0.732689
0.398865 0.833782
0.713471 0.205653
0.433386 0.519124
0.696716 0.158999
0.0881653 0.119818
