0.121971 0.651419
0.0776287 0.170888
0.525114 0.724016
0.754919 0.917812
0.725359 0.569293
0.341326 0.537763
0.766258 0.885186
0.117727 0.385755
0.250904 0.774745
0.784166 0.197715
0.385565 0.642502
0.752867 0.165984
0.433735 0.232044
0.217341 0.1891
0.606067 0.782617
0.956857 0.728038
0.434036 0.0344856
0.898926 0.95915
0.758502 0.653844
0.876962 0.48386
0.223137 0.218288
0.0216234 0.989396
0.103474 0.139351
0.375151 0.354378
0.914096 0.159317
0.552093 0.29966
0.801819 0.30496
0.465645 0.235554
0.537004 0.682986
0.424655 0.143071
0.465603 0.381512
0.871108 0.899638
0.415997 0.770034
0.858789 0.174499
0.423878 0.735751
0.658359 0.647016
0.954039 0.679983
0.636411 0.0575135
0.819334 0.0115623
0.411892 0.733429
0.170879 0.963984
0.0330895 0.972699
0.268944 0.498734
0.208253 0.805948
0.18172 0.632908
0.949019 0.647322
0.0144191 0.820127
0.546961 0.430416
0.590161 0.405749
0.604915 0.0140389
0.1415 0.263275
0.661055 0.0955397
0.943257 0.297466
0.153053 0.762591
0.309028 0.564945
0.49602 0.479908
0.528929 0.52911
0.452607 0.797873
0.0278436 0.66086
0.603821 0.209563
0.293767 0.55284
0.856886 0.308187
0.372966 0.403847
0.738603 0.963127
0.809596 0.343518
0.977166 0.951096
0.606793 0.63822
0.046636 0.55005
0.935687 0.199689
0.312641 0.244715
0.764634 0.808661
0.724623 0.293563
0.337771 0.17723
0.0914362 0.365614
0.83809 0.695257
0.575178 0.131857
0.248097 0.432064
0.440044 0.621063
0.83591 0.178646
0.58419 0.645506
0.522165 0.561356
0.596603 0.128957
0.199577 0.643239
0.679007 0.135263
0.842928 0.991648
0.379978 0.607562
0.800309 0.104601
0.901125 0.13808
0.281831 0.992561
0.503694 0.119921
0.687818 0.078872
0.251778 0.935915
0.510936 0.691821
0.556979 0.346846
0.870468 0.141169
0.992352 0.392632
0.702525 0.588955
0.52159 0.902102
0.232193 0.200597
0.0373653 0.0751211
0.192245 0.417344
0.682683 0.992555
0.521945 0.583808
0.130635 0.803776
0.576369 0.634329
0.923697 0.264187
0.713201 0.175475
0.200103 0.224137
0.867296 0.757081
0.570982 0.737764
0.898251 0.563334
0.130397 0.600776
0.152289 0.651986
0.502878 0.384482
0.852583 0.540243
0.459603 0.0448287
0.957587 0.142286
0.0373834 0.479532
0.726094 0.168018
0.283308 0.302462
0.802347 0.207005
0.56665 0.515548
0.38248 0.766752
0.739684 0.249776
0.523834 0.310667
0.98754 0.422084
0.874001 0.117937
0.0228601 0.0262897
0.769923 0.525738
0.410772 0.622507
0.0659813 0.870375
0.667336 0.0235682
0.0126609 0.704719
0.5031 0.738755
0.872737 0.786408
0.0412171 0.675084
0.993413 0.607867
0.190632 0.375893
0.374619 0.930316
0.625669 0.898452
0.240983 0.61321
0.320536 0.114984
0.731147 0.343396
0.141274 0.50107
0.869135 0.552046
0.123577 0.935116
0.42242 0.790913
0.958684 0.435081
0.495632 0.461784
0.173836 0.368369
0.248192 0.215053
0.0434526 0.241606
0.82292 0.234085
0.617499 0.197539
0.164401 0.243168
0.0959909 0.405384
0.856378 0.416527
0.520368 0.587525
0.759924 0.661642
0.0885953 0.629058
0.213688 0.212172
0.564174 0.636108
0.00308507 0.522858
0.0711894 0.498717
0.984642 0.245025
0.867085 0.232835
0.460078 0.910538
0.474441 0.282998
0.144623 0.0919397
0.480537 0.309024
0.335108 0.576528
0.714408 0.191486
0.993055 0.234776
0.779012 0.752979
0.896418 0.867607
0.382037 0.110106
0.0797792 0.946212
0.746214 0.0828642
0.46907 0.817403
0.581581 0.453712
0.0624285 0.448666
0.686547 0.522507
0.359204 0.160988
0.805505 0.503827
0.252927 0.286042
0.81285 0.588036
0.86257 0.527258
0.779522 0.855625
0.762034 0.558534
0.608604 0.658452
0.42614 0.990641
0.768558 0.505919
0.936852 0.514772
0.588784 0.405922
0.332175 0.170365
0.859634 0.394603
0.619031 0.546181
0.91711 0.978235
0.707169 0.722615
0.482062 0.960096
0.00865685 0.294912
0.548132 0.871226
0.82217 0.327654
0.726851 0.584204
0.886188 0.335455
0.242656 0.312328
0.326095 0.0112141
0.818247 0.262948
0.525986 0.407031
0.66887 0.85816
0.577396 0.528504
0.252763 0.196427
0.0746857 0.169874
0.174662 0.781855
0.892489 0.656724
0.741951 0.901145
0.951636 0.290083
0.772372 0.773807
0.617737 0.499223
0.358011 0.503925
0.834677 0.600668
0.816253 0.160773
0.611882 0.6345
0.423721 0.137867
0.0415312 0.0925906
0.996028 0.618927
0.621095 0.248791
0.815354 0.695781
0.418665 0.990016
0.477635 0.311153
0.64674 0.219587
0.212299 0.598376
0.50967 0.984671
0.372183 0.127407
0.483893 0.730194
0.631332 0.318571
0.330862 0.447585
0.479343 0.942744
0.0820847 0.903064
0.0806114 0.123616
0.995655 0.0766392
0.742543 0.61675
0.325431 0.557896
0.31253 0.744095
0.547912 0.790166
0.0552488 0.194652
0.00975246 0.267548
0.793028 0.519422
0.252218 0.165211
0.646829 0.736112
0.895405 0.278161
0.0546822 0.226268
0.725746 0.534026
0.169011 0.807831
0.43709 0.249623
0.931446 0.432744
0.326262 0.673989
0.0494941 0.651693
0.231886 0.362024
0.395788 0.779798
0.15219 0.451037
0.97445 0.161943
0.718584 0.767478
0.681365 0.970803
0.932689 0.328194
0.706914 0.828094
0.606356 0.761596
0.0543617 0.332102
0.295622 0.223373
0.139932 0.732712
0.472996 0.0713787
0.165456 0.799258
0.745368 0.21495
0.450951 0.977253
0.576975 0.846739
0.757051 0.729165
0.297776 0.731501
0.891108 0.01636
0.498978 0.572473
0.987163 0.431667
0.900667 0.694077
0.259761 0.507023
0.455673 0.314123
0.839125 0.751295
0.537496 0.979057
0.484007 0.0104918
0.0504355 0.649463
0.80975 0.795803
0.864414 0.2607
0.773057 0.441389
0.107439 0.530108
0.170554 0.405215
0.261609 0.0616617
0.421575 0.760587
0.634134 0.408737
0.192254 0.534802
0.102814 0.452015
0.0418247 0.558487
0.766137 0.880949
0.309783 0.303633
0.860006 0.79379
0.314125 0.910442
0.443253 0.123875
0.706245 0.307667
0.384575 0.479302
0.749056 0.492015
0.00940956 0.91961
0.897229 0.271018
0.981271 0.318804
0.031605 0.615406
0.727541 0.223859
0.150208 0.830355
0.675874 0.192032
0.388843 0.442011
0.0729817 0.698625
0.745644 0.932988
0.492415 0.0597692
0.843429 0.935669
0.183644 0.549674
0.243336 0.568219
0.0289758 0.992392
0.0602338 0.0383854
0.912002 0.957463
0.309404 0.893273
0.276267 0.341009
0.508679 0.00380829
0.564867 0.658887
0.834164 0.240741
0.850919 0.223006
0.682752 0.923901
0.921632 0.428396
0.856889 0.414047
0.488165 0.700318
0.349716 0.671809
0.249992 0.593051
0.240028 0.278968
0.585443 0.300262
0.317353 0.497445
0.257725 0.626757
0.390718 0.533992
0.967765 0.899397
0.5378 0.532633
0.558284 0.371964
0.773373 0.409203
0.594971 0.456125
0.333104 0.516602
0.884521 0.189992
0.930649 0.372686
0.89031 0.280365
0.0444952 0.140302
0.873417 0.284524
0.41927 0.45886
0.584786 0.736623
0.956305 0.842511
0.363379 0.347022
0.376503 0.331145
0.246419 0.914304
0.863777 0.804703
0.286268 0.637151
0.213906 0.881238
0.0932757 0.547009
0.397841 0.977797
0.737002 0.32849
0.350483 0.627311
0.608855 0.394978
0.767613 0.482272
0.679501 0.186883
0.941132 0.264287
0.923506 0.897436
0.106798 0.286885
0.244459 0.483301
0.61803 0.490878
0.397605 0.481807
0.295581 0.683872
0.118957 0.509487
0.565111 0.212233
0.0564965 0.962952
0.19003 0.793498
0.291442 0.540512
0.420809 0.900297
0.93549 0.188423
0.382569 0.614992
0.375305 0.323701
0.879279 0.298811
0.221137 0.986077
0.585696 0.465595
0.469378 0.203725
0.956473 0.866982
0.685532 0.252054
0.550855 0.804489
0.761542 0.115966
0.0167222 0.818038
0.0789173 0.206752
0.611536 0.370359
0.747264 0.0323454
0.270656 0.682754
0.220768 0.653225
0.297746 0.596074
0.976926 0.177025
0.894885 0.198063
0.163102 0.48058
0.663658 0.632479
0.684306 0.620131
0.499462 0.369838
0.872186 0.0503169
0.174327 0.633727
0.166283 0.19105
0.451765 0.2452
0.397801 0.0633013
0.615559 0.145065
0.0956467 0.886215
0.82782 0.316415
0.53944 0.125566
0.912488 0.516366
0.302591 0.807373
0.714429 0.465692
0.287953 0.378087
0.0981718 0.972259
0.998218 0.597634
0.342097 0.870404
0.647951 0.516425
0.504131 0.814233
0.707474 0.955896
0.0594329 0.105276
0.0191978 0.674992
0.250341 0.114845
0.561207 0.0781607
0.431259 0.100647
0.203727 0.343748
0.617014 0.506317
0.151121 0.331443
0.97201 0.439074
0.70953 0.0701814
0.411333 0.707748
0.667815 0.75343
0.578152 0.315766
0.269855 0.0822828
0.129999 0.977329
0.0381793 0.189432
0.0826046 0.0573771
0.864424 0.332946
0.172222 0.425631
0.411106 0.603481
0.526278 0.614833
0.947229 0.143292
0.12115 0.0983491
0.474735 0.0931598
0.537423 0.184264
0.163341 0.948756
0.892012 0.831156
0.702186 0.470163
0.146922 0.972041
0.552446 0.276921
0.94937 0.590625
0.466353 0.0319751
0.648003 0.330776
0.364921 0.820224
0.756407 0.776027
0.423705 0.282685
0.39086 0.370934
0.425977 0.51201
0.469283 0.900712
0.60517 0.00670578
0.0849756 0.768511
0.955462 0.976987
0.599667 0.657648
0.447151 0.746589
0.646805 1.01746
0.0235101 0.57906
0.590222 0.489863
0.611035 0.238225
0.820639 0.975956
0.0584491 0.577046
0.751983 0.482154
0.859731 0.142843
0.853088 0.285708
0.654853 0.32237
0.18642 0.260023
0.329076 0.271396
0.0285337 0.284538
0.248383 0.628201
0.942187 0.695534
0.37479 0.571876
0.695131 0.3983
0.150936 0.285353
0.888163 0.761972
0.523578 0.708802
0.737928 0.582027
0.285849 0.489911
0.0641811 0.14558
0.632753 0.917269
0.431289 0.287606
0.239639 0.617709
0.547629 0.568716
0.889104 0.576163
0.853254 0.137487
0.204364 0.79544
0.833021 0.579154
0.367317 0.528152
0.977454 0.518253
0.813505 0.865617
0.280225 0.337082
0.57442 0.0181527
0.919109 0.860268
0.508063 0.983291
0.0058486 0.140817
0.900559 0.437137
0.428423 0.140199
0.054846 0.976052
0.708914 0.94395
0.552215 0.562168
0.0814376 0.756578
0.357609 0.914459
0.335732 0.724925
0.44261 0.313186
0.243178 0.256115
0.178804 0.523403
0.593197 0.753223
0.541556 0.512307
0.613492 0.0496191
0.495597 0.61934
0.190436 0.396157
0.0564776 0.618859
0.536356 0.111324
0.594911 0.24527
0.0552738 0.147126
0.807438 0.136711
0.903705 0.165047
0.05117 0.239437
0.889972 0.49378
0.552623 0.13315
0.749895 0.731427
0.656553 0.343092
0.48465 0.198109
0.855399 0.0981417
0.247728 0.350996
0.717482 0.438164
0.747153 0.77396
0.0570232 0.283508
0.885283 0.651934
0.528778 0.940557
0.799061 0.336216
0.0772683 0.702765
0.501263 0.128438
0.942202 0.391235
0.622218 0.494825
0.524385 0.372113
0.226252 0.180938
0.715205 0.710902
0.379047 0.570604
0.809043 0.626775
0.9216 0.526525
0.0649396 0.668752
0.300485 0.121963
0.952261 0.185768
0.773897 0.481039
0.126325 0.572958
0.817255 0.203593
0.275723 0.318518
0.332032 0.217925
0.709752 0.95425
0.71275 0.234137
0.326363 0.939001
0.415075 0.0415685
0.649903 0.794123
0.612172 0.458946
0.420898 0.533772
0.985471 0.485838
0.202525 0.285956
0.6078 0.154785
0.471724 0.381698
0.635824 0.598049
0.954656 0.453078
0.801642 0.230378
0.771596 0.133674
0.448303 0.481349
0.0879237 0.161053
0.715486 0.414287
0.100054 0.130561
0.455856 0.749956
0.924684 0.068028
0.208902 0.345582
0.6018 0.194373
0.83142 0.804325
0.480329 0.43922
0.95911 0.952053
0.820918 0.594933
0.550102 0.775573
0.0480119 0.351744
0.00595178 0.819608
0.485418 0.454255
0.300957 0.573342
0.615307 0.0164429
0.987629 0.715361
0.147004 0.443484
0.465317 0.0716883
0.511512 0.674219
0.41727 0.113312
0.868592 0.24869
0.917637 0.348922
0.68791 0.876747
0.300975 0.508828
0.47168 0.851077
0.284401 0.519692
0.202821 0.290353
0.3393 0.688239
0.744608 0.640257
0.261581 0.359915
0.6567 0.24921
0.0752761 0.803704
0.692694 0.540593
0.875393 0.204206
0.214812 0.292663
0.317518 0.0834049
0.541353 0.235156
0.432327 0.229263
0.111902 0.733302
0.738091 0.583583
0.584379 0.0224921
0.103275 0.7872
0.312845 0.442575
0.475439 0.057453
0.0828321 0.73702
0.417368 0.739532
0.98623 0.492644
0.543237 0.678923
0.0332374 0.418629
0.883129 0.24805
0.711292 0.200648
0.331455 0.252645
0.435803 0.763781
0.481908 0.547706
0.497083 0.219999
0.131288 0.0814615
0.242491 0.234563
0.868661 0.555336
0.677138 0.344101
0.612789 0.75997
0.0811208 0.0301573
0.499502 0.0673504
0.522801 0.0427388
0.746274 0.556039
0.461368 0.629403
0.804089 0.17266
0.830051 0.135543
0.425305 0.265855
0.899324 0.907213
0.813561 0.396407
0.127212 0.944849
0.477869 0.369703
0.179412 0.34653
0.92504 0.85655
0.690631 0.537829
0.61652 0.771752
0.567986 0.116023
0.839102 0.0907876
0.158761 0.585376
0.646826 0.620129
0.214779 0.450915
0.79279 0.0448306
0.586458 0.218095
0.310685 0.485783
0.125309 0.124246
0.88219 0.252521
0.0690947 0.360059
0.622224 0.248507
0.706589 0.547264
0.105057 0.39722
0.0850928 0.721577
0.168972 0.653079
0.8376 0.00807405
0.743867 0.996361
0.59345 0.390693
0.616491 0.808229
0.841608 0.40928
0.85306 0.428066
0.627375 0.163745
0.913849 0.752684
0.287991 0.796039
0.00520487 0.357086
0.156098 0.627429
0.605593 0.862687
0.174693 0.710649
0.259907 0.259786
0.432226 0.428879
0.912865 0.269826
0.436953 0.656732
0.266187 0.0304034
0.0474245 0.882678
0.838633 0.889033
0.291958 0.691693
0.317099 0.919334
0.855438 0.230948
0.672018 0.143429
0.026987 0.677222
0.500515 0.183085
0.304652 0.106108
0.0457722 0.479345
0.816757 0.30568
0.739131 0.248984
0.734559 0.651996
0.51881 0.171512
0.308728 0.784997
0.201915 0.356152
0.667675 0.0405481
0.245185 0.959633
0.732241 0.562284
0.878967 0.587679
0.793232 0.550984
0.731108 0.820219
0.228207 0.231624
0.00330359 0.532859
0.337731 0.0490758
0.0122036 0.154489
0.354755 0.751335
0.403472 0.089314
0.403331 0.922282
0.260826 0.712059
0.707279 0.462741
0.0682115 0.374954
0.50329 0.313396
0.334588 0.23553
0.87568 0.213554
0.82321 0.668912
0.764539 0.554318
0.48913 0.992746
0.785942 0.492434
0.525604 0.123673
0.54151 0.537808
0.278162 0.896265
0.289143 0.681634
0.985579 0.692474
0.603916 0.246405
0.404533 0.311196
0.709147 0.472744
0.68615 0.212436
0.786141 0.0207373
0.447967 0.661821
0.234292 0.271176
0.330733 0.998831
0.825494 0.819863
0.991576 0.611436
0.312298 0.517181
0.735109 0.853807
0.0549886 0.013271
0.750072 0.344131
0.694905 0.735652
0.0366053 0.298821
0.982057 0.441138
0.610017 0.691203
0.913883 0.296167
0.903639 0.700024
0.316904 0.351606
0.361845 0.551196
0.622782 0.692578
0.550026 0.448276
0.512441 0.541602
0.0597121 0.824739
0.0587831 0.794821
0.678546 0.113772
0.808092 0.428619
0.457903 0.502997
0.16427 0.494508
0.801819 0.146327
0.935647 0.411836
0.83753 0.849529
0.708002 0.741169
0.549553 0.0249064
0.092775 0.911398
0.576102 0.715557
0.603976 0.126128
0.163833 0.116417
0.667731 0.223545
0.941156 0.726514
0.0183664 0.619702
0.840286 0.826459
0.0483204 0.298189
0.329456 0.212591
0.792697 0.131275
0.358917 0.728344
0.54311 0.196447
0.577873 0.251113
0.937617 0.127426
0.276019 0.0303916
0.0388242 0.852121
0.745949 0.6428
0.978249 0.909782
0.759217 0.64598
0.133327 0.700372
0.372494 0.151693
0.320074 0.21278
0.978152 0.368394
0.510968 0.307608
0.580985 0.303665
0.438883 0.939902
0.0320093 0.981993
0.13635 0.609883
0.233106 0.0739663
0.737309 0.509125
0.104358 0.776133
0.361246 0.850307
0.418933 0.339496
0.760088 0.17815
0.985476 0.893415
0.878522 0.35797
0.0451081 0.198596
0.570749 0.02326
0.56699 0.0817175
0.330868 0.147975
0.385383 0.76975
0.0878775 0.417392
0.751743 0.224227
0.027275 0.984849
0.298194 0.764584
0.493974 0.402551
0.540717 0.85522
0.252858 0.95965
0.194716 0.0129461
0.1378 0.180192
0.906361 0.0163216
0.538162 0.951469
0.214917 0.108911
0.974729 0.781908
0.190628 0.305597
0.929883 0.576011
0.0753472 0.0177604
0.993404 0.82709
0.241988 0.0206786
0.811939 0.540181
0.785263 0.305913
0.942733 0.32598
0.161134 0.195591
0.28563 0.35585
0.208537 0.42343
0.536041 0.114898
0.439752 0.074203
0.066367 0.654669
0.183114 0.0410962
0.436577 0.373742
0.346693 0.366459
0.949753 0.42204
0.38422 0.943157
0.249131 0.626207
0.963836 0.06107
0.166389 0.749098
0.366983 0.109121
0.0750781 0.528117
0.304712 0.360708
0.883967 0.513248
0.784138 0.420008
0.628146 0.22389
0.494211 0.694513
0.878559 0.677325
0.73561 0.315135
0.051067 0.0823027
0.681595 0.000820457
0.504343 0.0658145
0.943977 0.753474
0.692022 0.907813
0.814544 0.85841
0.656911 0.181527
0.967532 0.731989
0.709644 0.272243
0.0926976 0.593611
0.785492 0.876836
0.0136192 0.413638
0.100725 0.50783
0.108151 0.979284
0.185155 0.843761
0.294419 0.236222
0.926064 0.976014
0.237043 0.430407
0.0418285 0.18102
0.18388 0.73385
0.0888333 0.998424
0.592261 0.745745
0.179951 0.559792
0.477734 0.889595
0.832036 0.570432
0.483206 0.617527
0.447267 0.496826
0.0311653 0.547993
0.004656 0.139317
0.527277 0.189811
0.983078 0.821696
0.426034 0.909141
0.79771 0.663076
0.339548 0.839539
0.844096 0.523428
0.573389 0.93293
0.521852 0.16565
0.678674 0.701803
0.725442 0.156408
0.591399 0.557477
0.72684 0.0746051
0.175005 0.174107
0.571431 0.20617
0.7221 0.576087
0.345487 0.249376
0.765898 0.328564
0.0710725 0.191932
0.237705 0.868783
0.855008 0.577253
0.708321 0.699104
0.100681 0.28171
0.632034 0.622533
0.44736 0.310708
0.324336 0.172802
0.467117 0.915735
0.730279 0.193956
0.99034 0.905284
0.368063 0.561771
0.111454 0.090163
0.137857 0.45694
0.339539 0.903755
0.785505 0.410612
0.095687 0.0232098
0.279395 0.950695
0.643028 0.986127
0.649799 0.701144
0.269426 0.281833
0.323677 0.716785
0.592541 0.648013
0.889587 0.0596578
0.563747 0.619866
0.253614 0.554087
0.52515 0.621677
0.115858 0.636603
0.71184 0.253715
0.0935439 0.0513797
0.157471 0.879048
0.461992 0.253158
0.902258 0.741386
0.203853 0.502721
0.729102 0.853652
0.203865 0.998528
0.135485 0.527541
0.715313 0.728026
0.175554 0.6049
0.787684 0.739301
0.224766 0.041298
0.293389 0.749916
0.662975 0.409247
0.38652 0.374816
0.662962 0.480063
0.426195 0.820433
0.359112 0.888187
0.0735911 0.26137
0.629573 0.277444
0.764091 0.358676
0.131096 0.967955
0.357203 0.266581
0.495497 0.0725166
0.994607 0.67105
0.677417 0.782291
0.410352 0.902183
0.823589 0.70374
0.652099 0.486564
0.112987 0.0386186
0.86138 0.775949
0.518682 0.287575
0.596382 0.877794
0.175762 0.669973
0.139164 0.805336
0.947417 0.903255
0.164011 0.0785128
0.87121 0.521214
0.345093 0.366707
0.593731 0.3397
0.037757 0.271148
0.121991 0.448109
0.173331 0.945579
0.151849 0.82543
0.432143 0.264836
0.864049 0.293523
0.0407848 0.382731
0.581098 0.637167
0.260525 0.75686
0.30714 0.399689
0.562195 0.254557
0.302943 0.726206
0.33307 0.174154
0.247421 0.678164
0.54086 0.841152
0.0178637 0.578617
0.1123 0.139854
0.0267258 0.285631
0.0854333 0.178575
0.111061 0.517576
0.44341 0.97511
0.811099 0.484195
0.35784 0.392197
0.121362 0.618365
0.149056 0.428502
0.0180535 0.711252
0.68306 0.320997
0.437458 0.0161301
0.49515 0.684879
0.694294 0.0360106
0.526031 0.712157
0.614628 0.63833
0.852012 0.641354
0.923961 0.937445
0.819928 0.0350218
0.455021 0.263338
0.0101313 0.26612
0.747534 0.367972
0.658317 0.868896
0.986337 0.807373
0.297398 0.00439017
0.518625 0.980458
0.325387 0.956083
0.996588 0.820537
0.640962 0.690882
0.856548 0.166993
0.403039 0.471176
0.805323 0.255051
0.112529 0.729284
0.192496 0.932458
0.764306 0.647517
0.195796 0.774437
0.913638 0.94333
0.142409 0.571955
0.812225 0.128745
0.379328 0.109623
0.133136 0.897954
0.0900813 0.458523
0.854037 0.0866693
0.27906 0.494999
0.777551 0.135608
0.661992 0.180591
0.606784 0.467315
0.435642 0.719313
0.196599 0.628138
0.651871 0.960887
0.275655 0.847567
0.735342 0.189293
0.790897 0.877751
0.761248 0.603122
0.00649608 0.140577
0.712746 0.139632
0.0385301 0.802827
0.598154 0.892567
0.889496 0.877214
0.387566 0.667048
0.0128226 0.0495572
0.847638 0.619607
0.516872 0.28328
0.33892 0.713471
0.911417 0.990691
0.674375 0.187072
0.838258 0.409717
0.376365 0.629155
0.287468 0.137613
0.232278 0.293964
0.27819 0.945024
0.433595 0.31672
0.747851 0.0317498
0.209287 0.637347
0.908964 0.596853
0.304395 0.921787
0.64641 0.152033
0.541393 0.163282
0.435313 0.880314
0.876752 0.34673
0.871005 0.551128
0.533802 0.709263
0.960845 0.910168
0.338419 0.248312
0.0477811 0.570697
0.542276 0.325971
0.51572 0.975871
0.642691 0.263571
0.00762109 0.851978
0.900918 0.916585
0.448831 0.205313
0.838372 0.0952412
0.357346 0.379766
0.258523 0.792658
0.260079 0.135275
0.139388 0.131084
0.686403 0.67319
0.840347 0.647248
0.583358 0.178766
0.89556 0.631139
0.749463 0.437836
0.95711 0.265183
0.413707 0.599801
0.528754 0.421328
0.45178 0.429672
0.337913 0.900611
0.634984 0.176285
0.995852 0.99233
0.556051 0.254375
0.784988 0.81613
0.389651 0.924376
0.947214 0.0760535
0.597566 0.787562
0.723301 0.180924
0.966328 0.618861
0.812063 0.71579
0.0566964 0.769173
0.980973 0.470403
0.368974 0.509727
0.891731 0.820754
0.939398 0.229645
0.721364 0.574382
0.40593 0.717216
0.566712 0.961981
0.971592 0.3517
0.778112 0.361242
0.276076 0.725326
0.437296 0.873642
0.512888 0.160597
0.0545658 0.479215
0.779457 0.866628
0.195005 0.836154
0.635801 0.175978
0.306557 0.00477494
0.685705 0.198288
0.825528 0.625103
0.427933 0.546893
0.199485 0.833863
0.264109 0.766197
0.795845 0.235701
0.117897 0.573956
0.596943 0.393973
0.299282 0.0342386
0.267615 0.81217
0.194835 0.322181
0.291385 0.974293
0.18881 0.48639
0.810446 0.824611
0.662369 0.117003
0.829386 0.348074
0.315292 0.654914
0.973177 0.743225
0.201807 0.172662
0.577088 0.465916
0.938859 0.372933
0.701617 0.0567568
0.946889 0.29856
0.45073 0.246171
0.332799 0.718346
0.0583405 0.527634
0.0405267 0.349725
0.501927 0.229336
0.836116 0.312373
0.0539471 0.498484
0.429377 0.883333
0.846558 0.744668
0.538247 0.819734
0.487893 0.740054
0.992396 0.0649814
0.20597 0.931256
0.437914 0.907588
0.988013 0.384803
0.206148 0.438743
0.630974 0.538947
0.157088 0.689314
0.0665815 0.197615
0.0390393 0.568508
0.426951 0.875155
0.880882 0.480898
0.373639 0.310258
0.364231 0.220197
0.0549267 0.902478
0.0399311 0.54282
0.642532 0.0323275
0.607801 0.848502
0.963583 0.0457154
0.75609 0.951596
0.430518 0.962238
0.390338 0.0614917
0.501185 0.547427
0.750806 0.567767
0.745042 0.789845
0.136275 0.171993
0.665 0.0171567
0.652891 0.0386389
0.327415 0.0171222
0.258836 0.382342
0.9196 0.298767
0.925162 0.562132
0.331094 0.532963
0.410634 0.294677
0.578678 0.166724
0.246273 0.00919658
0.128962 0.636612
0.0706883 0.630148
0.184038 0.821494
0.197914 0.92908
0.611339 0.334189
0.101072 0.276339
0.351346 0.753964
0.314978 0.678761
0.771086 0.573814
0.0611026 0.690686
0.87258 0.986264
0.252818 0.203675
0.519227 0.663452
0.498352 0.0979058
0.830177 0.744625
0.107102 0.959139
0.381237 0.177791
0.589287 0.565275
0.999285 0.787201
0.494355 0.610624
0.12139 0.595427
0.886963 0.472736
0.349391 0.201941
0.151497 0.120476
0.775755 0.2126
0.811162 0.648335
0.198864 0.0639806
0.85201 0.718091
0.727433 0.350362
0.815997 0.55761
0.0949875 0.9231
0.516749 0.476224
0.10089 0.106036
0.0414996 0.100175
0.893236 0.535854
0.710799 0.0146267
0.131281 0.597762
0.487363 0.480672
0.799703 0.63886
0.601149 0.575458
0.85146 0.412311
0.223793 0.0503239
0.476292 0.0758028
0.768415 0.203725
0.426165 0.584413
0.761334 0.521153
0.507512 0.278083
0.997377 0.608403
0.384119 0.0388766
0.708578 0.277355
0.574731 0.419377
0.291982 0.706012
0.017139 0.779345
0.186684 0.816842
0.418205 0.787833
0.3923 0.269665
0.200144 0.616093
0.319989 0.676436
0.691895 0.088404
0.88016 0.11806
0.672817 0.641495
0.639213 0.180329
0.919578 0.63659
0.788732 0.303697
0.675467 0.49731
0.581052 0.250197
0.916687 0.873034
0.95621 0.933826
0.652379 0.142894
0.750668 0.0705836
0.930727 0.142967
0.340248 0.130871
0.75906 0.660237
0.807307 0.450955
0.748641 0.687467
0.569016 0.421458
0.328962 0.208229
0.601787 0.24854
0.844819 0.390518
0.552237 0.520285
0.887828 0.133289
0.770483 0.804515
0.00632327 0.726693
0.738341 0.658702
0.869587 0.489008
0.729286 0.800314
0.631976 0.069534
0.931185 0.391036
0.729771 0.738492
0.841991 0.478412
0.425959 0.411007
0.899869 0.754921
0.619236 0.501656
-0.00858171 0.481178
0.892174 0.555699
0.98434 0.780002
0.688988 0.754823
0.584517 0.695311
0.481515 0.322858
0.354013 0.351102
0.811866 0.083299
0.151415 0.443842
0.152833 0.0826004
0.834877 0.882604
0.821092 0.676868
0.361016 0.247051
0.0878754 0.260885
0.0019728 0.707111
0.76254 0.0054344
0.171166 0.654715
0.561133 0.155505
0.434717 0.250121
0.910328 0.0192338
0.945432 0.391843
0.342091 0.299446
0.742945 0.153957
0.382745 0.89436
0.597799 0.535578
0.976961 0.432676
0.418182 0.798053
0.109545 0.779197
0.0451043 0.19742
0.0400819 0.0470771
0.904531 0.802622
0.0525115 0.0756969
0.457337 0.613645
0.231202 0.892054
0.863766 0.14153
0.911288 0.809198
0.533373 0.253379
0.108644 0.276318
0.407336 0.491389
0.170678 0.00513551
0.0269668 0.147638
0.437812 0.445148
0.945691 0.547357
0.224346 0.990795
0.744777 0.264427
0.0378726 0.649309
0.0670499 0.090384
0.725005 0.524387
0.704029 0.956208
0.416441 0.567795
0.0977378 0.327728
0.376993 0.631111
0.581107 0.485637
0.907429 0.988444
0.977026 0.0781065
0.5 0.5
0.225745 0.431391
0.449141 0.171436
0.978748 0.673487
0.162232 0.723525
0.937914 0.200104
0.372834 0.00496409
0.290488 0.0978389
0.529351 0.994517
0.0540466 0.945791
0.562311 0.151784
0.273519 0.939304
0.782895 0.854627
0.424941 0.690324
0.84307 0.401967
0.76843 0.836649
0.40596 0.994175
0.26804 0.855101
0.165611 0.246788
0.528588 0.327843
0.970313 0.466502
0.527947 0.343147
0.471466 0.818435
0.440985 0.000816999
0.812952 0.495032
0.946608 0.375264
0.646816 0.220128
0.314568 0.429712
0.0747545 0.739509
0.120036 0.917825
0.141476 0.888466
0.754474 0.547436
0.882641 0.0225141
0.402537 0.0482525
0.269302 0.931125
0.376096 0.239615
0.397627 0.904043
0.582762 0.869093
0.722478 0.0237472
0.86991 0.535431
0.518779 0.816519
0.910695 0.165596
0.0366465 0.225263
0.595307 0.111401
0.964772 0.715343
0.0292257 0.106248
0.603809 0.7837
0.653685 0.48645
0.806214 0.0562219
0.534702 0.0755158
0.987347 0.910798
0.315131 0.384974
0.814841 0.897893
0.254067 0.537319
0.92164 0.123978
0.0727498 0.440419
0.940496 0.983444
0.632481 0.985584
0.208707 0.201322
0.0885438 0.173479
0.916665 0.117769
0.279727 0.520474
0.901469 0.933412
0.00692379 0.707683
0.989634 0.541626
0.783198 0.976981
0.452424 0.0983295
0.361955 0.267265
0.996222 0.616022
0.804584 0.917862
0.74 0.877334
0.358281 0.680496
0.860778 0.964296
0.657639 0.069485
0.165618 0.746183
0.242964 0.0822836
0.863952 0.522691
0.602758 0.765421
0.456103 0.609681
0.473104 0.445737
0.151308 0.256302
0.422717 0.603732
0.354632 0.784672
0.870997 0.350854
0.400695 0.675581
0.268716 0.140694
0.552914 0.626997
0.82119 0.413692
0.591293 0.478829
0.483177 0.756912
0.225012 0.726141
0.839195 0.0889638
0.248832 0.441953
0.854385 0.704935
0.0516342 0.327489
0.150672 0.202942
0.583791 0.573389
0.806673 0.938422
0.358061 0.67767
0.289276 0.758756
0.353251 0.557992
0.89945 0.906165
0.184989 0.720641
0.319857 0.776283
0.19947 0.803035
0.533194 0.424482
0.529176 0.37239
0.513446 0.778008
0.814343 0.36783
0.482944 0.865977
0.695319 0.633615
0.0689185 0.27911
0.207004 0.875592
0.217532 0.565066
0.553262 0.506808
0.323822 0.906513
0.0648 0.223272
0.812678 0.249789
0.943913 0.132535
0.0260717 0.143383
0.93557 0.559266
0.567865 0.464746
0.931656 0.0813101
0.242754 0.745998
0.449141 0.725698
0.611975 0.14446
0.359313 0.680894
0.423569 0.566318
0.556486 0.641101
0.131384 0.109748
0.147909 0.455205
0.0162601 0.212709
0.678477 0.828938
0.462498 0.62239
0.961473 0.48857
0.765773 0.897042
0.0478362 0.333638
0.361788 0.979492
0.414948 0.604543
0.72549 0.864088
0.330241 0.337466
0.00854774 0.689554
0.0183594 0.432117
0.255872 0.574845
0.073218 0.387255
0.684593 0.221127
0.842461 0.700853
0.433836 0.520938
0.52979 0.896335
0.143328 0.491263
0.384905 0.909101
0.388305 0.432741
0.242739 0.750094
0.412233 0.657687
0.354637 0.137724
0.521775 0.684877
0.475189 0.530323
0.374432 0.493549
0.962439 0.630303
0.0683939 0.0356575
0.0175589 0.752986
0.256785 0.86002
0.453839 0.690621
0.380958 0.983629
0.586956 0.524286
0.474892 0.971861
0.433388 0.863198
0.404602 0.676127
0.613292 0.816836
0.333813 0.967928
0.954559 0.855588
0.652806 0.429749
0.38591 0.0272372
0.923298 0.34835
0.657541 0.991692
0.384007 0.6751
0.744678 0.640792
0.535119 0.198517
0.331413 0.916077
0.182146 0.918369
0.440363 0.657039
0.89023 0.873751
0.520236 0.294832
0.549877 0.133528
0.111668 0.88369
0.101456 0.0662269
0.739278 0.754262
0.495976 0.125189
0.781499 0.419273
0.473538 0.43904
0.410965 0.857546
0.114139 0.155642
0.498338 0.649258
0.354159 0.829751
0.565335 0.536306
0.74812 0.0056984
0.193344 0.63835
0.879449 0.713581
0.933182 0.429327
0.847109 0.0448496
0.313017 0.948565
0.111077 0.0522954
0.702826 0.607052
0.177484 0.484325
0.0263253 0.651023
0.923365 0.43729
0.508568 0.0375038
0.592932 0.00690599
0.686762 0.947092
0.836657 0.252097
0.483397 0.584777
0.257796 0.676742
0.223126 0.137245
0.390322 0.156308
0.566571 0.237431
0.201158 0.879589
0.185996 0.312234
0.931884 0.888822
0.919287 0.109368
0.373147 0.945612
0.760391 0.296512
0.382902 0.268959
0.334016 0.975834
0.275865 0.0207776
0.922926 0.112522
0.272875 0.406323
0.697298 0.53067
0.0830648 0.920424
0.667915 0.473387
0.0767325 0.234487
0.710818 0.27789
0.114075 0.896814
0.590125 0.0459591
0.785636 0.509411
0.155327 0.158783
0.455023 0.915718
0.455295 0.837925
0.184676 0.789311
0.813759 0.460541
0.810088 0.736685
0.573063 0.0829631
0.143008 0.270361
0.613634 0.226073
0.190785 0.281549
0.69946 0.267518
0.516036 0.410279
0.545408 0.630111
0.307093 0.135533
0.67607 0.0927289
0.644944 0.831397
0.251512 0.0999674
0.747115 0.706807
0.937893 0.931791
0.496118 0.751652
0.392332 0.306206
0.488337 0.965395
0.389169 0.631345
0.235756 0.00280284
0.857418 0.426541
0.284352 0.556878
0.694058 0.800387
0.967157 0.239466
0.430498 0.27425
0.374999 0.106568
0.366979 0.0199429
0.937965 0.618491
0.11991 0.685079
0.325298 0.0578029
0.61687 0.821416
0.809455 0.00920235
0.127622 0.297792
0.974597 0.516791
0.929137 0.210353
0.519594 0.786555
0.636893 0.803946
0.343433 0.330951
0.604333 0.310591
0.570418 0.0348311
0.584841 0.945416
0.141399 0.95182
0.965359 0.0793638
0.570311 0.0852697
0.764443 0.895609
0.143073 0.381313
0.717025 0.952527
0.390516 0.844647
0.250319 0.365113
0.361439 0.179456
0.575466 0.881033
0.966011 0.212359
0.684979 0.309445
0.54331 0.289312
0.620036 0.113728
0.324143 0.204876
0.0591444 0.465542
0.156696 0.0245037
0.544906 0.727007
0.109773 0.309349
0.622616 0.252846
0.690662 0.339641
0.205373 0.0811781
0.184288 0.455693
0.446291 0.545727
0.635149 0.0217566
0.42676 0.60116
0.234115 0.111739
0.910605 0.777426
0.401051 0.530641
0.891154 0.725194
0.735517 0.950298
0.190736 0.892213
0.974802 0.735642
0.61922 0.0845751
0.0449905 0.241836
0.337421 0.735653
0.581477 0.542795
0.816831 0.765765
0.998487 0.263122
0.311492 0.633636
0.284879 0.738252
0.234797 0.518994
0.849991 0.145402
0.29642 0.251042
0.676043 0.187573
0.976235 0.41156
0.137871 0.166971
0.303773 0.112673
0.902613 0.922993
0.197248 0.947603
0.164829 0.534669
0.683256 0.746306
0.077464 0.500087
0.512071 0.0759514
0.763209 0.823563
0.709588 0.0480875
0.561816 0.944385
0.567081 0.411807
0.0897866 0.863501
0.662849 0.765829
0.0510746 0.639084
0.177389 0.188946
0.806055 0.481162
0.301619 0.708668
0.404154 0.498868
0.656271 0.568983
0.0335371 0.339527
0.315289 0.111001
0.839614 0.82736
0.186952 0.602823
0.650923 0.89654
0.650911 0.212739
0.840925 0.217992
0.624546 0.930712
0.0814932 0.287394
0.696541 0.132568
0.926478 0.87393
0.321514 0.732533
0.355092 0.623133
0.441201 0.759246
0.122001 0.0974722
0.328229 0.155538
0.436999 0.643518
0.266539 0.276613
0.470878 0.453491
0.879436 0.121801
0.350032 0.530347
0.33454 0.190956
0.748339 0.959085
0.121668 0.829832
0.24648 0.818209
0.9624 0.172958
0.692139 0.283914
0.905492 0.0472306
0.907047 0.346693
0.806477 0.0290475
0.444165 0.134706
0.184585 0.881164
0.778224 0.451124
0.157778 0.249102
0.904615 0.037214
0.370903 0.254647
0.567561 0.705442
0.445603 0.3159
0.664528 0.567271
0.145732 0.911007
0.38548 0.108132
0.0839654 0.0776192
0.392046 0.989457
0.12485 0.299093
0.33615 0.931327
0.32814 0.780315
0.0660328 0.512726
0.661479 0.844257
0.96385 0.819256
0.0933587 0.868465
0.85647 0.464261
0.123112 0.424031
0.169703 0.568716
0.739932 0.834231
0.135987 0.885664
0.745238 0.521467
0.993796 0.829204
0.599087 0.385842
0.818661 0.723936
0.684935 0.15481
0.655263 0.013075
0.935125 0.721296
0.525801 0.596604
0.565553 0.48965
0.41586 0.658912
0.358115 0.272331
0.123173 0.481227
0.696362 0.292876
0.0499429 0.436294
0.127107 0.18593
0.321957 0.872345
0.707397 0.315753
0.701549 0.306484
0.701595 0.52021
0.0304205 0.38653
0.67502 0.685684
0.399605 0.610145
0.40698 0.925405
0.206748 0.972532
0.415056 0.622608
0.631444 0.773171
0.894939 0.754617
0.254399 0.591301
0.047493 0.304342
0.0275945 0.1746
0.490271 0.349552
0.0469455 0.197669
0.665305 0.748494
0.504153 0.3669
0.268704 0.534573
0.75343 0.943724
0.220257 0.153035
0.553868 0.627236
0.0784402 0.760617
0.599769 0.493496
0.383225 0.231213
0.266667 0.278164
0.98583 0.521066
0.869465 0.0333228
0.825407 0.897059
0.207923 0.315679
0.246611 0.254868
0.513348 0.911916
0.00336285 0.0175005
0.278816 0.272067
0.552074 0.0322458
0.215791 0.772331
0.18528 0.769659
0.399567 0.263721
0.530276 0.999336
0.757217 0.913501
0.230549 0.0238838
0.191665 0.216379
0.544949 0.0611298
0.249702 0.370357
0.958189 0.457625
0.686036 0.2048
0.712493 0.199383
0.116716 0.715856
0.216884 0.395532
0.987923 0.768957
0.427778 0.203714
0.541288 0.613058
0.973373 0.940856
0.876779 0.503649
0.940192 0.633996
0.41715 0.170741
0.657879 0.608815
0.38712 0.202829
0.669945 0.636822
0.573186 0.628134
0.0944462 0.259221
0.832934 0.806939
0.458604 0.94965
0.522795 0.675488
0.345182 0.510718
0.444445 0.77296
0.714432 0.985734
0.386019 0.687805
0.926589 0.262798
0.191454 0.866781
0.896793 0.608604
0.0375218 0.554673
0.217419 0.424642
0.757501 0.887364
0.0614631 0.330687
0.515498 0.155909
0.589908 0.348432
0.962849 0.0485126
0.298082 0.485644
0.724001 0.643265
0.996362 0.168446
0.416225 0.710794
0.15418 0.802244
0.398598 0.0807691
0.0650412 0.590052
0.94755 0.961834
0.198656 0.985072
0.516507 0.416075
0.409713 0.274008
0.303438 0.471176
0.604696 0.818936
0.627086 0.194604
0.167368 0.589934
0.243116 0.465451
0.0755783 0.967117
0.108716 0.0719402
0.135563 0.524941
0.782734 0.289743
0.327184 0.181332
0.370512 0.392226
0.771384 0.318062
0.35406 0.97004
0.303134 0.870567
0.386114 0.712847
0.144575 0.689553
0.184024 0.749271
0.508489 0.811109
0.943875 0.675857
0.401044 0.186991
0.141308 0.476622
0.154108 0.250024
0.548562 0.289671
0.774965 0.331296
0.579414 0.102149
0.512628 0.949926
0.494375 0.284012
0.267988 0.848435
0.254052 0.571122
0.719002 0.640166
0.283969 0.863577
0.329718 0.467993
0.612848 0.838207
0.279102 0.556722
0.514065 0.680146
0.743714 0.655373
0.156768 0.897822
0.905397 0.705331
0.187493 0.680362
0.0366269 0.766907
0.782511 0.549255
0.716834 0.276886
0.833267 0.984822
0.12532 0.0873188
0.555944 0.844322
0.727485 0.839914
0.707899 0.0572031
0.307907 0.320746
0.895411 0.587009
0.877469 0.409475
0.267155 0.621182
0.0648485 0.423924
0.519004 0.970246
0.129254 0.706497
0.650608 0.165881
0.473404 0.433119
0.715136 0.190238
0.710004 0.548404
0.17506 0.835325
0.635722 0.731004
0.679646 0.363207
0.570918 0.387545
0.42041 0.878825
0.708291 0.315821
0.465834 0.58576
0.725296 0.732989
0.206942 0.790145
0.156912 0.725946
0.76039 0.286167
0.432443 0.410998
0.452048 0.905848
0.844117 0.167185
0.0960857 0.554121
0.715588 0.271146
0.389445 0.351311
0.00215005 0.0690916
0.714518 0.573068
0.456637 0.134928
0.451893 0.164928
0.450749 0.917726
0.750688 0.176045
0.650848 0.957591
0.96619 0.807627
0.683577 0.72658
0.0937944 0.11602
0.137578 0.545843
0.0218678 0.981695
0.713027 0.117953
0.535816 0.428616
0.389099 0.925261
0.779926 0.391249
0.994352 0.494444
0.964317 0.450989
0.629373 0.41621
0.615917 0.0801216
0.333936 0.366605
0.256167 0.984651
0.324235 0.222357
0.792279 0.00781157
0.948937 0.886073
0.123832 0.0865154
0.431916 0.145699
0.0682102 0.144943
0.263653 0.604026
0.573559 0.652752
0.529287 0.353485
0.0440014 0.523639
0.847929 0.00831867
0.974628 0.477302
0.424529 0.590545
0.557423 0.758465
0.95715 0.81359
0.743116 0.281385
0.0359472 0.535394
0.289196 0.984884
0.421467 0.413028
0.0713997 0.853383
0.558727 0.13961
0.998326 0.82238
0.743636 0.571884
0.475132 0.272922
0.925369 0.519133
0.796561 0.773299
0.527452 0.77119
0.250601 0.951981
0.361735 0.808024
0.710445 0.318884
0.621614 0.453561
0.600269 0.657562
0.988956 0.889465
0.642446 0.410423
0.302493 0.713846
0.263806 0.86122
0.853456 0.262132
0.6836 0.597091
0.834016 0.158733
0.870014 0.759386
0.677866 0.666575
0.532684 0.205318
0.437765 0.783285
0.157299 0.799499
0.591309 0.867744
0.118383 0.212924
0.321305 0.718652
0.870485 0.310261
0.608118 0.512931
0.720684 0.910611
0.226777 0.98449
0.771831 0.0802324
0.246622 0.455431
0.677324 0.0806378
0.614164 0.547337
0.840024 0.29203
0.213912 0.372708
0.497348 0.651677
0.155993 0.654647
0.451176 0.747302
0.522391 0.569559
0.960226 0.843697
0.288211 0.830711
0.153958 0.896329
0.343642 0.874641
0.80694 0.570419
0.859131 0.578771
0.650651 0.105753
0.0342023 0.327975
0.186391 0.648366
0.875312 0.026414
0.940396 0.0892244
0.399122 0.437744
0.740901 0.555115
0.0923914 0.192077
0.302417 0.614783
0.761636 0.262643
0.458479 0.0498476
0.0933536 0.612437
0.946177 0.436996
0.487078 0.753116
0.00741432 0.346209
0.331887 0.658065
0.451962 0.36609
0.98604 0.638352
0.0144559 0.861352
0.664827 0.954828
0.950577 0.0638884
0.392597 0.691478
0.619003 0.484988
0.883555 0.92142
0.0997708 0.645191
0.184063 0.55825
0.695039 0.277417
0.170687 0.641215
0.714412 0.657765
0.394332 0.721827
0.00397421 0.726219
0.379892 0.455936
0.0923087 0.365932
0.0942886 0.106765
0.227285 0.759055
0.0616169 0.177861
0.822944 0.454214
0.869339 0.441947
0.939202 0.752894
0.363367 0.0389726
0.398086 0.54743
0.597223 0.0931244
0.824847 0.767909
0.73434 0.539259
0.425674 0.128672
0.261086 0.429649
0.854891 0.640978
0.885585 0.947199
0.00691057 0.979873
0.0539641 0.234195
0.738929 0.115581
0.412057 0.561872
0.569795 0.281396
0.0038189 0.508996
0.0342903 0.367186
0.547969 0.432376
0.914617 0.145192
0.5255 0.739464
0.913101 0.25984
0.278723 0.338776
0.388512 0.539809
0.768424 0.243403
0.180787 0.654009
0.190602 0.187698
0.633882 0.244566
0.421893 0.372811
0.360147 0.83395
0.934683 0.929942
0.115346 0.938502
0.438938 0.149636
0.305688 0.986907
0.582012 0.220305
0.132098 0.107512
0.959768 0.0451996
0.367352 0.238491
0.383975 0.755864
0.778301 0.152399
0.999266 0.959088
0.806408 0.189868
0.146786 0.440291
0.434434 0.568679
0.813102 0.794581
0.402629 0.747785
0.724523 0.517975
0.686286 0.163461
0.667611 0.991974
0.150368 0.249623
0.212279 0.282466
0.357135 0.172047
0.327666 0.724488
0.410538 0.711641
0.480351 0.188839
0.86404 0.479618
0.147927 0.670449
0.669486 0.294713
0.110739 0.103921
0.863392 0.923841
0.898502 0.266022
0.671626 0.623025
0.783997 0.357912
0.786486 0.451608
0.349886 0.936853
0.701231 0.562165
0.21932 0.0583668
0.734213 0.546985
0.782854 0.144751
0.258626 0.263206
0.33359 0.122666
0.742824 0.481517
0.793115 0.41231
0.77623 0.903854
0.516231 0.639622
0.827695 0.414733
0.905644 0.499321
0.0377577 0.689641
0.857233 0.824243
0.141249 0.207119
0.761097 0.842481
0.769285 0.980416
0.900847 0.503497
0.527402 0.683702
0.648248 0.786028
0.946908 0.981838
0.908694 0.689732
0.463355 0.701809
0.102042 0.239585
0.605663 0.618272
0.879208 0.433359
0.033005 0.784852
0.932679 0.0707627
0.474493 0.789912
0.895006 0.615742
0.997031 0.656103
0.458223 0.766315
0.636519 0.35907
0.269813 0.163921
0.0427722 0.918061
0.949949 0.98968
0.8999 0.858643
0.679412 0.363255
0.560452 0.781453
0.60284 0.166116
0.399725 0.482048
0.599474 0.43273
0.266901 0.532153
0.503493 0.741394
0.322065 0.398499
0.357136 0.319096
0.0546021 0.815359
0.0854114 0.691121
0.174429 0.355224
0.855042 0.217201
0.273285 0.804991
0.206881 0.173185
0.663634 0.886293
0.53644 0.224086
0.667746 0.13928
0.390201 0.0674714
0.65104 1.00142
0.500202 0.888229
0.521828 0.00369507
0.629623 0.843894
0.402194 0.986759
0.162989 0.456796
0.802118 0.248401
0.147918 0.976547
0.603625 0.0029598
0.193749 0.87691
0.807951 0.40063
0.0500952 0.471584
0.286923 0.586535
0.69567 0.954669
0.725815 0.0858709
0.0221403 0.347144
0.0755461 0.522342
0.235373 0.597375
0.526037 0.864996
0.441268 0.928232
0.851755 0.604258
0.385028 0.653873
0.852658 0.532946
0.630421 0.456284
0.535906 0.824169
0.333194 0.343856
0.224799 0.383289
0.81544 0.511722
0.969824 0.51111
0.466391 0.695639
0.596981 0.488531
0.0427835 0.672527
0.0108737 0.278157
0.269901 0.536911
0.143153 0.71117
0.465143 0.994909
0.315427 0.850171
0.648782 0.168086
0.383116 0.279203
0.624369 0.919022
0.103372 0.957563
0.262878 0.328171
0.340852 0.0783182
0.839894 0.310676
0.589428 0.306285
0.00631556 0.186409
0.794816 0.0490991
0.858936 0.80569
0.327256 0.128837
0.342601 0.470409
0.840007 0.807743
0.465318 0.155434
0.657914 0.1141
0.323519 0.0410306
0.393303 0.947889
0.960053 0.496675
0.905452 0.222931
0.824847 0.246304
0.301249 0.66474
0.55698 0.890677
0.971025 0.563295
0.0770856 0.765841
0.612395 0.936021
0.571531 0.939651
0.0648584 0.914132
0.41006 0.904865
0.721875 0.875378
0.060299 0.37979
0.989479 0.383818
0.42082 0.382782
0.331707 0.380873
0.879457 0.237159
0.603803 0.704304
0.483462 0.905052
0.369045 0.0404424
0.795729 0.34007
0.603738 0.872814
0.105911 0.216132
0.808836 0.677442
0.155783 0.873694
0.591574 0.565843
0.778559 0.313449
0.441221 0.838858
0.693239 0.430699
0.222677 0.114059
0.813481 0.554384
0.494932 0.692939
0.791542 0.0987347
0.397243 0.275005
0.00378659 0.766288
0.315447 0.799515
0.106357 0.919185
0.672329 0.212268
0.135317 0.481165
0.88971 0.2911
0.354859 0.481284
0.856943 0.133418
0.794734 0.298164
0.972276 0.487973
0.728863 0.194953
0.602032 0.542345
0.749336 0.0969633
0.235283 0.540879
0.195698 0.632526
0.815884 0.199485
0.398814 0.131331
0.999 0.505171
0.0505158 0.671329
0.71744 0.185833
0.152494 0.60715
0.476933 0.507353
0.0884344 0.333876
0.640771 0.883168
0.63204 0.613048
0.371141 0.360903
0.808 0.973173
0.903248 0.557337
0.0701361 0.138531
0.0982154 0.265834
0.771058 0.914099
0.465319 0.169871
0.0454298 0.464319
0.675043 0.0959457
0.135648 0.392482
0.281779 0.288142
0.999632 0.758712
0.795496 0.0880665
0.0925886 0.436267
0.971235 0.724629
0.0493149 0.342376
0.0855323 0.857315
0.315549 0.98878
0.414652 0.385685
0.127312 0.512867
0.651519 0.898369
0.426966 0.116837
0.0682407 0.472396
0.581156 0.743283
0.568342 0.716804
0.135765 0.850121
0.00494641 0.135398
0.608833 0.800442
0.223464 0.701422
0.236709 0.194699
0.42605 0.286024
0.537075 0.511583
0.14334 0.852623
0.500363 0.557992
0.238308 0.627675
0.0708589 0.889827
0.526044 0.497825
0.00666404 0.594285
0.970222 0.58782
0.337568 0.538563
0.304624 0.473333
0.388684 0.309571
0.63734 1.00241
0.110013 0.832195
0.698939 0.346722
0.0268938 0.124989
0.632746 0.563969
0.636572 0.776086
0.416592 0.136935
0.334078 0.6549
0.76461 0.404936
0.544726 0.290654
0.902762 0.55139
0.884938 0.872983
0.13921 0.222506
0.411547 0.443835
0.695839 0.800231
0.753405 0.30457
0.797748 0.863418
0.136765 0.496687
0.21014 0.163659
0.621676 0.842886
0.727627 0.258249
0.618972 0.144219
0.395184 0.95305
0.799119 0.159793
0.357986 0.343845
0.450447 0.260748
0.895235 0.335385
0.133732 0.0344454
0.557891 0.545278
0.47828 0.25373
0.34551 0.231685
0.5583 0.143258
0.0951028 0.695065
0.639945 0.305243
0.858723 0.261621
0.148129 0.58635
0.51987 0.767101
0.730569 0.915054
0.720151 0.529688
0.0748468 0.0781377
0.873533 0.525294
0.338886 0.768768
0.860679 0.472618
0.803213 0.418569
0.017896 0.281493
0.672299 0.363406
0.513178 0.230599
0.506663 0.608281
0.925664 0.146608
0.913523 0.784387
0.40823 0.0616525
0.370737 0.9281
0.828754 0.101307
0.843153 0.548905
0.630995 0.918
0.627043 0.504527
0.443294 0.965929
0.273295 0.303972
0.438546 0.076508
0.722542 0.456442
0.358001 0.394841
0.819848 0.871179
0.62544 0.326511
0.47946 0.551104
0.47312 0.392983
0.335491 0.881349
0.454636 0.706228
0.809449 0.28339
0.807535 0.652603
0.832295 0.438529
0.570603 0.459338
0.931856 -0.00598928
0.425266 0.216351
0.317869 0.863813
0.292859 0.0404111
0.320255 0.65086
0.435252 0.140103
0.52204 0.0606919
0.466614 0.00149931
0.611796 0.939734
0.394483 0.947286
0.821083 0.849118
0.653514 0.630532
0.132508 0.461049
0.283135 0.964803
0.899578 0.853738
0.42414 0.842635
0.867635 0.849407
0.0589859 0.185504
0.71322 0.351845
0.225915 0.0334746
0.00270581 0.661167
0.173578 0.524745
0.721859 0.640192
0.526245 0.333655
0.579925 0.920727
0.280941 0.401008
0.769845 0.934455
0.0315407 0.902353
0.395504 0.314676
0.867156 0.295082
0.168414 0.291296
0.137716 0.0360485
0.140703 0.196702
0.221553 0.853922
0.548548 0.447468
0.887397 0.551253
0.108636 0.0609743
0.0759987 0.830495
0.701166 0.602243
0.16415 0.281091
0.522971 0.445091
0.6821 0.292816
0.379546 0.713641
0.195169 0.77505
0.0283162 0.0623247
0.0701315 0.19673
0.353621 0.207848
0.232778 0.494323
0.40455 0.454331
0.348245 0.953098
0.901799 0.235642
0.504351 0.0104351
0.296616 0.58035
0.84093 0.997782
0.182593 0.00508
0.278874 0.705564
0.450171 0.960974
0.99838 0.829717
0.674614 0.193549
0.604766 0.70293
0.255873 0.674898
0.89966 0.609494
0.882746 0.132439
0.103817 0.287296
0.58677 0.452062
0.240393 0.488569
0.687704 0.744744
0.499004 0.98432
0.325094 0.339935
0.982102 0.507687
0.345015 0.260976
0.213251 0.795185
0.22195 0.211631
0.624902 0.896564
0.405179 0.229668
0.599494 0.661052
0.904566 0.499155
0.270546 0.787312
0.631593 0.374363
0.0746075 0.218363
0.826425 0.315001
0.706932 0.514129
0.0597453 0.205937
0.498449 0.384839
0.545871 0.480552
0.892527 0.890886
0.741528 0.105778
0.686071 0.963478
0.317409 0.310973
0.860042 0.722588
0.540641 0.459536
0.38364 0.445208
0.958691 0.654186
0.232519 0.590284
0.0285493 0.307127
0.808647 0.854975
0.622128 0.51558
0.369104 0.681873
0.721516 0.867553
0.0667125 0.267387
0.348105 0.959239
0.158273 0.0896328
0.0650173 0.844344
0.0531107 0.382426
0.155317 0.913153
0.105014 0.695959
0.372689 0.488654
0.141166 0.33138
0.14284 0.373686
0.921664 0.171389
0.680813 0.730311
0.0263637 0.302941
0.245891 0.395467
0.984814 0.967407
0.26302 0.0515262
0.234794 0.611125
0.0107656 0.393068
0.700758 0.0757829
0.237412 0.753869
0.458209 0.392729
0.667021 0.563222
0.0886879 0.0397102
0.0518759 0.229854
0.37109 0.194716
0.60354 0.292754
0.366105 0.284353
0.023065 0.392469
0.587294 0.268956
0.787936 0.572107
0.236363 0.0509565
0.623634 0.471157
0.662082 0.634399
0.864224 0.36284
0.710182 0.101636
0.116708 0.168391
0.494365 0.78373
0.731613 0.583053
0.82344 0.783489
0.812908 0.19453
0.978205 0.416448
0.487284 0.34431
0.700801 0.510349
0.736779 0.288095
0.779304 0.524715
0.860202 0.0156671
0.575671 0.483836
0.486824 0.237753
0.118235 0.351049
0.600593 0.828417
0.452685 0.717301
0.996808 0.94705
0.501031 0.728421
0.530103 0.324471
0.51191 0.343011
0.519001 0.490114
0.759459 0.00628446
0.834424 0.46026
0.516633 0.571203
0.748355 0.295938
0.0959172 0.608557
0.311605 0.671588
0.0923929 0.798429
0.909341 0.210628
0.149478 0.509934
0.0390444 0.602162
0.227235 0.0358519
0.549213 0.728266
0.764273 0.079316
0.0527365 0.276182
0.422327 0.571737
0.766296 0.181786
0.578022 0.60072
0.642046 0.0946549
0.171923 0.390401
0.390593 0.26784
0.998958 0.702197
0.939429 0.0913513
0.500626 0.84877
0.301979 0.650104
0.358703 0.341023
0.252266 0.585938
0.376875 0.801479
0.314204 0.141148
0.880795 0.36694
0.41733 0.303122
0.938677 0.183626
0.484908 0.516699
0.784347 0.126954
0.614765 0.961265
0.517356 0.00194653
0.22411 0.516314
0.704144 0.163538
0.607665 0.20477
0.0123082 0.909644
0.854874 0.371012
0.250667 0.107141
0.95695 0.627543
0.908619 0.271154
0.768691 0.789414
0.638094 0.18602
0.0925363 0.576771
0.369647 0.577444
0.0934704 0.153993
0.704399 0.704824
0.110263 0.221754
0.706771 0.334373
0.738068 0.410915
0.497911 0.345734
0.615685 0.51022
0.255378 0.470559
0.881231 0.506045
0.5777 0.838181
0.133588 0.486319
0.109335 0.902279
0.275734 0.747428
0.088299 0.36827
0.3242 0.457946
0.945714 0.41767
0.611939 0.650113
0.122494 0.722202
0.871867 0.829265
0.0565749 0.609936
0.24018 0.554486
0.955669 0.855865
0.064706 0.211047
0.326425 0.945937
0.717092 0.904125
0.784118 0.85068
0.390444 0.893453
0.752958 0.666178
0.640881 0.841257
0.0344477 0.965081
0.299203 0.980162
0.382751 0.911142
0.630275 0.505245
0.633344 0.502143
0.33451 0.689919
0.112078 0.57469
0.244405 0.0677475
0.430556 0.309111
0.278794 0.75698
0.255048 0.995886
0.661105 0.0391665
0.846566 0.0515487
0.932619 0.599525
0.717726 0.5735
0.440782 0.752174
0.538581 0.739985
0.732336 0.921332
0.651127 0.362612
0.426577 0.284471
0.864754 0.761088
0.97439 0.976832
0.335778 0.218795
0.0445799 0.766334
0.527906 0.323374
0.523314 0.782954
0.31926 0.184419
0.822121 0.165827
0.235968 0.75474
0.765351 0.953694
0.32824 0.206133
0.705868 0.866822
0.946118 0.438205
0.788154 0.597245
0.800816 0.214731
0.881716 0.66557
0.975819 0.856106
0.642403 0.311598
0.0749004 0.686983
0.0779315 0.602806
0.0103567 0.601246
0.38576 0.329617
0.785665 0.207881
0.495444 0.0216323
0.962621 0.260795
0.975326 0.290862
0.466928 0.681195
0.157684 0.413047
0.119399 0.945837
0.0102918 0.920215
0.160569 0.892008
0.585786 0.136388
0.748113 0.228188
0.447986 0.823014
0.915171 0.525917
0.42582 0.925528
0.127163 0.811581
0.255145 0.912827
0.0194618 0.750589
0.93446 0.982083
0.0113838 0.909786
0.272945 0.478312
0.590981 0.430628
0.891359 0.71038
0.376466 0.901651
0.630596 0.537035
0.793658 0.216382
0.673423 0.541772
0.44457 0.121408
0.364786 0.359741
0.647325 0.790606
0.285269 0.774488
0.602186 0.540413
0.687315 0.621648
0.291002 0.621775
0.603731 0.302386
0.531562 0.876676
0.780698 0.122543
0.307304 0.672057
0.832923 0.68377
0.573707 0.463519
0.220805 0.367366
0.6799 0.894227
0.909138 0.12447
0.0156351 0.273923
0.484211 0.66296
0.064529 0.76948
0.437448 0.666715
0.309893 0.124764
0.288363 0.600895
0.746539 0.892094
0.903281 0.2781
0.76877 0.683979
0.400643 0.0760745
0.356036 0.233566
0.759844 0.929744
0.697085 0.980649
0.29711 0.376985
0.874876 0.206247
0.501455 0.890511
0.480171 0.985667
0.553471 0.5447
0.755147 0.990919
0.211415 0.06504
0.115683 0.499778
0.665935 0.862222
0.391873 0.569217
0.140322 0.160643
0.253196 0.540965
0.236717 0.609232
0.774531 0.996562
0.538976 0.471615
0.977211 0.836086
0.8486 0.852087
0.0423332 0.350056
0.742598 0.522504
0.335722 0.296069
0.0672035 0.0908691
0.286989 0.278618
0.155909 0.402672
0.778397 0.821845
0.264893 0.170269
0.391061 0.405215
0.330912 0.644258
0.94618 0.567629
0.25349 0.720711
0.564191 0.792466
0.192326 0.541402
0.628552 0.0409264
0.393489 0.670885
0.390982 0.136087
0.193389 0.726705
0.432156 0.260593
0.817574 0.719144
0.539211 0.973483
0.121816 0.317608
0.795328 0.386709
0.487877 0.186389
0.791924 0.818789
0.830647 0.738105
0.386418 0.0841369
0.458816 0.950609
0.876603 0.651142
0.492011 0.505156
0.692068 0.885499
0.176041 0.0830505
0.0215861 0.36943
0.809755 0.453742
0.630023 0.627329
0.172886 0.169234
0.600812 0.294702
0.486842 0.396139
0.681411 0.974718
0.582528 0.473335
0.793507 0.413175
0.21144 0.179925
0.497312 0.670256
0.130534 0.373915
0.321398 0.622545
0.879071 0.0134662
0.508044 0.0551117
0.0965167 0.52963
0.424542 0.906272
0.983372 0.0545652
0.5336 0.156258
0.223799 0.134412
0.45096 0.710641
0.530551 0.132371
0.68536 0.113079
0.605706 0.478867
0.526254 0.817146
0.658792 0.0235654
0.487402 0.789325
0.39748 0.8088
0.41187 0.276551
0.822266 0.919914
0.331663 0.918783
0.449544 0.756205
0.825054 0.432916
0.81077 0.358655
0.589174 0.0345693
0.493067 0.040134
0.74521 0.0236175
0.172505 0.43057
0.136697 0.778211
0.909437 0.66295
0.595357 0.568228
0.686516 0.0827589
0.357553 0.083996
0.891559 0.769423
0.360547 0.713825
0.689337 0.69221
0.632607 0.138882
0.448415 0.457662
0.571798 0.259184
0.816316 0.160972
0.293754 0.309383
0.201106 0.0389642
0.333 0.373611
0.469534 0.469697
0.151822 0.378971
0.132647 0.747179
0.947199 0.819163
0.829938 0.304752
0.903159 0.721496
0.0741755 0.263706
0.435321 0.763513
0.955916 0.0679282
0.902395 0.40433
0.52559 0.474193
0.663515 0.341906
0.635637 0.95697
0.651289 0.836271
0.996233 0.984289
0.209882 0.465767
0.453986 0.361704
0.844737 0.586634
0.108883 0.791936
0.405797 0.93882
0.0966882 0.308955
0.660317 0.170864
0.572661 0.0956374
0.934377 0.528577
0.163566 0.836771
0.932907 0.689155
0.310964 0.596421
0.0310616 0.946129
0.55369 0.682351
0.7824 0.549922
0.66664 0.992282
0.015689 0.120626
0.353986 0.860426
0.70726 0.462869
0.652363 0.113057
0.401689 0.749051
0.422012 0.0620059
0.919914 0.994673
0.157643 0.854291
0.52325 0.321209
0.691062 0.456157
0.0103644 0.00202651
0.0525787 0.0414259
0.948156 0.606268
0.723777 0.730556
0.156191 0.390417
0.722838 0.17188
0.511043 0.0768247
0.0323063 0.218303
0.539694 0.684669
0.33136 0.941383
0.43372 0.753372
0.00338907 0.353634
0.748046 0.161032
0.207925 0.271296
0.482241 0.898988
0.727453 0.492606
0.901014 0.780032
0.534032 0.84917
0.3863 0.257808
0.579725 0.542491
0.648225 0.302564
0.714371 0.159268
0.379388 0.746677
0.377571 0.919082
0.431346 0.708931
0.860465 0.865066
0.462303 0.863854
0.2187 0.210349
0.0248868 0.426625
0.481645 0.507128
0.325612 0.209098
0.999734 0.226627
0.989129 0.533765
0.0757963 0.37543
0.791574 0.655522
0.917921 0.439798
0.958085 0.632291
0.599066 0.337474
0.378968 0.976637
0.256556 0.810314
0.685568 0.117021
0.67538 0.147872
0.980876 0.894079
0.35822 0.00576241
0.320704 0.839865
0.512891 0.646317
0.0489625 0.512624
0.872943 0.0380918
0.0463897 0.94874
0.413521 0.837963
0.604261 0.331442
0.277762 0.562347
0.963733 0.876828
0.89982 0.342702
0.853465 0.156376
0.153016 0.539033
0.273397 0.828396
0.686905 0.254273
0.722476 0.0451251
0.260035 0.0431798
0.88499 0.772926
0.689497 0.933952
0.28555 0.56244
0.972044 0.33194
0.511179 0.385566
0.169903 0.115441
0.717007 0.447665
0.677787 0.680741
0.324492 0.577607
0.0234424 0.177957
0.733983 0.176459
0.716991 0.00738064
0.00485469 0.403895
0.261653 0.72733
0.449021 0.521689
0.77051 0.334011
0.294614 0.460007
0.267963 0.580164
0.0224464 0.240007
0.912104 0.533626
0.625573 0.0820072
0.649066 0.34258
0.529672 0.326854
0.0233208 0.854164
0.904461 0.0467633
0.0321214 0.638444
0.223222 0.749112
0.645825 0.228077
0.153008 0.907478
0.955407 0.602028
0.429167 0.725917
0.936039 0.723782
0.185924 0.204002
0.303946 0.20837
0.444009 0.21605
0.741996 0.0695814
0.298058 0.391062
0.412162 0.827729
0.717916 0.435482
0.681893 0.622376
0.482246 0.714015
0.260821 0.705468
0.463127 0.906646
0.933544 0.616134
0.814124 0.888951
0.218163 0.243291
0.614868 0.154201
0.967073 0.800791
0.358203 0.271019
0.00916137 0.802211
0.487069 0.751157
0.871793 0.785127
0.142219 0.283954
0.612856 0.860135
0.719437 0.294749
0.482511 0.201682
0.00876434 0.743332
0.90715 0.471891
0.649978 0.840694
0.0880257 0.464102
0.729645 0.306188
0.707393 0.344513
0.46039 0.674466
0.145304 0.818592
0.945485 0.154466
0.620804 0.432554
0.905623 0.492597
0.217681 0.0478419
0.776551 0.830537
0.907977 0.495988
0.125287 0.390488
0.69767 0.134051
0.13382 0.60482
0.605942 0.783798
0.445514 0.693968
0.2479 0.175159
0.000156305 0.955293
0.519672 0.460546
0.62976 0.664976
0.279138 0.575245
0.819442 0.899942
0.00779901 0.725065
0.392539 0.22548
0.772907 0.16909
0.0560172 0.680884
0.665078 0.181304
0.0713716 0.362748
0.315355 0.205192
0.967568 0.921297
0.98899 0.413083
0.615265 0.23689
0.588242 0.615421
0.192183 0.107914
0.0759672 0.821943
0.772891 0.355105
0.397187 0.592333
0.255047 0.404986
0.317398 0.647586
0.630466 0.0903044
0.816676 0.686484
0.771188 0.481754
0.867787 0.84256
0.844502 0.183142
0.0477513 0.81207
0.104439 0.036741
0.225152 0.719704
0.273631 0.813394
0.335126 0.465814
0.921308 0.411093
0.287756 0.694199
0.766198 0.684943
0.286531 0.0212459
0.0899297 0.603929
0.668832 0.720396
0.694233 0.485508
0.40688 0.465421
0.967262 0.274667
0.307981 0.811764
0.457809 0.355732
0.623833 0.562249
0.392473 0.848986
0.281953 0.666104
0.66238 0.617079
0.131918 0.583688
0.0281718 0.419674
0.277887 0.79437
0.104617 0.564419
0.815616 0.194547
0.168348 0.484448
0.914943 0.862581
0.969956 0.321823
0.328003 0.937218
0.59649 0.635984
0.748982 0.054299
0.991716 0.372815
0.616548 0.384189
0.221801 0.898501
0.0502935 0.884181
0.51558 0.182211
0.46787 0.543751
0.601885 0.745757
0.338122 0.706503
0.310176 0.153738
0.90105 0.478524
0.638186 0.815993
0.341105 0.608143
0.137816 0.669108
0.545361 0.734306
0.305091 0.294343
0.788605 0.296807
0.667158 0.405152
0.680997 0.888959
0.303653 0.73129
0.773141 0.819233
0.913501 0.241011
0.362984 0.515387
0.986768 0.701106
0.22189 0.296944
0.854843 0.12294
0.775468 0.49303
0.938933 0.116573
0.101172 0.0767485
0.785681 0.646533
0.811054 0.0907718
0.940876 0.599659
0.387579 0.608034
0.00481113 0.0685758
0.496994 0.308464
0.799866 0.270135
0.127697 0.713368
0.511146 0.490681
0.228754 0.497914
0.191786 0.450644
0.794858 0.0466299
0.573583 0.570326
0.53966 0.512516
0.686899 0.640832
0.589265 0.472579
0.287365 0.400319
0.563351 0.228241
0.999978 0.95093
0.836275 0.00478867
0.019506 0.333269
0.313253 0.819372
0.603403 0.44095
0.53274 0.114549
0.93163 0.761494
0.612463 0.123417
0.212138 0.407321
0.170047 0.785721
0.977647 0.709706
0.298237 0.664545
0.350538 0.887502
0.137125 0.637903
0.28782 0.700476
0.866144 0.287798
0.651406 0.702419
0.292587 0.670912
0.0356877 0.605839
0.490284 0.639091
0.0467889 0.0230239
0.75364 0.978419
0.784518 0.366103
0.101836 0.996655
0.773424 0.271883
0.782376 0.75107
0.981589 0.0806135
0.415616 0.332127
0.968115 0.552741
0.97003 0.255935
0.253216 0.836174
0.543733 0.904623
0.538593 0.83632
0.575535 0.57428
0.442159 0.0658192
0.213371 0.488948
0.0888431 0.967011
0.467367 0.873361
0.333114 0.569203
0.870016 0.106538
0.841086 0.652393
0.857608 0.822675
0.733006 0.273224
0.154802 0.701121
0.825964 0.124831
0.957057 0.0791807
0.961005 0.50079
0.983803 0.499598
0.33711 0.559338
0.0738777 0.779269
0.625157 0.287249
0.268217 0.714001
0.25426 0.735584
0.587361 0.587375
0.304788 0.457378
0.693913 0.145874
0.10977 0.55152
0.968549 0.842777
0.824744 0.12335
0.543898 0.650708
0.248182 0.500955
0.729889 0.209187
0.00174494 0.713692
0.708784 0.338855
0.273031 0.782662
0.118124 0.898188
0.069911 0.38634
0.612189 0.324172
0.121925 0.19955
0.911546 0.426712
0.656928 0.605459
0.572586 0.766698
0.156979 0.541135
0.634658 0.989114
0.664485 0.153373
0.632432 0.912667
0.654328 0.362321
0.121853 0.656073
0.076013 0.830638
0.994928 0.349044
0.6133 0.113051
0.247232 0.683211
0.499392 0.85942
0.00738224 0.621316
0.0589702 0.918928
0.0480289 0.715898
0.524387 0.620615
0.482596 0.681366
0.16175 0.092071
0.66309 0.826235
0.245444 0.295522
0.738901 0.899772
0.657842 0.860755
0.555845 0.733855
0.691393 0.550773
0.0828989 0.304692
0.663824 0.330131
0.987903 0.163216
0.189551 0.995285
0.784532 0.248521
0.914214 0.832561
0.964419 0.438601
0.453176 0.447015
0.119967 0.614926
0.539086 0.783057
0.441161 0.78453
0.0785787 0.180062
0.684302 0.736421
0.0408168 0.240147
0.470276 0.732209
0.79092 0.553175
0.0369015 0.454744
0.883306 0.0248044
0.61796 0.0728565
0.0200896 0.402493
0.321377 0.934303
0.235054 0.285796
0.372904 0.68823
0.732811 0.492871
0.303156 0.271897
0.275929 0.744317
0.0564264 0.354507
0.924379 0.740728
0.0909283 0.965195
0.980876 0.561205
0.697405 0.771796
0.11438 0.734306
0.22654 0.997685
0.759111 0.8445
0.0705419 0.7792
0.246993 0.391919
0.713503 0.482047
0.677715 0.0864074
0.170277 0.410526
0.579279 0.473433
0.682423 0.855207
0.21775 0.738849
0.209715 0.142129
0.479578 0.300643
0.107324 0.460453
0.861847 0.804729
0.232249 0.976227
0.539035 0.45879
0.973913 0.298146
0.30329 0.0444545
0.0773457 0.550283
0.436374 0.790849
0.0323301 0.114089
0.877256 0.202607
0.524615 0.456535
0.676041 0.207038
0.311743 0.893791
0.945887 0.521457
0.0359195 0.425465
0.8221 0.143243
0.885919 0.683947
0.947972 0.118168
0.660175 0.487007
0.576958 0.634087
0.785153 0.880248
0.678542 0.862498
0.430531 0.114915
0.653348 0.462861
0.229005 0.530604
0.665468 0.75362
0.987139 0.341509
0.960658 0.298882
0.2353 0.906546
0.820339 0.271219
0.332011 0.642439
0.414463 0.21793
0.326386 0.362435
0.336098 0.986561
0.849442 0.913055
0.620648 0.634595
0.793303 0.29919
0.497093 0.223834
0.414105 0.150441
0.686694 0.643109
0.681045 0.352162
0.396729 0.668184
0.693671 0.357387
0.967066 0.928971
0.263933 0.787404
0.20019 0.595944
0.429843 0.614653
0.813873 0.75623
0.977088 0.149971
0.74279 0.82653
0.0630265 0.363438
0.461124 0.856329
0.662683 0.958202
0.0801629 0.0767327
0.108658 0.766857
0.719842 0.789703
0.11902 0.116571
0.457887 0.812691
0.473959 0.424953
0.741662 0.737892
0.212357 0.941852
0.333835 0.6422
0.556505 0.147709
0.39843 0.533593
0.29768 0.14122
0.360122 0.360707
0.504659 0.821247
0.217036 0.167286
0.779464 0.297199
0.244019 0.888123
0.0640559 0.963861
0.677826 0.183075
0.0804323 0.135713
0.995766 0.554391
0.560665 0.737428
0.292283 0.773022
0.67928 0.626118
0.415223 0.235785
0.773827 0.813652
0.769378 0.071507
0.954873 0.1295
0.432214 0.459531
0.950747 0.649249
0.626818 0.730211
0.946448 0.870836
0.618334 0.010504
0.834697 0.29616
0.193579 0.91513
0.431872 0.189346
0.469521 0.992538
0.926774 0.761803
0.76556 0.606054
0.387921 0.180783
0.841839 0.161748
0.994435 0.611217
0.233255 0.949308
0.740717 0.665469
0.408839 0.691463
0.314718 0.0356567
0.421674 0.261166
0.906493 0.0400083
0.27167 0.741191
0.336168 0.46525
0.65632 0.76804
0.654595 0.125841
0.760578 0.581369
0.887644 0.526138
0.187423 0.275566
0.706921 0.0292625
0.437314 0.701356
0.640479 0.670569
0.650664 0.381196
0.336038 0.0595031
0.0726592 0.650756
0.0951598 0.494334
0.911923 0.00165302
0.534342 0.183593
0.742844 0.87051
0.648843 0.399164
0.63855 0.303438
0.525005 0.399128
0.884808 0.41265
0.925267 0.0722311
0.688216 0.632188
0.101494 0.12553
0.333544 0.741973
0.796099 0.984208
0.123169 0.132138
0.0437108 0.195828
0.782894 0.138871
0.690162 0.694817
0.140524 0.224504
0.87841 0.883367
0.0950135 0.527253
0.282531 0.733564
0.830691 0.807537
0.132692 0.715499
0.220187 0.0579588
0.78773 0.908402
0.690146 0.889224
0.0339321 0.0236899
0.631197 0.830031
0.00789754 0.754366
0.962169 0.0516083
0.950194 0.745063
0.190479 0.640355
0.43988 0.331003
0.864859 0.31829
0.21437 0.959872
0.845543 0.496901
0.693436 0.676234
0.304438 0.826128
0.391733 0.524625
0.884087 0.179463
0.433027 0.574233
0.068687 0.466959
0.597923 0.699884
0.29699 0.605821
0.454249 0.259159
0.657429 0.404443
0.00422202 0.847908
0.0447982 0.444102
0.178911 0.909657
0.762391 0.39328
0.86953 0.607934
0.890182 0.562966
0.284168 0.19462
0.389094 0.675901
0.719244 0.273181
0.855364 0.152271
0.847415 0.924051
0.61923 0.445338
0.623935 0.91622
0.0511587 0.0781839
0.175379 0.708588
0.482627 0.179601
0.556496 0.527425
0.623703 0.735406
0.437082 0.386095
0.128687 0.306612
0.5 0.5
0.869577 0.278197
0.213488 0.258671
0.954097 0.932732
0.531853 0.809461
0.0850036 0.379267
0.733512 0.704234
0.824605 0.357447
0.620454 0.875764
0.435631 0.795833
0.584352 0.918258
0.975435 0.140847
0.445683 0.599138
0.876254 0.882765
0.5 0.5
0.189376 0.979261
0.0238093 0.0589538
0.257458 0.237298
0.317625 0.211555
0.17003 0.849478
0.0210167 0.255034
0.228745 0.754529
0.959267 0.0533498
0.111976 0.579721
0.929113 0.547607
0.375555 0.513465
0.465864 0.35099
0.654312 0.911547
0.950128 0.530566
0.794312 0.935361
0.535507 0.983688
0.914622 0.559317
0.042642 0.17208
0.796614 0.360267
0.383636 0.966644
0.209745 0.404652
0.221678 0.43849
0.159181 0.180945
0.49184 0.271157
0.760666 0.420953
0.818764 0.136221
0.934418 0.284628
0.487211 0.58873
0.196175 0.437339
0.119297 0.990487
0.372699 0.654804
0.974175 0.287322
0.21412 0.0168173
0.459402 0.0107345
0.377085 0.843038
0.977379 0.58683
0.24769 0.199056
0.0253196 0.406872
0.380001 0.517159
0.678029 0.140667
0.938112 0.496793
0.276888 0.87253
0.781421 0.764099
0.461261 0.977596
0.201437 0.580558
0.968083 0.574137
0.235361 0.942259
0.861459 0.449482
0.959076 0.320861
0.460216 0.336161
0.163898 0.437595
0.92299 0.411589
0.636651 0.94831
0.81846 0.0166521
0.465469 0.496489
0.157319 0.403582
0.993282 0.434207
0.276112 0.774703
0.198306 0.737373
0.752299 0.399743
0.31793 0.720382
0.97388 0.553292
0.662641 0.835339
0.00277372 0.621717
0.156199 0.46299
0.957878 0.320098
0.900585 0.880868
0.731686 0.537236
0.829178 0.550146
0.553888 0.294647
0.0466353 0.711207
0.698229 0.0399169
0.145415 0.974341
0.814619 0.343721
0.711714 0.566918
0.743464 0.0296443
0.287301 0.717344
0.582936 0.949942
0.552683 0.58571
0.571659 0.708882
0.0486999 0.529537
0.0289796 0.949285
0.410405 0.760666
0.486521 0.239583
0.310812 0.0404096
0.534231 0.357448
0.751617 0.23246
0.397364 0.897032
0.206801 0.211984
0.240752 0.918515
0.778902 0.984216
0.948159 0.0662033
0.70156 0.531095
0.0161453 0.254242
0.116805 0.587804
0.963124 0.165505
0.117341 0.992104
0.11479 0.527747
0.75277 0.601311
0.76733 0.0635822
0.641721 0.301561
0.42103 0.393338
0.534021 0.818394
0.29037 0.740822
0.0303782 0.531122
0.659337 0.809281
0.515338 0.607496
0.875484 0.216898
0.138592 0.891629
0.47114 0.255397
0.479434 0.434265
0.420902 0.596775
0.426369 0.535692
0.124522 0.179139
0.137003 0.891852
0.242721 0.778724
0.193412 0.66375
0.172062 0.727433
0.482145 0.462432
0.468255 0.512523
0.993554 0.127592
0.321804 0.508892
0.735088 0.197287
0.725789 0.87368
0.0889165 0.19693
0.129077 0.56835
0.631195 0.549978
0.165125 0.0575632
0.0856702 0.289647
0.236702 0.222673
0.181498 0.479422
0.00139742 0.374911
0.143173 0.173459
0.102344 0.625318
