0.369851 0.767725
0.687958 0.854227
0.0856758 0.138333
0.62348 0.233446
0.412932 0.620569
0.0226194 0.0428925
0.267243 0.223228
0.0945699 0.869015
0.736867 0.718097
0.294095 0.00108425
0.379587 0.462694
0.939568 0.165975
0.539746 0.0545148
0.821643 0.252799
0.217027 0.569981
0.320927 0.586877
0.337706 0.00888506
0.441105 0.423382
0.147219 0.0645842
0.656828 0.56015
0.685153 0.679447
0.603043 0.952396
0.902675 0.697613
0.821411 0.639542
0.415709 0.115507
0.640627 0.795296
0.578201 0.580195
0.961272 0.117947
0.634709 0.782914
0.370747 0.851736
0.352895 0.691674
0.438613 0.690601
0.700559 0.879718
0.113983 0.847778
0.944302 0.770811
0.407928 0.629455
0.446479 0.0108037
0.581851 0.352933
0.708583 0.403262
0.992475 0.124292
0.518769 0.633102
0.919588 0.0969697
0.213297 0.88086
0.214917 0.848006
0.663774 0.585664
0.699742 0.0166691
0.277338 0.138355
0.70727 0.977897
0.0180732 0.821253
0.825675 0.962375
0.592063 0.233602
0.59183 0.0423213
0.244573 0.173682
0.395254 0.953156
0.576944 0.38773
0.0774484 0.0957134
0.0208317 0.997037
0.192683 0.234128
0.877897 0.4076
0.0821344 0.541671
0.993264 0.781876
0.55834 0.270602
0.920232 0.26561
0.248499 0.938305
0.0868629 0.0741732
0.90068 0.678926
0.307776 0.492511
0.721248 0.552349
0.666192 0.116502
0.505505 0.243137
0.504232 0.582953
0.33885 0.525063
0.57999 0.531533
0.759192 0.457887
0.939133 0.841326
0.999558 0.932397
0.623202 0.557898
0.202999 0.543434
0.823508 0.451498
0.481739 0.910371
0.525671 0.382419
0.589297 0.833447
0.87493 0.310544
0.385795 0.541122
0.427046 0.8913
0.784259 0.931278
0.474253 0.123109
0.45629 0.0541993
0.654642 0.215533
0.51213 0.593776
0.0568586 0.511687
0.526173 0.680061
0.0695851 0.729172
0.223495 0.893093
0.180669 0.705234
0.803463 0.70634
0.0876527 0.39276
0.539787 0.962582
0.703304 0.925582
0.503704 0.130351
0.816882 0.287963
0.0616286 0.291135
0.411072 0.51797
0.345378 0.0657143
0.733502 0.857507
0.65949 0.790361
0.369195 0.185663
0.470422 0.43878
0.914834 0.693917
0.331873 0.0955037
0.39915 0.135336
0.801844 0.486803
0.528096 0.341631
0.449385 0.2314
0.267213 0.95309
0.361751 0.0840942
0.241053 0.42338
0.375229 0.652125
0.941349 0.720607
0.717839 0.674852
0.578114 0.377329
0.465213 0.947309
0.562992 0.935634
0.386089 0.477826
0.629551 0.717961
0.57333 0.0287013
0.853297 0.375174
0.515504 0.381393
0.716804 0.96489
0.612794 0.984017
0.917979 0.974545
0.068111 0.159032
0.397925 0.44334
0.811156 0.339274
0.163946 0.528995
0.0141259 0.74206
0.906324 0.479338
0.689369 0.469316
0.414973 0.075458
0.947142 0.0445238
0.793419 0.520471
0.0732251 0.646717
0.895645 0.588729
0.02811 0.612449
0.553619 0.640904
0.596466 0.471598
0.615449 0.664577
0.63063 0.0133734
0.107917 0.441786
0.352648 0.271863
0.970781 0.366773
0.0139235 0.877105
0.846112 0.703293
0.346421 0.261085
0.778751 0.293563
0.305608 0.57217
0.814034 0.378834
0.218887 0.709679
0.967563 0.246997
0.322128 0.521182
0.887901 0.918594
0.99278 0.503349
0.583171 0.623409
0.516723 0.691087
0.0651954 0.86937
0.962951 0.0359766
0.236144 0.976874
0.913082 0.0822554
0.680167 0.259503
0.34334 0.458917
0.553066 0.648949
0.0310876 0.3671
0.0277822 0.249974
0.0767784 0.995345
0.496971 0.398906
0.516527 0.384872
0.3175 0.509307
0.888221 0.900671
0.132717 0.404944
0.591758 0.197912
0.274314 0.554709
0.233889 0.510458
0.531583 0.14697
0.592713 0.21175
0.406473 0.936053
0.670667 0.959539
0.585002 0.701755
0.326639 0.612784
0.951729 0.403417
0.608129 0.448701
0.802323 0.124657
0.833573 0.119824
0.633964 0.721794
0.0204946 0.76668
0.126738 0.612253
0.964592 0.401052
0.166962 0.198481
0.911509 0.698545
0.345451 0.504222
0.910295 0.751925
0.440275 0.580962
0.711464 0.0252772
0.282717 0.0381028
0.638061 0.234447
0.44152 0.24619
0.683147 0.243843
0.370847 0.51672
0.363667 0.00481057
0.238514 0.384162
0.771491 0.365252
0.996415 0.736083
0.766303 0.163377
0.934564 0.677813
0.861922 0.280015
0.182035 0.772217
0.0319403 0.622311
0.353179 0.743404
0.647588 0.635897
0.781507 0.285649
0.870344 0.223027
0.531839 0.553491
0.46687 0.902686
0.070211 0.830537
0.907497 0.308725
0.214699 0.678988
0.673977 0.211114
0.415071 0.44028
0.374491 0.349635
0.118093 0.236413
0.62965 0.300128
0.00862992 0.661591
0.922438 0.361809
0.404995 0.570026
0.997706 0.186502
0.855675 0.86805
0.409529 0.387514
0.421541 0.8764
0.2902 0.491752
0.706937 0.197697
0.800477 0.921636
0.876685 0.474453
0.13275 0.291756
0.914733 0.507241
0.641391 0.0328258
0.743654 0.271041
0.332954 0.752284
0.932632 0.255392
0.114093 0.337627
0.825418 0.1118
0.524129 0.681093
0.979849 0.933658
0.0686072 0.40139
0.810058 0.358808
0.893142 0.516995
0.556505 0.693618
0.438631 0.43319
0.168071 0.571381
0.724945 0.0828047
0.0786225 0.366336
0.115631 0.822277
0.637377 0.448584
0.574561 0.570009
0.703976 0.688654
0.907636 0.529394
0.800454 0.431765
0.210487 0.780303
0.365423 0.279094
0.181693 0.175481
0.637902 0.0748343
0.692475 0.194407
0.768453 0.131106
0.627596 0.936524
0.702488 0.352542
0.0193288 0.78111
0.718878 0.134959
0.603387 0.356255
0.583543 0.177947
0.926264 0.287519
0.866601 0.8339
0.816913 0.667055
0.265665 0.0274003
0.447357 0.631088
0.306494 0.62905
0.806568 0.944396
0.703884 0.499043
0.138803 0.472337
0.63015 0.766399
0.408861 0.332637
0.118941 0.42819
0.113747 0.837819
0.563149 0.717134
0.194074 0.146693
0.895081 0.120338
0.434212 0.761682
0.954238 0.251125
0.428737 0.219902
0.278526 0.876094
0.85099 0.58502
0.505144 0.657558
0.529416 0.209029
0.156602 0.668219
0.681366 0.786751
0.434618 0.0902269
0.119389 0.553558
0.518417 0.233136
0.391377 0.081566
0.95027 0.585451
0.228259 0.845351
0.705789 0.662471
0.607033 0.660026
0.913596 0.0357694
0.879929 0.192122
0.911864 0.730919
0.777142 0.417008
0.388477 0.306558
0.626037 0.545079
0.974777 0.307402
0.33183 0.409395
0.397629 0.451219
0.962953 0.916046
0.684355 0.35433
0.997612 0.634624
0.939781 0.225871
0.479975 0.645569
0.888341 0.0870077
0.305596 0.801937
0.122777 0.185524
0.994059 0.0346406
0.916443 0.771201
0.451648 0.304921
0.0777595 0.077685
0.85 0.0525365
0.385087 0.18183
0.461931 0.782716
0.633049 0.424884
0.698762 0.317404
0.779214 0.696374
0.952028 0.718995
0.922245 0.432003
0.364564 0.810586
0.519011 0.67016
0.612523 0.641788
0.855684 0.606583
0.676429 0.772128
0.377784 0.128077
0.0770482 0.455544
0.205762 0.927048
0.50808 0.59085
0.108878 0.970011
0.373566 0.741927
0.394895 0.0723284
0.0593306 0.17411
0.768703 0.0113589
0.893104 0.690948
0.443362 0.257668
0.501534 0.962373
0.927828 0.114057
0.604161 0.783512
0.72064 0.28059
0.55564 0.0984237
0.408667 0.632688
0.553967 0.614429
0.559735 0.0620473
0.205279 0.668613
0.0320586 0.578845
0.41054 0.426954
0.651173 0.469871
0.601064 0.419876
0.48123 0.494168
0.110823 0.924592
0.751836 0.612357
0.886965 0.679664
0.726414 0.491126
0.463176 0.447054
0.771716 0.0188161
0.545478 0.180384
0.651504 0.0994448
0.794813 0.21124
0.161492 9.18712e-05
0.879853 0.193551
0.578937 0.290393
0.620505 0.23011
0.760264 0.221568
0.649986 0.241493
0.715736 0.760809
0.166085 0.467572
0.373166 0.0530501
0.147237 0.0995804
0.544176 0.610413
0.546634 0.315893
0.629229 0.0921117
0.496276 0.280733
0.191557 0.291089
0.491973 0.353049
0.291181 0.371826
0.5466 0.870118
0.662219 0.167104
0.100228 0.422483
0.388673 0.750214
0.663976 0.104409
0.511023 0.830061
0.571981 0.884189
0.883111 0.719218
0.98377 0.427288
0.329631 0.530404
0.74318 0.95886
0.622516 0.239456
0.239593 0.814072
0.530545 0.731566
0.167121 0.821726
0.103392 0.713721
0.691844 0.765611
0.880825 0.792072
0.188093 0.269498
0.542286 0.852069
0.373906 0.0533086
0.68213 0.945887
0.937498 0.565241
0.665105 0.921268
0.992529 0.994736
0.451672 0.735709
0.953596 0.0741877
0.975165 0.19319
0.88826 0.505711
0.924756 0.055381
0.327437 0.0281477
0.769102 0.0192813
0.793758 0.649926
0.811353 0.981852
0.919424 0.353639
0.833921 0.29333
0.406947 0.516051
0.239218 0.344445
0.0812923 0.904323
0.265713 0.0738212
0.899059 0.717385
0.80953 0.852655
0.791573 0.784696
0.0458451 0.679833
0.290406 0.970601
0.735214 0.617843
0.998749 0.504315
0.637125 0.792507
0.154242 0.448478
0.774359 0.0736657
0.802117 0.60828
0.366996 0.209064
0.124331 0.606214
0.553509 0.205623
0.510537 0.819222
0.279444 0.409596
0.536607 0.0889741
0.262251 0.32818
0.87367 0.308096
0.00801342 0.164076
0.278697 0.743227
0.781919 0.277446
0.247543 0.419044
0.0699529 0.401785
0.867522 0.844312
0.47545 0.669639
0.452591 0.842446
0.878702 0.576922
0.44866 0.432212
0.782545 0.959197
0.251434 0.0619888
0.368792 0.788042
0.150963 0.631044
0.116222 0.0246327
0.93914 0.124235
0.188709 0.217837
0.867463 0.970628
0.495283 0.115006
0.389672 0.565236
0.51679 0.257194
0.409548 0.99224
0.926833 0.862139
0.834687 0.805535
0.439061 0.283347
0.237747 0.221605
0.242543 0.489181
0.283594 0.611336
0.277222 0.434557
0.242379 0.393444
0.45919 0.181519
0.51768 0.647899
0.399356 0.385143
0.618527 0.894639
0.496534 0.0113837
0.450074 0.0187057
0.265394 0.869423
0.00917874 0.192227
0.731562 0.843866
0.997762 0.170622
0.127212 0.235509
0.392228 0.369756
0.72469 0.675822
0.981092 0.00191295
0.110379 0.223471
0.395357 0.569569
0.40499 0.913037
0.217468 0.804347
0.29818 0.835995
0.698986 0.798328
0.844195 0.158861
0.815266 0.109588
0.0282838 0.824445
0.301815 0.759845
0.668311 0.299578
0.930468 0.795523
0.535087 0.322695
0.165279 0.259778
0.998517 0.14637
0.261691 0.108897
0.369841 0.657048
0.678466 0.774832
0.570086 0.895934
0.579178 0.868266
0.731929 0.278164
0.666594 0.576124
0.437025 0.48186
0.685713 0.465309
0.306305 0.987528
0.225154 0.974616
0.287106 0.155622
0.770139 0.822193
0.478317 0.935418
0.081971 0.476835
0.0817881 0.343662
0.585732 0.451629
0.000709965 0.264198
0.226461 0.570795
0.160132 0.805639
0.439061 0.892061
0.0838032 0.105655
0.468186 0.520828
0.587515 0.153898
0.986138 0.89382
0.141426 0.211292
0.868436 0.428532
0.366914 0.638575
0.250725 0.845231
0.573993 0.332696
0.322066 0.655781
0.676358 0.907798
0.107411 0.677068
0.171996 0.333872
0.247864 0.332128
0.139511 0.686925
0.224189 0.223314
0.792579 0.692375
0.744142 0.380094
0.846273 0.73028
0.273914 0.987699
0.941572 0.142351
0.416231 0.308486
0.780926 0.666956
0.153717 0.354919
0.999653 0.475784
0.0107005 0.676011
0.383581 0.118111
0.353079 0.555577
0.451983 0.600943
0.887705 0.591493
0.287867 0.111894
0.814807 0.0804465
0.804268 0.558949
0.460541 0.650541
0.289229 0.734455
0.63824 0.230801
0.876805 0.0544707
0.539287 0.657731
0.721427 0.693004
0.0126505 0.72108
0.168788 0.0233511
0.397091 0.552369
0.141462 0.75017
0.107946 0.593445
0.351112 0.995651
0.184938 0.63898
0.107544 0.999745
0.719426 0.911812
0.558695 0.179967
0.562353 0.847924
0.914421 0.200593
0.0787255 0.791227
0.255063 0.618012
0.448958 0.976491
0.311017 0.461609
0.69757 0.479805
0.48496 0.094661
0.0321738 0.626422
0.844831 0.14012
0.219867 0.195943
0.135771 0.404805
0.834923 0.243315
0.404551 0.554349
0.155127 0.963246
0.734315 0.71748
0.81117 0.648737
0.918073 0.889895
0.439963 0.173136
0.507908 0.888922
0.149627 0.818925
0.35053 0.847197
0.298729 0.83549
0.941858 0.330903
0.461912 0.786689
0.471023 0.681779
0.982632 0.606794
0.086584 0.817555
0.850108 0.491135
0.371903 0.00523548
0.45438 0.106219
0.722716 0.26555
0.754955 0.640788
0.155446 0.194919
0.813925 0.663354
0.0838402 0.963552
0.482278 0.43437
0.810749 0.781008
0.26986 0.752607
0.111911 0.731772
0.539296 0.582934
0.413551 0.521928
0.189727 0.500135
0.339482 0.0398357
0.99127 0.711386
0.0450712 0.44565
0.817604 0.767787
0.7112 0.57256
0.408575 0.866646
0.767478 0.2225
0.529999 0.851318
0.186051 0.0122778
0.285689 0.9968
0.793285 0.555549
0.749407 0.905196
0.287321 0.288703
0.48813 0.700872
0.81063 0.677857
0.201007 0.150113
0.717693 0.192277
0.861499 0.762764
0.637927 0.679103
0.530551 0.349127
0.251663 0.939126
0.215773 0.0191407
0.161626 0.745772
0.870459 0.347677
0.75805 0.156148
0.344477 0.551335
0.711697 0.0938839
0.456532 0.999018
0.382587 0.944661
0.69989 0.193217
0.622519 0.900897
0.34333 0.340211
0.0931738 0.204829
0.102975 0.7311
0.883932 0.633526
0.0802273 0.135594
0.572652 0.296
0.154735 0.734278
0.041772 0.0251941
0.0819549 0.799822
0.181342 0.426432
0.351157 0.893038
0.520316 0.807689
0.892056 0.902903
0.752351 0.591946
0.0961196 0.374869
0.492843 0.43945
0.71508 0.586017
0.644278 0.818056
0.317118 0.52821
0.451582 0.397345
0.663805 0.0242343
0.693345 0.81854
0.758512 0.735117
0.843734 0.840467
0.534938 0.0250764
0.266899 0.886096
0.918114 0.787215
0.693785 0.81017
0.690118 0.446136
0.402117 0.786237
0.821005 0.89496
0.225687 0.536085
0.480977 0.869965
0.354141 0.798095
0.398175 0.805724
0.19544 0.0619797
0.829958 0.888784
0.880519 0.58847
0.623901 0.724253
0.428937 0.15884
0.749329 0.695836
0.0449366 0.667443
0.483051 0.738722
0.477613 0.173169
0.184858 0.879729
0.959406 0.00586291
0.774689 0.185093
0.541948 0.255666
0.0550577 0.89609
0.0537611 0.453233
0.701813 0.249201
0.515213 0.531771
0.137985 0.395732
0.120241 0.761887
0.119985 0.549178
0.920727 0.869313
0.245014 0.965663
0.536756 0.728065
0.704385 0.0143689
0.901234 0.889243
0.894098 0.86064
0.895106 0.668788
0.0457329 0.437055
0.924454 0.100791
0.333144 0.978215
0.554023 0.0349578
0.227416 0.0692361
0.566729 0.365401
0.464968 0.68697
0.127288 0.584953
0.236148 0.0480144
0.454266 0.481162
0.0136778 0.991022
0.209228 0.718063
0.00539121 0.110462
0.607306 0.89949
0.971102 0.502413
0.568277 0.0168349
0.939467 0.492731
0.117625 0.272612
0.470946 0.671649
0.307569 0.698362
0.740885 0.874298
0.063763 0.205853
0.561268 0.191051
0.790806 0.797416
0.239065 0.245072
0.278578 0.252743
0.236094 0.487806
0.970806 0.241486
0.598267 0.578112
0.140975 0.569369
0.0805251 0.709252
0.586204 0.0199924
0.201983 0.70383
0.292604 0.672929
0.375479 0.600173
0.371291 0.116364
0.474472 0.435054
0.322217 0.0357395
0.626105 0.113022
0.833155 0.86517
0.358094 0.111733
0.117913 0.594189
0.599539 0.0887189
0.835674 0.197806
0.666831 0.97665
0.767176 0.747356
0.685902 0.35338
0.767349 0.887885
0.0572094 0.059953
0.560815 0.432688
0.660126 0.932106
0.549052 0.134598
0.367161 0.871268
0.170337 0.993266
0.98429 0.00349275
0.858436 0.342385
0.115226 0.976349
0.936574 0.714765
0.0650677 0.772248
0.912571 0.731899
0.748898 0.679747
0.479256 0.434799
0.0331266 0.246604
0.322685 0.0903361
0.306557 0.883499
0.523024 0.966684
0.815605 0.0720756
0.101282 0.182766
0.943344 0.271619
0.176032 0.927634
0.275112 0.0344674
0.270019 0.390338
0.0108162 0.206592
0.105103 0.0758839
0.978841 0.0176741
0.807783 0.727738
0.697421 0.287038
0.162538 0.730548
0.533643 0.485222
0.820884 0.8402
0.368721 0.343908
0.806884 0.184327
0.415983 0.908166
0.367093 0.359327
0.179785 0.543124
0.286961 0.454897
0.577592 0.55698
0.845235 0.588408
0.763572 0.950338
0.664292 0.742413
0.968012 0.472075
0.470151 0.665433
0.759113 0.632689
0.395981 0.292756
0.117911 0.216864
0.132957 0.486632
0.560772 0.939841
0.670959 0.976755
0.848007 0.0380518
0.336082 0.0277919
0.581176 0.623043
0.482689 0.158768
0.180023 0.327924
0.747176 0.943595
0.278262 0.411467
0.686008 0.246274
0.883542 0.156159
0.911707 0.642655
0.788847 0.307688
0.935411 0.906758
0.524552 0.0683679
0.393391 0.0853245
0.00820853 0.0643497
0.0620798 0.856215
0.102402 0.398162
0.884007 0.683578
0.021205 0.366696
0.842345 0.201228
0.69462 0.589521
0.144823 0.972882
0.00098806 0.830831
0.219157 0.88453
0.98699 0.130864
0.527185 0.775837
0.438552 0.462596
0.682595 0.963105
0.530963 0.0759857
0.0484292 0.539173
0.140335 0.110509
0.395388 0.242737
0.508671 0.279395
0.926315 0.529876
0.646091 0.76866
0.731104 0.340712
0.358181 0.875927
0.313594 0.359169
0.706757 0.532751
0.243699 0.693747
0.663615 0.770884
0.469584 0.102167
0.23348 0.152179
0.0652717 0.764444
0.228165 0.113701
0.303617 0.3685
0.22421 0.699005
0.611237 0.732881
0.9784 0.537552
0.262757 0.624491
0.306211 0.99386
0.965203 0.664392
0.869787 0.278797
0.0235606 0.576544
0.811548 0.267259
0.270291 0.475162
0.0381429 0.739875
0.577329 0.271623
0.892054 0.642601
0.0360673 0.120219
0.756302 0.339684
0.488719 0.980512
0.0386891 0.0999563
0.713393 0.0170892
0.637508 0.976149
0.641581 0.943719
0.970009 0.606784
0.608111 0.839796
0.885581 0.631672
0.416341 0.697128
0.898931 0.686632
0.172291 0.937074
0.426507 0.74962
0.208697 0.318562
0.392221 0.244765
0.43878 0.148523
0.584449 0.927499
0.129035 0.623138
0.0274558 0.842428
0.640227 0.664964
0.818577 0.281808
0.608683 0.788586
0.888591 0.216795
0.628383 0.774172
0.848467 0.0447235
0.4713 0.747398
0.731356 0.643591
0.684472 0.157863
0.393211 0.89317
0.476425 0.785432
0.137934 0.915205
0.933955 0.722383
0.842705 0.06299
0.345521 0.87016
0.905418 0.985748
0.535124 0.723994
0.267556 0.143807
0.51258 0.156148
0.360602 0.140963
0.930319 0.209069
0.185686 0.40162
0.956467 0.917042
0.0452103 0.640939
0.0749053 0.438421
0.534109 0.55133
0.223853 0.672043
0.466535 0.157808
0.394427 0.30924
0.220798 0.739948
0.1794 0.126215
0.725696 0.714524
0.85021 0.993253
0.858331 0.36279
0.1494 0.218933
0.503753 0.0797196
0.428002 0.689439
0.481339 0.384469
0.606482 0.52655
0.0254083 0.681387
0.964971 0.559517
0.232717 0.188824
0.231561 0.699252
0.346632 0.625987
0.00849129 0.567429
0.365935 0.187891
0.693645 0.0916314
0.902415 0.543855
0.0848839 0.760746
0.906645 0.234284
0.979679 0.410398
0.314004 0.407681
0.0998371 0.795343
0.79215 0.706319
0.321892 0.817558
0.387705 0.286863
0.377076 0.620422
0.475687 0.608636
0.319674 0.822318
0.234624 0.328165
0.389748 0.600559
0.516056 0.0833926
0.69219 0.418471
0.627247 0.777074
0.179218 0.533892
0.0113582 0.158897
0.94429 0.325362
0.566578 0.0441267
0.120705 0.358728
0.750445 0.442597
0.176287 0.138151
0.72946 0.553363
0.758573 0.205147
0.161999 0.0782469
0.0274648 0.396623
0.406412 0.417212
0.997182 0.922469
0.500605 0.689372
0.34094 0.127852
0.466446 0.520157
0.661744 0.477804
0.679054 0.606034
0.803166 0.245632
0.65016 0.923871
0.604361 0.400606
0.366468 0.780647
0.538756 0.0959278
0.33401 0.297329
0.301075 0.496009
0.375576 0.328539
0.892632 0.781988
0.745752 0.889813
0.704457 0.246357
0.579185 0.0453967
0.374209 0.0456308
0.565554 0.0359529
0.523435 0.244608
0.641987 0.326601
0.490241 0.292147
0.250471 0.0946013
0.692752 0.616939
0.875249 0.231509
0.712867 0.209259
0.528837 0.0139431
0.705268 0.904414
0.342481 0.597899
0.686402 0.088233
0.487713 0.390859
0.33459 0.0668976
0.436256 0.708798
0.112528 0.0018097
0.744751 0.635963
0.246418 0.386738
0.962564 0.736659
0.678885 0.213035
0.83126 0.371637
0.829975 0.706509
0.603146 0.542842
0.915767 0.131983
0.556783 0.621035
0.0363973 0.899265
0.218934 0.722799
0.987498 0.706647
0.113658 0.322087
0.773545 0.549914
0.0308856 0.886073
0.551724 0.775637
0.522036 0.798142
0.162375 0.4846
0.5348 0.841259
0.697636 0.36606
0.212896 0.52761
0.0725689 0.816042
0.070452 0.988336
0.948025 0.627235
0.609371 0.984423
0.5265 0.828306
0.707222 0.513997
0.534953 0.82088
0.836085 0.308498
0.370794 0.86697
0.194571 0.922518
0.642607 0.716607
0.72066 0.804982
0.201208 0.25546
0.646241 0.898844
0.62152 0.859138
0.426454 0.694089
0.67518 0.496906
0.682426 0.623205
0.124142 0.291797
0.607628 0.650641
0.120103 0.31485
0.164639 0.655056
0.13573 0.000723455
0.963554 0.506525
0.867694 0.158125
0.429043 0.510301
0.874732 0.149703
0.315282 0.0759399
0.405163 0.961524
0.974784 0.026683
0.820661 0.401238
0.720772 0.495841
0.898144 0.403198
0.119046 0.0222856
0.694995 0.726674
0.672927 0.815097
0.0415234 0.837566
0.470153 0.177254
0.838289 0.433707
0.683779 0.705983
0.591831 0.112821
0.216284 0.466563
0.262524 0.531566
0.542503 0.667687
0.49309 0.517287
0.694369 0.313751
0.918525 0.415142
0.809592 0.816669
0.818339 0.928638
0.838954 0.513334
0.655311 0.511881
0.328432 0.696835
0.349447 0.798585
0.874089 0.187737
0.232291 0.557867
0.89372 0.824123
0.670689 0.110003
0.290686 0.933212
0.64157 0.833189
0.600899 0.134659
0.350476 0.295268
0.448411 0.269
0.71041 0.258003
0.085669 0.52875
0.18664 0.924623
0.0420837 0.841952
0.436505 0.370515
0.538787 0.785952
0.1691 0.412876
0.973688 0.401391
0.970743 0.867408
0.225514 0.641431
0.977411 0.5162
0.574644 0.618981
0.349389 0.175543
0.75364 0.699865
0.470811 0.202051
0.968865 0.181221
0.460003 0.0545102
0.709971 0.646694
0.979158 0.752055
0.488646 0.415662
0.12257 0.0274329
0.201614 0.29167
0.440309 0.175302
0.693061 0.411051
0.0427104 0.918576
0.0524828 0.0201218
0.434776 0.627127
0.639103 0.784165
0.80267 0.392743
0.48403 0.273481
0.594794 0.452895
0.454641 0.0547774
0.507429 0.164674
0.701542 0.486587
0.916728 0.190188
0.902249 0.0392984
0.217621 0.103863
0.330968 0.657929
0.279165 0.0240299
0.0689807 0.321876
0.942605 0.121464
0.341998 0.377381
0.74859 0.9811
0.161546 0.55126
0.373843 0.645576
0.824741 0.968638
0.0984709 0.279443
0.0234853 0.6059
0.444117 0.725027
0.0924875 0.360845
0.915215 0.994737
0.400143 0.132836
0.0985998 0.731112
0.790765 0.377765
0.755142 0.859745
0.699641 0.697747
0.981209 0.0416386
0.0751283 0.729799
0.0227389 0.236674
0.281059 0.396582
0.88225 0.1058
0.36522 0.980721
0.385243 0.388705
0.586621 0.82936
0.113732 0.679109
0.190205 0.0289471
0.673846 0.590348
0.161783 0.772446
0.32146 0.952547
0.150211 0.0766016
0.812293 0.849852
0.774349 0.793502
0.89149 0.849477
0.523301 0.914229
0.0861514 0.80436
0.310812 0.968402
0.91016 0.676032
0.949123 0.295403
0.064737 0.535744
0.124762 0.178469
0.214853 0.314967
0.207416 0.888699
0.905315 0.369199
0.661144 0.226775
0.321746 0.811355
0.303377 0.134039
0.661207 0.0777255
0.927541 0.552697
0.927203 0.450842
0.460562 0.014049
0.255202 0.777739
0.981756 0.165362
0.45377 0.930878
0.460765 0.518507
0.466622 0.585527
0.696977 0.681475
0.900494 0.904393
0.570174 0.80581
0.273592 0.231319
0.032585 0.595338
0.0426737 0.335962
0.729377 0.703881
0.413687 0.656918
0.256578 0.34089
0.10776 0.723505
0.354244 0.362963
0.501244 0.335999
0.528324 0.955014
0.266878 0.989089
0.473521 0.7335
0.574617 0.170498
0.414975 0.475111
0.0748911 0.98515
0.280921 0.348483
0.216468 0.313506
0.943821 0.259142
0.649468 0.673199
0.963023 0.0631551
0.330117 0.219601
0.404045 0.437878
0.943106 0.758289
0.80084 0.444349
0.0942885 0.329165
0.399363 0.361166
0.318254 0.872885
0.0946661 0.89287
0.0433827 0.509641
0.367981 0.118274
0.494791 0.648902
0.466757 0.711259
0.962408 0.410578
0.970401 0.611876
0.083777 0.933424
0.675031 0.413894
0.153025 0.0790759
0.851772 0.0961303
0.837365 0.652612
0.54048 0.931653
0.981777 0.939843
0.29282 0.300031
0.812728 0.387486
0.192901 0.85611
0.897127 0.560883
0.974384 0.391918
0.209785 0.441141
0.103178 0.172193
0.851719 0.0735788
0.784068 0.935496
0.00700263 0.459099
0.34939 0.160027
0.538175 0.201162
0.256158 0.37554
0.853774 0.796637
0.307193 0.835551
0.73648 0.600013
0.135582 0.549208
0.987499 0.328483
0.405318 0.884626
0.889366 0.379702
0.276544 0.0991507
0.820843 0.379722
0.271343 0.672562
0.453301 0.0554119
0.608058 0.460303
0.514511 0.957448
0.620331 0.0526862
0.15861 0.876488
0.42691 0.00569833
0.673125 0.73542
0.847936 0.409605
0.335433 0.983518
0.958813 0.322931
0.312002 0.364131
0.207557 0.201368
0.743833 0.484101
0.300518 0.564675
0.863823 0.571862
0.237237 0.317124
0.627274 0.845295
0.777427 0.141785
0.802743 0.397758
0.194471 0.961353
0.274246 0.622697
0.973738 0.947371
0.358117 0.821674
0.356976 0.693549
0.805193 0.315789
0.0164806 0.117194
0.67992 0.224038
0.318562 0.423753
0.708139 0.61908
0.988428 0.571963
0.190942 0.225664
0.889087 0.818215
0.070959 0.666514
0.96 0.873702
0.0642715 0.154471
0.835055 0.338517
0.777168 0.808793
0.285888 0.135285
0.630467 0.642865
0.828834 0.43566
0.958654 0.845315
0.552854 0.638574
0.0693524 0.871416
0.0623264 0.777492
0.490481 0.0507588
0.349454 0.681438
0.276419 0.238541
0.499653 0.347378
0.905055 0.459653
0.221079 0.969326
0.614124 0.0561341
0.307844 0.391292
0.864927 0.593732
0.526576 0.495394
0.236597 0.35541
0.931054 0.19525
0.200725 0.483908
0.833824 0.270077
0.355325 0.896151
0.0475687 0.845821
0.946905 0.397023
0.527259 0.223323
0.635564 0.0269117
0.570701 0.540619
0.486565 0.79178
0.509945 0.100688
0.847914 0.817788
0.49198 0.712841
0.410264 0.00845671
0.208235 0.648117
0.373966 0.139289
0.843367 0.574691
0.623198 0.677191
0.844768 0.978522
0.573342 0.892337
0.824343 0.520247
0.28936 0.351602
0.74357 0.924924
0.378513 0.314271
0.465542 0.865078
0.106051 0.975487
0.965766 0.953965
0.793276 0.457746
0.666806 0.204796
0.476303 0.875041
0.852913 0.850269
0.0143307 0.69628
0.42496 0.637529
0.373472 0.269728
0.616051 0.946814
0.162065 0.440394
0.467061 0.451424
0.791996 0.210631
0.376348 0.170509
0.524901 0.841891
0.0355873 0.630952
0.817378 0.0013537
0.584917 0.610654
0.4591 0.251723
0.81545 0.935403
0.126765 0.668363
0.785672 0.141095
0.364643 0.210632
0.778624 0.738114
0.48036 0.394675
0.684928 0.642424
0.835069 0.151989
0.0938485 0.627065
0.362619 0.470197
0.797574 0.887521
0.312087 0.833161
0.518473 0.129465
0.834515 0.10339
0.740119 0.293615
0.355113 0.555569
0.229018 0.481878
0.223931 0.0146898
0.622973 0.588574
0.225321 0.401597
0.326689 0.705681
0.796272 0.0116169
0.348105 0.631341
0.163606 0.441954
0.258406 0.526225
0.91215 0.0559798
0.413746 0.224237
0.889141 0.932219
0.353702 0.723656
0.0356088 0.0938212
0.0172714 0.390722
0.64939 0.246289
0.8726 0.873321
0.260979 0.495573
0.461895 0.486301
0.89717 0.788584
0.191982 0.693442
0.800201 0.540087
0.324783 0.963807
0.98204 0.583189
0.490032 0.89419
0.639168 0.903777
0.118428 0.52831
0.835996 0.47213
0.251966 0.871605
0.565951 0.269237
0.262327 0.215341
0.515527 0.134927
0.0886624 0.776506
0.630501 0.550558
0.262807 0.527671
0.339142 0.454788
0.221113 0.139343
0.994875 0.545896
0.103149 0.976915
0.129085 0.593181
0.871106 0.768253
0.496958 0.989534
0.296563 0.332954
0.461664 0.548529
0.204558 0.0276153
0.817766 0.466885
0.242956 0.333293
0.601813 0.331619
0.109799 0.232313
0.882177 0.372606
0.759984 0.221318
0.827394 0.981097
0.360661 0.822269
0.526993 0.46381
0.799184 0.656078
0.0569912 0.67029
0.424332 0.553949
0.659824 0.720895
0.886903 0.121488
0.269424 0.0914615
0.149103 0.0871899
0.558347 0.392059
0.420483 0.160159
0.723678 0.530282
0.392472 0.605855
0.902887 0.152456
0.827173 0.730281
0.133553 0.187834
0.55255 0.660547
0.651645 0.351734
0.316625 0.708636
0.0220246 0.740957
0.262585 0.681848
0.461852 0.149488
0.803336 0.731275
0.24095 0.952439
0.818465 0.799296
0.344499 0.238948
0.959456 0.0681768
0.76923 0.351928
0.674032 0.672117
0.504385 0.501205
0.402398 0.637938
0.689039 0.954948
0.298485 0.340684
0.306683 0.61511
0.04932 0.328707
0.356067 0.311905
0.0105555 0.817919
0.461393 0.813892
0.549194 0.702343
0.766331 0.367659
0.501639 0.110829
0.606608 0.461095
0.179006 0.375837
0.813023 0.853038
0.0479545 0.317408
0.354243 0.450353
0.955346 0.0432821
0.405301 0.253831
0.383966 0.711983
0.868942 0.433286
0.0406906 0.225009
0.745191 0.0512461
0.0429273 0.206585
0.865138 0.592121
0.908927 0.631468
0.959781 0.410567
0.742297 0.566389
0.871662 0.921303
0.942226 0.684685
0.774341 0.990181
0.00209345 0.128584
0.440533 0.95744
0.171866 0.845834
0.211271 0.555832
0.557818 0.0802127
0.989119 0.598508
0.305221 0.73431
0.649754 0.348149
0.940895 0.514892
0.94027 0.849822
0.14636 0.900051
0.260389 0.888658
0.46644 0.132051
0.809961 0.408666
0.816736 0.584303
0.398846 0.818829
0.712886 0.839379
0.776269 0.884753
0.685214 0.98754
0.440585 0.243031
0.0677532 0.429703
0.84154 0.372975
0.164013 0.491294
0.721123 0.104908
0.00618607 0.661393
0.95473 0.152547
0.561444 0.215119
0.0412044 0.027884
0.34717 0.851166
0.43655 0.163906
0.435468 0.835396
0.982735 0.148355
0.674775 0.759004
0.0331074 0.359989
0.746544 0.473692
0.60302 0.814298
0.903396 0.44456
0.187272 0.067409
0.935853 0.908395
0.172317 0.94204
0.569789 0.127047
0.0945861 0.131233
0.342166 0.135791
0.159117 0.689336
0.986956 0.595667
0.853241 0.422425
0.431062 0.835976
0.570779 0.105838
0.59498 0.603887
0.465826 0.341525
0.0775791 0.0688462
0.155822 0.980975
0.513406 0.343095
0.0483838 0.449259
0.25149 0.220701
0.391299 0.821279
0.347748 0.485885
0.952512 0.689914
0.621675 0.111629
0.37925 0.608632
0.707296 0.232492
0.0310564 0.138358
0.0684679 0.601836
0.244196 0.663448
0.205723 0.710022
0.00497302 0.283302
0.778868 0.160795
0.264277 0.292274
0.50389 0.31266
0.741533 0.75538
0.533361 0.132832
0.576659 0.881109
0.618717 0.529171
0.571024 0.240392
0.6408 0.950274
0.849024 0.348096
0.182766 0.88008
0.486454 0.251234
0.481916 0.73065
0.914682 0.687639
0.440672 0.919655
0.970941 0.21954
0.0804505 0.235218
0.511815 0.584341
0.547878 0.253348
0.339721 0.0812394
0.38618 0.91638
0.962349 0.00489699
0.44555 0.533373
0.245289 0.0863502
0.483647 0.0943134
0.434446 0.666413
0.974394 0.9209
0.917647 0.45631
0.65155 0.832329
0.143949 0.092222
0.751984 0.11489
0.311762 0.832434
0.350108 0.823577
0.416775 0.897986
0.0769249 0.756495
0.979226 0.463105
0.672875 0.941575
0.468002 0.118425
0.474947 0.713291
0.204776 0.958594
0.807605 0.639221
0.625007 0.781998
0.560121 0.542654
0.238308 0.211671
0.374983 0.382258
0.303893 0.126966
0.497148 0.615656
0.959401 0.847256
0.439233 0.376176
0.745243 0.516158
0.132671 0.724468
0.979263 0.805546
0.666043 0.447264
0.923971 0.14099
0.160556 0.128747
0.0995849 0.96816
0.767968 0.724592
0.750159 0.32809
0.267246 0.988467
0.539761 0.642229
0.370725 0.843655
0.769195 0.867873
0.459311 0.728596
0.715129 0.898544
0.104772 0.460372
0.414701 0.237443
0.18484 0.393964
0.0429889 0.850883
0.841228 0.96696
0.991873 0.00178413
0.0957072 0.0914583
0.969944 0.863676
0.816051 0.720103
0.191765 0.0832968
0.70857 0.731527
0.725526 0.0792946
0.575182 0.494721
0.947167 0.0344921
0.223317 0.662297
0.933036 0.328089
0.122668 0.347737
0.565532 0.307508
0.741701 0.608521
0.158391 0.582929
0.575481 0.150265
0.584714 0.671188
0.241723 0.554658
0.534863 0.0577735
0.274761 0.726629
0.14107 0.983331
0.458156 0.866596
0.0626254 0.0333376
0.361317 0.00979283
0.0678298 0.584635
0.672089 0.000865461
0.912724 0.794758
0.348602 0.478256
0.102266 0.0903034
0.0867767 0.260657
0.673233 0.662258
0.410922 0.257946
0.333446 0.652645
0.812604 0.86831
0.710419 0.087365
0.594939 0.851489
0.0706957 0.0530955
0.718085 0.133321
0.0864331 0.0794024
0.143114 0.154263
0.664037 0.815203
0.155128 0.576761
0.609961 0.503731
0.0550167 0.712227
0.594034 0.141793
0.972885 0.267267
0.804051 0.383807
0.525213 0.137497
0.0364521 0.337818
0.00580736 0.746871
0.425183 0.600747
0.59836 0.495878
0.653842 0.316445
0.629199 0.740275
0.395847 0.772313
0.894538 0.0598844
0.587517 0.0496666
0.636645 0.197478
0.553397 0.691662
0.909705 0.147432
0.833455 0.882589
0.414699 0.637507
0.266396 0.939912
0.775004 0.302848
0.277729 0.780811
0.0497191 0.702912
0.381558 0.648079
0.19879 0.0354003
0.964524 0.82799
0.775676 0.360371
0.600303 0.670214
0.420256 0.187819
0.719881 0.056901
0.385297 0.273278
0.748563 0.295002
0.42071 0.582018
0.177591 0.835408
0.219525 0.443987
0.77532 0.994529
0.746836 0.0530498
0.77534 0.796555
0.755962 0.156898
0.444634 0.954752
0.192298 0.409158
0.782742 0.967974
0.769529 0.383044
0.638188 0.189785
0.570864 0.358069
0.246686 0.956161
0.631347 0.995249
0.251162 0.0520562
0.577267 0.428753
0.887465 0.796792
0.872741 0.662785
0.791321 0.619576
0.715835 0.566661
0.416131 0.471797
0.723559 0.860765
0.426549 0.915858
0.269923 0.20929
0.883832 0.0394521
0.592335 0.52202
0.229237 0.163198
0.880088 0.475923
0.119359 0.511435
0.471172 0.370521
0.563491 0.0484388
0.799275 0.450956
0.845231 0.672015
0.113741 0.636552
0.291592 0.829575
0.203213 0.707723
0.301372 0.926772
0.568488 0.727921
0.84263 0.838411
0.937211 0.726462
0.877863 0.529546
0.248481 0.1071
0.692744 0.12857
0.583023 0.812103
0.640005 0.0541947
0.182624 0.203496
0.102634 0.981899
0.654451 0.947865
0.653914 0.768192
0.584416 0.945506
0.597767 0.787629
0.653229 0.899139
0.714402 0.221717
0.62706 0.557032
0.0601282 0.564271
0.283493 0.937991
0.0938166 0.531975
0.0450917 0.786561
0.660545 0.628115
0.598663 0.300549
0.682309 0.781287
0.504045 0.784943
0.763186 0.158496
0.732808 0.4171
0.926688 0.317224
0.362606 0.524455
0.104853 0.0158345
0.423594 0.819255
0.237552 0.0506539
0.376287 0.29768
0.614925 0.65978
0.235671 0.708741
0.191755 0.280763
0.495302 0.8523
0.908878 0.0939654
0.152849 0.591187
0.875253 0.656894
0.37613 0.638439
0.81539 0.108938
0.055539 0.742078
0.426162 0.418145
0.266532 0.531015
0.433979 0.690127
0.35027 0.671531
0.740781 0.726557
0.969211 0.355705
0.386338 0.204882
0.0644467 0.578093
0.485645 0.559749
0.430393 0.394522
0.653714 0.583242
0.985709 0.528967
0.240136 0.361839
0.167406 0.0555258
0.470777 0.222945
0.797603 0.896939
0.64109 0.0641359
0.427954 0.0750688
0.754262 0.778224
0.7466 0.495043
0.504782 0.71581
0.850748 0.89112
0.920692 0.915195
0.469213 0.406337
0.474944 0.899606
0.800859 0.128658
0.482848 0.786568
0.657625 0.722984
0.148408 0.825031
0.77851 0.619185
0.0479755 0.576113
0.516124 0.689065
0.640249 0.944078
0.764134 0.394512
0.722302 0.510733
0.889555 0.227084
0.226544 0.740303
0.118203 0.147236
0.655498 0.587416
0.553572 0.130441
0.487022 0.354431
0.259099 0.96987
0.140999 0.916724
0.692854 0.289407
0.741754 0.471364
0.908592 0.78973
0.0474772 0.424715
0.478795 0.687726
0.368793 0.242929
0.0822381 0.0910947
0.753663 0.971793
0.318178 0.980206
0.712096 0.436381
0.127442 0.367593
0.023797 0.681014
0.498035 0.510819
0.0354446 0.757134
0.480688 0.176444
0.673858 0.173542
0.465851 0.415613
0.644906 0.374442
0.205343 0.692383
0.799157 0.684138
0.38011 0.16795
0.927067 0.462348
0.259045 0.680729
0.43414 0.577223
0.660935 0.146236
0.0136043 0.788377
0.513825 0.0374029
0.464343 0.0147974
0.54822 0.504835
0.768998 0.0289083
0.681279 0.442856
0.202451 0.14713
0.858469 0.847357
0.521571 0.0638117
0.53974 0.320729
0.747949 0.91985
0.488679 0.675016
0.382197 0.747724
0.355745 0.816338
0.324947 0.0166805
0.962574 0.338552
0.805058 0.476403
0.375953 0.274448
0.488268 0.924173
0.779284 0.257266
0.953081 0.460563
0.700123 0.155532
0.607692 0.558592
0.00288845 0.129264
0.622403 0.542628
0.449993 0.370352
0.462478 0.938673
0.0453681 0.844675
0.686397 0.401113
0.661013 0.0113445
0.417794 0.623587
0.349896 0.222851
0.0999902 0.725849
0.4973 0.588258
0.650023 0.276583
0.845524 0.603104
0.737146 0.545646
0.758636 0.344838
0.104238 0.761524
0.474103 0.726641
0.304153 0.924096
0.0969932 0.76663
0.862768 0.142361
0.611306 0.549165
0.543475 0.272319
0.56051 0.961268
0.895906 0.910406
0.18412 0.995896
0.636256 0.681419
0.584154 0.286278
0.958003 0.429678
0.889382 0.695149
0.975324 0.648018
0.0399874 0.0795618
0.409542 0.51409
0.806203 0.713695
0.438186 0.903196
0.480325 0.300954
0.0455572 0.091631
0.85012 0.589032
0.36395 0.41063
0.5503 0.259856
0.321036 0.73442
0.255752 0.957292
0.415839 0.839905
0.24357 0.373842
0.269583 0.132952
0.0689909 0.244907
0.780971 0.108978
0.324469 0.190513
0.623068 0.130671
0.904208 0.0612541
0.0338671 0.384533
0.362208 0.0794243
0.476164 0.212328
0.668456 0.840114
0.622958 0.218756
0.0999696 0.943994
0.953176 0.355721
0.901286 0.369015
0.195626 0.144856
0.742857 0.465209
0.277808 0.811848
0.710116 0.0587788
0.920826 0.0345845
0.249292 0.543895
0.165256 0.153499
0.605149 0.199123
0.538032 0.967357
0.278547 0.0141965
0.179685 0.947003
0.85431 0.802643
0.165759 0.95428
0.746637 0.118935
0.310001 0.647922
0.48795 0.505628
0.792778 0.230807
0.970837 0.0705863
0.0426555 0.680953
0.129365 0.963482
0.715537 0.378657
0.507377 0.880793
0.532156 0.112525
0.0799158 0.0701887
0.0798823 0.358463
0.0843852 0.259567
0.305466 0.938696
0.0622101 0.471225
0.892976 0.808847
0.590161 0.202977
0.456769 0.0781111
0.708604 0.249547
0.308919 0.679441
0.320133 0.351574
0.360394 0.449498
0.315056 0.0759309
0.828155 0.822432
0.956724 0.360311
0.934958 0.0366396
0.428946 0.00835054
0.395103 0.514885
0.274407 0.700569
0.453581 0.336617
0.171794 0.346556
0.145464 0.761955
0.549533 0.602233
0.840066 0.258137
0.85178 0.148985
0.937578 0.171913
0.500559 0.297972
0.621411 0.815615
0.373903 0.449566
0.638047 0.330627
0.809878 0.573005
0.367267 0.240378
0.587845 0.762369
0.755263 0.862252
0.462938 0.208844
0.19887 0.634732
0.555401 0.344334
0.396687 0.104934
0.946567 0.236753
0.363071 0.798346
0.385737 0.30065
0.970259 0.886296
0.598622 0.591671
0.701911 0.972525
0.041237 0.339958
0.303152 0.851115
0.912963 0.670419
0.0914929 0.500807
0.432788 0.846756
0.36306 0.895725
0.0556004 0.561929
0.530457 0.611001
0.906263 0.927144
0.715935 0.85283
0.163897 0.0790062
0.651176 0.549634
0.379656 0.621436
0.435931 0.978278
0.213106 0.137841
0.950803 0.254344
0.477799 0.253955
0.105458 0.390761
0.924373 0.196951
0.891569 0.357161
0.0437075 0.254629
0.252886 0.0993078
0.816558 0.783344
0.710309 0.722821
0.710488 0.426244
0.575651 0.874385
0.50525 0.226828
0.424019 0.884906
0.848263 0.85995
0.863184 0.06137
0.997791 0.813986
0.315713 0.47559
0.0679411 0.421172
0.866351 0.992314
0.618123 0.75792
0.349475 0.661831
0.0125488 0.602362
0.761139 0.829107
0.385705 0.471447
0.551928 0.096193
0.897691 0.127579
0.970578 0.402941
0.354407 0.394597
0.287847 0.20267
0.254547 0.15103
0.26404 0.252338
0.965017 0.579754
0.727928 0.0329579
0.00092546 0.59428
0.0252723 0.619049
0.3522 0.374748
0.280879 0.364749
0.977109 0.0420179
0.193855 0.362815
0.513465 0.745783
0.459008 0.411156
0.873362 0.429586
0.814097 0.227769
0.824183 0.101944
0.430439 0.0787304
0.252975 0.694479
0.331069 0.217991
0.274232 0.0589968
0.250949 0.275158
0.653276 0.276222
0.5 0.5
0.650969 0.175086
0.370225 0.628079
0.217104 0.56408
0.990893 0.730569
0.309864 0.449901
0.141725 0.183226
0.879487 0.955823
0.410995 0.70367
0.057767 0.841434
0.7824 0.310742
0.535913 0.113469
0.528733 0.810145
0.172466 0.779682
0.0853029 0.825742
0.0559035 0.97951
0.831219 0.706873
0.154595 0.201444
0.334951 0.371699
0.765524 0.325844
0.102268 0.0753881
0.775745 0.243994
0.258614 0.655232
0.199817 0.669609
0.358902 0.257584
0.511042 0.141303
0.568325 0.0469548
0.254772 0.097058
0.8571 0.427237
0.87674 0.942403
0.25298 0.932643
0.921912 0.0841985
0.639516 0.0765078
0.285642 0.974467
0.447911 0.0506292
0.300312 0.550476
0.126555 0.0760572
0.794469 0.385169
0.73129 0.994286
0.0547774 0.0901918
0.25187 0.56582
0.231494 0.820195
0.612775 0.486266
0.917253 0.469874
0.913504 0.793993
0.412277 0.166483
0.726636 0.334189
0.250682 0.366152
0.410697 0.536324
0.34062 0.858904
0.587491 0.640931
0.40938 0.714045
0.716989 0.203849
0.099214 0.448278
0.198135 0.153991
0.53847 0.450005
0.719811 0.769965
0.2702 0.332586
0.256231 0.187453
0.80246 0.169734
0.981446 0.214737
0.336217 0.708082
0.548927 0.586899
0.0742342 0.959624
0.123223 0.414854
0.818528 0.710714
0.0557854 0.227908
0.424759 0.772774
0.431757 0.523973
0.221052 0.629893
0.677965 0.759522
0.0798978 0.397776
0.529487 0.350098
0.730361 0.785717
0.537551 0.532821
0.955452 0.518996
0.747559 0.291669
0.227078 0.296485
0.878568 0.301312
0.256109 0.00179106
0.716166 0.0746376
0.712505 0.771952
0.302546 0.137264
0.544726 0.734303
0.661237 0.765778
0.364196 0.339202
0.5253 0.444094
0.736977 0.0547874
0.794192 0.467338
0.840505 0.331742
0.000159894 0.795956
0.850739 0.747719
0.0876254 0.0778166
0.0442039 0.966193
0.379129 0.300313
0.967984 0.095295
0.374951 0.680489
0.867247 0.677497
0.817753 0.411972
0.4118 0.47899
0.17775 0.775996
0.818192 0.703051
0.22009 0.555169
0.757838 0.0142815
0.0225074 0.598343
0.346024 0.0226673
0.3943 0.196762
0.770386 0.481925
0.274579 0.81459
0.448118 0.653708
0.114903 0.416103
0.749003 0.489854
0.0965921 0.616249
0.16735 0.914345
0.0282217 0.57915
0.393335 0.205972
0.355146 0.211527
0.909023 0.575236
0.766696 0.666861
0.589517 0.789203
0.265204 0.935541
0.811871 0.659504
0.132303 0.582257
0.141429 0.406882
0.396846 0.589548
0.0605897 0.511749
0.00565057 0.809592
0.0016026 0.102243
0.425842 0.168953
0.0165879 0.454064
0.748103 0.409923
0.660036 0.103249
0.62145 0.569059
0.678484 0.388146
0.23592 0.268001
0.17735 0.501124
0.203542 0.98922
0.160628 0.335845
0.571477 0.302058
0.742727 0.968323
0.891605 0.803317
0.480072 0.897256
0.61291 0.481675
0.999499 0.0387515
0.650628 0.0160866
0.492815 0.39873
0.42601 0.152851
0.50196 0.0474623
0.721909 0.180463
0.435607 0.957829
0.448464 0.612956
0.458953 0.652007
0.602177 0.619582
0.987852 0.173654
0.92164 0.730579
0.141977 0.813245
0.533897 0.622049
0.710501 0.146806
0.103724 0.71
0.185558 0.754351
0.726086 0.678373
0.153082 0.152096
0.831223 0.65506
0.199557 0.553133
0.835524 0.635163
0.510962 0.283988
0.248119 0.969915
0.935995 0.850296
0.589497 0.923847
0.0239501 0.511137
0.654426 0.165927
0.324382 0.188323
0.787976 0.034883
0.335129 0.8917
0.744883 0.520687
0.646051 0.470969
0.199059 0.799133
0.623066 0.0302827
0.454194 0.822622
0.583415 0.289717
0.457785 0.0943768
0.573705 0.705905
0.0642919 0.5097
0.556201 0.653789
0.433546 0.580151
0.164925 0.0879728
0.746078 0.489307
0.276296 0.534054
0.52419 0.611425
0.425754 0.269073
0.132111 0.0718059
0.740042 0.331171
0.870939 0.363108
0.361453 0.325132
0.18573 0.944869
0.614849 0.643516
0.0392455 0.188555
0.34942 0.103537
0.698254 0.905621
0.757326 0.131801
0.485773 0.922251
0.219773 0.231851
0.411559 0.496069
0.765905 0.935749
0.107494 0.19166
0.204822 0.239605
0.263466 0.944864
0.570776 0.134405
0.307972 0.932229
0.459537 0.493702
0.877098 0.0743864
0.137218 0.916344
0.262941 0.486638
0.0198809 0.961195
0.392259 0.777207
0.0929959 0.878032
0.699459 0.312769
0.109883 0.111017
0.808839 0.875788
0.0467658 0.916332
0.0674481 0.251587
0.155938 0.330914
0.196451 0.726714
0.465318 0.504423
0.658943 0.924855
0.998125 0.536041
0.999242 0.135343
0.452385 0.262183
0.621981 0.472266
0.223378 0.0142406
0.249473 0.316374
0.892273 0.948931
0.629143 0.00215568
0.0599482 0.437982
0.877944 0.106714
0.354314 0.945392
0.358301 0.510252
0.276306 0.554753
0.236965 0.741624
0.0591761 0.895908
0.66648 0.0573016
0.431949 0.665721
0.192645 0.884334
0.927904 0.814626
0.3566 0.151282
0.828866 0.606072
0.467656 0.721139
0.555003 0.0967988
0.723295 0.614951
0.534781 0.601239
0.721665 0.889095
0.546631 0.0799666
0.399346 0.822937
0.634719 0.636312
0.564561 0.693896
0.53222 0.231041
0.751197 0.964169
0.896762 0.943842
0.848503 0.824666
0.758468 0.205103
0.975948 0.587334
0.811175 0.443604
0.308473 0.366178
0.540402 0.0317685
0.98113 0.0751837
0.633007 0.702795
0.964278 0.179638
0.782762 0.363625
0.00257482 0.417481
0.999936 0.567136
0.111377 0.532156
0.798177 0.862574
0.496325 0.694939
0.806416 0.344829
0.519606 0.564884
0.549932 0.495554
0.152218 0.361107
0.939158 0.460691
0.727285 0.479561
0.492459 0.708415
0.554745 0.125466
0.41121 0.519023
0.305104 0.193971
0.882648 0.307679
0.611452 0.882584
0.874815 0.722829
0.41474 0.672992
0.585403 0.911065
0.367931 0.391819
0.255894 0.887537
0.956702 0.805826
0.383091 0.10892
0.166932 0.322249
0.569611 0.894217
0.80181 0.0620707
0.602632 0.356555
0.187537 0.0138415
0.875578 0.492641
0.207813 0.758226
0.80032 0.819265
0.64081 0.675135
0.542094 0.0555503
0.348127 0.127497
0.966616 0.716058
0.519316 0.22251
0.603595 0.476018
0.0283352 0.986685
0.584938 0.195268
0.308934 0.15455
0.0894848 0.110745
0.21662 0.692117
0.4673 0.404157
0.705958 0.342878
0.896798 0.913771
0.101104 0.697118
0.733036 0.741915
0.372252 0.27513
0.797465 0.720379
0.402627 0.76408
0.436436 0.921942
0.98659 0.0400309
0.398326 0.0143691
0.0267163 0.982899
0.210193 0.335651
0.137448 0.299677
0.446396 0.354068
0.991794 0.913695
0.758225 0.697753
0.256574 0.655023
0.611524 0.357678
0.352141 0.34456
0.0995929 0.724393
0.619689 0.897058
0.439308 0.0205399
0.661138 0.881208
0.944259 0.647728
0.921239 0.342219
0.662653 0.947955
0.325118 0.872846
0.283606 0.462566
0.172523 0.730001
0.816634 0.164318
0.643697 0.574859
0.86207 0.900271
0.229883 0.473594
0.257949 0.582024
0.818153 0.357542
0.306417 0.437843
0.2546 0.751188
0.460159 0.915738
0.632396 0.404418
0.563466 0.553635
0.746637 0.226119
0.501582 0.0717507
0.0989654 0.785196
0.53432 0.271489
0.515197 0.350954
0.435807 0.158894
0.925814 0.297877
0.0591651 0.155696
0.771471 0.317114
0.73772 0.589624
0.674656 0.0441366
0.0274669 0.929256
0.795325 0.487626
0.844994 0.427721
0.892044 0.40846
0.981356 0.638681
0.634579 0.482946
0.710436 0.733545
0.268142 0.244756
0.00503358 0.783339
0.59571 0.44084
0.942234 0.521524
0.738717 0.00139884
0.67722 0.510187
0.318513 0.41494
0.0998115 0.993169
0.459077 0.127278
0.922425 0.254402
0.614905 0.767419
0.682123 0.506949
0.175878 0.663478
0.14563 0.810458
0.146424 0.856065
0.544003 0.414566
0.100821 0.549036
0.197906 0.696531
0.989876 0.140139
0.218055 0.728593
0.141538 0.895275
0.238781 0.460051
0.310216 0.338592
0.45322 0.769293
0.46587 0.375645
0.0236947 0.0807749
0.143064 0.705817
0.587723 0.318942
0.369296 0.733353
0.1294 0.51572
0.589418 0.673402
0.930287 0.690239
0.222439 0.128192
0.38677 0.212315
0.268332 0.604825
0.940908 0.40987
0.500101 0.179688
0.869921 0.810317
0.51828 0.323142
0.57961 0.984151
0.698787 0.603304
0.0649257 0.84185
0.309122 0.652649
0.160792 0.678418
0.386002 0.290192
0.194138 0.97542
0.963595 0.124424
0.66566 0.186033
0.252617 0.0524298
0.398348 0.520949
0.657255 0.339256
0.930819 0.157356
0.518944 0.80074
0.967672 0.0372248
0.123882 0.547282
0.0213757 0.822669
0.150586 0.0863014
0.664519 0.459708
0.738951 0.825312
0.138126 0.124953
0.115504 0.332263
0.100373 0.0790986
0.456688 0.766033
0.265132 0.709305
0.818463 0.66348
0.230253 0.475718
0.00273597 0.161072
0.633073 0.52168
0.961813 0.600746
0.558905 0.0856949
0.148028 0.580281
0.908364 0.298614
0.666582 0.572883
0.758322 0.405533
0.398195 0.896448
0.530486 0.513699
0.228711 0.630859
0.592797 0.685399
0.396892 0.857929
0.394704 0.215355
0.521409 0.624957
0.691072 0.524145
0.78603 0.324146
0.0458257 0.747842
0.924892 0.604731
0.833537 0.0729195
0.185012 0.741901
0.371534 0.851594
0.314784 0.129856
0.257127 0.712979
0.026304 0.787613
0.226678 0.255015
0.418472 0.819476
0.940414 0.815364
0.677405 0.335118
0.0307184 0.198814
0.960075 0.721791
0.72296 0.746105
0.0459362 0.768785
0.493947 0.970828
0.373516 0.327485
0.0437472 0.558528
0.0693861 0.415281
0.410122 0.384171
0.545137 0.667249
0.0971499 0.571441
0.454862 0.323828
0.826456 0.873334
0.143304 0.766871
0.688697 0.820709
0.101989 0.719416
0.019523 0.0620642
0.441206 0.742483
0.808169 0.487143
0.511268 0.302117
0.45797 0.884784
0.629601 0.501718
0.443312 0.698987
0.916999 0.853434
0.083158 0.462136
0.520683 0.180308
0.0335767 0.975544
0.504136 0.860033
0.848878 0.64744
0.626904 0.537576
0.468148 0.728892
0.256991 0.487671
0.790957 0.698198
0.230154 0.599126
0.18534 0.741422
0.901242 0.643311
0.626206 0.530844
0.145028 0.0695175
0.229831 0.062027
0.922951 0.312989
0.524163 0.443634
0.493297 0.557739
0.419179 0.997433
0.417772 0.268057
0.644873 0.044676
0.805632 0.113021
0.773568 0.0626236
0.600693 0.564525
0.760821 0.830847
0.163651 0.946162
0.572268 0.0648931
0.589472 0.198474
0.595737 0.734501
0.267992 0.825568
0.796528 0.190943
0.138558 0.320691
0.634577 0.631855
0.87843 0.0537556
0.629288 0.296202
0.321812 0.274161
0.340878 0.127445
0.387183 0.114447
0.190068 0.987876
0.678972 0.950889
0.818722 0.842622
0.897051 0.390991
0.907515 0.486524
0.589465 0.503252
0.221024 0.857456
0.328821 0.0175523
0.0483991 0.467379
0.338243 0.682976
0.0992336 0.216673
0.736732 0.728522
0.512874 0.0585437
0.00268348 0.853754
0.185989 0.389866
0.9682 0.376057
0.377742 0.647172
0.326946 0.196464
0.489794 0.223997
0.587455 0.39731
0.710521 0.176919
0.900562 0.931545
0.0343756 0.229383
0.949098 0.0827747
0.696762 0.28734
0.765751 0.795995
0.504013 0.502482
0.524516 0.0168904
0.561026 0.527201
0.870642 0.747015
0.917067 0.838843
0.123072 0.294809
0.486015 0.450018
0.491273 0.975809
0.674015 0.078728
0.373119 0.384536
0.255647 0.273681
0.316081 0.290023
0.503064 0.265179
0.372798 0.199825
0.552519 0.138548
0.995821 0.0565324
0.641031 0.520338
0.073421 0.202057
0.0475385 0.944063
0.949072 0.964606
0.782906 0.0721439
0.259415 0.268921
0.522162 0.750688
0.24473 0.196177
0.829416 0.617848
0.580713 0.0850631
0.891529 0.896794
0.375086 0.394593
0.161972 0.747884
0.594418 0.714491
0.886432 0.590239
0.771024 0.527463
0.110577 0.844445
0.729521 0.158115
0.788508 0.678593
0.122721 0.571414
0.750737 0.382135
0.840335 0.272898
0.132823 0.0850642
0.469075 0.962239
0.702912 0.0497876
0.0473018 0.594442
0.946581 0.422388
0.989034 0.108554
0.170272 0.583453
0.823045 0.0567044
0.173691 0.594069
0.584168 0.284268
0.438513 0.313688
0.442383 0.227021
0.992281 0.565104
0.798435 0.743017
0.947239 0.63877
0.0159157 0.0800616
0.723834 0.484991
0.0423002 0.426746
0.534778 0.0896019
0.0211879 0.481359
0.511989 0.0102235
0.589913 0.682262
0.593675 0.412958
0.738966 0.767366
0.00702643 0.323134
0.0516343 0.44554
0.636822 0.494017
0.672561 0.629103
0.059121 0.470996
0.37212 0.00635975
0.109766 0.388036
0.0864214 0.8336
0.873027 0.128722
0.260346 0.407805
0.218324 0.281534
0.889164 0.730314
0.291756 0.479077
0.412575 0.885431
0.892035 0.151542
0.652798 0.899062
0.474676 0.704432
0.344601 0.111498
0.198449 0.017162
0.7406 0.25757
0.488158 0.112721
0.26393 0.597924
0.500757 0.350351
0.431523 0.373783
0.479073 0.69187
0.781588 0.697397
0.973404 0.670752
0.42771 0.26516
0.149829 0.840286
0.150592 0.0418644
0.991827 0.803389
0.940926 0.466503
0.507821 0.285527
0.578001 0.706271
0.302689 0.318601
0.963841 0.790847
0.431322 0.227771
0.388771 0.932078
0.578123 0.820294
0.305862 0.0571956
0.512164 0.0874495
0.754592 0.485568
0.758202 0.182302
0.750728 0.908031
0.0225881 0.901319
0.949895 0.0144155
0.704709 0.890821
0.480918 0.21253
0.176348 0.0589191
0.918801 0.479038
0.37752 0.882642
0.269885 0.808842
0.110413 0.658655
0.74092 0.688535
0.478905 0.0467665
0.745731 0.991114
0.134232 0.500323
0.476681 0.892433
0.682626 0.227409
0.800464 0.705214
0.128729 0.75036
0.719629 0.833438
0.641181 0.200548
0.0459676 0.817529
0.259467 0.964768
0.296567 0.636987
0.84741 0.566451
0.445829 0.957823
0.225107 0.186749
0.646358 0.704057
0.233531 0.392089
0.69517 0.367763
0.892412 0.171852
0.260196 0.575038
0.399261 0.0606603
0.280252 0.52799
0.81102 0.999881
0.361428 0.452201
0.200429 0.407395
0.26973 0.459896
0.372164 0.566297
0.0968828 0.219574
0.132749 0.542712
0.177397 0.357855
0.729461 0.823755
0.0619121 0.962992
0.215844 0.757082
0.330755 0.108256
0.928934 0.590951
0.683294 0.328196
0.651612 0.963546
0.856186 0.462632
0.963427 0.217613
0.914832 0.163857
0.625009 0.184563
0.623752 0.997172
0.75086 0.720635
0.216746 0.883608
0.263347 0.394142
0.241464 0.992808
0.217897 0.303376
0.955801 0.433741
0.0604584 0.286556
0.541997 0.989393
0.877507 0.225291
0.317588 0.529119
0.188837 0.173774
0.991751 0.152265
0.391387 0.906583
0.316122 0.0163956
0.0911457 0.939874
0.0135678 0.842005
0.660509 0.230314
0.725614 0.923856
0.624456 0.967078
0.916664 0.842353
0.270453 0.872465
0.276094 0.330912
0.159021 0.818091
0.320305 0.0365279
0.0433822 0.637893
0.565647 0.23222
0.811667 0.557397
0.384485 0.203054
0.46398 0.700606
0.219449 0.555126
0.64048 0.233017
0.397132 0.300989
0.463331 0.122745
0.224846 0.0877867
0.0898228 0.14151
0.93014 0.360276
0.0139749 0.206234
0.691188 0.172996
0.0243247 0.0114929
0.209523 0.0677069
0.649386 0.77517
0.299927 0.461053
0.332568 0.684411
0.664106 0.796548
0.385018 0.883556
0.351674 0.0254978
0.116573 0.748806
0.326487 0.579903
0.871551 0.551333
0.66769 0.961374
0.692843 0.59783
0.32165 0.706818
0.804064 0.0128384
0.879813 0.828388
0.0243313 0.0893369
0.896095 0.673717
0.864507 0.196022
0.13477 0.197075
0.880433 0.798876
0.993623 0.265451
0.682431 0.345297
0.290949 0.799004
0.0941029 0.617436
0.378907 0.965654
0.168769 0.0465971
0.927028 0.861612
0.644427 0.248678
0.56843 0.44849
0.261516 0.448243
0.276879 0.285848
0.53758 0.172974
0.959565 0.402087
0.368996 0.0943346
0.599162 0.249429
0.89321 0.592785
0.51488 0.575642
0.938082 0.805829
0.374646 0.0321851
0.423265 0.753553
0.997839 0.592034
0.80015 0.924867
0.453645 0.444577
0.173545 0.0220748
0.893067 0.435061
0.470318 0.169946
0.720909 0.00789759
0.34292 0.680474
0.409985 0.711916
0.774808 0.00914662
0.961345 0.668019
0.601932 0.476226
0.243661 0.540014
0.282055 0.618306
0.572199 0.705319
0.371859 0.570038
0.297353 0.172009
0.494905 0.750998
0.616586 0.668449
0.773073 0.509654
0.10351 0.243391
0.6796 0.824419
0.251288 0.02252
0.504893 0.661273
0.734436 0.279701
0.670419 0.695782
0.94772 0.272351
0.172007 0.191381
0.812365 0.454062
0.809687 0.384564
0.159381 0.181546
0.954601 0.456734
0.353556 0.449506
0.207732 0.970142
0.117955 0.980805
0.479795 0.221466
0.224195 0.159395
0.0458851 0.475484
0.181915 0.550778
0.136757 0.916351
0.83048 0.807176
0.612133 0.7782
0.079527 0.78414
0.969581 0.891892
0.238202 0.779268
0.276455 0.397583
0.960814 0.231057
0.854317 0.31437
0.680563 0.0620494
0.284512 0.798518
0.0428543 0.764307
0.0199838 0.26705
0.923702 0.0658689
0.742533 0.105617
0.616647 0.87929
0.0219686 0.447127
0.686466 0.634102
0.225327 0.765993
0.418242 0.194907
0.657885 0.656444
0.974175 0.93434
0.0540278 0.934989
0.165397 0.908345
0.249359 0.84596
0.970395 0.53387
0.644478 0.0132489
0.298177 0.664462
0.280299 0.22188
0.730331 0.0228322
0.327497 0.346978
0.902122 0.349465
0.794105 0.588588
0.983567 0.0194311
0.354581 0.401809
0.214338 0.0124658
0.0582535 0.188513
0.946806 0.112281
0.123502 0.112203
0.0206264 0.372861
0.958163 0.991021
0.906731 0.60264
0.00426983 0.204909
0.267102 0.284569
0.426788 0.997433
0.307401 0.754285
0.34441 0.209523
0.103751 0.138515
0.798111 0.0873178
0.157946 0.152692
0.489127 0.372284
0.165158 0.54738
0.560798 0.111964
0.659662 0.6843
0.224167 0.680288
0.0571608 0.182329
0.671309 0.963892
0.78497 0.675579
0.168801 0.0520719
0.960147 0.595589
0.0495046 0.267548
0.349875 0.393915
0.477071 0.453625
0.53243 0.275182
0.540943 0.690376
0.424271 0.0242297
0.0626605 0.593031
0.57745 0.623458
0.704995 0.237112
0.307758 0.929162
0.9174 0.364919
0.111491 0.588709
0.328811 0.896461
0.264288 0.497612
0.948533 0.224435
0.0932011 0.998038
0.491983 0.443076
0.391953 0.969054
0.896701 0.924383
0.244236 0.437644
0.614759 0.672109
0.467714 0.677419
0.265141 0.0451642
0.300877 0.970136
0.282276 0.608635
0.899298 0.199676
0.973554 0.010789
0.788385 0.302365
0.90725 0.0526725
0.799976 0.855783
0.277107 0.893177
0.85382 0.76909
0.336253 0.245773
0.738144 0.232954
0.170156 0.98238
0.670598 0.784914
0.654489 0.138312
0.462334 0.91963
0.183476 0.763211
0.889765 0.465752
0.371846 0.789063
0.665428 0.3454
0.799852 0.453813
0.647764 0.707102
0.506486 0.447741
0.562885 0.783593
0.340918 0.416706
0.552683 0.677171
0.662479 0.290827
0.910125 0.832634
0.273207 0.580724
0.617549 0.927696
0.719036 0.0798822
0.847325 0.902512
0.843093 0.737091
0.368264 0.214939
0.52615 0.0336932
0.560339 0.326006
0.487505 0.208104
0.0331084 0.993991
0.655844 0.595994
0.777583 0.996762
0.0126991 0.330267
0.673934 0.675178
0.621094 0.584059
0.507812 0.894301
0.164783 0.125361
0.821997 0.883818
0.205243 0.669322
0.78633 0.048336
0.406413 0.154594
0.263275 0.932567
0.188286 0.823614
0.258573 0.675791
0.0317179 0.291681
0.669782 0.687562
0.887675 0.447365
0.684325 0.900374
0.777632 0.358258
0.575552 0.398726
0.942318 0.0833635
0.293027 0.107101
0.208724 0.115024
0.990919 0.413967
0.784346 0.777249
0.462303 0.190758
0.931843 0.725578
0.123325 0.120129
0.549192 0.381898
0.79592 0.58091
0.673579 0.465702
0.268472 0.561254
0.913067 0.952797
0.461628 0.690698
0.311056 0.0371791
0.0894243 0.253373
0.120543 0.382451
0.360474 0.329267
0.497475 0.351393
0.743233 0.28182
0.128642 0.205536
0.472522 0.060432
0.931114 0.595904
0.180615 0.480306
0.977802 0.976535
0.0612167 0.651381
0.442236 0.329689
0.212634 0.355303
0.282486 0.674262
0.0460016 0.593542
0.711441 0.135426
0.846915 0.831984
0.517877 0.207389
0.16125 0.0153517
0.558782 0.904483
0.297172 0.687425
0.110019 0.769751
0.74791 0.0411335
0.365655 0.928525
0.52144 0.343456
0.90506 0.582656
0.994837 0.347296
0.912346 0.207471
0.702599 0.194832
0.881733 0.748601
0.788374 0.593174
0.884027 0.635289
0.425158 0.401904
0.842678 0.586408
0.417255 0.401461
0.490891 0.714428
0.0888856 0.600911
0.484178 0.836796
0.642044 0.849833
0.765321 0.163484
0.193289 0.67038
0.74614 0.188126
0.0176763 0.658486
0.395597 0.720275
0.853318 0.27733
0.468876 0.641692
0.870504 0.352903
0.276981 0.295662
0.754807 0.119659
0.88207 0.172062
0.52112 0.372961
0.88649 0.610006
0.973872 0.370668
0.446801 0.615916
0.220501 0.212122
0.7794 0.41379
0.882502 0.525541
0.601916 0.900179
0.184027 0.997513
0.620454 0.0373446
0.274843 0.0893306
0.679036 0.145347
0.442234 0.956017
0.44101 0.19704
0.0756764 0.32308
0.369103 0.596796
0.696041 0.255592
0.206802 0.669913
0.62626 0.653603
0.285829 0.846761
0.865725 0.0652294
0.260551 0.748228
0.59077 0.862467
0.648407 0.774797
0.859979 0.268861
0.812141 0.134822
0.358192 0.491178
0.280169 0.800425
0.447195 0.721179
0.997466 0.522871
0.0442588 0.366568
0.119668 0.7403
0.62216 0.32647
0.410213 0.248421
0.980073 0.696042
0.0951821 0.845798
0.761272 0.355733
0.594026 0.352042
0.2182 0.242433
0.126838 0.078179
0.511294 0.93898
0.213001 0.869486
0.430158 0.493171
0.669911 0.877352
0.21435 0.667377
0.400224 0.258608
0.0339448 0.519892
0.998908 0.656105
0.846361 0.409121
0.904526 0.826434
0.105164 0.999708
0.672233 0.866435
0.355441 0.266259
0.218477 0.573641
0.508692 0.345316
0.65182 0.0199865
0.284295 0.864821
0.889473 0.714453
0.357992 0.559384
0.591805 0.572342
0.22676 0.992029
0.83095 0.260705
0.511921 0.829858
0.916811 0.358282
0.238979 0.821337
0.184716 0.344143
0.821045 0.856949
0.210578 0.176486
0.123207 0.429055
0.750128 0.6319
0.774371 0.401948
0.651886 0.0586662
0.266769 0.541359
0.773119 0.624761
0.100742 0.364924
0.197103 0.327503
0.356954 0.0280528
0.588208 0.868874
0.857911 0.505019
0.227156 0.0968901
0.326356 0.411872
0.441033 0.147401
0.268821 0.651611
0.323887 0.392028
0.0806664 0.0740148
0.023928 0.855037
0.475963 0.675814
0.913703 0.742732
0.217173 0.686823
0.367494 0.317915
0.051747 0.564597
0.645418 0.408701
0.59265 0.233627
0.277575 0.45056
0.738646 0.504731
0.54745 0.065001
0.916604 0.988484
0.212402 0.185424
0.640095 0.536289
0.577453 0.720761
0.610304 0.601381
0.575798 0.0862665
0.277195 0.489502
0.828999 0.494368
0.176324 0.196493
0.812283 0.228071
0.761089 0.457702
0.636772 0.353739
0.691328 0.914347
0.804299 0.429974
0.419078 0.35175
0.494975 0.335682
0.340233 0.707377
0.521106 0.980328
0.243666 0.0985588
0.701089 0.853969
0.699939 0.276887
0.940236 0.977134
0.766389 0.769235
0.471502 0.942713
0.965727 0.283785
0.170785 0.726816
0.741487 0.807556
0.0805554 0.432815
0.721903 0.884855
0.862789 0.140981
0.236605 0.357764
0.476663 0.576838
0.0651404 0.997769
0.557166 0.308806
0.096328 0.258255
0.162775 0.796267
0.535143 0.103011
0.773402 0.301532
0.872245 0.244904
0.244245 0.837973
0.528689 0.41503
0.564789 0.270176
0.222586 0.645344
0.702991 0.944489
0.530199 0.56578
0.0854709 0.766804
0.923543 0.562134
0.343642 0.988684
0.559903 0.900808
0.29749 0.656231
0.159064 0.460265
0.452499 0.694206
0.563276 0.225901
0.995738 0.435521
0.470804 0.239983
0.273494 0.999493
0.655013 0.838283
0.269669 0.877599
0.483627 0.97266
0.822089 0.0138265
0.538439 0.90756
0.78063 0.461983
0.469694 0.124272
0.446667 0.0293529
0.0250803 0.748156
0.685829 0.184144
0.208421 0.138327
0.87835 0.771697
0.364228 0.874089
0.207218 0.835032
0.114072 0.480711
0.834525 0.769085
0.318994 0.104194
0.646685 0.802622
0.0768542 0.468773
0.816448 0.615294
0.376333 0.597078
0.0772765 0.846027
0.721351 0.527943
0.875624 0.746431
0.276099 0.561452
0.930575 0.48452
0.69978 0.808925
0.256217 0.0640075
0.683014 0.463435
0.89904 0.797086
0.944146 0.733565
0.566171 0.263141
0.837759 0.212856
0.0657622 0.914614
0.681629 0.88221
0.529905 0.0579616
0.479289 0.607184
0.903989 0.20064
0.135127 0.779612
0.947071 0.411226
0.341065 0.877645
0.895746 0.0408442
0.686571 0.151963
0.104852 0.369585
0.615398 0.0038914
0.166671 0.559544
0.737456 0.732842
0.822685 0.575216
0.945698 0.888447
0.489829 0.627327
0.770657 0.0197365
0.685289 0.249946
0.62692 0.589277
0.450586 0.762047
0.36889 0.397656
0.173273 0.709954
0.275302 0.0690194
0.750799 0.961872
0.220983 0.85565
0.331457 0.836381
0.859542 0.498128
0.395925 0.596998
0.23097 0.218609
0.172214 0.176667
0.107056 0.662043
0.803994 0.877713
0.68178 0.489283
0.12766 0.3087
0.0785603 0.578245
0.070747 0.44745
0.975902 0.24402
0.157405 0.251203
0.313039 0.908203
0.213076 0.534022
0.763853 0.544533
0.370403 0.623395
0.0426603 0.766327
0.220393 0.27363
0.984937 0.392607
0.450297 0.0919927
0.0546505 0.254291
0.969706 0.73643
0.743574 0.0973657
0.0451304 0.822134
0.675611 0.115877
0.269585 0.651513
0.359898 0.426989
0.902716 0.672937
0.335192 0.115791
0.206959 0.0990456
0.660324 0.577362
0.722441 0.702984
0.343689 0.942834
0.976614 0.328625
0.335441 0.426912
0.420618 0.390092
0.681203 0.390324
0.126522 0.424777
0.48769 0.171652
0.246911 0.163301
0.28753 0.516496
0.814814 0.647427
0.943485 0.71753
0.320364 0.278677
0.833321 0.527323
0.377723 0.493645
0.104685 0.100163
0.19663 0.448374
0.0429974 0.173244
0.777 0.378438
0.600155 0.197618
0.76853 0.281358
0.587942 0.895052
0.706135 0.0756319
0.0667045 0.953047
0.238933 0.354234
0.469474 0.0537084
0.00166183 0.413028
0.771276 0.322026
0.691705 0.604597
0.84935 0.0694276
0.0982423 0.954035
0.169591 0.294872
0.402409 0.212588
0.468116 0.179408
0.591027 0.0682713
0.377026 0.359557
0.34963 0.964968
0.254609 0.0557647
0.0405999 0.321314
0.00881126 0.279533
0.675548 0.478354
0.33328 0.67721
0.891381 0.104556
0.999236 0.583086
0.709153 0.848586
0.652514 0.807395
0.802621 0.822105
0.102267 0.205029
0.0346933 0.570383
0.384438 0.62572
0.638654 0.761464
0.985277 0.988284
0.726432 0.239886
0.0440484 0.767032
0.5612 0.0528596
0.0465648 0.236748
0.531213 0.379844
0.913958 0.422595
0.4844 0.913194
0.00568083 0.193553
0.761779 0.658195
0.000947753 0.5644
0.480299 0.103215
0.769429 0.514993
0.673597 0.153867
0.140713 0.312251
0.915331 0.12599
0.300535 0.641763
0.365877 0.344583
0.408795 0.927076
0.397443 0.45536
0.163824 0.928657
0.835204 0.0777818
0.351251 0.319604
0.990975 0.356932
0.513157 0.752755
0.0151266 0.514104
0.317155 0.495426
0.617319 0.0865842
0.0104187 0.290917
0.240452 0.151132
0.603168 0.155783
0.277122 0.903703
0.797546 0.642998
0.248287 0.206341
0.570075 0.64573
0.661701 0.733899
0.574386 0.496905
0.811681 0.925637
0.816509 0.802656
0.282569 0.329666
0.555411 0.297696
0.84377 0.872566
0.793122 0.461089
0.95915 0.803541
0.752006 0.199602
0.954673 0.355174
0.355384 0.231794
0.258877 0.15293
0.874793 0.507164
0.359271 0.444868
0.152893 0.0209723
0.178767 0.72728
0.517877 0.990448
0.652917 0.334386
0.793104 0.935486
0.664052 0.348515
0.233182 0.507822
0.221081 0.0263046
0.968911 0.180231
0.829845 0.720917
0.379833 0.784518
0.0760913 0.735217
0.0163123 0.334968
0.888148 0.891105
0.842132 0.247419
0.335973 0.995025
0.268392 0.514739
0.722305 0.786269
0.505187 0.375222
0.120655 0.298291
0.310708 0.784707
0.646806 0.543891
0.292529 0.867887
0.570195 0.261441
0.0481182 0.400041
0.982358 0.427951
0.184559 0.0584493
0.163168 0.200871
0.393418 0.0513161
0.091976 0.23555
0.298735 0.427949
0.230575 0.567127
0.942688 0.95288
0.353396 0.447875
0.328101 0.474051
0.746166 0.638809
0.258758 0.392972
0.1827 0.551287
0.260859 0.752895
0.812728 0.308978
0.152936 0.795086
0.736929 0.337494
0.853535 0.900097
0.538365 0.246953
0.951413 0.630341
0.482502 0.250149
0.0582897 0.713077
0.817276 0.000977886
0.665957 0.170672
0.448853 0.994058
0.644723 0.195019
0.632867 0.903481
0.587992 0.815567
0.454768 0.848851
0.568462 0.267496
0.157829 0.721398
0.0625815 0.894758
0.0588918 0.916117
0.794855 0.597257
0.16307 0.746268
0.227598 0.645572
0.996417 0.285887
0.358649 0.813692
0.286865 0.0246061
0.984364 0.735718
0.0186641 0.629086
0.930738 0.651531
0.532567 0.518729
0.467099 0.987335
0.367581 0.0355608
0.25483 0.525409
0.756958 0.317412
0.420167 0.81585
0.233529 0.215022
0.413107 0.396598
0.96129 0.640705
0.0421703 0.957706
0.926592 0.40082
0.771398 0.213457
0.425426 0.755762
0.949175 0.44409
0.384849 0.879913
0.0956212 0.917416
0.398642 0.56272
0.90475 0.766223
0.598281 0.159581
0.291633 0.355239
0.476993 0.7118
0.171089 0.710521
0.926821 0.584196
0.107119 0.888111
0.224901 0.14929
0.845817 0.151493
0.550109 0.617215
0.36495 0.975535
0.372978 0.314125
0.419625 0.757826
0.194038 0.515246
0.675242 0.59268
0.0779658 0.579992
0.358903 0.676246
0.739573 0.650536
0.0314854 0.216565
0.362335 0.202575
0.927086 0.289157
0.786771 0.0342058
0.177267 0.0116718
0.183496 0.0230843
0.163164 0.733605
0.6403 0.528114
0.70914 0.0132772
0.842239 0.128765
0.771103 0.0362769
0.644011 0.446345
0.628957 0.721977
0.0263372 0.987861
0.398223 0.76591
0.638397 0.429709
0.982475 0.000732
0.632283 0.909561
0.289889 0.419054
0.943767 0.467156
0.430726 0.127263
0.49024 0.593891
0.860868 0.13054
0.122005 0.570008
0.143817 0.964244
0.698773 0.914921
0.000520653 0.342784
0.361266 0.629478
0.0647604 0.387603
0.617338 0.462984
0.153513 0.255735
0.892692 0.135988
0.256467 0.524975
0.045549 0.546356
0.94403 0.989316
0.0135117 0.374756
0.116579 0.503752
0.968647 0.977446
0.634292 0.0906513
0.547454 0.778109
0.0548951 0.246227
0.69303 0.0554157
0.58901 0.0542954
0.684894 0.653771
0.441898 0.302232
0.116754 0.595411
0.557967 0.00944665
0.731398 0.814434
0.534422 0.776947
0.36079 0.478452
0.766264 0.374302
0.853208 0.882842
0.878054 0.821854
0.860289 0.512345
0.912506 0.407743
0.290455 0.967401
0.653969 0.983484
0.0228163 0.24298
0.0377796 0.70771
0.89675 0.479678
0.00994202 0.0135048
0.0750886 0.567909
0.0229513 0.806487
0.382343 0.557373
0.583435 0.743133
0.0358249 0.349698
0.117435 0.889033
0.23254 0.995488
0.710887 0.0928291
0.507834 0.623392
0.500572 0.798288
0.590793 0.154541
0.781773 0.613609
0.397521 0.819552
0.321319 0.294272
0.29923 0.331261
0.307776 0.374319
0.89917 0.330728
0.180806 0.281514
0.888101 0.76424
0.0246468 0.923926
0.113938 0.142081
0.812958 0.346479
0.13757 0.523845
0.439308 0.645403
0.147238 0.93988
0.443691 0.738031
0.094421 0.225464
0.35164 0.491942
0.0450161 0.672959
0.786214 0.344246
0.00422025 0.0939901
0.718565 0.903391
0.424718 0.89937
0.184904 0.312819
0.66361 0.209551
0.236744 0.777549
0.351633 0.0497028
0.124027 0.489202
0.573548 0.563335
0.134605 0.720786
0.503215 0.578297
0.458816 0.597636
0.803761 0.810456
0.0895778 0.848777
0.483415 0.875792
0.193023 0.487635
0.969782 0.911587
0.391026 0.394499
0.810957 0.57593
0.707318 0.474568
0.785481 0.944062
0.252117 0.137114
0.993765 0.376144
0.626316 0.567313
0.939479 0.760921
0.288099 0.442694
0.339218 0.746915
0.0403297 0.142978
0.557371 0.129908
0.991755 0.0407858
0.0056991 0.184778
0.528421 0.975481
0.0963652 0.919447
0.36998 0.907323
0.495377 0.0772982
0.381891 0.280858
0.0213606 0.634007
0.416296 0.00663939
0.0101513 0.0442876
0.582439 0.949631
0.805209 0.870538
0.392325 0.144426
0.617453 0.432654
0.287405 0.174824
0.562562 0.27916
0.21561 0.568261
0.463938 0.744031
0.543742 0.560303
0.663478 0.913722
0.467626 0.158855
0.99102 0.849517
0.436946 0.0081964
0.483524 0.857684
0.0275064 0.493675
0.901972 0.609946
0.443306 0.707181
0.480484 0.83563
0.851607 0.0979365
0.268285 0.139012
0.27276 0.830846
0.418172 0.48837
0.399107 0.88211
0.232401 0.942849
0.442413 0.895878
0.856571 0.910039
0.054733 0.847591
0.759556 0.494446
0.859971 0.24308
0.35213 0.887478
0.736755 0.254102
0.497423 0.180061
0.961283 0.977907
0.0156913 0.81289
0.0758433 0.283976
0.951902 0.348604
0.114822 0.370074
0.836974 0.51393
0.252184 0.0693748
0.456779 0.694598
0.965253 0.31335
0.604637 0.0199862
0.16094 0.364193
0.51443 0.0209141
0.607273 0.866562
0.908389 0.344028
0.120664 0.405813
0.524088 0.0819464
0.38372 0.53978
0.894837 0.459563
0.823756 0.846739
0.808167 0.938579
0.216813 0.64514
0.452508 0.468997
0.714515 0.909287
0.163594 0.679768
0.222637 0.768231
0.699755 0.383577
0.132425 0.214187
0.404489 0.739698
0.0807484 0.312878
0.0837257 0.201412
0.718691 0.607815
0.283359 0.10241
0.147595 0.178196
0.561973 0.971352
0.0249346 0.37014
0.90993 0.241747
0.0152804 0.362439
0.710744 0.729796
0.271726 0.874339
0.409564 0.494363
0.64257 0.109319
0.87794 0.774995
0.323505 0.282428
0.514692 0.404254
0.595306 0.598418
0.605666 0.313997
0.206233 0.889026
0.416408 0.353828
0.0672215 0.978381
0.32518 0.0921562
0.348521 0.23511
0.333903 0.363801
0.597549 0.0446475
0.093597 0.869275
0.918986 0.503161
0.363638 0.561556
0.61248 0.241577
0.336551 0.935985
0.524006 0.851243
0.340239 0.119312
0.44966 0.945905
0.433309 0.655893
0.834931 0.849717
0.00972101 0.902152
0.828098 0.334901
0.994309 0.176619
0.570011 0.328212
0.540421 0.16756
0.37286 0.634018
0.0368347 0.291846
0.137179 0.400472
0.853402 0.749659
0.64205 0.189952
0.685644 0.166055
0.0411951 0.0258832
0.285367 0.490856
0.971789 0.718677
