0.843392 0.10932
0.531971 0.242018
0.911886 0.262954
0.690267 0.959964
0.422188 0.246295
0.169898 0.569985
0.571111 0.360925
0.771485 0.317348
0.889458 0.41968
0.46894 0.699675
0.810652 0.50188
0.147575 0.2013
0.879953 0.45823
0.866585 0.217099
0.708398 0.377512
0.8612 0.575357
0.419925 0.486597
0.771118 0.327603
0.752104 0.495199
0.312369 0.199728
0.730136 0.436666
0.746677 0.315762
0.781762 0.543587
0.619778 0.733488
0.855719 0.232621
0.417933 0.754291
0.594749 0.575106
0.875389 0.58373
0.0663375 0.824515
0.752786 0.71282
0.201905 0.733131
0.267121 0.60865
0.237948 0.0743182
0.904666 0.94512
0.533257 0.194008
0.165049 0.272329
0.635429 0.903041
0.577168 0.425073
0.437273 0.206589
0.133717 0.385846
0.302343 0.545125
0.144372 0.89274
0.126355 0.0886536
0.448158 0.117312
0.905092 0.213817
0.8333 0.146923
0.857295 0.239237
0.695544 0.173373
0.154493 0.625628
0.158552 0.686844
0.81094 0.308804
0.879458 0.472438
0.214923 0.5276
0.854168 0.631837
0.714892 0.922469
0.0842023 0.0265163
0.537846 0.18155
0.897955 0.663549
0.261536 0.36296
0.772463 0.181675
0.586999 0.618949
0.27494 0.527777
0.699392 0.934244
0.701016 0.876061
0.570793 0.873963
0.52701 0.446742
0.143089 0.499383
0.862099 0.354543
0.0427841 0.742569
0.034726 0.750896
0.722709 0.0434835
0.764679 0.270884
0.236731 0.695953
0.900688 0.510558
0.0718027 0.699722
0.67157 0.651759
0.306252 0.936667
0.163168 0.0260251
0.880853 0.882363
0.861721 0.543073
0.697804 0.426679
0.926945 0.860052
0.877801 0.849812
0.182392 0.91377
0.559499 0.191855
0.652917 0.281809
0.233402 0.420654
0.512795 0.475383
0.114276 0.454989
0.919935 0.236925
0.15533 0.605982
0.783803 0.462199
0.618512 0.828992
0.444782 0.496891
0.810865 0.359797
0.840621 0.541661
0.780906 0.955748
0.347612 0.676408
0.784496 0.540308
0.59057 0.342186
0.717711 0.260868
0.671679 0.869631
0.68178 0.154478
0.406621 0.784304
0.59655 0.367833
0.915871 0.782481
0.930935 0.766659
0.209879 0.51375
0.683201 0.679802
0.845064 0.552702
0.0640222 0.917426
0.0963629 0.809387
0.884251 0.394418
0.492166 0.702301
0.860118 0.209502
0.0444624 0.632057
0.345631 0.641225
0.56502 0.0529194
0.798729 0.940815
0.805004 0.409484
0.35073 0.748695
0.158974 0.323203
0.490035 0.379982
0.834719 0.206763
0.112664 0.802715
0.717058 0.103501
0.779664 0.754817
0.890077 0.71183
0.133092 0.402291
0.413993 0.0508578
0.464336 0.474576
0.681896 0.853654
0.0994598 0.268638
0.814345 0.903752
0.261011 0.659644
0.296056 0.618349
0.421128 0.455168
0.894671 0.952477
0.807854 0.77294
0.156805 0.87369
0.562681 0.862387
0.910907 0.411432
0.586733 0.870719
0.120225 0.718901
0.264258 0.500888
0.771439 0.749295
0.875765 0.489249
0.570054 0.0749988
0.731305 0.451284
0.947273 0.934852
0.117211 0.242086
0.614257 0.546028
0.696845 0.56705
0.467313 0.500404
0.31968 0.568417
0.370552 0.898045
0.40766 0.333197
0.292337 0.94945
0.195727 0.37902
0.723707 0.463925
0.871168 0.521613
0.210885 0.840049
0.943963 0.825379
0.88078 0.699573
0.250396 0.829592
0.696313 0.371857
0.0774708 0.30908
0.879565 0.783809
0.85392 0.364333
0.305214 0.206493
0.884922 0.677604
0.10544 0.337225
0.885837 0.403607
0.338909 0.179716
0.762005 0.0880548
0.640118 0.653143
0.570011 0.859582
0.473313 0.53408
0.646643 0.36248
0.245239 0.913445
0.188132 0.94747
0.277951 0.265494
0.315762 0.188068
0.073548 0.138353
0.527477 0.305077
0.317972 0.45652
0.876861 0.431824
0.761103 0.929249
0.795594 0.164733
0.11317 0.556927
0.231583 0.743506
0.208606 0.80235
0.596548 0.683899
0.347319 0.241565
0.0380751 0.599123
0.153988 0.220566
0.54181 0.436216
0.471829 0.814008
0.584722 0.50407
0.87536 0.240989
0.785805 0.270524
0.575809 0.747703
0.682798 0.400992
0.669299 0.499282
0.540822 0.787194
0.093474 0.766447
0.51762 0.262816
0.570854 0.120913
0.885417 0.952296
0.371729 0.949179
0.512976 0.522865
0.187175 0.0852792
0.890114 0.681719
0.862483 0.541591
0.1506 0.820894
0.666629 0.915307
0.0923269 0.229434
0.673959 0.784455
0.620088 0.352032
0.298425 0.188337
0.1222 0.306775
0.873721 0.691069
0.557328 0.535766
0.757388 0.505111
0.443504 0.127933
0.497676 0.895491
0.653546 0.64404
0.0471288 0.591445
0.274471 0.920943
0.121592 0.430156
0.728468 0.769002
0.373514 0.83067
0.828868 0.261542
0.606252 0.633516
0.406404 0.854125
0.797056 0.526301
0.173882 0.751767
0.169841 0.738109
0.262693 0.943702
0.228509 0.711861
0.0722252 0.69325
0.670162 0.703788
0.31887 0.713338
0.29499 0.611529
0.64068 0.421855
0.0473049 0.374183
0.175 0.421279
0.182276 0.206146
0.478375 0.798566
0.79917 0.891484
0.666672 0.607115
0.404471 0.837297
0.339887 0.568332
0.577164 0.629581
0.483255 0.8152
0.333742 0.543967
0.47554 0.0388417
0.250147 0.823556
0.741164 0.569864
0.429494 0.377112
0.858039 0.506647
0.748333 0.150271
0.876507 0.94678
0.319195 0.361877
0.758323 0.133888
0.261838 0.422415
0.696701 0.645855
0.279775 0.0819393
0.233315 0.84554
0.667076 0.729675
0.636965 0.0547
0.32358 0.170639
0.0428464 0.512265
0.949589 0.798085
0.0663274 0.415093
0.159021 0.0370546
0.855419 0.928781
0.171866 0.793726
0.85753 0.494796
0.1789 0.614365
0.611907 0.435256
0.0531208 0.323143
0.0994068 0.303603
0.393273 0.305972
0.161328 0.0877215
0.0937074 0.798936
0.100014 0.298673
0.889122 0.255395
0.773726 0.950846
0.872619 0.912278
0.369025 0.0692541
0.905334 0.266456
0.843772 0.258875
0.119934 0.810157
0.575772 0.219574
0.43017 0.183593
0.653717 0.490291
0.515899 0.742343
0.783238 0.909587
0.09095 0.913095
0.854918 0.271703
0.745717 0.0852441
0.396005 0.704055
0.207458 0.206534
0.642363 0.108893
0.107622 0.0526897
0.178432 0.0170502
0.310216 0.151816
0.0883996 0.320192
0.893318 0.700969
0.539672 0.42019
0.836276 0.202131
0.868684 0.35715
0.901577 0.688508
0.264997 0.971042
0.599465 0.246531
0.092536 0.343032
0.316066 0.475155
0.0576902 0.517863
0.676402 0.6998
0.620883 0.807033
0.708761 0.819628
0.786244 0.951368
0.909947 0.905368
0.304259 0.90757
0.548355 0.834197
0.310917 0.375239
0.0442359 0.193012
0.732029 0.919539
0.886684 0.127977
0.843376 0.478035
0.260596 0.096131
0.782614 0.533806
0.560425 0.84443
0.0764173 0.242616
0.557562 0.714887
0.0299138 0.276704
0.509873 0.820662
0.263228 0.457971
0.69229 0.592665
0.373635 0.233316
0.425775 0.682048
0.61646 0.483199
0.867369 0.362798
0.476623 0.7376
0.360867 0.449107
0.207864 0.604272
0.500225 0.0302541
0.162496 0.0976567
0.863917 0.235879
0.326875 0.426423
0.916468 0.379996
0.712553 0.455496
0.174186 0.971275
0.873723 0.883365
0.542646 0.288456
0.0976457 0.954555
0.91493 0.726081
0.454427 0.835012
0.102817 0.901828
0.570714 0.431387
0.374683 0.766041
0.0726663 0.880635
0.777204 0.191883
0.913078 0.713477
0.412571 0.317933
0.0878575 0.345706
0.667397 0.808371
0.769391 0.851945
0.751731 0.700552
0.685751 0.308589
0.956538 0.803381
0.280351 0.946777
0.490879 0.730767
0.767062 0.530578
0.643086 0.377103
0.865989 0.256312
0.155882 0.00992838
0.891802 0.958654
0.187329 0.92003
0.57524 0.606609
0.246432 0.658025
0.906302 0.960152
0.443953 0.753299
0.75201 0.211476
0.429337 0.470185
0.487223 0.471498
0.23315 0.788663
0.409359 0.726672
0.511118 0.203908
0.315646 0.173205
0.571696 0.252116
0.196377 0.724961
0.28722 0.131133
0.653438 0.45264
0.0429093 0.219066
0.0508232 0.287145
0.826814 0.962059
0.214486 0.311397
0.73361 0.937672
0.50895 0.200318
0.401274 0.0709439
0.645482 0.675801
0.821187 0.104068
0.383858 0.322177
0.242755 0.65298
0.479592 0.824811
0.889156 0.66783
0.544327 0.163388
0.785143 0.20511
0.56527 0.876819
0.411173 0.645018
0.126692 0.284885
0.634591 0.336407
0.589535 0.398954
0.283032 0.128768
0.581493 0.732247
0.148815 0.231761
0.383388 0.947307
0.264941 0.755815
0.282491 0.527834
0.420085 0.769451
0.354294 0.328222
0.469524 0.876949
0.48869 0.237702
0.0987587 0.105005
0.072318 0.506793
0.741852 0.200565
0.790862 0.396422
0.519913 0.412788
0.775172 0.823441
0.505367 0.365803
0.558261 0.671446
0.637651 0.859641
0.58938 0.89227
0.714474 0.912631
0.38145 0.120909
0.657848 0.762205
0.439628 0.104444
0.652479 0.914962
0.340991 0.728795
0.0340799 0.412151
0.240979 0.774999
0.585866 0.0596806
0.158169 0.14778
0.454873 0.896907
0.938087 0.976535
0.28791 0.514196
0.58743 0.88674
0.437061 0.213513
0.720309 0.144734
0.106562 0.122611
0.24907 0.76478
0.850039 0.699406
0.874519 0.508362
0.629303 0.216788
0.253773 0.673457
0.623857 0.488899
0.423109 0.234082
0.515513 0.600461
0.365571 0.946921
0.512246 0.332024
0.874303 0.83112
0.83299 0.506435
0.673635 0.282657
0.70795 0.410754
0.428208 0.816561
0.518582 0.682026
0.586376 0.382617
0.379324 0.467022
0.886112 0.150619
0.677746 0.103927
0.668396 0.314993
0.583754 0.106062
0.529483 0.118057
0.712826 0.920349
0.0536963 0.227538
0.232883 0.932831
0.0704468 0.0567878
0.459305 0.718307
0.334265 0.17201
0.128404 0.778505
0.911979 0.698495
0.453973 0.578782
0.0822858 0.84199
0.0946563 0.870536
0.829668 0.72141
0.844613 0.543595
0.0498489 0.576113
0.634357 0.578484
0.671847 0.333154
0.473055 0.740381
0.548919 0.704301
0.692474 0.604362
0.753591 0.159669
0.277212 0.115697
0.321363 0.405775
0.870741 0.314214
0.0641788 0.320711
0.832164 0.180496
0.154101 0.929569
0.955187 0.948677
0.672835 0.906708
0.51107 0.686302
0.524963 0.148033
0.276027 0.202451
0.475641 0.733585
0.868684 0.235264
0.430813 0.640797
0.607872 0.18809
0.781744 0.916145
0.286837 0.126917
0.320783 0.173644
0.421978 0.380599
0.492872 0.323276
0.44512 0.650457
0.244708 0.40101
0.651672 0.917951
0.348828 0.16491
0.591421 0.854702
0.31225 0.841142
0.101664 0.794842
0.547058 0.0543492
0.805868 0.958185
0.674474 0.42353
0.192709 0.475208
0.333592 0.479719
0.589821 0.66275
0.641066 0.0492933
0.0602221 0.155025
0.320513 0.479362
0.764714 0.537582
0.891632 0.459833
0.453692 0.250914
0.594094 0.0558639
0.139055 0.915555
0.870732 0.225932
0.712782 0.447019
0.253577 0.526755
0.456305 0.904886
0.864672 0.68519
0.397362 0.271241
0.118242 0.972778
0.91947 0.786304
0.984024 0.978285
0.898491 0.319349
0.472263 0.709306
0.85767 0.36324
0.146729 0.337286
0.605276 0.784456
0.362747 0.729239
0.67607 0.241905
0.89998 0.439261
0.674584 0.224219
0.875584 0.221076
0.152045 0.864301
0.751784 0.584853
0.163215 0.848841
0.529407 0.108435
0.604052 0.537875
0.0816719 0.520049
0.819326 0.54168
0.211752 0.710014
0.887416 0.376345
0.0527855 0.522011
0.133964 0.408548
0.260925 0.820123
0.650338 0.222733
0.21879 0.330385
0.450508 0.13038
0.438958 0.611697
0.0171884 0.196569
0.164269 0.173388
0.0721417 0.708821
0.240396 0.653431
0.236701 0.335169
0.187699 0.0945892
0.864847 0.408523
0.786723 0.778515
0.772691 0.82831
0.294432 0.902217
0.245105 0.575466
0.734777 0.907605
0.758609 0.937569
0.227365 0.2514
0.0920638 0.675621
0.825472 0.161674
0.875148 0.144812
0.226437 0.919825
0.731885 0.495333
0.6459 0.830904
0.802786 0.742063
0.0627597 0.696724
0.156327 0.825905
0.517085 0.864724
0.659404 0.797563
0.757022 0.906366
0.352706 0.533576
0.794934 0.156921
0.43801 0.0564811
0.404344 0.533097
0.686381 0.26272
0.612412 0.564174
0.284682 0.849193
0.443621 0.046249
0.339098 0.0465648
0.924604 0.270868
0.817615 0.0779098
0.813992 0.950522
0.863864 0.329232
0.838518 0.53458
0.127132 0.66556
0.429979 0.480149
0.201493 0.238984
0.615993 0.676068
0.260009 0.0398053
0.205285 0.937373
0.278232 0.813845
0.50563 0.566686
0.707094 0.918384
0.556326 0.0372293
0.0336877 0.563436
0.171352 0.804489
0.579294 0.0445986
0.740094 0.470296
0.352473 0.591849
0.0259352 0.480616
0.250931 0.439242
0.890905 0.478755
0.6905 0.555927
0.127998 0.932552
0.529921 0.348371
0.858533 0.856806
0.12871 0.395834
0.399954 0.794072
0.374284 0.976842
0.798038 0.398978
0.62385 0.824034
0.186175 0.181404
0.944304 0.995673
0.60989 0.353708
0.54153 0.624293
0.807159 0.798546
0.104502 0.739275
0.220369 0.770965
0.287228 0.365649
0.695777 0.870937
0.690365 0.594499
0.685691 0.843165
0.851873 0.262976
0.613123 0.351985
0.0727971 0.42079
0.715631 0.607507
0.389159 0.930655
0.766501 0.382795
0.870948 0.389847
0.719007 0.424827
0.0138269 0.541055
0.23358 0.0949427
0.280774 0.465144
0.786997 0.557374
0.838149 0.50744
0.43633 0.524729
0.0855836 0.124637
0.361656 0.0601098
0.222389 0.960154
0.397658 0.277028
0.393965 0.138591
0.877956 0.807619
0.0906165 0.66449
0.168196 0.960042
0.102088 0.867167
0.38635 0.0570058
0.431119 0.597534
0.128263 0.72269
0.0936008 0.932625
0.284667 0.910464
0.456496 0.730804
0.445314 0.531166
0.827746 0.810397
0.575096 0.0707687
0.78205 0.942379
0.328529 0.185369
0.134314 0.240852
0.932107 0.243383
0.878423 0.198806
0.170313 0.943523
0.0220313 0.552044
0.011775 0.449965
0.146568 0.144794
0.154962 0.213963
0.0827209 0.446306
0.120718 0.533067
0.182928 0.554635
0.107347 0.0342318
0.355064 0.664514
0.0758656 0.142086
0.648995 0.397291
0.320544 0.787903
0.630445 0.279799
0.852132 0.548207
0.405502 0.150003
0.447612 0.430148
0.718363 0.491112
0.812744 0.864208
0.592411 0.0305165
0.0880776 0.695092
0.448566 0.184853
0.255128 0.643831
0.73276 0.305883
0.64948 0.0991173
0.92551 0.742294
0.266336 0.645353
0.126409 0.555182
0.414456 0.752378
0.834947 0.423314
0.289083 0.250798
0.572729 0.756689
0.65085 0.303449
0.230409 0.502947
0.161141 0.836183
0.512367 0.231764
0.620843 0.816658
0.416642 0.770252
0.599927 0.157858
0.0767729 0.253641
0.265762 0.0598616
0.859349 0.530335
0.666188 0.0971101
0.0758506 0.0837755
0.788135 0.911453
0.504841 0.143962
0.147254 0.100881
0.851049 0.804918
0.392926 0.100131
0.29351 0.547998
0.915566 0.837636
0.772834 0.482677
0.779714 0.197015
0.23853 0.381679
0.347243 0.317384
0.644673 0.620205
0.355308 0.605017
0.127159 0.051806
0.701379 0.172264
0.132751 0.54464
0.0709579 0.643283
0.660913 0.208162
0.729669 0.549832
0.0570405 0.116334
0.620101 0.302259
0.667775 0.573853
0.110598 0.439707
0.0911897 0.866976
0.628532 0.285462
0.28034 0.961758
0.625516 0.879176
0.660788 0.847767
0.521984 0.702518
0.0152819 0.231556
0.858185 0.198776
0.781031 0.946237
0.761043 0.449805
0.150545 0.491884
0.909623 0.257072
0.610305 0.602946
0.444744 0.273518
0.164774 0.551508
0.701595 0.199684
0.434313 0.349407
0.48357 0.714474
0.3156 0.0949164
0.642028 0.900623
0.0556154 0.154012
0.587942 0.0763433
0.388077 0.477571
0.158598 0.186958
0.436066 0.914057
0.610637 0.580499
0.436428 0.576363
0.722095 0.0453723
0.159364 0.178008
0.309648 0.308642
0.721215 0.0651813
0.51965 0.157967
0.336427 0.0574105
0.864242 0.678314
0.0932618 0.491961
0.595126 0.135657
0.634814 0.212383
0.188501 0.0431062
0.685017 0.37811
0.191552 0.138446
0.316638 0.784178
0.682986 0.761921
0.355176 0.402608
0.79941 0.531195
0.570862 0.108196
0.838076 0.29981
0.121522 0.373058
0.462255 0.481508
0.363211 0.312332
0.183666 0.463856
0.81118 0.767974
0.599113 0.460585
0.961069 0.811392
0.473035 0.68657
0.173924 0.665412
0.797138 0.482724
0.45546 0.48223
0.232904 0.814219
0.865949 0.179734
0.34157 0.466953
0.14114 0.197764
0.762421 0.283327
0.559259 0.217104
0.768645 0.929325
0.601429 0.838931
0.381615 0.340135
0.710193 0.93493
0.788768 0.702002
0.76284 0.287825
0.395423 0.914997
0.946918 0.228465
0.404091 0.400681
0.686051 0.660295
0.22937 0.587196
0.676544 0.56935
0.110849 0.804534
0.742162 0.816478
0.0963665 0.297335
0.100931 0.829328
0.234685 0.573031
0.775151 0.593408
0.908207 0.546797
0.589086 0.729537
0.234646 0.358669
0.0108561 0.625692
0.291547 0.939091
0.806458 0.688558
0.347054 0.498887
0.336563 0.563878
0.0994156 0.0366678
0.123456 0.135525
0.775584 0.878651
0.904553 0.950642
0.181833 0.971571
0.769518 0.400285
0.553509 0.58021
0.0271964 0.467045
0.107026 0.602428
0.175019 0.331274
0.946336 0.252359
0.935497 0.294111
0.123334 0.785337
0.866876 0.504459
0.28542 0.30551
0.0480016 0.355339
0.290945 0.170243
0.484084 0.152619
0.043709 0.436841
0.0420498 0.207509
0.415105 0.807312
0.670324 0.865392
0.385148 0.612233
0.435452 0.464801
0.237861 0.609525
0.810508 0.199464
0.764652 0.771706
0.492349 0.860776
0.541083 0.431636
0.378738 0.829803
0.701222 0.429623
0.192886 0.0216721
0.587946 0.685053
0.135756 0.614261
0.113084 0.172357
0.818375 0.522276
0.868712 0.452085
0.468804 0.375656
0.107036 0.87446
0.832327 0.28695
0.485659 0.663356
0.482132 0.262023
0.443268 0.912865
0.174066 0.98021
0.351026 0.5397
0.820399 0.110665
0.896445 0.253258
0.0694576 0.548101
0.672531 0.189901
0.167373 0.789912
0.357804 0.987093
0.311068 0.300865
0.421467 0.787115
0.692397 0.485994
0.684224 0.549932
0.753653 0.178525
0.200857 0.243936
0.430357 0.623475
0.187772 0.597231
0.607494 0.545974
0.144942 0.414753
0.578659 0.104583
0.417076 0.650699
0.643049 0.0998832
0.819487 0.829227
0.882142 0.195456
0.802211 0.205507
0.522679 0.234591
0.899361 0.245221
0.67913 0.653525
0.754914 0.471229
0.79428 0.960492
0.699541 0.278158
0.593888 0.845703
0.866306 0.203449
0.385912 0.0624612
0.571776 0.028496
0.118132 0.0302983
0.648838 0.783097
0.118398 0.490168
0.558038 0.0400908
0.687243 0.39237
0.206761 0.207906
0.613434 0.19255
0.429877 0.325163
0.858487 0.191576
0.776085 0.692341
0.138844 0.491776
0.926837 0.727411
0.378775 0.845368
0.860311 0.823133
0.858336 0.481818
0.787806 0.969448
0.4644 0.491964
0.715878 0.585925
0.933238 0.346377
0.611164 0.647256
0.693046 0.828843
0.838915 0.320489
0.0310191 0.254919
0.635659 0.90192
0.431184 0.44701
0.577207 0.598519
0.895153 0.567266
0.304151 0.320191
0.390673 0.145081
0.106105 0.249419
0.658883 0.893639
0.176747 0.186649
0.374225 0.949378
0.744142 0.331974
0.260781 0.359302
0.953275 0.964067
0.185347 0.800461
0.301737 0.197146
0.127538 0.906115
0.0648055 0.552265
0.346447 0.620239
0.147644 0.276804
0.17076 0.445144
0.585041 0.573241
0.62145 0.700356
0.806492 0.285164
0.581463 0.0551975
0.444279 0.932703
0.928745 0.244413
0.303467 0.276889
0.542696 0.261187
0.223556 0.724723
0.0751971 0.500607
0.90469 0.209984
0.427364 0.939711
0.70137 0.776628
0.568933 0.883113
0.0847457 0.770884
0.288409 0.633146
0.327304 0.9025
0.308006 0.148669
0.180434 0.906889
0.189712 0.609587
0.863859 0.215809
0.78861 0.180429
0.420695 0.346415
0.430583 0.634868
0.0756628 0.493801
0.14868 0.98258
0.655256 0.561056
0.932014 0.391373
0.323297 0.552186
0.196891 0.370554
0.328957 0.474961
0.903686 0.733907
0.388719 0.312665
0.776444 0.548042
0.241687 0.96237
0.18682 0.125296
0.16338 0.97705
0.283778 0.574416
0.324728 0.70203
0.205026 0.398182
0.211292 0.341784
0.387023 0.857393
0.884082 0.350591
0.216189 0.222289
0.884152 0.419044
0.584988 0.231545
0.861028 0.613719
0.882822 0.287483
0.890254 0.690654
0.84235 0.208309
0.6897 0.0514056
0.238261 0.834223
0.0245226 0.51892
0.403975 0.340071
0.241244 0.628421
0.738684 0.44067
0.8835 0.247417
0.290403 0.849493
0.473283 0.507433
0.080259 0.362878
0.90304 0.664882
0.580474 0.850672
0.258792 0.482413
0.103451 0.162921
0.190707 0.946916
0.293953 0.872082
0.860669 0.556072
0.69497 0.0679974
0.0625551 0.103246
0.344427 0.274867
0.716487 0.0988307
0.698339 0.660828
0.217862 0.0442615
0.516836 0.6919
0.528509 0.608131
0.0627889 0.450879
0.250916 0.644742
0.263511 0.523954
0.127334 0.358353
0.680296 0.329655
0.323159 0.974771
0.196415 0.311246
0.553398 0.832725
0.316974 0.564378
0.0321629 0.668351
0.844972 0.717599
0.745088 0.55783
0.40747 0.957748
0.638498 0.873503
0.665295 0.12624
0.524437 0.730997
0.561336 0.811628
0.38204 0.838453
0.311492 0.516342
0.216052 0.983433
0.843255 0.516933
0.846565 0.248685
0.817886 0.502646
0.894821 0.232224
0.104697 0.923764
0.758942 0.930083
0.660972 0.578991
0.485521 0.092468
0.548179 0.112962
0.905864 0.25363
0.239531 0.509986
0.931362 0.843935
0.302216 0.325812
0.659531 0.621735
0.831409 0.857852
0.609321 0.726463
0.360487 0.587563
0.751052 0.196471
0.109772 0.679759
0.315472 0.166178
0.622372 0.127616
0.101574 0.285701
0.686438 0.582878
0.34601 0.248577
0.712105 0.341529
0.535603 0.891618
0.848703 0.447365
0.766033 0.16297
0.779109 0.418419
0.747167 0.640906
0.269075 0.369869
0.364995 0.63215
0.878739 0.263553
0.817478 0.121047
0.804082 0.158545
0.225111 0.428361
0.272546 0.323551
0.706784 0.942376
0.834857 0.220866
0.259895 0.672457
0.419475 0.707085
0.601832 0.266397
0.137427 0.366282
0.421814 0.910866
0.781543 0.187384
0.561018 0.0747617
0.627511 0.841787
0.700019 0.541323
0.0706833 0.515751
0.589324 0.873297
0.652987 0.839292
0.298329 0.927498
0.142764 0.0241854
0.838975 0.195809
0.0920903 0.132811
0.713151 0.505837
0.827132 0.318232
0.762351 0.928737
0.680828 0.1789
0.912184 0.486781
0.356052 0.488602
0.57315 0.840716
0.426132 0.222709
0.458782 0.480277
0.735595 0.0638913
0.359898 0.387044
0.84679 0.654955
0.334391 0.974281
0.670339 0.232447
0.0876093 0.767225
0.361019 0.753883
0.293072 0.207538
0.122104 0.0510611
0.174063 0.760504
0.219108 0.105755
0.23058 0.570453
0.565685 0.76373
0.44524 0.0329226
0.918522 0.974188
0.506851 0.702639
0.908953 0.900311
0.101636 0.804747
0.522521 0.448053
0.774618 0.220016
0.655222 0.845379
0.87182 0.236177
0.581841 0.262279
0.249755 0.687475
0.286069 0.381591
0.433514 0.480541
0.468776 0.65561
0.0987369 0.0581231
0.408152 0.537215
0.0638197 0.36272
0.470057 0.569796
0.0780775 0.415722
0.422352 0.171999
0.214306 0.955343
0.678785 0.842135
0.203172 0.258905
0.805969 0.177354
0.274236 0.392465
0.454446 0.473589
0.0884948 0.725005
0.884798 0.498954
0.222114 0.359462
0.133848 0.285167
0.417258 0.525396
0.819745 0.475422
0.887442 0.292453
0.0628199 0.917324
0.697776 0.4915
0.149697 0.902263
0.46062 0.744491
0.88363 0.640224
0.946351 0.723121
0.818806 0.280986
0.110903 0.268323
0.761498 0.169351
0.914006 0.714023
0.633361 0.20705
0.0568497 0.782571
0.478101 0.444107
0.300278 0.304207
0.89586 0.20255
0.654964 0.877856
0.180884 0.311951
0.413287 0.319316
0.220586 0.868648
0.068581 0.104276
0.49517 0.0813985
0.810436 0.355148
0.321509 0.921592
0.60715 0.096987
0.095924 0.592784
0.730789 0.720628
0.815219 0.745151
0.493308 0.327312
0.183491 0.788528
0.630111 0.0814802
0 0.250565
0.0172209 0.180746
0.559627 0.446643
0.506022 0.785457
0.305845 0.556201
0.875526 0.849587
0.608298 0.734874
0.171757 0.933942
0.636412 0.812622
0.0589411 0.738365
0.388999 0.765727
0.448122 0.21151
0.593946 0.83732
0.528705 0.70622
0.75012 0.175128
0.780812 0.754033
0.426212 0.802021
0.932654 0.937521
0.237028 0.431647
0.773882 0.554222
0.918836 0.73534
0.371162 0.599886
0.39969 0.543119
0.513968 0.0607464
0.328331 0.5665
0.752619 0.717873
0.339583 0.213955
0.894697 0.888254
0.175001 0.461644
0.612483 0.852428
0.619531 0.363831
0.670798 0.0599862
0.167451 0.606012
0.0438179 0.397286
0.10613 0.80427
0.845631 0.226697
0.484053 0.320564
0.636884 0.91694
0.85064 0.18935
0.91785 0.191183
0.734006 0.673158
0.854795 0.204863
0.863999 0.867268
0.828446 0.241629
0.299251 0.526785
0.923306 0.97909
0.884727 0.632994
0.846925 0.260517
0.258575 0.0272155
0.439244 0.298986
0.819108 0.388728
0.347899 0.304665
0.72695 0.955739
0.193727 0.559373
0.180857 0.128587
0.751759 0.946921
0.780773 0.650243
0.0435738 0.686719
0.564698 0.836419
0.747433 0.801609
0.516902 0.719737
0.718678 0.405141
0.366468 0.688319
0.445473 0.626985
0.717926 0.90375
0.899444 0.54318
0.281404 0.279669
0.772827 0.979749
0.251611 0.0407689
0.514861 0.455445
0.139001 0.277872
0.359948 0.913267
0.89876 0.405163
0.602972 0.4408
0.377631 0.342897
0.235815 0.896571
0.0870522 0.928402
0.291467 0.42818
0.635512 0.759234
0.0667894 0.349941
0.691496 0.878276
0.825857 0.915147
0.241794 0.698414
0.862191 0.515885
0.718856 0.401693
0.905299 0.877311
0.666962 0.305628
0.745668 0.590817
0.687214 0.381402
0.0768755 0.0672807
0.712987 0.280049
0.939995 0.816659
0.242782 0.257218
0.22421 0.879933
0.891628 0.310342
0.245395 0.642657
0.306394 0.111652
0.512441 0.515192
0.806816 0.393966
0.0343123 0.527412
0.769455 0.966546
0.379943 0.448226
0.317388 0.166889
0.0787186 0.936789
0.517884 0.117093
0.0415841 0.253089
0.348663 0.0530324
0.0472872 0.604801
0.279137 0.268542
0.475576 0.262847
0.539713 0.711096
0.862331 0.828924
0.816092 0.417091
0.320398 0.620629
0.787809 0.354145
0.156487 0.575374
0.31267 0.529628
0.0410115 0.582299
0.684438 0.0892515
0.547155 0.218626
0.185658 0.58918
0.468198 0.552993
0.596806 0.512525
0.148533 0.861279
0.73852 0.613567
0.140178 0.298976
0.338907 0.0262168
0.109941 0.160825
0.433507 0.424919
0.776442 0.225928
0.779734 0.938865
0.788357 0.115762
0.470759 0.810634
0.675829 0.156558
0.900393 0.233824
0.372677 0.0897175
0.78408 0.847349
0.634165 0.428074
0.346494 0.786476
0.290425 0.110282
0.425813 0.422001
0.40708 0.762163
0.447001 0.503514
0.888144 0.889535
0.882261 0.722782
0.110951 0.706756
0.631295 0.90255
0.814786 0.115379
0.690913 0.498458
0.27517 0.603089
0.702869 0.634851
0.684132 0.546904
0.481439 0.319034
0.92904 0.859228
0.107225 0.238149
0.891042 0.549821
0.64388 0.343939
0.277614 0.0981122
0.845536 0.214612
0.922495 0.818401
0.858289 0.202103
0.510793 0.566404
0.893526 0.324331
0.671525 0.597787
0.757874 0.941773
0.197233 0.51953
0.586993 0.863128
0.0923312 0.0686063
0.193225 0.0258796
0.888466 0.304565
0.245784 0.828423
0.764335 0.901476
0.170372 0.128899
0.864253 0.233787
0.331098 0.937251
0.804678 0.259732
0.936214 0.329147
0.791208 0.891782
0.624217 0.491177
0.452509 0.444579
0.414868 0.675522
0.887914 0.241282
0.511661 0.0242
0.106776 0.725328
0.0627885 0.895863
0.0221195 0.26457
0.76387 0.852451
0.167234 0.96544
0.912099 0.247482
0.908894 0.300555
0.108749 0.792456
0.505718 0.0891974
0.0979635 0.326845
0.903873 0.743779
0.815768 0.431549
0.154219 0.242312
0.102878 0.100359
0.265144 0.657581
0.110266 0.305755
0.365281 0.122442
0.285977 0.38817
0.382176 0.0928832
0.239901 0.54682
0.0518773 0.200353
0.697612 0.043861
0.478608 0.787518
0.858292 0.0884219
0.803767 0.923402
0.341643 0.802472
0.631442 0.156122
0.227214 0.780328
0.385519 0.318944
0.866773 0.623277
0.966897 0.961135
0.932305 0.367766
0.100811 0.230993
0.735405 0.484744
0.326029 0.965867
0.0316414 0.360591
0.180187 0.714063
0.402076 0.648169
0.495121 0.223118
0.649967 0.353849
0.144922 0.994192
0.152387 0.767051
0.145347 0.382297
0.5415 0.540896
0.703392 0.428409
0.19005 0.680187
0.404509 0.117319
0.0171154 0.502901
0.345937 0.740878
0.900884 0.722671
0.723303 0.0824177
0.0801638 0.87969
0.717185 0.436399
0.552922 0.21784
0.646042 0.202322
0.558599 0.802777
0.212342 0.739047
0.545972 0.375141
0.106697 0.102244
0.880944 0.827727
0.497343 0.106592
0.522443 0.860553
0.198083 0.498979
0.432497 0.537146
0.241218 0.405479
0.219202 0.953748
0.401598 0.240402
0.861483 0.207802
0.667365 0.42957
0.344926 0.320974
0.635182 0.892465
0.131802 0.858427
0.633641 0.669624
0.211609 0.733694
0.752657 0.120349
0.535458 0.277788
0.184466 0.0307416
0.194679 0.383501
0.515716 0.63341
0.899692 0.776567
0.0787037 0.138929
0.71903 0.4439
0.365598 0.583257
0.546973 0.0594695
0.0639356 0.886741
0.362102 0.645761
0.815678 0.473276
0.473482 0.481681
0.132558 0.703397
0.186256 0.878031
0.80373 0.719575
0.165197 0.993977
0.736703 0.351671
0.367943 0.244748
0.921739 0.328913
0.0559077 0.879885
0.433724 0.730298
0.434908 0.793973
0.305726 0.0220261
0.82628 0.346371
0.912854 0.196491
0.951202 0.760494
0.65963 0.505465
0.197724 0.791103
0.189763 0.380025
0.6602 0.0583949
0.115626 0.841502
0.0750562 0.843157
0.165247 0.37445
0.0886215 0.140642
0.685149 0.104365
0.133039 0.12534
0.796466 0.541395
0.900878 0.215428
0.552252 0.761386
0.443418 0.509622
0.873029 0.499394
0.229656 0.629257
0.891266 0.445355
0.406866 0.159909
0.781041 0.0975186
0.16599 0.883054
0.88766 0.196838
0.7354 0.0889371
0.529992 0.836939
0.214776 0.23959
0.914634 0.354022
0.356153 0.738149
0.901181 0.282603
0.883804 0.48054
0.033095 0.365462
0.927254 0.954536
0.809361 0.211324
0.570078 0.827711
0.655647 0.815148
0.927316 0.38693
0.0754017 0.125036
0.245703 0.943328
0.298656 0.970841
0.122034 0.835581
0.787863 0.267719
0.112266 0.702247
0.608128 0.447597
0.466554 0.493678
0.70824 0.356991
0.929375 0.763831
0.727561 0.926423
0.717304 0.571277
0.0722999 0.295078
0.355427 0.622602
0.28549 0.325169
0.904869 0.384757
0.431045 0.225039
0.323279 0.729674
0.194653 0.375705
0.6669 0.820408
0.635842 0.673752
0.700865 0.250646
0.103644 0.167171
0.745899 0.816873
0.513051 0.718128
0.546294 0.232414
0.616204 0.25984
0.765006 0.676023
0.557112 0.141155
0.31163 0.850553
0.448663 0.306772
0.205357 0.889883
0.522385 0.537473
0.621061 0.730891
0.905686 0.196357
0.710831 0.562539
0.857654 0.432438
0.774919 0.968211
0.584328 0.545657
0.76995 0.117693
0.249952 0.320765
0.336536 0.876996
0.581757 0.117624
0.551916 0.14133
0.261056 0.866081
0.936193 0.74051
0.168535 0.194081
0.607065 0.702411
0.71643 0.238676
0.408794 0.627831
0.426853 0.12298
0.168738 0.295195
0.61084 0.831415
0.292741 0.13294
0.462659 0.0380687
0.228645 0.732148
0.343514 0.560438
0.641531 0.873238
0.673152 0.157748
0.0975302 0.924699
0.0649264 0.0439429
0.653721 0.186663
0.245001 0.267884
0.854639 0.953705
0.501604 0.304581
0.63305 0.858096
0.415986 0.7514
0.237037 0.932743
0.711184 0.484596
0.0706406 0.19557
0.502011 0.308915
0.89973 0.875594
0.846765 0.538573
0.778238 0.552016
0.69519 0.86254
0.48632 0.717965
0.883979 0.217254
0.89557 0.209963
0.413901 0.792333
0.123106 0.899883
0.103675 0.671382
0.847376 0.505551
0.42577 0.0821611
0.450973 0.132807
0.54731 0.545553
0.332464 0.0662352
0.829765 0.27206
0.89451 0.686342
0.784992 0.678223
0.240864 0.489387
0.530878 0.721683
0.206048 0.435477
0.855029 0.190479
0.575283 0.288846
0.896141 0.65745
0.211984 0.979853
0.341797 0.0497541
0.496066 0.767555
0.119054 0.940887
0.902028 0.657705
0.480787 0.230263
0.720426 0.317106
0.487803 0.645373
0.0437476 0.258821
0.32675 0.253853
0.795225 0.866991
0.968809 0.957791
0.300149 0.832299
0.151446 0.882849
0.124002 0.0285813
0.53446 0.325623
0.0735603 0.851529
0.353945 0.51136
0.648723 0.482976
0.4705 0.538616
0.151042 0.949824
0.780817 0.877008
0.274171 0.273738
0.509019 0.285128
0.536004 0.855831
0.51431 0.355926
0.700645 0.502461
0.340882 0.989972
0.325386 0.431547
0.873007 0.459604
0.42562 0.440168
0.758047 0.480638
0.28277 0.131114
0.948988 0.98907
0.59523 0.453428
0.498721 0.739591
0.396628 0.26493
0.607616 0.679114
0.534964 0.125202
0.854265 0.239051
0.869646 0.489924
0.434611 0.649452
0.929653 0.800405
0.645882 0.294006
0.210532 0.527563
0.71157 0.649712
0.882375 0.515379
0.137574 0.248795
0.604104 0.121977
0.204019 0.19692
0.567381 0.701658
0.929241 0.948921
0.856845 0.575646
0.638573 0.517169
0.659953 0.59683
0.606902 0.62235
0.0986747 0.0464772
0.261173 0.0333959
0.758063 0.91621
0.298908 0.0414813
0.418566 0.0756345
0.684132 0.393854
0.508697 0.837585
0.627725 0.139283
0.912622 0.85545
0.33334 0.504684
0.527178 0.281825
0.463916 0.521312
0.823498 0.128638
0.0384039 0.487424
0.699118 0.58455
0.121903 0.772775
0.650081 0.365967
0.765668 0.474794
0.292454 0.0753908
0.49424 0.715745
0.0993847 0.180132
0.104735 0.622914
0.955372 0.751338
0.762498 0.940006
0.559581 0.10259
0.445874 0.0906477
0.374705 0.922773
0.590359 0.197183
0.0673617 0.605148
0.676119 0.780784
0.214751 0.773605
0.537828 0.813688
0.145743 0.296449
0.329109 0.410477
0.368522 0.820811
0.136816 0.468274
0.899328 0.263395
0.0976974 0.984536
0.934337 0.893126
0.886915 0.561732
0.915455 0.413995
0.624375 0.333524
0.315111 0.228306
0.519535 0.391975
0.82081 0.209692
0.147308 0.0388685
0.904073 0.721553
0.882383 0.196875
0.926333 0.265426
0.532089 0.334767
0.0658372 0.675704
0.81278 0.0829814
0.870099 0.911446
0.104434 0.855648
0.729569 0.928936
0.419651 0.699664
0.363979 0.0451137
0.0417103 0.689548
0.271285 0.554818
0.069696 0.0869892
0.754935 0.205206
0.133936 0.743782
0.859522 0.134739
0.839846 0.827406
0.25811 0.403726
0.141469 0.308592
0.112566 0.912561
0.354742 0.980394
0.814108 0.407198
0.838238 0.556094
0.376192 0.274221
0.224043 0.773263
0.324585 0.29145
0.430988 0.590963
0.824166 0.489303
0.67834 0.602824
0.671718 0.833924
0.328685 0.531294
0.834806 0.197682
0.353977 0.105191
0.597029 0.497626
0.408382 0.678698
0.417141 0.765236
0.651744 0.227061
0.1724 0.524855
0.767931 0.548973
0.826516 0.0849425
0.287738 0.133029
0.308092 0.724406
0.699042 0.139338
0.210353 0.38552
0.7423 0.914115
0.223787 0.0762202
0.423817 0.0563374
0.245303 0.774248
0.162056 0.840219
0.266295 0.563707
0.514085 0.68523
0.323544 0.187867
0.90902 0.511398
0.693706 0.676124
0.0502303 0.510764
0.716563 0.347987
0.610299 0.0578124
0.0794141 0.331435
0.170335 0.289815
0.743849 0.914244
0.176757 0.932326
0.885217 0.65622
0.924684 0.228845
0.378449 0.145342
0.0506409 0.648471
0.705059 0.585135
0.330543 0.0345536
0.740003 0.24829
0.49185 0.487802
0.889864 0.590654
0.890254 0.713955
0.866373 0.625183
0.709313 0.950686
0.90656 0.879321
0.253113 0.662595
0.745742 0.437279
0.597175 0.710952
0.0503426 0.588328
0.890246 0.431529
0.719015 0.964972
0.0633448 0.424613
0.497898 0.405799
0.446189 0.25678
0.6926 0.891881
0.725678 0.587059
0.538965 0.695056
0.213747 0.442097
0.284178 0.902605
0.406213 0.232944
0.730477 0.668553
0.896879 0.524497
0.118861 0.498899
0.185954 0.186237
0.093789 0.0932376
0.553461 0.837267
0.0385884 0.630102
0.242634 0.543255
0.046777 0.695484
0.794965 0.647161
0.661822 0.532068
0.215733 0.20155
0.217077 0.428286
0.645283 0.523505
0.326545 0.0623506
0.751912 0.0990777
0.729206 0.643869
0.582632 0.875385
0.15948 0.788924
0.00610959 0.25019
0.853548 0.599477
0.100007 0.899302
0.221077 0.290897
0.459794 0.238796
0.904113 0.288708
0.883229 0.637552
0.779916 0.129683
0.879035 0.112947
0.528368 0.509686
0.547511 0.812077
0.554436 0.271704
0.92369 0.327029
0.900088 0.578657
0.17378 0.094586
0.341165 0.173055
0.317507 0.231731
0.752988 0.381458
0.151487 0.965359
0.683841 0.618995
0.231494 0.677078
0.85216 0.1681
0.308034 0.65374
0.190747 0.192002
0.655393 0.769747
0.65166 0.169502
0.620232 0.20701
0.439972 0.590325
0.504044 0.3759
0.154947 0.671858
0.446892 0.471188
0.827781 0.750679
0.700573 0.568656
0.168411 0.858457
0.546529 0.828635
0.477245 0.764261
0.47594 0.350112
0.843874 0.798402
0.0279117 0.0518435
0.896748 0.689145
0.789197 0.568711
0.836262 0.450175
0.798015 0.28312
0.0453369 0.303211
0.632649 0.178795
0.82368 0.275663
0.664261 0.851016
0.819615 0.381568
0.434362 0.924845
0.245492 0.958603
0.748634 0.700322
0.735491 0.252571
0.0616452 0.605953
0.0696503 0.0485255
0.705756 0.931054
0.710084 0.496009
0.573269 0.558389
0.89808 0.397065
0.76779 0.976865
0.692795 0.465936
0.160913 0.682137
0.503725 0.836773
0.502479 0.36469
0.191032 0.932422
0.308713 0.41948
0.846832 0.210253
0.151812 0.65996
0.317707 0.190847
0.257418 0.351285
0.245069 0.909791
0.329622 0.94384
0.446031 0.879223
0.48565 0.377396
0.279621 0.317254
0.334805 0.966599
0.77231 0.48987
0.651792 0.309343
0.291236 0.172856
0.658192 0.500833
0.106093 0.957494
0.873381 0.209912
0.0825343 0.0538157
0.674398 0.371127
0.258871 0.916964
0.719109 0.489076
0.8509 0.15932
0.428699 0.30111
0.911424 0.957139
0.653867 0.221318
0.250744 0.95716
0.203135 0.0353068
0.490225 0.820931
0.32457 0.76124
0.0529697 0.90055
0.306722 0.133404
0.934449 0.220469
0.154533 0.980182
0.239309 0.825483
0.343777 0.483912
0.775773 0.0837617
0.890377 0.706781
0.112915 0.399747
0.823587 0.226892
0.319271 0.596351
0.297045 0.568251
0.587408 0.502663
0.561628 0.0795757
0.348957 0.894885
0.829223 0.384236
0.848686 0.156819
0.500056 0.819188
0.254862 0.638893
0.787486 0.511737
0.468168 0.134719
0.90795 0.264193
0.208278 0.954904
0.875497 0.322785
0.3746 0.818885
0.37572 0.690138
0.418107 0.676782
0.260728 0.0322305
0.175876 0.843204
0.076896 0.520774
0.766942 0.922373
0.857081 0.634903
0.880336 0.42868
0.419903 0.250918
0.0523471 0.22505
0.760092 0.53671
0.353108 0.741239
0.75964 0.563129
0.69369 0.634956
0.832105 0.164995
0.467654 0.250463
0.771129 0.892947
0.856958 0.20081
0.858195 0.194714
0.847378 0.942577
0.618267 0.636624
0.862695 0.520795
0.251277 0.850162
0.882368 0.675095
0.113485 0.964604
0.8623 0.881921
0.503838 0.258822
0.604991 0.268787
0.798063 0.322602
0.887552 0.671942
0.39096 0.389918
0.919527 0.214309
0.272471 0.846264
0.180352 0.21301
0.848577 0.222502
0.159322 0.546811
0.713046 0.0647954
0.0752878 0.937606
0.836875 0.941515
0.698679 0.895765
0.87141 0.56105
0.833271 0.456637
0.792129 0.443232
0.704932 0.575875
0.732564 0.615818
0.309133 0.169864
0.0155876 0.206183
0.323923 0.300321
0.0552028 0.525347
0.524381 0.867441
0.614174 0.630073
0.518141 0.334416
0.646093 0.590757
0.288708 0.51352
0.623235 0.84036
0.474498 0.526641
0.468807 0.336098
0.939295 0.288603
0.745667 0.662907
0.855492 0.532159
0.290735 0.152578
0.665698 0.316912
0.355874 0.994056
0.592944 0.402691
0.502754 0.0935514
0.372003 0.140314
0.704582 0.915874
0.460996 0.338402
0.481151 0.750537
0.847541 0.131588
0.670756 0.343917
0.538999 0.148225
0.667733 0.505247
0.41297 0.435926
0.173892 0.279012
0.87797 0.489349
0.41961 0.634739
0.764344 0.758753
0.626337 0.374408
0.150557 0.168834
0.439121 0.520966
0.295393 0.135405
0.429303 0.750236
0.493209 0.868976
0.492722 0.310903
0.933964 0.228551
0.648198 0.494252
0.326313 0.327287
0.941884 0.755495
0.74406 0.158724
0.0366739 0.716733
0.610446 0.431094
0.339087 0.376968
0.197853 0.964444
0.749424 0.341216
0.122727 0.191902
0.867252 0.433167
0.31873 0.321098
0.167984 0.766451
0.233096 0.675253
0.0798926 0.151734
0.823036 0.721296
0.636068 0.161307
0.0471574 0.620835
0.873167 0.814708
0.769669 0.900982
0.490819 0.397346
0.324163 0.845124
0.763178 0.520287
0.813608 0.522586
0.814026 0.957142
0.682932 0.727394
0.338145 0.0465903
0.0326368 0.52955
0.780741 0.237011
0.176225 0.86961
0.362646 0.0597972
0.563099 0.0515388
0.196777 0.618783
0.637897 0.0837696
0.415934 0.417648
0.922695 0.988472
0.785647 0.313253
0.761445 0.577046
0.7838 0.549469
0.092977 0.667946
0.516648 0.784726
0.397851 0.878201
0.78661 0.423906
0.405521 0.571362
0.652791 0.603554
0.411637 0.0735401
0.60646 0.0372815
0.110634 0.799505
0.631354 0.709375
0.848947 0.176649
0.155695 0.870629
0.920861 0.956003
0.191345 0.718117
0.547716 0.860598
0.287905 0.558006
0.655723 0.825427
0.334391 0.0628256
0.677784 0.131457
0.483945 0.0763808
0.701798 0.132532
0.683054 0.138495
0.159732 0.321165
0.156965 0.216854
0.128038 0.794082
0.873158 0.192408
0.855648 0.114031
0.879315 0.820304
0.839393 0.22178
0.497624 0.428353
0.08579 0.80353
0.924965 0.763682
0.605003 0.307794
0.79214 0.300528
0.429414 0.276337
0.38551 0.143493
0.405625 0.0753652
0.276377 0.565026
0.39382 0.428024
0.773794 0.52613
0.239409 0.699663
0.519177 0.075465
0.702808 0.444793
0.846462 0.635387
0.51003 0.372992
0.0568438 0.597018
0.166642 0.0251016
0.33179 0.762327
0.310034 0.126282
0.0886767 0.751293
0.39922 0.447053
0.875188 0.826506
0.516145 0.177788
0.359618 0.901809
0.59589 0.140834
0.425648 0.815035
0.771497 0.970589
0.86012 0.53254
0.406193 0.719384
0.164939 0.913875
0.0774512 0.215292
0.503324 0.246093
0.231926 0.836862
0.0210999 0.556639
0.825513 0.252306
0.31959 0.344686
0.50717 0.221575
0.16164 0.0340317
0.387975 0.525632
0.942582 0.9388
0.662276 0.366358
0.807443 0.488523
0.323593 0.6722
0.0414174 0.744366
0.397744 0.155582
0.646051 0.489453
0.384789 0.159866
0.700838 0.605345
0.939594 0.752069
0.185367 0.942547
0.796371 0.50727
0.308393 0.321819
0.718503 0.476342
0.33406 0.113337
0.894481 0.301441
0.114897 0.657013
0.640919 0.892571
0.153228 0.96196
0.590702 0.160769
0.72561 0.947341
0.330805 0.316062
0.476955 0.725897
0.479486 0.198642
0.349822 0.470197
0.899617 0.557336
0.423864 0.719908
0.0592561 0.727518
0.0631013 0.755103
0.187861 0.367491
0.852033 0.194204
0.689915 0.908333
0.845658 0.287888
0.836056 0.962768
0.241798 0.471861
0.157587 0.931013
0.458182 0.507922
0.277021 0.937776
0.214493 0.751636
0.15377 0.559921
0.253345 0.094155
0.108776 0.655346
0.792595 0.142621
0.387585 0.813245
0.855289 0.587296
0.182448 0.749639
0.761333 0.825575
0.701462 0.580352
0.112967 0.581352
0.596839 0.354664
0.0985904 0.75166
0.282626 0.536644
0.251594 0.560117
0.456399 0.491403
0.324652 0.624334
0.0429759 0.554939
0.688941 0.130268
0.219106 0.481609
0.267622 0.590515
0.290759 0.155165
0.159385 0.477613
0.855097 0.935502
0.304935 0.60576
0.507026 0.421515
0.192388 0.151626
0.747358 0.268109
0.861417 0.166037
0.801767 0.142428
0.595376 0.287972
0.626508 0.881904
0.861074 0.650134
0.467636 0.602545
0.730464 0.665031
0.0986806 0.0348132
0.25968 0.367829
0.155516 0.406643
0.84044 0.13044
0.3195 0.147733
0.645617 0.870185
0.542407 0.847347
0.92699 0.318549
0.137866 0.87139
0.327074 0.896344
0.933273 0.997857
0.183006 0.589843
0.815693 0.150654
0.226834 0.306785
0.709226 0.945289
0.950418 0.777922
0.902971 0.271095
0.127483 0.157739
0.701955 0.922349
0.20308 0.973512
0.140492 0.850435
0.849955 0.654918
0.674558 0.829149
0.936994 0.813012
0.66275 0.29638
0.694914 0.669595
0.233341 0.863496
0.266459 0.0869173
0.869387 0.496407
0.373936 0.617965
0.442886 0.369418
0.38668 0.432872
0.601794 0.524481
0.576961 0.271288
0.49257 0.776397
0.260232 0.614434
0.61182 0.100056
0.271951 0.300177
0.901751 0.230969
0.0886404 0.566418
0.53449 0.767939
0.228493 0.752782
0.628185 0.488702
0.791379 0.552036
0.922733 0.247556
0.192709 0.399388
0.570062 0.591404
0.819576 0.193542
0.101097 0.423994
0.434508 0.588003
0.208153 0.700835
0.192069 0.79684
0.775941 0.458666
0.117105 0.68194
0.687078 0.18059
0.266939 0.213309
0.87847 0.506099
0.864141 0.601867
0.938229 0.825266
0.139876 0.904576
0.922014 0.369702
0.314639 0.550842
0.912134 0.217773
0.723959 0.0679267
0.564131 0.159329
0.598299 0.776783
0.833948 0.806328
0.563871 0.643413
0.244297 0.659611
0.313867 0.929753
0.799323 0.550583
0.14789 0.766351
0.0566762 0.115699
0.32227 0.0209836
0.909614 0.490576
0.88026 0.937922
0.806239 0.246588
0.470275 0.73349
0.387928 0.137995
0.749571 0.94298
0.339198 0.349665
0.697673 0.203732
0.160808 0.264971
0.825947 0.405042
0.894341 0.215216
0.334066 0.733947
0.707039 0.488966
0.510745 0.754757
0.56699 0.881884
0.763694 0.523739
0.307765 0.673138
0.421953 0.115961
0.886236 0.909293
0.841339 0.314816
0.0807738 0.593135
0.260828 0.417471
0.946842 0.960846
0.607897 0.112628
0.228363 0.436999
0.499293 0.135942
0.554385 0.866422
0.870793 0.294598
0.324339 0.368119
0.0771156 0.904594
0.22039 0.807814
0.449785 0.528298
0.514362 0.814134
0.655537 0.418359
0.745269 0.511338
0.719989 0.818847
0.110636 0.974873
0.248123 0.0862899
0.917201 0.874195
0.175967 0.180035
0.281183 0.674786
0.317924 0.865071
0.51763 0.2005
0.161208 0.84253
0.57892 0.193725
0.774518 0.807729
0.911633 0.246486
0.345066 0.485004
0.0924079 0.0412203
0.875323 0.850966
0.503147 0.630805
0.655621 0.618623
0.601779 0.891009
0.672384 0.57304
0.735225 0.843334
0.743224 0.0644296
0.49523 0.0862361
0.858601 0.175154
0.258032 0.0700342
0.858697 0.855597
0.239467 0.664653
0.639678 0.240835
0.838644 0.957356
0.724073 0.948862
0.915245 0.695314
0.787338 0.502109
0.258918 0.433481
0.152597 0.88123
0.325265 0.774201
0.432245 0.0641351
0.610544 0.172789
0.0721274 0.140104
0.239025 0.941726
0.182054 0.485839
0.0485688 0.0595102
0.327203 0.267696
0.717882 0.948037
0.50179 0.618009
0.935599 0.270475
0.638241 0.83434
0.861255 0.362271
0.443522 0.136609
0.763784 0.534112
0.0598537 0.122091
0.323081 0.440744
0.168238 0.93903
0.615548 0.241979
0.137137 0.845614
0.209027 0.250384
0.335804 0.226047
0.311389 0.647739
0.458832 0.059527
0.692284 0.874062
0.656892 0.587662
0.225728 0.218815
0.514439 0.113946
0.662322 0.838865
0.228729 0.37058
0.52367 0.247241
0.500956 0.80614
0.69768 0.668142
0.781964 0.323401
0.859438 0.895724
0.166332 0.119672
0.123095 0.495704
0.325002 0.429923
0.161681 0.813149
0.492877 0.781429
0.805593 0.149775
0.347806 0.037064
0.347759 0.879534
0.1351 0.937407
0.848998 0.34548
0.31603 0.368571
0.574537 0.833899
0.242891 0.26947
0.435935 0.0538746
0.578052 0.373247
0.880899 0.75422
0.439044 0.0435427
0.228962 0.799928
0.412782 0.418907
0.658511 0.884928
0.182011 0.417637
0.0795323 0.533432
0.437069 0.429451
0.421471 0.543763
0.366588 0.265121
0.900251 0.678564
0.654506 0.492931
0.512882 0.838959
0.751228 0.951673
0.902345 0.347671
0.317802 0.799498
0.0967153 0.78952
0.805937 0.329924
0.58865 0.268089
0.721475 0.206799
0.188158 0.897101
0.614821 0.262245
0.428366 0.0652069
0.694854 0.867159
0.584095 0.0824125
0.131315 0.493388
0.737235 0.784526
0.902637 0.256145
0.659649 0.757607
0.183353 0.581174
0.0838244 0.495585
0.383106 0.169015
0.300285 0.213227
0.514802 0.824204
0.454379 0.216873
0.0914258 0.653142
0.138685 0.704427
0.889579 0.580184
0.72363 0.591072
0.406803 0.349084
0.670405 0.546509
0.848793 0.418787
0.318721 0.836676
0.698605 0.881817
0.559742 0.834573
0.57638 0.65894
0.314681 0.94635
0.795862 0.575399
0.148793 0.30739
0.469472 0.615107
0.516709 0.558321
0.272272 0.647476
0.300589 0.182778
0.196304 0.0213316
0.757576 0.5818
0.359852 0.44437
0.136503 0.219649
0.853982 0.458554
0.053999 0.485144
0.445688 0.623841
0.293368 0.0380608
0.271254 0.614658
0.839024 0.25977
0.21244 0.135846
0.38463 0.672519
0.737212 0.918663
0.246143 0.959234
0.521018 0.504695
0.161647 0.726838
0.541851 0.879712
0.330358 0.848117
0.397814 0.469968
0.055999 0.246256
0.863825 0.221601
0.733497 0.370618
0.72337 0.052353
0.382131 0.979149
0.639295 0.353817
0.128954 0.856103
0.440261 0.47478
0.538065 0.19158
0.350716 0.764023
0.167823 0.882401
0.254505 0.332068
0.607355 0.765237
0.278897 0.928289
0.599088 0.668738
0.411718 0.652328
0.899178 0.353839
0.73078 0.634601
0.706573 0.480354
0.675834 0.0968063
0.456642 0.339381
0.445025 0.522534
0.187453 0.902572
0.937348 0.743721
0.0977273 0.332114
0.497426 0.261316
0.229049 0.747796
0.563671 0.869257
0.517938 0.800702
0.784607 0.119176
0.512217 0.205787
0.748426 0.424378
0.538703 0.517994
0.072013 0.251415
0.93873 0.779511
0.342005 0.431083
0.095865 0.78374
0.928323 0.29769
0.688714 0.941732
0.957783 0.797506
0.292751 0.486434
0.044735 0.507988
0.256144 0.636098
0.349798 0.740356
0.474086 0.130921
0.798557 0.98159
0.334333 0.589673
0.429605 0.873773
0.0948458 0.474869
0.151641 0.07925
0.234783 0.476509
0.500733 0.323519
0.260853 0.471651
0.652216 0.856601
0.426019 0.581689
0.712143 0.706089
0.102958 0.759572
0.230026 0.30416
0.388773 0.577347
0.115001 0.847469
0.733289 0.908078
0.834044 0.137649
0.480023 0.265495
0.891091 0.609649
0.74907 0.0932018
0.702989 0.906242
0.555453 0.153438
0.297374 0.820609
0.611857 0.907183
0.784948 0.077371
0.470175 0.494901
0.766357 0.531493
0.271393 0.967798
0.83525 0.645633
0.581589 0.841469
0.506452 0.288137
0.770942 0.368295
0.337469 0.254642
0.623459 0.273412
0.829513 0.38252
0.351342 0.475832
0.349416 0.903501
0.637791 0.663949
0.721108 0.271115
0.528875 0.527212
0.316345 0.978671
0.034019 0.0628721
0.515199 0.270511
0.0767171 0.34378
0.867987 0.657774
0.230353 0.425212
0.868977 0.218435
0.790924 0.252859
0.257454 0.411701
0.506229 0.117491
0.786339 0.874054
0.568515 0.143862
0.774754 0.201386
0.792726 0.516445
0.459953 0.337562
0.0552258 0.787826
0.315464 0.0302628
0.813521 0.845912
0.263917 0.924886
0.191778 0.193545
0.545092 0.437341
0.620982 0.470808
0.430178 0.40678
0.689379 0.665314
0.817205 0.243375
0.746877 0.592556
0.117843 0.328254
0.769784 0.923715
0.53986 0.555897
0.397109 0.954188
0.869521 0.441056
0.763503 0.201421
0.437234 0.618613
0.06626 0.723933
0.538915 0.233843
0.862026 0.202449
0.652952 0.539281
0.541196 0.0903725
0.923264 0.269638
0.742313 0.755843
0.517833 0.519468
0.362302 0.618407
0.844897 0.1854
0.511091 0.415116
0.643953 0.920391
0.403132 0.527536
0.348317 0.167341
0.726748 0.795945
0.776658 0.768048
0.495388 0.335069
0.86762 0.423671
0.415119 0.646983
0.931944 0.953578
0.740147 0.895767
0.248657 0.46672
0.62795 0.777808
0.992619 0.968339
0.384288 0.848268
0.128021 0.876972
0.240951 0.770799
0.829118 0.64898
0.290035 0.186418
0.833347 0.0926633
0.873264 0.639271
0.800117 0.473823
0.893836 0.826479
0.87625 0.337703
0.447311 0.821394
0.29516 0.173899
0.711208 0.569207
0.625213 0.346529
0.312644 0.622094
0.340779 0.683335
0.443601 0.473157
0.594151 0.727426
0.22058 0.431011
0.366127 0.519155
0.609562 0.175481
0.563253 0.590117
0.765304 0.367825
0.0743825 0.68602
0.158333 0.944527
0.0210449 0.610742
0.764096 0.323527
0.766267 0.49198
0.859696 0.412557
0.823252 0.179527
0.0347897 0.165769
0.872642 0.51046
0.613183 0.473319
0.2203 0.838824
0.867747 0.610856
0.357013 0.518037
0.751982 0.920358
0.105261 0.526232
0.315096 0.173638
0.214576 0.434402
0.108974 0.236323
0.0992677 0.859914
0.531006 0.832549
0.365278 0.4148
0.199631 0.218928
0.591573 0.251933
0.35269 0.460026
0.738827 0.944931
0.92274 0.953379
0.764855 0.841951
0.553836 0.15924
0.353511 0.31656
0.0797468 0.454983
0.837682 0.359725
0.599874 0.0818716
0.772939 0.712606
0.296416 0.828721
0.563264 0.879796
0.694485 0.903264
0.257446 0.866922
0.16418 0.845671
0.118148 0.504675
0.323041 0.869041
0.46931 0.257383
0.821129 0.285864
0.0965236 0.385908
0.444017 0.454909
0.711593 0.523634
0.875354 0.573584
0.856352 0.523392
0.622683 0.660607
0.229866 0.921074
0.484495 0.804945
0.757645 0.136603
0.841738 0.0773887
0.959491 0.987089
0.856503 0.178405
0.45293 0.194009
0.931802 0.965366
0.450136 0.791073
0.213541 0.543096
0.197993 0.652825
0.928331 0.942319
0.161159 0.880373
0.410758 0.0637713
0.401161 0.0683579
0.684125 0.642464
0.906706 0.261065
0.467119 0.732382
0.284735 0.280541
0.741222 0.277155
0.245493 0.638001
0.368956 0.684579
0.804064 0.334623
0.629497 0.256541
0.136014 0.84919
0.789614 0.309767
0.496815 0.785259
0.205136 0.66302
0.669741 0.631957
0.672387 0.072072
0.667414 0.35455
0.694019 0.660808
0.502907 0.153432
0.382178 0.771924
0.426686 0.131155
0.0550174 0.65221
0.742217 0.415693
0.345364 0.556458
0.728512 0.934208
0.76625 0.873887
0.79017 0.582493
0.168469 0.312856
0.382812 0.340611
0.843827 0.257411
0.884368 0.706673
0.113347 0.63753
0.976993 0.811916
0.290069 0.498239
0.911899 0.696808
0.27579 0.371609
0.788295 0.328559
0.0457088 0.54389
0.72426 0.385878
0.101066 0.466891
0.355252 0.901236
0.327972 0.189201
0.497478 0.535515
0.531878 0.840817
0.840631 0.472721
0.922114 0.838021
0.142025 0.0609506
0.446682 0.107675
0.845403 0.74157
0.596985 0.83943
0.426074 0.868523
0.191534 0.205294
0.218882 0.220749
0.752106 0.957151
0.565848 0.883669
0.42088 0.931155
0.741 0.741685
0.158876 0.267729
0.263746 0.664359
0.178983 0.0993184
0.118311 0.117858
0.889714 0.230226
0.172182 0.34265
0.338259 0.0229128
0.0953577 0.942007
0.822463 0.495493
0.870289 0.122197
0.703634 0.0718485
0.236188 0.443685
0.0712519 0.850797
0.290732 0.408565
0.822269 0.10033
0.159588 0.954803
0.308131 0.383253
0.600487 0.489555
0.477108 0.71499
0.587194 0.377559
0.918101 0.792199
0.700318 0.286579
0.784449 0.78467
0.247293 0.62549
0.291102 0.0952932
0.687121 0.880948
0.151297 0.853762
0.429845 0.154011
0.685322 0.717353
0.563573 0.518528
0.754172 0.722634
0.470619 0.0887808
0.146958 0.0702175
0.561053 0.614792
0.775191 0.154217
0.926589 0.735677
0.88484 0.672544
0.937926 0.714288
0.468759 0.233666
0.303691 0.753219
0.323966 0.928464
0.725987 0.473217
0.786211 0.161885
0.618517 0.503531
0.863383 0.193879
0.0177923 0.642442
0.907502 0.484066
0.713555 0.045918
0.533709 0.274711
0.638321 0.311699
0.416886 0.610853
0.0486903 0.309966
0.295002 0.0502181
0.0581333 0.771597
0.260061 0.322671
0.512379 0.579801
0.262134 0.241361
0.0901972 0.0407031
0.397925 0.663492
0.534364 0.280183
0.839267 0.541539
0.885181 0.781208
0.0171691 0.623056
0.772668 0.524944
0.888379 0.462944
0.844573 0.309514
0.106335 0.864355
0.626194 0.353771
0.889092 0.647548
0.116023 0.166533
0.892364 0.675511
0.728707 0.226782
0.849965 0.797191
0.275224 0.267822
0.446453 0.798877
0.532235 0.30994
0.334583 0.436976
0.0713114 0.342112
0.122703 0.863387
0.86115 0.954684
0.310893 0.741061
0.254068 0.366477
0.615624 0.909222
0.719918 0.541426
0.525628 0.841551
0.696867 0.522511
0.421217 0.442096
0.729044 0.317218
0.223302 0.974692
0.575797 0.662195
0.798228 0.115557
0.89196 0.250007
0.52441 0.0388998
0.478162 0.617834
0.874859 0.371467
0.558507 0.204661
0.122264 0.833038
0.56782 0.739547
0.711736 0.294228
0.269589 0.262493
0.124821 0.947923
0.757166 0.563257
0.374833 0.499551
0.837239 0.603169
0.479225 0.467764
0.248178 0.298515
0.541651 0.198911
0.429943 0.10415
0.219206 0.90061
0.697395 0.11142
0.292253 0.271828
0.307666 0.374303
0.133124 0.881295
0.125133 0.81035
0.158642 0.369619
0.0662024 0.273917
0.328275 0.830921
0.825098 0.696995
0.33099 0.692458
0.282651 0.834684
0.148097 0.527493
0.145435 0.69136
0.725182 0.589332
0.777316 0.947944
0.44808 0.509759
0.081901 0.758158
0.740753 0.359173
0.163423 0.827529
0.243974 0.265436
0.631449 0.411033
0.639678 0.71121
0.70255 0.942957
0.511774 0.52767
0.679208 0.873084
0.228236 0.942005
0.684649 0.36825
0.485957 0.823605
0.053998 0.217113
0.387689 0.836259
0.149758 0.86367
0.315351 0.204589
0.616018 0.0769879
0.551465 0.784208
0.877014 0.819835
0.0487475 0.536902
0.222329 0.692974
0.234359 0.88615
0.652432 0.777206
0.395689 0.327427
0.613882 0.624633
0.301432 0.312933
0.955426 0.809215
0.13418 0.0475823
0.839725 0.53476
0.862657 0.227974
0.372523 0.139867
0.328893 0.0489909
0.251108 0.933261
0.773274 0.168802
0.707531 0.827943
0.716263 0.922089
0.563169 0.863071
0.783937 0.171553
0.679165 0.190972
0.494096 0.312039
0.800384 0.788941
0.591523 0.820456
0.572686 0.730011
0.788879 0.555623
0.223481 0.684864
0.712988 0.602954
0.857591 0.172087
0.621455 0.147312
0.0365745 0.426875
0.311047 0.715618
0.223687 0.0400321
0.619121 0.752112
0.881467 0.437711
0.870365 0.644417
0.595148 0.410684
0.881524 0.419041
0.187255 0.534835
0.195018 0.770506
0.256175 0.0351776
0.346419 0.493614
0.704603 0.0884396
0.127037 0.580216
0.171583 0.740181
0.737055 0.180072
0.166563 0.0593164
0.876491 0.377083
0.0698146 0.521599
0.116744 0.0343583
0.885016 0.229442
0.647049 0.55715
0.40628 0.574963
0.879837 0.63628
0.120553 0.156762
0.352431 0.37204
0.17673 0.702549
0.828716 0.884771
0.779677 0.947064
0.51214 0.88725
0.724761 0.213501
0.162206 0.880578
0.260022 0.0351863
0.255311 0.325661
0.527195 0.387305
0.334128 0.466806
0.381103 0.97204
0.0727268 0.784291
0.64246 0.814829
0.36822 0.665404
0.13801 0.725511
0.0598977 0.298075
0.434511 0.896779
0.171196 0.206206
0.872119 0.65066
0.155461 0.635189
0.835741 0.284132
0.515198 0.128826
0.281221 0.761244
0.435658 0.81212
0.141771 0.764898
0.290871 0.521655
0.739179 0.312965
0.300064 0.323677
0.285306 0.659172
0.864285 0.452871
0.360761 0.0698765
0.725552 0.82344
0.909493 0.93121
0.0918502 0.845213
0.531541 0.171101
0.481311 0.399048
0.40678 0.048594
0.492558 0.72032
0.783035 0.928527
0.599029 0.853324
0.690157 0.840974
0.422745 0.4571
0.145982 0.755045
0.740344 0.442807
0.42492 0.714533
0.843461 0.820593
0.724569 0.569965
0.615724 0.684849
0.48242 0.643156
0.49461 0.0430107
0.83638 0.0692037
0.395515 0.244003
0.0751976 0.869039
0.930185 0.8417
0.818308 0.493767
0.74377 0.523776
0.307411 0.198004
0.871626 0.480067
0.897426 0.715711
0.867075 0.375031
0.405553 0.744642
0.176681 0.16106
0.341264 0.7879
0.782835 0.835483
0.428497 0.345192
0.845757 0.240258
0.354073 0.252035
0.454432 0.399723
0.151632 0.41711
0.200952 0.958283
0.86523 0.966514
0.483465 0.230083
0.131599 0.433134
0.684225 0.086777
0.142486 0.563701
0.453057 0.53105
0.325755 0.618396
0.67717 0.674681
0.4385 0.473311
0.505312 0.807387
0.829082 0.343317
0.0831589 0.187524
0.59709 0.562986
0.557066 0.754067
0.940072 0.784477
0.738822 0.91188
0.689917 0.216668
0.129317 0.835938
0.637332 0.826034
0.888017 0.791206
0.365819 0.351745
0.305075 0.671485
0.975968 0.978352
0.35426 0.41058
0.480871 0.804434
0.262473 0.306338
0.187218 0.336102
0.49577 0.772679
0.840471 0.188197
0.546234 0.809573
0.819896 0.244398
0.765522 0.524362
0.46905 0.860609
0.34124 0.0934179
0.675283 0.255096
0.837061 0.145262
0.617126 0.170136
0.722233 0.586836
0.155856 0.108877
0.0148905 0.621136
0.923991 0.277974
0.881779 0.229474
0.609214 0.422765
0.880628 0.527403
0.453441 0.423514
0.374406 0.296934
0.648019 0.145363
0.826378 0.108443
0.0343654 0.162907
0.189607 0.719255
0.419546 0.0492011
0.797174 0.0614086
0.212752 0.51727
0.632659 0.364854
0.615023 0.657486
0.875193 0.57514
0.882149 0.938217
0.675221 0.541429
0.325026 0.553578
0.100228 0.796766
0.873975 0.456496
0.11335 0.606421
0.622935 0.859574
0.692787 0.580518
0.133269 0.889114
0.316956 0.497509
0.856608 0.227111
0.539521 0.144527
0.603753 0.185763
0.509187 0.222735
0.829091 0.497788
0.760052 0.746256
0.400868 0.437089
0.276876 0.718675
0.937272 0.356306
0.608189 0.826943
0.729907 0.626153
0.551481 0.341583
0.558893 0.287521
0.879143 0.679228
0.174351 0.260318
0.153184 0.111486
0.346931 0.692082
0.25681 0.92767
0.862119 0.766219
0.187883 0.705289
0.257396 0.916272
0.454089 0.653503
0.382127 0.739357
0.380741 0.370236
0.105702 0.899121
0.338293 0.814861
0.606455 0.829576
0.145363 0.129123
0.191587 0.100763
0.754942 0.352525
0.327283 0.908892
0.454682 0.68659
0.599862 0.712649
0.63434 0.487892
0.456681 0.803282
0.19459 0.708596
0.735792 0.63261
0.345382 0.134596
0.386734 0.734036
0.483688 0.472808
0.659583 0.865281
0.27257 0.205525
0.743638 0.403238
0.321955 0.936295
0.476403 0.0808324
0.281117 0.805461
0.947393 0.759123
0.488367 0.605104
0.43887 0.124536
0.119386 0.888852
0.932 0.261666
0.602099 0.697595
0.883513 0.948241
0.805307 0.297848
0.691191 0.332224
0.72671 0.355152
0.181819 0.986817
0.608807 0.834629
0.400031 0.874363
0.807889 0.86786
0.894398 0.250048
0.676226 0.934262
0.864111 0.218217
0.53074 0.327112
0.292629 0.629261
0.216337 0.22073
0.852016 0.838907
0.874688 0.799887
0.763144 0.711788
0.0773195 0.469894
0.0994249 0.792345
0.814173 0.211927
0.792269 0.382916
0.121325 0.186464
0.259061 0.94758
0.051842 0.2115
0.11173 0.733909
0.168776 0.983983
0.875945 0.696148
0.296711 0.178645
0.31158 0.51504
0.384268 0.154147
0.338252 0.298059
0.868795 0.268734
0.0470559 0.0409241
0.56836 0.0733572
0.838496 0.415861
0.276032 0.635726
0.78382 0.384929
0.827319 0.0984022
0.359506 0.863841
0.242934 0.467552
0.577728 0.414178
0.436458 0.494587
0.115872 0.771211
0.649237 0.423977
0.277443 0.0544212
0.608993 0.627729
0.333515 0.579103
0.725808 0.35908
0.613989 0.319855
0.412476 0.452097
0.697846 0.659225
0.09064 0.508424
0.109957 0.881362
0.53758 0.441817
0.757501 0.79672
0.87961 0.35284
0.201056 0.351662
0.81739 0.308987
0.116118 0.478013
0.716609 0.397037
0.513023 0.342726
0.0803729 0.82943
0.894168 0.754528
0.224568 0.521038
0.0637241 0.636465
0.947225 0.807552
0.307027 0.072328
0.292336 0.359215
0.928919 0.879144
0.782987 0.715136
0.635174 0.698454
0.139125 0.830442
0.0853501 0.868413
0.142347 0.1575
0.374459 0.864997
0.579296 0.820149
0.197162 0.55721
0.76096 0.110153
0.312087 0.961657
0.613736 0.361442
0.624847 0.61086
0.148421 0.919827
0.671659 0.441608
0.302424 0.623737
0.291584 0.102348
0.34238 0.913096
0.776924 0.422614
0.753521 0.821475
0.304983 0.898303
0.920589 0.708688
0.762909 0.516102
0.653933 0.849474
0.0685703 0.343844
0.0574938 0.357758
0.331507 0.669467
0.711708 0.957763
0.27299 0.862568
0.840083 0.953494
0.29579 0.187043
0.570415 0.579659
0.269692 0.924752
0.471988 0.0653011
0.324023 0.245222
0.876207 0.617422
0.150633 0.835862
0.331624 0.901494
0.347625 0.924567
0.851371 0.428631
0.269982 0.927758
0.752822 0.588238
0.581124 0.505183
0.566747 0.844624
0.355423 0.433306
0.792539 0.643836
0.620447 0.366067
0.216431 0.907732
0.260947 0.696737
0.876315 0.657688
0.925758 0.865835
0.272355 0.111077
0.675018 0.60033
0.854911 0.239851
0.527671 0.821454
0.444269 0.79534
0.753922 0.229704
0.406969 0.340526
0.708856 0.944617
0.221201 0.102427
0.380318 0.0573271
0.729969 0.0519158
0.368076 0.942678
0.879147 0.682856
0.672483 0.908311
0.252627 0.630861
0.732864 0.501643
0.709106 0.420074
0.100371 0.704204
0.44246 0.611799
0.585489 0.827155
0.404421 0.308803
0.113952 0.821461
0.654 0.850732
0.795849 0.861076
0.89543 0.185827
0.867653 0.644602
0.230817 0.230892
0.579979 0.172319
0.862128 0.250486
0.0784063 0.105062
0.845446 0.8172
0.602351 0.580265
0.233824 0.70479
0.268281 0.658314
0.29372 0.82859
0.533812 0.701361
0.143492 0.647019
0.508318 0.800352
0.474976 0.293932
0.65213 0.375504
0.483392 0.51076
0.0314231 0.719904
0.742092 0.570854
0.844224 0.626254
0.78419 0.954253
0.698808 0.679373
0.742842 0.317639
0.269895 0.947931
0.00693605 0.544441
0.623959 0.301502
0.365558 0.160785
0.843138 0.53372
0.808626 0.510601
0.309455 0.297917
0.762723 0.962315
0.650155 0.285196
0.473791 0.660534
0.900584 0.248004
0.246104 0.870173
0.809927 0.131768
0.782509 0.52668
0.764206 0.568338
0.86816 0.145839
0.541735 0.816882
0.565982 0.148849
0.165713 0.936851
0.315515 0.163229
0.445582 0.124341
0.654224 0.767378
0.408378 0.45794
0.714196 0.0767539
0.737582 0.194963
0.712913 0.724467
0.420877 0.933808
0.593545 0.244712
0.046127 0.413376
0.785206 0.797732
0.893996 0.714279
0.829241 0.50323
0.51367 0.420519
0.651396 0.698431
0.344662 0.961114
0.828446 0.797195
0.097661 0.501528
0.534367 0.522744
0.920903 0.276537
0.57106 0.712778
0.427636 0.297106
0.444526 0.839602
0.257733 0.0548049
0.0936348 0.301237
0.460407 0.857795
0.109232 0.418664
0.60446 0.853874
0.827718 0.205174
0.332833 0.567986
0.717782 0.6672
0.538557 0.592176
0.461886 0.63662
0.0938418 0.0469801
0.156584 0.0632169
0.233113 0.698635
0.738297 0.672341
0.012449 0.203029
0.519283 0.284891
0.248669 0.620231
0.582623 0.688923
0.480127 0.68784
0.107814 0.0495981
0.603038 0.0385603
0.0952229 0.946673
0.562866 0.851861
0.632856 0.121235
0.40418 0.124037
0.750096 0.506535
0.140052 0.867239
0.539537 0.369339
0.599513 0.31729
0.0421487 0.612545
0.511445 0.556637
0.878575 0.765073
0.160995 0.469098
0.430785 0.647703
0.159184 0.525454
0.664215 0.791194
0.533868 0.751946
0.730997 0.131623
0.566987 0.383779
0.256658 0.957421
0.548941 0.864964
0.479846 0.592023
0.871729 0.169569
0.88103 0.522339
0.356583 0.966163
0.149781 0.873583
0.581135 0.820535
0.615448 0.690982
0.447937 0.0805291
0.321171 0.611435
0.670139 0.817211
0.382452 0.127281
0.734104 0.122062
0.243926 0.314832
0.453501 0.522596
0.29648 0.967376
0.494192 0.779248
0.557628 0.397562
0.802528 0.498232
0.86182 0.224117
0.525258 0.874898
0.0715985 0.89168
0.906919 0.701725
0.667625 0.442293
0.724866 0.943818
0.0623462 0.269068
0.85316 0.457461
0.400165 0.723575
0.559711 0.65523
0.0746423 0.0490081
0.132362 0.327452
0.0254619 0.625516
0.10977 0.566198
0.056347 0.867516
0.120812 0.876007
0.0738882 0.534114
0.841137 0.157686
0.53303 0.823116
0.719994 0.192692
0.284931 0.405781
0.182725 0.347655
0.683027 0.173526
0.778305 0.100974
0.881959 0.341771
0.721747 0.9425
0.386739 0.84515
0.254421 0.405806
0.469446 0.3702
0.850522 0.50416
0.269695 0.071155
0.36093 0.322427
0.584024 0.223834
0.409401 0.125878
0.0747086 0.137531
0.299768 0.356503
0.543179 0.502542
0.706723 0.249118
0.66069 0.496163
0.314014 0.547806
0.840012 0.114169
0.472821 0.217517
0.876258 0.73159
0.611742 0.363737
0.0909532 0.590613
0.827687 0.350024
0.65263 0.196211
0.666792 0.2332
0.417929 0.101398
0.350974 0.495096
0.251089 0.676732
0.855589 0.794265
0.149869 0.575817
0.0821046 0.804121
0.0773311 0.334985
0.346256 0.894442
0.379587 0.829413
0.106966 0.264597
0.558832 0.730697
0.626152 0.655046
0.323005 0.454962
0.977092 0.981817
0.659908 0.672981
0.231652 0.102682
0.755349 0.579099
0.665155 0.838679
0.222524 0.443878
0.750652 0.372526
0.0714708 0.780506
0.171184 0.116881
0.124891 0.517948
0.846472 0.521547
0.350887 0.104491
0.750255 0.923549
0.82972 0.392216
0.558007 0.151343
0.819685 0.548122
0.133643 0.497833
0.211286 0.355602
0.650103 0.841869
0.908292 0.206817
0.900946 0.234042
0.609237 0.703514
0.497448 0.638527
0.460496 0.679755
0.727553 0.570785
0.199058 0.735395
0.0902268 0.550282
0.790158 0.853032
0.457357 0.65799
0.2257 0.0545509
0.805642 0.0994331
0.630283 0.85236
0.559044 0.80032
0.296976 0.153959
0.740559 0.206268
0.300199 0.678967
0.33849 0.915176
0.370942 0.84843
0.534386 0.851576
0.521885 0.295372
0.433235 0.722426
0.0172305 0.513002
0.265518 0.836448
0.352641 0.729924
0.491849 0.596095
0.749505 0.302903
0.641336 0.333196
0.245936 0.214487
0.122767 0.521984
0.362053 0.865118
0.704474 0.652202
0.517738 0.0918271
0.610755 0.859963
0.88773 0.210646
0.755146 0.438268
0.402442 0.175563
0.155944 0.421902
0.693495 0.426796
0.273218 0.0634484
0.159139 0.764626
0.636939 0.898098
0.0697007 0.277804
0.247092 0.303914
0.48157 0.375108
0.789483 0.86162
0.219459 0.560411
0.50975 0.759671
0.626197 0.101674
0.67372 0.551388
0.222213 0.421521
0.901973 0.701703
0.598981 0.131762
0.0804309 0.293546
0.541898 0.35486
0.339175 0.704725
0.10978 0.964605
0.623077 0.169414
0.25383 0.876215
0.477107 0.740794
0.235635 0.299629
0.583992 0.456102
0.837799 0.173118
0.212573 0.49098
0.18937 0.866054
0.0367162 0.408232
0.288136 0.0254929
0.101176 0.87995
0.131349 0.139308
0.210943 0.693328
0.473286 0.537836
0.410178 0.567615
0.483712 0.0524692
0.729358 0.762508
0.894218 0.212391
0.478835 0.151958
0.495689 0.112874
0.56822 0.378963
0.17918 0.769282
0.839433 0.352509
0.63576 0.909289
0.779495 0.941634
0.851512 0.849844
0.864745 0.112436
0.863885 0.247069
0.694625 0.4312
0.561855 0.103177
0.839644 0.28889
0.136417 0.748313
0.863289 0.117699
0.941827 0.368321
0.147422 0.470975
0.420418 0.714602
0.778487 0.576068
0.481856 0.690938
0.893353 0.255563
0.562414 0.754125
0.0765113 0.442334
0.609304 0.86177
0.461602 0.527058
0.919387 0.227853
0.867791 0.532718
0.261962 0.93769
0.579614 0.390397
0.694612 0.432673
0.398042 0.654704
0.75894 0.551801
0.113773 0.181133
0.267682 0.926359
0.765114 0.740751
0.637836 0.754849
0.875196 0.213578
0.531535 0.885153
0.654051 0.0706721
0.836394 0.186126
0.588872 0.816597
0.268017 0.560824
0.286794 0.523773
0.551699 0.810158
0.900204 0.222516
0.297489 0.316103
0.850812 0.161343
0.802944 0.992974
0.249775 0.127084
0.9489 0.936849
0.810205 0.579161
0.72155 0.723877
0.790531 0.227745
0.681752 0.453782
0.274276 0.529806
0.576349 0.845946
0.317319 0.836537
0.429368 0.605832
0.36162 0.940109
0.478424 0.260369
0.174143 0.775679
0.53866 0.0666451
0.825562 0.417174
0.0828583 0.0511396
0.579987 0.833147
0.0625826 0.353951
0.566964 0.813207
0.089873 0.371894
0.0476908 0.775591
0.814676 0.293055
0.292969 0.37944
0.164446 0.605226
0.234361 0.601186
0.226863 0.583429
0.530837 0.698234
0.829471 0.712515
0.445706 0.419564
0.75546 0.304326
0.796829 0.806939
0.351896 0.319585
0.794871 0.413861
0.673064 0.381942
0.198772 0.765618
0.739301 0.213121
0.529667 0.581532
0.483275 0.82538
0.883106 0.704019
0.422682 0.186261
0.253025 0.667796
0.753285 0.777204
0.345665 0.600066
0.485927 0.829755
0.00987593 0.246925
0.117934 0.818086
0.0710875 0.463203
0.17259 0.862795
0.852149 0.826288
0.252862 0.100566
0.659098 0.821344
0.296588 0.105056
0.555784 0.784707
0.897561 0.550404
0.4156 0.357464
0.688385 0.645698
0.0281625 0.474343
0.437019 0.355847
0.10141 0.920479
0.178879 0.0841829
0.20315 0.291514
0.871914 0.267307
0.763885 0.0712467
0.132063 0.632767
0.806214 0.370742
0.704592 0.382243
0.359438 0.984219
0.529571 0.853131
0.758828 0.40512
0.432421 0.186741
0.759554 0.159999
0.839896 0.77207
0.621105 0.291733
0.136597 0.696132
0.231571 0.291499
0.752958 0.426376
0.587357 0.644673
0.675824 0.342666
0.634275 0.836313
0.860719 0.480983
0.194421 0.683779
0.835065 0.529992
0.6537 0.332834
0.423589 0.444067
0.753608 0.90507
0.606157 0.505267
0.0426574 0.451632
0.258719 0.64651
0.738834 0.39092
0.352918 0.9644
0.677774 0.107001
0.386263 0.262
0.745169 0.0910099
0.592021 0.393866
0.865226 0.588715
0.823714 0.13837
0.223151 0.679793
0.609004 0.878658
0.0517867 0.0359886
0.322698 0.746803
0.879577 0.961492
0.251069 0.937063
0.388905 0.504476
0.616944 0.131114
0.864098 0.944403
0.108776 0.583302
0.0773866 0.488222
0.829421 0.833895
0.573739 0.448143
0.203294 0.462067
0.0573051 0.0410439
0.521027 0.264147
0.729752 0.119371
0.162756 0.74462
0.162141 0.486342
0.497805 0.0751282
0.419771 0.731553
0.105128 0.789419
0.23399 0.665348
0.904265 0.229752
0.610665 0.0533828
0.707517 0.702739
0.528779 0.577569
0.512462 0.115053
0.0501712 0.737812
0.529174 0.0610146
0.784905 0.0962472
0.291773 0.515964
0.199799 0.451319
0.266459 0.35504
0.910542 0.770263
0.437314 0.34681
0.448819 0.515028
0.150534 0.721069
0.163545 0.090158
0.856117 0.803552
0.119512 0.582258
0.490986 0.639228
0.168888 0.0340745
0.723578 0.194902
0.747919 0.2869
0.232275 0.540656
0.362052 0.519372
0.0629094 0.56402
0.934154 0.329939
0.879663 0.933375
0.0650271 0.34584
0.253608 0.542422
0.841462 0.401761
0.269903 0.972712
0.466949 0.138526
0.739124 0.564027
0.718289 0.283227
0.217371 0.895419
0.304663 0.932137
0.11817 0.0732202
0.234858 0.312381
0.603105 0.600158
0.836836 0.639851
0.151836 0.813482
0.827782 0.245112
0.71981 0.0690818
0.428156 0.933919
0.556041 0.263312
0.376993 0.817183
0.243819 0.841776
0.86053 0.238336
0.42829 0.678988
0.311818 0.637535
0.578534 0.626247
0.582442 0.665687
0.667392 0.827984
0.915339 0.300781
0.400156 0.809222
0.897613 0.573512
0.616032 0.9137
0.605368 0.354801
0.8734 0.181116
0.315607 0.445611
0.285647 0.670239
0.277201 0.531437
0.526932 0.237637
0.638034 0.843643
0.869223 0.903093
0.589259 0.485688
0.481999 0.171054
0.137279 0.174284
0.869849 0.285887
0.424763 0.38702
0.907239 0.36869
0.885098 0.571088
0.237614 0.543546
0.88738 0.223233
0.572397 0.208202
0.579801 0.873837
0.863293 0.895623
0.396918 0.428202
0.113622 0.953204
0.349344 0.0626041
0.776387 0.979742
0.483191 0.331206
0.152632 0.625102
0.480226 0.144106
0.739621 0.953367
0.509754 0.662284
0.276411 0.439993
0.210964 0.522887
0.860395 0.293475
0.663207 0.578956
0.325292 0.26101
0.417563 0.227617
0.131711 0.828787
0.645149 0.216292
0.806895 0.0695078
0.248231 0.628204
0.950595 0.737571
0.905936 0.231823
0.343749 0.412188
0.298141 0.0887227
0.347945 0.787822
0.719466 0.612998
0.246934 0.921334
0.159138 0.235777
0.110635 0.794924
0.797131 0.386812
0.0629255 0.223602
0.597754 0.181095
0.0522906 0.252452
0.407195 0.82494
0.271115 0.634145
0.431953 0.275004
0.360507 0.362829
0.426986 0.708788
0.772153 0.686675
0.794214 0.140262
0.487155 0.519159
0.749105 0.718692
0.513109 0.854762
0.872497 0.566249
0.714279 0.749055
0.885508 0.796782
0.859412 0.538763
0.868459 0.250168
0.759818 0.379908
0.851469 0.133364
0.0406246 0.261179
0.316841 0.361679
0.648917 0.757123
0.0895957 0.445138
0.447642 0.859283
0.61764 0.860089
0.398528 0.333458
0.629948 0.91179
0.255775 0.595875
0.421528 0.928182
0.343227 0.326748
0.735374 0.322671
0.822536 0.701535
0.337871 0.594869
0.0732913 0.192851
0.630375 0.0916644
0.53043 0.8913
0.468234 0.126433
0.697477 0.567299
0.586249 0.129764
0.413109 0.173035
0.115711 0.810637
0.502583 0.682558
0.703744 0.767667
0.302851 0.120759
0.705857 0.59806
0.425173 0.486318
0.92689 0.271393
0.171689 0.284906
0.868299 0.254913
0.474637 0.50451
0.345756 0.947847
0.462826 0.798371
0.102452 0.153588
0.355069 0.687966
0.27501 0.76401
0.854606 0.331591
0.601503 0.383386
0.0443461 0.286365
0.133426 0.278161
0.425727 0.845976
0.860623 0.889775
0.32229 0.831569
0.14469 0.495524
0.119683 0.0373252
0.74258 0.572494
0.501666 0.103843
0.617269 0.815745
0.873531 0.630364
