0.237801 0.500778
0.0495727 0.520208
0.397995 0.689984
0.906542 0.0396502
0.743172 0.315909
0.339681 0.00227898
0.587966 0.97974
0.556075 0.945655
0.976487 0.407269
0.057356 0.38723
0.223755 0.914876
0.918294 0.525431
0.1931 0.168231
0.566559 0.9732
0.151587 0.831374
0.477923 0.394507
0.330714 0.51399
0.896919 0.720564
0.200289 0.824403
0.761673 0.961226
0.16369 0.143635
0.945039 0.742224
0.122796 0.542898
0.727771 0.119751
0.935875 0.751101
0.509693 0.195258
0.684275 0.413275
0.711044 0.775942
0.5083 0.318303
0.761022 0.647723
0.145364 0.25345
0.0717676 0.474011
0.759348 0.96362
0.207282 0.949146
0.780171 0.975359
0.916144 0.923976
0.09126 0.879256
0.673603 0.23165
0.422081 0.410673
0.334526 0.380271
0.169671 0.827818
0.565423 0.848809
0.235745 0.271611
0.647559 0.735514
0.581118 0.413902
0.410272 0.727764
0.672795 0.457366
0.213523 0.44801
0.423025 0.417472
0.391401 0.209099
0.396149 0.315277
0.140644 0.49853
0.197623 0.820117
0.696871 0.598566
0.230667 0.0577762
0.044353 0.388247
0.879196 0.571684
0.255747 0.13871
0.831268 0.888142
0.86753 0.422307
0.319477 0.278418
0.1563 0.988488
0.737292 0.358013
0.433713 0.167009
0.750527 0.820242
0.390318 0.169731
0.148353 0.526697
0.648699 0.374338
0.343278 0.386832
0.967907 0.571879
0.450503 0.969387
0.945908 0.33455
0.551824 0.245421
0.459708 0.385933
0.145714 0.34648
0.807493 0.458506
0.61142 0.946228
0.446059 0.370009
0.323503 0.867116
0.541427 0.0927472
0.694516 0.918999
0.257072 0.844469
0.4473 0.921882
0.190321 0.802864
0.313101 0.158805
0.379792 0.758543
0.141369 0.359893
0.10472 0.661154
0.59466 0.554409
0.0579644 0.725615
0.881146 0.849875
0.176849 0.516259
0.80985 0.619696
0.884369 0.143082
0.500263 0.427145
0.20606 0.198429
0.355902 0.496722
0.0625897 0.805848
0.414531 0.226522
0.614173 0.722239
0.384213 0.988836
0.499133 0.510775
0.333647 0.594599
0.177173 0.926554
0.147111 0.234125
0.657371 0.049839
0.108249 0.83572
0.552715 0.900809
0.449419 0.448604
0.0580461 0.944983
0.862317 0.288578
0.146497 0.242961
0.786365 0.214455
0.194048 0.252981
0.408507 0.667578
0.908064 0.785915
0.656264 0.421535
0.304457 0.00677071
0.0307219 0.501757
0.91407 0.166878
0.73057 0.569835
0.21739 0.837574
0.423591 0.78496
0.750933 0.865529
0.234465 0.8125
0.822303 0.142547
0.110302 0.968999
0.363739 0.889623
0.165213 0.424686
0.078334 0.586175
0.16403 0.136526
0.377813 0.744726
0.433227 0.689354
0.748364 0.454008
0.19386 0.680899
0.615361 0.91711
0.275668 0.840514
0.760371 0.704614
0.634215 0.507779
0.576548 0.855131
0.326155 0.396356
0.979702 0.430262
0.374389 0.355163
0.319011 0.528225
0.771115 0.406148
0.0967079 0.857788
0.419176 0.480875
0.611267 0.841025
0.183065 0.373123
0.304161 0.366564
0.0578667 0.92449
0.300311 0.333956
0.778258 0.0552292
0.0641118 0.406174
0.590112 0.604341
0.271188 0.898418
0.127554 0.312643
0.347168 0.381356
0.623974 0.66127
0.897955 0.3924
0.158707 0.149417
0.259137 0.487615
0.515659 0.885043
0.343402 0.679755
0.256941 0.648673
0.0591143 0.323422
0.584712 0.349515
0.61444 0.375279
0.411649 0.671284
0.750294 0.991311
0.28708 0.0378053
0.881356 0.290544
0.289864 0.243867
0.670174 0.894565
0.909992 0.593047
0.294201 0.983737
0.617011 0.556039
0.466762 0.116571
0.440995 0.817181
0.767758 0.670592
0.473144 0.832635
0.984272 0.0517971
0.211801 0.624367
0.395811 0.598512
0.295934 0.157161
0.601558 0.57595
0.179236 0.495877
0.873052 0.459948
0.754018 0.520939
0.363737 0.66261
0.143501 0.662177
0.658539 0.743069
0.220746 0.144095
0.889881 0.698255
0.943353 0.648406
0.353366 0.435463
0.490177 0.340791
0.468843 0.678123
0.935284 0.857313
0.277398 0.250892
0.0283312 0.866853
0.829759 0.204662
0.369578 0.714057
0.668775 0.115467
0.268568 0.0422183
0.767513 0.40761
0.691402 0.429066
0.146746 0.92418
0.549365 0.0241132
0.599977 0.520722
0.667399 0.93726
0.932411 0.16555
0.281911 0.42053
0.820735 0.236409
0.287455 0.125407
0.502183 0.315707
0.972396 0.336578
0.51856 0.360901
0.202617 0.244799
0.477847 0.328546
0.21117 0.253496
0.727016 0.905481
0.670595 0.887567
0.811617 0.233279
0.903525 0.426366
0.76816 0.56999
0.37699 0.71035
0.739463 0.626512
0.145454 0.595967
0.885775 0.422588
0.708782 0.391414
0.741954 0.711984
0.742183 0.285021
0.102461 0.795271
0.445156 0.552175
0.135901 0.654119
0.79038 0.856232
0.573129 0.487886
0.747326 0.414462
0.726287 0.655568
0.839348 0.495988
0.243285 0.209287
0.214849 0.0136972
0.849568 0.344713
0.60617 0.746841
0.752905 0.320323
0.149474 0.520476
0.0467761 0.88733
0.774362 0.121324
0.691803 0.231225
0.667257 0.819132
0.869229 0.477048
0.680497 0.447325
0.960462 0.438843
0.857818 0.692565
0.117879 0.699447
0.196754 0.379898
0.902463 0.405064
0.383573 0.769462
0.744765 0.987007
0.523351 0.512251
0.318908 0.676795
0.0519843 0.362231
0.581655 0.803188
0.48134 0.275678
0.237608 0.234152
0.0940692 0.902865
0.640686 0.767675
0.354723 0.59526
0.181963 0.214145
0.288613 0.330032
0.913111 0.480528
0.71283 0.82735
0.893344 0.102082
0.611689 0.639719
0.21364 0.186629
0.171817 0.402353
0.833312 0.225813
0.749356 0.397821
0.152391 0.295777
0.670742 0.0617306
0.384443 0.752269
0.965202 0.0215153
0.543394 0.33639
0.611507 0.752143
0.532626 0.877491
0.101306 0.473334
0.38752 0.810125
0.305819 0.273072
0.893856 0.910053
0.866813 0.900746
0.227187 0.199231
0.388613 0.874996
0.295186 0.145503
0.271125 0.314916
0.375926 0.931437
0.378748 0.753567
0.668367 0.366149
0.779925 0.246414
0.664639 0.376132
0.938802 0.244438
0.27507 0.0866336
0.692747 0.654293
0.89668 0.0102906
0.92228 0.786295
0.901197 0.854735
0.785175 0.95856
0.925951 0.19077
0.814215 0.241641
0.331311 0.103145
0.566656 0.703947
0.0332146 0.938054
0.472618 0.726984
0.288782 0.228832
0.908924 0.925035
0.605106 0.915094
0.17662 0.893061
0.023387 0.871298
0.550027 0.888638
0.874197 0.509624
0.709772 0.780589
0.372964 0.51573
0.734165 0.318978
0.718384 0.583429
0.560198 0.0276139
0.708403 0.152082
0.738973 0.734027
0.166949 0.231787
0.466005 0.384792
0.438019 0.415179
0.336198 0.0599661
0.350138 0.521654
0.934536 0.357925
0.398825 0.51782
0.272883 0.263891
0.0189757 0.986907
0.0941201 0.390904
0.502571 0.833691
0.715705 0.21736
0.418777 0.293182
0.222859 0.121075
0.43636 0.95985
0.860339 0.529692
0.172958 0.324929
0.896878 0.611449
0.748374 0.268369
0.663505 0.0990799
0.755069 0.59832
0.458852 0.159386
0.1409 0.737999
0.43576 0.159451
0.722511 0.501164
0.572345 0.24427
0.322744 0.270691
0.432859 0.744178
0.579234 0.645588
0.859434 0.00920638
0.619751 0.720503
0.529358 0.778346
0.0734568 0.436081
0.387473 0.801692
0.688785 0.0546543
0.890821 0.445502
0.644794 0.391862
0.608732 0.794856
0.182942 0.140747
0.953489 0.814362
0.532366 0.517374
0.071388 0.857048
0.796739 0.495778
0.611055 0.371072
0.1528 0.477916
0.390175 0.761865
0.194995 0.912842
0.554835 0.276679
0.353576 0.937595
0.182697 0.169592
0.908158 0.945397
0.484927 0.655814
0.326792 0.0928638
0.454454 0.423169
0.14191 0.421049
0.263422 0.672378
0.918247 0.315322
0.531245 0.744646
0.806545 0.137725
0.11153 0.94711
0.614315 0.499777
0.718409 0.808496
0.415728 0.268876
0.0937766 0.76927
0.223107 0.17298
0.842759 0.211012
0.118735 0.317804
0.834843 0.448762
0.404501 0.294647
0.869918 0.541379
0.721569 0.135051
0.224617 0.653209
0.438893 0.745416
0.396008 0.239862
0.872804 0.512189
0.204356 0.492402
0.043393 0.925984
0.302474 0.420781
0.195997 0.385565
0.202756 0.405035
0.522774 0.0162235
0.591156 0.644961
0.326222 0.427989
0.0985199 0.732984
0.714999 0.960947
0.275483 0.430853
0.0940528 0.483582
0.0992522 0.529965
0.214701 0.479368
0.78305 0.0953985
0.902306 0.956497
0.552109 0.973014
0.878987 0.867351
0.417508 0.0857354
0.255158 0.630282
0.480784 0.796761
0.633036 0.0662933
0.450331 0.95311
0.495092 0.543283
0.690623 0.220351
0.514145 0.94873
0.6538 0.608337
0.446218 0.73765
0.153731 0.660903
0.207689 0.912367
0.752616 0.223294
0.887304 0.325476
0.198775 0.785899
0.244518 0.612771
0.863623 0.475121
0.245847 0.347595
0.274964 0.859705
0.425303 0.714786
0.818336 0.898762
0.260606 0.518336
0.127761 0.772606
0.479609 0.765465
0.381511 0.918082
0.501149 0.529623
0.579325 0.694819
0.456245 0.331512
0.904756 0.346716
0.668091 0.110054
0.128779 0.872632
0.726994 0.0690279
0.351302 0.961724
0.363847 0.628678
0.790621 0.776179
0.336266 0.63909
0.72482 0.585815
0.156186 0.821362
0.376693 0.635989
0.594447 0.755813
0.552542 0.0799538
0.298626 0.137302
0.746544 0.749548
0.470832 0.68934
0.189447 0.173304
0.805 0.265757
0.0403 0.52213
0.262318 0.372976
0.48163 0.630715
0.948543 0.311023
0.420211 0.331453
0.940825 0.130228
0.930043 0.105289
0.919739 0.303579
0.731958 0.536404
0.0794258 0.293752
0.619654 0.356808
0.437859 0.40315
0.124425 0.899343
0.120319 0.249259
0.0517065 0.89245
0.489004 0.0662207
0.425196 0.751845
0.432976 0.900725
0.382879 0.426281
0.207263 0.801881
0.765726 0.163245
0.912172 0.677466
0.259074 0.871244
0.88022 0.957835
0.410176 0.080027
0.304625 0.0401439
0.452764 0.743308
0.4304 0.583024
0.652416 0.527323
0.775465 0.676077
0.431614 0.313851
0.740394 0.851602
0.195207 0.24106
0.760799 0.447957
0.598109 0.955256
0.264878 0.372466
0.161081 0.19914
0.0836988 0.382833
0.205647 0.178325
0.382682 0.478302
0.138564 0.68477
0.515802 0.593744
0.41582 0.946481
0.175753 0.0689937
0.479001 0.985916
0.746349 0.904174
0.311236 0.513817
0.756349 0.377016
0.70409 0.515086
0.80372 0.295719
0.500824 0.0825625
0.707441 0.618185
0.266642 0.741563
0.0868775 0.353093
0.799517 0.395416
0.799734 0.94871
0.0903312 0.318112
0.529481 0.505846
0.264554 0.702038
0.576545 0.739174
0.681487 0.351114
0.65363 0.0126929
0.825716 0.423132
0.385737 0.536289
0.919109 0.226604
0.846668 0.446074
0.296422 0.53183
0.0782196 0.575947
0.278481 0.0947163
0.897521 0.0929893
0.493757 0.705265
0.0790397 0.570792
0.0678904 0.565184
0.0902376 0.293291
0.279508 0.661014
0.030188 0.971325
0.975151 0.673563
0.979399 0.818821
0.112309 0.37104
0.356368 0.0416438
0.597047 0.211533
0.50345 0.895083
0.745764 0.554263
0.458682 0.0168843
0.646503 0.390182
0.183095 0.196962
0.226165 0.202177
0.748943 0.103475
0.707049 0.831728
0.384418 0.991195
0.505861 0.412918
0.960907 0.479442
0.0990507 0.947728
0.308761 0.203464
0.335772 0.671252
0.23178 0.916486
0.860494 0.720126
0.808236 0.615307
0.305133 0.266873
0.621779 0.965409
0.626176 0.734459
0.146255 0.690324
0.869756 0.879143
0.791589 0.590316
0.725942 0.190608
0.595674 0.224246
0.598821 0.554176
0.706808 0.674056
0.513227 0.0189482
0.875393 0.831515
0.694304 0.140962
0.784779 0.552171
0.865957 0.582797
0.207571 0.198371
0.833975 0.814675
0.161698 0.485919
0.573309 0.310305
0.177814 0.454176
0.189316 0.954885
0.0492046 0.91144
0.160285 0.637151
0.140008 0.725731
0.184984 0.848247
0.417355 0.70671
0.839294 0.296317
0.551156 0.551908
0.437127 0.319797
0.126327 0.31441
0.880077 0.302954
0.482693 0.757107
0.156092 0.640595
0.240033 0.701032
0.926413 0.405508
0.185436 0.146803
0.364249 0.198784
0.0644931 0.501509
0.849779 0.199593
0.234211 0.0255912
0.0735303 0.618171
0.717344 0.890217
0.900059 0.282941
0.453575 0.400695
0.599717 0.571937
0.704013 0.478933
0.877276 0.178438
0.258997 0.0333358
0.824958 0.494578
0.728311 0.760199
0.883013 0.869392
0.878856 0.269736
0.0777945 0.938339
0.767462 0.906739
0.19593 0.144753
0.918127 0.162833
0.667098 0.651446
0.120553 0.600294
0.936215 0.512637
0.0386829 0.531009
0.0941638 0.709558
0.0164585 0.972807
0.871889 0.27158
0.0419624 0.724392
0.768376 0.731235
0.493255 0.668679
0.612299 0.382953
0.926775 0.677091
0.337171 0.713183
0.595854 0.466088
0.729091 0.509888
0.6352 0.362033
0.197393 0.688202
0.978029 0.144528
0.210759 0.990658
0.634349 0.331268
0.712519 0.672379
0.277224 0.610404
0.924824 0.288959
0.338395 0.71885
0.0502929 0.822958
0.385196 0.637325
0.227404 0.33364
0.331568 0.552628
0.0404914 0.917726
0.0240304 0.765268
0.45859 0.652329
0.150875 0.654315
0.346053 0.126743
0.783836 0.567718
0.136595 0.457703
0.856879 0.825986
0.185626 0.177596
0.445968 0.1022
0.452416 0.788243
0.810709 0.486221
0.615089 0.204443
0.113215 0.81806
0.534464 0.442695
0.379005 0.575346
0.371412 0.399464
0.330851 0.827767
0.0729032 0.460631
0.489245 0.409706
0.605533 0.283854
0.945034 0.71731
0.726276 0.830488
0.576817 0.851962
0.369006 0.374519
0.95283 0.451652
0.765203 0.763504
0.928106 0.413734
0.979674 0.0688662
0.248723 0.519209
0.50699 0.633941
0.0997088 0.872091
0.0540401 0.415297
0.709619 0.0923861
0.880794 0.186928
0.502617 0.496035
0.475386 0.466013
0.205016 0.203127
0.317699 0.800364
0.0792467 0.316106
0.817914 0.041145
0.762287 0.617361
0.769696 0.709913
0.069341 0.794071
0.750906 0.298069
0.309333 0.278492
0.917235 0.397729
0.163448 0.953154
0.809609 0.85476
0.0503213 0.718182
0.100794 0.550462
0.214118 0.534845
0.0441667 0.436727
0.729672 0.351902
0.248896 0.810142
0.667685 0.0795765
0.831844 0.441604
0.698679 0.633384
0.162051 0.756085
0.437233 0.929276
0.0643251 0.755045
0.21786 0.981104
0.156911 0.38389
0.894721 0.918896
0.252316 0.0111708
0.668147 0.340255
0.543156 0.874581
0.848153 0.582854
0.331117 0.585345
0.917681 0.586232
0.394584 0.584722
0.658553 0.251762
0.0698539 0.376387
0.873919 0.17566
0.136447 0.338222
0.163774 0.213028
0.0923973 0.331315
0.179025 0.231976
0.718061 0.137891
0.203607 0.946435
0.124914 0.881563
0.273525 0.689838
0.788452 0.122472
0.274606 0.13158
0.707236 0.21298
0.722126 0.110254
0.777041 0.37501
0.340891 0.808125
0.749624 0.252277
0.960563 0.873862
0.556702 0.12089
0.0932999 0.621999
0.453685 0.255535
0.863822 0.15309
0.384595 0.0754393
0.118271 0.522422
0.94747 0.383181
0.216973 0.748401
0.506539 0.472749
0.849578 0.209198
0.703544 0.576816
0.331382 0.482552
0.961503 0.658491
0.297334 0.715523
0.873344 0.287617
0.595589 0.451037
0.398317 0.666602
0.113775 0.848927
0.88663 0.923247
0.0972191 0.310317
0.25731 0.215627
0.817265 0.98677
0.514107 0.0243959
0.750237 0.0708108
0.503092 0.628939
0.224611 0.189603
0.23698 0.57011
0.661991 0.196268
0.240278 0.947547
0.902771 0.134737
0.243173 0.503194
0.601473 0.638216
0.171111 0.683255
0.487399 0.0885642
0.650165 0.491883
0.376689 0.687516
0.621461 0.184609
0.685867 0.137652
0.212407 0.443647
0.161105 0.706597
0.0827059 0.406066
0.873822 0.272078
0.97653 0.553384
0.476083 0.218476
0.513628 0.381621
0.362876 0.751365
0.864555 0.942827
0.392028 0.0403719
0.627157 0.877409
0.130017 0.285215
0.377253 0.502536
0.878771 0.928906
0.70562 0.634964
0.118331 0.878962
0.0775376 0.290053
0.589611 0.131873
0.697956 0.475304
0.405257 0.675188
0.052021 0.873988
0.89139 0.556525
0.245184 0.247572
0.305831 0.126843
0.208953 0.696813
0.167711 0.839223
0.595549 0.31051
0.116631 0.960518
0.797457 0.07609
0.952797 0.482949
0.727395 0.0932273
0.368063 0.802119
0.378565 0.957876
0.92906 0.0721419
0.44879 0.341221
0.736182 0.505379
0.231769 0.644204
0.0667687 0.460532
0.888825 0.356055
0.581058 0.105946
0.0769046 0.764088
0.927895 0.642779
0.196594 0.187463
0.619501 0.847916
0.157889 0.583364
0.343445 0.876588
0.670592 0.69976
0.683853 0.0468587
0.675818 0.607643
0.186956 0.143043
0.928008 0.845273
0.606009 0.17008
0.505146 0.658537
0.634664 0.395065
0.164734 0.291693
0.508651 0.0890332
0.980412 0.449042
0.736354 0.0568467
0.513119 0.365109
0.898786 0.653075
0.882491 0.245642
0.54944 0.597699
0.907155 0.231268
0.66052 0.598766
0.811145 0.747361
0.71146 0.788027
0.629391 0.33179
0.948617 0.14398
0.965779 0.587861
0.555995 0.957662
0.820041 0.0603121
0.101106 0.804073
0.50026 0.821929
0.84897 0.0249395
0.178079 0.771584
0.700159 0.111552
0.157174 0.30137
0.697441 0.948583
0.463373 0.345869
0.568002 0.309723
0.114573 0.283873
0.101991 0.740003
0.58918 0.0632347
0.866231 0.570153
0.653325 0.405708
0.563881 0.479758
0.463539 0.640409
0.272257 0.964418
0.461787 0.137995
0.983222 0.627919
0.899572 0.674594
0.722698 0.911945
0.92097 0.428543
0.866645 0.387117
0.77733 0.436135
0.693723 0.883437
0.711144 0.790901
0.621647 0.32701
0.859373 0.501856
0.880799 0.520856
0.907062 0.448614
0.97468 0.365046
0.0934406 0.280503
0.347975 0.553184
0.422754 0.338464
0.180541 0.328662
0.0318973 0.896448
0.250004 0.944598
0.331948 0.122789
0.347679 0.111398
0.557067 0.0450181
0.110027 0.317211
0.833756 0.62567
0.593312 0.693221
0.133696 0.484363
0.223661 0.0471184
0.903116 0.221013
0.42188 0.0229656
0.489865 0.769171
0.558208 0.896235
0.109571 0.740252
0.24936 0.139802
0.650837 0.496327
0.0879819 0.975507
0.627068 0.425515
0.17459 0.224763
0.472893 0.103942
0.475693 0.31918
0.73328 0.0716202
0.0276374 0.852065
0.556774 0.255229
0.893185 0.472351
0.462548 0.326235
0.49732 0.952309
0.206888 0.150002
0.866921 0.185881
0.810223 0.137973
0.32866 0.46309
0.626432 0.410673
0.440064 0.260881
0.838816 0.538549
0.457026 0.324261
0.624329 0.915507
0.622934 0.382584
0.988472 0.662345
0.226828 0.539341
0.902288 0.12704
0.0750374 0.370442
0.45797 0.505023
0.333322 0.540469
0.58114 0.224043
0.728115 0.393324
0.347477 0.0657813
0.818506 0.952667
0.481831 0.292781
0.251424 0.323201
0.782249 0.692705
0.65195 0.44034
0.610505 0.310668
0.795468 0.619724
0.954529 0.0448656
0.15713 0.865789
0.184535 0.207202
0.225209 0.623666
0.704455 0.558353
0.154068 0.266095
0.775868 0.881867
0.646005 0.137591
0.948002 0.4806
0.131988 0.434106
0.761759 0.36697
0.76484 0.562913
0.0932527 0.41213
0.073737 0.742112
0.705289 0.83025
0.323182 0.670406
0.868336 0.497652
0.530088 0.0384659
0.675144 0.76602
0.622109 0.38502
0.350196 0.79669
0.615191 0.13646
0.685685 0.28524
0.270558 0.6469
0.741139 0.390568
0.0868994 0.519694
0.744927 0.84739
0.128792 0.825293
0.259494 0.137113
0.51957 0.952849
0.950783 0.84456
0.635671 0.828953
0.33731 0.172312
0.855856 0.0118333
0.936568 0.505964
0.371174 0.284108
0.308637 0.978744
0.419063 0.00677388
0.252765 0.693624
0.657169 0.0158109
0.0846754 0.729572
0.533949 0.842026
0.588324 0.625906
0.650135 0.830541
0.768728 0.194392
0.770374 0.726818
0.0412725 0.437588
0.576904 0.365077
0.610833 0.432256
0.380771 0.558929
0.931618 0.745226
0.815164 0.260462
0.745136 0.28887
0.281759 0.0155087
0.946225 0.915844
0.34619 0.347106
0.670689 0.534259
0.850422 0.23451
0.177916 0.532867
0.0790782 0.935994
0.70964 0.884326
0.68431 0.734266
0.340186 0.244472
0.102461 0.947485
0.68576 0.476701
0.495697 0.643232
0.25095 0.343367
0.859349 0.921235
0.609818 0.185983
0.979726 0.564521
0.0966461 0.991405
0.618835 0.764256
0.531436 0.48351
0.0602026 0.738589
0.248377 0.183173
0.657747 0.728807
0.962105 0.335721
0.480688 0.327115
0.585505 0.584704
0.276759 0.248376
0.0899499 0.775827
0.879986 0.310275
0.131255 0.802465
0.302529 0.731745
0.930658 0.304736
0.298805 0.0994928
0.277499 0.910858
0.839989 0.800775
0.404351 0.885085
0.529811 0.432236
0.9549 0.188947
0.174527 0.96534
0.504059 0.659392
0.295828 0.0906058
0.266656 0.573846
0.342825 0.315834
0.356056 0.24604
0.639901 0.477018
0.052413 0.93057
0.216144 0.042359
0.222728 0.52061
0.147261 0.500191
0.435099 0.00962426
0.307746 0.833098
0.868475 0.824099
0.273029 0.863653
0.0297697 0.440289
0.836905 0.53065
0.20332 0.178833
0.626103 0.35462
0.706274 0.946474
0.662208 0.0789596
0.206163 0.301691
0.562545 0.27001
0.233114 0.764558
0.307278 0.450966
0.287919 0.444243
0.929818 0.704774
0.45363 0.248659
0.555628 0.358483
0.104148 0.832908
0.213758 0.102827
0.277186 0.0319632
0.627652 0.361522
0.179967 0.234065
0.702475 0.890994
0.197367 0.376821
0.950847 0.391231
0.672673 0.50999
0.644566 0.890837
0.278013 0.944669
0.348042 0.576892
0.396359 0.296796
0.284921 0.844943
0.556572 0.826367
0.216301 0.640031
0.667995 0.394668
0.739255 0.934498
0.448048 0.376177
0.305575 0.631015
0.599644 0.0165917
0.526602 0.80067
0.392591 0.494215
0.197682 0.0548606
0.0301464 0.841481
0.92377 0.294724
0.775699 0.295957
0.854892 0.184414
0.606797 0.160358
0.223466 0.229061
0.954158 0.265772
0.781703 0.651389
0.64359 0.539453
0.604035 0.0871551
0.908047 0.910282
0.727514 0.508505
0.889789 0.242051
0.33804 0.325985
0.729536 0.528681
0.37916 0.754348
0.379161 0.322097
0.201881 0.246177
0.624584 0.914745
0.382399 0.233738
0.103401 0.419546
0.395964 0.0927517
0.666198 0.193324
0.747973 0.334733
0.734328 0.365804
0.383371 0.665738
0.276355 0.106216
0.205205 0.222975
0.35349 0.533648
0.534431 0.0902127
0.065768 0.912839
0.844587 0.443794
0.245113 0.901106
0.621776 0.8689
0.821285 0.0115659
0.11529 0.917149
0.437555 0.511847
0.244503 0.165731
0.702974 0.75817
0.395456 0.444307
0.134438 0.773289
0.128169 0.398027
0.854143 0.293421
0.62673 0.228934
0.862755 0.167137
0.311544 0.892278
0.202834 0.218582
0.335066 0.31875
0.0711867 0.960137
0.195101 0.902604
0.948372 0.322575
0.823096 0.405535
0.818027 0.825211
0.508715 0.529644
0.591506 0.87879
0.947028 0.711603
0.676512 0.0833855
0.137134 0.557421
0.380477 0.752115
0.785816 0.231034
0.919943 0.105389
0.105366 0.990743
0.268694 0.450249
0.315356 0.325692
0.415201 0.521434
0.248565 0.387887
0.833656 0.0827388
0.784372 0.650688
0.895393 0.296036
0.204113 0.522225
0.208838 0.17816
0.249166 0.870577
0.263499 0.380263
0.416231 0.634938
0.138894 0.197338
0.835378 0.0619764
0.307729 0.937112
0.094776 0.562342
0.387726 0.36283
0.885303 0.785231
0.881427 0.155754
0.190669 0.71909
0.224397 0.977533
0.384652 0.143967
0.287654 0.597095
0.660705 0.491243
0.765054 0.896637
0.364242 0.0204526
0.282158 0.796574
0.656124 0.415242
0.0205867 0.490235
0.476534 0.316082
0.429123 0.529927
0.867502 0.79409
0.87046 0.784765
0.613363 0.768942
0.930817 0.785199
0.505626 0.187965
0.776733 0.884622
0.309755 0.0845493
0.492891 0.961368
0.578392 0.269924
0.861156 0.934522
0.276712 0.156669
0.733973 0.931313
0.572702 0.754365
0.42725 0.0537958
0.0852935 0.855984
0.577734 0.942115
0.669922 0.469506
0.759313 0.314379
0.255365 0.708745
0.0807925 0.754869
0.871627 0.855721
0.654048 0.200985
0.935473 0.134959
0.167923 0.52559
0.390002 0.0342809
0.464858 0.669836
0.201638 0.218882
0.616589 0.760346
0.967984 0.0459341
0.823182 0.0420292
0.885476 0.411951
0.993147 0.562553
0.86995 0.740876
0.844501 0.174688
0.468402 0.911878
0.903418 0.34972
0.770792 0.565373
0.553757 0.730329
0.699307 0.709987
0.260265 0.0870873
0.770721 0.730697
0.755121 0.965051
0.924702 0.365646
0.728412 0.901784
0.413684 0.565519
0.924863 0.316711
0.92467 0.938063
0.869238 0.863591
0.706378 0.718218
0.224327 0.258372
0.630502 0.92305
0.541915 0.432082
0.486314 0.101453
0.19318 0.207096
0.806768 0.42942
0.259206 0.592114
0.162594 0.0346113
0.54419 0.113491
0.403333 0.279346
0.0419723 0.816657
0.832206 0.961632
0.13593 0.819044
0.912059 0.0250881
0.706368 0.609407
0.746146 0.717433
0.791797 0.389475
0.635471 0.366584
0.832714 0.145697
0.429366 0.993055
0.322527 0.242249
0.419194 0.585346
0.830631 0.579021
0.622906 0.358166
0.702963 0.0281471
0.663265 0.70115
0.847626 0.5106
0.6553 0.978845
0.32459 0.595751
0.350499 0.34491
0.228816 0.749243
0.761533 0.0672196
0.152302 0.410291
0.364579 0.974234
0.547733 0.792407
0.935134 0.853485
0.0637667 0.394043
0.452136 0.862056
0.970401 0.076443
0.253001 0.666703
0.0982682 0.911717
0.372615 0.949934
0.418897 0.0589902
0.924242 0.7421
0.644139 0.939847
0.771199 0.876173
0.717518 0.513901
0.892217 0.846462
0.89744 0.269681
0.823724 0.492314
0.0784347 0.783627
0.362276 0.103055
0.175433 0.824305
0.957434 0.161801
0.869637 0.219676
0.803197 0.0184501
0.156223 0.195196
0.940712 0.556184
0.243576 0.889488
0.304844 0.903525
0.849137 0.103607
0.77259 0.565752
0.642556 0.683534
0.406766 0.586519
0.917331 0.243338
0.171874 0.147877
0.0391218 0.442821
0.14725 0.206102
0.26249 0.109705
0.345633 0.167032
0.332019 0.161913
0.172243 0.471321
0.355747 0.124604
0.0791418 0.596409
0.0804969 0.350806
0.530865 0.881268
0.438675 0.297698
0.419475 0.0812527
0.975377 0.8233
0.65595 0.952233
0.0681014 0.745939
0.97421 0.0920599
0.205595 0.11377
0.294502 0.471747
0.241471 0.640382
0.640449 0.548146
0.781232 0.786262
0.237842 0.254704
0.913428 0.0590965
0.756049 0.935065
0.389728 0.273011
0.790202 0.818519
0.589488 0.229227
0.907659 0.575278
0.102249 0.567044
0.522065 0.117112
0.330911 0.517573
0.208104 0.51808
0.62199 0.485785
0.967336 0.829609
0.155805 0.628539
0.388478 0.935088
0.424765 0.420303
0.110505 0.345638
0.456413 0.851725
0.288699 0.85441
0.17452 0.11188
0.698079 0.719434
0.311479 0.605098
0.300542 0.369521
0.187387 0.825515
0.492611 0.512061
0.341716 0.694974
0.0403852 0.94959
0.188561 0.035712
0.776979 0.307491
0.666773 0.1966
0.254806 0.0876452
0.602115 0.363604
0.438098 0.075023
0.223309 0.724429
0.930008 0.37027
0.811946 0.624745
0.19908 0.183077
0.24206 0.404056
0.520363 0.423555
0.237926 0.00770119
0.933415 0.56423
0.675082 0.961898
0.505795 0.862973
0.0767 0.357423
0.210067 0.679582
0.524526 0.46329
0.77353 0.13227
0.824895 0.22506
0.209152 0.0456876
0.926681 0.135772
0.418217 0.76293
0.765415 0.525364
0.907336 0.0117117
0.906403 0.415922
0.449695 0.145215
0.42045 0.384901
0.71966 0.132976
0.360246 0.234838
0.053396 0.371025
0.579102 0.228381
0.218645 0.176163
0.67968 0.831925
0.224272 0.50607
0.0754473 0.426163
0.569099 0.951025
0.566117 0.942487
0.746789 0.338113
0.485065 0.673208
0.349481 0.40514
0.103325 0.78187
0.542797 0.513667
0.166673 0.273974
0.647727 0.522241
0.508436 0.653939
0.914974 0.0825245
0.847962 0.929024
0.177712 0.558695
0.812333 0.391034
0.0673883 0.875443
0.816271 0.604446
0.871875 0.383976
0.586423 0.635406
0.7388 0.0692559
0.308708 0.0859324
0.466447 0.401664
0.861161 0.0176867
0.90187 0.0423469
0.277287 0.555508
0.566021 0.778447
0.2052 0.484808
0.871085 0.077997
0.461248 0.0531916
0.615532 0.3066
0.434047 0.69251
0.17783 0.264079
0.303136 0.0643478
0.648002 0.87811
0.690882 0.380085
0.948557 0.0233133
0.474818 0.416567
0.404957 0.340084
0.44077 0.318897
0.384328 0.715307
0.861598 0.937073
0.509698 0.0790778
0.426093 0.385424
0.144541 0.882888
0.428347 0.783279
0.172914 0.865667
0.476179 0.354646
0.13037 0.776716
0.417548 0.784905
0.675761 0.119376
0.192602 0.636222
0.14523 0.637565
0.0647926 0.534717
0.97485 0.480893
0.839817 0.354773
0.20391 0.729466
0.317628 0.714694
0.763176 0.733643
0.104249 0.94975
0.637983 0.524483
0.724747 0.799419
0.392787 0.214097
0.161432 0.519899
0.0550049 0.561348
0.305182 0.67999
0.689432 0.461833
0.305 0.811778
0.117754 0.354741
0.346088 0.0917518
0.828431 0.209994
0.461005 0.0408734
0.906676 0.764532
0.755991 0.735722
0.525571 0.867389
0.69968 0.153972
0.389671 0.43494
0.92877 0.769209
0.650753 0.115765
0.307437 0.660526
0.709246 0.596319
0.333928 0.377962
0.106648 0.626658
0.213779 0.196598
0.993213 0.527866
0.276672 0.814435
0.735931 0.736435
0.888451 0.690811
0.51764 0.615685
0.400667 0.0239723
0.476154 0.101534
0.166125 0.859673
0.520118 0.128222
0.646229 0.184316
0.237652 0.943992
0.834885 0.927319
0.561737 0.185178
0.312425 0.640776
0.820012 0.501722
0.805678 0.795977
0.251317 0.202274
0.643464 0.756798
0.858502 0.49963
0.433905 0.383758
0.118743 0.831303
0.413707 0.578082
0.928311 0.586393
0.440872 0.45944
0.714491 0.0922904
0.637211 0.949771
0.0544307 0.490015
0.884163 0.603791
0.6702 0.21459
0.242986 0.497453
0.70629 0.0783343
0.310638 0.734642
0.183736 0.934886
0.508648 0.0573056
0.436079 0.943036
0.436001 0.54346
0.768905 0.842984
0.128506 0.721947
0.431673 0.566219
0.229211 0.200221
0.652656 0.821533
0.109425 0.700415
0.317681 0.990919
0.290735 0.990002
0.206194 0.538965
0.492637 0.900204
0.619906 0.788701
0.650778 0.793474
0.746203 0.163949
0.837813 0.171035
0.0982544 0.287609
0.726033 0.87062
0.124135 0.848936
0.606472 0.569505
0.429463 0.775363
0.720557 0.0944899
0.609552 0.818159
0.770585 0.926461
0.82894 0.094565
0.927854 0.0391323
0.630519 0.422367
0.887656 0.24048
0.247088 0.581965
0.0435853 0.959794
0.725394 0.895108
0.151166 0.824387
0.191649 0.8793
0.683524 0.348697
0.732522 0.336562
0.893861 0.167173
0.115732 0.610944
0.25096 0.680782
0.449781 0.0513344
0.61665 0.28291
0.140016 0.560231
0.304179 0.759544
0.923354 0.255273
0.19854 0.275871
0.824205 0.0604031
0.182054 0.55546
0.935686 0.313336
0.378717 0.151239
0.215048 0.0905306
0.474907 0.93755
0.39464 0.373052
0.117277 0.464387
0.968492 0.366877
0.160089 0.442641
0.419901 0.774847
0.72665 0.528581
0.315096 0.0182716
0.311762 0.290411
0.255941 0.312218
0.495019 0.085461
0.37661 0.669801
0.616799 0.34791
0.984996 0.0210035
0.48777 0.199506
0.112362 0.957513
0.140746 0.511642
0.33909 0.255085
0.952919 0.338316
0.631565 0.137777
0.769484 0.0433222
0.901696 0.479449
0.610261 0.232371
0.490105 0.908645
0.526744 0.752202
0.24142 0.0307343
0.823468 0.605011
0.696673 0.456405
0.925759 0.674654
0.487788 0.424286
0.869692 0.606191
0.381967 0.0235866
0.109563 0.720192
0.278298 0.096053
0.0600163 0.904933
0.229093 0.828445
0.937893 0.144774
0.305907 0.558095
0.374301 0.805563
0.47521 0.893089
0.558037 0.714646
0.914271 0.380627
0.325727 0.620373
0.810966 0.26112
0.303126 0.331184
0.695363 0.201891
0.936135 0.0836601
0.214174 0.0456347
0.799843 0.494798
0.126862 0.850855
0.411174 0.359243
0.666939 0.393983
0.507047 0.977237
0.905968 0.863943
0.784238 0.394736
0.761843 0.341864
0.116353 0.704607
0.735159 0.438883
0.316712 0.58146
0.690319 0.612891
0.906306 0.40184
0.80422 0.837853
0.489356 0.0418671
0.874332 0.28636
0.53372 0.0320547
0.140122 0.925729
0.401976 0.833029
0.291668 0.897414
0.82756 0.219676
0.772714 0.605386
0.618533 0.550648
0.954505 0.706363
0.257617 0.708221
0.17128 0.589968
0.297124 0.868511
0.189441 0.207554
0.282582 0.0493951
0.0750605 0.764395
0.0684655 0.956472
0.110978 0.587663
0.956225 0.242094
0.537904 0.391718
0.0706171 0.811512
0.297579 0.862495
0.215356 0.176044
0.48668 0.641816
0.627459 0.456533
0.367666 0.8866
0.169094 0.529532
0.466403 0.463134
0.403221 0.684814
0.673936 0.675844
0.723454 0.739639
0.454089 0.793383
0.698058 0.502186
0.399436 0.707116
0.719968 0.914022
0.105597 0.767221
0.736383 0.388892
0.651992 0.762665
0.472161 0.134868
0.418709 0.0984518
0.599635 0.768046
0.959705 0.75442
0.312216 0.447293
0.230576 0.707031
0.122263 0.898012
0.390748 0.854348
0.647088 0.843309
0.618218 0.378208
0.362245 0.037247
0.228893 0.201047
0.946285 0.150649
0.852453 0.696067
0.537106 0.504784
0.483591 0.0147752
0.637844 0.879623
0.123424 0.249062
0.675345 0.080569
0.00473912 0.955486
0.533234 0.238643
0.689375 0.634948
0.167297 0.11064
0.497786 0.779305
0.915008 0.146575
0.133008 0.30242
0.214424 0.201304
0.376613 0.157521
0.334723 0.251941
0.838726 0.850097
0.746917 0.331746
0.862117 0.4035
0.224978 0.965052
0.639692 0.886634
0.0635045 0.621393
0.875457 0.563397
0.878332 0.568279
0.221275 0.0146683
0.653308 0.70743
0.793321 0.580613
0.850312 0.918942
0.877303 0.0573541
0.117345 0.271326
0.218722 0.443748
0.512396 0.0656303
0.306784 0.270155
0.389058 0.179865
0.699298 0.599035
0.156769 0.334884
0.52866 0.202993
0.966374 0.381809
0.744714 0.856565
0.900589 0.92268
0.871771 0.614296
0.690031 0.665013
0.192614 0.559808
0.597013 0.0655648
0.615288 0.700371
0.32498 0.813876
0.14884 0.836352
0.870101 0.463445
0.11719 0.282647
0.643832 0.783688
0.874304 0.778145
0.129422 0.420024
0.976266 0.119463
0.762026 0.739588
0.951759 0.74551
0.712358 0.841769
0.361718 0.401201
0.530781 0.55396
0.943262 0.138176
0.624416 0.567497
0.834023 0.931506
0.377673 0.991231
0.78113 0.297905
0.462228 0.876012
0.54153 0.110947
0.679283 0.430699
0.874762 0.793308
0.830026 0.870801
0.902585 0.635501
0.619075 0.875159
0.40709 0.333904
0.742105 0.763287
0.745179 0.297823
0.326622 0.698064
0.393715 0.935539
0.265544 0.233392
0.907567 0.685861
0.261784 0.654471
0.910162 0.691131
0.548469 0.459735
0.826747 0.240638
0.883872 0.699571
0.0454675 0.737568
0.594147 0.934397
0.380213 0.230613
0.835356 0.77461
0.580643 0.595482
0.564065 0.322568
0.855785 0.879981
0.11922 0.323156
0.797253 0.271132
0.51376 0.712516
0.914542 0.745675
0.375269 0.863171
0.457717 0.899547
0.31345 0.265964
0.139142 0.20725
0.967637 0.1802
0.938673 0.585639
0.130789 0.33636
0.811535 0.973177
0.115434 0.395376
0.580644 0.671682
0.701522 0.444934
0.571819 0.715038
0.711378 0.38772
0.158724 0.308201
0.0983736 0.93089
0.986544 0.456379
0.787314 0.452246
0.362158 0.0988384
0.723288 0.485064
0.314608 0.700834
0.653695 0.270858
0.287243 0.787068
0.587179 0.103924
0.770657 0.703009
0.490815 0.3541
0.374588 0.195424
0.791646 0.94243
0.923801 0.520552
0.330529 0.9268
0.758417 0.441342
0.832828 0.734932
0.914337 0.656706
0.19672 0.261131
0.737553 0.913195
0.758216 0.06129
0.636555 0.406533
0.313678 0.911085
0.197217 0.890068
0.021806 0.960582
0.617883 0.514835
0.315487 0.971514
0.726728 0.133246
0.909247 0.630301
0.6475 0.276735
0.561705 0.409112
0.702525 0.422363
0.186618 0.611563
0.0863197 0.364197
0.83169 0.800314
0.27597 0.616581
0.861049 0.899143
0.216227 0.27421
0.80833 0.220986
0.11754 0.846438
0.201041 0.691241
0.36199 0.522299
0.683873 0.0847421
0.663072 0.604334
0.70198 0.328824
0.842694 0.271575
0.731002 0.553835
0.696702 0.873099
0.178407 0.779248
0.246977 0.0463421
0.595826 0.530287
0.652178 0.462933
0.442744 0.676119
0.652018 0.285465
0.882572 0.735471
0.195091 0.143984
0.444004 0.465647
0.629095 0.128294
0.549308 0.283836
0.729328 0.289491
0.586948 0.598625
0.551226 0.301439
0.170909 0.249373
0.184386 0.354946
0.0388663 0.418628
0.390098 0.608949
0.952859 0.0529385
0.0984868 0.395894
0.73291 0.726291
0.70434 0.625582
0.484926 0.787638
0.731746 0.930853
0.269163 0.369808
0.0882073 0.806508
0.649922 0.782308
0.153277 0.25454
0.399207 0.627088
0.529849 0.575222
0.864471 0.695324
0.907963 0.878481
0.129992 0.331595
0.492421 0.087823
0.3716 0.570208
0.478305 0.106391
0.303747 0.148466
0.735028 0.782448
0.92495 0.469572
0.727599 0.215009
0.822606 0.77543
0.0247436 0.495005
0.575755 0.0828918
0.708969 0.978614
0.703394 0.261076
0.567904 0.573001
0.935069 0.480297
0.469456 0.0769213
0.79698 0.962317
0.175354 0.209225
0.540676 0.630583
0.277678 0.830217
0.791392 0.0703279
0.626853 0.710677
0.493619 0.354613
0.915553 0.337046
0.137591 0.909371
0.801824 0.723373
0.0486021 0.574195
0.71223 0.693099
0.781217 0.266309
0.285969 0.747671
0.767033 0.749725
0.815036 0.57044
0.717823 0.956461
0.766648 0.283812
0.59578 0.0486985
0.117349 0.374585
0.070965 0.71852
0.106491 0.570748
0.160148 0.151613
0.885068 0.21564
0.917801 0.743431
0.92753 0.904056
0.310214 0.653416
0.651964 0.121266
0.911537 0.919403
0.859851 0.687245
0.690372 0.68379
0.268761 0.415792
0.659302 0.0382235
0.659533 0.267351
0.0956163 0.760486
0.638067 0.158321
0.489138 0.736317
0.7452 0.532295
0.748529 0.613304
0.767904 0.690905
0.391354 0.721937
0.643177 0.687839
0.377157 0.286061
0.795446 0.294449
0.22966 0.680072
0.946356 0.914433
0.367516 0.260592
0.326282 0.0255182
0.292044 0.984235
0.279742 0.385377
0.748174 0.911364
0.546219 0.253339
0.645504 0.271725
0.800892 0.410145
0.883522 0.590284
0.120748 0.290664
0.303361 0.760675
0.967225 0.677587
0.0733207 0.79497
0.927302 0.295328
0.486202 0.97213
0.180745 0.855646
0.254398 0.507246
0.878856 0.552243
0.497897 0.173836
0.899245 0.253814
0.0878453 0.462531
0.50125 0.731598
0.707931 0.340718
0.170069 0.624421
0.880236 0.257164
0.876281 0.204705
0.0209271 0.87679
0.893327 0.0748765
0.6775 0.877051
0.332039 0.167791
0.864246 0.523488
0.262219 0.194496
0.0390638 0.898368
0.671342 0.524088
0.11032 0.589712
0.788683 0.13053
0.0774602 0.299448
0.832846 0.783247
0.588174 0.00173889
0.423087 0.515145
0.265453 0.322272
0.720569 0.30526
0.241602 0.619035
0.345398 0.895987
0.501683 0.686913
0.0731416 0.366245
0.209838 0.082076
0.496207 0.242272
0.971604 0.164287
0.771025 0.0461566
0.762383 0.539378
0.175366 0.825392
0.855002 0.0384769
0.620146 0.469644
0.257618 0.252012
0.949183 0.302418
0.370724 0.708585
0.589581 0.578596
0.331736 0.931879
0.48192 0.838633
0.628132 0.533908
0.198227 0.827161
0.61777 0.673826
0.114574 0.589533
0.821749 0.822791
0.663896 0.587001
0.40355 0.82545
0.416832 0.25953
0.850723 0.0418207
0.726479 0.886052
0.0896492 0.71096
0.205155 0.460938
0.424816 0.776295
0.0435063 0.749704
0.697879 0.496878
0.587694 0.330267
0.0596084 0.781488
0.149402 0.665413
0.47599 0.22296
0.272997 0.301168
0.0595365 0.910014
0.888678 0.458181
0.718616 0.334977
0.712018 0.569266
0.356106 0.456123
0.494486 0.440004
0.169373 0.691344
0.89305 0.592863
0.463628 0.932797
0.331351 0.168459
0.449896 0.917485
0.493294 0.499643
0.693992 0.616665
0.188391 0.213706
0.842184 0.428659
0.473504 0.902913
0.343047 0.379188
0.367449 0.0842693
0.698766 0.0945638
0.681925 0.0574571
0.552673 0.192857
0.497837 0.708172
0.862516 0.392709
0.29851 0.329606
0.332902 0.636566
0.506045 0.79009
0.575912 0.966094
0.282386 0.253133
0.620001 0.444499
0.430402 0.469189
0.867678 0.902897
0.377182 0.222671
0.2963 0.742602
0.302706 0.983672
0.806594 0.947931
0.0715471 0.392041
0.176601 0.54201
0.187106 0.144574
0.927037 0.391584
0.375388 0.274356
0.0411368 0.872689
0.104956 0.586674
0.857513 0.351739
0.853662 0.496458
0.77666 0.271625
0.955703 0.672834
0.208514 0.347828
0.898649 0.490962
0.144979 0.234049
0.483763 0.930101
0.214036 0.526831
0.322338 0.377549
0.0990266 0.41306
0.422767 0.0143817
0.786074 0.786787
0.286284 0.839904
0.657375 0.390996
0.44704 0.549724
0.698602 0.318011
0.0610404 0.507695
0.572035 0.0162012
0.193783 0.786933
0.35585 0.0979651
0.285123 0.457322
0.314666 0.764226
0.393471 0.522551
0.296011 0.709501
0.898988 0.36336
0.136741 0.330988
0.380148 0.940681
0.123716 0.671245
0.781757 0.797851
0.160921 0.275421
0.356834 0.747529
0.53425 0.402474
0.257049 0.126554
0.408508 0.458043
0.883927 0.754129
0.564974 0.198209
0.224852 0.870538
0.941227 0.610169
0.387174 0.244349
0.332644 0.282174
0.61574 0.461239
0.58905 0.00187031
0.420539 0.726087
0.675099 0.212107
0.536296 0.721812
0.446306 0.888153
0.467044 0.97063
0.299357 0.723227
0.101128 0.701927
0.180433 0.015012
0.468135 0.734369
0.197912 0.688327
0.603872 0.152845
0.30695 0.977393
0.397999 0.646382
0.27776 0.0237028
0.103991 0.876815
0.0388434 0.519845
0.624703 0.686382
0.724914 0.174904
0.412732 0.168398
0.0628096 0.86772
0.162377 0.351228
0.606193 0.253557
0.0619756 0.787777
0.261438 0.524133
0.518248 0.454049
0.226961 0.119794
0.613523 0.530409
0.181957 0.128406
0.188234 0.388481
0.0959463 0.32374
0.271496 0.0453976
0.802 0.874789
0.739492 0.515259
0.22976 0.214797
0.713448 0.112107
0.0236605 0.85389
0.451775 0.62046
0.116622 0.503063
0.403629 0.369079
0.0249232 0.908228
0.803183 0.232052
0.0470965 0.428032
0.77014 0.1388
0.441012 0.951253
0.521757 0.456237
0.24212 0.777129
0.487434 0.0647612
0.668965 0.230716
0.604831 0.71376
0.350336 0.303113
0.822605 0.369954
0.179133 0.286463
0.937659 0.310134
0.778801 0.383775
0.663181 0.795772
0.308076 0.491118
0.0564303 0.338208
0.901555 0.806258
0.473691 0.373871
0.773927 0.990482
0.819694 0.0331034
0.757207 0.311534
0.0964897 0.445489
0.602807 0.692654
0.173862 0.896087
0.982562 0.00799155
0.278142 0.165393
0.293247 0.256497
0.457432 0.0898674
0.659363 0.12054
0.884891 0.938582
0.602693 0.932785
0.30066 0.540959
0.753813 0.778281
0.906263 0.545211
0.755024 0.726666
0.585678 0.547151
0.0775825 0.634223
0.0691302 0.562912
0.325908 0.182032
0.49513 0.330793
0.196752 0.772485
0.502249 0.484128
0.0363395 0.947459
0.567618 0.689671
0.0886186 0.457718
0.667158 0.676521
0.415057 0.957634
0.18796 0.188623
0.743439 0.12825
0.717019 0.516381
0.83443 0.304257
0.0644605 0.908111
0.964315 0.0670459
0.513799 0.308072
0.257456 0.0140818
0.632167 0.444342
0.778139 0.135482
0.913882 0.809677
0.0936533 0.514072
0.521777 0.163695
0.957835 0.187069
0.834869 0.392746
0.152565 0.0917227
0.587823 0.856609
0.196362 0.32497
0.387526 0.043049
0.628393 0.441985
0.948487 0.591789
0.514964 0.459425
0.879977 0.740126
0.473349 0.532149
0.197164 0.25322
0.669923 0.140384
0.0780284 0.747834
0.661332 0.576389
0.915488 0.637068
0.763573 0.752617
0.0314383 0.894295
0.806704 0.60633
0.772132 0.994371
0.908995 0.159206
0.081969 0.556026
0.582741 0.976247
0.183322 0.129746
0.460769 0.0627291
0.853235 0.922378
0.59176 0.0878401
0.181869 0.258811
0.214813 0.245735
0.0170053 0.862268
0.833631 0.910886
0.502733 0.607336
0.678842 0.511749
0.51126 0.482347
0.144055 0.283518
0.484859 0.0717218
0.446015 0.527845
0.622291 0.0453196
0.521108 0.799684
0.156536 0.980719
0.851554 0.042818
0.90625 0.443227
0.184416 0.134526
0.692516 0.363358
0.358555 0.724333
0.18823 0.19529
0.647777 0.704268
0.785737 0.313987
0.241286 0.308647
0.804447 0.373112
0.597411 0.314545
0.443019 0.032779
0.828008 0.0789354
0.0874637 0.355717
0.835269 0.219133
0.34629 0.718431
0.2732 0.254412
0.178244 0.396337
0.366149 0.891773
0.73732 0.711897
0.602451 0.931643
0.895438 0.265267
0.661789 0.708738
0.568449 0.884111
0.0534444 0.398804
0.272362 0.625678
0.700437 0.713806
0.649699 0.51845
0.755039 0.707597
0.910864 0.675276
0.905675 0.237008
0.37981 0.21861
0.498953 0.549677
0.61571 0.849093
0.44121 0.344582
0.570031 0.0516574
0.293452 0.494158
0.303579 0.946263
0.209871 0.891129
0.830653 0.228207
0.282258 0.138566
0.821653 0.943838
0.859845 0.493277
0.50711 0.656449
0.210679 0.418647
0.309648 0.163891
0.630435 0.684446
0.375947 0.124678
0.238912 0.994751
0.968118 0.688378
0.339218 0.564193
0.727908 0.615366
0.211 0.196654
0.592341 0.274089
0.937291 0.44097
0.516177 0.237074
0.592235 0.349776
0.222963 0.448505
0.830093 0.714493
0.201361 0.142157
0.133111 0.412356
0.218779 0.756956
0.115585 0.605597
0.870233 0.351513
0.591179 0.843417
0.0503111 0.92415
0.424379 0.795351
0.560399 0.481099
0.849161 0.178769
0.737322 0.787596
0.60031 0.247112
0.223694 0.261684
0.606222 0.248846
0.621275 0.456581
0.955138 0.71227
0.512661 0.102681
0.130055 0.729439
0.825172 0.218996
0.33291 0.727966
0.581502 0.899653
0.602074 0.633346
0.83347 0.0155449
0.432481 0.414924
0.491301 0.289046
0.570092 0.237383
0.207291 0.216064
0.47417 0.103207
0.343217 0.0769748
0.342404 0.964718
0.538024 0.31825
0.687855 0.0518008
0.416764 0.80845
0.785903 0.294247
0.251244 0.208836
0.0883782 0.573757
0.0757061 0.579761
0.269847 0.870299
0.607831 0.693953
0.284026 0.0920867
0.96632 0.844735
0.320533 0.0604401
0.0239608 0.793114
0.174332 0.347539
0.876854 0.508968
0.307731 0.410022
0.819803 0.971429
0.470857 0.236587
0.813051 0.258473
0.50612 0.857893
0.351668 0.496565
0.469374 0.3843
0.0928118 0.743576
0.256358 0.6945
0.45116 0.546299
0.788815 0.441468
0.391698 0.120775
0.499148 0.404038
0.902114 0.651226
0.732804 0.777225
0.169244 0.0698515
0.199962 0.979408
0.0661795 0.65323
0.218552 0.863819
0.902588 0.698887
0.699224 0.284797
0.197274 0.179853
0.612483 0.322155
0.9096 0.888731
0.971336 0.363013
0.445191 0.790932
0.804326 0.821843
0.883085 0.308425
0.239871 0.816666
0.880677 0.940988
0.616283 0.153069
0.0827037 0.817167
0.167442 0.140569
0.485398 0.359679
0.968643 0.388357
0.0693356 0.675189
0.646451 0.295912
0.83659 0.297074
0.586719 0.779053
0.227408 0.581173
0.173174 0.656438
0.373019 0.970865
0.49473 0.28622
0.293227 0.732461
0.103083 0.276926
0.723577 0.699169
0.424146 0.788032
0.536219 0.561947
0.900127 0.0224433
0.90107 0.87056
0.423792 0.986609
0.563198 0.0988117
0.27419 0.437197
0.393473 0.850097
0.238339 0.598454
0.431807 0.380052
0.244945 0.800531
0.354171 0.753369
0.10559 0.633201
0.497204 0.188659
0.884262 0.209425
0.883378 0.332291
0.983772 0.41888
0.883884 0.89497
0.452735 0.816992
0.776247 0.86987
0.79036 0.354452
0.955962 0.0795813
0.770116 0.342862
0.92972 0.0160501
0.937974 0.361157
0.383864 0.211041
0.177498 0.740472
0.914861 0.27719
0.377064 0.45659
0.441436 0.294263
0.646066 0.364892
0.637687 0.653946
0.747945 0.537335
0.569679 0.22537
0.346806 0.353016
0.207992 0.204156
0.709953 0.0567033
0.23868 0.499373
0.392907 0.173364
0.500835 0.351608
0.524917 0.862964
0.568583 0.71482
0.639335 0.525178
0.967721 0.00711975
0.974739 0.415806
0.298616 0.656978
0.750224 0.923437
0.318775 0.525196
0.45227 0.877851
0.733471 0.795939
0.23881 0.825388
0.92785 0.91735
0.844275 0.17952
0.44537 0.256247
0.361327 0.947748
0.595193 0.889135
0.857511 0.188413
0.616299 0.468331
0.716017 0.581114
0.47673 0.684999
0.0399993 0.773753
0.34261 0.785631
0.704983 0.65253
0.304182 0.164147
0.552864 0.0597316
0.94429 0.769672
0.856897 0.917767
0.730531 0.724255
0.17582 0.196052
0.973457 0.479647
0.13388 0.590814
0.380978 0.968619
0.765071 0.0871482
0.434094 0.448351
0.59655 0.898985
0.165731 0.628015
0.702303 0.474768
0.412045 0.404188
0.156012 0.724457
0.578851 0.700309
0.76019 0.547388
0.489619 0.644161
0.48238 0.232133
0.369725 0.593011
0.405369 0.35147
0.0868941 0.53753
0.941395 0.454239
0.499127 0.703603
0.461233 0.929478
0.175597 0.081965
0.829923 0.306575
0.713251 0.533611
0.796948 0.114997
0.917946 0.923243
0.833377 0.548105
0.673123 0.59866
0.206645 0.201948
0.249018 0.550395
0.377609 0.61789
0.147631 0.777358
0.937708 0.228541
0.315203 0.914889
0.674534 0.808629
0.621353 0.139825
0.745491 0.770738
0.232287 0.596983
0.0905337 0.906082
0.140083 0.88124
0.255117 0.194653
0.824273 0.845436
0.65816 0.491353
0.471667 0.737777
0.650832 0.705261
0.292644 0.0418006
0.332712 0.433749
0.787892 0.289645
0.652545 0.127356
0.229272 0.328916
0.912917 0.82376
0.460674 0.686304
0.632231 0.669553
0.287889 0.712956
0.595242 0.427551
0.606068 0.606856
0.558564 0.442742
0.48606 0.214025
0.919196 0.903287
0.936568 0.592318
0.654399 0.249596
0.598792 0.972596
0.672867 0.427715
0.30153 0.324654
0.552064 0.51731
0.651363 0.487041
0.367828 0.112649
0.172509 0.998162
0.787736 0.462992
0.696851 0.375527
0.876014 0.313404
0.991379 0.443859
0.746924 0.470081
0.660993 0.691275
0.413458 0.601263
0.292151 0.0867484
0.834371 0.897762
0.0811105 0.518683
0.343746 0.368565
0.832267 0.879389
0.881827 0.492366
0.384398 0.256862
0.621578 0.560183
0.257748 0.399138
0.018673 0.954786
0.771253 0.909757
0.284999 0.768904
0.359179 0.0366985
0.249499 0.0333272
0.737508 0.644065
0.629314 0.0319607
0.742557 0.481924
0.920463 0.792961
0.931331 0.311809
0.177554 0.837025
0.170882 0.0777262
0.327391 0.565661
0.324025 0.938211
0.131898 0.581463
0.333234 0.142094
0.541235 0.1188
0.0829602 0.825843
0.884228 0.426679
0.863303 0.165374
0.463742 0.605845
0.801651 0.0855371
0.641866 0.537995
0.577616 0.568771
0.352051 0.562737
0.853969 0.535116
0.39243 0.0297235
0.599859 0.718337
0.58629 0.913983
0.665208 0.720185
0.509837 0.00274569
0.868088 0.0573625
0.116677 0.929301
0.874624 0.00802706
0.365845 0.73861
0.149896 0.814633
0.34128 0.954791
0.865902 0.91765
0.497784 0.458445
0.564357 0.832605
0.0406159 0.409846
0.383627 0.418842
0.450147 0.978675
0.149489 0.07801
0.883111 0.781386
0.768219 0.414894
0.787803 0.633904
0.462745 0.919195
0.575754 0.346937
0.919609 0.912867
0.186781 0.157
0.742597 0.431376
0.0711808 0.615183
0.41245 0.532662
0.107109 0.966034
0.372559 0.138298
0.389203 0.751127
0.549682 0.824539
0.739143 0.691592
0.902286 0.671041
0.497975 0.663372
0.0668183 0.313257
0.300743 0.519259
0.237177 0.87385
0.857674 0.15459
0.79483 0.950477
0.243902 0.555096
0.391379 0.282178
0.202115 0.800459
0.786324 0.298718
0.774458 0.221304
0.464157 0.150686
0.951304 0.0206228
0.982531 0.68163
0.700163 0.867438
0.333281 0.208118
0.541715 0.393542
0.526597 0.848
0.892272 0.742053
0.719703 0.770882
0.920944 0.518389
0.734688 0.19356
0.222594 0.163505
0.469918 0.295518
0.897454 0.280547
0.61335 0.680514
0.484283 0.0681425
0.841987 0.445874
0.0899994 0.83896
0.135288 0.769935
0.722772 0.46406
0.941012 0.279455
0.853289 0.52043
0.109104 0.767941
0.268526 0.808195
0.558472 0.205602
0.341076 0.27625
0.376167 0.42991
0.398892 0.84411
0.704328 0.344354
0.141477 0.334876
0.0948016 0.575183
0.394206 0.852417
0.0814066 0.466446
0.688524 0.205066
0.25347 0.412005
0.656759 0.260893
0.673574 0.514646
0.767085 0.761637
0.305275 0.0444789
0.576812 0.834201
0.227899 0.91691
0.149961 0.608909
0.34822 0.526896
0.45121 0.0741487
0.841493 0.59049
0.405094 0.850404
0.208908 0.797852
0.699606 0.295913
0.27309 0.394821
0.472159 0.521166
0.803717 0.14201
0.765205 0.470992
0.670169 0.520307
0.225325 0.954591
0.570481 0.787287
0.775329 0.789699
0.71419 0.92103
0.410625 0.0772652
0.460407 0.855522
0.147932 0.311742
0.457061 0.54597
0.155147 0.668559
0.361069 0.854409
0.928768 0.619078
0.252977 0.413861
0.150627 0.0857805
0.540178 0.881378
0.534281 0.220887
0.44762 0.757291
0.17434 0.0124776
0.575605 0.95641
0.773278 0.267138
0.887221 0.221378
0.359427 0.371555
0.0916368 0.503364
0.688051 0.526526
0.0663556 0.825314
0.208163 0.415088
0.690793 0.15357
0.0215553 0.930219
0.554704 0.174104
0.997083 0.127292
0.0880419 0.528305
0.329464 0.526513
0.276059 0.503455
0.532535 0.839075
0.480137 0.337949
0.11858 0.399824
0.554393 0.472739
0.754192 0.62567
0.973174 0.448011
0.186339 0.0316897
0.2819 0.396731
0.435343 0.968452
0.54086 0.455124
0.913447 0.105872
0.620065 0.90055
0.216585 0.699778
0.437917 0.545262
0.223353 0.711244
0.0499155 0.751154
0.549205 0.527804
0.0969221 0.656555
0.902652 0.638031
0.143671 0.689236
0.285675 0.121217
0.142455 0.473641
0.157364 0.422055
0.859831 0.582378
0.395974 0.407089
0.0611057 0.330468
0.506127 0.669596
0.213526 0.722462
0.367848 0.650742
0.254042 0.603444
0.365046 0.310644
0.332966 0.919408
0.836666 0.434126
0.590438 0.757193
0.079918 0.725433
0.453645 0.375264
0.846357 0.591019
0.825972 0.00193709
0.0547515 0.744362
0.58962 0.397187
0.136425 0.626769
0.714838 0.610953
0.291018 0.915053
0.347068 0.663302
0.574585 0.612758
0.245351 0.924474
0.921466 0.59781
0.830636 0.75714
0.0495958 0.432604
0.524106 0.114098
0.175052 0.979722
0.485686 0.0290641
0.574018 0.333436
0.064624 0.584097
0.0828743 0.593467
0.966567 0.156795
0.234901 0.688646
0.753941 0.537975
0.608214 0.110413
0.208602 0.189008
0.727363 0.447961
0.126357 0.64613
0.0446299 0.960177
0.425978 0.0835519
0.402649 0.951805
0.211031 0.579956
0.930738 0.672672
0.609036 0.520015
0.0964411 0.571404
0.194499 0.128058
0.230039 0.0976265
0.19704 0.463467
0.77631 0.949904
0.981817 0.387603
0.190202 0.232592
0.569793 0.791867
0.6404 0.67856
0.453142 0.68414
0.648385 0.876313
0.775793 0.0572068
0.833771 0.95819
0.638603 0.779102
0.64093 0.249149
0.304892 0.650659
0.852584 0.413423
0.697616 0.0926815
0.503875 0.876983
0.554923 0.305217
0.848913 0.54885
0.689265 0.916813
0.733389 0.293258
0.721818 0.375346
0.929411 0.19127
0.101292 0.59661
0.0933247 0.819083
0.659626 0.906235
0.759418 0.299097
0.694785 0.425211
0.528395 0.00500926
0.103976 0.399702
0.417609 0.778471
0.489755 0.923908
0.666575 0.0547547
0.234313 0.51987
0.585693 0.900295
0.440452 0.326928
0.206879 0.196384
0.698946 0.149637
0.361389 0.745871
0.747351 0.432652
0.572523 0.411173
0.343093 0.362271
0.715806 0.0534873
0.787919 0.286629
0.0514816 0.862162
0.675746 0.460998
0.646396 0.16994
0.398707 0.304676
0.248585 0.621884
0.801179 0.796429
0.553055 0.275421
0.137071 0.737439
0.448568 0.833027
0.854735 0.783446
0.596277 0.618909
0.196621 0.16556
0.0831446 0.56154
0.52174 0.755081
0.619442 0.330364
0.0841078 0.61031
0.192678 0.695977
0.115803 0.821092
0.865964 0.519859
0.172411 0.09913
0.136309 0.965863
0.876707 0.668561
0.240209 0.0370163
0.421202 0.676278
0.838618 0.290432
0.476382 0.445663
0.907701 0.685644
0.602887 0.947158
0.271826 0.149392
0.715562 0.877518
0.460297 0.753454
0.542856 0.640051
0.447479 0.662281
0.478374 0.316059
0.206377 0.629729
0.403617 0.319314
0.60125 0.31145
0.0316183 0.825739
0.334555 0.428702
0.516069 0.205794
0.724306 0.973581
0.659737 0.654677
0.676344 0.285734
0.6151 0.939933
0.407415 0.341002
0.82648 0.85536
0.12168 0.376251
0.522876 0.541407
0.0503323 0.988929
0.840429 0.219532
0.622925 0.277031
0.568637 0.218628
0.577003 0.561997
0.042856 0.89102
0.993991 0.546486
0.0980511 0.730538
0.526276 0.74564
0.380503 0.2088
0.371921 0.366602
0.175898 0.423307
0.360596 0.0122318
0.299902 0.462289
0.40474 0.808904
0.0270858 0.453489
0.795075 0.85834
0.684839 0.42543
0.14498 0.245063
0.638181 0.700732
0.786286 0.660192
0.61841 0.7998
0.226256 0.700682
0.529352 0.759737
0.445016 0.924749
0.959111 0.456588
0.92463 0.138735
0.859264 0.297869
0.172261 0.210955
0.769305 0.542844
0.972194 0.760843
0.0311204 0.795987
0.644162 0.678005
0.220722 0.773086
0.909213 0.840447
0.492493 0.744603
0.533832 0.100188
0.539307 0.758477
0.805862 0.0839249
0.51935 0.254981
0.013228 0.486107
0.709116 0.943195
0.632035 0.5952
0.259837 0.765352
0.782153 0.0712298
0.318371 0.759238
0.77045 0.314139
0.567581 0.431303
0.0352762 0.778161
0.209507 0.938596
0.642577 0.690785
0.692108 0.18164
0.814175 0.257062
0.926284 0.593997
0.326652 0.453197
0.844879 0.324599
0.917663 0.571334
0.279838 0.547336
0.169466 0.540278
0.312304 0.944092
0.56425 0.643273
0.692279 0.366586
0.909843 0.28115
0.76839 0.980751
0.0452218 0.982694
0.914674 0.673811
0.714178 0.608195
0.857151 0.492709
0.834359 0.786181
0.186623 0.217966
0.242939 0.940494
0.518929 0.179412
0.512524 0.794246
0.727446 0.673516
0.333293 0.0441187
0.6251 0.879228
0.661062 0.367776
0.250976 0.643199
0.592847 0.0150902
0.62751 0.646224
0.99752 0.551025
0.34385 0.686265
0.191512 0.18846
0.174421 0.0328317
0.948655 0.292006
0.200495 0.246669
0.21531 0.71025
0.428437 0.729795
0.499064 0.155648
0.419383 0.835095
0.188021 0.0548802
0.714392 0.854386
0.385443 0.956854
0.509563 0.986219
0.961159 0.137188
0.629456 0.951735
0.65757 0.972842
0.659395 0.837897
0.18643 0.831814
0.869939 0.179995
0.192081 0.163383
0.433925 0.308807
0.78383 0.848094
0.0632977 0.326668
0.0252181 0.464842
0.166797 0.197779
0.534241 0.874969
0.0480774 0.893425
0.806374 0.547571
0.866539 0.77345
0.680072 0.528469
0.748571 0.353453
0.523988 0.407911
0.20393 0.707535
0.233623 0.0867456
0.891909 0.326628
0.177381 0.331427
0.628577 0.955598
0.195866 0.677061
0.263771 0.18567
0.151914 0.414023
0.374203 0.65457
0.274683 0.421893
0.550708 0.0963679
0.962417 0.439234
0.904672 0.666867
0.972072 0.645805
1 0.491609
0.192013 0.266927
0.216262 0.285863
0.282327 0.116133
0.618351 0.45207
0.456473 0.263534
0.422867 0.632571
0.936464 0.685724
0.823718 0.1019
0.157258 0.223718
0.74592 0.387783
0.623592 0.317772
0.483932 0.589499
0.745436 0.363488
0.233065 0.724798
0.951494 0.253682
0.239433 0.0506787
0.422224 0.445239
0.330322 0.711958
0.553691 0.922065
0.171226 0.0234262
0.228142 0.587376
0.650643 0.16078
0.282997 0.481845
0.264284 0.392944
0.687154 0.0326282
0.747373 0.300979
0.311292 0.250594
0.895107 0.0629628
0.612609 0.121305
0.78474 0.603458
0.352746 0.0232313
0.665369 0.777722
0.483119 0.980612
0.496378 0.0524233
0.923285 0.651528
0.226762 0.205879
0.245176 0.717112
0.302039 0.530726
0.209886 0.559706
0.901271 0.868131
0.570683 0.689323
0.183666 0.877246
0.944826 0.0804332
0.937807 0.56655
0.210258 0.730665
0.181145 0.562758
0.749843 0.833682
0.345723 0.24054
0.803243 0.826807
0.291248 0.747289
0.49613 0.35741
0.874156 0.727048
0.177439 0.245953
0.270897 0.252215
0.767067 0.211584
0.158933 0.33499
0.880127 0.340378
0.211523 0.827195
0.430679 0.151067
0.393817 0.635048
0.886894 0.568179
0.231594 0.657278
0.398866 0.536341
0.866124 0.217956
0.376176 0.177106
0.943787 0.874543
0.532737 0.846606
0.641144 0.600616
0.0796099 0.900465
0.853684 0.816986
0.171598 0.131979
0.168264 0.977807
0.359129 0.379241
0.774373 0.766065
0.545818 0.21557
0.40974 0.428887
0.775466 0.590535
0.195438 0.225523
0.1528 0.96353
0.401852 0.537562
0.167593 0.378258
0.418428 0.694942
0.250899 0.0472834
0.303632 0.318095
0.929536 0.175578
0.163132 0.0581207
0.199908 0.32851
0.0672068 0.549165
0.700862 0.841013
0.336938 0.236771
0.0561777 0.75554
0.654955 0.815872
0.358493 0.740252
0.0388775 0.504928
0.709115 0.408662
0.0519409 0.869675
0.781604 0.462411
0.567376 0.0365924
0.526092 0.8823
0.357414 0.466913
0.0605741 0.517162
0.517724 0.24233
0.84354 0.542063
0.765027 0.564852
0.383583 0.120523
0.781856 0.43235
0.859062 0.442146
0.251166 0.221885
0.192211 0.277616
0.722445 0.894533
0.688881 0.76891
0.765998 0.476232
0.250544 0.340508
0.507465 0.750081
0.212924 0.871224
0.207529 0.254861
0.392282 0.718439
0.49872 0.238795
0.254938 0.266866
0.759714 0.632625
0.39509 0.566872
0.0959869 0.256946
0.0771607 0.346817
0.498011 0.209201
0.62934 0.219404
0.113949 0.313821
0.957098 0.880478
0.79512 0.258535
0.23803 0.29019
0.976807 0.441326
0.185131 0.191558
0.71623 0.532833
0.9035 0.194317
0.79135 0.196544
0.470995 0.568351
0.804481 0.850817
0.130171 0.894585
0.175647 0.169326
0.224928 0.632603
0.359834 0.868012
0.828433 0.468612
0.1729 0.826089
0.350589 0.954658
0.102123 0.575706
0.252704 0.051102
0.0550668 0.411703
0.246286 0.730786
0.945601 0.16821
0.907731 0.741033
0.339788 0.39686
0.319997 0.152832
0.261063 0.460467
0.0787215 0.3846
0.626519 0.312755
0.896387 0.960429
0.166114 0.823299
0.438747 0.339113
0.656278 0.788481
0.298428 0.711765
0.370846 0.545939
0.752887 0.413606
0.957165 0.0218758
0.13625 0.91849
0.173545 0.0721277
0.684081 0.488901
0.454626 0.00635237
0.663553 0.706922
0.463791 0.718302
0.204629 0.166111
0.245789 0.181293
0.198905 0.258598
0.919753 0.485603
0.538557 0.57354
0.274972 0.822798
0.290833 0.656581
0.372316 0.0541537
0.0794087 0.337192
0.182514 0.252319
0.255022 0.228172
0.25989 0.927398
0.733968 0.721085
0.924381 0.391937
0.437173 0.402926
0.115385 0.547804
0.491059 0.13833
0.648807 0.523652
0.319734 0.56605
0.0321122 0.849095
0.144113 0.307353
0.680565 0.440525
0.958938 0.0614967
0.496648 0.0332216
0.389537 0.561184
0.252878 0.654261
0.787909 0.506296
0.601661 0.526291
0.231597 0.534052
0.907939 0.665384
0.927638 0.0365097
0.223979 0.415386
0.164501 0.856858
0.933026 0.485782
0.424903 0.960245
0.340665 0.575245
0.269128 0.0408278
0.167093 0.29454
0.0986692 0.515056
0.260393 0.485314
0.0803087 0.494623
0.126592 0.860371
0.0388535 0.731314
0.391418 0.231335
0.256113 0.306747
0.888571 0.191229
0.341423 0.122867
0.616522 0.514598
0.988819 0.541529
0.0328278 0.411793
0.512011 0.359495
0.96624 0.772219
0.395734 0.0128919
0.0148015 0.478496
0.520229 0.273167
0.952768 0.580566
0.769995 0.100855
0.462109 0.771019
0.809875 0.842663
0.251242 0.159503
0.164009 0.908908
0.275297 0.51752
0.0410198 0.871602
0.333356 0.338424
0.426737 0.0369358
0.436825 0.937279
0.392745 0.423531
0.720183 0.771918
0.429096 0.735068
0.240383 0.931017
0.182956 0.293805
0.521625 0.769081
0.309962 0.985475
0.531489 0.139938
0.843868 0.538859
0.2276 0.0219609
0.447364 0.496477
0.527848 0.484841
0.370899 0.563231
0.504062 0.810776
0.592444 0.929023
0.735256 0.985313
0.369547 0.470082
0.754491 0.797225
0.195327 0.0351704
0.75016 0.212229
0.247022 0.286118
0.960168 0.555611
0.28509 0.502677
0.704564 0.141099
0.0438905 0.914866
0.159615 0.493482
0.413494 0.681347
0.944497 0.77475
0.245512 0.477867
0.597268 0.837207
0.42673 0.336932
0.82278 0.784702
0.79661 0.616598
0.579938 0.97215
0.631267 0.383589
0.196975 0.888334
0.6509 0.165782
0.451128 0.930848
0.671386 0.153904
0.067538 0.705594
0.164018 0.253652
0.204955 0.494097
0.891536 0.174793
0.280661 0.152078
0.645954 0.86458
0.237097 0.158713
0.217333 0.860702
0.871584 0.0208095
0.482679 0.482314
0.250045 0.223207
0.811309 0.209526
0.0443104 0.48631
0.382516 0.482566
0.419466 0.052636
0.640346 0.483082
0.762505 0.703934
0.701747 0.951821
0.216028 0.614193
0.13404 0.478145
0.757709 0.781118
0.355627 0.76866
0.85449 0.570259
0.630016 0.7328
0.590658 0.114754
0.232394 0.617192
0.243196 0.0711412
0.80947 0.266778
0.576094 0.234421
0.755928 0.980746
0.280327 0.39776
0.470032 0.0449257
0.180256 0.212325
0.098484 0.306376
0.789014 0.134812
0.778655 0.548221
0.911753 0.121246
0.340403 0.765867
0.686159 0.971001
0.516344 0.290738
0.0778519 0.738487
0.882876 0.315168
0.776624 0.742873
0.601203 0.376727
0.952916 0.358532
0.358925 0.239088
0.737327 0.831442
0.282888 0.84403
0.0951175 0.326153
0.139518 0.801982
0.427879 0.89705
0.36371 0.326701
0.0763996 0.74531
0.107673 0.717704
0.684025 0.613991
0.0268076 0.737687
0.365019 0.910819
0.196718 0.235132
0.660154 0.657978
0.568595 0.617177
0.0213049 0.918641
0.843722 0.748208
0.760035 0.16768
0.616514 0.765285
0.448305 0.75671
0.58428 0.854152
0.652779 0.938157
0.209824 0.676645
0.610607 0.340676
0.399928 0.317486
0.929238 0.399196
0.069259 0.306322
0.30087 0.130205
0.48983 0.951585
0.793629 0.0401235
0.578652 0.795153
0.97168 0.445295
0.574884 0.735333
0.609556 0.181816
0.514974 0.0525873
0.939115 0.0953012
0.908379 0.591627
0.258745 0.207601
0.281001 0.691886
0.42856 0.677179
0.0819178 0.376953
0.2074 0.158116
0.677433 0.383288
0.212247 0.181969
0.347697 0.990154
0.214062 0.924145
0.804563 0.217955
0.376201 0.373139
0.886151 0.907091
0.557933 0.448787
0.039207 0.488948
0.532683 0.915842
0.0864217 0.597172
0.0764593 0.368689
0.277897 0.490897
0.0585158 0.309761
0.869494 0.172006
0.354234 0.550841
0.524547 0.558304
0.704026 0.863545
0.531678 0.903955
0.7849 0.34073
0.166643 0.189274
0.722337 0.0713259
0.154258 0.288018
0.522224 0.182131
0.772466 0.0533381
0.0983955 0.848617
0.641759 0.178431
0.222376 0.916433
0.644004 0.300747
0.214348 0.530357
0.413055 0.563909
0.073425 0.93498
0.135728 0.77986
0.789608 0.667089
0.697115 0.592231
0.0341613 0.84389
0.744839 0.733251
0.904927 0.933811
0.0349625 0.428459
0.120746 0.787654
0.499301 0.231394
0.652333 0.137868
0.408071 0.882725
0.201878 0.196257
0.170898 0.26757
0.60932 0.582407
0.77323 0.669735
0.524775 0.932425
0.465458 0.339202
0.625357 0.182855
0.949459 0.638729
0.0406678 0.752765
0.384818 0.950072
0.686452 0.40605
0.380614 0.801315
0.193243 0.870477
0.0441705 0.847641
0.020804 0.43209
0.739998 0.0511706
0.488751 0.891514
0.314341 0.105871
0.487689 0.151995
0.794478 0.0721768
0.122375 0.259959
0.355693 0.709386
0.429989 0.309921
0.356572 0.470303
0.0638159 0.742116
0.421974 0.746301
0.146456 0.795479
0.549635 0.352871
0.685108 0.571158
0.208728 0.667053
0.019277 0.916305
0.717652 0.524805
0.832245 0.0483317
0.63049 0.337416
0.190842 0.407927
0.341293 0.271875
0.653866 0.686292
0.977504 0.0901508
0.0933842 0.343595
0.541072 0.0657431
0.0759418 0.961323
0.818059 0.237948
0.753002 0.348774
0.57097 0.42875
0.907861 0.751336
0.101326 0.942915
0.68913 0.825815
0.460648 0.529742
0.874128 0.0865074
0.855693 0.0616159
0.49347 0.203825
0.330001 0.137237
0.873337 0.313509
0.219743 0.898156
0.660103 0.762141
0.941904 0.727058
0.72792 0.757093
0.947388 0.492454
0.12102 0.525283
0.918902 0.0522361
0.286502 0.0526183
0.904604 0.953272
0.865865 0.448165
0.505151 0.755037
0.531557 0.36985
0.802856 0.043802
0.562714 0.149617
0.163427 0.460322
0.462218 0.37993
0.351212 0.117278
0.153513 0.314398
0.842832 0.861792
0.0994369 0.807243
0.370864 0.187139
0.322192 0.303519
0.223426 0.625761
0.34367 0.226631
0.598115 0.22285
0.685606 0.103122
0.931553 0.22706
0.462094 0.781065
0.245811 0.0243277
0.913837 0.391257
0.474807 0.39461
0.761609 0.829737
0.502496 0.915929
0.1507 0.365265
0.814907 0.234223
0.197148 0.209863
0.407533 0.508042
0.484508 0.653714
0.114054 0.81651
0.866559 0.704652
0.0870352 0.552884
0.796991 0.0344077
0.786718 0.292429
0.794817 0.0634039
0.296221 0.710693
0.422094 0.769776
0.160728 0.222167
0.609218 0.606521
0.123537 0.741493
0.942239 0.938679
0.947434 0.16132
0.104511 0.380615
0.67188 0.583583
0.0363728 0.772758
0.424236 0.891424
0.489994 0.455215
0.461419 0.297393
0.476705 0.240027
0.567363 0.278568
0.257762 0.849365
0.973483 0.667678
0.620677 0.090671
0.844947 0.206722
0.684105 0.977016
0.954458 0.671208
0.91915 0.925523
0.827662 0.0337986
0.310139 0.499449
0.624481 0.34024
0.277547 0.0486288
0.231232 0.7544
0.501132 0.691081
0.0575633 0.96682
0.920312 0.617966
0.210016 0.185028
0.485258 0.219465
0.850376 0.0985061
0.304118 0.733828
0.315672 0.00850053
0.723324 0.316329
0.691167 0.645059
0.226947 0.522399
0.69141 0.514727
0.0798201 0.322825
0.832258 0.282105
0.354841 0.0822105
0.0631314 0.845054
0.778888 0.11455
0.777193 0.691227
0.737762 0.0607784
0.861072 0.20224
0.274902 0.747176
0.306124 0.568202
0.483008 0.63862
0.584256 0.219072
0.906656 0.254538
0.873268 0.16389
0.776766 0.561446
0.676974 0.800426
0.859033 0.539699
0.150217 0.236545
0.623925 0.150189
0.0847839 0.395679
0.260111 0.87804
0.101311 0.989023
0.877819 0.911493
0.186657 0.219324
0.721002 0.527278
0.793219 0.241825
0.168964 0.366856
0.436992 0.086282
0.607071 0.31876
0.237532 0.42391
0.846418 0.902919
0.228606 0.721426
0.450121 0.320583
0.936056 0.0751972
0.483163 0.986969
0.4675 0.736262
0.878217 0.569787
0.730597 0.810498
0.541949 0.918631
0.0788841 0.336296
0.468254 0.819853
0.517653 0.629235
0.180136 0.944619
0.699231 0.806716
0.244831 0.932163
0.239069 0.107792
0.856647 0.461098
0.809315 0.296234
0.742145 0.75837
0.370603 0.25386
0.759669 0.843709
0.994252 0.643342
0.416533 0.73051
0.468244 0.966685
0.671083 0.490864
0.266093 0.128364
0.318448 0.783287
0.744309 0.511242
0.730487 0.458762
0.316922 0.968325
0.399764 0.55792
0.105916 0.262535
0.0281433 0.919218
0.559694 0.796988
0.685646 0.928688
0.0818823 0.460616
0.781023 0.0370258
0.166008 0.219454
0.790964 0.564569
0.174991 0.446223
0.0989103 0.431081
0.574816 0.40017
0.223279 0.325399
0.892199 0.933327
0.79722 0.247866
0.919119 0.194124
0.789273 0.0608701
0.450471 0.806283
0.959149 0.0176748
0.622855 0.639195
0.926656 0.665411
0.115733 0.721712
0.727979 0.245934
0.909557 0.50254
0.805768 0.0768039
0.923587 0.861876
0.523982 0.520322
0.291227 0.738902
0.833469 0.192015
0.704034 0.613392
0.418418 0.626661
0.830213 0.224609
0.658928 0.281565
0.0975058 0.578442
0.255215 0.623254
0.269618 0.204506
0.296194 0.392551
0.923338 0.0305619
0.621564 0.838209
0.5386 0.420308
0.917572 0.477463
0.308709 0.446559
0.0745897 0.565811
0.187383 0.849336
0.774688 0.88807
0.492322 0.212462
0.53118 0.302778
0.412634 0.196035
0.562397 0.429455
0.798131 0.821016
0.223472 0.201233
0.0546766 0.353722
0.488135 0.955932
0.373133 0.106609
0.797438 0.894925
0.5294 0.733643
0.391089 0.8355
0.194654 0.398563
0.425225 0.374683
0.214145 0.210396
0.267313 0.716038
0.420288 0.793543
0.0438598 0.827515
0.97888 0.571703
0.253542 0.798287
0.413413 0.306755
0.884839 0.441352
0.649083 0.37108
0.409804 0.0269187
0.494307 0.224738
0.932138 0.0234388
0.930479 0.31541
0.838297 0.16379
0.704566 0.292301
0.507299 0.935928
0.480806 0.778093
0.6622 0.890361
0.566245 0.682989
0.747234 0.522646
0.260503 0.991333
0.355193 0.678423
0.29675 0.232008
0.125358 0.94558
0.632809 0.536915
0.968195 0.116268
0.751758 0.905458
0.12167 0.71991
0.228658 0.955134
0.845597 0.940648
0.250162 0.362694
0.891537 0.703688
0.15034 0.570989
0.620781 0.703694
0.264536 0.345956
0.265566 0.52651
0.333571 0.611496
0.232289 0.633571
0.850999 0.328076
0.58831 0.486919
0.870679 0.563807
0.597353 0.631948
0.478956 0.704045
0.351386 0.715382
0.670066 0.209022
0.651346 0.898187
0.578267 0.551662
0.628666 0.701547
0.133627 0.26025
0.426982 0.382909
0.596847 0.679183
0.906459 0.936003
0.296467 0.118012
0.573205 0.160787
0.462466 0.153616
0.614553 0.355329
0.728157 0.248236
0.933651 0.213091
0.910325 0.314356
0.909867 0.604296
0.533148 0.582835
0.513029 0.100159
0.172769 0.156916
0.784545 0.257275
0.389242 0.232531
0.630657 0.980561
0.916323 0.563529
0.895576 0.215391
0.68887 0.486382
0.375974 0.141688
0.655331 0.0249161
0.471637 0.383193
0.251719 0.442576
0.591693 0.180994
0.753608 0.514384
0.760587 0.28483
0.087921 0.303283
0.390595 0.225058
0.435527 0.20738
0.501343 0.848765
0.448758 0.147663
0.796213 0.35673
0.714367 0.734257
0.586886 0.39073
0.232112 0.961129
0.517235 0.856173
0.984055 0
0.267301 0.224994
0.474519 0.866371
0.414485 0.211201
0.355576 0.197803
0.50525 0.447119
0.499454 0.880531
0.673092 0.949226
0.189094 0.210897
0.761221 0.533097
0.309606 0.590377
0.883182 0.0310156
0.337666 0.478134
0.425859 0.562163
0.440625 0.95995
0.458446 0.428521
0.949564 0.721321
0.667771 0.406281
0.583138 0.0870336
0.611327 0.933009
0.289319 0.125294
0.401752 0.79598
0.231939 0.164424
0.750188 0.110413
0.258003 0.524061
0.649206 0.569567
0.123758 0.531581
0.608774 0.441741
0.357948 0.357446
0.0317155 0.438783
0.988202 0.472697
0.858835 0.951958
0.20295 0.540039
0.380005 0.785671
0.60948 0.984672
0.727024 0.916428
0.168348 0.169145
0.728353 0.148036
0.217563 0.472776
0.260538 0.467782
0.951099 0.882893
0.246192 0.204822
0.4085 0.645304
0.55981 0.42042
0.690381 0.559268
0.886798 0.685916
0.049727 0.739371
0.632156 0.253819
0.290396 0.019495
0.032986 0.910803
0.0251204 0.77625
0.834714 0.167677
0.897519 0.563986
0.269433 0.118827
0.0501704 0.515671
0.560877 0.0119293
0.399835 0.617444
0.118702 0.800321
0.254314 0.677886
0.222397 0.932252
0.244153 0.0876513
0.622959 0.299973
0.803823 0.241308
0.531893 0.115055
0.256097 0.574695
0.0886935 0.30941
0.340619 0.880754
0.414471 0.240268
0.436122 0.675925
0.351668 0.4712
0.185873 0.927084
0.498294 0.584827
0.559417 0.605257
0.409179 0.815528
0.283447 0.635639
0.738838 0.535125
0.722902 0.372507
0.811201 0.555718
0.606976 0.360856
0.676079 0.885643
0.915327 0.709616
0.164351 0.265211
0.60176 0.563357
0.511633 0.0415431
0.253921 0.865301
0.50839 0.442163
0.808381 0.978804
0.0541175 0.365232
0.596222 0.440229
0.175444 0.871541
0.084621 0.926305
0.403834 0.809411
0.285383 0.208494
0.360241 0.91886
0.568182 0.04987
0.805301 0.498945
0.764052 0.966545
0.755596 0.353043
0.540393 0.27946
0.397759 0.793136
0.13705 0.889036
0.237144 0.94596
0.858564 0.270623
0.320921 0.477538
0.727465 0.483265
0.355689 0.80281
0.419176 0.755359
0.614672 0.703895
0.887523 0.939409
0.641819 0.544745
0.0519748 0.427517
0.0784358 0.792116
0.406112 0.821859
0.156486 0.930378
0.0963284 0.557608
0.736319 0.271821
0.453145 0.966413
0.208449 0.331862
0.252754 0.513591
0.797171 0.969734
0.246525 0.269933
0.764707 0.421552
0.893894 0.397195
0.122141 0.872816
0.383746 0.757897
0.432975 0.417681
0.201933 0.496133
0.236974 0.594929
0.313798 0.372152
0.542707 0.411239
0.904928 0.250375
0.652486 0.375396
0.238917 0.859589
0.716619 0.483507
0.370985 0.517859
0.463616 0.368305
0.663471 0.259393
0.793822 0.574612
0.626353 0.908983
0.461384 0.0241332
0.679191 0.891765
0.438879 0.871195
0.388354 0.653988
0.476183 0.701303
0.328088 0.325743
0.109448 0.961938
0.282992 0.764409
0.346867 0.530312
0.628855 0.0605541
0.00849751 0.983421
0.571063 0.479708
0.362432 0.232311
0.724365 0.162382
0.802465 0.357223
0.0816466 0.279034
0.380876 0.758161
0.177917 0.813224
0.652421 0.560644
0.483375 0.122849
0.270258 0.502831
0.136921 0.391137
0.467133 0.417799
0.156994 0.806827
0.923979 0.771854
0.855931 0.947034
0.781332 0.438298
0.446569 0.145141
0.685391 0.161733
0.30273 0.501472
0.517981 0.389889
0.771659 0.890323
0.141871 0.951734
0.711201 0.784347
0.53866 0.185482
0.888442 0.789
0.68212 0.0450724
0.230081 0.20332
0.464142 0.34157
0.942428 0.394525
0.120044 0.818442
0.359022 0.909798
0.26379 0.79288
0.0543495 0.94777
0.94339 0.35825
0.454796 0.471446
0.747947 0.262158
0.375146 0.89189
0.199669 0.0883459
0.682639 0.722749
0.254203 0.591803
0.523708 0.925782
0.628893 0.703257
0.19498 0.172738
0.214333 0.199965
0.510176 0.191036
0.864652 0.844949
0.201299 0.194446
0.664465 0.151653
0.127061 0.628118
0.517538 0.561806
0.11066 0.26571
0.791775 0.479244
0.151423 0.994379
0.560209 0.819115
0.725002 0.811603
0.411524 0.258196
0.760163 0.0483713
0.960615 0.844115
