0.0160198 0.463785
0.316222 0.825328
0.700951 0.049447
0.507653 0.93003
0.943753 0.205552
0.891909 0.6064
0.200805 0.241693
0.201646 0.0376409
0.791888 0.977363
0.200502 0.919886
0.953472 0.926498
0.650393 0.756026
0.833281 0.924808
0.310223 0.911862
0.944816 0.919015
0.937843 0.958375
0.361495 0.264751
0.784921 0.0883446
0.273737 0.290349
0.0398916 0.185608
0.492357 0.911271
0.820336 0.683188
0.160071 0.0271843
0.718736 0.950037
0.940822 0.965317
0.874852 0.951822
0.843709 0.522139
0.708477 0.678501
0.440882 0.0299861
0.607417 0.392087
0.932877 0.520653
0.360689 0.321269
0.783257 0.140137
0.39502 0.0625155
0.443443 0.419619
0.25323 0.920529
0.342345 0.0898956
0.610466 0.498879
0.103058 0.320408
0.435244 0.105248
0.25599 0.322538
0.0659687 0.0683495
0.886987 0.787631
0.775014 0.305838
0.775249 0.371526
0.694734 0.712769
0.895533 0.0520543
0.0497184 0.705687
0.188535 0.446205
0.724595 0.62161
0.875935 0.980664
0.536601 0.217586
0.0821197 0.135063
0.73379 0.173107
0.472509 0.168357
0.252032 0.738653
0.485438 0.3021
0.836751 0.351741
0.0592916 0.617205
0.636923 0.835014
0.940798 0.345789
0.547977 0.866472
0.381349 0.582057
0.544378 0.568909
0.0424618 0.250862
0.18931 0.902419
0.249885 0.739967
0.128084 0.300843
0.900036 0.836483
0.487659 0.383338
0.0424991 0.77246
0.126062 0.489802
0.0945119 1.00688
0.827169 0.0799784
0.580229 0.45701
0.911695 0.529913
0.792614 0.457714
0.380028 0.185645
0.0924024 0.978772
0.744891 0.0784362
0.218851 0.933984
0.732598 0.458094
0.678638 0.114374
0.778511 0.573998
0.940286 0.25241
0.969805 0.94367
0.962653 0.0964228
0.432632 0.983242
0.0662434 0.246289
0.0654814 0.630897
0.725184 0.975236
0.15865 0.52003
0.438764 0.561873
0.69214 0.480954
0.528831 0.437693
0.560323 0.734175
0.379067 0.541479
0.209097 0.0585462
0.64953 0.984155
0.631011 0.59245
0.229871 0.595901
0.527255 0.195247
0.68989 0.970834
0.17532 0.736849
0.242125 0.232131
0.363887 0.956043
0.213691 0.523383
0.477232 0.650139
0.111736 0.148269
0.134061 0.603726
0.614427 0.695026
0.335087 0.990988
0.238749 0.542315
0.111436 0.91602
0.527536 0.677779
0.480639 0.756679
0.276739 0.0159736
0.950459 0.96399
0.988459 0.12876
0.717592 0.242516
0.349224 0.103648
0.17784 0.577272
0.596711 0.655636
0.230463 0.684164
0.834693 0.380913
0.29019 0.442824
0.0648403 0.638964
0.425435 0.303653
0.169588 0.482061
0.187709 0.695153
0.162184 0.665763
0.465794 0.427568
0.674402 0.401535
0.400671 0.673151
0.52363 0.111256
0.895657 0.89427
0.181614 0.0772832
0.472173 0.777557
0.729678 0.701412
0.464707 0.555897
0.094699 0.770177
0.024931 0.104298
0.384644 0.4354
0.424039 0.547736
0.918882 0.605582
0.261681 0.076189
0.276953 0.703417
0.517278 0.961219
0.102603 0.90814
0.635477 0.640047
0.0200584 0.543262
0.52265 0.209431
0.602604 0.0108231
0.955451 0.348448
0.701853 0.446815
0.886172 0.768382
0.199544 0.890346
0.898864 0.576836
0.339933 0.317611
0.141363 0.243483
0.898107 0.405665
0.35203 0.20158
0.119428 0.875976
0.174989 0.18972
0.782633 0.801157
0.842563 0.798486
0.335639 0.36923
0.110606 0.9797
0.376318 0.99072
0.289907 0.0769627
0.419987 0.173194
0.860566 0.640988
0.0916146 0.778436
0.226455 0.391648
0.0857214 0.354646
0.646349 0.0212845
0.742605 0.980859
0.215716 0.823042
0.837376 0.408995
0.0284042 0.627174
0.187499 0.855648
0.404433 0.523714
0.232752 0.407756
0.465899 0.609571
0.400254 0.7381
0.699174 0.841117
0.902702 0.552878
0.48484 0.964595
0.320604 0.710873
0.358529 0.402017
0.0718704 0.00552665
0.416065 0.813653
0.97963 0.633738
0.643297 0.81979
0.0422546 0.694392
0.404628 0.227665
0.529801 0.827906
0.746104 0.76234
0.246367 0.205607
0.374702 0.635621
0.949164 0.0757249
0.478637 0.854218
0.632077 0.96384
0.819152 0.951711
0.680367 0.189631
0.355289 0.746353
0.174868 0.765103
0.552861 0.170309
0.388219 0.210683
0.84724 0.411629
0.849315 0.403823
0.64181 0.398975
0.239675 0.397579
0.164022 0.475609
0.608978 0.538977
0.109835 0.563042
0.610829 0.592568
0.390198 0.250507
0.546435 0.234012
0.203591 0.226898
0.411183 0.547483
0.976186 0.586195
0.323651 0.539562
0.757209 0.731237
0.745055 0.743004
0.165764 0.616309
0.141883 0.813285
0.0236867 0.38662
0.225654 0.179882
0.87384 0.824993
0.723765 0.983424
0.393239 0.334361
0.576785 0.802056
0.570977 0.138469
0.0676554 0.794323
0.370197 0.442254
0.327383 0.342856
0.0471397 0.668118
0.876032 0.783982
0.378164 0.629724
0.535579 0.542105
0.249688 0.689849
0.381481 0.265688
0.0815364 0.585594
0.452328 0.955214
0.380894 0.187121
0.93419 0.794083
0.512671 0.511292
0.592444 0.0922789
0.649366 0.63318
0.861547 0.0177517
0.101157 0.159077
0.374715 0.10635
0.827145 0.251684
0.906287 0.211945
0.867833 0.428634
0.747885 0.130662
0.173197 0.0871872
0.377809 0.221567
0.693001 0.848978
0.176117 0.103583
0.04834 0.092333
0.893801 0.528735
0.62851 0.493436
0.618416 0.274483
0.125354 0.485775
0.309668 0.199483
0.669384 0.655607
0.321359 0.496968
0.90219 0.234598
0.70551 0.783208
0.666309 0.451664
0.903043 0.803842
0.562365 0.30464
0.0417287 0.238328
0.164367 0.194509
0.376326 0.17878
0.331836 0.248473
0.721573 0.946032
0.746112 0.349397
0.22039 0.867801
0.830589 0.518595
0.0781829 0.502973
0.175885 0.398286
0.999374 0.0829212
0.629275 0.704511
0.860845 0.306168
0.153563 0.768236
0.125862 0.734229
0.110684 0.111862
0.974007 0.247257
0.345651 0.338389
0.42832 0.657002
0.592651 0.154573
0.593933 0.338171
0.495757 0.83013
0.221519 0.323866
0.362506 0.291231
0.828619 0.524567
0.695754 0.82897
0.598733 0.32115
0.547171 0.462848
0.626668 0.692898
0.245349 0.736509
0.422982 0.325996
0.860033 0.408575
0.567156 0.219343
0.740339 0.0480372
0.879039 0.344144
0.151686 0.478593
0.67608 0.648685
0.305831 0.889087
0.971178 0.656463
0.176409 0.80099
0.182224 0.875941
0.636794 0.790924
0.214458 0.166595
0.25813 0.8294
0.859623 0.499543
0.553908 0.28229
0.832556 0.422047
0.671715 0.409506
0.650579 0.420345
0.417767 0.531833
0.756667 0.566246
0.01497 0.429613
0.224934 0.319864
0.341862 0.18907
0.870482 0.502883
0.0263243 0.146237
0.392075 0.637023
0.956648 0.590992
0.807433 0.223084
0.428025 0.672217
0.727887 0.99599
0.952166 0.559562
0.440385 0.63546
0.978088 0.103757
0.0614165 0.390998
0.636288 0.81738
0.95757 0.64743
0.262307 0.176068
0.971481 0.571324
0.376446 0.957164
0.0890456 0.376686
0.125432 0.478133
0.035939 0.0675847
0.107382 0.845808
0.308651 0.501262
0.49487 0.0365526
0.50839 0.451951
0.601252 0.938912
0.0885376 0.584601
0.0640882 0.127615
0.969035 0.67289
0.967355 0.940307
0.342824 0.214777
0.125842 0.29156
0.796374 0.494553
0.255605 0.877252
0.875997 0.406609
0.360559 0.893602
0.483997 0.430519
0.722378 0.780945
0.93659 0.227276
0.807123 0.427833
0.665743 0.41439
0.375922 0.767008
0.9074 0.400919
0.919268 0.970989
0.13212 0.911869
0.890736 0.40245
0.107912 0.0314196
0.72062 0.903328
0.526506 0.977942
0.782311 0.399063
0.384636 0.139774
0.294979 0.835522
0.582862 0.0211959
0.616364 0.523743
0.238374 0.432807
0.961306 0.919438
0.854663 0.349219
0.682485 0.848005
0.752225 0.597599
0.822789 0.84276
0.487596 0.729766
0.263856 0.594528
0.76034 0.982037
0.494234 0.286099
0.938219 0.299608
0.684475 0.321376
0.434879 0.986352
0.162494 0.0283083
0.0523667 0.825741
0.534628 0.24145
0.211309 0.505154
0.153283 0.0669367
0.84585 0.83601
0.911153 0.591016
0.437819 0.731116
0.44015 0.925843
0.461885 0.703456
0.508603 0.223152
0.685249 0.031465
0.509101 0.646554
0.324562 0.192367
0.968692 0.743241
0.193159 0.134627
0.762472 0.18904
0.891628 0.334025
0.414425 0.132967
0.817252 0.584167
0.187532 0.658681
0.40983 0.107531
0.250973 0.858097
0.828647 0.695086
0.78962 0.297617
0.408305 0.307829
0.506011 0.0904341
0.312226 0.0558199
0.734524 0.637848
0.22289 0.705262
0.38608 0.404716
0.838895 0.151936
0.595577 0.751219
0.454306 0.0339168
0.871924 0.284616
0.608416 0.0655216
0.940557 0.0405112
0.165718 0.188588
0.899936 0.987336
0.886713 0.69196
0.289896 0.291462
0.992831 0.792277
0.388575 0.327443
0.816246 0.118479
0.966826 0.0425397
0.831009 0.366953
0.445325 0.663183
0.495736 0.0420155
0.414952 0.961837
0.0747121 0.278134
0.243116 0.679195
0.369589 0.176114
0.714572 0.50708
0.380409 0.615243
0.488597 0.272985
0.304586 0.777426
0.564796 0.297276
0.571256 0.950364
0.615383 0.385607
0.0660729 0.60464
0.426222 0.892354
0.94723 0.870004
0.57491 0.43956
0.913726 0.971505
0.407562 0.980358
0.263639 0.649856
0.661009 0.612697
0.837642 0.398035
0.137708 0.193257
0.990113 0.617682
0.481448 0.301305
0.380817 0.069143
0.602745 0.969769
0.022661 0.208248
0.342219 0.10415
0.846666 0.782741
0.959755 0.775394
0.655534 0.519914
0.223572 0.569593
0.492871 0.631618
0.551073 0.755044
0.297699 0.205038
0.365055 0.111909
0.590159 0.491967
0.328269 0.585868
0.145639 0.830891
0.882612 0.501833
0.858911 0.481178
0.48078 0.868264
0.723766 0.83826
0.937194 0.545582
0.624502 0.902943
0.342538 0.276744
0.425098 0.549074
0.851778 0.915983
0.184635 0.400558
0.667113 0.466169
0.611711 0.0449898
0.577159 0.209321
0.532238 0.912157
0.791141 0.642751
0.724975 0.679263
0.15521 0.589636
0.169585 0.636198
0.458231 0.892561
0.497481 0.394064
0.430137 0.110107
0.301322 0.773307
0.382243 0.724724
0.342569 0.229195
0.640724 0.510619
0.629676 0.308451
0.970296 0.25632
0.355683 0.561902
0.456506 0.887295
0.46212 0.253285
0.520656 0.201976
0.923093 0.688427
0.790018 0.0985599
0.341305 0.244571
0.986335 0.800973
0.638217 0.433877
0.903851 0.94873
0.218374 0.280775
0.673104 0.534121
0.518707 0.314445
0.0703908 0.132928
0.628931 0.0310218
0.406387 0.985391
0.588129 0.865077
0.873685 0.0659822
0.114898 0.404424
0.267963 0.039493
0.102012 0.0568024
0.141026 0.418683
0.323977 0.120183
0.221184 0.949367
0.560231 0.130818
0.893884 0.772713
0.413425 0.572553
0.31274 0.930139
0.883695 0.370087
0.0878327 0.525131
0.385565 0.494568
0.508845 0.971062
0.363597 0.381359
0.0362455 0.473571
0.789536 0.304364
0.51944 0.881973
0.353428 0.659025
0.302879 0.655456
0.790715 0.52217
0.592968 0.356183
0.64906 0.508104
0.130477 0.0720725
0.0837423 0.446982
0.995896 0.978164
0.805621 0.0857875
0.48289 0.192014
0.580079 0.0132125
0.156957 0.941643
0.402899 0.197779
0.39883 0.186042
0.49202 0.941685
0.0959426 0.863755
0.589183 0.361377
0.524223 0.390247
0.887229 0.112057
0.751701 0.5357
0.617435 0.888965
0.601744 0.701182
0.33709 0.596716
0.690993 0.160219
0.687927 0.191109
0.347213 0.260476
0.184494 0.490769
0.210277 0.576049
0.685692 0.631542
0.75227 0.177901
0.57378 0.817119
0.047501 0.152637
0.179385 0.523861
0.565465 0.0708521
0.626105 0.318004
0.593959 0.252163
0.220829 0.202638
0.949217 0.5426
0.804745 0.626784
0.688438 0.485598
0.806639 0.0243647
0.753162 0.990892
0.51467 0.963044
0.559682 0.205247
0.588711 0.319901
0.396321 0.16185
0.141712 0.401186
0.351641 0.318801
0.92687 0.915108
0.390548 0.557572
0.228011 0.944455
0.806471 0.444469
0.201217 0.759366
0.00195461 0.0111045
0.391245 0.692457
0.482071 0.200114
0.695291 0.230189
0.196848 0.225989
0.211619 0.754849
0.432371 0.808796
0.114274 0.830059
0.976345 0.224356
0.221102 0.318664
0.535179 0.144939
0.237951 0.932218
0.696597 0.474287
0.923834 0.499722
0.92762 0.137886
0.27169 0.921916
0.144012 0.665147
0.62357 0.640566
0.863843 0.359585
0.891916 0.0536327
0.56687 0.109195
0.808597 0.00579014
0.91485 0.887957
0.81717 0.891239
0.110681 0.0323248
0.21686 0.652333
0.17117 0.45287
0.587162 0.872663
0.926165 0.504029
0.383686 0.859977
0.649322 0.657591
0.801772 0.787545
0.324011 0.412511
0.410164 0.191383
0.754583 0.328429
0.241934 0.3238
0.415485 0.0557727
0.335313 0.340381
0.929402 0.152913
0.238948 0.0429357
0.178446 0.450206
0.688448 0.348385
0.897832 0.2948
0.218935 0.829596
0.798179 0.605514
0.689009 0.444227
0.266014 0.485813
0.24053 0.587497
0.893738 0.676827
0.771871 0.652945
0.998073 0.0128878
0.919176 0.388996
0.0572287 0.300765
0.769821 0.98155
0.449286 0.0144465
0.0352197 0.664375
0.455993 0.718984
0.956679 0.376234
0.0239696 0.189844
0.18778 0.794929
0.822341 0.89171
0.263748 0.0813295
0.381768 0.486261
0.668822 0.272101
0.161865 0.447507
0.931468 0.164278
0.456083 0.913965
0.585641 0.508172
0.229246 0.352573
0.489089 0.685844
0.361869 0.510724
0.325336 0.816143
0.240592 0.313163
0.185797 0.229034
0.5584 0.366876
0.041834 0.342259
0.277149 0.282342
0.439682 0.644794
0.773398 0.116101
0.924727 0.937118
0.563894 0.857974
0.0971174 0.0220671
0.77146 0.681371
0.527664 0.997857
0.0383623 0.0184341
0.673534 0.394754
0.524778 0.0113157
0.212071 0.761435
0.327518 0.39099
0.997888 0.854654
0.767422 0.0347013
0.211507 0.0377857
0.321059 0.647757
0.679213 0.10285
0.763163 0.603003
0.0383391 0.317187
0.448675 0.137355
0.364608 0.231648
0.812018 0.874612
0.228571 0.842974
0.893364 0.917314
0.247525 0.422861
0.915722 0.44766
0.195156 0.249156
0.853272 0.18854
0.111813 0.623996
0.227185 0.316609
0.655297 0.539458
0.936669 0.351062
0.635154 0.733043
0.936389 0.665969
0.0618169 0.402066
0.788515 0.405723
0.640972 0.607349
0.282014 0.870036
0.437329 0.185409
0.79166 0.702573
0.601819 0.720368
0.155255 0.776301
0.976118 0.0255433
0.973677 0.0903989
0.64922 0.202065
0.427037 0.283262
0.728504 0.377747
0.623017 0.367176
0.107751 0.581771
0.0609392 0.148227
0.983059 0.831617
0.58029 0.625306
0.440113 0.865087
0.499469 0.897358
0.0513718 0.278
0.601318 0.645159
0.0658201 0.820327
0.432364 0.988047
0.781712 0.404811
0.0740251 0.431066
0.601669 0.483119
0.73203 0.338419
0.864 0.391565
0.70662 0.97003
0.9454 0.742586
0.138838 0.929264
0.576201 0.721694
0.554526 0.0191479
0.582912 0.0615142
0.909315 0.627969
0.35132 0.513596
0.27756 0.362032
0.283693 0.7093
0.335948 0.102938
0.118318 0.424761
0.504551 0.720365
0.906738 0.243488
0.0894721 0.786897
0.606815 0.763985
0.737912 0.552439
0.50696 0.881081
0.48046 0.0852184
0.599931 0.0502733
0.120891 0.166421
0.105548 0.0162761
0.818471 0.444095
0.522399 0.0985663
0.824715 0.808645
0.805113 0.169765
0.885146 0.923833
0.604824 0.38635
0.643529 0.502629
0.627327 0.702718
0.284166 0.226623
0.45683 0.0190938
0.789338 0.973495
0.888484 0.285651
0.055956 0.497445
0.34411 0.149524
0.676494 0.425761
0.170884 0.505684
0.879385 0.708606
0.602897 0.702206
0.538991 0.404482
0.860037 0.415237
0.336229 0.463359
0.78974 0.978145
0.91752 0.404106
0.683796 0.265479
0.66065 0.159396
0.251449 0.439229
0.150581 0.118275
0.707105 0.16885
0.635644 0.0483825
0.344385 0.321498
0.473008 0.504857
0.837748 0.371427
0.211606 0.432879
0.0845358 0.744085
0.842989 0.927692
0.147298 0.153938
0.39293 0.914959
0.157215 0.358141
0.331134 0.836269
0.601307 0.982434
0.984538 0.850746
0.408042 0.118119
0.995476 0.142534
0.288847 0.634122
0.181344 0.624622
0.953551 0.649474
0.161819 0.799894
0.0129487 0.336807
0.229339 0.0672859
0.0821853 0.0406519
0.991649 0.201609
0.244157 0.385544
0.115535 0.397523
0.743042 0.447223
0.239004 0.347045
0.409254 0.229881
0.196693 0.845806
0.345586 0.191784
0.986582 0.613016
0.831471 0.175443
0.240695 0.791286
0.830629 0.394988
0.583344 0.832624
0.726798 0.806625
0.885692 0.794526
0.875353 0.889705
0.997876 0.121269
0.300454 0.0997468
0.510238 0.0240881
0.559855 0.752156
0.371679 0.988208
0.970254 0.57065
0.842058 0.309489
0.776767 0.830852
0.916397 0.602415
0.0309536 0.137316
0.39839 0.832404
0.537816 0.981832
0.657109 0.256268
0.788611 0.560073
0.071633 0.683448
0.44464 0.0670912
0.783214 0.728006
0.179685 0.293729
0.754201 0.733118
0.0767892 0.102975
0.718166 0.0293844
0.702441 0.56217
0.32861 0.475315
0.370704 0.255401
0.0840011 0.402681
0.408388 0.478336
0.236795 0.941805
0.463605 0.902168
0.215249 0.248132
0.453318 0.274173
0.918799 0.91662
0.329327 0.700929
0.64468 0.502765
0.00657159 0.393468
0.241254 0.0557709
0.52768 0.958851
0.0945612 0.212936
0.547617 0.398434
0.709089 0.919989
0.653366 0.791387
0.328294 0.0729036
0.273926 0.56139
0.0559722 0.788719
0.448088 0.213869
0.951775 0.962284
0.476661 0.910293
0.853013 0.805432
0.611071 0.492266
0.310154 0.61325
0.890849 0.53847
0.658717 0.417356
0.504759 0.74869
0.648946 0.0362048
0.159424 0.356005
0.944379 0.808103
0.158129 0.265712
0.843297 0.411787
0.836866 0.868605
0.168586 0.29301
0.102238 0.129234
0.228976 0.554461
0.0703332 0.0413632
0.36244 0.675656
0.566838 0.670913
0.291814 0.458582
0.215475 0.956256
0.877134 0.732176
0.706482 0.52853
0.752151 0.862577
0.885451 0.703977
0.672519 0.0512325
0.969374 0.537956
0.467673 0.808769
0.413857 0.629307
0.107884 0.492149
0.787376 0.346361
0.0809384 0.868214
0.41846 0.401279
0.527187 0.979905
0.112694 0.836606
0.427333 0.305349
0.779418 0.325342
0.0202255 0.482042
0.87676 0.791967
0.351654 0.739843
0.461103 0.0342029
0.776625 0.438381
0.56019 0.252066
0.24312 0.950906
0.883618 0.375811
0.476111 0.666335
0.695595 0.520708
0.510005 0.114131
0.931459 0.0485049
0.0916798 0.0127224
0.861591 0.525143
0.308762 0.640443
0.85158 0.33797
0.140064 0.705078
0.0945104 0.480205
0.43964 0.561358
0.493721 0.223015
0.0344746 0.0451222
0.459264 0.260036
0.0666499 0.346716
0.614151 0.538489
0.0298423 0.30148
0.0597952 0.544322
0.422156 0.99246
0.585497 0.515794
0.00438162 0.444596
0.0522196 0.299648
0.126531 0.917789
0.628716 0.210685
0.591959 0.734335
0.692961 0.0349863
0.314506 0.197022
0.261406 0.301896
0.281368 0.72449
0.588469 0.336355
0.102318 0.150721
0.881968 0.105211
0.487643 0.943518
0.64257 0.911849
0.934256 0.234482
0.426731 0.939558
0.67256 0.470283
0.249033 0.76739
0.365689 0.889224
0.983808 0.961833
0.62365 0.682708
0.946205 0.955597
0.885137 0.247362
0.237596 0.163783
0.961753 0.785691
0.50847 0.0454978
0.927405 0.423927
0.147474 0.449122
0.33759 0.790187
0.378918 0.271631
0.0492879 0.806348
0.215052 0.693721
0.262354 0.463941
0.463029 0.626737
0.357269 0.445611
0.586567 0.977073
0.129418 0.576056
0.90032 0.0209254
0.816702 0.127334
0.179198 0.776929
0.907314 0.700948
0.829857 0.873353
0.167765 0.899002
0.326724 0.429877
0.767334 0.685361
0.70606 0.785406
0.474993 0.918693
0.481274 0.736699
0.382995 0.94407
0.364994 0.736252
0.392664 0.951326
0.711953 0.521836
0.527809 0.613512
0.570538 0.337673
0.740489 0.728991
0.128817 0.653947
0.42718 0.957066
0.528519 0.518842
0.934093 0.851069
0.947766 0.700601
0.539117 0.657016
0.479021 0.0183595
0.576005 0.969258
0.75178 0.958818
0.91338 0.120961
0.692823 0.302501
0.0693488 0.407676
0.830934 0.59403
0.0289907 0.365074
0.93788 0.764279
0.117492 0.0474765
0.419768 0.527438
0.104588 0.994502
0.0802181 0.978319
0.800016 0.00469151
0.655213 0.332741
0.671152 0.162526
0.368707 0.234581
0.161544 0.0700232
0.199445 0.0386525
0.21814 0.888144
0.355259 0.285551
0.32213 0.165002
0.867972 0.340338
0.546831 0.827641
0.0947833 0.652875
0.89195 0.50194
0.178932 0.919352
0.441153 0.2392
0.882492 0.263056
0.236333 0.546074
0.594843 0.897706
0.697684 0.946903
0.133119 0.810057
0.0572896 0.321844
0.849056 0.277308
0.234754 0.188108
0.562229 0.529696
0.370177 0.445675
0.858258 0.91243
0.278167 0.942689
0.555092 0.177614
0.463024 0.743059
0.0974917 0.919489
0.97532 0.982432
0.183777 0.207557
0.527909 0.772592
0.122956 0.206271
0.701356 0.22662
0.074144 0.790864
0.577597 0.894596
0.0777847 0.820785
0.0871154 0.611802
0.335587 0.452133
0.079184 0.168074
0.372369 0.331727
0.139664 0.926062
0.506473 0.605146
0.673384 0.602501
0.526702 0.648988
0.584469 0.704657
0.861132 0.114577
0.477147 0.971803
0.354626 0.19204
0.218285 0.378074
0.96504 0.793495
0.27547 0.0131715
0.591235 0.361594
0.621447 0.93019
0.81555 0.675556
0.141954 0.161153
0.0239056 0.239799
0.111884 0.517376
0.858985 0.773598
0.120607 0.394833
0.436205 0.70334
0.106908 0.288294
0.815607 0.575785
0.286758 0.143803
0.77562 0.484535
0.533998 0.745292
0.280642 0.808117
0.761569 0.876805
0.172769 0.378411
0.810262 0.987514
0.103636 0.959289
0.170843 0.0742056
0.203236 0.2794
0.581194 0.0671343
0.0873018 0.720179
0.461904 0.502851
0.410923 0.557465
0.803717 0.2287
0.136231 0.0819305
0.379289 0.914268
0.562396 0.913692
0.661021 0.843716
0.714406 0.42023
0.725198 0.893729
0.79984 0.53161
0.88337 0.859436
0.458079 0.0610406
0.922704 0.658968
0.340512 0.513364
0.71457 0.410973
0.228957 0.178445
0.914419 0.628312
0.74406 0.72511
0.856822 0.881889
0.799184 0.239076
0.801578 0.373412
0.149085 0.456988
0.203062 0.867255
0.877601 0.930493
0.767004 0.677769
0.464602 0.649064
0.538487 0.92918
0.699326 0.464657
0.585984 0.0472652
0.955308 0.326385
0.436465 0.210881
0.520552 0.371262
0.831639 0.243459
0.111908 0.701547
0.116341 0.892356
0.925966 0.919559
0.278723 0.0687774
0.381192 0.468035
0.942439 0.264621
0.40256 0.715828
0.933763 0.866116
0.370419 0.468973
0.796889 0.0720686
0.906588 0.407326
0.115511 0.91433
0.697592 0.569646
0.141229 0.17531
0.947207 0.959056
0.421917 0.0581358
0.64869 0.556637
0.944532 0.569702
0.461856 0.216373
0.652139 0.853618
0.682901 0.599495
0.141524 0.0533139
0.301693 0.0627692
0.948072 0.681983
0.514092 0.749761
0.75102 0.454252
0.13523 0.864314
0.376799 0.834612
0.444637 0.499405
0.0328791 0.380786
0.47076 0.456814
0.420074 0.122346
0.0244676 0.373577
0.685535 0.495131
0.584225 0.336743
0.366449 0.272965
0.851893 0.44418
0.379809 0.254848
0.500767 0.316631
0.942233 0.0198687
0.0790817 0.714108
0.454869 0.207784
0.568048 0.848383
0.0373761 0.0117282
0.333891 0.10061
0.398952 0.815331
0.52938 0.834152
0.926157 0.54305
0.216617 0.615821
0.0805788 0.827296
0.922167 0.424039
0.122899 0.921699
0.849596 0.438426
0.158493 0.358025
0.764103 0.0993372
0.37761 0.831385
0.797496 0.845837
0.038084 0.353179
0.696903 0.0765737
0.352526 0.0767403
0.165663 0.778969
0.862882 0.663243
0.607215 0.793269
0.211017 0.817147
0.391595 0.269693
0.61996 0.36538
0.663152 0.720826
0.26686 0.522259
0.17092 0.420802
0.884094 0.93551
0.50958 0.260131
0.76933 0.321152
0.14824 0.825493
0.677801 0.808528
0.871745 0.0530149
0.859755 0.0094931
0.822063 0.72168
0.663887 0.426909
0.516687 0.888775
0.250689 0.92226
0.14955 0.883744
0.293947 0.815264
0.607487 0.561245
0.338292 0.778247
0.981255 0.225154
0.711631 0.500553
0.489164 0.477543
0.817248 0.5937
0.283851 0.494638
0.378173 0.164941
0.534064 0.262847
0.163044 0.365442
0.986065 0.832906
0.797619 0.502075
0.721757 0.0548803
0.431263 0.876365
0.934707 0.726466
0.690931 0.544538
0.291901 0.0276381
0.339757 0.266559
0.256729 0.0386341
0.775103 0.737403
0.521814 0.592043
0.334028 0.805015
0.112508 0.754149
0.953976 0.630202
0.026004 0.101037
0.0764419 1.03644
0.95139 0.797816
0.494932 0.679379
0.851251 0.926294
0.556211 0.78937
0.644932 0.238527
0.336242 0.940198
0.280568 0.660115
0.213154 0.532194
0.700823 0.987473
0.284126 0.21509
0.580405 0.60482
0.0441045 0.694187
0.341532 0.986851
0.303891 0.345776
0.115339 0.293907
0.331352 0.088387
0.135421 0.853106
0.745818 0.953449
0.762438 0.308121
0.734886 0.415153
0.545151 0.0820035
0.355586 0.829935
0.738756 0.566676
0.366336 0.437684
0.557453 0.6333
0.674797 0.150589
0.240006 0.689964
0.805583 0.580812
0.676471 0.115924
0.925194 0.786901
0.396882 0.272326
0.85105 0.509878
0.101709 0.602617
0.467834 0.863635
0.899711 0.217551
0.278858 0.451571
0.291931 0.633411
0.287068 0.0263342
0.204467 0.643665
0.471511 0.760622
0.298138 0.123281
0.894431 0.508071
0.825279 0.703507
0.0993026 0.505918
0.813773 0.0327981
0.306974 0.218337
0.320316 0.137733
0.730025 0.40525
0.738808 0.202504
0.269544 0.647578
0.419932 0.543394
0.115572 0.721263
0.181933 0.380153
0.733651 0.385645
0.0490959 0.190027
0.151354 0.298381
0.319189 0.0833432
0.822276 0.175622
0.750662 0.923803
0.677856 0.562349
0.956277 0.971648
0.788254 0.262801
0.118035 0.52747
0.663322 0.865918
0.734137 0.93072
0.503379 0.157278
0.477699 0.613966
0.860708 0.656127
0.993147 0.60014
0.0439937 0.0265189
0.813933 0.190549
0.351771 0.156637
0.246282 0.150104
0.334308 0.983027
0.0801366 0.0186431
0.541761 0.0371819
0.957692 0.350715
0.319264 0.0916706
0.862819 0.956258
0.97031 0.591741
0.88105 0.477344
0.746078 0.368545
0.103715 0.613748
0.0446312 0.0805585
0.219287 0.0706979
0.126805 0.0354756
0.256931 0.458453
0.193203 0.489518
0.613428 0.532071
0.474117 0.69365
0.54318 0.0234508
0.728775 0.534304
0.340438 0.0533367
0.626736 0.205967
0.976385 0.615652
0.818045 0.868129
0.104505 0.569253
0.244661 0.206658
0.18515 0.253399
0.315332 0.390473
0.329425 0.440581
0.423175 0.58039
0.899511 0.610967
0.0720391 0.518082
0.147463 0.54781
0.211416 0.694782
0.56973 0.940425
0.232546 0.926622
0.965247 0.877488
0.145244 0.943645
0.497775 0.965407
0.815909 0.603992
0.525852 0.0521878
0.818084 0.706665
0.330731 0.122525
0.100907 0.641086
0.575143 0.523031
0.221023 0.475653
0.144606 0.286614
0.96875 0.299933
0.840854 0.204693
0.930909 0.395692
0.151642 0.208717
0.369282 0.083732
0.0949128 0.489983
0.0527402 0.605627
0.454173 0.871311
0.202101 0.979655
0.923878 0.0226367
0.706715 0.251897
0.147307 0.787624
0.8793 0.743598
0.34186 0.0684993
0.204196 0.455062
0.404685 0.198861
0.728105 0.225795
0.398372 0.725844
0.645088 0.540686
0.944134 0.986547
0.645267 0.0487013
0.476033 0.70299
0.635021 0.930512
0.574865 0.835855
0.909891 0.486882
0.855016 0.608826
0.731381 0.043883
0.407356 0.60313
0.737333 0.723063
0.700371 0.941304
0.179532 0.093162
0.135044 0.917045
0.32415 0.535717
0.648714 0.968734
0.0751302 0.598742
0.952248 0.725292
0.620676 0.428322
0.402344 0.282813
0.347577 0.0323642
0.111119 0.26961
0.502548 0.959511
0.889307 0.241897
0.944308 0.309006
0.840396 0.703646
0.0158784 0.55533
0.649047 0.205402
0.63184 0.785601
0.119571 0.951624
0.322557 0.769324
0.890629 0.425943
0.36135 0.879516
0.126584 0.993481
0.312779 0.555606
0.264251 0.673901
0.592016 0.357767
0.953827 0.0680549
0.325286 0.844696
0.311124 0.289995
0.169224 0.114649
0.0243127 0.139697
0.682826 0.647382
0.368714 0.312813
0.43627 0.477269
0.267496 0.756319
0.263001 0.18644
0.156037 0.613932
0.0802195 0.270793
0.592374 0.382094
0.840808 0.871507
0.0598052 0.397894
0.240093 0.0135487
0.466973 0.563256
0.882911 0.782402
0.861639 0.00262192
0.907371 0.860243
0.161736 0.589285
0.509525 0.519433
0.904099 0.941455
0.0311864 0.149757
0.689364 0.249992
0.364541 0.854522
0.861 0.422522
0.13681 0.483143
0.821195 0.977418
0.355293 0.87916
0.380808 0.593551
0.89285 0.845122
0.160207 0.739548
0.609681 0.02582
0.748828 0.516084
0.882855 0.912938
0.109717 0.389394
0.427501 0.0259299
0.336319 0.443008
0.187429 0.036813
0.702521 0.548524
0.886432 0.571671
0.988145 0.0286707
0.0943025 0.826227
0.00502118 0.410867
0.677554 0.37885
0.020891 0.596354
0.23828 0.169134
0.329815 0.83896
0.198198 0.083878
0.346075 0.107434
0.757801 0.43802
0.481119 0.426833
0.479179 0.802415
0.874914 0.663463
0.833611 0.578923
0.215959 0.718304
0.164506 0.194254
0.738951 0.216807
0.0664093 0.793948
0.637339 0.699188
0.129704 0.650687
0.281506 0.356132
0.823053 0.607842
0.197786 0.0242737
0.690713 0.553002
0.109646 0.698872
0.0249505 0.580195
0.118539 0.501267
0.367759 0.99612
0.171642 0.197688
0.615146 0.372412
0.921722 0.738129
0.584046 0.668863
0.954716 0.590036
0.416793 0.592662
0.295462 0.544238
0.245546 0.573448
0.901977 0.0723283
0.185184 0.101057
0.128698 0.901766
0.656085 0.192646
0.563603 0.674326
0.754103 0.683109
0.180012 0.129787
0.673285 0.337495
0.344197 0.255432
0.6972 0.225266
0.971545 0.321201
0.923267 0.955492
0.865181 0.357074
0.541667 0.199954
0.872337 0.787441
0.779913 0.783345
0.866426 0.954698
0.883758 0.954478
0.830984 0.535114
0.142937 0.393742
0.208583 0.891526
0.0808326 0.384169
0.0742352 0.816991
0.725915 0.350976
0.0210307 0.446376
0.602286 0.0218335
0.755172 0.523884
0.968434 0.655464
0.862773 0.520828
0.892723 0.77569
0.323997 0.624831
0.524145 0.19151
0.61152 0.416857
0.1449 0.411494
0.932499 0.296313
0.807126 0.166728
0.179858 0.882769
0.54181 0.206345
0.640877 0.274196
0.553622 0.667231
0.732177 0.156835
0.682395 0.485442
0.684383 0.660154
0.145177 0.549194
0.186911 0.00670617
0.298762 0.509115
0.62717 0.831705
0.706971 0.213901
0.244777 0.838581
0.633472 0.229366
0.130156 0.428214
0.375914 0.312011
0.316653 0.918541
0.516115 0.963407
0.205024 0.0734614
0.631177 0.932056
0.235205 0.313582
0.41945 0.91167
0.975058 0.561301
0.441436 0.171788
0.567527 0.758721
0.67558 0.205733
0.60688 0.373792
0.402222 0.840082
0.219273 0.0259846
0.0491509 0.33808
0.46737 0.404375
0.660987 0.768229
0.352186 0.170435
0.729925 0.532436
0.249045 0.3618
0.473327 0.468099
0.680845 0.886949
0.387231 0.656271
0.453311 0.847421
0.822724 0.0225083
0.605806 0.49638
0.223618 0.192109
0.869614 0.615896
0.0532634 0.0653528
0.639404 0.0903277
0.420669 0.103135
0.485979 0.0985571
0.865957 0.827718
0.273391 0.593191
0.363741 0.517716
0.955494 0.827316
0.988845 0.63384
0.710336 0.379329
0.312474 0.162258
0.239096 0.110137
0.187736 0.829251
0.595611 0.406574
0.0345099 0.479507
0.0287397 0.0583033
0.570573 0.668278
0.153164 0.0120605
0.761711 0.643963
0.102285 0.627525
0.496739 0.369982
0.214288 0.82837
0.892634 0.181383
0.665183 0.889274
0.817143 0.39628
0.29227 0.0972559
0.554592 0.4992
0.223364 0.744192
0.334414 0.83708
0.155098 0.364964
0.338391 0.173489
0.437919 0.891131
0.848514 0.587348
0.895598 0.605826
0.223071 0.946936
0.237428 0.705885
0.377739 0.452152
0.530722 0.265733
0.639618 0.219246
0.156922 0.443533
0.610846 0.42868
0.544327 0.14515
0.922691 0.775142
0.884804 0.269747
0.611088 0.0448834
0.631468 0.934494
0.227038 0.0729246
0.826261 0.0715125
0.659605 0.722755
0.682766 0.893617
0.72215 0.917768
0.596687 0.0994691
0.371597 0.137607
0.347582 0.033088
0.350003 0.518371
0.449606 0.936996
0.949565 0.0058144
0.118902 0.901551
0.779177 0.964488
0.140792 0.391527
0.0605215 0.825434
0.34465 0.22203
0.840059 0.155995
0.298015 0.49972
0.877055 0.97868
0.396012 0.59605
0.898105 0.995156
0.686456 0.262277
0.134503 0.061534
0.277628 0.486989
0.576462 0.727034
0.42619 0.521519
0.72663 0.500325
0.403504 0.504878
0.469416 0.537639
0.892881 0.4606
0.327944 0.223985
0.722246 0.183137
0.38133 0.997091
0.64627 0.253798
0.977085 0.0525572
0.859535 0.874023
0.0425164 0.557714
0.161622 0.168741
0.590281 0.421701
0.67353 0.195514
0.150634 0.0985953
0.711092 0.87894
0.59225 0.115076
0.37148 0.0848646
0.645493 0.284501
0.538808 0.963597
0.507898 0.240347
0.110514 0.895682
0.234778 0.769727
0.171634 0.207966
0.819469 0.0241674
0.124463 0.88677
0.566315 0.237063
0.0694716 0.161005
0.659067 0.716438
0.368084 0.809457
0.811477 0.078802
0.679277 0.405408
0.190324 0.0805434
0.474124 0.840281
0.357374 0.0355781
0.804921 0.88799
0.250022 0.916196
0.7926 0.488815
0.691763 0.956602
0.703398 0.507875
0.975543 0.794581
0.374509 0.553464
0.0319748 0.414644
0.739104 0.690334
0.169108 0.0856288
0.499814 0.94771
0.193427 0.185352
0.358183 0.372981
0.266347 0.830155
0.214863 0.635806
0.846066 0.0207072
0.518641 0.101159
0.915119 0.342564
0.59024 0.6315
0.285706 0.292906
0.149439 0.246733
0.0906743 0.516905
0.81087 0.1245
0.93288 0.542898
0.814347 0.0724981
0.651002 0.308823
0.0612139 0.869603
0.529368 0.372565
0.213811 0.771083
0.207724 0.431264
0.393858 0.068568
0.450633 0.935815
0.152559 0.388496
0.253692 0.742164
0.0156296 0.543995
0.0625642 0.141633
0.785943 0.130884
0.68002 0.596482
0.254935 0.614814
0.142904 0.0712262
0.68782 0.805061
0.382644 0.70575
0.649514 0.886486
0.118297 0.891178
0.652947 0.284489
0.316412 0.0534535
0.343382 0.749603
0.00600289 0.491267
0.148448 0.250061
0.248777 0.159072
0.79044 0.281215
0.329207 0.575164
0.394259 0.0174818
0.174293 0.65899
0.617383 0.31781
0.728262 0.313722
0.169383 0.0805245
0.0566654 0.814644
0.998059 0.104024
0.64236 0.657716
0.39121 0.940689
0.726912 0.734878
0.691313 0.731024
0.225631 0.82638
0.775563 0.444997
0.991887 0.778913
0.743444 0.328002
0.383544 0.143056
0.335446 0.528115
0.810766 0.958069
0.849958 0.536507
0.263463 0.964943
0.64505 0.28297
0.752177 0.649115
0.391195 0.394327
0.307354 0.781222
0.316105 0.0647141
0.509758 0.0270605
0.766641 0.74632
0.887348 0.776379
0.209052 0.84989
0.536279 0.957359
0.178632 0.888324
0.105836 0.516252
0.421569 0.917754
0.464914 0.276706
0.457234 0.744094
0.268319 0.102591
0.0341163 0.00423907
0.751067 0.422875
0.381324 0.0822502
0.20488 0.732156
0.117894 0.732803
0.764096 0.864049
0.467924 0.620706
0.623237 0.682025
0.460101 0.165869
0.639793 0.659466
0.0813312 0.765452
0.173935 0.473816
0.665039 0.648653
0.745664 0.125042
0.391257 0.996646
0.231518 0.426208
0.0775089 1.03727
0.851927 0.426959
0.0620516 0.0549895
0.160126 0.134211
0.777421 0.8938
0.0411067 0.223167
0.5175 0.647161
0.926826 0.995265
0.806547 0.564107
0.656286 0.859441
0.312549 0.829671
0.331314 0.977133
0.469555 0.087402
0.138655 0.894989
0.084422 0.324211
0.315334 0.0628798
0.340893 0.142299
0.502145 0.37504
0.205444 0.610445
0.53626 0.98195
0.505634 0.5603
0.228559 0.02665
0.220824 0.148185
0.0213854 0.0171423
0.71978 0.676155
0.876216 0.036054
0.493261 0.211679
0.0757653 1.02535
0.317898 0.0960023
0.862378 0.39297
0.424448 0.166214
0.45034 0.766628
0.309308 0.926436
0.144621 0.513566
0.540517 0.681969
0.490997 0.0487508
0.243494 0.722138
0.0730845 0.451556
0.876132 0.0961053
0.467957 0.594559
0.769826 0.349366
0.622591 0.270982
0.553364 0.640759
0.257392 0.841978
0.751974 0.122525
0.224099 0.193102
0.28028 0.666144
0.961931 0.582502
0.590193 0.115735
0.128102 0.111171
0.792836 0.595261
0.18642 0.042296
0.335383 0.251592
0.472637 0.200977
0.34885 0.955833
0.79239 0.11963
0.3007 0.421841
0.394946 0.852823
0.07377 0.673812
0.698785 0.816656
0.77828 0.913128
0.0131503 0.055092
0.581255 0.980988
0.647074 0.184514
0.118314 0.760319
0.309866 0.884094
0.344953 0.495768
0.916455 0.665412
0.745231 0.411533
0.861335 0.106078
0.368225 0.652924
0.224595 0.665168
0.0779831 0.624147
0.510569 0.144692
0.289609 0.210462
0.957814 0.0580206
0.131552 0.971946
0.126936 0.723406
0.951996 0.755626
0.89141 0.0501573
0.48922 0.206268
0.932734 0.845833
0.702946 0.855225
0.521607 0.452609
0.268191 0.373303
0.559467 0.634344
0.0605288 0.801223
0.326881 0.0874716
0.400581 0.821147
0.247346 0.676029
0.0614341 0.181436
0.723928 0.167107
0.171922 0.83582
0.883679 0.135853
0.59905 0.775641
0.180524 0.105005
0.979315 0.115935
0.944092 0.679829
0.78945 0.447514
0.145737 0.225282
0.834514 0.694492
0.871805 0.863441
0.460516 0.178213
0.969207 0.878298
0.99139 0.217769
0.552487 0.0347955
0.417622 0.283724
0.203717 0.595607
0.150838 0.0759139
0.729296 0.729414
0.864269 0.908114
0.834154 0.841995
0.0553347 0.807451
0.525229 0.990546
0.243997 0.661446
0.233388 0.0801495
0.36493 0.0950897
0.940344 0.836033
0.26579 0.904166
0.708095 0.243326
0.132747 0.264815
0.297627 0.544515
0.56309 0.501061
0.151458 0.69594
0.589289 0.87091
0.430476 0.445056
0.779556 0.259851
0.296478 0.800725
0.0681533 0.838801
0.793124 0.283432
0.476664 0.0228733
0.35531 0.843858
0.123229 0.28839
0.670871 0.384216
0.209172 0.398243
0.644425 0.329634
0.674982 0.948571
0.878475 0.243685
0.44053 0.033379
0.931412 0.0418317
0.883197 0.36546
0.49186 0.671781
0.609123 0.789205
0.473794 0.643039
0.602032 0.266502
0.922121 0.10137
0.295818 0.27436
0.907578 0.429481
0.576518 0.622875
0.801238 0.780737
0.0236458 0.437638
0.132533 0.706099
0.376573 0.01469
0.934148 0.838626
0.079571 0.898251
0.879196 0.914329
0.222372 0.368584
0.587519 0.829501
0.157969 0.0669758
0.473507 0.772079
0.328394 0.394694
0.868763 0.610143
0.675581 0.810251
0.03106 0.22883
0.433481 0.804913
0.0371908 0.452589
0.260277 0.150698
0.154441 0.637395
0.154508 0.0976223
0.46045 0.184135
0.921584 0.372165
0.11624 0.152397
0.72842 0.681135
0.086283 0.935455
0.74108 0.480641
0.658603 0.0784024
0.875078 0.524044
0.681395 0.550458
0.341584 0.696456
0.815452 0.77138
0.50256 0.839523
0.230496 0.749094
0.954113 0.403136
0.366129 0.157711
0.475907 0.866458
0.334386 0.431315
0.224022 0.424936
0.610115 0.952225
0.107114 0.6191
0.843295 0.848228
0.0960283 0.503838
0.920216 0.973674
0.0362644 0.623414
0.553071 0.368136
0.30738 0.325893
0.143454 0.793185
0.170278 0.380004
0.544622 0.169263
0.769774 0.940134
0.334098 0.240658
0.806175 0.64839
0.674091 0.0400044
0.0838818 0.277051
0.982584 0.185218
0.903572 0.822814
0.0335396 0.0044674
0.327868 0.951015
0.943937 0.375898
0.555754 0.503948
0.739418 0.852699
0.834365 0.887241
0.660693 0.0138079
0.285269 0.203321
0.170721 0.0470343
0.150592 0.486605
0.286314 0.952268
0.135833 0.962714
0.988248 0.216394
0.251253 0.959988
0.372012 0.168614
0.791102 0.426358
0.17242 0.131881
0.363948 0.144192
0.489085 0.937988
0.622067 0.215054
0.792588 0.476321
0.115188 0.450606
0.504938 0.383565
0.661929 0.650628
0.427441 0.813365
0.153029 0.719054
0.773876 0.2819
0.680038 0.762708
0.489451 0.934071
0.738972 0.885166
0.0924997 0.538398
0.332456 0.252361
0.663939 0.700444
0.370863 0.164174
0.634895 0.0507383
0.385046 0.428834
0.526888 0.491615
0.883632 0.00809099
0.881886 0.537904
0.649186 0.305434
0.357779 0.794088
0.0489503 0.108264
0.0857486 0.720091
0.892605 0.552979
0.639245 0.630539
0.446961 0.732784
0.161794 0.755444
0.989245 0.829013
0.48748 0.383663
0.983692 0.10688
0.397774 0.345216
0.535158 0.956221
0.838263 0.411279
0.958496 0.74318
0.957793 0.613592
0.0610394 0.310027
0.39491 0.0955201
0.45554 0.475642
0.787313 0.353296
0.042421 0.420599
0.806486 0.470725
0.188111 0.115566
0.269145 0.142299
0.969691 0.717738
0.537977 0.957742
0.823772 0.970896
0.324828 0.356263
0.92719 0.189081
0.778372 0.888004
0.925054 0.739957
0.507385 0.983221
0.113584 0.952154
0.0622325 0.515263
0.401368 0.849556
0.852189 0.431079
0.272047 0.832607
0.88171 0.425899
0.97574 0.189507
0.581385 0.950209
0.906352 0.123804
0.905381 0.732812
0.105367 0.213634
0.0899234 0.0213832
0.414293 0.866889
0.866746 0.364048
0.591217 0.415067
0.327467 0.666768
0.337621 0.388406
0.180105 0.733071
0.242581 0.0385253
0.181789 0.513582
0.870929 0.11891
0.94591 0.846303
0.304716 0.527393
0.795552 0.213034
0.648271 0.707117
0.938339 0.739406
0.938804 0.0343927
0.758257 0.357408
0.89275 0.672686
0.693394 0.502258
0.0862369 0.0246159
0.17265 0.421264
0.416968 0.354424
0.161708 0.65146
0.395474 0.343629
0.173727 0.254896
0.44461 0.12212
0.137894 0.775058
0.641727 0.908803
0.951704 0.301725
0.616317 0.915729
0.0288252 0.565452
0.942232 0.78739
0.908032 0.843691
0.457818 0.602505
0.350982 0.541474
0.625714 0.522405
0.965944 0.0435722
0.873815 0.12984
0.682512 0.255262
0.470283 0.858117
0.526705 0.930543
0.965474 0.634032
0.694166 0.611636
0.546326 0.668322
0.900966 0.168426
0.584582 0.931522
0.715335 0.52917
0.720033 0.624855
0.39875 0.170794
0.229907 0.725257
0.722818 0.855396
0.249864 0.686237
0.895283 0.127159
0.813415 0.585694
0.391638 0.293669
0.445909 0.915842
0.215738 0.416739
0.553035 0.909623
0.050011 0.0772838
0.578358 0.932769
0.277402 0.155162
0.864911 0.979223
0.694352 0.583742
0.600134 0.0757791
0.766456 0.831146
0.797618 0.482254
0.688939 0.0544434
0.171147 0.587126
0.173798 0.981983
0.175199 0.558952
0.271737 0.621208
0.479184 0.480782
0.0409459 0.0295754
0.379181 0.0865638
0.127445 0.972772
0.00773455 0.383267
0.137604 0.861569
0.369378 0.832633
0.452524 0.97523
0.902491 0.22236
0.809185 0.700777
0.698405 0.498705
0.751648 0.870609
0.10055 0.927373
0.857197 0.268665
0.465903 0.137113
0.887298 0.95439
0.61657 0.926804
0.984117 0.016929
0.997185 0.114286
0.988479 0.0054231
0.490866 0.128787
0.869808 0.871193
0.930034 0.333417
0.847593 0.86118
0.539031 0.655989
0.554523 0.241105
0.162927 0.307097
0.123124 0.231977
0.232938 0.969897
0.511721 0.714193
0.103929 0.397811
0.669353 0.719729
0.327159 0.651777
0.73212 0.325319
0.764146 0.719436
0.339711 0.260847
0.842465 0.196438
0.152626 0.803839
0.516026 0.983758
0.661412 0.063657
0.618092 0.212009
0.294774 0.797323
0.570091 0.399987
0.0767228 0.796376
0.383296 0.554644
0.497268 0.481854
0.954298 0.166046
0.214757 0.2762
0.815583 0.937317
0.605442 0.579541
0.657836 0.930273
0.842208 0.498287
0.12375 0.980456
0.305924 0.639846
0.966019 0.970325
0.695813 0.605122
0.207274 0.980404
0.40414 0.743113
0.407065 0.444842
0.522533 0.783102
0.00664296 0.0175892
0.269886 0.952817
0.177847 0.473764
0.234065 0.94438
0.411818 0.84973
0.568854 0.0731481
0.772194 0.415698
0.572564 0.904665
0.400554 0.877833
0.575904 0.359757
0.845747 0.245575
0.97366 0.0512748
0.234047 0.376401
0.789708 0.631659
0.829891 0.324981
0.416935 0.83305
0.329319 0.685347
0.794493 0.505948
0.161779 0.0450911
0.50207 0.572826
0.888828 0.0793596
0.643468 0.669049
0.481608 0.218616
0.573982 0.896284
0.123303 0.0926842
0.263707 0.933822
0.376742 0.235451
0.984643 0.590032
0.615585 0.778963
0.228087 0.441809
0.0938077 0.648841
0.27627 0.421511
0.33401 0.0826649
0.922348 0.47901
0.109718 0.43208
0.267839 0.775428
0.509075 0.708289
0.670604 0.0162335
0.921917 0.247503
0.901537 0.0212879
0.383571 0.159123
0.955717 0.721001
0.401612 0.947647
0.29041 0.0573628
0.72552 0.541655
0.459653 0.819656
0.189855 0.731502
0.242258 0.52058
0.805145 0.173653
0.0966885 0.959788
0.600045 0.082895
0.913949 0.118788
0.786514 0.579875
0.134235 0.720521
0.824715 0.0213547
0.721368 0.181604
0.18637 0.68741
0.907271 0.581235
0.623093 0.210548
0.589666 0.364011
0.767844 0.0641795
0.183314 0.951152
0.791031 0.423504
0.478589 0.60464
0.599023 0.491953
0.509279 0.2061
0.591562 0.43175
0.321804 0.355432
0.0196139 0.434627
0.105033 0.862786
0.458803 0.800113
0.040037 0.668036
0.490023 0.935573
0.243026 0.122609
0.156001 0.823417
0.493816 0.927028
0.891758 0.683562
0.879365 0.704914
0.11 0.358622
0.304273 0.706983
0.858982 0.825923
0.894352 0.405418
0.275182 0.224563
0.784789 0.287568
0.671981 0.853
0.154082 0.102433
0.663295 0.164212
0.774147 0.144773
0.0893301 0.00619958
0.285502 0.24211
0.867816 0.786959
0.174997 0.73128
0.439735 0.0662535
0.436925 0.551643
0.422392 0.739085
0.272161 0.2742
0.557923 0.178329
0.704002 0.827808
0.409549 0.482868
0.132495 0.0523257
0.356544 0.231264
0.214034 0.972526
0.386609 0.981342
0.137171 0.476985
0.933791 0.394499
0.725703 0.824275
0.17686 0.896051
0.563062 0.626382
0.9592 0.999043
0.182567 0.379525
0.732694 0.444294
0.652985 0.298383
0.605482 0.358082
0.133072 0.0290003
0.847408 0.24715
0.122786 0.166087
0.475329 0.310474
0.178575 0.861113
0.300291 0.318576
0.358975 0.27412
0.734288 0.0710369
0.103591 0.910745
0.963347 0.664205
0.539925 0.928447
0.665807 0.721486
0.311867 0.403079
0.163976 0.966006
0.709113 0.782612
0.332006 0.840205
0.805546 0.183769
0.113406 0.929533
0.372788 0.560348
0.219134 0.555001
0.430987 0.507692
0.871493 0.76202
0.788913 0.609433
0.842477 0.892554
0.525096 0.811046
0.555504 0.0674915
0.729529 0.218816
0.787179 0.0509832
0.630497 0.95188
0.0266256 0.327977
0.733397 0.355
0.178856 0.542126
0.524765 0.262204
0.451166 0.907927
0.824077 0.668826
0.449456 0.260545
0.186059 0.336761
0.0817309 1.00545
0.953725 0.866536
0.857475 0.467985
0.670824 0.422628
0.568843 0.410272
0.64472 0.325547
0.463851 0.286554
0.283591 0.490607
0.620072 0.0232082
0.84907 0.802117
0.590415 0.371791
0.0641351 0.0135889
0.285428 0.884112
0.68352 0.75175
0.142308 0.858946
0.116401 0.144469
0.83727 0.048172
0.0569906 0.731333
0.525037 0.718203
0.125949 0.0746536
0.168598 0.789413
0.401185 0.606686
0.0739858 0.701176
0.110697 0.696061
0.701476 0.944191
0.473023 0.264859
0.32644 0.547201
0.275157 0.613071
0.436335 0.957784
0.366759 0.577768
0.820424 0.447848
0.748107 0.659452
0.5061 0.787064
0.344022 0.0596051
0.509206 0.487241
0.100835 0.646581
0.271402 0.5
0.258473 0.332735
0.185722 0.349848
0.0842967 0.92338
0.298368 0.502011
0.146246 0.622894
0.0510364 0.416975
0.236966 0.48715
0.380133 0.601293
0.0897724 0.17947
0.0959332 0.834094
0.862343 0.565919
0.598979 0.227701
0.595145 0.113228
0.714975 0.700688
0.753135 0.98507
0.20145 0.0102968
0.320117 0.382812
0.364106 0.335928
0.270342 0.655843
0.829787 0.436884
0.276498 0.885909
0.835197 0.515151
0.403248 0.225432
0.119593 0.445498
0.392997 0.18575
0.272044 0.276542
0.753863 0.862258
0.5298 0.347976
0.972432 0.220908
0.0817793 0.745955
0.213189 0.248302
0.730819 0.521377
0.63773 0.101866
0.861565 0.907347
0.748928 0.70109
0.301594 0.0661587
0.585606 0.16599
0.545427 0.971006
0.377318 0.664385
0.416952 0.79419
0.847555 0.677217
0.0724025 0.607572
0.544107 0.577399
0.948444 0.509204
0.797729 0.00682423
0.245265 0.00172913
0.254514 0.958595
0.525183 0.899099
0.0721203 0.382981
0.814786 0.815986
0.113758 0.104587
0.846622 0.678525
0.292846 0.392927
0.651921 0.668453
0.0636908 0.0423153
0.462425 0.907902
0.746473 0.534174
0.50457 0.291155
0.113312 0.46153
0.811085 0.910806
0.461824 0.0625333
0.909557 0.729993
0.0351218 0.434574
0.623962 0.112701
0.816239 0.422164
0.923788 0.913108
0.565771 0.770963
0.593977 0.857707
0.172549 0.238736
0.513929 0.224587
0.310576 0.986151
0.126079 0.0725769
0.526315 0.639644
0.356523 0.639541
0.125371 0.141781
0.55264 0.569018
0.222024 0.465473
0.312061 0.25209
0.904667 0.924794
0.361489 0.729076
0.372908 0.281807
0.643274 0.925651
0.071265 0.219871
0.781116 0.225588
0.480727 0.310896
0.444136 0.797319
0.300076 0.575095
0.864611 0.826397
0.224861 0.210919
0.463534 0.317588
0.37082 0.036305
0.88562 0.599797
0.468752 0.189757
0.867375 0.41625
0.123519 0.205244
0.118997 0.470313
0.509125 0.763451
0.397366 0.563245
0.0251266 0.156894
0.78622 0.481227
0.476561 0.233782
0.280786 0.788581
0.806868 0.143008
0.613619 0.0274331
0.348912 0.108808
0.34071 0.740709
0.115951 0.208698
0.346982 0.587613
0.393015 0.217708
0.930632 0.518847
0.418751 0.108906
0.963924 0.970223
0.868174 0.415365
0.507865 0.864298
0.563928 0.289753
0.328677 0.0949971
0.526105 0.629331
0.852591 0.344315
0.769309 0.463665
0.3808 0.119718
0.547508 0.696792
0.870233 0.647858
0.923567 0.223948
0.243354 0.336389
0.406885 0.226779
0.863218 0.859973
0.315804 0.855243
0.801271 0.182195
0.255036 0.308874
0.0780314 0.833411
0.592455 0.391915
0.875729 0.135122
0.0599196 0.763308
0.464993 0.79504
0.18686 0.814938
0.922496 0.739156
0.518615 0.796799
0.393644 0.440857
0.0245536 0.652624
0.776442 0.439406
0.843848 0.642028
0.321431 0.153081
0.492712 0.109038
0.343216 0.747114
0.415503 0.377887
0.560286 0.0254879
0.776015 0.438217
0.14072 0.794824
0.16712 0.619247
0.588684 0.357288
0.443208 0.523249
0.0973882 0.958388
0.323911 0.485431
0.408917 0.338731
0.134938 0.16363
0.780841 0.959015
0.831386 0.0845113
0.126869 0.324131
0.187954 0.46467
0.0791196 0.611078
0.852897 0.641466
0.628183 0.636249
0.118857 0.800677
0.424159 0.263682
0.386507 0.0589506
0.611775 0.844552
0.569587 0.709549
0.805347 0.891955
0.204563 0.202939
0.239682 0.308253
0.383373 0.0228857
0.283921 0.219113
0.0965835 0.391084
0.554489 0.276626
0.85735 0.636378
0.884434 0.718077
0.284124 0.516875
0.349995 0.366828
0.299764 0.789905
0.621224 0.703398
0.831877 0.236129
0.575003 0.394248
0.907593 0.372492
0.315392 0.12801
0.560942 0.527486
0.450106 0.956675
0.539409 0.721424
0.183218 0.633495
0.135517 0.752195
0.919561 0.971936
0.380862 0.808436
0.685139 0.664265
0.306622 0.0668332
0.0409367 0.647815
0.822834 0.652069
0.330977 0.656453
0.887645 0.877567
0.0933049 0.847466
0.233772 0.353735
0.964408 0.790711
0.863816 0.39931
0.740646 0.42288
0.138576 0.927651
0.0711298 0.240385
0.673736 0.976425
0.232858 0.0569188
0.785311 0.912646
0.717762 0.116828
0.944514 0.751846
0.738883 0.771374
0.389577 0.0832499
0.423675 0.294037
0.88791 0.476987
0.144678 0.15347
0.844841 0.0937342
0.96456 0.72694
0.511555 0.716449
0.151648 0.652497
0.639585 0.204978
0.885129 0.345713
0.196243 0.136662
0.375871 0.969859
0.0696384 0.0704138
0.218091 0.838374
0.854108 0.818405
0.770516 0.261486
0.885424 0.204706
0.5492 0.832731
0.688002 0.672276
0.0034275 0.550347
0.764558 0.976939
0.27165 0.272911
0.684531 0.408608
0.891782 0.365644
0.621443 0.838018
0.665239 0.806809
0.976169 0.0458711
0.778271 0.0279277
0.13987 0.854032
0.0679668 1.01252
0.680076 0.796536
0.242841 0.566028
0.991583 0.790602
0.39977 0.683314
0.481645 0.402123
0.226024 0.223233
0.390047 0.474842
0.497138 0.0836872
0.874549 0.41713
0.42555 0.508883
0.28986 0.0779913
0.334999 0.243428
0.156743 0.0749771
0.287093 0.264552
0.931454 0.314516
0.256294 0.635617
0.0983859 0.499077
0.205208 0.0977936
0.290818 0.601822
0.78361 0.752982
0.0657738 1.03055
0.941495 0.405946
0.479645 0.483001
0.504371 0.36299
0.923132 0.902559
0.877287 0.200416
0.989933 0.200452
0.428135 0.130441
0.295827 0.719769
0.363435 0.268321
0.0352581 0.669753
0.888265 0.126117
0.149554 0.09059
0.218978 0.432294
0.695377 0.998693
0.189315 0.703387
0.995381 0.172756
0.103723 0.472761
0.65908 0.583863
0.838797 0.579919
0.487001 0.717951
0.776666 0.475833
0.915073 0.227158
0.597291 0.21691
0.941559 0.988062
0.465065 0.964322
0.621935 0.350358
0.118532 0.792054
0.440955 0.309129
0.220542 0.136951
0.306106 0.395842
0.849107 0.308669
0.567529 0.954171
0.769137 0.231939
0.538763 0.612568
0.810205 0.0268547
0.331692 0.586507
0.491542 0.249417
0.807946 0.10433
0.460791 0.74937
0.0936927 0.925907
0.714167 0.725414
0.280541 0.800065
0.50113 0.72803
0.121911 0.720889
0.847827 0.405678
0.12363 0.729866
0.713363 0.674725
0.670427 0.485278
0.900233 0.218445
0.115771 0.723195
0.238779 0.43128
0.298282 0.742682
0.675049 0.115021
0.845592 0.14363
0.857416 0.937939
0.065905 0.577315
0.654944 0.345455
0.392008 0.156218
0.0763916 0.480257
0.875852 0.947952
0.891567 0.982118
0.667896 0.603933
0.649102 0.337218
0.0885211 0.56411
0.545266 0.196352
0.270694 0.792079
0.624004 0.570304
0.533047 0.300041
0.666572 0.379015
0.448323 0.531745
0.322213 0.513837
0.13765 0.943138
0.857141 0.468312
0.147435 0.939356
0.958558 0.0299724
0.891832 0.848621
0.0105903 0.576151
0.453836 0.66534
0.899996 0.537994
0.226154 0.455187
0.735604 0.496183
0.250984 0.36216
0.100669 0.802552
0.668143 0.745621
0.168421 0.120139
0.281196 0.488634
0.615277 0.384249
0.477125 0.489134
0.865643 0.622139
0.437277 0.823553
0.643486 0.323643
0.673285 0.659518
0.887508 0.130406
0.325973 0.789669
0.671891 0.551549
0.245897 0.410702
0.0489552 0.496129
0.77338 0.11911
0.28095 0.441998
0.853993 0.437066
0.54979 0.148803
0.936642 0.192598
0.557572 0.400648
0.671048 0.394355
0.0591835 0.0963324
0.222959 0.685364
0.448193 0.89468
0.351642 0.335052
0.0382289 0.699189
0.1388 0.70206
0.227222 0.370731
0.113793 0.265642
0.868374 0.880527
0.368634 0.158965
0.338712 0.253838
0.596117 0.880957
0.405028 0.529977
0.095252 0.952214
0.941636 0.749734
0.330329 0.979266
0.869913 0.549842
0.661118 0.313463
0.44021 0.0254846
0.651501 0.470474
0.68822 0.782446
0.164103 0.909457
0.162305 0.264904
0.190852 0.0288525
0.152859 0.583222
0.17036 0.4767
0.87234 0.790609
0.37463 0.243201
0.302038 0.426022
0.190261 0.23936
0.176057 0.514879
0.229557 0.0492485
0.133107 0.92724
0.367114 0.517808
0.908239 0.0245536
0.988006 0.591452
0.803848 0.159584
0.507966 0.960337
0.431374 0.69681
0.980622 0.580657
0.299505 0.144839
0.0870759 0.0963638
0.901473 0.408007
0.391516 0.226054
0.848115 0.549704
0.460794 0.0314517
0.0802871 0.711189
0.0971963 0.112436
0.607708 0.43799
0.655962 0.494382
0.459402 0.649397
0.100075 0.250648
0.808392 0.596395
0.233632 0.234461
0.311728 0.201998
0.824895 0.575482
0.362816 0.88791
0.695671 0.277854
0.326909 0.0561849
0.496031 0.160277
0.624698 0.977984
0.183251 0.689868
0.667951 0.247714
0.828561 0.263858
0.687759 0.48682
0.756193 0.15182
0.14299 0.840822
0.414548 0.948692
0.44514 0.638058
0.18875 0.737339
0.84873 0.0168311
0.335849 0.205626
0.903465 0.0246395
0.484356 0.214315
0.094748 0.00958094
0.368458 0.718234
0.982633 0.54461
0.411575 0.657978
0.802067 0.244458
0.912298 0.483659
0.730963 0.675011
0.646385 0.87073
0.516012 0.0630099
0.82037 0.965979
0.69861 0.0478219
0.706825 0.545589
0.025188 0.0290473
0.75951 0.926357
0.0635268 0.240616
0.164849 0.115932
0.265686 0.507299
0.860991 0.25588
0.0672848 0.260033
0.910493 0.86078
0.515923 0.82949
0.372734 0.243715
0.495232 0.00382571
0.118821 0.0288553
0.0953906 0.958605
0.989152 0.761414
0.943656 0.700249
0.307455 0.969276
0.729649 0.072144
0.891682 0.774694
0.308386 0.0689013
0.922998 0.587461
0.545547 0.786302
0.842515 0.600946
0.0896068 0.771166
0.46526 0.574622
0.583125 0.820891
0.824222 0.0891568
0.823106 0.942105
0.126588 0.886803
0.881032 0.110728
0.648498 0.829165
0.809366 0.958209
0.800006 0.53669
0.0476558 0.732094
0.32031 0.353267
0.716958 0.217205
0.927325 0.291533
0.0571117 0.801501
0.887623 0.0917272
0.572239 0.344771
0.676181 0.13952
0.172061 0.489125
0.209929 0.961903
0.433996 0.334963
0.866855 0.325035
0.439276 0.526627
0.151373 0.237335
0.488475 0.944863
0.784411 0.515062
0.64777 0.116346
0.875464 0.405564
0.344422 0.820531
0.657563 0.368946
0.611011 0.55633
0.441719 0.162777
0.907287 0.130853
0.300488 0.0687126
0.615616 0.498798
0.0852864 0.0536494
0.828588 0.958247
0.381685 0.263603
0.491036 0.502144
0.512512 0.977891
0.443507 0.302333
0.487782 0.0998271
0.400909 0.370356
0.480871 0.746321
0.202223 0.146337
0.156096 0.818271
0.705046 0.579154
0.953141 0.609849
0.696905 0.240164
0.69028 0.321618
0.739425 0.77293
0.3746 0.564701
0.73224 0.737067
0.831669 0.224186
0.247483 0.343944
0.200485 0.692645
0.643628 0.694412
0.792411 0.0458142
0.0728495 0.260026
0.791839 0.256862
0.422626 0.911527
0.0780136 0.104004
0.483073 0.0136662
0.734958 0.195142
0.250536 0.438024
0.524915 0.988335
0.209066 0.894104
0.55486 0.943453
0.621163 0.384953
0.161765 0.876708
0.730259 0.364472
0.614062 0.366217
0.0616466 0.361269
0.405398 0.131055
0.632723 0.209222
0.357813 0.0922148
0.125671 0.427187
0.192611 0.617115
0.438065 0.935805
0.817888 0.686814
0.37955 0.343152
0.676779 0.585452
0.253661 0.225869
0.529711 0.878427
0.620081 0.694469
0.757285 0.357071
0.0636234 0.323363
0.727422 0.121981
0.723059 0.182578
0.24229 0.338948
0.366892 0.610099
0.408189 0.487208
0.0405054 0.6177
0.107709 0.478542
0.533436 0.927928
0.164636 0.904728
0.268259 0.842046
0.496194 0.510522
0.0771147 0.0266362
0.393107 0.69568
0.734297 0.168597
0.0814232 0.794671
0.484829 0.778833
0.891614 0.191201
0.929306 0.136087
0.522227 0.293674
0.743361 0.931485
0.797531 0.778609
0.52985 0.896401
0.271959 0.0579514
0.814843 0.418165
0.971604 0.0996335
0.273343 0.46631
0.598802 0.346068
0.480887 0.00764821
0.0677946 0.188948
0.155244 0.100667
0.982036 0.637524
0.874844 0.881382
0.833852 0.800845
0.0188062 0.34318
0.126391 0.76959
0.28234 0.883425
0.538836 0.81551
0.795395 0.795316
0.877812 0.604095
0.223308 0.84536
0.702738 0.497934
0.326491 0.31194
0.856899 0.807871
0.318478 0.891973
0.0220381 0.472393
0.9912 0.0132313
0.149664 0.877652
0.8906 0.943
0.669897 0.903318
0.296713 0.769669
0.659395 0.581918
0.657978 0.203911
0.403689 0.438383
0.975595 0.289926
0.0691693 0.207272
0.153279 0.764641
0.722231 0.447922
0.0706647 0.583598
0.257631 0.394695
0.464841 0.281496
0.86258 0.451143
0.279128 0.981365
0.345384 0.170134
0.932726 0.996095
0.0948838 0.210722
0.767373 0.739953
0.802674 0.421893
0.937108 0.216454
0.868295 0.937087
0.487524 0.920398
0.16415 0.61639
0.678787 0.891758
0.0936566 0.77017
0.466399 0.321692
0.145095 0.93851
0.597998 0.0233217
0.404177 0.885921
0.0599993 0.780979
0.0921904 0.95965
0.727956 0.149601
0.170701 0.495248
0.883962 0.983555
0.918412 0.820735
0.18668 0.783001
0.759927 0.681809
0.710102 0.924078
0.300549 0.387063
0.823267 0.380144
0.146499 0.277924
0.679742 0.280839
0.238134 0.282407
0.309463 0.632631
0.176974 0.311053
0.381357 0.234154
0.277436 0.0868145
0.382141 0.429104
0.578706 0.264489
0.417216 0.508098
0.0836913 0.614783
0.299106 0.843087
0.271189 0.0373357
0.768334 0.589603
0.398958 0.583775
0.953144 0.531011
0.871675 0.640359
0.826393 0.102262
0.926577 0.139955
0.732191 0.10314
0.438579 0.108754
0.334161 0.711468
0.19634 0.708788
0.162621 0.790276
0.970457 0.553856
0.31664 0.0426857
0.168058 0.59671
0.89098 0.445841
0.607754 0.670621
0.0540005 0.00678226
0.257686 0.00907592
0.536144 0.133729
0.639665 0.367555
0.231282 0.57959
0.505696 0.965782
0.680054 0.958602
0.0665361 0.0151733
0.663899 0.253784
0.726538 0.813964
0.0625104 0.725112
0.379034 0.342136
0.754948 0.540243
0.934252 0.657146
0.00286976 0.565999
0.329213 0.0749782
0.553306 0.585702
0.0836806 0.0668695
0.716112 0.719509
0.467791 0.947093
0.295853 0.970549
0.913252 0.978633
0.933767 0.978228
0.988551 0.601423
0.240241 0.718429
0.416046 0.282834
0.41812 0.793777
0.6275 0.192911
0.337602 0.56798
0.836991 0.355432
0.141356 0.1382
0.39926 0.669116
0.746038 0.4662
0.76487 0.463588
0.194233 0.230028
0.414815 0.482136
0.216854 0.320226
0.446878 0.151723
0.305257 0.457442
0.746463 0.540494
0.188213 0.16138
0.828431 0.593964
0.8082 0.449325
0.773535 0.305354
0.029082 0.626583
0.649828 0.15448
0.767492 0.0391772
0.811963 0.514429
0.505159 0.580111
0.975582 0.688915
0.81698 0.405583
0.179139 0.0327277
0.716844 0.642231
0.171677 0.0271926
0.0997854 0.914614
0.550507 0.279938
0.0876378 0.391176
0.876612 0.0509649
0.849511 0.644825
0.346512 0.876656
0.243959 0.947854
0.0208856 0.0210217
0.060972 0.85112
0.535274 0.530876
0.415721 0.513286
0.233059 0.224465
0.87668 0.423665
0.257769 0.62571
0.044122 0.422895
0.657333 0.156111
0.363362 0.206986
0.434155 0.423516
0.598012 0.297275
0.489208 0.450236
0.946869 0.825389
0.349514 0.195065
0.818867 0.367442
0.215987 0.835174
0.182807 0.751457
0.374747 0.597433
0.273716 0.596511
0.827853 0.184333
0.998209 0.0893857
0.809447 0.0435804
0.522912 0.453376
0.182852 0.853148
0.667453 0.61243
0.302451 0.267476
0.909264 0.770336
0.72863 0.861491
0.594675 0.0629955
0.0644599 0.410326
0.414013 0.276866
0.255662 0.596153
0.0491563 0.647793
0.203014 0.309555
0.228243 0.0275725
0.484138 0.227249
0.117941 0.296762
0.268505 0.624681
0.758462 0.455149
0.497314 0.425965
0.101199 0.792624
0.702049 0.983108
0.570007 0.419485
0.84557 0.147927
0.487413 0.910383
0.559505 0.899319
0.189623 0.808262
0.48365 0.238724
0.443665 0.691852
0.551119 0.669483
0.716289 0.0521363
0.895194 0.829966
0.374644 0.157182
0.440909 0.125583
0.618253 0.940679
0.546605 0.687003
0.697445 0.230108
0.662992 0.256526
0.674982 0.51565
0.382867 0.175854
0.426979 0.969318
0.0677882 0.631728
0.782796 0.558484
0.85791 0.23213
0.253785 0.409662
0.897907 0.971403
0.458345 0.792254
0.812849 0.808488
0.94783 0.270644
0.927691 0.567416
0.199086 0.475374
0.256098 0.910438
0.724866 0.930972
0.18044 0.399604
0.449635 0.587543
0.566816 0.876242
0.559602 0.630831
0.523438 0.339162
0.193798 0.355812
0.590079 0.440629
0.767084 0.467699
0.395568 0.236292
0.273968 0.213181
0.0621344 0.194157
0.478968 0.970366
0.788901 0.677582
0.437219 0.0587363
0.59082 0.177503
0.977406 0.774986
0.595188 0.42622
0.377064 0.13246
0.307474 0.923806
0.782492 0.803637
0.270134 0.953787
0.161291 0.831247
0.408097 0.933748
0.30925 0.825342
0.160957 0.570905
0.0690669 0.180713
0.786451 0.523595
0.172182 0.576947
0.205208 0.618157
0.627965 0.801019
0.789833 0.607089
0.61132 0.354246
0.100171 0.981541
0.527323 0.341935
0.868358 0.277855
0.182488 0.109147
0.24354 0.314945
0.975177 0.641028
0.261665 0.289127
0.486147 0.407793
0.860127 0.511222
0.616292 0.650514
0.076429 0.806928
0.237292 0.242435
0.408219 0.855743
0.0724401 0.177263
0.465219 0.626033
0.562541 0.505481
0.567213 0.0678691
0.845758 0.428696
0.319034 0.0390877
0.582157 0.574074
0.323403 0.562926
0.218863 0.57371
0.854348 0.687282
0.983843 0.715697
0.206184 0.603237
0.384048 0.247827
0.394675 0.594157
0.497689 0.80201
0.453637 0.544762
0.0902165 0.967304
0.174474 0.563146
0.422399 0.746323
0.621362 0.269608
0.186544 0.959972
0.278997 0.770528
0.540723 0.601389
0.335223 0.759218
0.184548 0.184951
0.428587 0.172385
0.902679 0.655483
0.77005 0.28307
0.902632 0.168076
0.858089 0.409521
0.93611 0.338436
0.950323 0.964722
0.256916 0.117069
0.529084 0.66541
0.870249 0.160856
0.940233 0.063702
0.137645 0.203574
0.83074 0.663328
0.820787 0.168801
0.422806 0.998357
0.357145 0.873359
0.16981 0.258242
0.528114 0.931706
0.563882 0.422998
0.0944619 0.414949
0.834805 0.0600036
0.746444 0.782837
0.0705795 1.01395
0.906504 0.546041
0.65174 0.7793
0.710403 0.590032
0.843243 0.833528
0.810834 0.669891
0.500823 0.633325
0.839212 0.9251
0.648745 0.21617
0.810943 0.789985
0.460925 0.32844
0.726603 0.0481249
0.768751 0.816146
0.423004 0.591504
0.878721 0.168279
0.377252 0.904072
0.155771 0.278174
0.457437 0.800707
0.0890994 0.144349
0.392215 0.905655
0.0262424 0.180967
0.577732 0.505889
0.827845 0.437234
0.432743 0.46488
0.609443 0.235297
0.281634 0.0679197
0.557669 0.99334
0.0873954 0.308068
0.81409 0.501892
0.906295 0.697522
0.661557 0.284256
0.599605 0.817346
0.572421 0.0599205
0.618299 0.642492
0.226585 0.0129748
0.537279 0.23086
0.225982 0.121105
0.733941 0.0562201
0.534435 0.168776
0.515769 0.159901
0.395257 0.791766
0.229354 0.952046
0.787027 0.320933
0.271975 0.599724
0.815886 0.185359
0.296421 0.484571
0.473704 0.895402
0.311794 0.0421462
0.952481 0.921836
0.698343 0.189596
0.930098 0.24772
0.385345 0.15811
0.378021 0.13585
0.200492 0.906614
0.308814 0.727369
0.0830679 0.720371
0.515976 0.297192
0.65125 0.299339
0.613192 0.928945
0.891034 0.412548
0.13013 0.180878
0.915988 0.582329
0.111523 0.198112
0.634196 0.0571527
0.145033 0.324435
0.234482 0.0742195
0.573218 0.636359
0.219388 0.938822
0.771797 0.419394
0.85184 0.0905056
0.146987 0.914954
0.791937 0.667684
0.217979 0.449767
0.973046 0.830327
0.379054 0.880064
0.262682 0.492353
0.104402 0.153832
0.10224 0.154465
0.397178 0.716876
0.228619 0.536716
0.0495393 0.452881
0.609662 0.622064
0.126285 0.848558
0.563222 0.873177
0.252359 0.414422
0.925817 0.419357
0.334131 0.754306
0.0696178 0.557082
0.209163 0.0500833
0.384646 0.583099
0.920223 0.645097
0.0784196 0.00999073
0.823379 0.159154
0.195473 0.216257
0.848917 0.400216
0.759511 0.923332
0.877404 0.388132
0.545933 0.966455
0.201269 0.110091
0.832733 0.432131
0.524501 0.801784
0.853753 0.857924
0.556382 0.924314
0.410656 0.761618
0.966388 0.793569
0.345602 0.896743
0.452125 0.41519
0.90209 0.273446
0.577189 0.0973639
0.496105 0.453467
0.497525 0.246932
0.381944 0.382349
0.614893 0.927657
0.349313 0.813127
0.0604276 0.167301
0.263754 0.561204
0.99115 0.119433
0.421862 0.545059
0.0751215 0.849417
0.284216 0.052189
0.626419 0.657155
0.909563 0.0706088
0.115543 0.833665
0.333192 0.663824
0.90519 0.816073
0.122758 0.418148
0.0636127 0.506333
0.801153 0.678096
0.409857 0.16113
0.499897 0.465571
0.341599 0.756411
0.0371368 0.322675
0.863476 0.439062
0.881669 0.913879
0.298246 0.18423
0.92667 0.909291
0.852037 0.834554
0.955728 0.946811
0.644445 0.302906
0.595494 0.560455
0.143642 0.724094
0.978403 0.194686
0.218405 0.780172
0.871098 0.652558
0.897793 0.386236
0.130506 0.264902
0.1485 0.131169
0.60831 0.995583
0.60594 0.48974
0.91093 0.889425
0.682371 0.836253
0.79794 0.528556
0.672918 0.775537
0.459325 0.324288
0.0945918 0.0491327
0.882268 0.217655
0.778181 0.860855
0.402388 0.997888
0.638134 0.271016
0.652716 0.577493
0.643028 0.776865
0.88196 0.787903
0.87944 0.446104
0.759492 0.536114
0.945308 0.669784
0.428759 0.631241
0.495455 0.229521
0.173334 0.173006
0.0131277 0.652456
0.496429 0.0909733
0.671051 0.384852
0.301701 0.457257
0.252368 0.704138
0.456348 0.89638
0.981543 0.112965
0.474366 0.62341
0.868055 0.339025
0.389534 0.819254
0.788293 0.151488
0.357837 0.738402
0.837937 0.78311
0.377018 0.330035
0.00930913 0.549799
0.503478 0.0189379
0.160048 0.02214
0.133867 0.862164
0.407355 0.402313
0.30031 0.654468
0.138211 0.767276
0.545526 0.0971306
0.866894 0.0285446
0.71974 0.753374
0.374783 0.097362
0.565708 0.146356
0.258296 0.923977
0.880879 0.0859458
0.694299 0.2295
0.413542 0.732098
0.786609 0.923887
0.751876 0.944751
0.940635 0.85708
0.787913 0.352213
0.282378 0.077233
0.962317 0.396142
0.841963 0.549234
0.473214 0.707526
0.569065 0.197175
0.460803 0.930667
0.294811 0.0414332
0.0693003 0.567212
0.967406 0.951043
0.645211 0.682003
0.209479 0.0625853
0.412827 0.991318
0.982376 0.16822
0.936741 0.924426
0.058479 0.759627
0.278561 0.2884
0.808619 0.272413
0.670652 0.650525
0.818702 0.145145
0.359578 0.395431
0.335865 0.819759
0.327959 0.637322
0.854862 0.425597
0.195002 0.811878
0.351212 0.845161
0.498971 0.556831
0.904325 0.914815
0.548772 0.887665
0.0799626 0.487474
0.811622 0.107583
0.212577 0.0830423
0.388532 0.0284511
0.334435 0.09911
0.676024 0.179956
0.215013 0.0308857
0.564177 0.549411
0.848269 0.890735
0.188978 0.698867
0.291691 0.387491
0.520255 0.642559
0.234611 0.0219254
0.210547 0.133054
0.933353 0.748931
0.0258439 0.0189872
0.230475 0.831377
0.124089 0.44369
0.914326 0.513405
0.448613 0.273783
0.58581 0.136261
0.434407 0.805001
0.160154 0.994666
0.33786 0.0371527
0.889414 0.534151
0.701268 0.174415
0.927893 0.235242
0.823728 0.164823
0.251982 0.0246173
0.317476 0.178876
0.775536 0.332349
0.204417 0.0132527
0.167955 0.322346
0.441956 0.0890396
0.851983 0.915191
0.35099 0.441891
0.0799606 0.800044
0.26015 0.201079
0.780784 0.601465
0.215478 0.670577
0.142893 0.918603
0.854318 0.078001
0.15409 0.677969
0.239025 0.401298
0.702267 0.537295
0.587218 0.47902
0.855296 0.780893
0.480563 0.0312125
0.119085 0.93666
0.108346 0.971356
0.846799 0.444445
0.416688 0.904052
0.240053 0.665352
0.111546 0.0220586
0.278079 0.322812
0.682706 0.412447
0.248014 0.545966
0.513433 0.39735
0.225411 0.729765
0.802475 0.92877
0.271008 0.390227
0.387805 0.146274
0.180545 0.890745
0.169021 0.297017
0.834359 0.27708
0.278333 0.691883
0.728811 0.694323
0.596749 0.967158
0.361021 0.706995
0.981619 0.628029
0.0469776 0.7085
0.0564701 0.266242
0.226496 0.539021
0.674701 0.449244
0.271229 0.483233
0.382809 0.539128
0.862487 0.773656
0.674633 0.0656984
0.685428 0.84005
0.363091 0.51797
0.113064 0.641045
0.208056 0.835385
0.33342 0.809531
0.808314 0.692766
0.517758 0.796484
0.326868 0.549718
0.500952 0.369407
0.830953 0.701047
0.908225 0.50255
0.1667 0.17577
0.958173 0.52527
0.727349 0.869466
0.327306 0.400835
0.929348 0.0139635
0.252817 0.287873
0.55881 0.348169
0.926758 0.744119
0.205546 0.257683
0.550639 0.00872827
0.957136 0.0754777
0.804222 0.288746
0.616127 0.275758
0.650639 0.452164
0.979909 0.566021
0.966459 0.140686
0.75511 0.963486
0.670928 0.478137
0.83646 0.00268285
0.883677 0.753741
0.0349633 0.104464
0.0518127 0.54768
0.481014 0.983892
0.288492 0.678052
0.242922 0.835877
0.69022 0.218697
0.905581 0.476062
0.491275 0.532102
0.768417 0.147447
0.986903 0.749108
0.717795 0.957123
0.88011 0.459511
0.919742 0.557154
0.949905 0.756067
0.564852 0.835463
0.520115 0.576083
0.958334 0.569082
0.119671 0.441923
0.586627 0.400319
0.151406 0.819077
0.247891 0.80421
0.0353113 0.13899
0.295279 0.499604
0.696479 0.0685956
0.647302 0.687613
0.819442 0.380366
0.645339 0.701949
0.837099 0.564909
0.265021 0.789115
0.322949 0.830101
0.625925 0.844186
0.408773 0.58431
0.420772 0.524564
0.0750521 1.00569
0.933406 0.15542
0.780914 0.184381
0.952233 0.79282
0.361776 0.248424
0.302262 0.0359544
0.315065 0.939559
0.729639 0.13496
0.307885 0.37527
0.828796 0.145769
0.943087 0.0994317
0.926518 0.2715
0.924072 0.553593
0.116665 0.325676
0.146145 0.530549
0.86003 0.180061
0.508297 0.796617
0.340385 0.287023
0.958392 0.295342
0.0919214 0.31823
0.564301 0.37252
0.369843 0.850015
0.351224 0.0727022
0.971796 0.627038
0.478055 0.806969
0.766882 0.41913
0.897692 0.712213
0.690075 0.828059
0.268475 0.799852
0.162658 0.415159
0.31349 0.0566812
0.59343 0.840188
0.820818 0.919892
0.157338 0.807966
0.21351 0.212784
0.148154 0.747744
0.598977 0.499038
0.591218 0.922843
0.600234 0.568907
0.548264 0.0818308
0.381864 0.327269
0.493758 0.277853
0.0599446 0.167676
0.112833 0.296988
0.968799 0.279279
0.720433 0.323848
0.301751 0.312476
0.164663 0.118259
0.24652 0.292294
0.900544 0.425396
0.509766 0.0432803
0.185249 0.115334
0.542604 0.77409
0.0611456 0.119633
0.343623 0.588849
0.222792 0.717622
0.913723 0.724298
0.975589 0.974438
0.912924 0.108752
0.256101 0.898586
0.371897 0.98244
0.22924 0.66568
0.3003 0.390251
0.779596 0.533786
0.686225 0.69652
0.977311 0.201638
0.740275 0.157318
0.326299 0.277194
0.898372 0.369753
0.407837 0.290641
0.933157 0.647506
0.997575 0.854676
0.369374 0.994576
0.8125 0.292115
0.11805 0.0458914
0.189027 0.473811
0.0557236 0.413747
0.145636 0.348614
0.808672 0.922009
0.884772 0.48334
0.619524 0.869532
0.685059 0.357232
0.0316436 0.00864043
0.642832 0.966437
0.340071 0.103595
0.255361 0.29394
0.701575 0.229086
0.151258 0.0956087
0.238441 0.967053
0.37941 0.339351
0.0372209 0.571888
0.814111 0.092926
0.981461 0.958575
0.446921 0.790291
0.881806 0.348118
0.28568 0.497717
0.201651 0.973477
0.856273 0.243609
0.830763 0.48324
0.209984 0.339397
0.58666 0.446181
0.634082 0.280944
0.696098 0.792992
0.375699 0.934208
0.758859 0.749994
0.273817 0.793488
0.339414 0.0628919
0.880037 0.307832
0.0510202 0.323502
0.0974066 0.930259
0.661796 0.368306
0.421865 0.880163
0.366654 0.276234
0.123792 0.331823
0.782064 0.332478
0.674367 0.346758
0.778303 0.330183
0.633962 0.471735
0.117559 0.0156616
0.406156 0.874724
0.763003 0.680395
0.667979 0.0859839
0.768939 0.55319
0.374532 0.815597
0.879811 0.448743
0.738243 0.559033
0.833632 0.164087
0.42108 0.194014
0.443548 0.558551
0.512967 0.224346
0.885013 0.21408
0.573534 0.663528
0.519196 0.211788
0.136267 0.648531
0.223504 0.541931
0.522797 0.98687
0.2333 0.187249
0.22733 0.825354
0.742338 0.440523
0.808907 0.635568
0.900853 0.541894
0.19939 0.734183
0.711404 0.64132
0.921888 0.15893
0.202961 0.448328
0.350336 0.0808494
0.65766 0.950701
0.748545 0.186416
0.158579 0.886376
0.840625 0.40616
0.401504 0.34365
0.373086 0.654553
0.573825 0.428756
0.643975 0.295201
0.868396 0.448164
0.933901 0.778936
0.0342367 0.116178
0.51713 0.721786
0.773772 0.438553
0.876519 0.982755
0.888761 0.260396
0.0714093 0.551884
0.199714 0.82044
0.733466 0.367754
0.715698 0.571813
0.752886 0.149473
0.93325 0.128749
0.805137 0.483599
0.577662 0.448675
0.780817 0.436237
0.912744 0.727541
0.219423 0.923271
0.871066 0.761153
0.64878 0.644391
0.177191 0.52449
0.623305 0.0750331
0.778207 0.699887
0.615848 0.982864
0.555028 0.345019
0.365779 0.241974
0.92602 0.105875
0.393322 0.860601
0.234498 0.193706
0.347285 0.786847
0.66562 0.147269
0.226611 0.570617
0.851638 0.434966
0.497712 0.725912
0.195329 0.143377
0.372635 0.359571
0.671588 0.998125
0.437003 0.441712
0.696825 0.0516868
0.413017 0.237103
0.397116 0.782874
0.469133 0.323857
0.885031 0.865453
0.186595 0.111838
0.0635326 0.536034
0.893087 0.723622
0.677463 0.134933
0.291947 0.528574
0.56924 0.788803
0.253832 0.752447
0.930794 0.624819
0.112629 0.60891
0.623585 0.542618
0.0626252 0.313672
0.586959 0.490464
0.550934 0.984781
0.276413 0.0198919
0.328126 0.148642
0.882642 0.482848
0.268602 0.945192
0.0504884 0.140935
0.673944 0.693616
0.285649 0.958779
0.217926 0.850201
0.75229 0.47805
0.60886 0.689005
0.121211 0.732848
0.295858 0.728447
0.267678 0.352041
0.0875328 0.870969
0.842148 0.601367
0.837062 0.117386
0.634896 0.160979
0.274086 0.515737
0.639639 0.540262
0.470226 0.665683
0.717229 0.172686
0.358172 0.989922
0.106364 0.586393
0.849312 0.861632
0.0619612 0.456318
0.543519 0.16987
0.173934 0.841085
0.880752 0.427579
0.199232 0.942404
0.303877 0.0364317
0.543563 0.137366
0.170597 0.169696
0.281173 0.431868
0.695125 0.920174
0.971718 0.166942
0.587864 0.677588
0.309368 0.946015
0.659383 0.414857
0.53265 0.515843
0.280836 0.593043
0.973308 0.829946
0.760831 0.154563
0.679815 0.654859
0.597668 0.880126
0.602649 0.893729
0.921703 0.158629
0.0423291 0.0620139
0.342009 0.302839
0.508401 0.0259112
