0.286138 0.384239
0.686025 0.0569142
0.652966 0.100743
0.180561 0.323288
0.684989 0.0769419
0.353023 0.835057
0.332175 0.778329
0.0689947 0.63301
0.137766 0.934337
0.407384 0.738769
0.0697317 0.743329
0.200369 0.606367
0.755503 0.827466
0.397531 0.0822217
0.164523 0.84239
0.917224 0.430433
0.259511 0.627992
0.471202 0.812023
0.740431 0.543434
0.201893 0.493801
0.540146 0.511965
0.307059 0.869167
0.301031 0.35778
0.500557 0.443289
0.355529 0.832443
0.192519 0.399089
0.663588 0.393952
0.139629 0.425564
0.233737 0.399898
0.521771 0.355012
0.28478 0.471955
0.780436 0.56566
0.182915 0.286948
0.494011 0.843494
0.750044 0.666287
0.30632 0.299284
0.164903 0.561735
0.197258 0.4741
0.869915 0.669683
0.867126 0.299082
0.60442 0.0755389
0.675514 0.259805
0.474679 0.674884
0.692935 0.720684
0.200968 0.318266
0.114213 0.356282
0.688095 0.836582
0.912306 0.785013
0.145005 0.393446
0.639857 0.807368
0.15208 0.867563
0.174107 0.317783
0.529668 0.255806
0.710482 0.489148
0.877053 0.614832
0.765307 0.526053
0.720925 0.437627
0.757395 0.21468
0.158204 0.451766
0.876611 0.196714
0.648102 0.947865
0.532705 0.342836
0.806081 0.459184
0.17751 0.816794
0.849205 0.75464
0.675074 0.893391
0.696267 0.767275
0.185127 0.271824
0.111129 0.854674
0.709503 0.925673
0.48912 0.46501
0.455524 0.194968
0.851666 0.251998
0.453059 0.780017
0.680809 0.340103
0.171737 0.341328
0.300189 0.689901
0.667904 0.1262
0.154428 0.798156
0.917573 0.0726952
0.560653 0.637121
0.860463 0.270652
0.399376 0.0708837
0.476575 0.413637
0.890259 0.188966
0.361095 0.424838
0.657574 0.821989
0.65198 0.544176
0.275052 0.196293
0.527797 0.725565
0.383797 0.691873
0.0662163 0.693744
0.397756 0.73436
0.84332 0.558422
0.543679 0.798866
0.569207 0.088777
0.441254 0.471023
0.355502 0.821802
0.549291 0.83334
0.242818 0.489444
0.0438964 0.585752
0.901934 0.650181
0.412585 0.556729
0.212918 0.467248
0.622453 0.717286
0.17425 0.061813
0.408689 0.245656
0.717673 0.838605
0.969936 0.519771
0.359622 0.524774
0.342762 0.838811
0.637496 0.760637
0.406314 0.767434
0.607805 0.870065
0.790154 0.803765
0.407039 0.813891
0.425763 0.321003
0.491296 0.829186
0.887127 0.66413
0.300865 0.509572
0.397987 0.487615
0.516346 0.806223
0.736342 0.225997
0.621331 0.729707
0.737023 0.961303
0.248046 0.0853142
0.866627 0.884971
0.806707 0.259726
0.862314 0.415094
0.168826 0.669014
0.23566 0.576517
0.505128 0.633396
0.903857 0.906491
0.482079 0.772424
0.666595 0.784448
0.251094 0.0736445
0.257249 0.768184
0.84539 0.0964266
0.941418 0.484323
0.736602 0.737821
0.45995 0.807432
0.787547 0.336002
0.874809 0.603927
0.590806 0.74752
0.0178596 0.762198
0.428099 0.225332
0.365718 0.810263
0.854043 0.223316
0.918745 0.355714
0.0378036 0.573035
0.131026 0.30044
0.643061 0.392072
0.111291 0.506019
0.388144 0.0360075
0.933962 0.17063
0.763072 0.436725
0.150395 0.57143
0.750545 0.981997
0.159797 0.337983
0.73315 0.175505
0.177571 0.282284
0.390379 0.436551
0.150812 0.314634
0.661122 0.0395636
0.613766 0.6724
0.632826 0.73026
0.887498 0.280755
0.12682 0.966677
0.788836 0.516751
0.0378674 0.753291
0.648163 0.803994
0.181013 0.749148
0.375285 0.816556
0.750167 0.514691
0.269994 0.499921
0.660869 0.371317
0.658268 0.0511989
0.804784 0.795442
0.303202 0.471815
0.808052 0.895405
0.152075 0.459932
0.619577 0.0986786
0.715055 0.757668
0.137747 0.499638
0.268867 0.11902
0.271609 0.852143
0.896302 0.443145
0.652937 0.252362
0.360015 0.404254
0.756437 0.643934
0.89027 0.426397
0.941662 0.536954
0.46519 0.78852
0.330922 0.760235
0.269294 0.151208
0.670499 0.404211
0.591247 0.293619
0.477468 0.31649
0.0975819 0.554481
0.794814 0.321007
0.659756 0.0377028
0.22397 0.563957
0.476251 0.867564
0.789297 0.794823
0.257652 0.528027
0.464715 0.177493
0.967982 0.460695
0.718943 0.444221
0.229749 0.0780855
0.205851 0.500432
0.238097 0.851193
0.89777 0.784816
0.177543 0.387396
0.188591 0.32468
0.922761 0.88472
0.526493 0.60267
0.908014 0.750074
0.175504 0.381319
0.596656 0.928552
0.233443 0.832661
0.553752 0.645012
0.108922 0.529404
0.0995099 0.751317
0.90926 0.347557
0.810401 0.17701
0.802313 0.0879532
0.0387019 0.72071
0.790061 0.229311
0.139485 0.829409
0.443995 0.0506936
0.755809 0.966589
0.651704 0.681516
0.711779 0.816267
0.106929 0.328653
0.796299 0.262537
0.233001 0.361643
0.891348 0.279945
0.896989 0.902835
0.115619 0.822418
0.318724 0.860551
0.265054 0.269126
0.88498 0.0845038
0.861294 0.696645
0.298589 0.787841
0.590119 0.715924
0.143289 0.329821
0.703376 0.65415
0.166998 0.412287
0.476044 0.0833841
0.766568 0.278337
0.350423 0.753682
0.639818 0.22639
0.290619 0.542131
0.212909 0.345539
0.387159 0.508466
0.216302 0.4133
0.630032 0.122631
0.456668 0.497374
0.795422 0.771327
0.466288 0.394947
0.467665 0.459453
0.731363 0.173221
0.112939 0.767947
0.581048 0.582342
0.845275 0.347079
0.834829 0.176615
0.34562 0.489323
0.373046 0.613709
0.0456275 0.575732
0.939786 0.415825
0.177506 0.276977
0.792634 0.764153
0.285151 0.272875
0.254402 0.115616
0.0228931 0.705788
0.479772 0.496424
0.193583 0.248387
0.658674 0.297285
0.891286 0.268955
0.861251 0.830781
0.587401 0.723746
0.171363 0.876337
0.212608 0.404177
0.564019 0.221082
0.969958 0.515705
0.604071 0.106376
0.695823 0.426347
0.845187 0.88628
0.681743 0.0942773
0.0780615 0.713524
0.817038 0.566794
0.209259 0.840574
0.769283 0.838672
0.257273 0.773348
0.203766 0.233152
0.626966 0.670402
0.881822 0.648944
0.592965 0.0714007
0.252024 0.282638
0.271671 0.0403476
0.701411 0.898232
0.118953 0.38217
0.345721 0.793973
0.346751 0.0168404
0.150871 0.415952
0.700843 0.826467
0.971899 0.918976
0.81767 0.800696
0.77076 0.0807064
0.583888 0.835536
0.203742 0.193089
0.577417 0.0387474
0.797632 0.158272
0.168957 0.788941
0.301309 0.400696
0.873262 0.896564
0.322466 0.774811
0.337428 0.610267
0.893649 0.69706
0.625895 0.924425
0.142635 0.362702
0.800143 0.149226
0.273096 0.598497
0.880744 0.108789
0.685505 0.477273
0.937803 0.892937
0.662089 0.515409
0.935506 0.478333
0.635774 0.0550167
0.322739 0.808201
0.460829 0.170916
0.909017 0.749329
0.14241 0.290235
0.372731 0.0709402
0.906547 0.0670657
0.256962 0.232635
0.381967 0.818926
0.227017 0.637641
0.486874 0.155843
0.726611 0.177686
0.626748 0.691317
0.150363 0.308804
0.183933 0.864037
0.711432 0.820785
0.297283 0.176733
0.773246 0.50029
0.18317 0.663506
0.236403 0.323457
0.880291 0.596849
0.416789 0.810944
0.621377 0.439017
0.230994 0.846754
0.28687 0.246783
0.650218 0.769264
0.398878 0.371764
0.911944 0.0864713
0.140071 0.930441
0.292811 0.251257
0.901668 0.082702
0.274181 0.136939
0.111088 0.812219
0.502021 0.238382
0.519975 0.742078
0.562282 0.462248
0.377797 0.788113
0.392387 0.76906
0.392818 0.362532
0.852703 0.650795
0.622855 0.608937
0.433013 0.0295734
0.951378 0.380087
0.283245 0.198049
0.358924 0.338208
0.313964 0.32814
0.361315 0.390697
0.342568 0.412031
0.262522 0.828575
0.655409 0.757272
0.590009 0.224459
0.238072 0.828165
0.163885 0.573149
0.894556 0.538234
0.942154 0.899219
0.229006 0.574604
0.488341 0.667342
0.612459 0.491322
0.0432771 0.650337
0.549533 0.384279
0.974939 0.879472
0.726015 0.353889
0.239018 0.0819455
0.764497 0.492339
0.89008 0.423088
0.240132 0.483954
0.62862 0.456523
0.423861 0.79754
0.128304 0.319833
0.378874 0.759188
0.230924 0.585732
0.579048 0.718748
0.265568 0.194531
0.209649 0.29036
0.833148 0.753977
0.687459 0.849475
0.615642 0.403798
0.205182 0.846865
0.469871 0.811017
0.354913 0.346046
0.324965 0.574451
0.824742 0.910652
0.185969 0.31928
0.751927 0.0757516
0.602381 0.102056
0.0767702 0.786734
0.711356 0.632828
0.527096 0.855877
0.815336 0.734918
0.249929 0.642642
0.484402 0.835712
0.495887 0.098095
0.332857 0.65481
0.930621 0.787344
0.58769 0.30906
0.166816 0.878174
0.896679 0.925354
0.870722 0.952022
0.190148 0.635525
0.893818 0.809481
0.758462 0.0592272
0.585054 0.478369
0.676366 0.11103
0.461269 0.517367
0.831663 0.712574
0.157665 0.294541
0.646324 0.649329
0.429067 0.763248
0.313865 0.369361
0.765501 0.891972
0.695812 0.908775
0.841336 0.588865
0.875609 0.709022
0.521873 0.0776306
0.359814 0.514891
0.850936 0.147744
0.556588 0.452096
0.610502 0.256247
0.57036 0.0360814
0.74526 0.386029
0.754188 0.881512
0.681179 0.402612
0.587237 0.0710057
0.391127 0.826944
0.460926 0.167231
0.751349 0.13954
0.0974416 0.590758
0.706567 0.917919
0.296741 0.219801
0.0248536 0.636843
0.714019 0.871009
0.775652 0.293137
0.333774 0.385686
0.545204 0.853617
0.439298 0.272671
0.260767 0.198326
0.209476 0.854191
0.590769 0.740199
0.204211 0.857013
0.612 0.471049
0.124467 0.382871
0.59408 0.17914
0.895564 0.298376
0.153998 0.303695
0.506306 0.130981
0.868277 0.244052
0.0172292 0.67271
0.506467 0.350269
0.268939 0.165346
0.231515 0.513494
0.307669 0.485268
0.697075 0.506187
0.417043 0.27777
0.250251 0.435566
0.285587 0.841484
0.886551 0.367174
0.233327 0.48253
0.550293 0.179069
0.766905 0.666549
0.439341 0.26704
0.802558 0.349491
0.506933 0.828477
0.314424 0.150757
0.182839 0.13544
0.143364 0.398324
0.602435 0.359216
0.888408 0.288455
0.860579 0.298672
0.600549 0.088752
0.708984 0.813001
0.861346 0.597316
0.197425 0.217233
0.106182 0.715432
0.38778 0.833256
0.398083 0.812535
0.175298 0.251444
0.156527 0.624921
0.246729 0.301149
0.65921 0.221397
0.268787 0.682359
0.648601 0.844675
0.119542 0.509788
0.194902 0.847924
0.792925 0.760604
0.0772698 0.531314
0.592802 0.873463
0.168908 0.740428
0.16999 0.297029
0.439613 0.535734
0.191802 0.809259
0.36428 0.278595
0.112433 0.519899
0.8941 0.119547
0.711459 0.576766
0.323656 0.773966
0.29643 0.82913
0.849799 0.322252
0.424667 0.0288419
0.250119 0.23879
0.766693 0.282619
0.777917 0.345814
0.281392 0.809028
0.127882 0.425338
0.212439 0.543609
0.931205 0.369761
0.39672 0.333281
0.636007 0.463582
0.84162 0.56082
0.540809 0.557372
0.179961 0.799828
0.527428 0.395399
0.762894 0.382871
0.71889 0.19023
0.421912 0.782375
0.431834 0.176186
0.249098 0.206148
0.484137 0.510174
0.165528 0.588225
0.92908 0.357909
0.148585 0.85461
0.709777 0.520733
0.244602 0.330021
0.908015 0.15895
0.869815 0.525079
0.638698 0.0225505
0.362341 0.175949
0.422226 0.129375
0.576624 0.118368
0.332044 0.797316
0.0996925 0.707853
0.118645 0.346807
0.90045 0.606981
0.82711 0.0659401
0.185423 0.762527
0.409199 0.290451
0.662644 0.115989
0.80834 0.907712
0.451328 0.774456
0.15031 0.329224
0.289321 0.638888
0.358464 0.653772
0.833453 0.772115
0.776452 0.395535
0.888549 0.10588
0.319477 0.0119652
0.804993 0.463776
0.34842 0.725575
0.222525 0.293775
0.788129 0.246467
0.876196 0.2085
0.531087 0.616891
0.318601 0.344362
0.533185 0.761668
0.156026 0.555561
0.138551 0.42932
0.21633 0.473037
0.261252 0.152007
0.27413 0.842036
0.423766 0.153401
0.900855 0.770481
0.143199 0.758316
0.209833 0.485278
0.49234 0.260663
0.673612 0.296981
0.511165 0.590883
0.497752 0.0308578
0.240502 0.809478
0.368615 0.762868
0.576056 0.492203
0.296124 0.665289
0.897484 0.520004
0.138986 0.9212
0.522874 0.390527
0.838878 0.913158
0.532905 0.805169
0.693865 0.679977
0.587056 0.848719
0.163973 0.131304
0.157106 0.817609
0.341532 0.636514
0.436055 0.844198
0.682055 0.678431
0.642975 0.0530277
0.433074 0.21554
0.539498 0.741727
0.899796 0.466548
0.220254 0.0737637
0.442032 0.752609
0.438731 0.288322
0.695969 0.937508
0.100896 0.397307
0.641471 0.650854
0.271711 0.789463
0.70656 0.431855
0.613644 0.0649638
0.261637 0.177764
0.88516 0.744632
0.726243 0.545703
0.784352 0.165252
0.760549 0.339487
0.874922 0.660231
0.767082 0.139555
0.698072 0.218775
0.876598 0.146933
0.479197 0.585322
0.11837 0.606252
0.928639 0.754365
0.251261 0.245782
0.544901 0.857651
0.660606 0.155006
0.0185531 0.732907
0.231523 0.835893
0.495701 0.850764
0.435299 0.274335
0.206194 0.304272
0.60155 0.906964
0.844381 0.397238
0.129904 0.565728
0.594382 0.909445
0.683271 0.119457
0.561621 0.788806
0.717185 0.532807
0.537016 0.850452
0.750549 0.0662965
0.914164 0.450139
0.229989 0.855495
0.179346 0.40548
0.820324 0.654564
0.319061 0.249234
0.905673 0.40673
0.429723 0.525374
0.350323 0.289548
0.92153 0.462299
0.863346 0.536149
0.418859 0.541246
0.637579 0.933244
0.327633 0.355864
0.497898 0.849955
0.310972 0.260125
0.876556 0.241732
0.687816 0.123734
0.185493 0.820498
0.531012 0.83673
0.525369 0.83951
0.206011 0.459088
0.21159 0.624355
0.923653 0.544157
0.926439 0.930548
0.0318143 0.786987
0.449138 0.43156
0.317878 0.0946424
0.389612 0.644764
0.456918 0.845424
0.503826 0.753653
0.166985 0.427595
0.969496 0.862535
0.549656 0.0945939
0.698448 0.0554981
0.18906 0.343332
0.875306 0.246872
0.683296 0.1129
0.905886 0.680869
0.702619 0.842139
0.604465 0.69186
0.626666 0.060769
0.143722 0.921452
0.151963 0.5235
0.605733 0.587878
0.427153 0.130138
0.329343 0.560195
0.534882 0.312386
0.429748 0.072196
0.426511 0.152825
0.173438 0.479002
0.401884 0.758498
0.718307 0.073434
0.098882 0.632335
0.748591 0.781748
0.467086 0.358882
0.473401 0.102906
0.395438 0.584004
0.0970513 0.539266
0.110863 0.659744
0.14308 0.528621
0.79143 0.482896
0.114779 0.323945
0.80077 0.535013
0.384851 0.2026
0.6727 0.503876
0.676191 0.0453422
0.482843 0.408681
0.149034 0.594836
0.112386 0.84101
0.343613 0.497621
0.22192 0.80997
0.590239 0.614609
0.38592 0.624641
0.174099 0.510129
0.305639 0.301093
0.2629 0.224213
0.770672 0.155179
0.401063 0.558498
0.680675 0.801751
0.772558 0.351921
0.285897 0.450112
0.386318 0.756698
0.87109 0.512503
0.332241 0.870128
0.36098 0.672668
0.363555 0.568364
0.500738 0.843681
0.239766 0.835032
0.606983 0.359105
0.414783 0.804203
0.658261 0.445885
0.956713 0.452919
0.579583 0.407584
0.174692 0.290428
0.194471 0.757802
0.593376 0.474062
0.211589 0.827016
0.231517 0.0924086
0.480018 0.554006
0.936911 0.851639
0.25451 0.312998
0.426032 0.737706
0.276641 0.608036
0.652743 0.856738
0.917709 0.0931111
0.803833 0.653248
0.462882 0.790437
0.246609 0.158253
0.204212 0.131446
0.290587 0.390556
0.850774 0.875173
0.848541 0.0853199
0.845972 0.102665
0.15642 0.353541
0.66221 0.0966195
0.219295 0.851135
0.389713 0.613488
0.669782 0.695596
0.251484 0.288104
0.579209 0.243929
0.318504 0.377724
0.894478 0.773289
0.16699 0.890778
0.804913 0.368749
0.222809 0.218075
0.755812 0.924181
0.869998 0.563674
0.0995999 0.842621
0.705794 0.174017
0.204412 0.385142
0.253996 0.395282
0.290729 0.642452
0.214578 0.862451
0.347701 0.260511
0.286331 0.823883
0.478557 0.57354
0.304912 0.390075
0.354662 0.479936
0.377556 0.172679
0.844625 0.466826
0.263828 0.571202
0.402224 0.260263
0.217874 0.428985
0.149446 0.872491
0.596871 0.31503
0.299542 0.846867
0.720799 0.60489
0.511752 0.720321
0.588673 0.818827
0.949675 0.860499
0.79267 0.489067
0.416182 0.0868591
0.868971 0.761747
0.561076 0.239254
0.923977 0.419188
0.705357 0.221646
0.290306 0.25863
0.468085 0.211854
0.520658 0.602853
0.165223 0.201798
0.922373 0.45533
0.852048 0.582096
0.100739 0.484459
0.347493 0.58662
0.352126 0.345715
0.448953 0.145651
0.802442 0.836506
0.211261 0.683157
0.629307 0.789422
0.906555 0.554937
0.174854 0.640592
0.778565 0.202024
0.761797 0.279144
0.408961 0.298169
0.835556 0.53731
0.440264 0.805168
0.959585 0.436763
0.434663 0.0137778
0.908639 0.79576
0.612801 0.272287
0.175928 0.145125
0.424075 0.778114
0.896542 0.629363
0.662637 0.539853
0.391261 0.599059
0.123114 0.610694
0.292068 0.857298
0.763538 0.0796098
0.18863 0.227233
0.311696 0.0598321
0.73178 0.767266
0.853851 0.707555
0.17426 0.277301
0.709764 0.0948036
0.0937046 0.341151
0.3521 0.228312
0.377577 0.752536
0.193371 0.277606
0.375345 0.813103
0.820954 0.791817
0.468571 0.832217
0.361261 0.712945
0.798201 0.169669
0.730051 0.957097
0.33327 0.0560609
0.293841 0.21566
0.797927 0.850828
0.769746 0.970928
0.165923 0.488531
0.17634 0.344207
0.817048 0.430233
0.459345 0.18836
0.167947 0.644445
0.459437 0.559495
0.509712 0.31583
0.364865 0.778937
0.223422 0.698296
0.673339 0.0347417
0.850985 0.431888
0.216577 0.307826
0.475262 0.039794
0.275116 0.285154
0.87491 0.093621
0.256059 0.0814083
0.542531 0.332271
0.302577 0.373857
0.754649 0.784284
0.599168 0.88015
0.429822 0.078804
0.492786 0.83558
0.392403 0.809918
0.893753 0.623089
0.514848 0.57858
0.654026 0.397856
0.863524 0.616343
0.598206 0.467774
0.688006 0.873509
0.763155 0.6186
0.918433 0.085534
0.664503 0.482396
0.365082 0.781187
0.836062 0.107335
0.73348 0.438726
0.248724 0.287652
0.499168 0.528543
0.134821 0.838847
0.357014 0.753844
0.513898 0.86519
0.581038 0.163128
0.24504 0.544671
0.815179 0.831819
0.0920112 0.528445
0.72964 0.800151
0.141281 0.652241
0.799169 0.821552
0.168216 0.212476
0.766883 0.968781
0.244439 0.513651
0.412511 0.268261
0.682865 0.902379
0.786143 0.784337
0.799961 0.138511
0.764285 0.326942
0.93449 0.36099
0.479995 0.240567
0.910057 0.316454
0.123444 0.917479
0.830962 0.815783
0.739876 0.973914
0.449498 0.550796
0.793241 0.626196
0.700851 0.571628
0.624745 0.894927
0.267531 0.149813
0.206609 0.734097
0.883557 0.90649
0.508416 0.749602
0.126127 0.307781
0.234422 0.222778
0.626317 0.552904
0.353193 0.540552
0.861825 0.452615
0.500944 0.717844
0.294326 0.245643
0.703334 0.78386
0.799607 0.501982
0.402686 0.490709
0.29202 0.137145
0.428308 0.149271
0.0397708 0.611535
0.882701 0.915511
0.614266 0.40595
0.722026 0.748802
0.690296 0.807791
0.84236 0.29549
0.34167 0.192063
0.837869 0.211461
0.643146 0.346551
0.9002 0.927095
0.58223 0.627789
0.70277 0.382124
0.192917 0.190857
0.835412 0.19053
0.128766 0.320509
0.326116 0.134563
0.868384 0.233598
0.155914 0.545856
0.617289 0.828304
0.259087 0.279586
0.607384 0.109187
0.574354 0.903781
0.294544 0.425637
0.191845 0.855867
0.747124 0.104841
0.858191 0.346363
0.731773 0.57619
0.691669 0.833143
0.684683 0.580389
0.0431536 0.776107
0.843293 0.352595
0.913555 0.746219
0.553045 0.018196
0.277934 0.168166
0.866658 0.540504
0.445093 0.458265
0.622749 0.0410545
0.439243 0.813785
0.449178 0.569672
0.828145 0.213921
0.691779 0.731477
0.545573 0.407236
0.290608 0.263439
0.261799 0.805693
0.838331 0.262023
0.739264 0.696696
0.628436 0.645299
0.457164 0.196606
0.671531 0.716974
0.349716 0.507774
0.241037 0.785383
0.964909 0.881659
0.813465 0.404669
0.7881 0.280108
0.854364 0.596352
0.470361 0.678213
0.357562 0.0235841
0.0847118 0.658827
0.290642 0.329178
0.640883 0.109055
0.607595 0.352687
0.805958 0.23916
0.18458 0.288
0.402723 0.656478
0.907323 0.776416
0.200767 0.21455
0.561272 0.14677
0.118838 0.348456
0.566068 0.828362
0.631066 0.558741
0.504833 0.105488
0.271623 0.834649
0.136969 0.313837
0.518417 0.417346
0.633988 0.144579
0.537557 0.244717
0.480513 0.350643
0.47583 0.493273
0.618576 0.848634
0.163943 0.546203
0.649381 0.344061
0.734704 0.20029
0.508636 0.794014
0.577497 0.047103
0.643896 0.190615
0.634104 0.115057
0.281268 0.837965
0.960933 0.424631
0.162903 0.50246
0.817135 0.774616
0.640474 0.365583
0.257404 0.252482
0.723521 0.532639
0.616942 0.30583
0.412677 0.76692
0.836373 0.0698991
0.134974 0.603513
0.230219 0.590716
0.382463 0.811997
0.667272 0.0139767
0.921028 0.291634
0.143352 0.283531
0.180075 0.2084
0.684767 0.273397
0.63311 0.51568
0.148401 0.313338
0.863833 0.108334
0.388904 0.582831
0.612668 0.0250022
0.888467 0.0700353
0.80676 0.760824
0.12351 0.840474
0.337188 0.340894
0.517185 0.713445
0.166549 0.232184
0.717733 0.13674
0.481483 0.861744
0.390966 0.56914
0.922303 0.131495
0.868839 0.642992
0.613808 0.852167
0.902371 0.481404
0.926906 0.320723
0.0734477 0.609186
0.340117 0.796993
0.628354 0.112527
0.710388 0.738856
0.914885 0.103401
0.133334 0.512943
0.745186 0.223831
0.689389 0.481223
0.348675 0.15686
0.342392 0.740953
0.739374 0.350564
0.840704 0.580709
0.945759 0.424434
0.493651 0.844324
0.86931 0.464957
0.213184 0.849481
0.142874 0.507009
0.875556 0.722102
0.596686 0.574882
0.459212 0.574222
0.614527 0.531782
0.108342 0.364998
0.748239 0.800913
0.821332 0.10853
0.889851 0.169908
0.845802 0.682202
0.510843 0.657751
0.255755 0.494169
0.0634841 0.720404
0.394499 0.804261
0.201509 0.55422
0.846159 0.275156
0.0624195 0.729407
0.01234 0.641156
0.303025 0.462952
0.283945 0.836507
0.947518 0.367221
0.277506 0.730517
0.185414 0.178961
0.822384 0.104217
0.26933 0.656507
0.771688 0.805189
0.317256 0.0324121
0.287214 0.387001
0.737967 0.660914
0.345979 0.806269
0.213743 0.190854
0.22394 0.262106
0.873152 0.246687
0.890335 0.238374
0.686378 0.177763
0.126532 0.670638
0.525874 0.40265
0.40784 0.665717
0.505135 0.247284
0.771024 0.793446
0.900018 0.550191
0.574685 0.249089
0.564778 0.823749
0.634441 0.298791
0.522627 0.840704
0.230887 0.697375
0.157452 0.477408
0.899017 0.0945729
0.695606 0.889334
0.253513 0.37488
0.124069 0.38052
0.0767991 0.591928
0.779133 0.475094
0.268241 0.289009
0.689444 0.0586427
0.0826291 0.639462
0.570341 0.650051
0.863635 0.131152
0.502224 0.51948
0.421827 0.0166349
0.458093 0.652277
0.738515 0.603289
0.124483 0.698452
0.640525 0.810374
0.626267 0.837475
0.166648 0.650689
0.266727 0.236261
0.245496 0.0636422
0.696989 0.538602
0.336358 0.404188
0.555046 0.403586
0.26054 0.260291
0.169918 0.836815
0.257204 0.543949
0.415218 0.662119
0.601029 0.845214
0.322511 0.301155
0.47955 0.443087
0.293844 0.25615
0.216979 0.572848
0.972808 0.42877
0.271056 0.257571
0.640986 0.537918
0.30284 0.330298
0.0673879 0.632897
0.742974 0.631585
0.0504931 0.769303
0.736127 0.106977
0.675782 0.954455
0.639891 0.120802
0.667705 0.234441
0.5 0.5
0.526419 0.485689
0.432099 0.534082
0.601807 0.664572
0.130262 0.579385
0.117714 0.404506
0.851643 0.722544
0.902096 0.157552
0.148491 0.937701
0.791653 0.797175
0.616964 0.824225
0.552038 0.352594
0.868574 0.235149
0.335689 0.560246
0.332327 0.017999
0.801736 0.336219
0.927261 0.340363
0.814549 0.431354
0.84066 0.426719
0.112468 0.940492
0.256653 0.305381
0.378495 0.834065
0.879902 0.312757
0.178287 0.872216
0.304596 0.808782
0.708372 0.896787
0.628241 0.268627
0.263246 0.54645
0.500121 0.58351
0.173141 0.79905
0.637921 0.873783
0.18412 0.596587
0.226091 0.0462626
0.26946 0.228903
0.448377 0.136798
0.136807 0.463564
0.288897 0.480994
0.321793 0.180416
0.784227 0.348695
0.216995 0.17834
0.148727 0.815748
0.905178 0.802259
0.177869 0.336206
0.31312 0.557683
0.838727 0.45407
0.426392 0.467733
0.350205 0.598946
0.0930521 0.609569
0.619218 0.121258
0.696724 0.077004
0.232471 0.782655
0.522506 0.527053
0.285865 0.834518
0.688323 0.0295241
0.197148 0.793433
0.116176 0.335896
0.605917 0.10597
0.111304 0.691489
0.336823 0.425989
0.275566 0.18997
0.878091 0.700004
0.655712 0.238245
0.310048 0.720145
0.827633 0.928113
0.863967 0.55882
0.306579 0.209054
0.328235 0.521692
0.573103 0.569564
0.388198 0.268112
0.596196 0.570807
0.067143 0.706566
0.913286 0.67811
0.787957 0.0943533
0.3926 0.148285
0.427736 0.647233
0.331088 0.303666
0.378989 0.772062
0.536395 0.668671
0.701508 0.386257
0.608659 0.526568
0.895598 0.614183
0.589183 0.242545
0.165991 0.200609
0.832611 0.553461
0.426703 0.411612
0.181987 0.513309
0.222071 0.147821
0.208018 0.847121
0.0845524 0.554248
0.130866 0.480912
0.222982 0.403368
0.797048 0.577481
0.368487 0.312599
0.230761 0.0993239
0.695737 0.861413
0.600821 0.612132
0.442104 0.173621
0.886398 0.634743
0.342654 0.653791
0.173534 0.776006
0.123738 0.308177
0.282522 0.188488
0.323201 0.459234
0.110155 0.369632
0.256523 0.298538
0.833246 0.242593
0.55944 0.616257
0.801635 0.928945
0.891213 0.0679659
0.0178442 0.624572
0.878243 0.615537
0.255205 0.339979
0.793746 0.12515
0.916359 0.184237
0.764251 0.147177
0.932636 0.840248
0.424655 0.214305
0.0299638 0.759483
0.65948 0.129703
0.11803 0.686206
0.316335 0.794589
0.913885 0.869278
0.578283 0.73313
0.815715 0.508967
0.768071 0.837749
0.150469 0.642296
0.436715 0.409414
0.891622 0.273554
0.526416 0.853767
0.393392 0.287754
0.106936 0.331968
0.14527 0.536313
0.557599 0.134019
0.288732 0.214185
0.277364 0.403578
0.879196 0.553272
0.35517 0.813916
0.449149 0.816365
0.548758 0.230337
0.43355 0.337592
0.0844871 0.588687
0.948727 0.503303
0.5 0.5
0.730429 0.524425
0.936757 0.131065
0.783945 0.0587576
0.464344 0.811649
0.592047 0.880451
0.136577 0.822577
0.197445 0.360044
0.251715 0.112973
0.900518 0.613952
0.904309 0.350906
0.536665 0.466153
0.579369 0.887165
0.786035 0.632257
0.564729 0.770441
0.146427 0.582843
0.734303 0.834385
0.0805961 0.698676
0.949358 0.888461
0.738039 0.418884
0.809196 0.307065
0.414028 0.833485
0.155046 0.576888
0.240282 0.419843
0.667099 0.153408
0.0604635 0.571272
0.456818 0.566222
0.271393 0.20448
0.542457 0.83732
0.690032 0.104026
0.618973 0.819479
0.660952 0.368175
0.66037 0.742413
0.0667076 0.621017
0.624051 0.795411
0.158639 0.416663
0.129814 0.437312
0.313888 0.253911
0.0560916 0.53171
0.67874 0.686245
0.70174 0.70724
0.267863 0.204348
0.253456 0.300075
0.264828 0.780061
0.155854 0.93525
0.886386 0.740641
0.796307 0.552887
0.15222 0.439183
0.291764 0.151859
0.157305 0.830825
0.907334 0.127586
0.329861 0.0411634
0.512002 0.654136
0.295222 0.532917
0.227087 0.847116
0.225412 0.828788
0.650542 0.461891
0.127211 0.849845
0.759067 0.370315
0.686877 0.886731
0.312106 0.563651
0.619234 0.109295
0.139377 0.726321
0.537456 0.424531
0.881571 0.594979
0.33327 0.818977
0.691496 0.68079
0.827225 0.206199
0.324481 0.140014
0.728405 0.534611
0.132639 0.858842
0.426895 0.747205
0.372159 0.522375
0.649745 0.128687
0.872956 0.356204
0.219432 0.305909
0.873798 0.64241
0.293899 0.0679997
0.370655 0.798046
0.483971 0.256009
0.440077 0.814364
0.220857 0.233471
0.488409 0.841013
0.327632 0.795848
0.263623 0.1682
0.327021 0.172911
0.905406 0.765801
0.909492 0.326289
0.279042 0.53884
0.457444 0.176908
0.926741 0.474029
0.387845 0.817359
0.0966343 0.66734
0.919077 0.501699
0.506813 0.40926
0.734297 0.91494
0.227479 0.811405
0.0632193 0.697133
0.748297 0.391218
0.510422 0.810423
0.427271 0.83021
0.953369 0.388972
0.616949 0.872078
0.679639 0.859282
0.501603 0.142013
0.16397 0.411475
0.596223 0.402507
0.27541 0.679805
0.210304 0.315665
0.178704 0.575391
0.632873 0.852574
0.511619 0.835049
0.721777 0.573974
0.527863 0.45791
0.880882 0.0836042
0.271241 0.383605
0.85574 0.251141
0.754475 0.459629
0.193418 0.486259
0.30551 0.646236
0.59435 0.339253
0.190837 0.292401
0.748547 0.376782
0.873661 0.797981
0.566958 0.0570833
0.377603 0.177873
0.934977 0.894814
0.0230879 0.656921
0.429661 0.534714
0.127385 0.409998
0.585142 0.388772
0.779462 0.455804
0.650668 0.548139
0.883801 0.809745
0.885788 0.238211
0.476817 0.55681
0.537497 0.563086
0.772197 0.29373
0.888399 0.652125
0.151889 0.506185
0.713255 0.475725
0.686643 0.673127
0.342477 0.689215
0.331583 0.802203
0.25479 0.454884
0.248819 0.830898
0.832271 0.885028
0.281531 0.492679
0.541196 0.161241
0.302004 0.537681
0.374947 0.76615
0.13527 0.870345
0.327814 0.85543
0.2074 0.249038
0.532263 0.294985
0.749057 0.250139
0.75552 0.443418
0.911061 0.112535
0.160925 0.297087
0.90387 0.391042
0.680643 0.134846
0.215417 0.525414
0.185899 0.51397
0.00814373 0.644074
0.672973 0.307771
0.173041 0.0974952
0.130788 0.313846
0.939999 0.40843
0.177418 0.209021
0.647216 0.710032
0.464036 0.398353
0.898936 0.236705
0.810055 0.847184
0.360337 0.795675
0.15139 0.319762
0.335235 0.792859
0.380356 0.54152
0.317046 0.513824
0.110319 0.295218
0.162341 0.701169
0.611397 0.336412
0.752002 0.683844
0.626481 0.719135
0.0922288 0.769021
0.892434 0.713904
0.49402 0.358914
0.161926 0.447835
0.601536 0.878109
0.339047 0.822371
0.873081 0.433122
0.216446 0.240053
0.216722 0.564666
0.764274 0.53086
0.0904204 0.780471
0.837436 0.251313
0.501684 0.448338
0.571874 0.253828
0.168756 0.261324
0.88712 0.217675
0.973957 0.881232
0.902172 0.504694
0.197718 0.0556196
0.923961 0.802841
0.888102 0.255793
0.703833 0.83282
0.686063 0.876568
0.120241 0.835055
0.466474 0.785195
0.394131 0.531934
0.593154 0.238135
0.75578 0.105206
0.686222 0.353948
0.343902 0.810517
0.529958 0.316355
0.0718907 0.506227
0.196526 0.844801
0.15854 0.371567
0.915682 0.946879
0.220755 0.845898
0.216942 0.827436
0.685628 0.834601
0.796402 0.768879
0.710005 0.26159
0.561621 0.0971383
0.779312 0.143938
0.342851 0.548919
0.202588 0.0555825
0.873247 0.556087
0.821736 0.443825
0.866627 0.839225
0.882794 0.0994059
0.760732 0.952688
0.423834 0.697344
0.899546 0.623873
0.610002 0.0742618
0.512813 0.299598
0.899049 0.333244
0.0584148 0.640012
0.560475 0.5923
0.753939 0.365523
0.713994 0.0954993
0.889198 0.94528
0.117846 0.787848
0.520941 0.83048
0.235392 0.384466
0.770567 0.200488
0.417062 0.535684
0.194075 0.838532
0.246547 0.0929361
0.479377 0.832573
0.155596 0.904471
0.183509 0.161404
0.301852 0.202004
0.715899 0.851118
0.794721 0.493577
0.221964 0.515532
0.59298 0.113626
0.445325 0.671534
0.900865 0.958051
0.624848 0.168144
0.342558 0.401747
0.360227 0.766872
0.932929 0.55813
0.634368 0.21537
0.611131 0.0891036
0.0479809 0.74414
0.185229 0.279752
0.82837 0.400762
0.374675 0.564198
0.264261 0.176252
0.119635 0.486364
0.685611 0.640085
0.628576 0.116829
0.322513 0.526991
0.120549 0.872681
0.700424 0.440415
0.329403 0.0670381
0.201011 0.283295
0.594865 0.841823
0.462288 0.148521
0.922337 0.559146
0.88767 0.0824057
0.710884 0.764284
0.430361 0.0893926
0.322445 0.674422
0.250417 0.382395
0.18957 0.85
0.0214749 0.773014
0.0961102 0.307457
0.307466 0.147599
0.229994 0.0335853
0.565289 0.57655
0.0857822 0.748678
0.862635 0.665417
0.600304 0.330205
0.858493 0.561808
0.852198 0.744213
0.572185 0.56121
0.509478 0.0500735
0.663293 0.826102
0.688124 0.891562
0.251799 0.859809
0.809278 0.229857
0.659902 0.840762
0.548137 0.872972
0.0298758 0.785132
0.902408 0.56878
0.34956 0.0129235
0.354661 0.223114
0.666386 0.940926
0.561744 0.484055
0.493204 0.414216
0.232544 0.0978222
0.929131 0.759777
0.0887161 0.625896
0.559806 0.772887
0.51728 0.753263
0.63341 0.33396
0.917751 0.265138
0.204116 0.510686
0.215907 0.229267
0.298649 0.133006
0.797898 0.658402
0.14902 0.217466
0.875272 0.809716
0.149339 0.446125
0.292991 0.581177
0.844848 0.548971
0.68701 0.841972
0.279848 0.752783
0.451296 0.843608
0.539383 0.850402
0.608928 0.150966
0.288697 0.542889
0.422887 0.497487
0.103592 0.619675
0.712504 0.388474
0.741559 0.519837
0.135829 0.836002
0.676197 0.898524
0.702889 0.775187
0.345384 0.0110818
0.37114 0.211516
0.57326 0.0396372
0.0946399 0.809125
0.817242 0.494637
0.673556 0.337939
0.452391 0.262224
0.489826 0.747172
0.832393 0.8956
0.272376 0.829767
0.521421 0.841842
0.307782 0.247038
0.456087 0.360203
0.178905 0.186726
0.280921 0.814495
0.866554 0.63659
0.825508 0.242011
0.839215 0.400662
0.338143 0.863508
0.224669 0.131781
0.408471 0.826191
0.44534 0.844432
0.183828 0.853972
0.583483 0.0170737
0.812125 0.811892
0.918584 0.344619
0.779075 0.245341
0.59257 0.25353
0.590392 0.722309
0.382484 0.820287
0.560138 0.240315
0.493993 0.399884
0.499825 0.343405
0.794323 0.824147
0.216024 0.0410318
0.897151 0.624995
0.894287 0.359825
0.472399 0.0628749
0.265502 0.0696438
0.23329 0.228888
0.903072 0.891181
0.448861 0.670855
0.225644 0.0722141
0.917773 0.824324
0.761016 0.297931
0.69107 0.335267
0.551027 0.162245
0.69116 0.0679259
0.519337 0.524033
0.842487 0.753634
0.519241 0.760818
0.37705 0.42521
0.166023 0.799197
0.489044 0.393578
0.87112 0.542958
0.508727 0.787768
0.557369 0.869047
0.46777 0.779676
0.968354 0.399868
0.613543 0.763515
0.690875 0.302446
0.183811 0.319981
0.484505 0.803991
0.288724 0.751214
0.317211 0.110172
0.743922 0.836888
0.856352 0.145838
0.297185 0.767583
0.916445 0.797966
0.401553 0.839967
0.32073 0.851553
0.707099 0.863883
0.819503 0.152641
0.669989 0.823533
0.531139 0.257406
0.591843 0.218529
0.561738 0.68182
0.434051 0.0425088
0.492017 0.700574
0.0669938 0.811
0.818044 0.805417
0.667955 0.682529
0.910726 0.941367
0.680842 0.894905
0.69321 0.0428128
0.782561 0.0736631
0.901499 0.493789
0.894311 0.732416
0.61705 0.543147
0.576621 0.136281
0.802682 0.16884
0.363165 0.370194
0.813124 0.781934
0.410989 0.326523
0.483246 0.440555
0.137273 0.29918
0.235485 0.803609
0.926298 0.203393
0.742618 0.653128
0.133126 0.453182
0.702769 0.85884
0.467718 0.549818
0.357111 0.362842
0.327625 0.784906
0.897641 0.879166
0.115187 0.709752
0.122618 0.448158
0.145635 0.816061
0.27035 0.493152
0.187012 0.753567
0.911168 0.333284
0.224753 0.265273
0.194737 0.144387
0.318569 0.846001
0.685498 0.394291
0.319506 0.355645
0.262285 0.786534
0.882613 0.610048
0.176877 0.279671
0.573665 0.0767261
0.11138 0.684249
0.772589 0.146508
0.19779 0.832821
0.965895 0.426899
0.358856 0.174272
0.173599 0.284609
0.492552 0.229416
0.433107 0.619289
0.275149 0.752414
0.511883 0.84443
0.147422 0.814655
0.320059 0.409593
0.618635 0.25949
0.0373752 0.7684
0.498268 0.574024
0.855239 0.605017
0.2828 0.592667
0.725993 0.460257
0.479362 0.722499
0.856763 0.829698
0.867371 0.079602
0.124977 0.400531
0.269779 0.523658
0.0743421 0.547959
0.32034 0.54178
0.517201 0.462976
0.359207 0.836035
0.86691 0.908044
0.12176 0.833848
0.745466 0.580364
0.467379 0.569735
0.171533 0.790916
0.218801 0.828365
0.235182 0.647092
0.635441 0.105447
0.487387 0.531288
0.157398 0.595357
0.915429 0.461062
0.194051 0.835796
0.962495 0.493715
0.445521 0.5074
0.944178 0.822721
0.35861 0.810473
0.779367 0.449357
0.712764 0.523573
0.215016 0.306539
0.193253 0.28643
0.937592 0.286364
0.172629 0.338803
0.893742 0.694054
0.362058 0.431877
0.225429 0.52903
0.240696 0.264527
0.892288 0.238846
0.11647 0.920136
0.733177 0.567484
0.473583 0.666779
0.382097 0.795358
0.473208 0.144511
0.278855 0.187904
0.68261 0.302297
0.388318 0.750725
0.471989 0.395135
0.0744826 0.5412
0.641984 0.92017
0.227373 0.0239733
0.396047 0.472238
0.520498 0.448384
0.612635 0.495535
0.677928 0.713136
0.447639 0.399022
0.29002 0.822868
0.0670305 0.643646
0.777375 0.552318
0.785249 0.0550219
0.733219 0.491324
0.332374 0.121048
0.244879 0.804948
0.514443 0.267794
0.368099 0.154373
0.208819 0.582484
0.152199 0.603912
0.0882179 0.67927
0.0653996 0.690279
0.163021 0.736857
0.38184 0.606741
0.129436 0.65215
0.550323 0.184914
0.304449 0.314835
0.725054 0.117423
0.351737 0.473627
0.585628 0.686369
0.601782 0.822914
0.502703 0.108718
0.150494 0.813679
0.259408 0.3121
0.457991 0.409448
0.921268 0.538766
0.113654 0.952452
0.240157 0.262472
0.735196 0.641172
0.867397 0.859604
0.299037 0.425898
0.0796226 0.598314
0.735834 0.806233
0.693388 0.0897498
0.265126 0.280324
0.759938 0.836674
0.140354 0.324053
0.885608 0.204578
0.179536 0.286599
0.468404 0.581325
0.634439 0.43891
0.114962 0.715485
0.433264 0.356144
0.907987 0.205747
0.96838 0.86838
0.150339 0.297818
0.276031 0.10114
0.86705 0.0902422
0.887033 0.564653
0.187493 0.259514
0.854087 0.856004
0.205703 0.858744
0.146149 0.940689
0.160914 0.278112
0.179478 0.637563
0.803828 0.805941
0.121706 0.89277
0.538756 0.531287
0.30348 0.540169
0.709918 0.286118
0.370343 0.738577
0.559118 0.648459
0.831033 0.442155
0.661684 0.740494
0.017613 0.755132
0.881415 0.872576
0.632255 0.864644
0.821853 0.754525
0.890271 0.89906
0.313677 0.225256
0.664076 0.811684
0.8981 0.725579
0.766909 0.447629
0.256175 0.0860056
0.920993 0.927496
0.345554 0.336015
0.707715 0.884295
0.960764 0.534957
0.327821 0.626836
0.28569 0.344363
0.383819 0.183454
0.193469 0.0501875
0.249869 0.163959
0.752186 0.956661
0.0394073 0.762547
0.0480627 0.663496
0.608873 0.899694
0.378283 0.362721
0.374492 0.650048
0.419414 0.348395
0.628663 0.779386
0.681868 0.341769
0.679797 0.66807
0.873848 0.0956391
0.300224 0.167154
0.340803 0.679107
0.328892 0.552922
0.700738 0.437421
0.609861 0.463943
0.388253 0.626629
0.225778 0.446175
0.313473 0.812739
0.377459 0.703929
0.183806 0.758159
0.351782 0.597914
0.113963 0.964358
0.386889 0.780061
0.322801 0.0678413
0.433686 0.194272
0.0728215 0.739086
0.368931 0.413134
0.426205 0.705623
0.928837 0.173367
0.138383 0.572295
0.581542 0.548597
0.234552 0.802853
0.968547 0.526257
0.613439 0.370766
0.245918 0.797493
0.135431 0.588478
0.404256 0.245844
0.605387 0.800975
0.169526 0.868146
0.852363 0.473778
0.161406 0.87178
0.211866 0.506387
0.333044 0.626135
0.216284 0.313294
0.761834 0.372362
0.901343 0.345346
0.89469 0.133639
0.176 0.854047
0.670386 0.759812
0.290873 0.83656
0.547906 0.397185
0.532829 0.850703
0.634905 0.133514
0.749967 0.671907
0.0702483 0.607087
0.157772 0.245836
0.529243 0.338822
0.711056 0.864674
0.954265 0.907305
0.173576 0.728711
0.259362 0.10353
0.212748 0.269105
0.236886 0.204053
0.146022 0.826315
0.911408 0.330955
0.81541 0.514801
0.711953 0.336369
0.471268 0.353301
0.4466 0.223359
0.0907823 0.480361
0.822371 0.146718
0.67238 0.378768
0.488164 0.354022
0.235833 0.464868
0.260985 0.414701
0.2012 0.516618
0.50265 0.260557
0.680722 0.735297
0.465546 0.722148
0.622787 0.435553
0.151055 0.405828
0.901668 0.780204
0.747721 0.424132
0.187012 0.266632
0.635769 0.139531
0.689994 0.493998
0.277123 0.364735
0.848409 0.758334
0.711056 0.0909677
0.226155 0.818214
0.499927 0.424847
0.498254 0.0540959
0.67872 0.170888
0.722999 0.155652
0.888338 0.349177
0.595891 0.889846
0.779027 0.537174
0.705862 0.522493
0.935005 0.814985
0.720567 0.591053
0.913918 0.416133
0.199294 0.326524
0.760744 0.898269
0.940445 0.492894
0.21369 0.30175
0.456025 0.52383
0.639228 0.896024
0.520299 0.317636
0.162796 0.322046
0.471958 0.822519
0.590144 0.0540115
0.930984 0.369205
0.571927 0.634552
0.853734 0.512171
0.445776 0.562719
0.102139 0.391065
0.911888 0.201822
0.607286 0.736176
0.126048 0.612092
0.224257 0.139273
0.805661 0.666267
0.630507 0.44221
0.621833 0.133147
0.753574 0.722188
0.388967 0.215974
0.704254 0.962238
0.251446 0.63134
0.352491 0.837685
0.29192 0.22527
0.344647 0.729189
0.794881 0.462392
0.121129 0.758449
0.620885 0.727244
0.512934 0.709523
0.315717 0.71659
0.808393 0.131546
0.379369 0.45155
0.586727 0.859001
0.599524 0.29263
0.701344 0.958864
0.514449 0.418507
0.928177 0.8011
0.109133 0.325102
0.611927 0.350287
0.545832 0.84742
0.0956598 0.336544
0.411552 0.213605
0.235077 0.147343
0.884406 0.604919
0.737124 0.24886
0.329685 0.546193
0.354726 0.712959
0.15402 0.866473
0.723583 0.613296
0.218542 0.423962
0.59849 0.726643
0.857571 0.576302
0.522301 0.840321
0.8599 0.132826
0.259492 0.403208
0.0870113 0.350013
0.73639 0.510053
0.563064 0.837955
0.516219 0.493601
0.445053 0.254367
0.737146 0.799547
0.815342 0.114946
0.517652 0.842735
0.194391 0.298569
0.442542 0.218674
0.641564 0.0420717
0.93079 0.51791
0.599398 0.460626
0.394187 0.473518
0.580785 0.644899
0.878933 0.665891
0.8686 0.557546
0.159922 0.544427
0.445378 0.678399
0.146559 0.855164
0.907598 0.786021
0.693032 0.783275
0.824965 0.220181
0.639449 0.839943
0.438979 0.0613495
0.214747 0.184268
0.24045 0.168071
0.581469 0.694114
0.520296 0.84891
0.195656 0.141338
0.601393 0.0572221
0.759788 0.614574
0.673837 0.886553
0.177063 0.172483
0.596233 0.164577
0.0643734 0.523172
0.888163 0.695996
0.317441 0.799508
0.884546 0.927401
0.675926 0.356087
0.909698 0.802634
0.435788 0.0814041
0.809392 0.105012
0.769549 0.349588
0.947152 0.943012
0.419949 0.560464
0.909968 0.209149
0.161341 0.619838
0.0954019 0.313806
0.744266 0.693728
0.476149 0.744796
0.229089 0.418631
0.42858 0.518623
0.217923 0.373724
0.472541 0.843384
0.710034 0.443001
0.663455 0.151335
0.509233 0.509733
0.140099 0.274532
0.82504 0.116198
0.217986 0.25806
0.682745 0.204596
0.442613 0.849276
0.863184 0.543543
0.157398 0.586133
0.200762 0.617579
0.333007 0.438553
0.0577942 0.780118
0.913 0.261361
0.162484 0.445098
0.196286 0.819661
0.858407 0.811651
0.161791 0.362677
0.324047 0.144152
0.656755 0.166013
0.280539 0.868542
0.445089 0.820468
0.142689 0.822001
0.77714 0.885543
0.423838 0.796485
0.496926 0.574436
0.558517 0.818581
0.0755143 0.578209
0.592224 0.0141308
0.834513 0.750661
0.467673 0.799358
0.615083 0.298946
0.825471 0.616764
0.672731 0.13333
0.756365 0.351678
0.264879 0.0255851
0.211223 0.689111
0.881468 0.316362
0.569376 0.705355
0.22248 0.846955
0.63267 0.693791
0.567344 0.171026
0.491723 0.596925
0.747482 0.125187
0.610893 0.596141
0.852564 0.0570095
0.595336 0.467091
0.355482 0.401023
0.265703 0.158164
0.537634 0.834148
0.377086 0.817872
0.851527 0.607906
0.510173 0.762324
0.869635 0.100674
0.478676 0.0830278
0.270069 0.226238
0.781349 0.602485
0.267725 0.28221
0.195686 0.0724588
0.396109 0.818496
0.638392 0.257409
0.846196 0.22343
0.715566 0.222043
0.640537 0.79787
0.257709 0.166974
0.621364 0.615048
0.965218 0.472277
0.221973 0.493155
0.221374 0.122884
0.575697 0.69374
0.17387 0.584577
0.773901 0.941506
0.202007 0.091904
0.24039 0.406781
0.0865121 0.632905
0.20291 0.702655
0.866355 0.0948664
0.893987 0.579093
0.289094 0.539555
0.387791 0.542893
0.692645 0.0834486
0.160006 0.705132
0.460365 0.384198
0.189891 0.664355
0.477538 0.757665
0.35433 0.644009
0.370959 0.148408
0.601845 0.563223
0.263716 0.843371
0.909839 0.287984
0.445668 0.161215
0.945225 0.353972
0.282249 0.812967
0.919577 0.531809
0.511709 0.327452
0.157654 0.321216
0.329043 0.265872
0.937975 0.790087
0.643681 0.154676
0.478954 0.124503
0.899531 0.825356
0.770056 0.28299
0.943001 0.393298
0.826323 0.180004
0.225761 0.81247
0.448674 0.682201
0.94819 0.46002
0.174367 0.31814
0.413571 0.781036
0.815505 0.906517
0.320219 0.840295
0.146404 0.605767
0.180398 0.148708
0.417664 0.819495
0.288574 0.866605
0.893363 0.169767
0.71594 0.721872
0.431068 0.67577
0.132339 0.339319
0.864966 0.307082
0.0917668 0.323654
0.918556 0.138084
0.758063 0.0834182
0.332019 0.159551
0.943476 0.185165
0.138774 0.317275
0.21667 0.336024
0.868878 0.247293
0.322124 0.317372
0.0815072 0.57158
0.196377 0.848088
0.743669 0.884602
0.69941 0.186057
0.599676 0.801311
0.456426 0.45994
0.139134 0.562163
0.765401 0.114554
0.624095 0.546984
0.148732 0.903629
0.696137 0.116492
0.10153 0.744327
0.403768 0.138076
0.911613 0.302318
0.358509 0.297507
0.60864 0.415079
0.875845 0.804108
0.377093 0.604756
0.705585 0.101388
0.798201 0.312931
0.877894 0.261242
0.763048 0.985267
0.829738 0.547073
0.130756 0.44292
0.191369 0.318305
0.376691 0.78318
0.321131 0.464386
0.556438 0.719622
0.596603 0.535641
0.196914 0.869269
0.863596 0.6305
0.347476 0.709115
0.432428 0.751686
0.343136 0.149916
0.833948 0.153227
0.458641 0.732433
0.399792 0.217988
0.738127 0.218985
0.740554 0.823481
0.647297 0.811775
0.29084 0.146298
0.625109 0.381128
0.444489 0.165072
0.244322 0.178899
0.699378 0.114994
0.0576153 0.535725
0.736422 0.377376
0.269308 0.175218
0.114825 0.586812
0.338332 0.77762
0.752207 0.787839
0.716446 0.165694
0.945161 0.454399
0.365828 0.754798
0.317665 0.752617
0.599536 0.334057
0.201635 0.28437
0.710683 0.469971
0.413024 0.808542
0.540347 0.11178
0.896995 0.552102
0.675516 0.658168
0.875921 0.938335
0.798038 0.073608
0.570396 0.12137
0.929102 0.308707
0.915512 0.710735
0.464112 0.83323
0.166723 0.815882
0.664531 0.452195
0.810373 0.265248
0.767908 0.833188
0.478576 0.501459
0.308759 0.848053
0.301796 0.809449
0.209177 0.301718
0.328381 0.67872
0.854976 0.224967
0.62834 0.685877
0.270919 0.170876
0.807345 0.263215
0.461083 0.71048
0.953991 0.926631
0.63942 0.123302
0.725687 0.291673
0.571439 0.549093
0.541744 0.354345
0.353823 0.030132
0.854881 0.648689
0.907426 0.142914
0.468537 0.817893
0.359903 0.78352
0.634522 0.236662
0.184325 0.309548
0.88102 0.290891
0.408401 0.712967
0.570563 0.844357
0.44673 0.525796
0.768623 0.0717564
0.650342 0.524328
0.345289 0.21932
0.132357 0.815317
0.566907 0.425671
0.902992 0.441779
0.122869 0.80614
0.554324 0.514535
0.784008 0.888693
0.301345 0.399391
0.144371 0.328256
0.643411 0.0424838
0.609726 0.067158
0.745764 0.178326
0.898494 0.208365
0.684332 0.717534
0.251667 0.323991
0.228439 0.584571
0.542146 0.272194
0.488724 0.124204
0.700558 0.393399
0.53066 0.771343
0.22727 0.116298
0.264051 0.0219604
0.0403331 0.572684
0.418399 0.147525
0.867402 0.092292
0.193772 0.52602
0.136951 0.890243
0.683695 0.0300954
0.13243 0.368605
0.741964 0.38644
0.688595 0.933232
0.902027 0.245852
0.245036 0.444523
0.381873 0.802379
0.813164 0.878704
0.705871 0.0600513
0.5 0.5
0.140434 0.940848
0.581706 0.466268
0.17758 0.505281
0.518834 0.312084
0.0297057 0.61495
0.23656 0.689412
0.657586 0.37446
0.125244 0.39812
0.752622 0.772687
0.352158 0.701555
0.895081 0.553274
0.154901 0.36259
0.567944 0.854044
0.247665 0.248655
0.197872 0.320323
0.241567 0.122994
0.232731 0.828835
0.567584 0.341005
0.306906 0.0908329
0.661024 0.343898
0.713549 0.894638
0.145188 0.355704
0.274423 0.111735
0.769388 0.0959418
0.846563 0.143805
0.703923 0.849274
0.719163 0.86545
0.217073 0.26609
0.859651 0.470148
0.531147 0.834287
0.700932 0.764867
0.984336 0.9176
0.575088 0.565136
0.293321 0.851507
0.668497 0.896804
0.226511 0.372529
0.819701 0.264846
0.739255 0.111564
0.366948 0.51911
0.179401 0.300932
0.683178 0.82857
0.110818 0.408123
0.715637 0.312718
0.682869 0.575709
0.760875 0.194836
0.470987 0.469222
0.937695 0.48409
0.390764 0.524376
0.0311894 0.647812
0.402752 0.669752
0.580185 0.6396
0.147173 0.396142
0.89452 0.795371
0.500577 0.266716
0.309967 0.603205
0.488673 0.84903
0.445874 0.56481
0.382339 0.161887
0.873552 0.0747357
0.727351 0.66847
0.249765 0.199298
0.157474 0.252743
0.657752 0.526663
0.704439 0.694338
0.171736 0.159346
0.362377 0.747768
0.758339 0.420953
0.154971 0.652328
0.195997 0.65248
0.909075 0.558537
0.280324 0.417834
0.509989 0.72777
0.981464 0.899954
0.870509 0.883106
0.881501 0.603776
0.549196 0.165403
0.811666 0.671639
0.350806 0.465957
0.194459 0.106062
0.144582 0.357478
0.186172 0.507017
0.137773 0.897991
0.86375 0.29268
0.624517 0.106122
0.924886 0.551865
0.654159 0.226134
0.913204 0.167409
0.926503 0.950186
0.101418 0.816638
0.841201 0.901211
0.453403 0.37928
0.146139 0.280612
0.0990952 0.507496
0.721832 0.238518
0.592198 0.833528
0.588707 0.745989
0.375154 0.696761
0.694215 0.300719
0.904573 0.31096
0.437004 0.825183
0.812842 0.0686807
0.126888 0.765551
0.209265 0.106305
0.718057 0.257948
0.895894 0.536872
0.231445 0.3725
0.907584 0.391161
0.632122 0.925479
0.877068 0.374675
0.203896 0.461373
0.245547 0.789263
0.193315 0.604388
0.500148 0.830997
0.913117 0.472709
0.198727 0.339
0.34738 0.0215168
0.395916 0.48744
0.80147 0.610654
0.566891 0.505788
0.86212 0.481953
0.25194 0.20911
0.85919 0.888334
0.465564 0.491544
0.918352 0.381837
0.839486 0.163899
0.800171 0.107083
0.921406 0.069625
0.713445 0.435461
0.892211 0.633309
0.857753 0.104507
0.901244 0.249335
0.111881 0.360745
0.72178 0.886958
0.899979 0.295992
0.409978 0.817031
0.779546 0.480424
0.899523 0.631524
0.456143 0.381012
0.125512 0.415354
0.728181 0.956459
0.569506 0.542861
0.125825 0.517451
0.546453 0.779739
0.929957 0.479832
0.419399 0.813297
0.545538 0.370745
0.058637 0.656226
0.728299 0.793077
0.555365 0.69106
0.143724 0.908534
0.513335 0.8498
0.422441 0.42515
0.489115 0.839667
0.802652 0.601159
0.302878 0.539249
0.586977 0.826079
0.0699981 0.641778
0.363739 0.602384
0.422984 0.316022
0.124006 0.802554
0.13391 0.596374
0.224212 0.196391
0.29087 0.808867
0.945003 0.846766
0.6288 0.063359
0.774047 0.155656
0.85654 0.238687
0.552677 0.371358
0.0987412 0.358172
0.94108 0.407957
0.836975 0.530065
0.279811 0.816729
0.170407 0.616679
0.53749 0.59568
0.873991 0.589439
0.434712 0.0967058
0.219471 0.621675
0.282136 0.520867
0.57552 0.259045
0.322147 0.206404
0.298661 0.109658
0.351218 0.207624
0.341382 0.835091
0.579839 0.419021
0.263039 0.553964
0.798904 0.144206
0.248206 0.181493
0.160744 0.329436
0.705686 0.618125
0.860108 0.656841
0.22781 0.277367
0.742476 0.464267
0.903776 0.089427
0.935409 0.532397
0.283191 0.283571
0.716179 0.598102
0.390219 0.0494275
0.803851 0.722514
0.928822 0.394801
0.167509 0.278754
0.898429 0.92983
0.32703 0.0101915
0.971259 0.42116
0.255023 0.691879
0.287003 0.242841
0.352886 0.244364
0.39548 0.100986
0.704759 0.317001
0.118829 0.654202
0.801407 0.401549
0.928875 0.561223
0.938579 0.345533
0.571534 0.788051
0.0979941 0.517982
0.170689 0.207416
0.724157 0.0953797
0.220407 0.175705
0.218607 0.21083
0.476162 0.346885
0.812795 0.497977
0.471062 0.170024
0.723161 0.832812
0.25874 0.44963
0.162141 0.380344
0.120768 0.925364
0.763093 0.0643302
0.480696 0.770075
0.368334 0.0418788
0.561121 0.419636
0.569504 0.72967
0.588222 0.296311
0.814794 0.696072
0.421859 0.824196
0.775303 0.839799
0.222623 0.560351
0.352985 0.696316
0.740206 0.112511
0.550825 0.00191802
0.545896 0.703497
0.366194 0.635059
0.665976 0.165964
0.683419 0.14992
0.90271 0.0966075
0.188412 0.491817
0.483859 0.744918
0.217261 0.102033
0.283155 0.173724
0.750936 0.437815
0.928928 0.536682
0.293185 0.19317
0.133453 0.633585
0.87899 0.889114
0.742605 0.453538
0.887078 0.279468
0.146037 0.279425
0.924477 0.813083
0.413743 0.606145
0.909566 0.375206
0.681971 0.152173
0.825292 0.176754
0.886821 0.0877836
0.259787 0.822048
0.116688 0.961309
0.364407 0.0466894
0.541336 0.664306
0.221081 0.660689
0.306084 0.130935
0.570739 0.0545945
0.569979 0.454908
0.330583 0.707875
0.71844 0.273563
0.551598 0.130963
0.872978 0.501129
0.473034 0.57793
0.632495 0.342899
0.752673 0.53815
0.437756 0.774065
0.447792 0.501445
0.953403 0.863542
0.551123 0.518232
0.503496 0.789363
0.218584 0.795896
0.925973 0.770464
0.868219 0.498045
0.239818 0.188344
0.234505 0.847163
0.450798 0.738861
0.105045 0.348199
0.213165 0.571755
0.897557 0.876344
0.883301 0.653904
0.390661 0.342458
0.668553 0.840681
0.881287 0.643964
0.695909 0.42047
0.170527 0.241224
0.212967 0.358292
0.951736 0.170664
0.18218 0.793178
0.616315 0.349995
0.0845993 0.806785
0.309688 0.490701
0.568433 0.406542
0.799821 0.7938
0.00812998 0.734797
0.674456 0.921508
0.385013 0.0627482
0.265634 0.0517611
0.906346 0.140878
0.668005 0.635582
0.55672 0.809274
0.815388 0.768647
0.165947 0.809788
0.875613 0.283075
0.664966 0.50155
0.649211 0.69496
0.346568 0.803751
0.216843 0.8442
0.373554 0.757342
0.697162 0.363572
0.727515 0.36895
0.288978 0.118525
0.42558 0.568678
0.15285 0.358823
0.725731 0.825694
0.911923 0.281004
0.62753 0.806787
0.045034 0.77932
0.631853 0.867257
0.135336 0.315996
0.400707 0.707842
0.919382 0.747347
0.653156 0.154771
0.606504 0.0271787
0.135409 0.303403
0.385637 0.819163
0.674606 0.668722
0.909762 0.158277
0.245821 0.138794
0.49506 0.808846
0.928528 0.443117
0.233087 0.54862
0.227672 0.258111
0.340324 0.843882
0.177577 0.409471
0.152821 0.602638
0.204422 0.196111
0.296438 0.763193
0.270253 0.842095
0.771835 0.398532
0.234439 0.160657
0.267834 0.861518
0.794794 0.227846
0.898612 0.110335
0.339264 0.43262
0.14909 0.283515
0.851871 0.231529
0.811801 0.0900193
0.486591 0.138549
0.893073 0.655932
0.57231 0.0414318
0.22332 0.644798
0.158789 0.531872
0.424167 0.388753
0.433156 0.199095
0.764212 0.672118
0.335092 0.011869
0.568196 0.14457
0.220709 0.540267
0.204723 0.560311
0.875336 0.224185
0.806488 0.80761
0.429666 0.638584
0.881454 0.934802
0.782823 0.808425
0.596027 0.354364
0.868983 0.824541
0.312179 0.168472
0.360625 0.450228
0.415465 0.807892
0.658496 0.180746
0.497366 0.0626177
0.164973 0.0872003
0.170865 0.401339
0.566755 0.360039
0.928572 0.548493
0.570041 0.766014
0.339622 0.0122035
0.417137 0.256807
0.899184 0.221786
0.130071 0.549776
0.577521 0.895805
0.346709 0.589297
0.912724 0.754988
0.139115 0.38067
0.537032 0.707409
0.560289 0.00888664
0.724909 0.744149
0.129979 0.839019
0.121588 0.591142
0.234266 0.0909638
0.134775 0.810765
0.844515 0.504335
0.809164 0.258224
0.749414 0.76803
0.476549 0.8345
0.274825 0.0660202
0.802848 0.656106
0.660825 0.796512
0.372359 0.707676
0.199576 0.837429
0.421334 0.732049
0.911645 0.141527
0.502147 0.82077
0.0539173 0.577447
0.551892 0.251516
0.662548 0.694459
0.132197 0.494886
0.218618 0.85065
0.743739 0.904947
0.650484 0.219304
0.762955 0.908828
0.254861 0.535567
0.610347 0.873582
0.368197 0.786412
0.632995 0.528741
0.865068 0.0633535
0.2575 0.791793
0.179472 0.722274
0.748971 0.213158
0.321887 0.30925
0.482187 0.818703
0.958521 0.518858
0.456931 0.148879
0.411572 0.217895
0.244041 0.17475
0.413643 0.843553
0.861719 0.63006
0.407158 0.566927
0.602793 0.748621
0.555682 0.212363
0.281821 0.409115
0.279442 0.538366
0.207724 0.455179
0.28344 0.796256
0.666446 0.582801
0.273788 0.127982
0.559267 0.252467
0.641868 0.0382021
0.43601 0.0721749
0.244946 0.527058
0.11931 0.653488
0.375767 0.112866
0.338051 0.77825
0.672849 0.919071
0.54072 0.203367
0.162228 0.812028
0.616792 0.444316
0.350529 0.813415
0.875236 0.617995
0.782104 0.557315
0.190334 0.0772448
0.674137 0.763827
0.293786 0.319126
0.790585 0.733071
0.37767 0.0353397
0.243605 0.514762
0.708462 0.613818
0.612384 0.0508663
0.397132 0.285818
0.956751 0.934778
0.513672 0.134789
0.726658 0.132422
0.58589 0.0818145
0.923209 0.477541
0.705156 0.711833
0.132726 0.871095
0.729713 0.683522
0.645958 0.0266889
0.951181 0.454049
0.74635 0.383089
0.480411 0.836373
0.858506 0.20588
0.594174 0.506249
0.205792 0.827612
0.783516 0.20414
0.885896 0.31043
0.316204 0.646009
0.431524 0.83694
0.750332 0.351831
0.347725 0.456726
0.11579 0.333557
0.348951 0.77744
0.32301 0.15331
0.788336 0.0780542
0.426297 0.521731
0.429627 0.799524
0.528418 0.263881
0.192521 0.215409
0.776168 0.326526
0.142813 0.590481
0.51101 0.0263064
0.856112 0.824031
0.697382 0.283596
0.723513 0.450587
0.612124 0.0893269
0.882991 0.671759
0.426583 0.234729
0.445155 0.450676
0.238124 0.246345
0.460114 0.678375
0.7722 0.835057
0.609654 0.317714
0.134407 0.709366
0.460991 0.846027
0.0782111 0.545662
0.446927 0.533082
0.579278 0.327811
0.373192 0.264035
0.604069 0.109423
0.697176 0.234125
0.169147 0.569248
0.875215 0.609663
0.817173 0.333527
0.264347 0.192115
0.570098 0.521323
0.745311 0.372413
0.384966 0.352048
0.683353 0.512426
0.236864 0.236567
0.409706 0.0993559
0.706029 0.872046
0.642298 0.255014
0.189674 0.0473427
0.531723 0.821748
0.178795 0.293448
0.134422 0.298514
0.808396 0.934143
0.8826 0.634648
0.28552 0.800845
0.695047 0.854569
0.467323 0.434391
0.260917 0.849144
0.770287 0.863807
0.363925 0.835301
0.0119199 0.760178
0.881519 0.676774
0.637179 0.579221
0.926581 0.843512
0.586873 0.455751
0.673936 0.702096
0.679255 0.719162
0.945623 0.490434
0.677998 0.852451
0.1497 0.85778
0.80073 0.783345
0.751809 0.30558
0.254535 0.81692
0.148937 0.067431
0.84631 0.514505
0.849768 0.826207
0.261938 0.796046
0.520672 0.846606
0.375213 0.448596
0.728737 0.941216
0.885808 0.410206
0.673544 0.584882
0.111741 0.638272
0.0587966 0.746058
0.53122 0.156716
0.664111 0.361027
0.950299 0.430361
0.660667 0.213272
0.369901 0.800589
0.237777 0.199364
0.291311 0.0908597
0.0754956 0.545228
0.863644 0.547628
0.438195 0.263169
0.916678 0.219248
0.251429 0.858666
0.595565 0.843909
0.458714 0.66833
0.529802 0.527636
0.427758 0.0660635
0.682325 0.092406
0.404471 0.659998
0.513966 0.0690694
0.872551 0.858432
0.856512 0.118825
0.221342 0.286528
0.205168 0.122829
0.729423 0.0966249
0.638755 0.1868
0.345338 0.607415
0.34166 0.576437
0.51856 0.863882
0.482492 0.83248
0.593512 0.0163292
0.505038 0.0343735
0.208428 0.300486
0.173716 0.485417
0.889703 0.612842
0.549654 0.750617
0.464976 0.423042
0.857809 0.532684
0.590083 0.0670623
0.616234 0.330496
0.166188 0.273556
0.503081 0.518445
0.861077 0.853812
0.10499 0.386743
0.796463 0.583385
0.3659 0.384234
0.614424 0.822515
0.395987 0.635855
0.11526 0.51722
0.162972 0.879026
0.121053 0.670897
0.681338 0.604332
0.13826 0.548795
0.126953 0.684372
0.590921 0.735168
0.0272387 0.740698
0.97589 0.525511
0.282812 0.840102
0.384622 0.341046
0.239955 0.182459
0.908862 0.593143
0.554349 0.504079
0.489753 0.804536
0.170096 0.510155
0.472413 0.305552
0.435847 0.581497
0.922402 0.157913
0.185951 0.114164
0.646468 0.311857
0.763205 0.23768
0.0653949 0.778549
0.886101 0.0810808
0.328319 0.204345
0.880844 0.708593
0.569128 0.101773
0.882828 0.47282
0.709375 0.449722
0.917203 0.197741
0.410371 0.149769
0.705429 0.86572
0.439915 0.122205
0.466794 0.411061
0.215607 0.641993
0.478926 0.855597
0.90043 0.254073
0.267075 0.133026
0.291277 0.18991
0.120977 0.335057
0.283108 0.832684
0.0888981 0.785816
0.18025 0.851799
0.275985 0.737517
0.380038 0.247189
0.906198 0.785044
0.380878 0.574626
0.670556 0.8345
0.69051 0.12904
0.258466 0.846953
0.788754 0.716829
0.804391 0.755514
0.939896 0.880106
0.752442 0.973372
0.910683 0.795041
0.337831 0.166404
0.719024 0.406012
0.921071 0.771362
0.346016 0.240114
0.496488 0.727319
0.492676 0.399575
0.521343 0.859389
0.917915 0.207762
0.701747 0.69409
0.317755 0.821481
0.59173 0.0875885
0.632187 0.384316
0.83644 0.595139
0.237991 0.547453
0.5741 0.162986
0.419844 0.82073
0.321454 0.0974302
0.303697 0.300745
0.854695 0.65611
0.543125 0.343835
0.371674 0.0313824
0.730337 0.878819
0.912887 0.721775
0.0764757 0.62079
0.375431 0.354525
0.548239 0
0.452829 0.195446
0.38343 0.258343
0.769767 0.645056
0.833332 0.34033
0.792858 0.222755
0.257133 0.14224
0.302242 0.525927
0.447524 0.161256
0.205257 0.837935
0.484666 0.568612
0.199218 0.292335
0.49329 0.850469
0.934364 0.535804
0.542332 0.34782
0.880156 0.115947
0.3561 0.337905
0.270456 0.729643
0.594743 0.0437171
0.37402 0.432415
0.379286 0.172343
0.646926 0.627986
0.333653 0.802464
0.17852 0.734543
0.0966067 0.391373
0.732651 0.593045
0.919664 0.753529
0.811461 0.471842
0.654273 0.764718
0.229049 0.287921
0.145216 0.850437
0.279109 0.465378
0.249151 0.54518
0.263215 0.838822
0.574472 0.568488
0.290529 0.799635
0.743722 0.889192
0.564862 0.0598757
0.852766 0.75101
0.784053 0.95132
0.154912 0.509522
0.556032 0.110594
0.233745 0.351146
0.604774 0.846712
0.143482 0.597607
0.195847 0.330353
0.481417 0.346887
0.694309 0.741083
0.867515 0.879611
0.57337 0.453715
0.454662 0.846611
0.415365 0.194573
0.748478 0.976138
0.210494 0.590506
0.721458 0.0756443
0.591887 0.8492
0.565695 0.0954301
0.0229922 0.784637
0.460928 0.567902
0.686908 0.584017
0.166348 0.741462
0.805536 0.656627
0.150342 0.49636
0.411322 0.775286
0.39701 0.789833
0.427616 0.826952
0.773031 0.813119
0.0611815 0.54036
0.816024 0.268868
0.178896 0.561937
0.294263 0.725344
0.457817 0.842175
0.840929 0.476368
0.62744 0.307209
0.139138 0.30408
0.838742 0.237832
0.0282146 0.671995
0.863402 0.126567
0.168074 0.298129
0.122987 0.551348
0.219853 0.52031
0.35412 0.0189469
0.35058 0.382176
0.574789 0.169397
0.643354 0.739642
0.740202 0.915329
0.452031 0.171181
0.776747 0.313198
0.655339 0.396338
0.611856 0.710741
0.681379 0.489924
0.900334 0.703829
0.170208 0.806336
0.821021 0.328822
0.147654 0.847547
0.864227 0.285558
0.421782 0.241812
0.307032 0.774582
0.653438 0.840818
0.892055 0.270434
0.61583 0.690328
0.195374 0.118522
0.884476 0.91248
0.383045 0.541354
0.385486 0.760402
0.236848 0.0687382
0.448327 0.162825
0.756369 0.6394
0.919823 0.543586
0.891599 0.135789
0.500035 0.824406
0.395859 0.815727
0.0695369 0.669997
0.694768 0.702519
0.543661 0.64344
0.91125 0.176053
0.332671 0.15281
0.239831 0.215903
0.119509 0.580657
0.757074 0.499744
0.592286 0.0224334
0.550684 0.0618191
0.191431 0.287241
0.700611 0.192341
0.859376 0.675997
0.256058 0.350765
0.504505 0.595985
0.259657 0.529253
0.30559 0.791382
0.269005 0.821621
0.602491 0.212759
0.972637 0.9238
0.363437 0.220429
0.18826 0.497093
0.818118 0.880888
0.971262 0.451677
0.881353 0.515731
0.519407 0.0953058
0.776627 0.210727
0.267817 0.628073
0.851029 0.5359
0.953797 0.364283
0.149613 0.277074
0.916372 0.454876
0.227586 0.177535
0.285238 0.810558
0.371593 0.253547
0.765596 0.754288
0.490944 0.82834
0.211613 0.316867
0.783263 0.196235
0.757196 0.706091
0.679944 0.256353
0.780992 0.474089
0.456544 0.07269
0.122994 0.322105
0.62228 0.0946326
0.669884 0.751565
0.367202 0.567276
0.180959 0.582072
0.746394 0.467481
0.433732 0.132334
0.71389 0.183807
0.833172 0.19752
0.24615 0.192395
0.509435 0.867925
0.252519 0.250643
0.586558 0.876123
0.493313 0.358328
0.436443 0.792642
0.427835 0.514015
0.241781 0.0396073
0.642076 0.88178
0.773251 0.0856197
0.520551 0.838882
0.608108 0.257162
0.405086 0.0381457
0.382419 0.124064
0.216063 0.217986
0.313871 0.28404
0.309752 0.822097
0.166173 0.553256
0.0681834 0.719982
0.450359 0.562125
0.117355 0.824907
0.501849 0.510166
0.388054 0.763312
0.523228 0.0269144
0.690605 0.297383
0.233836 0.304604
0.230442 0.602276
0.435322 0.64961
0.660182 0.828652
0.761556 0.844506
0.254659 0.223633
0.152669 0.349698
0.899045 0.301917
0.890869 0.91869
0.14477 0.350041
0.547984 0.0981124
0.242333 0.0629106
0.622021 0.653878
0.792431 0.147094
0.681133 0.499185
0.412436 0.686604
0.688995 0.676638
0.321848 0.124616
0.343688 0.776201
0.913191 0.125484
0.837559 0.883927
0.202802 0.855415
0.326698 0.0983149
0.278768 0.225838
0.111225 0.314779
0.59863 0.595506
0.409774 0.857657
0.627472 0.0340286
0.515045 0.438914
0.180234 0.236591
0.91293 0.563626
0.87266 0.618767
0.254576 0.216394
0.752465 0.566436
0.173672 0.668326
0.65091 0.0175658
0.703547 0.835886
0.920706 0.0748345
0.884569 0.27268
0.208647 0.0362754
0.581851 0.840185
0.60041 0.919054
0.694233 0.249689
0.216714 0.294207
0.676059 0.167205
0.390209 0.602443
0.737082 0.292866
0.224391 0.826197
0.506701 0.846773
0.540283 0.678449
0.645053 0.205563
0.685979 0.324252
0.0467996 0.669188
0.350464 0.76822
0.917312 0.535637
0.979994 0.496567
0.366618 0.591813
0.495841 0.0762924
0.862655 0.498132
0.293582 0.542816
0.659805 0.69416
0.145281 0.387864
0.927538 0.375041
0.362271 0.47077
0.343674 0.845653
0.161159 0.926837
0.147936 0.789615
0.282344 0.141275
0.49588 0.591254
0.135611 0.454178
0.166679 0.1882
0.931017 0.547906
0.728273 0.441776
0.599794 0.569147
0.915642 0.893464
0.135131 0.587131
0.575633 0.230281
0.941666 0.536611
0.585337 0.314397
0.148648 0.867988
0.232843 0.168627
0.867537 0.319976
0.94059 0.198782
0.458874 0.506806
0.762217 0.592835
0.92139 0.911429
0.688157 0.875735
0.43135 0.427017
0.301416 0.0507898
0.889149 0.262683
0.898164 0.115454
0.816069 0.499746
0.328254 0.764418
0.160936 0.844239
0.240583 0.174669
0.816562 0.318142
0.206438 0.674936
0.633293 0.223538
0.824474 0.0954981
0.716713 0.595119
0.666597 0.650361
0.484134 0.37123
0.530242 0.863475
0.775397 0.814909
0.941031 0.78657
0.120096 0.809759
0.876191 0.87373
0.373388 0.216139
0.640026 0.410226
0.135031 0.725487
0.484382 0.821475
0.0457224 0.679772
0.638104 0.678303
0.88579 0.484492
0.771602 0.607347
0.138979 0.418471
0.245738 0.553793
0.796395 0.783865
0.461429 0.563872
0.597906 0.424476
0.38005 0.656813
0.292013 0.274236
0.535743 0.664957
0.476837 0.165988
0.0874269 0.621125
0.899487 0.552756
0.565257 0.882095
0.22906 0.201204
0.627617 0.127591
0.65946 0.408708
0.714238 0.721205
0.826144 0.920792
0.245267 0.60172
0.719441 0.732375
0.21252 0.307421
0.138327 0.577393
0.971787 0.461005
0.844444 0.510995
0.106939 0.366089
0.693135 0.173367
0.877373 0.56646
0.719089 0.544049
0.592323 0.881104
0.725056 0.215538
0.143977 0.363634
0.617281 0.761293
0.155408 0.447665
0.705015 0.367688
0.126921 0.414157
0.122307 0.338023
0.715475 0.239305
0.886487 0.696897
0.673973 0.757238
0.210982 0.761967
0.147483 0.844759
0.91796 0.129951
0.496564 0.653737
0.610823 0.0874634
0.589359 0.342741
0.268819 0.612761
0.729046 0.891763
0.393421 0.796748
0.344519 0.0902847
0.200058 0.420459
0.503467 0.27403
0.702775 0.23723
0.475197 0.583168
0.882396 0.181331
0.336076 0.134234
0.93745 0.463194
0.134602 0.84789
0.527004 0.540203
0.568783 0.136113
0.620747 0.125986
0.509277 0.837066
0.76756 0.235557
0.789939 0.175948
0.232927 0.266808
0.250922 0.248505
0.571774 0.753896
0.521467 0.273114
0.909272 0.0928181
0.842476 0.899029
0.213441 0.20322
0.245763 0.26667
0.618848 0.0933216
0.246701 0.281825
0.613436 0.585681
0.313115 0.225283
0.733838 0.817449
0.175878 0.503939
0.177156 0.872308
0.642109 0.0846923
0.127364 0.842513
0.309553 0.642298
0.68261 0.825124
0.876587 0.637746
0.867013 0.770832
0.587062 0.0568778
0.862039 0.571155
0.220654 0.594647
0.692663 0.256977
0.757274 0.311117
0.824521 0.0752555
0.535965 0.551035
0.857231 0.663209
0.126018 0.826176
0.606066 0.696617
0.876533 0.680319
0.599073 0.264277
0.339875 0.258317
0.138829 0.32686
0.901808 0.929897
0.120311 0.47714
0.304549 0.17601
0.167224 0.338493
0.630878 0.772231
0.501971 0.381032
0.085823 0.3348
0.442695 0.580842
0.885237 0.287493
0.284933 0.812624
0.197527 0.843839
0.625412 0.127826
0.548588 0.234205
0.407529 0.840744
0.491282 0.479187
0.164095 0.413229
0.433256 0.210594
0.871713 0.472913
0.260656 0.816769
0.703595 0.861421
0.708643 0.232413
0.251534 0.780594
0.566902 0.693509
0.380157 0.455322
0.852804 0.605897
0.396102 0.157532
0.513744 0.0273201
0.251127 0.0821245
0.249148 0.615904
0.898457 0.77926
0.196761 0.20167
0.166215 0.556632
0.311981 0.049083
0.0679373 0.549836
0.91445 0.780261
0.423116 0.688073
0.866052 0.637731
0.451689 0.537425
0.381238 0.826805
0.952223 0.369136
0.510287 0.388577
0.514662 0.0289994
0.409667 0.777519
0.0880177 0.677283
0.41366 0.0407541
0.446937 0.529059
0.13667 0.578767
0.141922 0.471323
0.620298 0.11721
0.0430788 0.610739
0.851098 0.458886
0.326832 0.835951
0.140793 0.797737
0.379894 0.508169
0.667983 0.375137
0.845759 0.193389
0.751646 0.391466
0.210491 0.169824
0.160677 0.279778
0.856284 0.589358
0.313671 0.267128
0.167443 0.462516
0.849432 0.190824
0.910815 0.535475
0.305052 0.802763
0.176336 0.21347
0.404594 0.440301
0.959342 0.543853
0.243669 0.347805
0.165483 0.833079
0.715995 0.90683
0.153391 0.470744
0.303894 0.290919
0.629856 0.472888
0.582619 0.471108
0.147681 0.843291
0.740082 0.158667
0.341687 0.590719
0.320803 0.279917
0.118078 0.596018
0.227535 0.237506
0.743153 0.641589
0.686224 0.723153
0.198882 0.854201
0.200172 0.343717
0.840466 0.776743
0.174423 0.880284
0.242081 0.456773
0.265754 0.84875
0.903743 0.805961
0.364473 0.799436
0.699038 0.0877792
0.24007 0.185238
0.682405 0.409824
0.342479 0.794982
0.0507974 0.552077
0.0394638 0.741707
0.19664 0.709565
0.460877 0.380582
0.644185 0.526139
0.59576 0.489174
0.288966 0.73807
0.424012 0.546451
0.184237 0.626403
0.414406 0.106083
0.453808 0.736401
0.229458 0.271764
0.808196 0.1572
0.226571 0.505849
0.544479 0.569446
0.29369 0.515936
0.145384 0.33925
0.296175 0.338335
0.0634377 0.752274
0.71743 0.706531
0.273405 0.308725
0.184781 0.570724
0.0734418 0.593068
0.164193 0.317035
0.248472 0.51629
0.342797 0.68299
0.254958 0.401368
0.839677 0.0813536
0.564696 0.0656345
0.601834 0.0691171
0.675703 0.856299
0.649407 0.785152
0.235713 0.832977
0.142569 0.307239
0.699335 0.852622
0.90438 0.92856
0.162874 0.205993
0.53735 0.181482
0.73569 0.643675
0.474746 0.796692
0.147386 0.781293
0.679315 0.398212
0.190237 0.529425
0.462501 0.722281
0.606043 0.0500988
0.815079 0.259276
0.910583 0.484086
0.266083 0.253264
0.411637 0.16337
0.385193 0.104277
0.936374 0.347431
0.224995 0.241357
0.474685 0.581442
0.324291 0.198322
0.235731 0.759671
0.181292 0.387229
0.562993 0.819129
0.782528 0.751652
0.385069 0.235118
0.465175 0.826648
0.277521 0.283643
0.258571 0.196809
0.743028 0.288727
0.316487 0.145182
0.433484 0.685669
0.255679 0.435409
0.119145 0.300409
0.556972 0.49179
0.907197 0.896204
0.694551 0.163076
0.675957 0.851369
0.550128 0.179737
0.728479 0.32706
0.923271 0.11568
0.55921 0.386328
0.161367 0.787483
0.669114 0.360306
0.168579 0.39661
0.642883 0.343948
0.585566 0.0750899
0.0646738 0.803104
0.532241 0.0719373
0.200011 0.164478
0.563624 0.0444347
0.895957 0.270125
0.210881 0.596884
0.142087 0.744168
0.775021 0.842471
0.067026 0.712058
0.862476 0.586583
0.224451 0.184943
0.466897 0.757252
0.444941 0.492462
0.178549 0.116971
0.826457 0.76483
0.20044 0.832148
0.544375 0.674114
0.883368 0.666001
0.749752 0.507106
0.724225 0.709009
0.756288 0.90674
0.322312 0.866754
0.675766 0.101292
0.743726 0.770302
0.802127 0.730592
0.413943 0.825139
0.771888 0.832315
0.672878 0.23307
0.347359 0.837162
0.297376 0.169169
0.574185 0.458376
0.256949 0.24538
0.142454 0.944155
0.771638 0.853867
0.453064 0.493332
0.586502 0.216068
0.43978 0.858268
0.206741 0.216507
0.965904 0.849222
0.866782 0.759055
0.549468 0.244077
0.670345 0.352846
0.108619 0.33807
0.562942 0.446006
0.200764 0.850732
0.61999 0.745373
0.316577 0.639625
0.855234 0.451702
0.624898 0.640768
0.315876 0.0955377
0.193374 0.871466
0.289212 0.553299
0.771565 0.409295
0.701122 0.759232
0.24391 0.563998
0.523168 0.782889
0.808523 0.206586
0.15573 0.873669
0.518646 0.692549
0.353825 0.687422
0.581057 0.877694
0.448024 0.842262
0.631712 0.290029
0.342915 0.24982
0.874912 0.664919
0.327373 0.088898
0.569372 0.638411
0.676058 0.36266
0.13709 0.352629
0.139139 0.329476
0.879441 0.605848
0.0631782 0.751379
0.800118 0.202038
0.676707 0.340604
0.873127 0.0587481
0.154836 0.436564
0.134658 0.449965
0.332663 0.629678
0.756508 0.688855
0.894386 0.695067
0.355952 0.227247
0.782764 0.914114
0.864292 0.465412
0.30273 0.849148
0.83481 0.378392
0.175941 0.772629
0.877769 0.261828
0.541657 0.807934
0.40442 0.211603
0.155343 0.29655
0.255327 0.162073
0.725374 0.265444
0.608136 0.0798762
0.890744 0.384493
0.751841 0.800325
0.235183 0.21999
0.114939 0.849311
0.123765 0.855595
0.32838 0.293982
0.767144 0.179282
0.671473 0.930714
0.870745 0.660853
0.188384 0.472048
0.463112 0.552064
0.697601 0.60741
0.844472 0.919093
0.766999 0.596173
0.210312 0.37991
0.642041 0.111928
0.74547 0.41145
0.882412 0.814813
0.514207 0.835776
0.688013 0.535715
0.765264 0.0955584
0.842079 0.571516
0.183715 0.47939
0.529375 0.116786
0.144371 0.675994
0.600501 0.608171
0.253256 0.290529
0.22557 0.147691
0.234596 0.817603
0.705657 0.449807
0.350087 0.357157
0.559235 0.0806268
0.753638 0.443371
0.856197 0.279168
0.320766 0.581944
0.774641 0.133463
0.595672 0.594814
0.685301 0.788253
0.197865 0.298516
0.864897 0.250786
0.848868 0.49781
0.823817 0.137717
0.775138 0.0576396
0.232067 0.052411
0.191254 0.860061
0.462226 0.374402
0.298018 0.0248492
0.473049 0.072722
0.444804 0.384102
0.323169 0.779263
0.913122 0.152501
0.883064 0.566735
0.709798 0.588811
0.352795 0.777081
0.771094 0.259509
0.0126157 0.644793
0.737311 0.837826
0.814745 0.550267
0.869401 0.0778481
0.609362 0.877198
0.919922 0.111341
0.288027 0.307393
0.0630019 0.744559
0.379946 0.494544
0.133608 0.694475
0.2758 0.102576
0.793765 0.19137
0.67755 0.510331
0.745147 0.090691
0.283013 0.531416
0.281079 0.281293
0.186714 0.0738089
0.131452 0.958953
0.574558 0.0322864
0.244344 0.279756
0.898582 0.0730337
0.205744 0.213142
0.341297 0.255199
0.915898 0.747205
0.744812 0.119397
0.417263 0.0316213
0.210941 0.218301
0.24829 0.840395
0.728837 0.946902
0.899292 0.101194
0.512768 0.168553
0.278639 0.699702
0.231568 0.412283
0.719358 0.846804
0.419448 0.73156
0.923548 0.377597
0.762415 0.180323
0.59489 0.104382
0.41432 0.534387
0.821108 0.18744
0.655345 0.269932
0.246476 0.863301
0.485394 0.420419
0.74119 0.216187
0.376628 0.647795
0.247344 0.836087
0.870118 0.498375
0.591861 0.0854032
0.893706 0.299065
0.878047 0.323863
0.0984848 0.825938
0.681316 0.848151
0.172733 0.310146
0.928896 0.480527
0.811718 0.796817
0.636515 0.46927
0.102759 0.827078
0.327905 0.538006
0.2545 0.0862573
0.739821 0.66167
0.727243 0.933496
0.540358 0.567992
0.467117 0.166717
0.654079 0.35283
0.433397 0.519287
0.678593 0.501668
0.382575 0.342363
0.318337 0.41553
0.609751 0.251483
0.860621 0.430236
0.0951659 0.492847
0.856788 0.0851996
0.36715 0.190739
0.599935 0.620883
0.253712 0.34348
