0.73067 0.936819
0.390924 0.155892
0.493929 0.535933
0.498454 0.657423
0.823445 0.905642
0.0863544 0.725469
0.520957 0.177948
0.720241 0.404252
0.542322 0.0926819
0.375898 0.671052
0.618697 0.861019
0.248996 0.639172
0.445498 0.354681
0.869075 0.299744
0.34816 0.47332
0.327692 0.0787901
0.410316 0.718759
0.234619 0.904244
0.254406 0.73313
0.561514 0.0779434
0.638638 0.647797
0.803413 0.1596
0.825829 0.523616
0.563717 0.368159
0.616557 0.939958
0.0391251 0.235171
0.801117 0.288173
0.87412 0.246392
0.642799 0.743388
0.546561 0.990815
0.216728 0.874102
0.0699351 0.627138
0.592543 0.30444
0.531215 0.847246
0.0375759 0.0930131
0.925005 0.676211
0.740891 0.728598
0.835816 0.566468
0.252265 0.399719
0.934756 0.868892
0.339563 0.974023
0.104041 0.140587
0.261968 0.978392
0.387287 0.905071
0.721844 0.93344
0.895902 0.938357
0.807635 0.965719
0.565697 0.400427
0.270293 0.0969526
0.247466 0.30781
0.189901 0.172491
0.984002 0.930323
0.90103 0.819815
0.497321 0.153558
0.219244 0.431998
0.0223334 0.559061
0.405936 0.126349
0.699554 0.668029
0.104643 0.0868029
0.572931 0.826305
0.0210112 0.469801
0.764799 0.828163
0.434762 0.330414
0.228509 0.705137
0.427337 0.475837
0.0127594 0.617155
0.648247 0.996863
0.548008 0.549349
0.816569 0.045243
0.702833 0.0360105
0.47704 0.725134
0.59483 0.883013
0.851349 0.294509
0.551125 0.955879
0.381387 0.124028
0.782216 0.401859
0.593053 0.547272
0.230294 0.0277086
0.877832 0.458395
0.732817 0.305306
0.934353 0.745715
0.922543 0.582644
0.742466 0.470208
0.132425 0.558991
0.515637 0.835175
0.595195 0.992665
0.560218 0.189974
0.875836 0.411741
0.484513 0.426946
0.367904 0.866117
0.551065 0.150155
0.267971 0.143833
0.697524 0.497997
0.171783 0.575251
0.956432 0.904392
0.88041 0.890877
0.650189 0.802919
0.473426 0.392639
0.273284 0.605603
0.951845 0.788971
0.440785 0.546811
0.781445 0.00113231
0.736881 0.657345
0.41299 0.221283
0.0844316 0.780913
0.0874621 0.635174
0.930816 0.355126
0.779136 0.628537
0.853237 0.950626
0.203768 0.809649
0.855043 0.0842586
0.700401 0.505214
0.887258 0.173744
0.897891 0.160445
0.779702 0.849413
0.949267 0.220158
0.396441 0.731037
0.221685 0.133381
0.388263 0.634633
0.35457 0.472429
0.415477 0.442061
0.107692 0.346517
0.797379 0.886605
0.975041 0.650666
0.83716 0.178814
0.460181 0.692305
0.263253 0.160618
0.197614 0.150504
0.334553 0.0954059
0.31106 0.114157
0.944657 0.260335
0.334559 0.341396
0.991197 0.556239
0.474479 0.379794
0.190753 0.829077
0.852352 0.606146
0.271117 0.960034
0.952763 0.0684189
0.846411 0.927821
0.719167 0.683818
0.106653 0.179385
0.376064 0.369859
0.340068 0.573703
0.520311 0.674622
0.669013 0.831291
0.788679 0.61373
0.0920415 0.123121
0.955093 0.0832748
0.679055 0.429601
0.463245 0.869935
0.25864 0.315474
0.47617 0.529698
0.275404 0.428829
0.597942 0.121923
0.356661 0.317236
0.805442 0.463404
0.496612 0.181782
0.833313 0.836779
0.755331 0.353572
0.511143 0.424321
0.185207 0.299778
0.0381387 0.276778
0.422934 0.993369
0.360296 0.10207
0.422848 0.82355
0.971784 0.68143
0.138875 0.447991
0.210933 0.414165
0.876909 0.809206
0.535996 0.233706
0.126534 0.34163
0.697065 0.623122
0.523335 0.530201
0.459673 0.278675
0.884004 0.971045
0.703003 0.0689469
0.270783 0.741414
0.345872 0.693681
0.734553 0.706223
0.795593 0.157269
0.529637 0.767471
0.838638 0.66841
0.215598 0.0494574
0.0827312 0.0924201
0.858966 0.618656
0.32591 0.985528
0.960326 0.0229771
0.60847 0.483728
0.553225 0.0682504
0.762367 0.437216
0.0387858 0.464932
0.506152 0.31008
0.206516 0.852032
0.00368382 0.940892
0.558167 0.79938
0.098223 0.0880415
0.566887 0.93678
0.756435 0.78224
0.986363 0.838957
0.874626 0.84535
0.457884 0.200537
0.830774 0.418198
0.223429 0.439154
0.902236 0.776872
0.507545 0.664617
0.213844 0.546738
0.129924 0.720055
0.856769 0.336517
0.572135 0.860514
0.277489 0.130382
0.659801 0.375559
0.218244 0.226633
0.312463 0.974802
0.00875643 0.298652
0.813854 0.883433
0.144106 0.271713
0.0839255 0.974881
0.68995 0.307421
0.413941 0.592113
0.0839396 0.921376
0.256791 0.298176
0.468332 0.386692
0.0180879 0.324956
0.723328 0.590368
0.18591 0.000654621
0.720636 0.845476
0.376504 0.939072
0.0720065 0.688876
0.913585 0.080939
0.987546 0.727458
0.964467 0.131631
0.998875 0.0487225
0.106515 0.68907
0.355753 0.520436
0.281343 0.43995
0.44203 0.53798
0.738011 0.910138
0.924751 0.75615
0.23535 0.647869
0.346572 0.421023
0.648643 0.0671081
0.26681 0.0246818
0.00603631 0.338689
0.713889 0.919747
0.419809 0.701557
0.647236 0.384369
0.833274 0.646316
0.432709 0.939894
0.335683 0.788391
0.460287 0.616892
0.228186 0.902423
0.154654 0.966041
0.812634 0.079386
0.722241 0.0479684
0.727384 0.0686086
0.469281 0.375905
0.135797 0.735812
0.400933 0.142041
0.0748621 0.114883
0.0614755 0.494585
0.816265 0.709082
0.87892 0.649236
0.355592 0.311417
0.589099 0.691138
0.099591 0.0496593
0.308107 0.32801
0.951946 0.46271
0.294191 0.764638
0.542154 0.0162339
0.812572 0.269687
0.0849885 0.281721
0.645636 0.220651
0.0174005 0.0469388
0.362712 0.092314
0.161398 0.42442
0.58714 0.977706
0.133562 0.465831
0.627048 0.489132
0.777165 0.216279
0.180161 0.877004
0.265669 0.488231
0.205117 0.217626
0.950885 0.499252
0.981926 0.493232
0.51554 0.794727
0.76281 0.600437
0.0763656 0.408227
0.820894 0.0939441
0.454874 0.183611
0.186567 0.616412
0.608142 0.773344
0.593951 0.741703
0.239188 0.221213
0.230839 0.0164892
0.437452 0.410833
0.893586 0.703167
0.899152 0.0984567
0.920734 0.85017
0.597686 0.902734
0.34327 0.113234
0.697598 0.106017
0.713442 0.77377
0.514227 0.534545
0.867948 0.969197
0.718388 0.0542558
0.585556 0.326389
0.827534 0.179805
0.0680005 0.0667469
0.400826 0.298704
0.083147 0.838257
0.70989 0.976527
0.541505 0.60881
0.07517 0.462226
0.458939 0.672842
0.365183 0.802262
0.785948 0.0627018
0.908046 0.499624
0.836584 0.422322
0.0342823 0.704476
0.391806 0.752801
0.758992 0.977502
0.0791685 0.586223
0.157268 0.147208
0.653015 0.558069
0.446026 0.736202
0.396422 0.155836
0.712849 0.937993
0.764621 0.7878
0.400282 0.223488
0.460755 0.765558
0.025801 0.24684
0.827875 0.93409
0.746503 0.664609
0.356582 0.780823
0.369033 0.748326
0.533382 0.127771
0.725749 0.612594
0.713906 0.882731
0.759748 0.36689
0.440955 0.205735
0.103133 0.837342
0.361547 0.815834
0.775446 0.126045
0.603631 0.175783
0.349525 0.0644636
0.941059 0.37519
0.311343 0.769535
0.309289 0.0577072
0.43379 0.66595
0.83845 0.802782
0.414171 0.371875
0.930494 0.13986
0.984405 0.644369
0.0228127 0.744381
0.00997333 0.47091
0.950115 0.114165
0.30128 0.311561
0.930135 0.0766466
0.437583 0.533872
0.252601 0.787181
0.598395 0.193844
0.162492 0.909557
0.963245 0.471905
0.967033 0.396759
0.137965 0.80575
0.19975 0.55193
0.177795 0.130454
0.691853 0.162225
0.774675 0.714679
0.906638 0.786058
0.178603 0.856526
0.900212 0.479674
0.168108 0.830439
0.556494 0.605591
0.364382 0.809204
0.392742 0.962674
0.00302964 0.555271
0.872141 0.96609
0.0672929 0.805126
0.363021 0.16492
0.645181 0.563036
0.716817 0.822678
0.693309 0.408683
0.985027 0.468196
0.123361 0.891617
0.25412 0.301914
0.748202 0.15434
0.781487 0.916134
0.984425 0.337767
0.521906 0.348799
0.14716 0.914523
0.311569 0.150165
0.469761 0.183627
0.116404 0.496856
0.0252797 0.480403
0.661579 0.668095
0.04248 0.378125
0.490826 0.735905
0.786992 0.476011
0.203985 0.910353
0.367798 0.457873
0.212204 0.116048
0.612326 0.993793
0.032182 0.596973
0.331789 0.554125
0.945835 0.478999
0.46858 0.257286
0.629264 0.938382
0.44105 0.745513
0.43507 0.463888
0.224734 0.0966889
0.131914 0.267419
0.475197 0.622989
0.00289616 0.262148
0.0991406 0.207001
0.17246 0.466933
0.665027 0.384459
0.582868 0.277235
0.37822 0.61516
0.874254 0.710137
0.169295 0.820026
0.189024 0.637865
0.0774113 0.817833
0.576241 0.518215
0.563299 0.0115947
0.982085 0.788215
0.108318 0.114103
0.0554491 0.583419
0.737174 0.0585381
0.845521 0.836369
0.265432 0.0177196
0.303365 0.930838
0.402482 0.886373
0.208147 0.780895
0.50155 0.0822505
0.490982 0.67062
0.902225 0.679849
0.308485 0.979653
0.497985 0.884808
0.497934 0.0613132
0.89609 0.479865
0.849526 0.00421267
0.594093 0.904998
0.587858 0.331082
0.963697 0.43346
0.167478 0.229323
0.451294 0.470696
0.160139 0.854053
0.356958 0.368348
0.634846 0.858288
0.450291 0.125956
0.52895 0.352466
0.805794 0.837395
0.332004 0.303938
0.721949 0.829784
0.365091 0.618306
0.309744 0.214704
0.62265 0.903823
0.119745 0.21053
0.234925 0.0832422
0.643992 0.402612
0.31275 0.0952758
0.87332 0.472671
0.949026 0.230078
0.841025 0.583989
0.0886596 0.291255
0.709969 0.617546
0.643754 0.515812
0.454991 0.975848
0.819546 0.176988
0.805708 0.184751
0.795141 0.115649
0.399539 0.418015
0.0192358 0.519423
0.62848 0.254506
0.602465 0.272529
0.657203 0.915102
0.367837 0.530362
0.387727 0.317014
0.760921 0.228879
0.901076 0.849584
0.520095 0.610924
0.467052 0.16382
0.12687 0.921741
0.139525 0.946437
0.0986311 0.945434
0.131262 0.894012
0.0610791 0.530645
0.312131 0.0807296
0.0497649 0.940734
0.33509 0.652328
0.213175 0.992345
0.567491 0.580857
0.523099 0.955129
0.897857 0.283739
0.184089 0.799144
0.133125 0.703912
0.410324 0.600231
0.867907 0.537176
0.522017 0.00749806
0.483749 0.620868
0.95293 0.614926
0.514883 0.0139948
0.14562 0.827018
0.0947564 0.195277
0.767502 0.430061
0.847783 0.980842
0.422479 0.415013
0.56204 0.945584
0.370408 0.45999
0.229308 0.554465
0.259011 0.362671
0.258509 0.669557
0.962796 0.126148
0.206678 0.484675
0.133831 0.69031
0.105619 0.0869574
0.305114 0.620458
0.101103 0.450706
0.447429 0.195824
0.6461 0.215181
0.625758 0.493666
0.196201 0.0483634
0.908786 0.758064
0.993764 0.27877
0.218069 0.223226
0.833613 0.476986
0.585752 0.0920693
0.146834 0.548559
0.21848 0.353403
0.03336 0.352124
0.0437323 0.138989
0.439193 0.348723
0.759344 0.540176
0.799406 0.20689
0.735949 0.445451
0.422142 0.361903
0.938994 0.618123
0.410314 0.848013
0.376227 0.404224
0.126962 0.594109
0.627736 0.96055
0.0714214 0.213229
0.0527349 0.217962
0.761989 0.271185
0.571264 0.795372
0.623507 0.614875
0.934199 0.0626981
0.963619 0.693754
0.60285 0.763318
0.9004 0.338855
0.208806 0.322625
0.700853 0.14793
0.940724 0.111067
0.995752 0.316569
0.515516 0.123098
0.91102 0.142871
0.0836108 0.982389
0.356396 0.136433
0.200583 0.118344
0.407584 0.772004
0.913386 0.0307832
0.386998 0.847993
0.0936682 0.350708
0.541538 0.696587
0.114075 0.442064
0.0354989 0.322657
0.764755 0.736419
0.470825 0.705241
0.847618 0.46656
0.0221315 0.362939
0.589929 0.933158
0.506151 0.673303
0.915515 0.862679
0.809435 0.115987
0.980656 0.216883
0.887633 0.894593
0.247954 0.274702
0.742162 0.341703
0.625463 0.28364
0.0381348 0.73953
0.725864 0.073693
0.0621369 0.490268
0.810064 0.533153
0.195623 0.657729
0 0.225169
0.0208069 0.58968
0.150957 0.526947
0.263086 0.0665514
0.389489 0.0725853
0.182294 0.370207
0.289743 0.0702265
0.264551 0.537733
0.344831 0.00702986
0.879351 0.970316
0.290753 0.91768
0.709862 0.0163867
0.991111 0.772168
0.506905 0.801403
0.305388 0.702613
0.45915 0.305334
0.920169 0.479965
0.89514 0.0710028
0.00693524 0.158215
0.13764 0.396282
0.231056 0.320003
0.766544 0.520699
0.390079 0.0312914
0.0583798 0.735028
0.0381857 0.937688
0.705089 0.328929
0.855267 0.414979
0.345408 0.846508
0.187265 0.852056
0.647652 0.492584
0.554731 0.106894
0.798149 0.474986
0.58665 0.693206
0.546076 0.593576
0.851612 0.68351
0.990022 0.0823513
0.00356566 0.756791
0.603165 0.393711
0.787873 0.661629
0.128698 0.826175
0.599404 0.833686
0.154928 0.454588
0.248895 0.500197
0.300876 0.435985
0.352476 0.948798
0.928725 0.906959
0.055478 0.726788
0.381811 0.642401
0.419945 0.928153
0.236096 0.271459
0.611601 0.226025
0.354021 0.615082
0.982722 0.95677
0.00887199 0.770776
0.618842 0.13742
0.596785 0.218225
0.971235 0.751643
0.672802 0.219944
0.251921 0.973634
0.656285 0.60445
0.922349 0.584828
0.511516 0.977686
0.311786 0.8937
0.620087 0.731655
0.821417 0.856255
0 0.443589
0.0822306 0.357167
0.0481302 0.0650907
0.314511 0.0571964
0.835561 0.933469
0.194448 0.432327
0.151709 0.165898
0.184176 0.824374
0.386006 0.436036
0.798074 0.0422988
0.0404321 0.720457
0.627279 0.551914
0.698245 0.938827
0.445356 0.318209
0.670537 0.266704
0.174445 0.673759
0.699839 0.256858
0.0310825 0.747976
0.321685 0.34569
0.804842 0.157373
0.278942 0.999687
0.589806 0.4307
0.165137 0.773779
0.255191 0.551216
0.210035 0.0531572
0.593391 0.250363
0.773571 0.220714
0.802297 0.471756
0.159502 0.247742
0.790088 0.829971
0.514462 0.964544
0.503864 0.214181
0.221424 0.534953
0.961902 0.543312
0.880525 0.767101
0.700542 0.159481
0.766303 0.29033
0.590424 0.931427
0.0641682 0.845544
0.482562 0.2741
0.898809 0.0760439
0.52437 0.672559
0.296871 0.326821
0.144312 0.45633
0.574508 0.934398
0.286505 0.0888813
0.899156 0.790381
0.303124 0.120494
0.32498 0.265248
0.663586 0.205605
0.0321551 0.363929
0.36548 0.798502
0.654656 0.955709
0.73008 0.718601
0.801319 0.212641
0.992506 0.700326
0.288835 0.51698
0.372793 0.585692
0.843721 0.517069
0.0421417 0.417998
0.451598 0.32849
0.507211 0.35064
0.119049 0.810313
0.47113 0.444031
0.0755009 0.134882
0.649795 0.107574
0.499031 0.0149552
0.906005 0.153403
0.970656 0.63618
0.872228 0.77232
0.848825 0.864952
0.472542 0.137738
0.381987 0.845514
0.723325 0.225633
0.362574 0.765635
0.644007 0.814031
0.0940727 0.1511
0.164864 0.212939
0.961234 0.635992
0.656889 0.0366297
0.770747 0.306746
0.144241 0.269929
0.321688 0.0506934
0.423354 0.292395
0.686676 0.295668
0.0647542 0.535451
0.16065 0.537155
0.673374 0.542531
0.382578 0.396649
0.768237 0.745015
0.16219 0.412118
0.559168 0.256222
0.563196 0.723913
0.469246 0.5247
0.359798 0.126156
0.561286 0.13062
0.432895 0.70567
0.400552 0.754803
0.756127 0.823862
0.0471632 0.442503
0.119715 0.111835
0.978109 0.279937
0.649168 0.651489
0.822632 0.031675
0.0481646 0.591095
0.776598 0.210507
0.00317193 0.335572
0.466846 0.566308
0.0595764 0.936123
0.0909253 0.419332
0.0622569 0.65235
0.550097 0.49521
0.357998 0.950657
0.24989 0.114232
0.774564 0.297277
0.556912 0.894236
0.409133 0.535388
0.174605 0.0581404
0.186839 0.997102
0.0898964 0.235025
0.588133 0.866401
0.445476 0.591249
0.20228 0.912316
0.157462 0.261887
0.84823 0.24851
0.681568 0.910612
0.900549 0.231446
0.405815 0.258737
0.182254 0.655934
0.372995 0.956806
0.95295 0.929642
0.850999 0.362096
0.465089 0.0255558
0.42037 0.652024
0.0226978 0.510752
0.887065 0.610615
0.376951 0.332469
0.202186 0.579307
0.244816 0.359847
0.841225 0.0931155
0.608306 0.52268
0.00381855 0.509017
0.75415 0.409762
0.767897 0.936596
0.0656845 0.140817
0.893191 0.0184763
0.0706511 0.744337
0.380867 0.535869
0.769787 0.801326
0.187798 0.792542
0.311714 0.0748476
0.403347 0.688716
0.407287 0.605601
0.268 0.652135
0.965344 0.109118
0.745307 0.573672
0.632045 0.749165
0.0828777 0.386382
0.158875 0.850763
0.322912 0.224346
0.991368 0.21623
0.243073 0.0621995
0.960343 0.623902
0.598061 0.730275
0.425212 0.786089
0.522695 0.736918
0.860747 0.926229
0.425707 0.267965
0.531699 0.693608
0.920069 0.496969
0.802874 0.665508
0.0706813 0.434965
0.41445 0.153628
0.821423 0.573236
0.00418202 0.144215
0.797931 0.995592
0.360464 0.040865
0.0578503 0.320832
0.664729 0.656077
0.051189 0.0900525
0.441957 0.573809
0.826996 0.302611
0.49988 0.252624
0.570794 0.0315865
0.946058 0.491014
0.528445 0.74912
0.156533 0.599275
0.184137 0.570955
0.752734 0.00530835
0.144318 0.756837
0.149653 0.94188
0.752739 0.510143
0.982929 0.810547
0.831296 0.647423
0.466713 0.882428
0.737629 0.908536
0.456183 0.564454
0.211381 0.956071
0.816975 0.782151
0.987698 0.763207
0.272967 0.51639
0.512182 0.429403
0.115611 0.696134
0.281137 0.657002
0.701749 0.144479
0.625248 0.851525
0.0865477 0.377657
0.361927 0.069349
0.1885 0.193185
0.716965 0.655099
0.0754579 0.454319
0.563669 0.531698
0.0189794 0.775188
0.487979 0.835885
0.556966 0.47569
0.599025 0.829854
0.99215 0.111047
0.259473 0.10773
0.807393 0.259861
0.976114 0.509451
0.404254 0.601362
0.360924 0.490699
0.979086 0.72281
0.560176 0.167437
0.915818 0.276844
0.822483 0.991254
0.731243 0.386249
0.52314 0.750309
0.161282 0.0110738
0.586031 0.718217
0.486911 0.185171
0.548188 0.47898
0.296387 0.807741
0.586758 0.103703
0.0675013 0.562802
0.612926 0.471788
0.164086 0.973858
0.962656 0.143105
0.69689 0.52292
0.310794 0.612766
0.79959 0.133439
0.60432 0.531112
0.519568 0.127703
0.281309 0.680922
0.138899 0.867704
0.398844 0.625784
0.0525909 0.947251
0.104792 0.348909
0.755176 0.691486
0.45246 0.822857
0.254314 0.0655968
0.294669 0.41846
0.0395837 0.257221
0.561762 0.736338
0.780047 0.872614
0.349023 0.579792
0.0062054 0.953351
0.111062 0.52552
0.0808543 0.392388
0.206289 0.219804
0.260143 0.605196
0.845504 0.31265
0.552524 0.950125
0.66147 0.307474
0.641701 0.114125
0.130206 0.895928
0.179543 0.424759
0.314427 0.21907
0.681747 0.876249
0.955268 0.461991
0.74885 0.304049
0.0419144 0.7551
0.257476 0.152902
0.280578 0.338584
0.545347 0.486817
0.557978 0.805528
0.0920176 0.403591
0.118267 0.644494
0.353912 0.779846
0.952332 0.995248
0.893926 0.0821067
0.891306 0.0734814
0.506918 0.20597
0.29245 0.188807
0.0822152 0.247658
0.650945 0.831122
0.551807 0.692604
0.58605 0.809326
0.845479 0.866739
0.147717 0.390911
0.353512 0.70598
0.196462 0.445619
0.109615 0.314716
0.0901286 0.46342
0.0944565 0.042228
0.45918 0.988538
0.124431 0.350302
0.0620637 0.631317
0.556249 0.354477
0.82023 0.638381
0.602169 0.470911
0.46962 0.154067
0.163827 0.0555534
0.963221 0.00918199
0.922446 0.110984
0.400322 0.275942
0.817118 0.59662
0.721687 0.926509
0.91167 0.81185
0.389791 0.00628072
0.853986 0.848985
0.995064 0.977606
0.199329 0.0566896
0.609503 0.75552
0.411411 0.429714
0.393943 0.0135013
0.900714 0.863703
0.167719 0.0642953
0.919283 0.130821
0.0736665 0.841472
0.242126 0.473903
0.117587 0.0591946
0.0708123 0.839034
0.986039 0.98165
0.650755 0.375799
0.988668 0.504881
0.224584 0.983306
0.483031 0.423964
0.040328 0.0928008
0.179441 0.451602
0.522268 0.573268
0.465092 0.423067
0.436984 0.632827
0.487332 0.356128
0.763695 0.561062
0.198061 0.00582218
0.0347734 0.315182
0.0650654 0.105772
0.154632 0.0507845
0.0882587 0.805335
0.4267 0.0766411
0.309972 0.651279
0.0602313 0.793243
0.075184 0.10036
0.885716 0.254426
0.552007 0.408245
0.827966 0.0171481
0.831136 0.264998
0.64981 0.318467
0.621252 0.413572
0.87967 0.819171
0.419588 0.91474
0.134537 0.484716
0.0202081 0.28875
0.5355 0.108415
0.0942634 0.962049
0.184995 0.404635
0.613227 0.24518
0.197896 0.688472
0.345578 0.083737
0.943154 0.897452
0.491882 0.771138
0.914373 0.322882
0.0362654 0.564538
0.641625 0.657333
0.978199 0.521413
0.476393 0.397793
0.435871 0.610949
0.882323 0.45593
0.900147 0.417653
0.564665 0.994404
0.379942 0.749549
0.399284 0.993388
0.994535 0.596996
0.681507 0.34021
0.680554 0.624755
0.23773 0.172452
0.395641 0.152328
0.495349 0.431983
0.716814 0.13701
0.08934 0.694902
0.658308 0.566038
0.0927815 0.0942404
0.17694 0.974932
0.550089 0.0770135
0.392935 0.114677
0.0715471 0.772816
0.864053 0.470112
0.765872 0.858594
0.0669913 0.447441
0.19883 0.747618
0.0721031 0.436475
0.919881 0.467956
0.588746 0.415463
0.899758 0.305479
0.552587 0.989409
0 0.218664
0.555483 0.0933049
0.304947 0.732716
0.0685396 0.854939
0.809348 0.461226
0.969721 0.880713
0.234181 0.83381
0.351105 0.999966
0.692312 0.418276
0.44724 0.89114
0.165948 0.519389
0.327669 0.0857727
0.987545 0.916386
0.501233 0.887461
0.222207 0.0535531
0.876637 0.222626
0.264494 0.43227
0.316012 0.569256
0.164769 0.384409
0.42451 0.974291
0.845889 0.393858
0.855108 0.0796982
0.227601 0.206352
0.0795649 0.919843
0.624477 0.526961
0.811131 0.790455
0.0465954 0.138867
0.876167 0.0338895
0.05535 0.377292
0.921224 0.277314
0.431077 0.798373
0.500288 0.695399
0.230579 0.816533
0.264643 0.395387
0.200979 0.689073
0.369633 0.0467078
0.0830112 0.224876
0.126546 0.31051
0.431099 0.206321
0.230647 0.055596
0.73331 0.0414923
0.846193 0.779921
0.180427 0.722275
0.813858 0.235817
0.0997395 0.735272
0.513306 0.530671
0.533611 0.0137148
0.226244 0.764193
0.830018 0.490709
0.159723 0.0309038
0.179969 0.529349
0.0778711 0.262911
0.754087 0.204499
0.573401 0.185272
0.410844 0.804022
0.241025 0.14417
0.845704 0.0869897
0.923907 0.0260431
0.8095 0.737882
0.262035 0.909043
0.473227 0.77546
0.439878 0.00666718
0.789106 0.666027
0.771058 0.619382
0.15681 0.930564
0.650174 0.336838
0.459844 0.728153
0.599805 0.213971
0.932635 0.173154
0.399298 0.343336
0.977293 0.640321
0.487466 0.823084
0.727174 0.411497
0.849278 0.536546
0.149418 0.111188
0.445692 0.622588
0.886614 0.885622
0.629573 0.675623
0.551547 0.400516
0.295005 0.708521
0.331227 0.945564
0.0453963 0.790874
0.6737 0.645059
0.00485732 0.606294
0.818517 0.404205
0.949796 0.795937
0.0444724 0.436968
0.618872 0.771863
0.848754 0.467997
0.308543 0.998275
0.579348 0.754244
0.620844 0.465841
0.63967 0.250332
0.141791 0.19126
0.650866 0.43679
0.899756 0.981924
0.382119 0.944919
0.773002 0.0556637
0.589939 0.77804
0.66184 0.408428
0.182363 0.611769
0.204223 0.226849
0.0490511 0.823126
0.99858 0.897531
0.291288 0.307152
0.895943 0.870853
0.0613721 0.516715
0.336776 0.701264
0.767119 0.47847
0.89244 0.417968
0.915341 0.791971
0.400125 0.297279
0.736792 0.173145
0.353172 0.326814
0.951078 0.0150579
0.735172 0.13346
0.626942 0.939351
0.359921 0.675829
0.762433 0.358738
0.573474 0.0539354
0.665851 0.469584
0.924669 0.727297
0.986116 0.261112
0.428343 0.75367
0.740177 0.320492
0.17176 0.65544
0.112543 0.571853
0.952774 0.849334
0.745096 0.30575
0.175976 0.696187
0.321029 0.911435
0.829716 0.947648
0.850629 0.189704
0.623424 0.613058
0.548427 0.196963
0.667248 0.214328
0.666406 0.591857
0.941581 0.652657
0.853336 0.369877
0.406258 0.593467
0.690418 0.578191
0.248869 0.802973
0.150235 0.201541
0.652065 0.895198
0.507452 0.82833
0.591546 0.828148
0.739377 0.42108
0.775825 0.59006
0.610928 0.399252
0.203448 0.159486
0.596149 0.870341
0.373668 0.262607
0.462475 0.315402
0.915098 0.315643
0.685183 0.321736
0.909259 0.37576
0.899776 0.158073
0.178733 0.0497116
0.359904 0.830972
0.944968 0.867461
0.659217 0.536595
0.695512 0.398711
0.957676 0.471541
0.988437 0.56878
0.870865 0.191812
0.72793 0.466838
0.0626259 0.101874
0.729634 0.524834
0.417216 0.64488
0.84066 0.102402
0.966542 0.750249
0.478354 0.866385
0.908308 0.656925
0.916138 0.267997
0.487927 0.861398
0.135457 0.146792
0.397975 0.831062
0.54556 0.35548
0.302413 0.534242
0.924157 0.173086
0.726464 0.652215
0.64022 0.788861
0.753964 0.369712
0.31401 0.171255
0.0146682 0.154574
0.273664 0.98145
0.904653 0.752088
0.847665 0.813018
0.40902 0.763984
0.0806998 0.896429
0.625361 0.216553
0.0431829 0.0233321
0.0476337 0.589329
0.378794 0.350008
0.123654 0.302882
0.523223 0.849988
0.95509 0.163112
0.638775 0.709107
0.533253 0.952621
0.880354 0.547866
0.107476 0.154101
0.529117 0.0119962
0.906165 0.376864
0.825137 0.315148
0.140745 0.90623
0.211872 0.765982
0.122698 0.255661
0.789077 0.170405
0.844724 0.167876
0.520512 0.968128
0.470859 0.0437104
0.818468 0.426049
0.207129 0.457119
0.135302 0.740234
0.409836 0.0155508
0.288196 0.517285
0.169831 0.817333
0.529395 0.0761687
0.194103 0.354511
0.391069 0.334836
0.260724 0.602987
0.10079 0.383607
0.858469 0.890051
0.553977 0.70338
0.0578513 0.0744815
0.671776 0.528876
0.118024 0.489904
0.954705 0.324997
0.94701 0.0899777
0.0657416 0.356779
0.105805 0.35383
0.87409 0.275479
0.171047 0.403567
0.351641 0.365169
0.75819 0.742684
0.700029 0.0188525
0.345906 0.800774
0.402288 0.204245
0.690821 0.956318
0.90764 0.748743
0.0307787 0.579453
0.27755 0.148823
0.0692909 0.232498
0.474141 0.0164004
0.322627 0.539728
0.373381 0.428354
0.893558 0.247328
0.704008 0.0646585
0.651084 0.0554521
0.429968 0.408991
0.798115 0.129987
0.427847 0.144096
0.930588 0.830411
0.348143 0.621325
0.786729 0.255852
0.370212 0.817546
0.835338 0.647471
0.966371 0.90429
0.880099 0.440331
0.920696 0.202649
0.980161 0.293738
0.631101 0.873925
0.541629 0.335011
0.938525 0.192416
0.390659 0.368562
0.601633 0.188786
0.498483 0.0294517
0.33279 0.429057
0.859995 0.680996
0.0505226 0.646559
0.936911 0.420753
0.463942 0.772091
0.0682828 0.430351
0.67655 0.948245
0.870908 0.597214
0.151182 0.851162
0.891478 0.782395
0.725049 0.432891
0.117339 0.663686
0.625421 0.50809
0.0322664 0.227007
0.697073 0.530862
0.256836 0.0297496
0.959845 0.116178
0.710562 0.0103926
0.763004 0.64766
0.431171 0.226863
0.419677 0.499537
0.657389 0.0960729
0.447895 0.528257
0.693521 0.599097
0.379272 0.584806
0.381469 0.104384
0.0181213 0.499208
0.768208 0.643314
0.00662024 0.80053
0.870516 0.703847
0.331094 0.126872
0.733575 0.290972
0.243315 0.444345
0.285515 0.00850215
0.091908 0.732595
0.2332 0.511579
0.231976 0.890549
0.607696 0.679888
0.418515 0.30107
0.27901 0.798147
0.886183 0.660325
0.902461 0.903937
0.159271 0.67054
0.547209 0.166171
0.47084 0.417545
0.87006 0.802065
0.544524 0.60365
0.0932618 0.787629
0.0480199 0.394297
0.793943 0.139945
0.127074 0.027353
0.65126 0.358972
0.917451 0.259056
0.0388653 0.336108
0.560446 0.317809
0.134441 0.446615
0.978267 0.0368243
0.35049 0.137441
0.707456 0.897626
0.303831 0.178402
0.315189 0.173917
0.980376 0.859535
0.777483 0.0731969
0.647357 0.825478
0.467521 0.441231
0.965268 0.594615
0.468551 0.616956
0.95328 0.385835
0.876182 0.992315
0.722419 0.436483
0.310434 0.857041
0.882863 0.288459
0.893472 0.233153
0.426159 0.601182
0.131145 0.729795
0.779288 0.446264
0.903794 0.759757
0.305865 0.681325
0.832855 0.953327
0.506623 0.300467
0.394383 0.472129
0.894971 0.862992
0.0890126 0.848536
0.248993 0.965123
0.841157 0.971656
0.401418 0.151499
0.828484 0.284482
0.439899 0.722273
0.518176 0.866209
0.323112 0.649243
0.595981 0.102736
0.0956036 0.499644
0.862423 0.401331
0.180828 0.69534
0.354649 0.687647
0.995595 0.749253
0.15975 0.890808
0.612073 0.248555
0.739341 0.861073
0.213624 0.580333
0.832954 0.615012
0.731778 0.661388
0.899695 0.17155
0.383662 0.417772
0.0376388 0.707115
0.0669461 0.633843
0.809636 0.16253
0.133462 0.672073
0.563993 0.314375
0.367431 0.918813
0.00201671 0.363099
0.667944 0.161477
0.254061 0.280108
0.410384 0.993448
0.141281 0.623828
0.573926 0.974128
0.239046 0.305594
0.635566 0.13872
0.477176 0.0190954
0.556565 0.515004
0.725958 0.623561
0.148917 0.535775
0.786119 0.282344
0.208001 0.350161
0.596669 0.575456
0.268864 0.598745
0.938547 0.936556
0.760339 0.192616
0.216868 0.170544
0.186029 0.358135
0.794462 0.759846
0.332351 0.0333624
0.0652175 0.967983
0.172174 0.542504
0.986893 0.728601
0.0574077 0.713234
0.352066 0.206255
0.248941 0.138198
0.488744 0.456755
0.488559 0.0855878
0.0323994 0.757384
0.684498 0.970801
0.693844 0.444351
0.163637 0.910802
0.614679 0.349578
0.269008 0.4091
0.109317 0.601289
0.442384 0.174621
0.569382 0.61454
0.71705 0.55655
0.343258 0.774771
0.269643 0.695545
0.981061 0.518601
0.833526 0.469625
0.975094 0.321607
0.555375 0.00768058
0.0790649 0.239576
0.978423 0.773131
0.68398 0.14193
0.68397 0.299017
0.491566 0.952846
0.708161 0.600801
0.554445 0.150612
0.775452 0.123756
0.765405 0.492555
0.680168 0.108342
0.26735 0.949783
0.803795 0.248497
0.468223 0.637355
0.718259 0.443447
0.959187 0.273514
0.450985 0.0383899
0.513165 0.429632
0.811484 0.197239
0.57143 0.495266
0.496242 0.0630027
0.448367 0.204398
0.663925 0.00278352
0.355157 0.43926
0.126496 0.120322
0.931978 0.806701
0.228894 0.19942
0.756258 0.0326078
0.447898 0.224414
0.66994 0.166067
0.667891 0.629308
0.439874 0.119027
0.667818 0.953075
0.548344 0.479088
0.150489 0.119808
0.974394 0.646561
0.182769 0.422839
0.85105 0.846742
0.425559 0.206011
0.285946 0.551961
0.326295 0.21803
0.358703 0.555235
0.417533 0.115051
0.587858 0.865177
0.33921 0.257903
0.0309928 0.00746181
0.88707 0.471248
0.126335 0.554636
0.424291 0.674691
0.0338435 0.57489
0.794371 0.00836093
0.221289 0.977254
0.431198 0.0722132
0.824047 0.856785
0.278483 0.110071
0.408645 0.604873
0.328322 0.767432
0.16001 0.745677
0.882339 0.748042
0.611196 0.22165
0.00564224 0.642755
0.228928 0.89288
0.114255 0.355178
0.447617 0.538779
0.0316023 0.482246
0.113641 0.824129
0.489634 0.334989
0.801498 0.920927
0.407395 0.625755
0.777495 0.685889
0.735732 0.186232
0.29054 0.0639958
0.953693 0.450749
0.809792 0.835998
0.198592 0.421064
0.0576814 0.204357
0.0637618 0.286624
0.0973161 0.177897
0.641682 0.544824
0.716738 0.671437
0.02616 0.830222
0.495552 0.515811
0.165228 0.29721
0.436494 0.572522
0.922585 0.213914
0.258337 0.658567
0.400269 0.549019
0.722454 0.353899
0.99971 0.532345
0.189868 0.19841
0.95305 0.247261
0.402834 0.0168772
0.53404 0.500227
0.195144 0.175766
0.0448539 0.91169
0.847244 0.0710629
0.741813 0.342837
0.587055 0.907274
0.639848 0.0234009
0.479853 0.562778
0.237401 0.738095
0.221092 0.637708
0.287174 0.943822
0.991482 0.286489
0.475888 0.181567
0.485296 0.429173
0.428805 0.888355
0.446231 0.96305
0.388322 0.641131
0.138734 0.433469
0.552955 0.985889
0.504451 0.294758
0.328806 0.091445
0.201742 0.968629
0.114927 0.681594
0.531449 0.352333
0.419836 0.752695
0.990186 0.706966
0.696494 0.981872
0.993692 0.172351
0.163394 0.479205
0.601216 0.592346
0.367417 0.0474611
0.55506 0.755941
0.688527 0.694152
0.189412 0.241512
0.679981 0.693852
0.536039 0.0087632
0.785496 0.738135
0.977532 0.900189
0.419531 0.509011
0.252687 0.839521
0.261612 0.243048
0.546311 0.957753
0.224897 0.540265
0.130087 0.38822
0.0192669 0.731491
0.980172 0.386509
0.778833 0.535833
0.142884 0.467455
0.230079 0.332193
0.708902 0.909835
0.0260378 0.244877
0.918794 0.811381
0.982795 0.896116
0.711526 0.402322
0.405347 0.964454
0.241716 0.666862
0.207411 0.788007
0.624736 0.432217
0.328218 0.754792
0.820334 0.347714
0.486279 0.801135
0.734486 0.265026
0.337037 0.87745
0.732396 0.566755
0.209252 0.441335
0.476743 0.235477
0.686024 0.395602
0.0465032 0.668948
0.291895 0.758414
0.0711215 0.697238
0.722652 0.312971
0.364242 0.930161
0.100982 0.988794
0.362481 0.429142
0.743498 0.182838
0.776661 0.229687
0.983952 0.511209
0.494676 0.320807
0.388273 0.227116
0.887684 0.597446
0.668163 0.364266
0.832966 0.354491
0.760042 0.879636
0.0230938 0.0523077
0.63804 0.0946649
0.749116 0.360686
0.407684 0.113307
0.290683 0.508485
0.101953 0.653089
0.937629 0.845609
0.836079 0.714362
0.0752026 0.819763
0.22544 0.569815
0.140713 0.613752
0.796948 0.0282798
0.211505 0.465314
0.392677 0.0444801
0.819749 0.152727
0.924154 0.84326
0.204615 0.562199
0.937764 0.953584
0.922602 0.345368
0.0670514 0.213586
0.853975 0.168858
0.866701 0.791743
0.014292 0.702891
0.506181 0.0897324
0.522484 0.731533
0.6595 0.663175
0.345418 0.456277
0.691385 0.556898
0.921663 0.0838883
0.60119 0.741404
0.236875 0.525471
0.584476 0.441452
0.0877326 0.522388
0.395149 0.0105445
0.867906 0.462144
0.224082 0.721909
0.631266 0.0908791
0.513646 0.645793
0.79346 0.0196815
0.735422 0.316082
0.751082 0.395023
0.979302 0.096523
0.851473 0.670578
0.653404 0.773021
0.754938 0.254761
0.514633 0.991586
0.780125 0.0990991
0.433218 0.86799
0.621596 0.828501
0.878391 0.4894
0.290924 0.102615
0.211317 0.922243
0.193386 0.725085
0.568143 0.986922
0.744745 0.303433
0.302874 0.495884
0.698409 0.282286
0.592759 0.54977
0.952647 0.245826
0.322821 0.707856
0.500718 0.837387
0.699485 0.280895
0.936512 0.132686
0.148979 0.5581
0.961249 0.0273584
0.0476928 0.252198
0.129766 0.259088
0.17433 0.323415
0.983975 0.742359
0.310263 0.728995
0.0457495 0.613264
0.224835 0.744225
0.895409 0.817466
0.294263 0.848381
0.06345 0.617124
0.556151 0.564193
0.454395 0.255662
0.845154 0.391009
0.388677 0.994114
0.94883 0.349551
0.0122416 0.991549
0.602093 0.151427
0.255747 0.776498
0.474688 0.239906
0.518834 0.785126
0.968352 0.564798
0.398081 0.193637
0.308916 0.293762
0.0109175 0.602976
0.142204 0.0744185
0.220202 0.69819
0.638693 0.674497
0.953916 0.483973
0.065574 0.342235
0.47813 0.0147221
0.692171 0.499647
0.0111484 0.293944
0.650921 0.267001
0.0707254 0.125879
0.507084 0.589373
0.91085 0.47573
0.154095 0.309345
0.669141 0.46314
0.602971 0.680328
0.0661161 0.745168
0.754827 0.286136
0.443404 0.393429
0.96055 0.396887
0.87736 0.0261412
0.739505 0.355564
0.0410335 0.431408
0.855121 0.0522113
0.72603 0.506069
0.319677 0.796768
0.631906 0.826432
0.386034 0.542836
0.302066 0.540164
0.852016 0.971332
0 0.464312
0.651651 0.0692642
0.200046 0.406459
0.355318 0.643457
0.800026 0.316184
0.0404224 0.67747
0.342645 0.780239
0.0329751 0.383298
0.21189 0.888139
0.435992 0.938038
0.394274 0.755419
0.734565 0.0260163
0.581753 0.120518
0.569015 0.883947
0.660645 0.420913
0.855283 0.663972
0.875692 0.506647
0.733364 0.0760302
0.913259 0.0887527
0.719589 0.713124
0.405104 0.760318
0.390645 0.747725
0.54031 0.423535
0.13125 0.752304
0.311614 0.567083
0.690185 0.705907
0.322511 0.424609
0.732037 0.904138
0.545272 0.300842
0.788081 0.206172
0.721864 0.643297
0.870128 0.597617
0.150208 0.603391
0.673907 0.0632027
0.692122 0.393548
0.776108 0.0972894
0.15354 0.166855
0.845044 0.693941
0.590497 0.976181
0.446262 0.901992
0.543303 0.136556
0.607754 0.86553
0.561228 0.339741
0.769967 0.106616
0.640844 0.558191
0.312605 0.362974
0.201535 0.182865
0.960416 0.351239
0.786468 0.634444
0.41468 0.478502
0.0280768 0.190877
0.575773 0.181592
0.358009 0.420662
0.875498 0.948232
0.396829 0.32171
0.850196 0.940183
0.458141 0.458069
0.806011 0.0194616
0.797998 0.575801
0.12603 0.438889
0.134067 0.438858
0.801751 0.335488
0.621546 0.762106
0.686917 0.407912
0.396751 0.10175
0.886409 0.424439
0.292716 0.46201
0.606173 0.650623
0.882782 0.481381
0.598867 0.279773
0.803067 0.449152
0.219963 0.261489
0.907174 0.0256672
0.280955 0.705587
0.601794 0.406962
0.144235 0.735887
0.84572 0.945783
0.0713426 0.467313
0.707638 0.758457
0.87522 0.10431
0.86035 0.761399
0.529153 0.153105
0.223572 0.135103
0.80363 0.106214
0.616481 0.402646
0.386042 0.419698
0.85192 0.605792
0.681038 0.758806
0.63208 0.962209
0.464443 0.23373
0.369115 0.60857
0.969361 0.214877
0.554293 0.0412103
0.682318 0.262145
0.799584 0.557408
0.366456 0.66002
0.31902 0.895911
0.813063 0.542236
0.0305348 0.616708
0.648565 0.647229
0.0189353 0.0349256
0.0668069 0.870791
0.640463 0.74825
0.630099 0.272286
0.710508 0.0945029
0.506194 0.0797381
0.702956 0.475728
0.294635 0.257437
0.516953 0.976894
0.519606 0.31645
0.534527 0.886332
0.976485 0.853336
0.78206 0.789527
0.39576 0.812644
0.406184 0.0440752
0.459956 0.425446
0.0788825 0.52682
0.296458 0.719699
0.275294 0.926747
0.992137 0.985158
0.0215586 0.498559
0.0655401 0.724303
0.973672 0.36003
0.98168 0.49082
0.337343 0.501199
0.807242 0.87187
0.387626 0.783852
0.725156 0.169605
0.573223 0.12079
0.982416 0.978797
0.165058 0.442288
0.404958 0.243866
0.96906 0.701428
0.963213 0.244296
0.62799 0.95546
0.230338 0.648977
0.45341 0.295888
0.373353 0.427239
0.655832 0.354916
0.918216 0.993332
0.856402 0.725276
0.865063 0.243627
0.509197 0.590266
0.413532 0.0824638
0.711061 0.395637
0.0608873 0.874159
0.837875 0.466357
0.120337 0.807071
0.167909 0.0835023
0.0517243 0.795924
0.0390576 0.281829
0.444862 0.492573
0.577787 0.818119
0.919583 0.233834
0.173142 0.838057
0.227655 0.0293301
0.563439 0.0926762
0.273203 0.0727078
0.683091 0.686703
0.154963 0.394178
0.0822961 0.216745
0.270465 0.92023
0.683185 0.390667
0.727455 0.850952
0.474263 0.779076
0.647024 0.513362
0.0610679 0.0918704
0.0057576 0.638827
0.910072 0.925841
0.872708 0.0831488
0.763712 0.100392
0.112515 0.327107
0.192877 0.385748
0.399634 0.876326
0.072428 0.554585
0.270394 0.154708
0.771252 0.54081
0.0748262 0.454571
0.931482 0.80242
0.305876 0.405633
0.581369 0.952744
0.918953 0.642268
0.0447738 0.924939
0.28121 0.954764
0.850767 0.154031
0.0377339 0.614578
0.254374 0.150413
0.941745 0.447558
0.536151 0.341255
0.323535 0.608352
0.896137 0.59391
0.763233 0.667246
0.134798 0.838103
0.121938 0.0662185
0.640328 0.427711
0.471893 0.221823
0.380452 0.391022
0.86429 0.424981
0.316043 0.145371
0.379561 0.166838
0.299564 0.417509
0.781229 0.553868
0.567965 0.723144
0.00157501 0.104057
0.0644082 0.324751
0.712693 0.960368
0.918865 0.475854
0.627796 0.0535173
0.313898 0.749876
0.119829 0.954239
0.177576 0.591876
0.176148 0.557965
0.982823 0.0402259
0.982957 0.298515
0.185536 0.362821
0.465575 0.48492
0.780568 0.246993
0.0389031 0.348227
0.970048 0.0400617
0.452628 0.0345575
0.364957 0.165173
0.994931 0.283656
0.640944 0.622948
0.337734 0.955013
0.372698 0.457515
0.908918 0.550098
0.049443 0.0853162
0.108158 0.0325405
0.125379 0.091124
0.331204 0.311069
0.454059 0.797048
0.795915 0.234588
0.0438969 0.834761
0.582911 0.0141131
0.874964 0.0353796
0.0485798 0.239999
0.200848 0.0436242
0.524028 0.841822
0.666731 0.86167
0.796477 0.039346
0.319434 0.705644
0.589445 0.368882
0.790854 0.697761
0.401239 0.916315
0.788906 0.732536
0.227044 0.24285
0.529296 0.0228415
0.477389 0.573226
0.857722 0.060209
0.587153 0.732748
0.095932 0.635764
0.972662 0.296455
0.679586 0.496962
0.138381 0.346213
0.358883 0.934956
0.385342 0.678176
0.640655 0.97507
0.047099 0.431087
0.672529 0.448312
0.347424 0.461396
0.180903 0.574514
0.704359 0.709821
0.597272 0.181679
0.283043 0.455062
0.241928 0.87059
0.187689 0.337982
0.506249 0.160484
0.634719 0.185848
0.657315 0.772907
0.531943 0.015994
0.707912 0.917353
0.694203 0.34847
0.892617 0.741445
0.779447 0.565139
0.189769 0.127102
0.0266077 0.370165
0.701393 0.730739
0.0803612 0.298737
0.912538 0.363653
0.753744 0.154717
0.23411 0.94134
0.492471 0.740239
0.101859 0.127136
0.926187 0.759205
0.900193 0.45806
0.775378 0.608189
0.375607 0.469605
0.956199 0.268013
0.210841 0.736034
0.833341 0.400549
0.863015 0.859991
0.770968 0.564405
0.590827 0.851263
0.862846 0.503168
0.215182 0.616926
0.657988 0.449189
0.558358 0.150584
0.189588 0.660069
0.277751 0.115716
0.419256 0.178136
0.573787 0.19455
0.786087 0.949509
0.664067 0.742349
0.217647 0.875191
0.478458 0.0510615
0.275778 0.341623
0.910891 0.0468386
0.905766 0.501766
0.898474 0.769326
0.00484037 0.113613
0.385801 0.663363
0.56271 0.944234
0.814201 0.752182
0.604462 0.0917743
0.867841 0.0235821
0.269658 0.441695
0.21839 0.0555658
0.391188 0.882698
0.798285 0.608939
0.757784 0.276689
0.659962 0.0335291
0.618113 0.57093
0.0806685 0.524136
0.0727931 0.979142
0.293466 0.0781385
0.0923726 0.679604
0.74143 0.655276
0.623887 0.555335
0.407182 0.228178
0.646943 0.275071
0.251995 0.916814
0.716862 0.470248
0.97251 0.108084
0.352861 0.770719
0.717234 0.11063
0.0473482 0.377176
0.14425 0.665659
0.948043 0.224743
0.189988 0.0208385
0.203898 0.483281
0.0990882 0.296492
0.162957 0.840512
0.951709 0.786946
0.395817 0.358788
0.0148153 0.0431978
0.633994 0.266919
0.959495 0.350697
0.737383 0.93204
0.459275 0.0903651
0.702781 0.176283
0.200707 0.750291
0.55364 0.344999
0.415851 0.501831
0.569921 0.605833
0.522661 0.773904
0.0890925 0.621846
0.0703257 0.25191
0.46232 0.0219644
0.0558235 0.835164
0.380821 0.0537324
0.901002 0.0147061
0.320827 0.861042
0.365918 0.0580523
0.79298 0.82508
0.148359 0.495791
0.00159563 0.348834
0.245995 0.555202
0.694026 0.661974
0.0569698 0.264052
0.267734 0.579724
0.0381331 0.356523
0.201567 0.108515
0.608767 0.663806
0.130395 0.647384
0.521726 0.511208
0.701057 0.422968
0.526191 0.0218975
0.283821 0.892249
0.0800335 0.0766764
0.717062 0.228241
0.572348 0.718754
0.577289 0.818458
0.273972 0.271458
0.480379 0.330976
0.535368 0.74807
0.910728 0.573589
0.104845 0.112204
0.682057 0.713456
0.776021 0.812511
0.360785 0.297831
0.323682 0.0621809
0.720917 0.84974
0.090849 0
0.742128 0.163999
0.0810905 0.459121
0.392207 0.653511
0.177988 0.96964
0.471932 0.452054
0.241236 0.952281
0.783134 0.776716
0.700291 0.693542
0.350336 0.805147
0.805822 0.032358
0.518463 0.581731
0.844798 0.879418
0.879756 0.168399
0.941335 0.600657
0.0180963 0.025661
0.605112 0.760544
0.189374 0.686341
0.219881 0.581813
0.339849 0.397766
0.551385 0.811855
0.849969 0.792569
0.764116 0.633033
0.569173 0.464247
0.326796 0.919617
0.269394 0.132385
0.951857 0.788075
0.714336 0.79636
0.667214 0.59404
0.965037 0.608651
0.194551 0.983509
0.634147 0.799739
0.74399 0.823438
0.486242 0.963837
0.405269 0.82593
0.361823 0.956697
0.637642 0.211774
0.749075 0.40174
0.844714 0.318474
0.866013 0.1712
0.237963 0.135441
0.303693 0.18976
0.923224 0.0177515
0.986103 0.590777
0.612037 0.951442
0.199204 0.806477
0.934967 0.833351
0.606282 0.679066
0.656859 0.0923396
0.642814 0.0620467
0.918322 0.00452703
0.0187204 0.556081
0.216409 0.767822
0.957623 0.0609417
0.0863877 0.823616
0.232508 0.324399
0.959171 0.536173
0.513989 0.882547
0.553832 0.50035
0.473073 0.165864
0.451655 0.672274
0.972127 0.386283
0.505639 0.578747
0.0656548 0.162371
0.671089 0.708551
0.224364 0.589546
0.713106 0.243051
0.145447 0.929539
0.0111612 0.103753
0.990672 0.0970608
0.926777 0.222963
0.421368 0.886164
0.759149 0.935545
0.768574 0.313185
0.43586 0.241565
0.478957 0.887644
0.913918 0.451388
0.274305 0.419421
0.030165 0.339706
0.581733 0.701438
0.0482999 0.80604
0.290987 0.761736
0.0490509 0.436357
0.691124 0.059889
0.539666 0.681889
0.157139 0.466716
0.905111 0.578515
0.35258 0.664244
0.514166 0.121529
0.977248 0.949608
0.362994 0.456361
0.837512 0.276763
0.907784 0.111828
0.696461 0.937992
0.451736 0.277949
0.639402 0.500208
0.0839877 0.930269
0.261722 0.133186
0.367036 0.953007
0.19312 0.906733
0.634603 0.350246
0.373436 0.539742
0.928765 0.72629
0.204017 0.443048
0.847526 0.181379
0.392878 0.210474
0.637829 0.230605
0.487444 0.545749
0.342467 0.183686
0.483777 0.794391
0.46172 0.123258
0.294408 0.545764
0.0536924 0.556125
0.678958 0.420505
0.509178 0.872225
0.327318 0.143965
0.222538 0.700539
0.683863 0.151253
0.426747 0.888097
0.594323 0.274413
0.0694512 0.987469
0.48488 0.707318
0.21803 0.972307
0.253149 0.560601
0.156016 0.736793
0.354817 0.617807
0.860025 0.649238
0.163634 0.91361
0.205696 0.842663
0.333981 0.714745
0.715112 0.661285
0.858547 0.937513
0.36195 0.54233
0.0891694 0.788811
0.430234 0.683236
0.0633275 0.499509
0.670624 0.548225
0.206995 0.888641
0.520586 0.46005
0.449205 0.676553
0.196891 0.804145
0.294381 0.0569898
0.453454 0.458087
0.970455 0.659087
0.300888 0.304573
0.373594 0.0159822
0.965609 0.232076
0.953133 0.327449
0.77469 0.042291
0.116436 0.204941
0.725432 0.179698
0.704593 0.396149
0.727964 0.911624
0.284778 0.248449
0.371842 0.734138
0.925093 0.568555
0.53837 0.21965
0.625651 0.991599
0.677514 0.596123
0.650903 0.978516
0.900516 0.0243498
0.994507 0.86634
0.256856 0.947884
0.194453 0.0313456
0.989849 0.310597
0.236549 0.715451
0.490575 0.941069
0.111566 0.218423
0.852855 0.396234
0.466966 0.224613
0.130427 0.391977
0.793392 0.668625
0.611334 0.418843
0.660373 0.288785
0.0150025 0.310924
0.267394 0.915729
0.33551 0.261821
0.782167 0.592416
0.20945 0.976458
0.624042 0.199599
0.287447 0.860519
0.915228 0.778039
0.80149 0.0267614
0.996326 0.654393
0.422962 0.463413
0.879084 0.553651
0.855449 0.672337
0.222184 0.466759
0.0911304 0.882502
0.755578 0.106442
0.193932 0.0228079
0.0220193 0.529553
0.284813 0.804328
0.121927 0.49433
0.78085 0.745995
0.693955 0.0681193
0.606413 0.608894
0.846214 0.407942
0.635773 0.842591
0.0623222 0.058939
0.305991 0.941642
0.61244 0.161197
0.613955 0.834633
0.62802 0.705328
0.717091 0.383489
0.811676 0.911073
0.406527 0.83394
0.440356 0.691273
0.638088 0.562439
0.185417 0.418947
0.308288 0.879702
0.487157 0.914526
0.488485 0.33321
0.322609 0.124254
0.175691 0.38495
0.183127 0.481688
0.326713 0.795674
0.642986 0.940459
0.630033 0.270667
0.645458 0.347397
0.654274 0.457524
0.258486 0.060795
0.29125 0.699027
0.752022 0.929265
0.261222 0.937644
0.348238 0.56943
0.817005 0.83547
0.484117 0.305484
0.168563 0.806677
0.429662 0.344251
0.191927 0.612685
0.825857 0.518046
0.408201 0.468773
0.458689 0.0384633
0.739584 0.104627
0.385857 0.393833
0.562346 0.644297
0.454713 0.853327
0.343047 0.206751
0.782668 0.604223
0.144329 0.130795
0.173791 0.961059
0.966175 0.657861
0.266596 0.134652
0.464361 0.696207
0.479015 0.656181
0.309004 0.304906
0.174406 0.717258
0.773861 0.633205
0.755731 0.513186
0.737586 0.141533
0.906829 0.299579
0.785653 0.361526
0.153148 0.128645
0.568352 0.935514
0.733113 0.71246
0.0660937 0.906261
0.673536 0.0324691
0.564528 0.940085
0.167335 0.0287879
0.63637 0.646123
0.685176 0.945391
0.95115 0.859501
0.662559 0.72482
0.492506 0.418287
0.23806 0.230176
0.559901 0.145095
0.529879 0.345322
0.506783 0.682742
0.474296 0.0750401
0.618313 0.207103
0.787299 0.684618
0.113897 0.460944
0.717186 0.678422
0.40089 0.884498
0.707189 0.0374906
0.530724 0.392221
0.982745 0.481788
0.251675 0.645478
0.206465 0.744285
0.06363 0.444491
0.974276 0.623594
0.589567 0.504189
0.969029 0.0960845
0.186987 0.443016
0.171203 0.805362
0.650416 0.958526
0.489898 0.764033
0.419357 0.207061
0.442331 0.820612
0.0914522 0.149624
0.857867 0.621895
0.54184 0.840703
0.104008 0.793589
0.48618 0.310263
0.538049 0.549878
0.754898 0.512244
0.173587 0.344385
0.0166297 0.142421
0.440664 0.203717
0.585587 0.612118
0.00985013 0.240141
0.570408 0.498869
1 0.989136
0.706049 0.442204
0.810424 0.7976
0.591951 0.668152
0.419542 0.133954
0.508837 0.523255
0.92783 0.994852
0.83354 0.465298
0.54517 0.588231
0.977761 0.71863
0.932868 0.994201
0.861182 0.373212
0.1981 0.446664
0.985189 0.207094
0.682539 0.555756
0.706162 0.682312
0.545632 0.412187
0.124659 0.355839
0.209691 0.716464
0.0239977 0.629195
0.850482 0.532969
0.152544 0.777883
0.528392 0.985932
0.243479 0.0733799
0.574381 0.221185
0.792001 0.507067
0.215789 0.653276
0.880572 0.413825
0.0998915 0.865724
0.621077 0.782464
0.421444 0.327192
0.464942 0.967072
0.73949 0.589452
0.32309 0.949201
0.305872 0.347238
0.578411 0.156287
0.880288 0.730961
0.934455 0.408432
0.716857 0.177813
0.481664 0.291252
0.399075 0.273684
0.798421 0.614862
0.926996 0.678746
0.0284773 0.0270243
0.544658 0.649932
0.809242 0.965768
0.977189 0.273695
0.932841 0.716818
0.863289 0.255769
0.665864 0.169221
0.602963 0.244203
0.325796 0.483225
0.975019 0.259844
0.891691 0.692111
0.437993 0.373281
0.983283 0.836996
0.647026 0.781661
0.452169 0.574102
0.460396 0.480969
0.600731 0.00485202
0.131148 0.410073
0.970829 0.108412
0.684125 0.903684
0.825244 0.547351
0.159729 0.491119
0.716697 0.762607
0.735459 0.0426602
0.245886 0.71065
0.302777 0.137497
0.402724 0.74085
0.51086 0.385906
0.578002 0.157871
0.16776 0.0298568
0.731851 0.628191
0.511107 0.332632
0.633056 0.642247
0.742816 0.603877
0.750671 0.426765
0.507525 0.575978
0.974359 0.667277
0.0670151 0.691458
0.429866 0.802817
0.734005 0.675819
0.513215 0.0367253
0.812952 0.915977
0.777598 0.323815
0.30185 0.355492
0.481679 0.469685
0.385347 0.213592
0.0976238 0.896575
0.546236 0.730841
0.538748 0.288853
0.334511 0.289643
0.715854 0.841855
0.86553 0.690363
0.509303 0.932693
0.381731 0.939099
0.735456 0.115689
0.614687 0.248648
0.152421 0.427859
0.164613 0.92988
0.751646 0.466527
0.285251 0.23342
0.936171 0.670744
0.446999 0.0339425
0.567513 0.993264
0.764692 0.106272
0.282379 0.0993895
0.395925 0.998315
0.941251 0.26102
0.688446 0.450611
0.19418 0.0700124
0.389807 0.929589
0.185918 0.00428461
0.178288 0.33817
0.432183 0.342777
0.268127 0.183984
0.809458 0.553411
0.417611 0.74584
0.224315 0.864592
0.779688 0.791759
0.857809 0.544405
0.897842 0.139969
0.643851 0.293603
0.138422 0.585337
0.554985 0.826859
0.0359795 0.749167
0.897053 0.42546
0.678641 0.0826648
0.430077 0.856932
0.420705 0.862434
0.199711 0.689004
0.0458877 0.00927799
0.242312 0.463891
0.754827 0.466807
0.328535 0.534701
0.258605 0.18619
0.0791357 0.156627
0.326332 0.72306
0.450237 0.464635
0.290725 0.00414112
0.291451 0.344158
0.754278 0.188421
0.769725 0.432886
0.271078 0.199884
0.289699 0.692076
0.0616476 0.489281
0.380948 0.10846
0.498596 0.623432
0.572354 0.253215
0.0900039 0.900538
0.787806 0.348753
0.0869311 0.866904
0.505472 0.413257
0.589953 0.955691
0.877796 0.898109
0.960938 0.16911
0.242256 0.71546
0.357705 0.012106
0.148413 0.628725
0.211822 0.438132
0.320603 0.274202
0.927352 0.70162
0.382517 0.425958
0.324955 0.955025
0.679219 0.415266
0.855642 0.467042
0.764038 0.942488
0.333904 0.269581
0.355848 0.924247
0.225332 0.233721
0.822109 0.186381
0.403207 0.0644254
0.901867 0.760917
0.0763765 0.0501269
0.389422 0.288254
0.48815 0.710199
0.562392 0.415735
0.411915 0.94507
0.841822 0.736755
0.899517 0.520775
0.151912 0.755383
0.988235 0.915696
0.697971 0.322355
0.185643 0.0537736
0.246113 0.410799
0.28754 0.0685138
0.597093 0.690597
0.132897 0.499023
0.45131 0.209368
0.549086 0.840935
0.497785 0.0373939
0.551072 0.060126
0.453184 0.962999
0.00506081 0.29442
0.699852 0.904821
0.815454 0.851775
0.660488 0.803526
0.767555 0.358268
0.125834 0.953141
0.41228 0.372168
0.363966 0.699908
0.44079 0.961065
0.390358 0.573557
0.460234 0.841779
0.782771 0.00932455
0.682624 0.280665
0.0467196 0.233805
0.340797 0.499666
0.19692 0.345832
0.794502 0.896561
0.250757 0.60987
0.748402 0.910955
0.41356 0.515914
0.269514 0.539468
0.468987 0.681885
0.911635 0.83308
0.381697 0.352323
0.794173 0.772094
0.925646 0.254033
0.613791 0.708728
0.263697 0.296514
0.989152 0.310156
0.530457 0.330087
0.810388 0.727184
0.676091 0.604761
0.623991 0.926817
0.214727 0.3723
0.83806 0.628131
0.88795 0.107449
0.167783 0.357091
0.789297 0.0795282
0.190134 0.171045
0.431831 0.984285
0.943057 0.357299
0.238484 0.557154
0.0663593 0.501908
0.853718 0.0555415
0.812519 0.384068
0.385699 0.622832
0.111321 0.0619563
0.227303 0.735024
0.988529 0.44241
0.107325 0.82669
0.0703724 0.995254
0.934137 0.238017
0.352281 0.723784
0.317525 0.542253
0.894821 0.749197
0.526395 0.83818
0.106604 0.764745
0.395009 0.172907
0.26703 0.248853
0.228397 0.0793936
0.632875 0.614239
0.702136 0.744053
0.676279 0.929605
0.479278 0.664973
0.371832 0.586429
0.491612 0.442216
0.581603 0.425908
0.68055 0.933848
0.149588 0.997765
0.476212 0.0445351
0.746879 0.00242493
0.882647 0.853519
0.767489 0.277825
0.0259214 0.0347128
0.526565 0.254718
0.113942 0.159633
0.869083 0.816186
0.903667 0.545059
0.745748 0.383021
0.210228 0.117846
0.969433 0.701705
0.560021 0.551118
0.127701 0.240221
0.484865 0.277437
0.237916 0.961123
0.321925 0.984985
0.963728 0.204355
0.838578 0.731171
0.482495 0.864584
0.765714 0.00900824
0.119222 0.879729
0.168564 0.988188
0.695922 0.0722675
0.533475 0.441703
0.455474 0.743551
0.55945 0.424864
0.445212 0.119338
0.975979 0.572968
0.359554 0.460979
0.85047 0.597352
0.421991 0.172486
0.582418 0.386055
0.37688 0.42069
0.117356 0.85929
0.285353 0.883169
0.86829 0.404342
0.762776 0.0367997
0.392663 0.458567
0.109193 0.926167
0.900281 0.564701
0.669567 0.459781
0.989526 0.114682
0.579079 0.965512
0.687853 0.938473
0.426598 0.538113
0.535996 0.848876
0.710361 0.118456
0.234853 0.0869679
0.539169 0.352086
0.946266 0.82456
0.235099 0.814661
0.228721 0.997816
0.851471 0.621411
0.456714 0.960705
0.547732 0.356798
0.525499 0.217515
0.8165 0.514831
0.332185 0.395398
0.480452 0.0199557
0.334097 0.907202
0.557952 0.870067
0.755866 0.268259
0.98877 0.990065
0.355251 0.527663
0.342916 0.301522
0.352022 0.578152
0.116303 0.580923
0.576169 0.96758
0.202696 0.0324625
0.928262 0.7504
0.389465 0.453581
0.967545 0.205679
0.968382 0.299572
0.601244 0.448962
0.319928 0.935454
0.356346 0.877995
0.805329 0.112122
0.146021 0.793976
0.102892 0.501296
0.321685 0.445482
0.802827 0.673766
0.0237385 0.918867
0.254762 0.599737
0.88637 0.457146
0.632429 0.81469
0.207827 0.0216871
0.268336 0.175359
0.227731 0.236962
0.475422 0.829065
0.68602 0.79504
0.764418 0.042129
0.672926 0.569832
0.154262 0.818987
0.363739 0.257056
0.320062 0.685598
0.702776 0.122916
0.359216 0.726607
0.0417417 0.614034
0.326485 0.928437
0.0710709 0.958911
0.742989 0.278942
0.980473 0.0113673
0.454276 0.208282
0.248354 0.929572
0.0372765 0.93433
0.724657 0.801554
0.976266 0.39714
0.371564 0.130705
0.216355 0.735462
0.387718 0.536572
0.420979 0.0904733
0.659566 0.780097
0.816966 0.701416
0.394098 0.14345
0.6297 0.465307
0.102155 0.372729
0.744312 0.0827761
0.383931 0.198598
0.290834 0.632394
0.1281 0.328099
0.566676 0.852754
0.129942 0.543141
0.250198 0.501432
0.673825 0.466776
0.236765 0.0616079
0.00328378 0.657556
0.152006 0.662997
0.437909 0.968973
0.364486 0.832105
0.112404 0.994104
0.297353 0.214341
0.366975 0.0416192
0.297269 0.751316
0.24049 0.587861
0.3836 0.368406
0.916199 0.950244
0.221184 0.0459704
0.493459 0.47127
0.547436 0.167283
0.938329 0.784318
0.228978 0.941573
0.441952 0.380927
0.604496 0.879668
0.350043 0.96918
0.711728 0.462158
0.963394 0.00921439
0.676604 0.330429
0.0508451 0.973758
0.081589 0.291085
0.561728 0.465105
0.659416 0.478086
0.415251 0.880503
0.524157 0.908775
0.351971 0.0715086
0.076097 0.290018
0.855755 0.304879
0.231687 0.297835
0.685877 0.83586
0.177562 0.0357187
0.805574 0.889248
0.497981 0.76886
0.898338 0.174594
0.0991638 0.949263
0.14847 0.180862
0.240319 0.71027
0.64588 0.899665
0.188503 0.0611831
0.780212 0.712592
0.970062 0.131887
0.784068 0.046116
0.422237 0.639854
0.350804 0.653723
0.937382 0.0369114
0.490291 0.114932
0.0728771 0.295624
0.00406654 0.570903
0.0642965 0.902065
0.745729 0.163887
0.851624 0.894352
0.34483 0.0918787
0.604758 0.990857
0.991638 0.792948
0.052248 0.77176
0.505368 0.0218871
0.903621 0.289304
0.0681064 0.325837
0.929241 0.41918
0.979781 0.866569
0.456083 0.469887
0.981471 0.529212
0.766043 0.985672
0.100116 0.830026
0.888097 0.845777
0.993992 0.739801
0.740072 0.338874
0.831586 0.344795
0.329658 0.823278
0.137765 0.381666
0.595126 0.64309
0.403705 0.498748
0.932577 0.471905
0.824562 0.861818
0.891121 0.804322
0.728282 0.347342
0.274163 0.710133
0.876403 0.0396921
0.695641 0.976529
0.869961 0.58353
0.822211 0.864054
0.323373 0.562317
0.202882 0.155027
0.906696 0.532314
0.978066 0.0446613
0.91421 0.573043
0.687775 0.317863
0.0718546 0.620535
0.789883 0.896444
0.482244 0.681028
0.700566 0.210452
0.0283751 0.975295
0.920694 0.904725
0.0145676 0.616181
0.881206 0.884754
0.199785 0.703392
0.748569 0.523033
0.265824 0.95152
0.67818 0.17274
0.483846 0.656512
0.217421 0.398079
0.229685 0.905427
0.715824 0.301493
0.525907 0.505498
0.198158 0.00804416
0.186548 0.898635
0.218966 0.214973
0.873389 0.139398
0.119642 0.888123
0.755716 0.000632524
0.772659 0.955519
0.704334 0.521326
0.47876 0.969876
0.472756 0.156838
0.142635 0.956555
0.813219 0.360402
0.354528 0.042894
0.265849 0.0705684
0.344544 0.79185
0.576164 0.542197
0.800244 0.762726
0.440924 0.0189228
0.977383 0.314051
0.158416 0.0972138
0.202457 0.914123
0.0980167 0.975217
0.869663 0.80238
0.496495 0.348225
0.772481 0.969117
0.504982 0.915163
0.925453 0.318263
0.275548 0.280287
0.36109 0.541122
0.350711 0.705632
0.333177 0.92704
0.247786 0.133122
0.689486 0.688808
0.151956 0.667072
0.00300938 0.310209
0.764262 0.205681
0.224631 0.862453
0.180675 0.0940345
0.664639 0.677174
0.442328 0.436933
0.64649 0.947319
0.352018 0.57214
0.26557 0.627533
0.852484 0.626528
0.168814 0.203034
0.332305 0.501774
0.130083 0.580073
0.634991 0.819395
0.268911 0.786979
0.486321 0.272044
0.0973962 0.250878
0.477622 0.321995
0.113296 0.658467
0.416124 0.778042
0.335826 0.858589
0.214912 0.981962
0.805648 0.566943
0.554077 0.0712642
0.194484 0.406571
0.697813 0.363401
0.609518 0.0303034
0.865314 0.739597
0.610319 0.49991
0.559027 0.879264
0.286883 0.0454802
0.151228 0.384241
0.296188 0.62889
0.706236 0.409636
0.287311 0.122284
0.187624 0.622993
0.980441 0.402219
0.60512 0.786492
0.96964 0.159174
0.857676 0.163973
0.566051 0.555696
0.527524 0.175476
0.586038 0.392634
0.914947 0.196146
0.892724 0.47397
0.0755887 0.17982
0.519443 0.226807
0.564071 0.815758
0.855731 0.27021
0.2254 0.143121
0.392744 0.412921
0.766088 0.373346
0.815431 0.371249
0.159711 0.784978
0.530479 0.017478
0.949143 0.0962164
0.573127 0.47654
0.271804 0.159219
0.869296 0.186758
0.355581 0.762101
0.660891 0.430971
0.941661 0.180297
0.657787 0.505934
0.996269 0.513654
0.776192 0.221629
0.656545 0.168875
0.634487 0.422555
0.542258 0.449876
0.793938 0.702158
0.235026 0.324493
0.719552 0.184076
0.42065 0.292687
0.660695 0.692691
0.451983 0.530086
0.87961 0.807413
0.291942 0.540515
0.238532 0.23383
0.721021 0.896169
0.739881 0.717245
0.40984 0.516105
0.93883 0.0662849
0.684912 0.573373
0.489013 0.227305
0.0232517 0.282827
0.928991 0.25804
0.607428 0.64884
0.442335 0.028055
0.941556 0.102986
0.720696 0.393601
0.632969 0.600188
0.200783 0.925052
0.140908 0.439425
0.158996 0.861871
0.335881 0.898895
0.578949 0.745524
0.414665 0.517932
0.811819 0.0997278
0.0912719 0.300957
0.326889 0.114544
0.583822 0.256108
0.37261 0.191097
0.904917 0.815167
0.219292 0.846486
0.918137 0.940022
0.239988 0.551231
0.540351 0.441044
0.476274 0.681228
0.880379 0.635137
0.54327 0.216289
0.534027 0.122289
0.961504 0.948381
0.640008 0.773323
0.0483947 0.731307
0.0743401 0.375266
0.84579 0.658107
0.631392 0.218492
0.849342 0.536235
0.0336364 0.0687451
0.382925 0.951865
0.00850008 0.622792
0.503066 0.548921
0.0637305 0.979523
0.230206 0.944081
0.614619 0.773314
0.160333 0.14873
0.895439 0.121715
0.0974777 0.535426
0.895181 0.1457
0.266696 0.969694
0.521263 0.112674
0.627746 0.152586
0.331107 0.476899
0.688788 0.364802
0.545514 0.071855
0.316496 0.554111
0.694595 0.81918
0.103139 0.758423
0.798904 0.333255
0.702563 0.413604
0.106628 0.862908
0.562194 0.00212519
0.984637 0.659714
0.537689 0.88004
0.805587 0.804338
0.849547 0.326867
0.916812 0.477296
0.479403 0.248005
0.954176 0.168172
0.612654 0.49978
0.240257 0.929255
0.0539669 0.934818
0.748779 0.157109
0.693327 0.547635
0.490399 0.395888
0.960999 0.597077
0.25867 0.523416
0.598932 0.243504
0.183283 0.13659
0.123517 0.988432
0.941234 0.972822
0.315636 0.858015
0.450298 0.795011
0.105772 0.404505
0.963271 0.718509
0.904224 0.203347
0.647822 0.958244
0.13843 0.396432
0.115415 0.831689
0.943836 0.605829
0.22759 0.905291
0.202635 0.486167
0.428763 0.801893
0.729687 0.611689
0.938319 0.853314
0.600423 0.879148
0.82612 0.916059
0.737136 0.27638
0.710911 0.842863
0.680847 0.674382
0.561447 0.585082
0.877813 0.208765
0.543522 0.0164044
0.605436 0.658881
0.847898 0.549285
0.264524 0.0755924
0.454639 0.467216
0.561814 0.883326
0.269033 0.291331
0.49503 0.207391
0.144442 0.0954625
0.086648 0.970705
0.0233985 0.81317
0.247041 0.722419
0.666876 0.927827
0.396769 0.228015
0.513074 0.274618
0.437083 0.0565265
0.290804 0.0426584
0.715383 0.138804
0.592299 0.980019
0.214348 0.0465848
0.447284 0.776093
0.929817 0.716472
0.0674274 0.425008
0.923606 0.211664
0.520538 0.0102777
0.18246 0.532032
0.834245 0.429385
0.254341 0.500871
0.357248 0.651247
0.729069 0.870431
0.925763 0.166039
0.927074 0.216604
0.208882 0.642781
0.355796 0.800908
0.622761 0.56981
0.847591 0.0700675
0.34592 0.777731
0.786492 0.413172
0.202736 0.710217
0.625024 0.72326
0.720806 0.807277
0.255225 0.554827
0.2369 0.509594
0.0558182 0.59445
0.160822 0.78485
0.465204 0.0868981
0.950826 0.392054
0.303436 0.159985
0.0349884 0.658978
0.960821 0.657863
0.2289 0.808539
0.727907 0.574795
0.586191 0.514415
0.987993 0.788682
0.224852 0.612891
0.511955 0.945319
0.420445 0.76733
0.500325 0.657444
0.276855 0.555995
0.251886 0.437708
0.340914 0.717012
0.524459 0.292023
0.109281 0.82789
0.451919 0.144309
0.48706 0.41275
0.802047 0.715981
0.221238 0.530033
0.290783 0.80741
0.0444573 0.278745
0.59624 0.26929
0.891697 0.108099
0.214651 0.312364
0.875536 0.714972
0.96959 0.152243
0.270875 0.221681
0.590195 0.611793
0.938456 0.114586
0.903916 0.0474905
0.942537 0.355739
0.191729 0.429638
0.769068 0.993909
0.145629 0.989893
0.523663 0.436409
0.797289 0.56817
0.715123 0.393499
0.837607 0.606794
0.501727 0.0520294
0.919071 0.377103
0.767176 0.888758
0.529564 0.0379816
0.110436 0.119792
0.649848 0.0486554
0.234482 0.553901
0.0964096 0.177141
0.90959 0.288012
0.606803 0.678475
0.281936 0.752535
0.668532 0.805479
0.188941 0.465856
0.373828 0.904252
0.859401 0.211002
0.51117 0.361172
0.263423 0.430237
0.738506 0.0302555
0.318891 0.268085
0.068397 0.429295
0.388007 0.718505
0.478193 0.622332
0.272362 0.57451
0.799459 0.182077
0.86278 0.406216
0.86061 0.144541
0.15892 0.529085
0.950036 0.347644
0.994777 0.32375
0.252038 0.854672
0.535176 0.763052
0.215564 0.798641
0.193263 0.953927
0.829072 0.512119
0.222036 0.897578
0.941653 0.609937
0.61584 0.419857
0.232093 0.888141
0.994392 0.0318981
0.0704913 0.856916
0.43798 0.931004
0.00151954 0.596853
0.460178 0.951794
0.944729 0.454984
0.275751 0.19674
0.30944 0.811308
0.959628 0.525035
0.609766 0.153014
0.478894 0.438887
0.665293 0.700944
0.336355 0.607032
0.31084 0.952245
0.0270473 0.543068
0.840321 0.0212082
0.574664 0.910647
0.878284 0.0124296
0.84152 0.880073
0.6094 0.301515
0.831801 0.554051
0.75653 0.107651
0.750759 0.0659501
0.918748 0.710555
0.59083 0.528472
0.863542 0.0697727
0.96731 0.528967
0.770675 0.303772
0.135954 0.0815238
0.256017 0.162988
0.624605 0.0964853
0.18431 0.199066
0.00684051 0.0629098
0.211724 0.848546
0.94258 0.821487
0.150052 0.774325
0.375503 0.906809
0.881965 0.126172
0.972772 0.800867
0.836773 0.563318
0.329328 0.700392
0.633222 0.296652
0.229017 0.404148
0.600307 0.365048
0.485759 0.856537
0.528043 0.11029
0.952706 0.712526
0.309464 0.959875
0.774913 0.521222
0.808459 0.717438
0.342459 0.958553
0.491824 0.717715
0.865185 0.373903
0.84414 0.837813
0.174692 0.68077
0.401166 0.504081
0.381146 0.0347177
0.80076 0.610273
0.438789 0.401016
0.975536 0.924083
0.257524 0.503529
0.0345655 0.210202
0.215969 0.343985
0.170092 0.990824
0.865146 0.978466
0.708172 0.207225
0.936849 0.200097
0.925231 0.802169
0.574132 0.769228
0.639825 0.748892
0.450031 0.0411415
0.252959 0.831317
0.0756712 0.0536424
0.441648 0.51456
0.454608 0.41713
0.438929 0.712211
0.92065 0.473511
0.922546 0.136395
0.817371 0.0926844
0.127452 0.682355
0.0712536 0.835793
0.889733 0.00812181
0.0361656 0.814907
0.810517 0.610301
0.584202 0.450333
0.359365 0.0344375
0.49173 0.612253
0.865545 0.567394
0.665775 0.307212
0.0822349 0.120506
0.724333 0.520961
0.832768 0.64489
0.994442 0.755186
0.781547 0.812013
0.847787 0.909133
0.494477 0.91918
0.744817 0.384282
0.92745 0.781264
0.199292 0.737819
0.391715 0.783679
0.188124 0.751151
0.818028 0.679881
0.363105 0.683645
0.247625 0.029203
0.990678 0.329288
0.149375 0.715194
0.850703 0.982233
0.360315 0.845264
0.737365 0.142087
0.657177 0.585232
0.0510525 0.151776
0.504572 0.796089
0.535967 0.431759
0.577125 0.735352
0.169556 0.968827
0.519007 0.35788
0.719816 0.337027
0.0378317 0.0832934
0.0206423 0.285032
0.117015 0.0108167
0.614762 0.261574
0.726796 0.465362
0.243693 0.0872214
0.310613 0.981191
0.229071 0.967732
0.566375 0.280222
0.119528 0.0709621
0.0762289 0.65546
0.50283 0.653464
0.390752 0.672403
0.622293 0.909707
0.0303884 0.342023
0.246789 0.0681953
0.425514 0.267311
0.353533 0.537541
0.278974 0.968328
0.799217 0.00600046
0.433601 0.0429112
0.0932266 0.744114
0.0241183 0.322141
0.712058 0.590727
0.602649 0.831407
0.661682 0.678805
0.487092 0.16451
0.332411 0.878036
0.836894 0.95471
0.787674 0.867151
0.296834 0.0344403
0.935306 0.722406
0.301677 0.288862
0.260092 0.580917
0.257083 0.0593503
0.586842 0.690595
0.102246 0.680116
0.434764 0.126793
0.00253458 0.14667
0.717324 0.605127
0.978 0.378632
0.283715 0.465323
0.543417 0.616189
0.343044 0.380299
0.570792 0.13071
0.247667 0.867958
0.165245 0.182946
0.590264 0.466907
0.471896 0.850291
0.0478791 0.728847
0.909559 0.634882
0.419413 0.0118605
0.315133 0.854407
0.138578 0.317555
0.181809 0.725803
0.922967 0.979088
0.234902 0.206564
0.444606 0.778421
0.822701 0.787664
0.158759 0.393556
0.918697 0.406257
0.261333 0.0837489
0.589278 0.851539
0.550463 0.0611751
0.701943 0.598555
0.790031 0.611442
0.233403 0.209377
0.623593 0.548338
0.0636297 0.762163
0.865856 0.0644368
0.61795 0.788595
0.0457502 0.848095
0.995084 0.488568
0.631338 0.817874
0.276236 0.790151
0.211501 0.194672
0.196416 0.472752
0.278235 0.785764
0.324662 0.829138
0.846777 0.0263196
0.427549 0.636846
0.637937 0.660735
0.846171 0.261507
0.209101 0.909813
0.02353 0.075368
0.974188 0.641572
0.863479 0.0180085
0.494539 0.858759
0.506636 0.125913
0.676619 0.782617
0.915808 0.88804
0.977412 0.112047
0.360588 0.255546
0.89796 0.685269
0.0845801 0.744839
0.711785 0.51208
0.381477 0.349717
0.172842 0.227687
0.611105 0.381765
0.137479 0.634625
0.456805 0.111936
0.27635 0.320553
0.129966 0.770589
0.17905 0.636507
0.896475 0.8557
0.419323 0.812396
0.743504 0.396628
0.924412 0.104206
0.65247 0.822237
0.789832 0.737062
0.567003 0.501512
0.249078 0.948636
0.851348 0.421685
0.176396 0.462424
0.803769 0.313858
0.0971157 0.260575
0.425678 0.373449
0.581111 0.555487
0.144124 0.759959
0.192274 0.0403936
0.615708 0.611311
0.852733 0.35924
0.00834625 0.777443
0.463632 0.660438
0.599514 0.253393
0.397345 0.166797
0.754878 0.646523
0.11525 0.606151
0.0684657 0.291585
0.0683084 0.871852
0.605541 0.165533
0.132816 0.0312849
0.53888 0.713656
0.586736 0.682947
0.473626 0.779048
0.723531 0.0892816
0.390457 0.576357
0.448534 0.39843
0.353506 0.91233
0.0589996 0.953101
0.16563 0.45647
0.119594 0.920394
0.103164 0.234953
0.526475 0.171525
0.526702 0.594953
0.043736 0.132153
0.760653 0.176356
0.163329 0.299618
0.889913 0.750288
0.982515 0.3633
0.529167 0.70599
0.452798 0.919545
0.282406 0.901601
0.317954 0.635867
0.813472 0.377105
0.588907 0.979209
0.833698 0.708489
0.89962 0.936765
0.943505 0.426258
0.108106 0.470104
0.0211776 0.151719
0.602215 0.781938
0.328209 0.765566
0.0815116 0.218094
0.515724 0.0640965
0.581716 0.0448432
0.770115 0.0346155
0.964297 0.0523484
0.935791 0.28229
0.688262 0.749423
0.659578 0.277002
0.7289 0.493209
0.985391 0.62857
0.429904 0.929196
0.0547755 0.538227
0.399182 0.0759165
0.690077 0.00131939
0.857793 0.0180546
0.766791 0.939427
0.236231 0.282591
0.0236964 0.801468
0.327448 0.773637
0.852645 0.291756
0.826071 0.788667
0.574356 0.514311
0.538179 0.234194
0.791455 0.267135
0.727308 0.77674
0.895632 0.157019
0.706164 0.95036
0.695451 0.105008
0.0263671 0.385225
0.106327 0.884289
0.403428 0.873356
0.823725 0.639771
0.155882 0.827147
0.457887 0.483229
0.600667 0.31043
0.775047 0.426753
0.0992128 0.349486
0.941104 0.637388
0.583399 0.732658
0.904078 0.310646
0.509727 0.800134
0.467974 0.21567
0.750479 0.163317
0.321013 0.776917
0.548636 0.427227
0.661191 0.952275
0.300479 0.484576
0.591978 0.4562
0.311794 0.050058
0.939523 0.912524
0.360544 0.714688
0.339391 0.459507
0.0640391 0.280573
0.0971076 0.647486
0.012618 0.00186222
0.958289 0.522917
0.801598 0.426131
0.738408 0.551985
0.589328 0.0593103
0.3289 0.138206
0.48677 0.9898
0.0907111 0.787003
0.474602 0.682568
0.243284 0.786524
0.732614 0.182735
0.699136 0.093181
0.897267 0.0383372
0.552913 0.961411
0.318935 0.649947
0.608987 0.332265
0.651409 0.567257
0.855193 0.452769
0.993505 0.593847
0.00489341 0.58309
0.652882 0.333817
0.721254 0.139651
0.323866 0.811749
0.9268 0.798485
0.494318 0.170021
0.584987 0.226762
0.35266 0.283987
0.319857 0.250105
0.322696 0.873039
0.211619 0.641722
0.522746 0.820655
0.973905 0.17397
0.388029 0.829452
0.626833 0.381486
0.423107 0.632038
0.96467 0.0760944
0.965522 0.685996
0.215941 0.289467
0.49776 0.142669
0.0879038 0.991937
0.3124 0.672915
0.218841 0.665324
0.956821 0.538845
0.915125 0.279299
0.411707 0.127156
0.921191 0.934379
0.947634 0.895277
0.108449 0.335514
0.724627 0.73533
0.716957 0.147716
0.367142 0.681793
0.224083 0.333139
0.36781 0.43977
0.622523 0.865298
0.582312 0.710511
0.857304 0.895015
0.383414 0.076024
0.560217 0.340098
0.615039 0.475426
0.619666 0.0266771
0.602589 0.540815
0.960909 0.550308
0.436326 0.0694518
0.885635 0.160715
0.80504 0.602705
0.308702 0.172358
0.284448 0.532597
0.505433 0.652309
0.972408 0.127793
0.517805 0.554762
0.83834 0.374929
0.449746 0.221764
0.451192 0.00981583
0.56185 0.0661339
0.485414 0.181695
0.0928528 0.0880091
0.722473 0.053889
0.638187 0.158733
0.123689 0.523798
0.319657 0.92866
0.126572 0.628165
0.100807 0.411213
0.160948 0.606252
0.0635058 0.133265
0.734164 0.58111
0.688084 0.572641
0.956151 0.137638
0.794311 0.407268
0.147768 0.356203
0.473398 0.633114
0.538009 0.566121
0.721207 0.26021
0.619937 0.359148
0.419049 0.743824
0.883059 0.738632
0.672296 0.00962221
0.366788 0.773235
0.420931 0.527499
0.379345 0.484327
0.660736 0.113549
0.0654175 0.348676
0.686179 0.0214819
0.486684 0.480546
0.428651 0.634221
0.836749 0.902088
0.267478 0.374644
0.46854 0.988417
0.635006 0.0883604
0.347551 0.0539175
0.832114 0.230552
0.792355 0.504458
0.240275 0.159195
0.277476 0.661199
0.686576 0.657007
0.145438 0.347303
0.770483 0.210836
0.696072 0.456704
0.232326 0.182831
0.937157 0.660996
0.817151 0.774094
0.563204 0.0843625
0.148869 0.0312926
0.0731288 0.783808
0.119764 0.420587
0.837566 0.951919
0.651105 0.630056
0.45616 0.891372
0.78932 0.733779
0.552405 0.475825
0.390696 0.697926
0.823111 0.161194
0.908456 0.519275
0.617962 0.141254
0.702111 0.555195
0.802282 0.519285
0.329168 0.36541
0.603718 0.477996
0.396763 0.676618
0.261709 0.516611
0.0972529 0.0995017
0.468627 0.748282
0.729631 0.924754
0.639675 0.518636
0.658745 0.192108
0.994336 0.0495556
0.890186 0.817823
0.210571 0.799007
0.337271 0.828527
0.939994 0.0393848
0.38377 0.742476
0.558568 0.713065
0.107938 0.162379
0.191058 0.504764
0.839085 0.452692
0.021522 0.936239
0.552117 0.490149
0.684415 0.281682
0.415025 0.32403
0.800265 0.0738007
0.516541 0.795006
0.123055 0.406587
0.61275 0.333513
0.205514 0.949791
0.162254 0.145732
0.989192 0.545976
0.888057 0.547968
0.258632 0.996136
0.710223 0.449789
0.500941 0.549413
0.902337 0.522419
0.485532 0.454879
0.0127033 0.170083
0.73646 0.427546
0.494369 0.536972
0.501309 0.0107522
0.331751 0.624484
0.417368 0.944725
0.958075 0.622918
0.894596 0.120136
0.768664 0.88365
0.666152 0.656668
0.431716 0.924996
0.652885 0.141897
0.374662 0.153702
0.691403 0.277494
0.676149 0.176943
0.732497 0.688667
0.347286 0.468814
0.116279 0.841691
0.00570943 0.617516
0.852294 0.337749
0.242024 0.26981
0.282357 0.200178
0.892797 0.176663
0.32024 0.661454
0.060598 0.986589
0.31812 0.492301
0.911434 0.970765
0.634273 0.286192
0.124606 0.325595
0.563419 0.800751
0.502598 0.295904
0.489576 0.850055
0.764822 0.60583
0.69138 0.77059
0.223227 0.544112
0.108469 0.465369
0.813841 0.390746
0.66535 0.706651
0.567705 0.985762
0.368006 0.628105
0.972061 0.686195
0.120342 0.883703
0.656972 0.754592
0.169851 0.781685
0.0803364 0.733497
0.582517 0.583105
0.0293773 0.0720476
0.433137 0.794439
0.67767 0.12457
0.564979 0.900785
0.668738 0.673366
0.366138 0.482616
0.0638482 0.0315129
0.189314 0.631697
0.0174264 0.557447
0.259656 0.989746
0.243457 0.380382
0.873231 0.900598
0.134954 0.0432741
0.682255 0.214939
0.7766 0.264783
0.798312 0.806085
0.336457 0.231241
0.600238 0.0140406
0.355751 0.165278
0.914821 0.0245114
0.838708 0.280949
0.507413 0.902855
0.312557 0.696756
0.534583 0.329891
0.254165 0.79431
0.319622 0.497644
0.174529 0.1929
0.398079 0.309248
0.236088 0.0805346
0.524538 0.0127414
0.34527 0.322756
0.818985 0.681876
0.553959 0.419225
0.696068 0.909902
0.584668 0.611074
0.934662 0.423352
0.892102 0.441775
0.326014 0.204712
0.13854 0.860695
0.534872 0.392555
0.65486 0.854271
0.890262 0.829328
0.0473563 0.288412
0.138631 0.283573
0.368831 0.663127
0.296303 0.714608
0.98591 0.115078
0.39633 0.53993
0.534574 0.0924785
0.449745 0.119206
0.703253 0.384434
0.542503 0.595406
0.826359 0.868601
0.800257 0.964586
0.729016 0.335019
0.357548 0.384016
0.189145 0.247961
0.213304 0.23674
0.53633 0.35172
0.520366 0.905346
0.0304167 0.805729
0.619614 0.000704605
0.931707 0.0159163
0.540831 0.466322
