0.561494 0.254743
0.509381 0.342317
0.288422 0.627014
0.136832 0.497714
0.929928 0.578357
0.917848 0.713449
0.147598 0.720667
0.379693 0.442769
0.519755 0.810226
0.856187 0.503839
0.424463 0.760311
0.10719 0.598877
0.485527 0.316557
0.815839 0.390967
0.0510729 0.0692947
0.874642 0.59239
0.323651 0.370486
0.920468 0.607487
0.921673 0.162329
0.124169 0.889319
0.628899 0.0339241
0.611973 0.75561
0.748725 0.0107783
0.216999 0.275662
0.813594 0.0957943
0.741371 0.295208
0.718034 0.793014
0.838647 0.328189
0.198285 0.717251
0.669045 0.231983
0.780918 0.569815
0.798718 0.121814
0.920179 0.732921
0.691701 0.840175
0.693282 0.723784
0.819436 0.417857
0.854088 0.451106
0.192524 0.602776
0.458301 0.404442
0.834099 0.279878
0.492041 0.678369
0.565173 0.334477
0.575337 0.415297
0.62535 0.733036
0.113876 0.339369
0.804485 0.833496
0.842388 0.734543
0.0837964 0.824914
0.478742 0.698426
0.736615 0.312625
0.52104 0.578514
0.690599 0.367404
0.0439356 0.881356
0.964524 0.487807
0.293561 0.858388
0.723414 0.743817
0.54761 0.320983
0.105611 0.0896563
0.714267 0.720741
0.748889 0.750355
0.0929752 0.819291
0.729766 0.917189
0.59765 0.732105
0.828041 0.144201
0.446142 0.611802
0.450042 0.0818947
0.177144 0.121122
0.375392 0.216251
0.0143794 0.369153
0.701665 0.296853
0.229017 0.455629
0.0844165 0.741724
0.753405 0.206502
0.836408 0.488059
0.92764 0.682491
0.344858 0.0633024
0.497408 0.0852251
0.0415936 0.124061
0.732165 0.774576
0.254276 0.30998
0.485922 0.693576
0.310943 0.653631
0.807048 0.692835
0.752183 0.731726
0.0600077 0.539718
0.128689 0.284443
0.957984 0.236734
0.0615414 0.776665
0.386477 0.870795
0.239331 0.361755
0.55237 0.576494
0.390037 0.104626
0.648858 0.425754
0.198101 0.502826
0.319006 0.455014
0.733433 0.71873
0.132539 0.10972
0.443689 0.928959
0.773336 0.290315
0.682091 0.75787
0.698095 0.778909
0.147931 0.773235
0.117389 0.182081
0.52779 0.53843
0.0531523 0.763886
0.901199 0.615145
0.351157 0.307751
0.688768 0.0195393
0.681767 0.782058
0.50172 0.0719606
0.322166 0.316516
0.855581 0.465541
0.431425 0.301126
0.398235 0.245129
0.561569 0.168111
0.0967523 0.366667
0.0756802 0.249691
0.14928 0.183259
0.461113 0.685936
0.71079 0.496917
0.46155 0.633328
0.114669 0.801372
0.83541 0.75799
0.813703 0.672326
0.695952 0.310025
0.746002 0.0187288
0.637888 0.600092
0.488636 0.101734
0.763718 0.783428
0.307143 0.437986
0.0507281 0.405554
0.798846 0.130318
0.668167 0.918114
0.295094 0.117665
0.63645 0.0231499
0.603603 0.104533
0.629597 0.71461
0.899811 0.569043
0.504804 0.706405
0.244858 0.204693
0.0694797 0.978223
0.230932 0.699078
0.555146 0.689558
0.765155 0.45238
0.592851 0.0706038
0.91177 0.643103
0.48404 0.731534
0.753019 0.135769
0.670757 0.0629484
0.228236 0.304978
0.0872826 0.820853
0.412018 0.737834
0.57751 0.317392
0.291626 0.10335
0.0313872 0.551869
0.295901 0.0969352
0.512698 0.540149
0.768863 0.120529
0.243624 0.543158
0.555659 0.828041
0.597553 0.479481
0.494951 0.108902
0.198869 0.23977
0.196795 0.862239
0.312091 0.42639
0.164065 0.389448
0.266884 0.584206
0.115271 0.813684
0.878933 0.406044
0.733441 0.806871
0.926487 0.215686
0.962453 0.476367
0.696806 0.72144
0.58675 0.969828
0.317179 0.156571
0.72001 0.769959
0.656008 0.287544
0.844282 0.807886
0.542988 0.191253
0.662546 0.789875
0.600003 0.863013
0.239274 0.878043
0.464586 0.346694
0.705016 0.322464
0.762883 0.596086
0.252728 0.714139
0.784997 0.2664
0.176823 0.548831
0.0390828 0.776038
0.544979 0.327213
0.911367 0.330012
0.226893 0.574399
0.654146 0.201176
0.394187 0.196088
0.376641 0.139194
0.0423518 0.0253241
0.968406 0.283504
0.890593 0.448011
0.612617 0.585293
0.783205 0.390115
0.184446 0.0447127
0.109545 0.974793
0.282653 0.270361
0.551816 0.3003
0.0599221 0.0530874
0.629764 0.908987
0.407959 0.856923
0.527143 0.0797432
0.0591543 0.928401
0.22708 0.439224
0.0767207 0.270655
0.4667 0.128129
0.55962 0.339856
0.490735 0.173354
0.875437 0.278779
0.534126 0.0926234
0.312889 0.634797
0.0844375 0.607769
0.904831 0.614726
0.738191 0.792651
0.666956 0.502708
0.88957 0.0991349
0.345584 0.416733
0.117894 0.39537
0.347717 0.351471
0.809145 0.407708
0.633396 0.266451
0.426681 0.170336
0.584946 0.907327
0.316284 0.524177
0.19994 0.867806
0.602145 0.52188
0.503846 0.709359
0.126067 0.384923
0.326033 0.0692466
0.363022 0.919256
0.530735 0.206746
0.0633576 0.863513
0.605151 0.169502
0.314303 0.880275
0.513045 0.0998424
0.353609 0.153199
0.385518 0.792312
0.339326 0.908698
0.702985 0.607313
0.467792 0.912947
0.459238 0.111025
0.442152 0.950452
0.800849 0.560227
0.343411 0.121988
0.575095 0.660327
0.0975834 0.111584
0.838763 0.159585
0.973312 0.458985
0.314439 0.255116
0.412191 0.859327
0.358074 0.767298
0.933152 0.729096
0.548523 0.277806
0.68083 0.24096
0.871766 0.181613
0.140069 0.349525
0.285809 0.584926
0.293439 0.101207
0.143246 0.649445
0.19474 0.725822
0.291834 0.29388
0.81191 0.156717
0.407562 0.808145
0.579372 0.738886
0.0844077 0.0401544
0.611352 0.423757
0.772121 0.560287
0.130282 0.302644
0.755131 0.729461
0.513731 0.702496
0.0128613 0.7216
0.0671568 0.279319
0.265484 0.366626
0.375884 0.410487
0.0155112 0.590727
0.119875 0.301852
0.761521 0.763765
0.455516 0.316722
0.761696 0.054147
0.0454867 0.817034
0.0643038 0.651952
0.235071 0.851572
0.202207 0.364866
0.13855 0.0446771
0.185555 0.688068
0.7534 0.194381
0.371124 0.853615
0.457222 0.654552
0.197582 0.853622
0.0555569 0.209799
0.40869 0.184802
0.532957 0.29536
0.136257 0.935802
0.566304 0.873112
0.013649 0.710927
0.710732 0.091713
0.305462 0.877738
0.916358 0.48767
0.318034 0.0794156
0.518556 0.507451
0.743542 0.308277
0.68568 0.112196
0.124735 0.161118
0.757831 0.33448
0.0269754 0.807492
0.536522 0.447406
0.926177 0.146823
0.724953 0.101688
0.00943251 0.307129
0.901618 0.138376
0.917557 0.691545
0.11504 0.200205
0.633526 0.0283862
0.691873 0.913707
0.0883373 0.214105
0.429648 0.822218
0.502174 0.142337
0.93641 0.632623
0.309101 0.695693
0.949188 0.315293
0.480414 0.495283
0.771978 0.436996
0.535702 0.497701
0.535702 0.553089
0.795089 0.515463
0.549442 0.720401
0.217737 0.696113
0.804275 0.801511
0.707253 0.629322
0.727481 0.720175
0.830227 0.276001
0.608703 0.337466
0.399535 0.558289
0.936235 0.712021
0.266445 0.86691
0.0461586 0.744609
0.401389 0.781691
0.191174 0.921755
0.294134 0.721023
0.507172 0.0870736
0.224875 0.114762
0.823622 0.449086
0.74183 0.744375
0.300229 0.501284
0.37861 0.132288
0.289171 0.229939
0.366088 0.909301
0.558387 0.75467
0.451428 0.581454
0.480479 0.714149
0.495156 0.496044
0.432714 0.910854
0.284399 0.583654
0.890445 0.567308
0.291385 0.416552
0.655842 0.521107
0.513612 0.473168
0.966254 0.303261
0.234023 0.270425
0.793502 0.632874
0.357898 0.119609
0.8373 0.721196
0 0.447967
0.51634 0.469968
0.0363999 0.97903
0.160122 0.504653
0.446914 0.594995
0.425933 0.774601
0.156854 0.32666
0.333798 0.455054
0.710316 0.919445
0.943318 0.269801
0.427126 0.939224
0.531345 0.658713
0.212208 0.348047
0.308291 0.607489
0.424864 0.176493
0.343117 0.438587
0.590945 0.840692
0.905687 0.606268
0.838058 0.0898599
0.111773 0.320641
0.646241 0.543147
0.0875675 0.806814
0.865772 0.411698
0.277748 0.61669
0.392515 0.251568
0.749439 0.763289
0.179312 0.415416
0.54044 0.403441
0.661772 0.735695
0.964665 0.207755
0.00742348 0.326018
0.615599 0.614672
0.182478 0.533925
0.222379 0.028121
0.631227 0.339458
0.341827 0.251468
0.869738 0.426492
0.0899389 0.761796
0.823457 0.351471
0.345764 0.242327
0.576433 0.205579
0.0860461 0.739828
0.600553 0.621487
0.14284 0.376792
0.45049 0.14376
0.562354 0.461951
0.456318 0.197444
0.0771396 0.65176
0.753293 0.290474
0.681881 0.304038
0.631231 0.0199549
0.559122 0.510372
0.473269 0.621982
0.249875 0.289295
0.966794 0.597603
0.522734 0.538033
0.80622 0.62773
0.282569 0.426213
0.240499 0.429031
0.786074 0.696235
0.58791 0.366187
0.173405 0.016182
0.563276 0.25729
0.67354 0.255105
0.568048 0.338541
0.592874 0.181985
0.351887 0.163745
0.67641 0.76277
0.71846 0.818037
0.0741469 0.750734
0.530271 0.614589
0.287719 0.345773
0.235617 0.580284
0.768704 0.463327
0.00513033 0.579294
0.180775 0.560412
0.902089 0.338195
0.571334 0.468708
0.618935 0.23565
0.73345 0.1613
0.579576 0.333773
0.353992 0.882843
0.514003 0.117119
0.701467 0.268755
0.901474 0.772058
0.0424042 0.513627
0.374605 0.321378
0.855376 0.613132
0.900987 0.619981
0.0956011 0.887384
0.177559 0.259655
0.447222 0.114268
0.611579 0.0313788
0.574603 0.210304
0.263409 0.306506
0.367924 0.845716
0.607564 0.694321
0.719273 0.127904
0.7164 0.401932
0.401603 0.701352
0.182846 0.435991
0.20024 0.56116
0.754291 0.0616841
0.168205 0.650879
0.698466 0.228488
0.527234 0.838779
0.4867 0.98076
0.928042 0.153806
0.0367611 0.515587
0.325904 0.299309
0.805179 0.694105
0.117246 0.440155
0.395706 0.874513
0.553805 0.118363
0.301136 0.890782
0.816962 0.439069
0.38669 0.0628857
0.979185 0.154421
0.0643938 0.162778
0.764853 0.723754
0.408455 0.333753
0.567676 0.890554
0.332997 0.538922
0.026026 0.367482
0.0316344 0.363336
0.640072 0.833409
0.0567428 0.771336
0.29673 0.452493
0.606895 0.834277
0.555137 0.873943
0.79327 0.412389
0.324445 0.20039
0.398805 0.319373
0.342881 0.457975
0.478034 0.141157
0.206274 0.842234
0.448459 0.745426
0.713084 0.714391
0.307358 0.829966
0.16667 0.350401
0.191087 0.816697
0.195812 0.245662
0.602844 0.481782
0.673964 0.23275
0.337159 0.275656
0.11623 0.14387
0.651387 0.417045
0.349038 0.079098
0.748512 0.688187
0.515939 0.251655
0.828329 0.690499
0.121007 0.296072
0.443295 0.922399
0.0986655 0.778351
0.734504 0.294547
0.152955 0.906256
0.0984591 0.321113
0.17972 0.713801
0.697478 0.759976
0.933054 0.160922
0.145115 0.0375528
0.307599 0.813624
0.479989 0.672258
0.831855 0.246908
0.3602 0.357904
0.474328 0.193395
0.0586268 0.613155
0.484388 0.536953
0.506453 0.599951
0.311 0.269947
0.8679 0.436433
0.222889 0.91809
0.776418 0.366403
0.674361 0.572333
0.260244 0.621744
0.726809 0.390033
0.657617 0.0275605
0.220478 0.121986
0.692609 0.0700203
0.376698 0.0784272
0.398625 0.845231
0.226704 0.485101
0.460279 0.73317
0.0300217 0.977943
0.316643 0.327042
0.249575 0.159666
0.76665 0.429982
0.148352 0.522232
0.725654 0.726188
0.0938088 0.0742514
0.428431 0.820489
0.468903 0.115726
0.857801 0.685758
0.243997 0.553705
0.751652 0.627608
0.595291 0.185601
0.458676 0.819282
0.673953 0.910693
0.532473 0.679901
0.787019 0.781841
0.982412 0.185399
0.0773318 0.77842
0.619553 0.206794
0.277771 0.437361
0.038723 0.378562
0.503457 0.496371
0.232513 0.931679
0.596893 0.0630531
0.647404 0.807961
0.595902 0.415819
0.468033 0.198551
0.628 0.903899
0.041681 0.281396
0.895692 0.561317
0.835496 0.777145
0.442351 0.919313
0.970416 0.47583
0.691099 0.594519
0.692936 0.928505
0.0507871 0.753517
0.341474 0.542938
0.219592 0.547609
0.501716 0.815187
0.607157 0.202073
0.678734 0.194863
0.61262 0.128165
0.39394 0.2521
0.089622 0.416689
0.500402 0.975101
0.973154 0.451982
0.787804 0.42716
0.402363 0.810198
0.88245 0.106039
0.379329 0.569052
0.0436428 0.410543
0.280703 0.38632
0.942552 0.511853
0.928307 0.481257
0.31931 0.542385
0.67644 0.952235
0.750193 0.299876
0.12823 0.130704
0.538642 0.213436
0.544121 0.0581601
0.191078 0.535538
0.484244 0.98391
0.773867 0.814045
0.699005 0.721934
0.968201 0.181791
0.375847 0.0604606
0.557258 0.651787
0.410874 0.520091
0.167827 0.34445
0.97811 0.493768
0.875179 0.656336
0.447409 0.631964
0.952206 0.594641
0.744287 0.4796
0.766457 0.315338
0.559321 0.0988747
0.829257 0.0628103
0.0419211 0.797254
0.862266 0.759613
0.564169 0.901651
0.759341 0.850324
0.931857 0.529329
0.613597 0.341064
0.0480317 0.779562
0.69333 0.0440427
0.275811 0.569167
0.687681 0.733092
0.18714 0.652582
0.353855 0.922885
0.141959 0.15188
0.224064 0.68121
0.159962 0.0503922
0.701379 0.168929
0.815777 0.645255
0.924679 0.388028
0.550195 0.879082
0.345314 0.508804
0.449216 0.948033
0.849285 0.470748
0.739087 0.534668
0.534233 0.110718
0.115103 0.1986
0.724269 0.326349
0.842496 0.143037
0.244962 0.927061
0.291543 0.437203
0.658142 0.439958
0.502774 0.387405
0.649943 0.308833
0.0415195 0.57529
0.698838 0.600725
0.478232 0.13009
0.120089 0.865477
0.759178 0.865038
0.354841 0.746812
0.477891 0.855435
0.753827 0.611008
0.0645706 0.53645
0.737875 0.804785
0.643881 0.110984
0.75011 0.802795
0.542197 0.564131
0.394458 0.0836551
0.923167 0.112144
0.397604 0.934085
0.583898 0.0624848
0.590209 0.0468755
0.0983258 0.711851
0.915744 0.136815
0.677738 0.257133
0.81172 0.18696
0.12658 0.588701
0.764972 0.195946
0.110615 0.681685
0.0849246 0.760034
0.744586 0.878186
0.724795 0.320052
0.549614 0.108256
0.379699 0.50727
0.131531 0.738653
0.500836 0.714107
0.782262 0.0889201
0.681693 0.777911
0.78038 0.662913
0.957047 0.450268
0.857898 0.761498
0.603802 0.0690861
0.372411 0.384464
0.247997 0.483961
0.0507441 0.339514
0.238396 0.855287
0.371618 0.934749
0.18968 0.85063
0.0670964 0.559977
0.378052 0.195841
0.28185 0.896845
0.900447 0.0906792
0.964441 0.636951
0.902456 0.752383
0.322081 0.891834
0.192237 0.240953
0.678231 0.779537
0.309325 0.0785618
0.184748 0.558669
0.55252 0.246636
0.851908 0.732941
0.088204 0.234726
0.719953 0.257799
0.125089 0.786475
0.792525 0.52119
0.936533 0.17297
0.38428 0.855618
0.135381 0.372004
0.490486 0.0759943
0.116565 0.800529
0.976292 0.315636
0.0487106 0.687845
0.107722 0.360851
0.745321 0.292766
0.879209 0.266574
0.50836 0.813606
0.0543112 0.609996
0.0505414 0.769748
0.842893 0.195828
0.575725 0.649648
0.701857 0.548042
0.712336 0.124534
0.407653 0.864728
0.458969 0.918179
0.926341 0.602357
0.70409 0.815555
0.869804 0.735006
0.56236 0.0624016
0.12633 0.296517
0.313323 0.0616333
0.546178 0.827064
0.859528 0.60814
0.414043 0.921356
0.391565 0.293576
0.110828 0.951611
0.834417 0.761029
0.514197 0.648531
0.738296 0.831828
0.496068 0.410591
0.850408 0.413599
0.01562 0.588657
0.33067 0.906778
0.335326 0.888813
0.942883 0.46634
0.175528 0.25951
0.476134 0.723299
0.0962672 0.37129
0.349423 0.537551
0.284932 0.756026
0.805557 0.402497
0.712199 0.735394
0.192155 0.232705
0.388575 0.144828
0.187098 0.856016
0.533407 0.0963463
0.311065 0.538941
0.592943 0.630383
0.425105 0.946234
0.507856 0.413814
0.435096 0.681044
0.664454 0.895051
0.433587 0.774493
0.28976 0.78217
0.296614 0.586123
0.510559 0.123245
0.93427 0.243828
0.867089 0.147299
0.483242 0.298561
0.266024 0.651117
0.170708 0.794776
0.655809 0.47758
0.312139 0.27611
0.0990025 0.768662
0.221285 0.61415
0.17829 0.642822
0.288186 0.840039
0.535828 0.684981
0.580956 0.844123
0.44835 0.887775
0.419876 0.991188
0.00488998 0.399077
0.226206 0.86317
0.520979 0.674822
0.153286 0.79997
0.332449 0.32897
0.587296 0.00884465
0.718761 0.777207
0.285037 0.874319
0.685668 0.484123
0.50392 0.855494
0.127037 0.80867
0.702795 0.695127
0.539291 0.302804
0.545654 0.991551
0.214141 0.935751
0.965998 0.205257
0.387884 0.217143
0.0943077 0.914293
0.873801 0.231521
0.718783 0.248306
0.581898 0.340915
0.234934 0.367124
0.241421 0.509731
0.288141 0.890337
0.846073 0.794749
0.786305 0.13653
0.620173 0.49584
0.804872 0.154813
0.775071 0.396499
0.154762 0.947618
0.361587 0.127857
0.171659 0.74366
0.329064 0.243034
0.681989 0.223795
0.485899 0.399269
0.492239 0.128512
0.720236 0.665245
0.419046 0.959353
0.214468 0.698041
0.876401 0.217333
0.503854 0.695239
0.353168 0.138142
0.200798 0.145201
0.305958 0.914354
0.552872 0.420971
0.789849 0.824662
0.523225 0.133471
0.609249 0.850378
0.377233 0.299243
0.114249 0.847404
0.695117 0.571965
0.888302 0.428503
0.281053 0.298684
0.399728 0.503144
0.988138 0.308079
0.705779 0.486405
0.912204 0.173498
0.624664 0.187
0.231365 0.859917
0.178633 0.760984
0.308075 0.137668
0.633095 0.821611
0.27091 0.294914
0.697991 0.654083
0.569475 0.784985
0.536103 0.295122
0.373535 0.413162
0.706214 0.648114
0.708945 0.118569
0.154028 0.706774
0.38205 0.859262
0.195283 0.418853
0.821225 0.762514
0.614149 0.150676
0.699269 0.760684
0.900259 0.0779324
0.913997 0.545722
0.83621 0.208842
0.821274 0.529491
0.853456 0.418723
0.340144 0.362079
0.694511 0.677736
0.794695 0.408955
0.362395 0.494572
0.518473 0.51674
0.217198 0.892469
0.37297 0.391724
0.356248 0.296381
0.235786 0.907728
0.418568 0.914423
0.758375 0.34647
0.913261 0.675719
0.845731 0.71674
0.868534 0.717679
0.324918 0.739577
0.149822 0.659579
0.104799 0.839316
0.348067 0.888956
0.27467 0.733786
0.372264 0.822866
0.241113 0.568993
0.752206 0.615358
0.94916 0.159888
0.90598 0.167854
0.080514 0.349763
0.0853698 0.820091
0.69329 0.0214654
0.483733 0.584246
0.777697 0.397158
0.284647 0.118162
0.101194 0.435451
0.750046 0.202973
0.278156 0.138568
0.0786 0.564896
0.851065 0.437311
0.365044 0.0981464
0.0133797 0.097429
0.704175 0.926527
0.214511 0.622171
0.131926 0.288147
0.944192 0.220484
0.123205 0.65761
0.234003 0.628158
0.224537 0.0219881
0.0467539 0.538691
0.125376 0.0981636
0.785931 0.805383
0.300118 0.228577
0.00432471 0.375814
0.693365 0.727209
0.799616 0.157203
0.842291 0.771284
0.244285 0.65021
0.775721 0.439983
0.258645 0.868491
0.724107 0.228714
0.111004 0.847549
0.845441 0.335542
0.475602 0.0984498
0.351529 0.49276
0.602492 0.463431
0.585574 0.55212
0.346036 0.908524
0.762507 0.386683
0.264917 0.573543
0.212208 0.0860798
0.701267 0.159619
0.760139 0.796884
0.798334 0.655032
0.403143 0.0862128
0.551642 0.147146
0.283936 0.673564
0.0091536 0.140373
0.982039 0.49321
0.243789 0.336039
0.839541 0.80687
0.812557 0.570156
0.384486 0.174802
0.456802 0.181991
0.504149 0.714229
0.708942 0.702984
0.807991 0.456704
0.888229 0.707355
0.417935 0.704173
0.362158 0.827829
0.674638 0.807532
0.925145 0.125768
0.560114 0.951682
0.178418 0.564116
0.453796 0.416827
0.899718 0.433421
0.26571 0.723276
0.0235103 0.692932
0.885141 0.476503
0.831738 0.418736
0.19649 0.578473
0.164843 0.0047714
0.0568597 0.0600851
0.689422 0.420305
0.761817 0.0614274
0.2414 0.523374
0.941331 0.206679
0.537216 0.536124
0.160522 0.731776
0.0886267 0.631843
0.167684 0.939352
0.0599506 0.404398
0.705803 0.0752747
0.0704784 0.596498
0.522943 0.884241
0.0318911 0.785295
0.461476 0.170109
0.746545 0.490098
0.2314 0.456638
0.727033 0.846815
0.50556 0.187679
0.509634 0.471773
0.367241 0.0932794
0.991831 0.506324
0.779736 0.092823
0.176368 0.889565
0.0793862 0.219804
0.337453 0.791488
0.286756 0.396215
0.36036 0.847348
0.28808 0.368464
0.549704 0.749469
0.547844 0.336166
0.256418 0.771027
0.764918 0.203096
0.725232 0.307972
0.366245 0.269646
0.724178 0.700984
0.332345 0.760275
0.266443 0.118842
0.840526 0.43281
0.0537017 0.899528
0.665928 0.350088
0.69535 0.900178
0.76143 0.0448247
0.77018 0.0512375
0.41183 0.34909
0.732549 0.80499
0.67766 0.074243
0.691741 0.441275
0.264934 0.457178
0.732624 0.620979
0.714062 0.480994
0.370007 0.0834851
0.238754 0.658079
0.152517 0.0729766
0.0786889 0.180019
0.916761 0.732039
0.533805 0.676633
0.683432 0.29243
0.704174 0.430298
0.355407 0.127488
0.767541 0.174518
0.0653789 0.46266
0.235479 0.780037
0.907037 0.504088
0.216165 0.658802
0.150689 0.910725
0.132875 0.497143
0.952736 0.3862
0.150745 0.124594
0.447813 0.22881
0.316125 0.438974
0.810768 0.794357
0.106366 0.62965
0.161551 0.800289
0.0678081 0.519048
0.805204 0.789247
0.679709 0.00942339
0.326892 0.883879
0.748077 0.23183
0.419512 0.966381
0.86119 0.535657
0.92483 0.0804438
0.0476933 0.89448
0.378063 0.186914
0.0494966 0.841516
0.407024 0.342956
0.280127 0.354807
0.196357 0.385624
0.95645 0.366874
0.203526 0.0465362
0.865107 0.15729
0.879491 0.543736
0.148411 0.188711
0.410714 0.924919
0.395264 0.862293
0.859039 0.279879
0.391241 0.841961
0.296218 0.424951
0.715964 0.687501
0.580279 0.732461
0.556024 0.103937
0.0949535 0.80177
0.361083 0.295781
0.193277 0.339043
0.666893 0.380688
0.379738 0.521779
0.562729 0.266358
0.070544 0.713635
0.458215 0.512075
0.589805 0.856426
0.368574 0.509369
0.160188 0.761663
0.320235 0.453308
0.178352 0.0408336
0.128828 0.778681
0.789945 0.655954
0.708489 0.758253
0.470971 0.161804
0.174554 0.678619
0.473094 0.818198
0.0834537 0.861782
0.349937 0.634979
0.138163 0.411066
0.31622 0.612913
0.748882 0.825388
0.477529 0.311803
0.462132 0.613494
0.0688428 0.781553
0.0828457 0.225788
0.774462 0.225242
0.0142049 0.593221
0.81095 0.726783
0.463086 0.353981
0.952625 0.631543
0.0299336 0.446207
0.439077 0.11384
0.324887 0.810767
0.725327 0.446754
0.205643 0.0599698
0.0529992 0.126864
0.968892 0.514545
0.412565 0.404182
0.14182 0.447703
0.159858 0.214442
0.682074 0.91295
0.451438 0.676518
0.543295 0.321846
0.457988 0.973251
0.658537 0.419878
0.583396 0.686724
0.894202 0.0858554
0.789006 0.218304
0.852701 0.531396
0.65968 0.0602744
0.552023 0.691522
0.18573 0.563925
0.231037 0.593181
0.946105 0.368845
0.0383738 0.125346
0.557379 0.695355
0.0958594 0.0412028
0.403113 0.601603
0.317318 0.868768
0.575451 0.98564
0.304835 0.177714
0.656943 0.192727
0.241257 0.496036
0.375394 0.131098
0.0538246 0.0450241
0.171233 0.612033
0.753815 0.363134
0.196049 0.930853
0.932724 0.145709
0.400962 0.927274
0.297511 0.863493
0.707242 0.307636
0.930028 0.157108
0.880707 0.271363
0.940691 0.495668
0.26987 0.262634
0.68421 0.920477
0.413973 0.925373
0.432205 0.83203
0.0223767 0.476922
0.881052 0.180301
0.0800535 0.65501
0.545779 0.261932
0.624275 0.47815
0.396306 0.96207
0.481076 0.641281
0.901369 0.147237
0.82767 0.813015
0.238091 0.86344
0.129573 0.181035
0.384041 0.396929
0.464849 0.120232
0.342238 0.902156
0.852434 0.760663
0.720952 0.929603
0.289075 0.634449
0.170293 0.369274
0.272747 0.716522
0.607553 0.871822
0.181817 0.0099344
0.869603 0.633045
0.641508 0.74597
0.786669 0.624991
0.620648 0.0218087
0.484201 0.731587
0.226773 0.844172
0.153307 0.661393
0.95122 0.501808
0.545147 0.931724
0.298028 0.29083
0.92542 0.580935
0.899312 0.140137
0.928203 0.183395
0.806326 0.564008
0.0858087 0.97594
0.559388 0.909077
0.640102 0.225353
0.67914 0.39931
0.823232 0.329941
0.435136 0.365463
0.0619578 0.644618
0.262407 0.213179
0.286191 0.23079
0.67075 0.784366
0.163918 0.015543
0.126805 0.0927689
0.588441 0.0390059
0.19366 0.541796
0.210552 0.0138674
0.111657 0.273221
0.973511 0.71976
0.196374 0.629647
0.756817 0.794873
0.0616175 0.788918
0.202432 0.465445
0.142289 0.270887
0.0907668 0.399946
0.505653 0.386576
0.635904 0.194221
0.215822 0.816934
0.206819 0.348947
0.820565 0.725434
0.358497 0.124674
0.333508 0.599076
0.0956779 0.443992
0.855526 0.113289
0.122646 0.045288
0.721913 0.0348141
0.890635 0.755381
0.777897 0.144578
0.243911 0.845544
0.409523 0.313457
0.330401 0.873339
0.701558 0.908609
0.0997941 0.900302
0.750581 0.310166
0.269715 0.645837
0.103667 0.660337
0.714498 0.434797
0.236951 0.831025
0.88299 0.132937
0.911779 0.0844583
0.156772 0.634939
0.0429408 0.0857236
0.387262 0.843005
0.22875 0.610119
0.728548 0.628509
0.933519 0.0975489
0.514356 0.610664
0.989562 0.613341
0.499669 0.724143
0.839594 0.745035
0.369701 0.0576495
0.436689 0.125454
0.477558 0.7019
0.888378 0.340381
0.701074 0.714072
0.36232 0.941505
0.446472 0.396369
0.0561772 0.826131
0.219288 0.249099
0.449474 0.939201
0.873872 0.349471
0.965798 0.423029
0.737159 0.884275
0.0343928 0.497894
0.692574 0.895692
0.278106 0.113423
0.924917 0.738436
0.195882 0.435924
0.407067 0.132313
0.772137 0.221781
0.905215 0.148663
0.150744 0.35381
0.536875 0.187277
0.18625 0.752719
0.461695 0.606058
0.71214 0.310073
0.935886 0.699069
0.679842 0.837842
0.675657 0.753497
0.419424 0.416262
0.724086 0.674387
0.491058 0.687269
0.443818 0.706228
0.140425 0.837315
0.714505 0.793291
0.0743763 0.726924
0.0693828 0.215442
0.0663682 0.613184
0.395409 0.257325
0.351606 0.847513
0.867856 0.0930121
0.166389 0.810192
0.681039 0.800997
0.772348 0.409794
0.658769 0.169688
0.835203 0.403478
0.863365 0.361692
0.104904 0.301829
0.0826171 0.241918
0.16278 0.839185
0.154808 0.217024
0.579723 0.216714
0.471885 0.614251
0.73238 0.72425
0.869724 0.176307
0.650899 0.714516
0.211222 0.834551
0.564511 0.957532
0.726635 0.313526
0.39613 0.398619
0.51237 0.252322
0.782517 0.403208
0.580482 0.887703
0.689929 0.659419
0.14272 0.830177
0.543908 0.305515
0.0746489 0.10699
0.511812 0.50896
0.728576 0.3384
0.329809 0.614016
0.494678 0.984575
0.348092 0.749205
0.71897 0.774066
0.695289 0.52609
0.22173 0.112936
0.89963 0.736653
0.343239 0.731658
0.134876 0.915254
0.6083 0.788615
0.572145 0.743978
0.638719 0.117978
0.0787911 0.745531
0.216187 0.578484
0.254977 0.875046
0.909957 0.560351
0.545292 0.436279
0.537799 0.874467
0.158622 0.371089
0.698158 0.73923
0.911726 0.0618579
0.855605 0.786479
0.731612 0.322083
0.516395 0.869984
0.239602 0.131698
0.676328 0.804545
0.897214 0.340449
0.740439 0.856563
0.0749564 0.158177
0.563229 0.306943
0.0972952 0.455243
0.863283 0.636411
0.875927 0.4136
0.535212 0.0810474
0.761275 0.338472
0.88498 0.698867
0.33252 0.878693
0.492909 0.108168
0.166123 0.0334063
0.965145 0.400492
0.189699 0.690567
0.202665 0.116369
0.0347802 0.172895
0.0820038 0.107904
0.331369 0.625874
0.405833 0.425605
0.0556174 0.259397
0.0803045 0.939337
0.687865 0.584097
0.967638 0.478749
0.746377 0.795106
0.164789 0.236207
0.765896 0.650221
0.352515 0.9289
0.707027 0.329365
0.337846 0.871673
0.0328146 0.560283
0.913275 0.171182
0.712807 0.0817824
0.161124 0.0384799
0.680436 0.567834
0.448851 0.758981
0.822031 0.522956
0.6877 0.519078
0.115803 0.692554
0.00689765 0.0202489
0.578533 0.162896
0.255311 0.342195
0.825257 0.608793
0.277223 0.526244
0.948728 0.597135
0.424842 0.967951
0.139317 0.417799
0.0581339 0.846575
0.482431 0.199801
0.888667 0.168999
0.753349 0.366505
0.919479 0.594648
0.883292 0.612439
0.13828 0.958279
0.288689 0.13496
0.0400806 0.911814
0.285497 0.258598
0.205411 0.122679
0.859008 0.497014
0.628139 0.79025
0.0890217 0.0631872
0.760114 0.254615
0.45126 0.804655
0.104033 0.942387
0.0317445 0.986892
0.111612 0.762594
0.342785 0.0654521
0.365548 0.235642
0.644807 0.472001
0.237877 0.890874
0.609223 0.21364
0.705549 0.776569
0.484743 0.111292
0.981517 0.344952
0.541674 0.644376
0.143309 0.6487
0.695289 0.867324
0.878746 0.170766
0.710234 0.926698
0.133464 0.742101
0.938177 0.261439
0.522592 0.324781
0.285322 0.872091
0.528521 0.928046
0.351683 0.762089
0.755337 0.792773
0.914758 0.717818
0.836562 0.428734
0.673297 0.739215
0.736279 0.346287
0.434223 0.905366
0.948958 0.182595
0.72536 0.738259
0.334655 0.569549
0.828277 0.456123
0.287382 0.805543
0.685502 0.77107
0.126806 0.964009
0.658283 0.638376
0.723266 0.833524
0.390068 0.832718
0.917628 0.353122
0.48017 0.755871
0.746067 0.317625
0.58536 0.557482
0.616772 0.0633702
0.438362 0.58825
0.218264 0.277688
0.414197 0.543156
0.81824 0.274601
0.00138126 0.112925
0.0542982 0.729505
0.914064 0.149437
0.686214 0.573754
0.795134 0.620041
0.571974 0.180044
0.424499 0.508414
0.534149 0.943093
0.279081 0.329331
0.244573 0.891101
0.756649 0.759683
0.912789 0.333219
0.432179 0.157934
0.611552 0.852127
0.689433 0.449257
0.115042 0.702108
0.584363 0.158167
0.393286 0.509094
0.299896 0.107425
0.0828457 0.0980246
0.694445 0.643378
0.276302 0.142272
0.164978 0.806082
0.0832247 0.438977
0.150152 0.336369
0.30845 0.058894
0.195767 0.229836
0.388813 0.642537
0.379235 0.0558382
0.49912 0.0771728
0.457277 0.642106
0.766119 0.0689517
0.773 0.171082
0.56258 0.0967234
0.257377 0.655264
0.214434 0.903891
0.298127 0.471991
0.0865037 0.46335
0.297671 0.167216
0.896835 0.439538
0.502735 0.220218
0.494522 0.711181
0.408996 0.839538
0.340901 0.833158
0.768265 0.747027
0.874653 0.358319
0.479933 0.664165
0.422423 0.262687
0.75597 0.834539
0.346345 0.105559
0.635783 0.539167
0.0531467 0.931618
0.00317389 0.118088
0.392571 0.307099
0.286009 0.303638
0.711801 0.73567
0.49892 0.236477
0.467406 0.937226
0.0942264 0.814678
0.716767 0.890835
0.670724 0.649427
0.334244 0.152299
0.316657 0.764898
0.371644 0.155815
0.709632 0.707867
0.2036 0.376684
0.280246 0.242743
0.309207 0.295391
0.375267 0.724625
0.566354 0.637246
0.00954853 0.334919
0.443079 0.506792
0.548663 0.924257
0.477969 0.63719
0.742996 0.218407
0.606025 0.394704
0.754502 0.766622
0.568295 0.166876
0.700409 0.936331
0.302402 0.433523
0.708018 0.500789
0.756623 0.849592
0.746139 0.133902
0.285787 0.131945
0.714205 0.777381
0.670044 0.724209
0.218611 0.216609
0.356134 0.785215
0.155384 0.786009
0.426209 0.901137
0.0337475 0.0411104
0.32904 0.885828
0.805965 0.846782
0.0517171 0.702064
0.860974 0.348617
0.119755 0.598419
0.741774 0.761239
0.575618 0.611574
0.0683421 0.868925
0.696311 0.812975
0.755953 0.485446
0.705441 0.922955
0.719924 0.0891784
0.680226 0.774344
0.877256 0.167557
0.686326 0.774732
0.223167 0.113099
0.758162 0.199342
0.0541089 0.80647
0.725948 0.778676
0.187512 0.942026
0.541494 0.117189
0.919618 0.141462
0.609958 0.936323
0.960809 0.342017
0.877068 0.736877
0.832532 0.6138
0.71013 0.545675
0.679951 0.455215
0.428703 0.568163
0.648727 0.212413
0.448618 0.839701
0.346726 0.237057
0.0288719 0.393066
0.0619292 0.898115
0.31302 0.203508
0.81164 0.750907
0.218499 0.841174
0.804975 0.771061
0.696477 0.7713
0.169717 0.700979
0.628866 0.00209808
0.303279 0.347427
0.551961 0.992604
0.745059 0.849802
0.577704 0.451939
0.204216 0.0407815
0.296663 0.561005
0.270221 0.324027
0.938004 0.31983
0.234326 0.264043
0.526697 0.133183
0.0823188 0.746941
0.90287 0.117063
0.56916 0.762851
0.872092 0.720083
0.472164 0.525095
0.727213 0.726207
0.848642 0.320768
0.762952 0.670995
0.299465 0.335326
0.133747 0.499377
0.370864 0.431419
0.0634874 0.666032
0.761491 0.0162819
0.741702 0.891511
0.268513 0.507959
0.11413 0.355821
0.259621 0.0963702
0.35111 0.864974
0.830045 0.255962
0.632009 0.326813
0.763838 0.380627
0.0960158 0.656755
0.659368 0.814164
0.387122 0.918171
0.198656 0.474042
0.459861 0.586881
0.895411 0.540052
0.227323 0.659332
0.553841 0.198249
0.622445 0.806149
0.696514 0.7361
0.206622 0.917513
0.826426 0.531917
0.809339 0.697918
0.792304 0.405431
0.0218185 0.565501
0.777879 0.122806
0.197013 0.467156
0.977926 0.527673
0.438073 0.190934
0.029816 0.936102
0.67088 0.809878
0.452759 0.968391
0.569819 0.06002
0.169609 0.197046
0.727638 0.779209
0.916478 0.130217
0.773413 0.721961
0.555274 0.671795
0.508681 0.346067
0.0850621 0.52045
0.760009 0.766
0.636246 0.0933921
0.340632 0.626995
0.61022 0.765493
0.788918 0.634218
0.705578 0.537157
0.529372 0.194813
0.509524 0.0987327
0.219746 0.699019
0.296007 0.0818553
0.583036 0.261149
0.0940907 0.412931
0.0587961 0.670869
0.072544 0.56899
0.973212 0.168308
0.0875916 0.878205
0.0389246 0.741568
0.959199 0.3613
0.334737 0.614148
0.139908 0.112968
0.22468 0.878338
0.650911 0.745987
0.0477121 0.192338
0.813302 0.259477
0.867167 0.152837
0.329925 0.447137
0.415925 0.425935
0.854704 0.474969
0.095043 0.90905
0.0562834 0.0717312
0.0902632 0.115465
0.94197 0.163286
0.740537 0.779328
0.450962 0.166612
0.516645 0.602506
0.281187 0.764496
0.422553 0.943196
0.514639 0.503305
0.12469 0.379501
0.736398 0.902982
0.531941 0.0948358
0.439225 0.944894
0.532665 0.308379
0.440896 0.586693
0.225924 0.468126
0.676318 0.29392
0.571714 0.622356
0.40512 0.412924
0.533646 0.851011
0.576182 0.0834057
0.43297 0.850402
0.73255 0.794674
0.761126 0.401841
0.42112 0.896745
0.725536 0.180585
0.884021 0.277622
0.261705 0.365785
0.226657 0.793141
0.664098 0.656345
0.354187 0.894088
0.109971 0.0338307
0.192871 0.70883
0.650974 0.6
0.11589 0.186792
0.474849 0.706027
0.300351 0.89274
0.536718 0.123733
0.812676 0.367825
0.493085 0.265749
0.263674 0.221239
0.400638 0.195602
0.507747 0.680653
0.520154 0.709412
0.440888 0.217396
0.380393 0.846493
0.101184 0.504872
0.817111 0.295732
0.206016 0.511937
0.86208 0.32947
0.723284 0.332431
0.0519184 0.996704
0.262533 0.574377
0.11905 0.093126
0.919941 0.607926
0.337339 0.184221
0.796929 0.722064
0.367249 0.322622
0.427058 0.907585
0.0593115 0.870831
0.128403 0.430584
0.67417 0.227143
0.927219 0.551264
0.505302 0.141087
0.0574851 0.39361
0.44432 0.741099
0.734351 0.48229
0.776262 0.00688414
0.0741773 0.889438
0.112225 0.957762
0.500063 0.432274
0.150117 0.334656
0.177921 0.524206
0.655291 0.607094
0.445194 0.711173
0.454822 0.57336
0.136829 0.174919
0.785523 0.0708219
0.753986 0.302064
0.193873 0.811967
0.694851 0.672113
0.570376 0.434599
0.163789 0.343052
0.431439 0.229376
0.233598 0.536003
0.199425 0.744362
0.951565 0.364979
0.069252 0.156512
0.87133 0.723366
0.745478 0.327943
0.431738 0.245994
0.871555 0.573233
0.441562 0.660929
0.620825 0.145397
0.824737 0.802567
0.935521 0.661603
0.509472 0.519658
0.0986525 0.689989
0.843363 0.530613
0.908206 0.122111
0.0719665 0.113775
0.826089 0.0505169
0.43472 0.895644
0.18083 0.342377
0.612792 0.919408
0.651297 0.054754
0.177161 0.53391
0.616889 0.604391
0.194632 0.257829
0.745796 0.170255
0.108678 0.709755
0.811805 0.618643
0.237002 0.837761
0.300915 0.0788653
0.432551 0.215869
0.142072 0.507563
0.374444 0.912393
0.506255 0.780752
0.8607 0.710376
0.122681 0.479767
0.648536 0.758722
0.508821 0.835593
0.311475 0.149369
0.439617 0.495274
0.394724 0.205896
0.652462 0.509645
0.89459 0.482454
0.139216 0.10063
0.386274 0.441326
0.180514 0.805546
0.659496 0.305636
0.382259 0.930968
0.301003 0.884683
0.744089 0.159371
0.585615 0.869902
0.645957 0.254055
0.646599 0.147499
0.118937 0.952723
0.313655 0.552879
0.482122 0.729287
0.73442 0.142365
0.233828 0.639967
0.607311 0.357165
0.724064 0.917335
0.716031 0.788648
0.827664 0.454154
0.250787 0.132605
0.424128 0.524972
0.043412 0.189945
0.679885 0.645662
0.081182 0.290626
0.902463 0.731744
0.493483 0.108658
0.7004 0.754963
0.553314 0.181861
0.501826 0.302756
0.321119 0.735519
0.757802 0.833794
0.092902 0.684559
0.765557 0.803729
0.567243 0.730447
0.346603 0.849174
0.859522 0.732428
0.362874 0.945283
0.925698 0.129817
0.583887 0.0318001
0.341594 0.497061
0.700839 0.745803
0.505061 0.463861
0.573136 0.0611897
0.644861 0.0683705
0.389755 0.945464
0.743932 0.310661
0.752774 0.771601
0.845974 0.789988
0.766175 0.545794
0.550071 0.120053
0.373636 0.464114
0.887607 0.717473
0.400938 0.86788
0.741543 0.898499
0.866768 0.135321
0.482515 0.643769
0.725367 0.83028
0.0943148 0.498255
0.0873479 0.7764
0.572063 0.408453
0.719669 0.337092
0.685892 0.603717
0.227249 0.645519
0.411554 0.976674
0.214448 0.916435
0.109702 0.566776
0.423448 0.991391
0.298529 0.841637
0.845451 0.0880139
0.829351 0.715135
0.172385 0.333228
0.368471 0.0966838
0.328056 0.464358
0.597815 0.381096
0.219471 0.128826
0.712081 0.801777
0.498844 0.480586
0.49962 0.703869
0.132339 0.920822
0.722729 0.293709
0.824486 0.744533
0.848964 0.349411
0.794581 0.178806
0.19235 0.650874
0.239085 0.0329805
0.37291 0.411371
0.359118 0.740476
0.514687 0.690309
0.180127 0.0937986
0.0605379 0.400913
0.237447 0.866478
0.329921 0.751878
0.327724 0.859378
0.453528 0.439082
0.781036 0.170136
0.737425 0.682203
0.972588 0.616031
0.0445018 0.771847
0.763359 0.2363
0.450216 0.0990975
0.242855 0.807321
0.436448 0.593844
0.505144 0.917221
0.289246 0.722766
0.0124552 0.35219
0.121112 0.26295
0.193697 0.440159
0.993598 0.520611
0.29312 0.450391
0.949871 0.183147
0.590051 0.698158
0.791923 0.588193
0.329808 0.851964
0.378097 0.117248
0.0726965 0.780513
0.115961 0.319963
0.590779 0.543564
0.91801 0.162271
0.452317 0.211186
0.821238 0.478882
0.546488 0.934146
0.704741 0.708938
0.38575 0.740481
0.277059 0.676799
0.184241 0.239666
0.705664 0.750161
0.950749 0.548649
0.386339 0.281948
0.410391 0.769393
0.367981 0.455951
0.534994 0.516438
0.775668 0.143409
0.0684649 0.734405
0.248659 0.517534
0.918164 0.122366
0.963542 0.470864
0.0375487 0.759586
0.214275 0.391272
0.46249 0.496843
0.0561517 0.659541
0.690167 0.767988
0.458112 0.685729
0.365504 0.844872
0.917738 0.765272
0.608782 0.36579
0.213357 0.106192
0.767418 0.801183
0.282711 0.864466
0.698123 0.502479
0.45829 0.59984
0.595546 0.43302
0.0982883 0.608392
0.154197 0.314114
0.988293 0.619703
0.805267 0.0550562
0.259162 0.541856
0.863865 0.691124
0.231047 0.223152
0.52554 0.200966
0.962043 0.183467
0.553502 0.200112
0.229604 0.416513
0.196577 0.489845
0.347129 0.87516
0.894986 0.75458
0.50545 0.580497
0.190795 0.613692
0.170623 0.341203
0.912947 0.17026
0.899328 0.728241
0.212593 0.204659
0.268111 0.0846376
0.904258 0.497864
0.305621 0.428692
0.709751 0.275661
0.547508 0.250864
0.466164 0.732343
0.653898 0.668022
0.282487 0.926922
0.573359 0.241328
0.750229 0.0930865
0.737396 0.787134
0.703138 0.960327
0.277594 0.630052
0.153154 0.225326
0.341687 0.36486
0.44876 0.609272
0.438147 0.342498
0.114178 0.742615
0.703085 0.727451
0.0236774 0.318629
0.0519651 0.509595
0.0892354 0.710031
0.166764 0.335037
0.69079 0.719125
0.581184 0.44879
0.806655 0.403951
0.376244 0.524181
0.374913 0.647252
0.118672 0.528063
0.881501 0.475741
0.859067 0.327053
0.0834636 0.311349
0.674576 0.181592
0.0570934 0.451833
0.927581 0.192374
0.774979 0.045398
0.568275 0.840128
0.701551 0.712418
0.18228 0.440059
0.495943 0.732449
0.856163 0.328761
0.143818 0.261447
0.834894 0.520626
0.741013 0.83424
0.0579892 0.794778
0.425301 0.929243
0.124693 0.549395
0.250525 0.809986
0.754549 0.323255
0.251553 0.755332
0.392631 0.0570369
0.731327 0.874996
0.868661 0.520747
0.731811 0.0674881
0.933494 0.24537
0.722003 0.74083
0.562568 0.951756
0.111092 0.405643
0.499109 0.124281
0.382502 0.53009
0.744069 0.747181
0.434429 0.969101
0.404178 0.722142
0.755756 0.139755
0.0284923 0.0152417
0.871843 0.406294
0.0429433 0.675388
0.39399 0.90497
0.19044 0.124212
0.960709 0.164109
0.369946 0.812637
0.805032 0.862107
0.746952 0.113783
0.321376 0.235999
0.140947 0.711771
0.722507 0.902305
0.557664 0.21424
0.772322 0.83905
0.91465 0.711888
0.080968 0.925272
0.69485 0.89197
0.365621 0.784687
0.58397 0.73201
0.672308 0.764974
0.87814 0.66075
0.905239 0.23954
0.425011 0.929831
0.154302 0.210189
0.0367207 0.489589
0.436753 0.184552
0.192982 0.199434
0.16077 0.747995
0.39514 0.137414
0.693589 0.318234
0.78355 0.731885
0.279173 0.550666
0.702397 0.635135
0.320505 0.319141
0.385398 0.0698707
0.108028 0.262368
0.669435 0.0443711
0.496525 0.134957
0.967035 0.662091
0.358451 0.0854071
0.130601 0.774907
0.178437 0.325845
0.969448 0.347352
0.0635671 0.397388
0.434242 0.7472
0.725642 0.288137
0.53752 0.109324
0.814623 0.229425
0.630875 0.133072
0.54184 0.0821455
0.151548 0.640216
0.29515 0.823228
0.673735 0.769018
0.939159 0.657488
0.459633 0.32117
0.660657 0.587117
0.0821372 0.841063
0.920547 0.100174
0.219109 0.928838
0.46766 0.647095
0.721166 0.208066
0.873457 0.243508
0.208463 0.745017
0.428836 0.852486
0.782647 0.788714
0.91413 0.062676
0.624692 0.175406
0.815216 0.317693
0.855179 0.767611
0.94179 0.424259
0.084986 0.635393
0.00782939 0.158014
0.445707 0.920912
0.227455 0.672984
0.895903 0.692999
0.309733 0.646894
0.853786 0.213834
0.870553 0.115924
0.938674 0.321758
0.835462 0.786966
0.314119 0.843616
0.741465 0.766401
0.0374068 0.730099
0.275852 0.935897
0.493763 0.211091
0.42192 0.583987
0.828038 0.427207
0.743205 0.318176
0.391878 0.929488
0.931244 0.258661
0.68373 0.255214
0.87209 0.549617
0.469413 0.738704
0.634383 0.410627
0.0823835 0.600166
0.253186 0.392138
0.419096 0.138938
0.318919 0.456575
0.816504 0.572608
0.455241 0.300206
0.677745 0.762482
0.893791 0.577189
0.29471 0.66199
0.879668 0.634425
0.607806 0.820212
0.846437 0.297314
0.102884 0.755855
0.840755 0.598167
0.508553 0.492739
0.0366633 0.602417
0.0737248 0.269183
0.961643 0.514124
0.394999 0.295027
0.940416 0.224024
0.844278 0.401885
0.500974 0.613354
0.273823 0.41988
0.184346 0.568059
0.0949802 0.0882375
0.202945 0.702469
0.900036 0.112609
0.883844 0.134092
0.741586 0.744439
0.621681 0.356829
0.323845 0.639396
0.918413 0.398301
0.751344 0.811018
0.887343 0.312683
0.202778 0.858411
0.520453 0.0733738
0.283234 0.0628918
0.662025 0.549288
0.446351 0.846185
0.131023 0.528778
0.878627 0.309752
0.226272 0.822569
0.394542 0.234203
0.798146 0.262627
0.06012 0.410254
0.595884 0.385328
0.0465669 0.535505
0.72524 0.856851
0.446382 0.699528
0.285777 0.649847
0.567875 0.806598
0.650071 0.801519
0.842861 0.359214
0.414013 0.324813
0.201733 0.536979
0.851406 0.121646
0.839788 0.108662
0.881163 0.245273
0.322202 0.740839
0.507162 0.380423
0.139872 0.0679447
0.754609 0.196031
0.582427 0.558271
0.15072 0.0264993
0.253812 0.438565
0.63977 0.817541
0.249231 0.351865
0.684166 0.113199
0.700117 0.105536
0.413266 0.911548
0.643869 0.284141
0.0224592 0.479387
0.384299 0.92375
0.72063 0.681023
0.668858 0.199047
0.0738935 0.790962
0.282089 0.835556
0.804347 0.806284
0.359188 0.148975
0.900404 0.650967
0.571034 0.567797
0.463281 0.819508
0.906724 0.177094
0.932864 0.630064
0.273145 0.370517
0.515894 0.890665
0.660359 0.559045
0.379457 0.0800976
0.477349 0.108258
0.726772 0.155422
0.31965 0.816426
0.949999 0.593598
0.654844 0.90888
0.496818 0.124958
0.0767323 0.37712
0.682301 0.658638
0.92823 0.174381
0.462236 0.864148
0.341442 0.424221
0.469579 0.626706
0.79896 0.0389266
0.521078 0.456386
0.573703 0.882129
0.489152 0.0843232
0.0566497 0.253661
0.228533 0.319647
0.0503444 0.185767
0.893671 0.702071
0.123452 0.392617
0.70961 0.209902
0.781494 0.394073
0.870485 0.703498
0.624162 0.375382
0.554706 0.908583
0.777917 0.0682142
0.531673 0.583582
0.091145 0.0641157
0.0460385 0.700326
0.95755 0.535496
0.711582 0.884351
0.743902 0.882953
0.282676 0.83345
0.17465 0.198058
0.54488 0.311741
0.604802 0.24744
0.518361 0.36041
0.652857 0.349841
0.0839855 0.254263
0.724831 0.621051
0.169245 0.514903
0.688414 0.694326
0.0813343 0.772205
0.765503 0.138091
0.457787 0.750877
0.683423 0.204643
0.695856 0.439405
0.242389 0.922925
0.280208 0.391021
0.169492 0.819516
0.679574 0.746176
0.0637003 0.197596
0.128248 0.729585
0.573051 0.182597
0.973552 0.301771
0.801773 0.159788
0.808125 0.504681
0.729216 0.802935
0.293686 0.644678
0.0543967 0.780065
0.373136 0.708875
0.941509 0.162216
0.141914 0.181903
0.0446321 0.421765
0.58843 0.229292
0.227265 0.259307
0.0284344 0.280914
0.454089 0.133894
0.0278398 0.0400686
0.360353 0.90881
0.342349 0.135998
0.119974 0.138086
0.626732 0.930496
0.0553127 0.916314
0.60054 0.074941
0.681024 0.939725
0.74937 0.639298
0.0503036 0.894662
0.822588 0.099241
0.324058 0.399858
0.323656 0.561592
0.682508 0.312413
0.822967 0.150532
0.433189 0.833858
0.175678 0.768502
0.812519 0.499579
0.742431 0.788721
0.649779 0.516049
0.893915 0.695996
0.439474 0.498831
0.754163 0.11615
0.461563 0.527621
0.749737 0.505356
0.426413 0.583786
0.576728 0.727415
0.811031 0.861545
0.296785 0.678252
0.233741 0.144964
0.801279 0.69329
0.750024 0.878809
0.423072 0.752721
0.494186 0.339578
0.697041 0.136568
0.85342 0.60716
0.786009 0.306848
0.11135 0.583709
0.41072 0.584869
0.106182 0.152367
0.102432 0.533563
0.738151 0.674504
0.27473 0.748266
0.616892 0.565068
0.387366 0.855975
0.668144 0.215745
0.555819 0.666774
0.191882 0.0148257
0.456173 0.668859
0.361446 0.153068
0.788597 0.223731
0.742837 0.620067
0.471514 0.863141
0.229055 0.84917
0.461775 0.308803
0.0626667 0.554948
0.76969 0.718394
0.233807 0.13082
0.519315 0.856944
0.684463 0.905021
0.742959 0.350609
0.153642 0.296512
0.0258685 0.34745
0.302458 0.469703
0.0243079 0.686745
0.599648 0.795174
0.842675 0.364237
0.449972 0.349618
0.221077 0.663011
0.258088 0.668199
0.975343 0.314611
0.200117 0.835108
0.107396 0.462295
0.928764 0.647557
0.329042 0.622885
0.588946 0.062717
0.91615 0.754432
0.366442 0.0811919
0.0947172 0.665502
0.468828 0.113179
0.30488 0.109056
0.914012 0.173801
0.451742 0.364901
0.522422 0.663883
0.0286969 0.772494
0.406209 0.9141
0.0890721 0.553756
0.805514 0.221454
0.89467 0.742848
0.813629 0.342894
0.355144 0.430646
0.386678 0.329926
0.180765 0.740658
0.341292 0.264255
0.389032 0.851516
0.378942 0.717243
0.873381 0.288024
0.852769 0.364185
0.67115 0.36942
0.0374834 0.707866
0.166025 0.363579
0.697443 0.242221
0.899846 0.501358
0.403143 0.908007
0.240582 0.283007
0.23184 0.601022
0.708505 0.60476
0.776601 0.802134
0.340607 0.276485
0.15786 0.733089
0.102507 0.527407
0.45547 0.097097
0.778157 0.315981
0.367151 0.474229
0.678736 0.391864
0.161041 0.831227
0.670596 0.731102
0.109154 0.673444
0.337985 0.556864
0.564061 0.57924
0.765437 0.707597
0.169963 0.549139
0.388534 0.126743
0.440095 0.761231
0.378375 0.586584
0.471906 0.478386
0.11 0.894759
0.462495 0.911197
0.198591 0.869904
0.380668 0.898343
0.260907 0.544493
0.754029 0.0305271
0.372823 0.877733
0.680297 0.688312
0.40705 0.272634
0.289904 0.240702
0.0646676 0.462012
0.782462 0.457437
0.565692 0.199833
0.236717 0.876943
0.777795 0.678244
0.377292 0.870704
0.581115 0.880605
0.709689 0.716043
0.746301 0.186598
0.701199 0.0309105
0.709665 0.438776
0.0483176 0.0965555
0.31317 0.752054
0.796087 0.709438
0.0241235 0.0840942
0.948535 0.150959
0.521693 0.717955
0.525848 0.112835
0.902134 0.749042
0.0704146 0.745839
0.428013 0.461739
0.600153 0.0381577
0.362117 0.395344
0.821115 0.13154
0.561887 0.533896
0.136953 0.283816
0.958701 0.195111
0.378593 0.283379
0.907576 0.185679
0.804608 0.866667
0.30986 0.886861
0.835147 0.792377
0.683149 0.511365
0.94172 0.628275
0.299237 0.92215
0.353495 0.710997
0.425132 0.950488
0.694047 0.769797
0.345165 0.568326
0.760775 0.820552
0.0832343 0.0712017
0.201029 0.0731489
0.251974 0.580906
0.354466 0.177967
0.748566 0.362732
0.11798 0.0603063
0.295883 0.0919856
0.77982 0.80068
0.584901 0.78888
0.599553 0.840526
0.723308 0.860553
0.564298 0.245152
0.878687 0.280198
0.0724842 0.260721
0.770167 0.814945
0.19024 0.900547
0.048592 0.364538
0.00981925 0.301658
0.92728 0.349794
0.490574 0.717326
0.694386 0.565509
0.727093 0.927508
0.639564 0.600416
0.961009 0.250696
0.421066 0.606428
0.0989221 0.192846
0.576374 0.657549
0.433664 0.490325
0.933903 0.494828
0.722709 0.736433
0.4523 0.925372
0.721004 0.529821
0.30631 0.741708
0.832299 0.270611
0.074685 0.309421
0.870077 0.774992
0.883603 0.683412
0.782759 0.516811
0.291174 0.776867
0.759114 0.68096
0.366857 0.884528
0.759583 0.791766
0.532905 0.332546
0.442243 0.448976
0.801747 0.21779
0.237112 0.292454
0.144958 0.930262
0.829067 0.43023
0.684612 0.664643
0.665419 0.745783
0.978137 0.626677
0.532117 0.850381
0.315825 0.333915
0.405703 0.609834
0.103055 0.143107
0.293071 0.478108
0.0118476 0.181955
0.426037 0.52419
0.488016 0.864946
0.968874 0.331582
0.0785514 0.21621
0.624901 0.194676
0.17187 0.446037
0.61305 0.842445
0.110764 0.298244
0.624229 0.0926411
0.9117 0.184021
0.918914 0.243803
0.522576 0.346552
0.839331 0.61681
0.487896 0.139163
0.0967441 0.515483
0.323949 0.52215
0.0496596 0.831946
0.382577 0.0520795
0.166501 0.461939
0.224563 0.79877
0.669244 0.384945
0.228633 0.275012
0.26893 0.339704
0.562967 0.879566
0.42519 0.499558
0.0654628 0.377428
0.738138 0.582991
0.71685 0.577602
0.199789 0.201919
0.736078 0.278425
0.716994 0.0432244
0.755637 0.716527
0.869652 0.185202
0.774019 0.0404699
0.637446 0.00453442
0.784196 0.308158
0.409875 0.0929514
0.556452 0.656336
0.35636 0.168704
0.556506 0.809073
0.660713 0.634052
0.187602 0.40053
0.242936 0.841104
0.954081 0.427864
0.116184 0.705039
0.678594 0.792811
0.725796 0.496983
0.579105 0.608383
0.695588 0.335454
0.650688 0.319217
0.346997 0.469019
0.60726 0.735828
0.509591 0.207758
0.397267 0.901997
0.410582 0.932898
0.715032 0.0155851
0.629893 0.876342
0.392726 0.860138
0.791961 0.412573
0.283929 0.887502
0.100502 0.975673
0.69295 0.748996
0.494886 0.348213
0.403532 0.181925
0.69885 0.0654738
0.510363 0.0993421
0.520997 0.125666
0.802712 0.0534916
0.322877 0.23276
0.921135 0.676567
0.229712 0.659774
0.663289 0.812705
0.554802 0.09654
0.731032 0.356193
0.506813 0.132247
0.299343 0.560058
0.92357 0.161022
0.356227 0.469694
0.415323 0.806621
0.636202 0.0886401
0.833661 0.157531
0.133784 0.377574
0.295703 0.875038
0.429474 0.589087
0.169344 0.358949
0.266453 0.395116
0.0288401 0.952475
0.260834 0.573505
0.0717192 0.975709
0.929575 0.538082
0.955936 0.248309
0.100061 0.953315
0.287154 0.453596
0.449736 0.68372
0.237092 0.0895648
0.768617 0.095645
0.235389 0.843962
0.458835 0.483834
0.727926 0.769153
0.107873 0.0312975
0.228816 0.35066
0.396368 0.25014
0.312494 0.66942
0.774072 0.41024
0.622672 0.727052
0.901132 0.623192
0.751275 0.891003
0.604629 0.270442
0.467696 0.106357
0.933334 0.687928
0.0993252 0.735969
0.737597 0.338155
0.645535 0.22362
0.789758 0.456133
0.105744 0.858759
0.483177 0.342796
0.216289 0.867838
0.575409 0.532865
0.543014 0.399339
0.885811 0.16614
0.133209 0.781091
0.783288 0.129094
0.777988 0.382462
0.388712 0.234993
0.400951 0.347028
0.909485 0.496088
0.0742111 0.690259
0.790892 0.695607
0.908856 0.592021
0.175451 0.011585
0.479112 0.647601
0.354529 0.699146
0.509924 0.916589
0.214173 0.0630978
0.304773 0.12485
0.23287 0.45077
0.908755 0.0687085
0.547147 0.654782
0.414284 0.948443
0.827325 0.733866
0.307391 0.814456
0.289921 0.374467
0.476999 0.0947709
0.0776675 0.39566
0.695907 0.243769
0.371734 0.149917
0.88506 0.725529
0.823274 0.431144
0.672068 0.0323064
0.465175 0.97926
0.136909 0.726139
0.453488 0.111902
0.730529 0.921006
0.687409 0.15395
0.957861 0.601522
0.914812 0.26322
0.403625 0.244105
0.631401 0.867675
0.332895 0.731012
0.330848 0.929272
0.939637 0.703248
0.149825 0.858044
0.434747 0.950107
0.295985 0.132611
0.867651 0.767835
0.108438 0.113666
0.499766 0.537365
0.14585 0.247305
0.508846 0.832012
0.390899 0.488931
0.452087 0.336924
0.669282 0.759463
0.60258 0.394749
0.676738 0.799889
0.0966511 0.0428656
0.898161 0.107376
0.739827 0.0391994
0.931434 0.187313
0.952669 0.255463
0.34137 0.902368
0.0336236 0.395475
0.0854905 0.546875
0.889099 0.226775
0.795545 0.446785
0.0708749 0.187557
0.930433 0.516991
0.509975 0.673211
0.377126 0.111068
0.0780216 0.123421
0.00754541 0.172936
0.188989 0.862406
0.25374 0.869067
0.917063 0.200161
0.0874771 0.909463
0.441887 0.367255
0.892128 0.477307
0.714299 0.892156
0.0268177 0.717017
0.188381 0.830138
0.138483 0.270874
0.929685 0.185055
0.782859 0.52254
0.75382 0.162963
0.608266 0.818291
0.276161 0.645819
0.00949278 0.430963
0.547262 0.274775
0.328075 0.469577
0.462277 0.402746
0.37312 0.888865
0.710934 0.314486
0.376608 0.536133
0.240997 0.397105
0.215112 0.452146
0.204132 0.352688
0.697807 0.214434
0.431171 0.500388
0.716333 0.200416
0.657005 0.33843
0.0492889 0.934071
0.909063 0.163501
0.369943 0.530104
0.319722 0.718843
0.883812 0.761767
0.100005 0.373527
0.66306 0.823004
0.641834 0.0560161
0.39525 0.878832
0.459787 0.622671
0.339725 0.675575
0.93291 0.155506
0.854488 0.40132
0.552141 0.598277
0.604517 0.219283
0.958547 0.628981
0.180648 0.911616
0.666819 0.528366
0.454875 0.980334
0.229041 0.464343
0.74824 0.34711
0.839691 0.438179
0.20138 0.479542
0.466658 0.615964
0.367624 0.935434
0.229421 0.711903
0.608543 0.194539
0.759159 0.453698
0.634724 0.323014
0.0650368 0.192285
0.562281 0.0881691
0.819797 0.68939
0.956698 0.498098
0.222592 0.449882
0.49383 0.453031
0.869236 0.251997
0.742075 0.730603
0.695359 0.954884
0.228793 0.158712
0.581559 0.589571
0.123952 0.805902
0.298414 0.739447
0.0363993 0.0543321
0.197405 0.620847
0.372916 0.261389
0.719589 0.773322
0.271712 0.645701
0.623316 0.232073
0.140461 0.81558
0.684505 0.619681
0.278667 0.597577
0.871284 0.0844564
0.33685 0.562656
0.044224 0.572382
0.731814 0.618831
0.152161 0.84165
0.442431 0.440107
0.576015 0.443795
0.477672 0.758448
0.0810901 0.852263
0.0405069 0.88079
0.730986 0.328684
0.523152 0.395641
0.529576 0.654027
0.214125 0.214516
0.268139 0.495456
0.804731 0.147981
0.54861 0.154102
0.68709 0.598459
0.700613 0.411286
0.222637 0.884166
0.283837 0.688308
0.301317 0.8746
0.129808 0.785539
0.657077 0.195259
0.647522 0.677058
0.0839226 0.43322
0.970081 0.606394
0.815385 0.505088
0.253157 0.0448408
0.727224 0.517928
0.521541 0.553815
0.658488 0.0950226
0.707991 0.332168
0.673204 0.39924
0.701944 0.810989
0.265114 0.0734134
0.587405 0.564689
0.924361 0.724329
0.352425 0.584665
0.926532 0.087638
0.246511 0.00872805
0.433359 0.232677
0.635478 0.252822
0.674629 0.783007
0.292251 0.46793
0.396841 0.850026
0.0482066 0.0491496
0.915632 0.725704
0.427472 0.611568
0.139456 0.171463
0.533406 0.41925
0.224557 0.132297
0.961935 0.185529
0.821754 0.347136
0.699056 0.72438
0.39734 0.917341
0.712159 0.739255
0.220093 0.394795
0.0609885 0.951333
0.271266 0.336105
0.454805 0.657223
0.16519 0.4543
0.7219 0.0853353
0.182379 0.119671
0.701966 0.298678
0.29485 0.211748
0.716704 0.534826
0.343245 0.709908
0.693166 0.185697
0.0247477 0.445459
0.93068 0.365134
0.450274 0.734061
0.156822 0.671057
0.123921 0.183931
0.638443 0.367608
0.517337 0.0670254
0.062954 0.715564
0.497803 0.754784
0.76933 0.683751
0.897668 0.468692
0.0038601 0.187863
0.678651 0.710389
0.732489 0.0260728
0.42915 0.437562
0.203859 0.46053
0.879927 0.145373
0.806297 0.360538
0.78721 0.79236
0.0265399 0.993666
0.179358 0.632141
0.400411 0.715208
0.680351 0.431748
0.380893 0.215265
0.230004 0.146936
0.88031 0.146004
0.628824 0.875155
0.303297 0.320077
0.635726 0.0376898
0.33602 0.0969894
0.468863 0.543246
0.539493 0.369673
0.687589 0.33758
0.68554 0.558548
0.338487 0.710929
0.545134 0.51549
0.370607 0.922423
0.217319 0.0162482
0.411685 0.612998
0.22544 0.609599
0.772306 0.127547
0.704941 0.399391
0.030299 0.019724
0.728495 0.654299
0.0689948 0.0846681
0.724089 0.517439
0.628382 0.252824
0.84763 0.30458
0.605055 0.575492
0.755591 0.757366
0.270142 0.41285
0.432006 0.613385
0.358288 0.689375
0.59056 0.726163
0.287277 0.836112
0.342237 0.0849219
0.953715 0.147359
0.455728 0.96922
0.092277 0.211669
0.608584 0.123544
0.281042 0.367415
0.654994 0.85882
0.612985 0.544143
0.197998 0.233998
0.116365 0.0516159
0.19249 0.395277
0.481499 0.651473
0.843826 0.782775
0.332799 0.614667
0.546707 0.61176
0.408913 0.908097
0.650964 0.374097
0.955364 0.160864
0.360097 0.0841875
0.40815 0.94297
0.187673 0.650583
0.359348 0.869343
0.538811 0.982209
0.410969 0.754024
0.221819 0.527058
0.805637 0.412819
0.877413 0.252306
0.0845273 0.892052
0.064696 0.396457
0.484001 0.633145
0.0177787 0.931594
0.507599 0.670187
0.331304 0.50839
0.830875 0.692974
0.549733 0.193891
0.683805 0.715787
0.840261 0.0702763
0.602507 0.383528
0.0507819 0.979314
0.121515 0.25812
0.479597 0.913801
0.659265 0.39912
0.166103 0.755837
0.311548 0.228664
0.148583 0.80348
0.850632 0.164341
0.773997 0.359063
0.830679 0.0987955
0.89064 0.670085
0.785538 0.422012
0.862155 0.459848
0.172801 0.70186
0.484718 0.735974
0.0781995 0.557527
0.725955 0.200183
0.79699 0.256863
0.0948875 0.49383
0.666373 0.247584
0.274626 0.894096
0.503466 0.39364
0.748724 0.379169
0.534895 0.536845
0.749443 0.366804
0.605709 0.62129
0.0487782 0.388949
0.0726166 0.909861
0.847484 0.235356
0.605635 0.355597
0.953078 0.693998
0.914318 0.71117
0.872021 0.7286
0.740258 0.866549
0.222077 0.601068
0.242318 0.459644
0.532247 0.715268
0.828705 0.347588
0.0803522 0.390125
0.780343 0.744762
0.777569 0.481849
0.430143 0.826832
0.880561 0.501725
0.72272 0.698286
0.736945 0.335926
0.111337 0.719461
0.0510193 0.0221387
0.419719 0.90348
0.762508 0.350563
0.769381 0.813284
0.961635 0.150585
0.431121 0.521621
0.81909 0.285237
0.752776 0.766812
0.66153 0.710048
0.777609 0.432401
0.219386 0.220417
0.273898 0.123449
0.721972 0.0298935
0.842921 0.4496
0.371894 0.933259
0.162187 0.412218
0.967293 0.579862
0.330059 0.729619
0.927725 0.227296
0.681427 0.876511
0.346526 0.118165
0.438459 0.212842
0.389175 0.310125
0.146853 0.053195
0.0585249 0.914327
0.522603 0.27466
0.125248 0.772156
0.363584 0.874351
0.787966 0.221296
0.313327 0.179886
0.154257 0.46512
0.590672 0.127998
0.0619806 0.910457
0.766961 0.838038
0.121989 0.506837
0.914805 0.480089
0.627678 0.340373
0.679302 0.0156491
0.638288 0.811687
0.0769701 0.710394
0.7486 0.565504
0.792469 0.814205
0.351708 0.328197
0.731419 0.165023
0.530085 0.0688602
0.338612 0.706636
0.501348 0.922257
0.803359 0.572805
0.841171 0.633513
0.56179 0.961231
0.144579 0.48083
0.415665 0.750722
0.826344 0.131493
0.77554 0.49113
0.806322 0.792603
0.203603 0.69912
0.408636 0.17985
0.566329 0.760883
0.520026 0.329496
0.944964 0.112297
0.367475 0.271585
0.698393 0.80293
0.190323 0.537709
0.481698 0.130376
0.168981 0.0248494
0.00711608 0.304206
0.509238 0.449342
0.0745718 0.328873
0.555999 0.843839
0.828366 0.519032
0.709413 0.0475523
0.219841 0.106295
0.197447 0.813821
0.903823 0.710207
0.1263 0.830935
0.745651 0.48233
0.103346 0.487061
0.381918 0.311049
0.0751348 0.831529
0.347282 0.186079
0.855262 0.353465
0.515071 0.381867
0.801612 0.568384
0.718075 0.352546
0.417458 0.53651
0.882609 0.163007
0.579353 0.115312
0.251763 0.803457
0.893673 0.16317
0.531595 0.114023
0.0522058 0.265502
0.503981 0.122559
0.696451 0.800193
0.440004 0.765089
0.696937 0.715312
0.931896 0.60023
0.116292 0.414935
0.799004 0.850461
0.957146 0.697832
0.282776 0.400093
0.228396 0.144433
0.512191 0.804439
0.270322 0.798764
0.602022 0.179039
0.943675 0.167595
0.220263 0.910508
0.360266 0.7159
0.0798493 0.0971032
0.583726 0.49977
0.818521 0.353198
0.268111 0.77435
0.930542 0.385314
0.207045 0.875888
0.308762 0.158361
0.596389 0.585994
0.545992 0.806265
0.74831 0.0941714
0.628605 0.0263342
0.84256 0.223156
0.21295 0.847785
0.334865 0.405073
0.791465 0.687748
0.117294 0.862671
0.773055 0.694515
0.400542 0.619721
0.0363398 0.679435
0.395852 0.969789
0.0449763 0.579667
0.879512 0.331733
0.716558 0.489201
0.883315 0.280816
0.319762 0.687527
0.37725 0.938861
0.677909 0.251096
0.208901 0.861856
0.0879317 0.526163
0.317631 0.87747
0.207598 0.415358
0.739344 0.900108
0.121863 0.135535
0.603961 0.150419
0.806415 0.0182161
0.147222 0.823861
0.561067 0.0497084
0.167454 0.281942
0.521228 0.0966126
0.556358 0.836766
0.711165 0.842612
0.800112 0.467434
0.228853 0.933686
0.382294 0.287011
0.505423 0.689475
0.171176 0.722931
0.120897 0.91881
0.693193 0.226685
0.0810267 0.320706
0.377801 0.892747
0.326266 0.533666
0.695549 0.82274
0.543468 0.88321
0.181401 0.0919196
0.891619 0.755559
0.886414 0.762484
0.700695 0.720772
0.252979 0.855509
0.720906 0.611271
0.190731 0.230008
0.307879 0.360607
0.931616 0.411197
0.304125 0.671325
0.650898 0.369417
0.892609 0.143724
0.260791 0.322055
0.54503 0.971668
0.197752 0.116055
0.866442 0.40169
0.193169 0.864239
0.169557 0.137954
0.605694 0.852782
0.766378 0.759793
0.77698 0.615063
0.453301 0.959164
0.777944 0.706335
0.32572 0.801458
0.207735 0.626147
0.436818 0.834742
0.946075 0.452523
0.816608 0.257891
0.779696 0.388263
0.272103 0.91273
0.507974 0.112715
0.39238 0.72337
0.97242 0.537162
0.854917 0.603034
0.424662 0.749134
0.45508 0.191831
0.356404 0.942589
0.147418 0.180915
0.726269 0.463613
0.784901 0.860884
0.0901844 0.432247
0.76837 0.100948
0.878096 0.631273
0.341949 0.650877
0.0561278 0.592249
0.606389 0.561082
0.706799 0.961458
0.280021 0.678491
0.52981 0.125763
0.306131 0.875594
0.861714 0.719374
0.134589 0.204687
0.678906 0.271987
0.40153 0.395961
0.768684 0.358136
0.33218 0.853365
0.810376 0.119663
0.914777 0.690863
0.739979 0.303655
0.334881 0.804332
0.755554 0.779441
0.351337 0.576453
0.937545 0.616816
0.235423 0.474547
0.738498 0.491375
0.43819 0.598935
0.229242 0.554399
0.708976 0.763436
0.821362 0.23729
0.302612 0.596669
0.589423 0.626792
0.432673 0.416029
0.752356 0.344907
0.103922 0.484515
0.648279 0.422627
0.267381 0.530756
0.398558 0.623506
0.101047 0.313589
0.23717 0.338219
0.741377 0.874084
0.833896 0.217382
0.590806 0.0734259
0.775227 0.400365
0.971964 0.592854
0.65781 0.260896
0.177379 0.2346
0.907874 0.609266
0.662749 0.643187
0.896909 0.769456
0.13291 0.643592
0.210284 0.400387
0.167491 0.599355
0.047087 0.280436
0.874091 0.263599
0.581584 0.690827
0.249197 0.452931
0.792594 0.758044
0.526632 0.663492
0.257591 0.492749
0.262748 0.865612
0.77797 0.42004
0.139265 0.670626
0.0458541 0.79167
0.328328 0.0772142
0.569403 0.444143
0.641348 0.759473
0.755798 0.731534
0.362228 0.881951
0.0911759 0.272321
0.127724 0.70384
0.96322 0.383661
0.179659 0.866065
0.22142 0.676004
0.551173 0.473702
0.153476 0.797656
0.374498 0.915993
0.238483 0.510895
0.614907 0.290644
0.32041 0.891866
0.306438 0.870405
0.3866 0.945687
0.650425 0.182863
0.790296 0.0304886
0.064679 0.872398
0.306693 0.186952
0.603341 0.295229
0.529367 0.718867
0.183209 0.783259
0.41002 0.750667
0.256685 0.562812
0.547004 0.632513
0.454402 0.78449
0.137359 0.0714498
0.0817204 0.443437
0.946781 0.395811
0.314005 0.325045
0.384548 0.947692
0.507847 0.137979
0.97871 0.565197
0.0298395 0.292263
0.759307 0.597617
0.608169 0.324444
0.337076 0.776998
0.101069 0.729865
0.515319 0.35884
0.287272 0.076801
0.897279 0.771291
0.842955 0.125551
0.733703 0.764098
0.545481 0.799338
0.31967 0.866118
0.137939 0.683804
0.827327 0.656592
0.738392 0.702042
0.22549 0.85162
0.125522 0.957301
0.453612 0.685971
0.302471 0.774118
0.453992 0.397557
0.465127 0.949983
0.714858 0.727344
0.0320746 0.757753
0.533019 0.857419
0.823076 0.399239
0.780729 0.419998
0.213723 0.11047
0.260814 0.35177
0.80173 0.104418
0 0.712385
0.879058 0.236148
0.478228 0.105384
0.221723 0.85854
0.695492 0.510876
0.631276 0.149224
0.904154 0.145161
0.115481 0.663749
0.909601 0.162378
0.373883 0.471411
0.972005 0.229865
0.798824 0.723848
0.606751 0.0815958
0.781321 0.789634
0.431446 0.735592
0.951178 0.442271
0.339904 0.895379
0.659116 0.786551
0.752421 0.783988
0.688191 0.590821
0.409375 0.338084
0.756866 0.326888
0.454234 0.865411
0.943865 0.40594
0.970987 0.361378
0.781086 0.787583
0.544141 0.730705
0.774093 0.18822
0.819964 0.703341
0.0829677 0.26956
0.459494 0.0981014
0.678991 0.766138
0.871236 0.361933
0.573997 0.762937
0.253243 0.281699
0.370779 0.655643
0.62934 0.124635
0.960534 0.176055
0.784973 0.871809
0.482687 0.9603
0.295008 0.378934
0.807888 0.807882
0.130582 0.741611
0.0652118 0.945985
0.43355 0.12685
0.212643 0.846523
0.114767 0.876319
0.675961 0.957363
0.254588 0.267229
0.763677 0.50005
0.536996 0.136957
0.163474 0.167485
0.246842 0.156088
0.263288 0.227726
0.0690009 0.757265
0.202246 0.377717
0.152601 0.157202
0.241367 0.279692
0.859241 0.286604
0.220184 0.340799
0.38235 0.426653
0.225668 0.489486
0.340136 0.871206
0.45621 0.595293
0.167518 0.237692
0.0883016 0.712603
0.372205 0.250752
0.876709 0.634349
0.343258 0.140801
0.876097 0.455902
0.913897 0.111236
0.830302 0.0833665
0.235928 0.0819579
0.343827 0.143911
0.365298 0.56311
0.468156 0.75027
0.947962 0.714206
0.22555 0.302057
0.575601 0.686652
0.859892 0.705106
0.745089 0.853196
0.481009 0.331139
0.199734 0.337788
0.958055 0.579891
0.45432 0.816388
0.0333399 0.38896
0.761099 0.772228
0.44014 0.140568
0.860337 0.763766
0.260291 0.306257
0.351092 0.751778
0.038738 0.333871
0.441865 0.290159
0.634438 0.041762
0.969782 0.510322
0.708269 0.790412
0.484477 0.286774
0.246683 0.692014
0.613176 0.20038
0.252719 0.101906
0.0278773 0.300634
0.446071 0.921959
0.17516 0.884467
0.0523016 0.102076
0.723562 0.303379
0.393714 0.0890502
0.0538494 0.446973
0.378632 0.491648
0.720592 0.0243202
0.508322 0.677128
0.551066 0.344357
0.602068 0.0133419
0.577375 0.838207
0.668742 0.211004
0.0664958 0.948995
0.289002 0.0877348
0.245092 0.784785
0.966217 0.410029
0.69759 0.0495829
0.507489 0.410032
0.35948 0.906368
0.454025 0.422666
0.345149 0.850323
0.920539 0.105363
0.859068 0.439667
0.762783 0.361049
0.755604 0.37481
0.393688 0.378176
0.20676 0.0865713
0.593325 0.257132
0.0411382 0.867932
0.324316 0.282326
0.653884 0.306235
0.697549 0.325586
0.388984 0.194498
0.715406 0.699969
0.0931924 0.190273
0.15411 0.442461
0.0538234 0.0608149
0.471918 0.883436
0.520093 0.256516
0.272647 0.277914
0.555335 0.637026
0.637748 0.791682
0.725673 0.239871
0.0573123 0.762347
0.103295 0.402026
0.0800087 0.774861
0.721421 0.723542
0.0942544 0.0963561
0.809712 0.769558
0.832091 0.0396319
0.0477334 0.987583
0.469128 0.120933
0.0708392 0.940602
0.936239 0.556165
0.194323 0.201031
0.766623 0.712761
0.856562 0.481727
0.598543 0.605189
0.711932 0.667758
0.381166 0.845976
0.0691655 0.444191
0.565976 0.789357
0.182188 0.669983
0.878877 0.141128
0.465616 0.713192
0.123579 0.525991
0.711735 0.572954
0.561573 0.752977
0.51383 0.52629
0.328732 0.733128
0.711117 0.164784
0.499438 0.582559
0.623442 0.113754
0.181688 0.356542
0.800894 0.572968
0.186762 0.839809
0.0276521 0.793073
0.660098 0.178013
0.417351 0.565477
0.299235 0.887971
0.287736 0.409202
0.471399 0.0972757
0.902586 0.143007
0.769176 0.502297
0.532638 0.0992209
0.220453 0.259949
0.2612 0.751749
0.714758 0.794314
0.887742 0.0631895
0.261268 0.680469
0.585381 0.421643
0.53474 0.596081
0.187727 0.21867
0.776101 0.609095
0.787202 0.0725269
0.512901 0.0866017
0.451226 0.958347
0.0837557 0.461495
0.81639 0.806673
0.968068 0.536403
0.939724 0.202337
0.782217 0.234629
0.930921 0.637517
0.11805 0.797612
0.658869 0.347307
0.497277 0.283772
0.81491 0.0377493
0.772088 0.810588
0.248862 0.636876
0.591372 0.0341656
0.686652 0.120491
0.10884 0.158774
0.0896263 0.195223
0.616456 0.0867419
0.0631368 0.597834
0.613427 0.0200563
0.801033 0.401475
0.22886 0.725568
0.0479228 0.34263
0.486235 0.700368
0.718918 0.952197
0.966694 0.518038
0.0640556 0.813228
0.519333 0.266675
0.425547 0.118667
0.277844 0.147868
0.220053 0.391683
0.303444 0.31114
0.568494 0.908979
0.394614 0.651155
0.540962 0.119831
0.681565 0.280852
0.401799 0.891826
0.0077803 0.474706
0.24104 0.533455
0.208983 0.904122
0.51679 0.159173
0.469213 0.532495
0.743722 0.892842
0.797586 0.403459
0.0938031 0.0667482
0.570555 0.323721
0.434166 0.848525
0.624293 0.0471347
0.7779 0.0183637
0.713696 0.273569
0.0176328 0.36072
0.586976 0.442122
0.256818 0.595976
0.912075 0.501876
0.118028 0.103006
0.471234 0.627169
0.286637 0.854441
0.165728 0.222439
0.736281 0.812027
0.638651 0.0103773
0.0128476 0.193507
0.317992 0.477641
0.0644282 0.944791
0.496292 0.812823
0.938526 0.22386
0.127391 0.963724
0.541324 0.656227
0.407671 0.822404
0.272829 0.33815
0.309405 0.390589
0.421074 0.760347
0.0391542 0.72637
0.66101 0.189219
0.926483 0.596704
0.14386 0.571034
0.596124 0.147815
0.693147 0.822695
0.614037 0.79117
0.855634 0.147312
0.617302 0.81851
0.361651 0.746794
0.726328 0.784253
0.415939 0.255385
0.746149 0.676659
0.587391 0.0587345
0.113005 0.058334
0.807237 0.114686
0.725427 0.493257
0.298498 0.665646
0.0969085 0.428602
0.223349 0.709013
0.578744 0.966691
0.628213 0.198804
0.790303 0.483532
0.349936 0.41747
0.327432 0.719847
0.149735 0.135402
0.624238 0.565837
0.389459 0.373366
0.291636 0.907497
0.439634 0.323339
0.0479848 0.260938
0.438438 0.750339
0.733758 0.704451
0.396798 0.873924
0.157574 0.622876
0.523918 0.723207
0.599707 0.174802
0.932781 0.385937
0.6838 0.280093
0.748576 0.860024
0.768738 0.863443
0.128178 0.632199
0.507653 0.516819
0.884829 0.773341
0.493522 0.426616
0.10593 0.507127
0.674384 0.540174
0.243296 0.429711
0.270768 0.655033
0.276977 0.420829
0.255432 0.842529
0.160994 0.828055
0.016532 0.0941132
0.249919 0.671668
0.386722 0.0873396
0.664789 0.360264
0.880352 0.778639
0.0522529 0.539943
0.334933 0.100141
0.292958 0.795229
0.42865 0.394853
0.278438 0.117112
0.930034 0.534593
0.531989 0.204714
0.155062 0.811388
0.608794 0.397822
0.619856 0.755875
0.288962 0.644446
0.863337 0.530622
0.300662 0.261465
0.572477 0.941248
0.632951 0.575788
0.724395 0.63415
0.121458 0.0475072
0.662071 0.365326
0.803754 0.0850193
0.774439 0.101251
0.179202 0.718206
0.600177 0.699115
0.837268 0.74187
0.502032 0.542371
0.237307 0.119215
0.307416 0.505315
0.772728 0.186053
0.0456183 0.0796267
0.454624 0.606096
0.0469044 0.0743486
0.190151 0.773653
0.741541 0.27926
0.77103 0.397052
0.662746 0.605774
0.442205 0.443325
0.690499 0.616146
0.150135 0.321702
0.319634 0.0902786
0.1113 0.833432
0.632935 0.346314
0.812534 0.842091
0.80079 0.708775
0.091862 0.8699
0.842759 0.519821
0.468188 0.890325
0.57766 0.665541
0.662411 0.315223
0.953944 0.455907
0.694429 0.621601
0.0541348 0.142199
0.08825 0.765066
0.742667 0.226209
0.0647883 0.101454
0.287881 0.169955
0.777189 0.797462
0.491083 0.911714
0.75303 0.389466
0.666083 0.807974
0.241754 0.53853
0.40263 0.743782
0.412627 0.988245
0.40287 0.120164
0.325431 0.380242
0.554234 0.0906231
0.0063091 0.600745
0.157772 0.0603302
0.354852 0.898226
0.278623 0.393162
0.0110398 0.578807
0.55885 0.917022
0.449196 0.132963
0.840946 0.250574
0.432153 0.524698
0.103863 0.679468
0.074794 0.503302
0.397793 0.496023
0.463895 0.809748
0.565505 0.805028
0.189792 0.101179
0.815257 0.21309
0.695844 0.953487
0.252783 0.0147378
0.892093 0.539615
0.412956 0.889966
0.12268 0.953215
0.831146 0.5431
0.0607462 0.706287
0.783384 0.476604
0.221366 0.857393
0.157852 0.288797
0.382149 0.568976
0.683507 0.751409
0.384436 0.347778
0.673876 0.582645
0.449732 0.506963
0.765 0.147504
0.514441 0.108176
0.150573 0.397763
0.568918 0.567364
0.308556 0.70704
0.535039 0.143847
0.248319 0.599832
0.842995 0.0494533
0.111618 0.0747035
0.886634 0.245897
0.330065 0.301191
0.795485 0.120446
0.174589 0.180648
0.43683 0.848882
0.680414 0.817026
0.358771 0.541553
0.0526178 0.849906
0.57956 0.196529
0.26163 0.132694
0.757403 0.546792
0.812992 0.313305
0.6932 0.0932481
0.882198 0.5317
0.133279 0.941014
0.576351 0.0447462
0.239615 0.853226
0.354482 0.0919652
0.0351079 0.52342
0.1928 0.477922
0.377255 0.953176
0.396849 0.732291
0.496826 0.432364
0.57323 0.0805072
0.61641 0.810533
0.227511 0.392249
0.357035 0.107813
0.691504 0.0772084
0.171988 0.586043
0.623627 0.285632
0.550062 0.180454
0.333637 0.771255
0.0946443 0.67305
0.760431 0.12472
0.200631 0.914876
0.590658 0.538908
0.739655 0.837105
0.25549 0.420414
0.414842 0.850984
0.508728 0.101318
0.650614 0.719081
0.44602 0.115318
0.797137 0.137785
0.121035 0.949098
0.697046 0.680291
0.257252 0.262097
0.896745 0.583582
0.0314061 0.972147
0.243229 0.800782
0.0972664 0.425787
0.749961 0.672894
0.943283 0.678635
0.690875 0.210638
0.098135 0.0845634
0.0652453 0.60788
0.133575 0.71959
0.328669 0.575067
0.742918 0.137158
0.654551 0.804478
0.0960505 0.398264
0.596245 0.365548
0.642207 0.430713
0.927644 0.675883
0.421975 0.203486
0.47309 0.515968
0.62521 0.207182
0.221148 0.589308
0.760279 0.787908
0.735862 0.854625
0.824479 0.819463
0.563825 0.11496
0.551109 0.872672
0.681408 0.305593
0.0148714 0.36392
0.179285 0.116141
0.729394 0.715819
0.479175 0.412671
0.186203 0.42593
0.0897205 0.627984
0.606128 0.557053
0.146719 0.233965
0.773386 0.368961
0.816794 0.642183
0.266 0.630755
0.640361 0.233902
0.475703 0.198738
0.348881 0.0763336
0.115965 0.0482828
0.37579 0.114873
0.382443 0.550135
0.233231 0.117335
0.287387 0.712548
0.555558 0.461831
0.127936 0.65353
0.0925503 0.74552
0.199961 0.229222
0.76407 0.87878
0.58369 0.777415
0.590909 0.837165
0.409107 0.242912
0.105878 0.875992
0.423097 0.444226
0.926924 0.516186
0.479259 0.318179
0.602635 0.833304
0.746538 0.752159
0.98394 0.164604
0.534275 0.547987
0.564281 0.643303
0.195517 0.681674
0.410618 0.391737
0.896736 0.379938
0.359443 0.506388
0.203793 0.91678
0.356267 0.597441
0.195223 0.456656
0.454674 0.635652
0.892039 0.405144
0.129793 0.363972
0.711833 0.730527
0.207347 0.570627
0.595048 0.197474
0.671792 0.130681
0.730636 0.29618
0.722778 0.799104
0.926042 0.218707
0.326915 0.865976
0.565486 0.664709
0.367058 0.777863
0.62951 0.702604
0.348647 0.865032
0.174628 0.805417
0.474311 0.10945
0.242878 0.607432
0.444572 0.940327
0.341711 0.644564
0.501982 0.939325
0.818207 0.210334
0.0815137 0.576281
0.445515 0.876402
0.498137 0.42432
0.0823995 0.824169
0.287189 0.682238
0.502455 0.640151
0.421111 0.173688
0.360024 0.796358
0.0562679 0.534431
