0.402166 0.911523
0.952043 0.608052
0.382463 0.736262
0.769805 0.756889
0.00097999 0.713008
0.721905 0.620905
0.766761 0.151505
0.653522 0.642412
0.836841 0.490658
0.18075 0.560748
0.0890865 0.773991
0.768746 0.0260499
0.401094 0.7293
0.528879 0.888526
0.943414 0.87403
0.778857 0.347185
0.785273 0.727697
0.953354 0.167025
0.468231 0.725793
0.926419 0.469909
0.436514 0.647698
0.102613 0.205176
0.798454 0.751706
0.844514 0.633909
0.244489 0.0297485
0.198259 0.332815
0.803899 0.965187
0.358193 0.203546
0.69627 0.883963
0.0912386 0.64017
0.757733 0.870309
0.987604 0.543592
0.602711 0.940871
0.71219 0.0716216
0.667159 0.640066
0.539044 0.104452
0.290943 0.642178
0.306599 0.0887256
0.396416 0.154886
0.728747 0.629254
0.186575 0.92667
0.973828 0.989148
0.891602 0.332683
0.19062 0.587542
0.216321 0.283057
0.229334 0.974483
0.153279 0.214463
0.518161 0.754777
0.154486 0.230424
0.824034 0.81976
0.87191 0.364558
0.925642 0.157319
0.00713432 0.233584
0.249445 0.402186
0.386068 0.975037
0.0448379 0.571046
0.900405 0.020063
0.558353 0.79266
0.353164 0.748614
0.380625 0.569519
0.0315733 0.609483
0.540527 0.184329
0.823209 0.0611192
0.94092 0.977088
0.290673 0.768693
0.79865 0.161208
0.133562 0.723132
0.319174 0.139029
0.955502 0.568188
0.543021 0.343031
0.54394 0.588407
0.911777 0.445355
0.610374 0.473908
0.239411 0.959993
0.22054 0.619167
0.527234 0.25083
0.227606 0.069252
0.435134 0.0508342
0.12881 0.376053
0.0277482 0.418737
0.145413 0.828662
0.579304 0.277336
0.552587 0.899048
0.417087 0.506143
0.467721 0.956299
0.848465 0.0140251
0.546176 0.76182
0.456948 0.152756
0.234194 0.696097
0.113213 0.454429
0.315106 0.641547
0.708191 0.549291
0.708925 0.141862
0.594923 0.839071
0.517641 0.622423
0.257554 0.662377
0.449811 0.835805
0.940473 0.00145301
0.733882 0.356849
0.505519 0.202524
0.312596 0.355888
0.215268 0.859467
0.119419 0.672465
0.0120982 0.353716
0.368647 0.125104
0.806751 0.68136
0.768647 0.523608
0.227597 0.47416
0.652842 0.821374
0.31167 0.171134
0.445208 0.569926
0.832461 0.892042
0.405782 0.770583
0.892894 0.137858
0.126922 0.402117
0.340207 0.440752
0.762426 0.570992
0.300185 0.876865
0.23097 0.312438
0.230846 0.598649
0.437816 0.0381361
0.283949 0.204081
0.551692 0.512109
0.678198 0.204164
0.335647 0.986547
0.374002 0.777174
0.557096 0.207296
0.671709 0.961159
0.977922 0.565484
0.100012 0.10657
0.965881 0.441499
0.545271 0.726301
0.998217 0.843274
0.602193 0.227156
0.159722 0.834779
0.825043 0.59038
0.87219 0.110647
0.797138 0.424123
0.624806 0.477434
0.625195 0.957315
0.465793 1
0.732832 0.0225124
0.206309 0.40365
0.981069 0.186302
0.9706 0.0847602
0.289566 0.937723
0.527895 0.833521
0.66888 0.529702
0.677098 0.269891
0.754805 0.831734
0.102883 0.582806
0.430633 0.975267
0.692499 0.232695
0.399075 0.313612
0.706585 0.0246101
0.269092 0.170378
0.0232082 0.00408557
0.192594 0.228414
0.406061 0.177507
0.413154 0.37694
0.264367 0.702085
0.315573 0.792273
0.534704 0.978082
0.318445 0.211566
0.24713 0.0741097
0.0465856 0.350845
0.65963 0.481211
0.3252 0.35011
0.714303 0.719255
0.663803 0.417599
0.745911 0.931487
0.588206 0.76891
0.932424 0.781895
1 0.338145
0.957508 0.410278
0.715641 0.223887
0.113482 0.0333783
0.0141126 0.645815
0.00879849 0.333007
0.860772 0.257749
0.407293 0.905889
0.60842 0.0636464
0.385358 0.933203
0.411034 0.0949721
0.654886 0.0729017
0.513426 0.40306
0.00621041 0.101779
0.172892 0.941092
0.883208 0.170031
0.279613 0.84016
0.580764 0.996077
0.0642063 0.694227
0.0266354 0.080366
0.340711 0.0379604
0.411361 0.199966
0.295642 0.817669
0.107537 0.902999
0.879958 0.494198
0.835119 0.293831
0.590035 0.49317
0.366148 0.0999731
0.8932 0.373096
0.199835 0.0654645
0.311133 0.0820646
0.235613 0.591165
0.921378 0.814751
0.585248 0.987492
0.508989 0.613912
0.0662956 0.85223
0.652734 0.477499
0.0509345 0.944574
0.293328 0.157346
0.846513 0.175547
0.650697 0.680292
0.465812 0.238563
0.174858 0.833304
0.335665 0.0679966
0.204824 0.538507
0.13179 0.516893
0.619951 0.367717
0.108789 0.542292
0.183201 0.695576
0.52933 0.692195
0.30774 0.594774
0.543746 0.957804
0.0705242 0.595367
0.902071 0.364001
0.750915 0.745225
0.538083 0.402297
0.430867 0.00305186
0.640227 0.605999
0.837896 0.970257
0.67137 0.0420658
0.512011 0.802942
0.558179 0.131792
0.172563 0.665909
0.674317 0.353232
0.360525 0.203383
0.0443929 0.667683
0.798831 0.564824
0.625656 0.867059
0.181761 0.527597
0.230267 0.933222
0.277259 0.76669
0.33595 0.708891
0.769608 0.972239
0.312901 0.606715
0.947478 0.985061
0.650363 0.462309
0.789154 0.206768
0.591643 0.95979
0.870649 0.265458
0.312824 0.230652
0.469723 0.359163
0.899543 0.267003
0.947259 0.524414
0.133659 0.129616
0.0516031 0.361843
0.0613965 0.329522
0.127729 0.396467
0.0372799 0.899314
0.370049 0.349362
0.506163 0.31788
0.334459 0.151043
0.777775 0.123592
0.35791 0.369071
0.0837013 0.228628
0.637114 0.397681
0.458969 0.102394
0.754045 0.359886
0.370231 0.701714
0.882944 0.504174
0.829564 0.931412
0.865081 0.889023
0.265584 0.992861
0.28846 0.29982
0.890318 0.657947
0.649713 0.396566
0.976539 0.985789
0.547116 0.753885
0.109335 0.904767
0.123843 0.191247
0.13357 0.761149
0.589352 0.592971
0.86448 0.342276
0.950784 0.236885
0.044101 0.83402
0.737532 0.872598
0.774105 0.578431
0.765303 0.0313967
0.594527 0.0559113
0.330522 0.484702
0.712872 0.980256
0.877483 0.690239
0.960648 0.425184
0.445759 0.070515
0.330251 0.569175
0.260494 0.464018
0.329678 0.849186
0.0533717 0.193524
0.1905 0.00688491
0.428127 0.234395
0.837551 0.165446
0.108713 0.605819
0.764629 0.871213
0.638557 0.360439
0.927012 0.966955
0.841701 0.637003
0.947335 0.722885
0.330681 0.910977
0.148934 0.777786
0.97972 0.478588
0.345308 0.242984
0.940359 0.676044
0.0943032 0.996396
0.868539 0.282291
0.00333977 0.297555
0.517603 0.838929
0.462545 0.627099
0.445422 0.228152
0.497058 0.0810767
0.587569 0.425797
0.0489917 0.42958
0.0667774 0.995613
0.151154 0.395412
0.908491 0.300705
0.172314 0.89003
0.783408 0.528149
0.133861 0.719829
0.192004 0.223434
0.716295 0.0624205
0.5073 0.715518
0.357771 0.0245311
0.555961 0.819214
0.653025 2.29795e-05
0.0450415 0.148626
0.0826528 0.631363
0.572028 0.131337
0.0607919 0.634675
0.128761 0.212517
0.0337519 0.0390843
0.510662 0.205215
0.926404 0.292223
0.721459 0.058165
0.0109427 0.916701
0.283533 0.726979
0.972967 0.790058
0.445352 0.3332
0.815559 0.994177
0.152122 0.462688
0.000459802 0.199155
0.610776 0.0835952
0.830028 0.181827
0.215917 0.890656
0.818114 0.345599
0.104031 0.852644
0.380039 0.616797
0.0548762 0.306092
0.90541 0.777507
0.36408 0.917605
0.693174 0.641463
0.645139 0.664136
0.434759 0.0872135
0.998854 0.250293
0.0871787 0.149998
0.71091 0.0886842
0.348439 0.322821
0.169799 0.179464
0.503584 0.385704
0.069113 0.321297
0.728386 0.174187
0.171981 0.10843
0.788684 0.228187
0.414321 0.694648
0.00274033 0.778275
0.6152 0.69366
0.423947 0.257113
0.358877 0.859012
0.345699 0.356485
0.109293 0.433913
0.507268 0.820614
0.523448 0.856256
0.143453 0.690006
0.0337444 0.645433
0.0754161 0.106171
0.967217 0.80584
0.275922 0.138938
0.913152 0.0664194
0.365791 0.326779
0.760939 0.368873
0.104635 0.374902
0.0609839 0.528923
0.635325 0.423452
0.388734 0.979402
0.781436 0.50689
0.414102 0.284276
0.318172 0.934991
0.140898 0.459828
0.623709 0.175134
0.105264 0.700214
0.278063 0.0721784
0.505104 0.555332
0.211463 0.417991
0.622436 0.577683
0.74544 0.384487
0.945203 0.849451
0.757994 0.00763996
0.381186 0.392451
0.428148 0.767861
0.371606 0.206416
0.265161 0.78687
0.491837 0.580595
0.721252 0.619023
0.0410574 0.345588
0.808176 0.148231
0.0472409 0.0886517
0.218944 0.553542
0.645014 0.43266
0.969778 0.265049
0.00864924 0.716532
0.646038 0.953455
0.565366 0.407002
0.96061 0.944285
0.797269 0.389278
0.711432 0.172996
0.593302 0.976442
0.957822 0.0857243
0.55773 0.677969
0.724634 0.601548
0.0249885 0.527297
0.74516 0.0702865
0.614305 0.966976
0.621443 0.253917
0.396324 0.592815
0.522745 0.402848
0.305037 0.168493
0.355421 0.870214
0.574616 0.314999
0.813919 0.374181
0.707684 0.531033
0.543368 0.297014
0.503003 0.499304
0.38347 0.0599788
0.177549 0.102142
0.660503 0.199568
0.631023 0.405993
0.271169 0.243858
0.36933 0.890516
0.500617 0.763964
0.482719 0.0219023
0.166353 0.789324
0.189903 0.522671
0.660361 0.761255
0.835664 0.475097
0.135348 0.536978
0.997854 0.678982
0.83665 0.501798
0.176699 0.219037
0.561293 0.355191
0.32217 0.219701
0.555095 0.950444
0.624773 0.826167
0.196203 0.9945
0.719121 0.686895
0.757344 0.199196
0.715256 0.922239
0.987304 0.905507
0.445371 0.645652
0.668458 0.281962
0.119827 0.805905
0.81939 0.118715
0.481574 0.655451
0.619215 0.65874
0.875786 0.180311
0.014176 0.198989
0.400733 0.569134
0.145679 0.0236596
0.393264 0.340398
0.0166856 0.110028
0.0360271 0.77365
0.308288 0.751669
0.696395 0.295041
0.656488 0.141975
0.940833 0.326053
0.421476 0.0581835
0.129302 0.242988
0.17886 0.61032
0.895728 0.797109
0.270335 0.774595
0.977993 0.283398
0.972156 0.377867
0.85083 0.116846
0.401649 0.242069
0.457856 0.418827
0.351638 0.494286
0.191151 0.658793
0.245736 0.887232
0.951806 0.90196
0.0299321 0.894809
0.228008 0.451979
0.951421 0.356665
0.693444 0.130689
0.965185 0.590791
0.926364 0.235216
0.366379 0.904337
0.51905 0.337448
0.282393 0.370825
0.453766 0.683404
0.612793 0.914048
0.10314 0.963826
0.406268 0.291913
0.622121 0.651988
0.179985 0.575135
0.553367 0.209131
0.467279 0.780846
0.661679 0.420723
0.137514 0.354435
0.548091 0.104829
0.944535 0.475531
0.340242 0.312509
0.379069 0.858495
0.648087 0.660215
0.228281 0.100006
0.346655 0.840737
0.0143522 0.446639
0.802556 0.42236
0.739508 0.430434
0.073613 0.9196
0.00438894 0.627399
0.128124 0.468976
0.410612 0.789708
0.884645 0.548883
0.142911 0.434883
0.653771 0.0901963
0.910322 0.990199
0.401733 0.289309
0.850807 0.049279
0.952098 0.079179
0.15185 0.29707
0.920062 0.161851
0.74325 0.719711
0.588318 0.485291
0.153858 0.65878
0.402043 0.154607
0.287171 0.530145
0.624883 0.696262
0.320701 0.511849
0.244097 0.464758
0.947085 0.895028
0.553398 0.857457
0.887677 0.951685
0.14786 0.738221
0.00213465 0.101259
0.81747 0.152974
0.39761 0.73597
0.317091 0.140498
0.461471 0.902308
0.624355 0.615258
0.56298 0.0279881
0.767084 0.847018
0.557732 0.393134
0.546714 0.876658
0.902252 0.789464
0.339804 0.850811
0.684791 0.892994
0.709866 0.57498
0.8435 0.852944
0.310587 0.847658
0.955298 0.125412
0.000220992 0.35165
0.864589 0.318083
0.493219 0.327599
0.219697 0.114648
0.938973 0.782709
0.141288 0.709741
0.631662 0.69771
0.1013 0.177347
0.574274 0.0064118
0.965537 0.914982
0.853382 0.648409
0.795448 0.578873
0.224713 0.651975
0.419118 0.534363
0.501147 0.37367
0.665218 0.503955
0.728367 0.534696
0.819089 0.215282
0.853485 0.0396947
0.329793 0.793178
0.821099 0.471925
0.506928 0.452999
0.169662 0.604111
0.62793 0.743357
0.611021 0.595453
0.660777 0.466391
0.244368 0.463971
0.0274838 0.470018
0.115818 0.445579
0.00401812 0.615589
0.817293 0.660681
0.118891 0.541877
0.191847 0.938168
0.756242 0.0428176
0.976391 0.0841483
0.834183 0.794839
0.557762 0.338868
0.249693 0.725127
0.943838 0.875195
0.468954 0.553163
0.467898 0.12439
0.0162941 0.715934
0.589093 0.0448117
0.184774 0.704652
0.487462 0.186484
0.321193 0.307559
0.849945 0.439055
0.849632 0.0396888
0.374704 0.605325
0.0824492 0.350877
0.691387 0.918347
0.148448 0.247468
0.255748 0.397412
0.971033 0.200593
0.271934 0.441395
0.74938 0.738396
0.565178 0.768307
0.456327 0.155028
0.809022 0.636892
0.859108 0.301676
0.827388 0.181494
0.6093 0.678314
0.620855 0.459695
0.717862 0.992897
0.0627155 0.800867
0.345841 0.753053
0.724073 0.499707
0.00342665 0.979454
0.887491 0.972527
0.171791 0.160461
0.414181 0.925936
0.901271 0.978374
0.694547 0.360336
0.135352 0.505886
1 0.993469
0.804313 0.824459
0.174099 0.412778
0.505335 0.792892
0.872826 0.222746
0.787333 0.932702
0.0234782 0.134453
0.689713 0.739983
0.626793 0.687815
0.722742 0.520297
0.662451 0.891243
0.673136 0.0765452
0.804034 0.590386
0.0572202 0.511519
0.934142 0.190289
0.0186194 0.936298
0.186934 0.822499
0.761573 0.361575
0.237583 0.26453
0.153477 0.108708
0.488695 0.940065
0.0431911 0.511825
0.0737637 0.730805
0.255749 0.698073
0.417924 0.972021
0.210341 0.0811784
0.86393 0.881943
0.159946 0.683439
0.459869 0.217315
0.195055 0.393977
0.408022 0.213232
0.327629 0.591722
0.0371396 0.0924125
0.953402 0.27516
0.355725 0.105932
0.383437 0.845807
0.0461622 0.425418
0.358174 0.120147
0.157083 0.612896
0.802582 0.590364
0.586588 0.0292499
0.658528 0.453234
0.910398 0.813094
0.133035 0.371218
0.0281833 0.330096
0.76472 0.439432
0.542738 0.0943228
0.029153 0.578433
0.185946 0.983642
0.849239 0.543859
0.0881793 0.236214
0.386699 0.13485
0.662398 0.743121
0.255108 0.816153
0.359178 0.0725848
0.390271 0.944848
0.10117 0.0480645
0.396734 0.0156454
0.857273 0.533511
0.386635 0.889287
0.859769 0.153331
0.323882 0.400219
0.246904 0.355067
0.977704 0.430648
0.334688 0.833816
0.970149 0.419523
0.0681732 0.360299
0.556621 0.729583
0.107404 0.812584
0.54701 0.467105
0.885548 0.933297
0.409889 0.98557
0.981693 0.808024
0.00150507 0.839994
0.336973 0.386204
0.730147 0.196719
0.538924 0.0537524
0.597915 0.786271
0.407218 0.580961
0.217999 0.741055
0.413068 0.190176
0.161691 0.480376
0.551667 0.717525
0.210837 0.659647
0.529689 0.755009
0.123798 0.414033
0.69524 0.539289
0.399388 0.672126
0.341665 0.400722
0.513516 0.677725
0.787673 0.244825
0.874721 0.327566
0.296299 0.472478
0.113183 0.702992
0.0505928 0.330621
0.444513 0.462774
0.521264 0.606672
0.944337 0.0720182
0.323712 0.154529
0.7294 0.851335
0.909668 0.852821
0.268095 0.601648
0.388517 0.666279
0.274522 0.730438
0.069867 0.787246
0.408711 0.856306
0.0310883 0.280799
0.182681 0.329485
0.755087 0.29671
0.0331742 0.806369
0.628648 0.478315
0.267856 0.146285
0.083217 0.213019
0.216711 0.406372
0.365381 0.946865
0.257602 0.275767
0.806115 0.535276
0.878186 0.188291
0.191385 0.150322
0.919017 0.261053
0.938919 0.326312
0.119045 0.969317
0.608759 0.299074
0.295989 0.360993
0.597584 0.329652
0.166884 0.22274
0.804099 0.438111
0.369521 0.886065
0.649528 0.587292
0.293047 0.0159064
0.534076 0.552234
0.291853 0.33216
0.075671 0.168854
0.522371 0.268458
0.319401 0.440499
0.530866 0.258079
0.768226 0.626217
0.227082 0.374404
0.946219 0.523976
0.739397 0.553736
0.852765 0.90064
0.769881 0.636845
0.339386 0.135895
0.544042 0.987883
0.721006 0.836706
0.00372324 0.255692
0.38806 0.293978
0.590422 0.46743
0.463212 0.109155
0.733623 0.782415
0.549848 0.264097
0.0422227 0.314909
0.911925 0.26891
0.688152 0.859986
0.791256 0.426176
0.403126 0.644321
0.326879 0.170295
0.304248 0.667312
0.305121 0.847436
0.653917 0.0264578
0.687971 0.652605
0.281196 0.0727992
0.95148 0.869052
0.540023 0.416639
0.979614 0.273866
0.199915 0.531157
0.535923 0.24322
0.844028 0.44689
0.512211 0.533435
0.305934 0.303321
0.957452 0.710716
0.94852 0.285941
0.880714 0.252258
0.951077 0.184878
0.0998794 0.604861
0.211757 0.783886
0.259984 0.495204
0.859198 0.213218
0.36423 0.39676
0.629267 0.345679
0.66878 0.828624
0.875072 0.204979
0.0724828 0.719396
0.652998 0.58348
0.254673 0.958321
0.886548 0.209739
0.667751 0.833943
0.496155 0.545534
0.0851558 0.445999
0.733149 0.185009
0.0518095 0.944897
0.97017 0.313922
0.439863 0.827853
0.525358 0.803487
0.224248 0.154329
0.149561 0.897862
0.985204 0.0220099
0.101736 0.0573991
0.741391 0.749524
0.639292 0.995356
0.716088 0.531029
0.205583 0.378284
0.359432 0.70155
0.924024 0.444811
0.149558 0.658267
0.629178 0.197743
0.604457 0.599288
0.511756 0.0423322
0.426396 0.0371011
0.8434 0.649024
0.194442 0.995364
0.545538 0.176154
0.0160726 0.646229
0.232909 0.758357
0.399454 0.868222
0.751855 0.112749
0.393198 0.95824
0.489867 0.751772
0.661377 0.416941
0.195846 0.808334
0.0750218 0.824564
0.00816747 0.678025
0.422618 0.519557
0.718344 0.847754
0.558148 0.56659
0.499642 0.747333
0.559186 0.0463408
0.923537 0.575899
0.692833 0.154953
0.33298 0.0930311
0.0255074 0.0893154
0.203504 0.41881
0.0448208 0.693345
0.171651 0.706066
0.10863 0.366055
0.511941 0.18401
0.190968 0.522661
0.860211 0.611421
0.0420598 0.580612
0.46236 0.598765
0.14758 0.961819
0.347574 0.705555
0.00815888 0.271619
0.280197 0.70093
0.427485 0.614523
0.794002 0.452486
0.699271 0.999081
0.865912 0.74447
0.692303 0.0410187
0.451047 0.802778
0.405804 0.965591
0.984598 0.596258
0.488341 0.847416
0.210772 0.530725
0.427848 0.670938
0.126775 0.572061
0.636248 0.476124
0.280012 0.641116
0.748901 0.571869
0.340225 0.168041
0.170789 0.134346
0.619506 0.871988
0.134035 0.488135
0.617119 0.826826
0.527667 0.0685514
0.629311 0.93501
0.0342088 0.616356
0.532882 0.521016
0.465156 0.741496
0.0504843 0.894695
0.413362 0.177137
0.466463 0.0442469
0.653042 0.741956
0.684752 0.395053
0.301311 0.0253909
0.564759 0.473996
0.159238 0.183201
0.344399 0.293471
0.670885 0.959651
0.119239 0.198714
0.0279295 0.749373
0.133607 0.0632189
0.36546 0.662071
0.582696 0.829613
0.406088 0.631043
0.720377 0.816215
0.808665 0.188285
0.86113 0.461997
0.930879 0.547467
0.854748 0.233109
0.57324 0.418422
0.709518 0.728041
0.600352 0.0511159
0.025775 0.269554
0.00971265 0.145373
0.468247 0.0383347
0.892523 0.600285
0.100328 0.258563
0.264583 0.68169
0.0895555 0.66895
0.313716 0.809904
0.482828 0.123113
0.999898 0.3461
0.583114 0.92774
0.892349 0.436972
0.160362 0.464483
0.852342 0.863877
0.19656 0.45342
0.917828 0.22063
0.724218 0.927697
0.365276 0.19269
0.968226 0.259718
0.793289 0.0687519
0.517508 0.0577207
0.751983 0.582772
0.725861 0.0618544
0.414822 0.210596
0.183694 0.410296
0.559259 0.766417
0.337071 0.453763
0.201627 0.498916
0.918114 0.0580337
0.364677 0.114565
0.510954 0.282471
0.33562 0.235505
0.211612 0.701966
0.429472 0.178522
0.960004 0.224749
0.24308 0.47884
0.282455 0.99181
0.0844265 0.00722706
0.0528898 0.497273
0.21639 0.235649
0.906291 0.775436
0.00456619 0.248109
0.2255 0.203012
0.744865 0.146454
0.263724 0.111317
0.259749 0.775465
0.394687 0.597194
0.0116353 0.602999
0.296804 0.439179
0.782721 0.259642
0.661191 0.0254204
0.736334 0.939733
0.0179126 0.820338
0.944707 0.0700737
0.318376 0.162007
0.307308 0.227187
0.936626 0.312132
0.471703 0.165864
0.516983 0.218743
0.309801 0.780517
0.331626 0.567538
0.556162 0.723106
0.162547 0.567034
0.325594 0.460943
0.00563828 0.109951
0.72361 0.654799
0.133724 0.454532
0.605896 0.151107
0.2751 0.550691
0.222411 0.594637
0.71758 0.535304
0.820676 0.646044
0.838941 0.296782
0.815018 0.358779
0.513617 0.124032
0.138413 0.846381
0.69344 0.688376
0.568096 0.854428
0.258709 0.894206
0.31487 0.263933
0.00334145 0.0364608
0.93087 0.133464
0.491152 0.53595
0.286961 0.766451
0.0869574 0.50712
0.360239 0.800266
0.0344954 0.183573
0.45189 0.874662
0.479629 0.266174
0.233649 0.994089
0.38862 0.366887
0.839788 0.0792117
0.0600692 0.406777
0.932929 0.320466
0.301838 0.248409
0.583006 0.303356
0.281453 0.5122
0.439128 0.770348
0.0480103 0.72535
0.53529 0.136081
0.233055 0.895582
0.938261 0.269541
0.0801027 0.389244
0.142774 0.560049
0.656648 0.374995
0.553642 0.0447532
0.741056 0.394579
0.123187 0.802736
0.799929 0.0586103
0.120243 0.101141
0.304639 0.704818
0.40506 0.587523
0.21629 0.842534
0.35738 0.264628
0.568847 0.893562
0.401267 0.799137
0.791364 0.339041
0.0689329 0.87256
0.727988 0.211792
0.431383 0.383091
0.583243 0.984825
0.426456 0.326166
0.379596 0.548639
0.126617 0.178228
0.603233 0.246345
0.278556 0.908562
0.950802 0.682636
0.493262 0.168057
0.525341 0.8511
0.432795 0.0914855
0.744018 0.8322
0.888908 0.537886
0.172977 0.960893
0.408032 0.899593
0.171785 0.83991
0.282232 0.754938
0.822604 0.703148
0.0807144 0.202538
0.254825 0.207701
0.379813 0.857689
0.456948 0.658244
0.765674 0.409726
0.339792 0.26099
0.57753 0.86434
0.111844 0.0113522
0.957219 0.856221
0.840092 0.84627
0.393605 0.0152589
0.806475 0.79987
0.912727 0.977408
0.641045 0.193471
0.735821 0.470611
0.899378 0.812387
0.664086 0.156471
0.020095 0.0474029
0.0144276 0.47656
0.702465 0.780291
0.884985 0.0433078
0.0428402 0.460315
0.907723 0.154023
0.470903 0.865901
0.010988 0.313764
0.715094 0.407516
0.327076 0.521858
0.206957 0.239594
0.501033 0.846374
0.435703 0.233052
0.310063 0.33534
0.0464054 0.975783
0.491356 0.0639389
0.0209763 0.507164
0.54142 0.723513
0.288409 0.425884
0.76633 0.331957
0.885126 0.675891
0.487078 0.356405
0.543358 0.499374
0.668685 0.25712
0.903112 0.994688
0.777217 0.110123
0.23784 0.277258
0.955635 0.670661
0.510792 0.266798
0.00861137 0.555183
0.242255 0.500193
0.618552 0.260396
0.00530688 0.162367
0.989568 0.297198
0.586392 0.756536
0.631295 0.47565
0.428885 0.112731
0.831552 0.967469
0.614091 0.500111
0.227147 0.515463
0.494109 0.00684216
0.625663 0.730631
0.284511 0.581222
0.403118 0.795204
0.848396 0.412083
0.350341 0.0915773
0.910235 0.968832
0.356284 0.917312
0.132559 0.344525
0.214518 0.719721
0.100613 0.842312
0.191342 0.532875
0.955778 0.0204941
0.504309 0.564544
0.51878 0.731212
0.0806894 0.0159963
0.738539 0.697592
0.744937 0.0221318
0.286244 0.146627
0.8153 0.135678
0.556105 0.165949
0.225603 0.467777
0.135558 0.582457
0.385408 0.267855
0.926271 0.598056
0.988503 0.027445
0.441067 0.1812
0.561183 0.395065
0.20071 0.0640912
0.958846 0.72133
0.796067 0.0416105
0.7379 0.543746
0.747015 0.486615
0.555417 0.0307835
0.627563 0.371911
0.165257 0.183765
0.539372 0.392649
0.65139 0.673709
0.975729 0.0365097
0.944127 0.901472
0.635619 0.932765
0.930255 0.0761445
0.111279 0.489334
0.472009 0.312643
0.555162 0.43073
0.0317815 0.34885
0.469029 0.765652
0.884241 0.212264
0.244406 0.438172
0.24422 0.869725
0.805992 0.408698
0.0532987 0.347193
0.798524 0.700598
0.0225075 0.775411
0.741819 0.965765
0.677832 0.37883
0.896236 0.608197
0.45406 0.00725626
0.0980093 0.922924
0.321136 0.650975
0.351785 0.351922
1 0.819619
0.118545 0.881874
0.0321049 0.363641
0.319307 0.274544
0.23306 0.128017
0.683254 0.288575
0.475404 0.481495
0.990308 0.49522
0.258279 0.73434
0.460789 0.933478
0.111727 0.3577
0.540346 0.565727
0.366033 0.636878
0.486986 0.686317
0.288056 0.840555
0.0391054 0.286271
0.660129 0.156436
0.169853 0.693825
0.521309 0.489109
0.967576 0.755101
0.614885 0.653181
0.0418103 0.0912531
0.136323 0.0354024
0.586446 0.39392
0.767603 0.047714
0.327227 0.878399
0.405243 0.866485
0.44298 0.770684
0.503013 0.931027
0.456948 0.790804
0.776415 0.505922
0.0784297 0.433135
0.653165 0.246632
0.125753 0.174275
0.732923 0.0971178
0.926738 0.350306
0.749405 0.969721
0.439078 0.884221
0.0036781 0.0268331
0.279293 0.769582
0.0719441 0.604589
0.650387 0.478018
0.470748 0.090267
0.248017 0.975248
0.0226 0.703903
0.766668 0.789385
0.199629 0.845522
0.227741 0.853098
0.0906862 0.353755
0.0271803 0.825691
0.449869 0.95306
0.172636 0.200295
0.922171 0.610561
0.0860257 0.924739
0.636697 0.365607
0.697274 0.702353
0.97232 0.343591
0.180657 0.440757
0.429058 0.424706
0.418169 0.453603
0.130216 0.184259
0.248653 0.331976
0.0288584 0.47605
0.182157 0.119592
0.830349 0.210282
0.944331 0.2821
0.164891 0.117282
0.480345 0.0851103
0.731889 0.572341
0.0113995 0.363668
0.931059 0.705084
0.0712731 0.899786
0.046458 0.251314
0.34031 0.478126
0.678827 0.754377
0.929571 0.807432
0.940778 0.179254
0.140275 0.972059
0.659053 0.323477
0.0896276 0.486889
0.532036 0.0344579
0.768843 0.689897
0.151563 0.249909
0.781033 0.876599
0.814483 0.79226
0.244978 0.747289
0.500609 0.313867
0.648708 0.546801
0.562975 0.986983
0.0236899 0.24185
0.743605 0.955908
0.0505002 0.684525
0.135743 0.189256
0.656282 0.791162
0.511265 0.745297
0.279996 0.0424488
0.779478 0.0512932
0.739608 0.931719
0.297899 0.522053
0.811912 0.113983
0.315623 0.055821
0.859057 0.814811
0.369219 0.505111
0.359911 0.933153
0.492541 0.385686
0.175824 0.236909
0.339519 0.225906
0.920471 0.477071
0.4158 0.578831
0.270451 0.926639
0.323121 0.55059
0.970432 0.101684
0.601347 0.710447
0.0356206 0.899143
0.232398 0.846428
0.0108455 0.548062
0.902665 0.869146
0.363813 0.272935
0.37697 0.724064
0.206303 0.868593
0.107276 0.381024
0.105359 0.446098
0.607154 0.0285842
0.923007 0.0224245
0.605746 0.193197
0.948515 0.928104
0.743689 0.91756
0.0302124 0.34274
0.628924 0.0654532
0.239762 0.860898
0.911971 0.250659
0.408295 0.814309
0.121392 0.772659
0.0863872 0.496507
0.496814 0.291719
0.364571 0.603247
0.676762 0.473322
0.0501989 0.281269
0.499333 0.972519
0.300968 0.103199
0.166497 0.250392
0.0305956 0.911095
0.170391 0.0611753
0.252608 0.798385
0.127249 0.491785
0.657561 0.0377454
0.741482 0.0683523
0.851688 0.859812
0.840008 0.936551
0.360262 0.334926
0.232988 0.724725
0.938724 0.9039
0.198078 0.989643
0.185726 0.694405
0.960097 0.487004
0.796525 0.128295
0.737274 0.826351
0.0388636 0.910032
0.889301 0.291123
0.705673 0.0170768
0.782141 0.366328
0.0546077 0.522294
0.432045 0.907243
0.386195 0.271067
0.844278 0.744781
0.607543 0.0788873
0.47052 0.547664
0.984186 0.667145
0.533702 0.169635
0.359365 0.496167
0.656056 0.157041
0.627255 0.395978
0.984499 0.66413
0.302866 0.873619
0.955722 0.00696981
0.887421 0.735534
0.373306 0.943625
0.260984 0.806595
0.849111 0.64387
0.0782656 0.699127
0.392003 0.685673
0.776198 0.86057
0.231678 0.762147
0.52785 0.767222
0.931479 0.887739
0.264501 0.588659
0.0459275 0.890664
0.983899 0.030014
0.552303 0.285461
0.902967 0.508692
0.29452 0.79398
0.243215 0.667503
0.742994 0.513908
0.474012 0.589472
0.149579 0.551495
0.288173 0.544165
0.237664 0.0668091
0.406534 0.46758
0.829813 0.930676
0.236451 0.760217
0.821591 0.50335
0.347451 0.867886
0.389425 0.329717
0.897603 0.938697
0.614197 0.801863
0.447114 0.907239
0.5968 0.691379
0.57529 0.332079
0.194106 0.0482484
0.921086 0.347057
0.597853 0.210182
0.888062 0.837394
0.275415 0.296779
0.30595 0.105867
0.230241 0.543487
0.867411 0.0516696
0.0422733 0.214711
0.917023 0.431861
0.543265 0.815336
0.37091 0.156929
0.618128 0.819415
0.0647786 0.211675
0.509518 0.638461
0.545594 0.704305
0.689359 0.468253
0.0507805 0.285255
0.675398 0.939616
0.122657 0.953484
0.235394 0.426853
0.0591958 0.465665
0.968866 0.925949
0.518309 0.010742
0.139392 0.434986
0.441899 0.681259
0.250972 0.812132
0.838761 0.866338
0.631485 0.903861
0.077974 0.141379
0.543163 0.624436
0.845308 0.228001
0.0907889 0.89513
0.513941 0.764476
0.834174 0.629555
0.718306 0.0735704
0.0611329 0.777999
0.539725 0.0281981
0.704296 0.0576549
0.0395969 0.843559
0.493517 0.478829
0.525409 0.742462
0.292835 0.36695
0.610604 0.924063
0.270179 0.689315
0.0647853 0.812583
0.312006 0.90757
0.0400518 0.401336
0.796862 0.564389
0.166737 0.63921
0.188455 0.886542
0.711573 0.248603
0.661459 0.249875
0.275229 0.367575
0.306025 0.315486
0.208106 0.799012
0.792948 0.729643
0.542703 0.0877173
0.0990322 0.152366
0.0101487 0.369221
0.842135 0.0735202
0.17962 0.154946
0.979775 0.223717
0.554074 0.784695
0.775436 0.715655
0.422709 0.96354
0.605336 0.132641
0.211875 0.267839
0.384584 0.483641
0.633896 0.689058
0.800243 0.838646
0.488712 0.597144
0.574155 0.0321063
0.684706 0.669209
0.184895 0.694313
0.0435728 0.0294071
0.766689 0.224632
0.180582 0.750097
0.445994 0.734674
0.533248 0.221222
0.456547 0.955742
0.184223 0.0620151
0.089834 0.395422
0.327114 0.473978
0.879931 0.958395
0.164574 0.680791
0.800022 0.648425
0.277152 0.376164
0.684514 0.959678
0.0487611 0.868714
0.65538 0.0889396
0.893295 0.422482
0.312539 0.0744488
0.171869 0.759119
0.80791 0.700722
0.980384 0.267381
0.659117 0.164853
0.3277 0.751161
0.560122 0.656134
0.223697 0.440874
0.617576 0.390502
0.120697 0.416601
0.041192 0.399929
0.791503 0.721095
0.360509 0.839886
0.593481 0.0149765
0.928104 0.487532
0.435925 0.242653
0.561833 0.607786
0.000388808 0.3708
0.314476 0.980468
0.636562 0.973605
0.147392 0.964822
0.72647 0.698613
0.618733 0.951339
0.146955 0.235927
0.337674 0.267038
0.654427 0.380581
0.669157 0.445966
0.103506 0.029047
0.285162 0.697301
0.0408148 0.215023
0.184235 0.475772
0.456722 0.744587
0.0855687 0.45812
0.11539 0.397141
0.440897 0.750927
0.371701 0.586253
0.714805 0.0985107
0.291552 0.334336
0.0449399 0.438626
0.572092 0.384534
0.70555 0.225309
0.761527 0.372892
0.669946 0.865213
0.39836 0.952604
0.567016 0.441077
0.166626 0.749342
0.915089 0.624742
0.493992 0.00236147
0.0845202 0.609302
0.399941 0.522341
0.359952 0.771516
0.109993 0.0783092
0.866069 0.400717
0.410967 0.912859
0.840745 0.976825
0.296107 0.544704
0.205225 0.059214
0.916732 0.874932
0.925087 0.316774
0.827041 0.490972
0.75471 0.993951
0.237616 0.671104
0.620753 0.730248
0.676117 0.698793
0.339023 0.0722371
0.22541 0.699967
0.843802 0.335218
0.775485 0.705541
0.735777 0.188798
0.623641 0.576172
0.171304 0.920031
0.119018 0.375068
0.978465 0.0371689
0.248928 0.902504
0.35227 0.0762185
0.391879 0.10658
0.0718592 0.62976
0.778258 0.682651
0.359763 0.451564
0.392725 0.698749
0.523492 0.619079
0.399903 0.364267
0.95129 0.174891
0.0753067 0.687702
0.364703 0.69836
0.261996 0.532383
0.619576 0.383387
0.907099 0.593706
0.418039 0.159042
0.497577 0.771116
0.236843 0.887572
0.877746 0.306548
0.518456 0.656404
0.996654 0.87736
0.106341 0.389852
0.577341 0.628597
0.00851618 0.97934
0.993311 0.959182
0.154179 0.0715523
0.649414 0.51872
0.769541 0.907282
0.0492245 0.386986
0.290934 0.959041
0.979712 0.709501
0.118084 0.478499
0.479383 0.35359
0.366962 0.355497
0.661497 0.883112
0.0108075 0.657724
0.761326 0.118767
0.0474937 0.33882
0.747145 0.0556699
0.316332 0.742989
0.0140466 0.46778
0.812121 0.65529
0.98332 0.581155
0.568075 0.0352416
0.968124 0.856969
0.99367 0.948833
0.565451 0.111346
0.428343 0.0442638
0.465102 0.794601
0.401379 0.125168
0.679438 0.413779
0.783738 0.444039
0.531421 0.831827
0.780221 0.279341
0.885981 0.0956178
0.0207305 0.902139
0.563665 0.832811
0.559999 0.548748
0.414494 0.127933
0.582285 0.384394
0.9849 0.573796
0.332605 0.549745
0.686536 0.759246
0.595582 0.150665
0.554067 0.997483
0.276852 0.233896
0.40891 0.0584263
0.674077 0.939539
0.889571 0.454431
0.220156 0.777807
0.549962 0.240302
0.677581 0.114106
0.0717322 0.238019
0.663211 0.488372
0.36487 0.241634
0.870237 0.349883
0.814814 0.203225
0.900322 0.502265
0.96182 0.496254
0.655368 0.52093
0.491802 0.927422
0.752912 0.902103
0.983696 0.426323
0.84212 0.875461
0.883489 0.0602908
0.657431 0.432268
0.299399 0.333062
0.544376 0.372994
0.569954 0.202223
0.858561 0.932171
0.443452 0.726806
0.286149 0.258644
0.930426 0.183893
0.75935 0.894113
0.683414 0.411804
0.412971 0.174786
0.337092 0.164533
0.0758295 0.324231
0.591285 0.919396
0.202378 0.473087
0.980291 0.857475
0.904404 0.28097
0.191221 0.445566
0.654363 0.759503
0.652493 0.512682
0.696177 0.0928112
0.240551 0.981714
0.349844 0.168663
0.168176 0.109705
0.0642509 0.851667
0.522572 0.476163
0.0268004 0.858473
0.641597 0.100964
0.181637 0.230521
0.0215889 0.385123
0.70384 0.0037066
0.242291 0.607527
0.282259 0.434784
0.0548463 0.935187
0.196068 0.703307
0.444741 0.892389
0.79583 0.679057
0.874602 0.146885
0.8529 0.0433747
0.256129 0.91503
0.890878 0.77631
0.389184 0.918804
0.633862 0.0271176
0.0218952 0.816186
0.259582 0.0421213
0.202325 0.965805
0.044244 0.442857
0.572125 0.326804
0.87467 0.624371
0.260276 0.0707963
0.329587 0.706462
0.964757 0.123784
0.38909 0.83828
0.271398 0.240663
0.879566 0.527746
0.154965 0.776259
0.302319 0.542929
0.693403 0.935125
0.574042 0.714356
0.749827 0.830854
0.757031 0.951364
0.796017 0.798917
0.394379 0.366532
0.127346 0.2717
0.994654 0.389086
0.340807 0.32303
0.092375 0.304338
0.448383 0.48269
0.143941 0.717289
0.722671 0.0252206
0.244758 0.876829
0.799321 0.557807
0.420973 0.492912
0.4821 0.992326
0.205554 0.232801
0.826066 0.958279
0.184968 0.622022
0.768577 0.597772
0.989097 0.889311
0.849783 0.980185
0.277646 0.190248
0.308066 0.372733
0.494944 0.755473
0.852425 0.634481
0.473531 0.578184
0.664154 0.714548
0.454912 0.459328
0.263415 0.874922
0.949615 0.745741
0.869024 0.157691
0.978052 0.694606
0.120271 0.162817
0.316331 0.883207
0.742982 0.309024
0.783258 0.588882
0.292148 0.0530491
0.791394 0.585744
0.425915 0.274182
0.355523 0.281491
0.910219 0.828166
0.857429 0.573279
0.545437 0.313691
0.0327371 0.809016
0.189973 0.984148
0.553033 0.0580826
0.140029 0.530667
0.75107 0.26253
0.694947 0.0683928
0.14403 0.43603
0.375204 0.917602
0.0263283 0.667929
0.970833 0.807963
0.268627 0.397622
0.0810417 0.625621
0.679089 0.992083
0.453427 0.540522
0.564477 1
0.850839 0.596118
0.805706 0.0430045
0.581459 0.360678
0.0983996 0.719682
0.891687 0.850369
0.978199 0.585434
0.917141 0.122789
0.0239457 0.292155
0.0406358 0.0528226
0.961333 0.0121963
0.858 0.229579
0.410717 0.938118
0.855118 0.0892277
0.931963 0.309732
0.63141 0.498351
0.30838 0.4812
0.0923586 0.118787
0.521685 0.673533
0.477829 0.621777
0.392232 0.366716
0.469219 0.373116
0.95456 0.386302
0.494724 0.975186
0.680975 0.539082
0.0262329 0.636978
0.550205 0.883109
0.866628 0.956467
0.81994 0.717316
0.0498039 0.752477
0.0299494 0.677699
0.247954 0.340902
0.158151 0.340855
0.45542 0.679652
0.0131327 0.934179
0.300304 0.405497
0.300423 0.77095
0.77713 0.254547
0.157522 0.272139
0.230146 0.833555
0.809414 0.258702
0.473071 0.359298
0.141105 0.33868
0.318973 0.96166
0.059628 0.367549
0.713013 0.0928227
0.0457671 0.961555
0.431766 0.203789
0.301301 0.886568
0.883911 0.314904
0.818067 0.184456
0.718941 0.12056
0.953424 0.496484
0.372051 0.109963
0.776211 0.579594
0.942623 0.575154
0.861336 0.415936
0.93684 0.00134217
0.754548 0.256765
0.961504 0.814743
0.622194 0.675641
0.90563 0.66469
0.637504 0.33968
0.869528 0.935123
0.22548 0.752735
0.251766 0.042908
0.936836 0.970248
0.16362 0.890601
0.469176 0.536655
0.00163902 0.239413
0.140698 0.945994
0.817861 0.994439
0.36076 0.752453
0 0.115516
0.00699009 0.965997
0.927637 0.626749
0.639381 0.835086
0.293897 0.276283
0.171492 0.162868
0.213362 0.398783
0.912085 0.468333
0.441765 0.850769
0.439871 0.605768
0.741316 0.905682
0.139744 0.741043
0.144548 0.277761
0.68663 0.958205
0.276168 0.0459133
0.711984 0.278651
0.159768 0.719122
0.239895 0.0886217
0.346968 0.878047
0.923446 0.638451
0.153427 0.0974405
0.801891 0.368984
0.494456 0.71662
0.834911 0.933588
0.568796 0.274242
0.540469 0.30981
0.181091 0.680366
0.0494338 0.322955
0.955841 0.73749
0.283112 0.233742
0.78118 0.994118
0.511881 0.941138
0.714273 0.750896
0.0304341 0.0612786
0.629133 0.955475
0.698384 0.782178
0.051054 0.49993
0.151076 0.547274
0.219358 0.987291
0.483048 0.785135
0.257292 0.0245627
0.0952553 0.437162
0.704791 0.147402
0.765365 0.643255
0.881464 0.0430893
0.896859 0.662599
0.0386198 0.410358
0.60531 0.752013
0.160848 0.634645
0.809789 0.788836
0.592424 0.510721
0.575078 0.641295
0.0124402 0.727318
0.187672 0.227224
0.715128 0.662189
0.0135239 0.973038
0.695957 0.108527
0.409547 0.400929
0.251928 0.169552
0.0626283 0.135409
0.214366 0.962299
0.797195 0.253041
0.371034 0.400154
0.00688061 0.531272
0.0375166 0.815682
0.322681 0.625576
0.323797 0.896826
0.266962 0.334507
0.625239 0.4571
0.56213 0.335185
0.125593 0.572825
0.305667 0.823223
0.683379 0.71104
0.223325 0.933513
0.884211 0.287073
0.0669331 0.101006
0.248328 0.862588
0.350639 0.618335
0.264766 0.357842
0.152323 0.300943
0.170394 0.47132
0.924439 0.495183
0.368244 0.193014
0.82906 0.986574
0.649428 0.388813
0.327748 0.774422
0.960746 0.634638
0.596797 0.643382
0.3495 0.819539
0.575287 0.232272
0.106987 0.641748
0.33147 0.354834
0.504385 0.68247
0.970927 0.770736
0.0369731 0.124636
0.0715154 0.209038
0.595903 0.99711
0.702247 0.965063
0.189998 0.531194
0.956177 0.838578
0.919193 0.284426
0.612724 0.880681
0.917565 0.208459
0.523321 0.266249
0.0290778 0.0997114
0.497261 0.134871
0.739221 0.830315
0.490686 0.244784
0.516668 0.464154
0.0162582 0.552562
0.586896 0.0866016
0.76121 0.183807
0.0833207 0.462922
0.14881 0.273732
0.993802 0.100877
0.113352 0.912326
0.389364 0.723946
0.792336 0.308014
0.934656 0.316694
0.572606 0.963023
0.413781 0.072766
0.0975297 0.153953
0.902713 0.589378
0.397228 0.418313
0.0533488 0.414276
0.971094 0.641719
0.499475 0.730875
0.813908 0.586224
0.195989 0.97171
0.854202 0.188505
0.0755864 0.965784
0.100357 0.463115
0.691123 0.89124
0.769281 0.6027
0.205524 0.342975
0.588407 0.620341
0.415844 0.686852
0.773765 0.321403
0.277942 0.172745
0.738836 0.332804
0.587943 0.710535
0.971308 0.0843136
0.441814 0.793313
0.667025 0.636864
0.769376 0.532834
0.822198 0.837357
0.487965 0.923092
0.301286 0.179112
0.81725 0.0714117
0.805859 0.0234955
0.413973 0.392306
0.64288 0.829447
0.0783177 0.416415
0.15049 0.358653
0.588301 0.890459
0.690412 0.173206
0.599591 0.660312
0.259221 0.0418746
0.453548 0.926322
0.679553 0.219499
0.449278 0.504976
0.0574889 0.93645
0.429529 0.358459
0.115393 0.244898
0.429607 0.918577
0.268551 0.842724
0.311848 0.910606
0.674877 0.391808
0.326294 0.824486
0.748907 0.914562
0.714877 0.439696
0.0881395 0.313382
0.0968637 0.347953
0.356478 0.549064
0.275586 0.034536
0.767486 0.718459
0.538831 0.824172
0.660038 0.968733
0.183226 0.77539
0.214317 0.611665
0.697924 0.483034
0.456021 0.00368371
0.390642 0.129177
0.397066 0.716777
0.952759 0.142892
0.631584 0.666439
0.58175 0.719096
0.978654 0.679281
0.0682097 0.336138
0.229481 0.344522
0.369874 0.995945
0.0677763 0.910774
0.81974 0.722615
0.87818 0.00360248
0.500498 0.0922489
0.615975 0.194325
0.573905 0.072822
0.200971 0.965415
0.20243 0.593647
0.680388 0.155166
0.740867 0.313932
0.821877 0.322002
0.033055 0.802335
0.998999 0.0981322
0.137391 0.228
0.445146 0.51027
0.224027 0.51117
0.418828 0.045205
0.238963 0.296252
0.0505367 0.73953
0.390257 0.666153
0.933851 0.963059
0.738904 0.135266
0.928164 0.938389
0.734571 0.59573
0.0951608 0.467734
0.921013 0.915814
0.78926 0.952671
0.71868 0.786774
0.0555411 0.857237
0.0153944 0.498852
0.365273 0.240357
0.0108332 0.784196
0.287501 0.247326
0.0825085 0.337304
0.983011 0.472462
0.0049081 0.922582
0.436179 0.743701
0.0527412 0.363814
0.684754 0.77944
0.971342 0.77974
0.25 0.895094
0.696069 0.0407673
0.849309 0.415582
0.826207 0.901307
0.270988 0.842551
0.403712 0.634453
0.0822843 0.413021
0.419623 0.370184
0.663438 0.503545
0.709796 0.635411
0.973345 0.713468
0.567417 0.411371
0.458184 0.621825
0.774431 0.141799
0.400727 0.746512
0.91947 0.650087
0.642512 0.615581
0.694413 0.493175
0.030311 0.515516
0.394528 0.299622
0.357766 0.795673
0.932214 0.441952
0.2101 0.354632
0.810959 0.866869
0.856319 0.521092
0.514786 0.830371
0.231586 0.0808608
0.241559 0.689655
0.700127 0.0155502
0.829273 0.0998508
0.760419 0.745557
0.752076 0.404888
0.365068 0.442834
0.892898 0.396526
0.957868 0.289469
0.699016 0.317274
0.0848071 0.631623
0.758429 0.294095
0.985852 0.568533
0.164433 0.842971
0.0895485 0.677079
0.674247 0.320993
0.759085 0.913344
0.00899723 0.457607
0.926489 0.837442
0.559826 0.688153
0.588759 0.313438
0.0912094 0.95532
0.755133 0.983616
0.352312 0.713624
0.270714 0.0470089
0.028149 0.356592
0.679813 0.783719
0.651204 0.66433
0.355354 0.812166
0.510448 0.444328
0.488798 0.181038
0.764025 0.250099
0.0955347 0.773632
0.706435 0.0227298
0.612339 0.265027
0.709286 0.20131
0.57891 0.799715
0.156095 0.333354
0.786755 0.516627
0.0460461 0.0571353
0.553408 0.0739595
0.411915 0.232592
0.861736 0.0614364
0.898473 0.215135
0.872856 0.405415
0.660919 0.363603
0.588879 0.424819
0.611122 0.682146
0.197541 0.317117
0.703569 0.807978
0.583573 0.414944
0.00795678 0.162708
0.211772 0.164638
0.495185 0.993891
0.67509 0.542425
0.0524695 0.226229
0.618103 0.464174
0.458325 0.473744
0.524392 0.357697
0.69134 0.397317
0.762269 0.351286
0.758421 0.351546
0.774288 0.369377
0.0342337 0.971997
0.687755 0.732822
0.781294 0.268645
0.149288 0.791319
0.43045 0.363595
0.954232 0.92391
0.357504 0.625693
0.464523 0.410176
0.851478 0.079614
0.871575 0.308944
0.556196 0.394829
0.664585 0.246006
0.787858 0.429871
0.59805 0.548962
0.776643 0.371755
0.914467 0.810929
0.341711 0.601069
0.545646 0.122179
0.867009 0.693477
0.91258 0.299309
0.0582398 0.867683
0.222192 0.417204
0.491446 0.685952
0.826088 0.344555
0.767864 0.691494
0.653973 0.323582
0.0898327 0.316218
0.567813 0.879913
0.743509 0.163289
0.429287 0.520433
0.533476 0.34608
0.330187 0.873996
0.946418 0.875427
0.995278 0.815404
0.571482 0.908782
0.114788 0.63022
0.773864 0.33772
0.0491222 0.267876
0.0266229 0.873363
0.610686 0.790386
0.570171 0.263582
0.113057 0.659392
0.57907 0.679334
0.541129 0.322499
0.842272 0.963077
0.841744 0.372328
0.312337 0.172322
0.247469 0.258193
0.0484092 0.243745
0.0747212 0.618736
0.149689 0.189506
0.248689 0.924999
0.525984 0.294844
0.193099 0.550525
0.167438 0.803679
0.341166 0.737838
0.0664306 0.453452
0.396368 0.644674
0.1353 0.935622
0.966214 0.974346
0.901422 0.808461
0.347201 0.216264
0.978648 0.592471
0.474512 0.0272694
0.828586 0.558435
0.647481 0.987933
0.738306 0.895793
0.913228 0.263833
0.189642 0.106274
0.814369 0.359424
0.909523 0.15326
0.0938821 0.974789
0.611257 0.491298
0.621662 0.742119
0.425473 0.588812
0.716316 0.328889
0.395065 0.0631639
0.546414 0.376839
0.657233 0.0201916
0.405036 0.492302
0.569371 0.0504623
0.482471 0.307731
0.945298 0.393006
0.571256 0.137356
0.500464 0.386634
0.494966 0.410562
0.53954 0.587223
0.384895 0.149317
0.0753781 0.00754104
0.891182 0.499539
0.593374 0.608006
0.830819 0.982823
0.671501 0.372601
0.363332 0.325964
0.393441 0.766538
0.820386 0.958669
0.816491 0.30298
0.269044 0.763429
0.695124 0.840126
0.899079 0.193918
0.224221 0.392174
0.60611 0.765239
0.977589 0.99322
0.914348 0.0545542
0.99708 0.804622
0.553321 0.590564
0.412724 0.381477
0.576474 0.0842826
0.753664 0.939466
0.409416 0.146149
0.705801 0.231184
0.107976 0.522078
0.533044 0.3785
0.284591 0.225989
0.212752 0.181984
0.423372 0.441776
0.576189 0.0298523
0.206864 0.554872
0.0175999 0.123249
0.607498 0.0170372
0.926925 0.158715
0.60438 0.339974
0.540689 0.180172
0.420966 0.295528
0.120004 0.834909
0.443596 0.824633
0.0611352 0.550676
0.347161 0.593594
0.927926 0.630462
0.820853 0.14689
0.81523 0.24368
0.590248 0.392062
0.271668 0.795349
0.944591 0.291926
0.914606 0.551023
0.305358 0.841948
0.712204 0.908676
0.182347 0.253906
0.0908717 0.604565
0.548767 0.208521
0.436705 0.992584
0.033609 0.499382
0.544798 0.38267
0.0921392 0.472034
0.0118857 0.914771
0.619297 0.827633
0.155868 0.206678
0.218186 0.427503
0.000637259 0.162212
0.718394 0.917244
0.712218 0.0254271
0.760689 0.426511
0.931803 0.94149
0.678301 0.0229146
0.546355 0.228998
0.233113 0.982772
0.221598 0.264451
0.481698 0.76509
0.646758 0.574444
0.237582 0.658656
0.485214 0.854765
0.487808 0.643517
0.0621836 0.703728
0.0699036 0.0657317
0.864958 0.784169
0.981877 0.576854
0.807242 0.740487
0.000193481 0.740642
0.688708 0.674447
0.762223 0.235043
0.906841 0.991529
0.214553 0.12776
0.258181 0.696799
0.892761 0.901344
0.26898 0.129826
0.562914 0.754326
0.987221 0.0472995
0.395307 0.0475575
0.754772 0.47197
0.114 0.616933
0.249861 0.0964715
0.193528 0.0596957
0.840236 0.19561
0.804344 0.537042
0.873435 0.563515
0.756933 0.777916
0.554913 0.974505
0.90807 0.812199
0.667854 0.801498
0.716603 0.936192
0.93287 0.278961
0.690855 0.917596
0.32529 0.0851905
0.965407 0.0773356
0.551297 0.0791105
0.694262 0.799214
0.174466 0.889711
0.859324 0.0145907
0.0839161 0.658895
0.542227 0.960973
0.221558 0.299678
0.741158 0.771397
0.274715 0.65352
0.588516 0.942819
0.45735 0.305356
0.878612 0.387454
0.583448 0.569759
0.305333 0.907469
0.654941 0.271289
0.982052 0.207946
0.349869 0.680869
0.00689586 0.523571
0.570661 0.866389
0.538435 0.654718
0.525146 0.0803175
0.613755 0.747391
0.379105 0.353911
0.522849 0.651862
0.00754822 0.112869
0.59578 0.463661
0.414606 0.471612
0.850351 0.991816
0.0414496 0.156351
0.902962 0.696638
0.426093 0.890512
0.900809 0.776513
0.571914 0.910884
0.299254 0.140991
0.7764 0.835756
0.795844 0.30432
0.915872 0.408553
0.0516619 0.295267
0.76008 0.595832
0.944023 0.770057
0.687105 0.542688
0.232224 0.0982498
0.011254 0.0842088
0.0962658 0.0550407
0.23987 0.999435
0.753062 0.644981
0.888922 0.652545
0.44008 0.462775
0.565319 0.740093
0.602922 0.343275
0.579145 0.399348
0.648879 0.496745
0.806087 0.692085
0.775962 0.569826
0.269944 0.73602
0.340033 0.951482
0.275745 0.573473
0.0514069 0.28748
0.651927 0.146839
0.339493 0.890805
0.146712 0.0902475
0.554574 0.0375637
0.742141 0.992469
0.500128 0.307333
0.732005 0.10226
0.649041 0.314538
0.499927 0.293493
0.804639 0.307388
0.987361 0.593325
0.876504 0.258585
0.328433 0.216884
0.211222 0.604278
0.789405 0.262991
0.888993 0.442114
0.41013 0.230057
0.33369 0.555482
0.319222 0.887708
0.594079 0.0630415
0.883177 0.0912788
0.368411 0.614667
0.19482 0.0185618
0.925062 0.693853
0.312854 0.731496
0.998468 0.30424
0.324374 0.87448
0.559869 0.653441
0.09118 0.771526
0.258702 0.878925
0.0327568 0.150253
0.319692 0.444583
0.379029 0.652705
0.998949 0.697907
0.541703 0.594794
0.761068 0.426528
0.685239 0.131292
0.0416697 0.880481
0.14948 0.966984
0.57377 0.461618
0.69752 0.573601
0.761192 0.0210043
0.447536 0.322493
0.6775 0.537439
0.0928849 0.931591
0.412934 0.125967
0.0797011 0.735239
0.571995 0.460062
0.39035 0.569818
0.158134 0.931885
0.16585 0.917401
0.355161 0.848636
0.0449099 0.395453
0.728469 0.1944
0.359629 0.300366
0.652871 0.0557617
0.869706 0.413943
0.0756964 0.314063
0.735944 0.748688
0.847034 0.82806
0.682236 0.262952
0.953187 0.763013
0.996629 0.522982
0.220798 0.386333
0.0932246 0.377093
0.316544 0.25641
0.29449 0.673349
0.105094 0.338328
0.0685875 0.833764
0.533926 0.42906
0.131389 0.186467
0.484311 0.00197914
0.602996 0.560771
0.314564 0.337522
0.310884 0.163922
0.168176 0.995123
0.424622 0.120635
0.75571 0.425257
0.644574 0.977225
0.805219 0.734993
0.351972 0.12357
0.995794 0.647246
0.79592 0.102225
0.984357 0.862106
0.932971 0.517912
0.289707 0.0656742
0.704309 0.772376
0.0662779 0.304026
0.334732 0.381879
0.641464 0.644283
0.545658 0.80701
0.638469 0.971743
0.92764 0.392565
0.393667 0.574053
0.370056 0.200105
0.312209 0.723164
0.324488 0.30601
0.367602 0.120649
0.408711 0.353394
0.985921 0.340299
0.872118 0.273826
0.406287 0.576324
0.0476228 0.472184
0.879159 0.382115
0.853256 0.52206
0.0263334 0.399802
0.328485 0.666022
0.370636 0.255028
0.0589122 0.763758
0.827651 0.429133
0.963902 0.1388
0.153181 0.287646
0.446861 0.521553
0.4089 0.852052
0.872098 0.391856
0.193278 0.744645
0.667152 0.599545
0.320339 0.715052
0.0708919 0.198748
0.0984576 0.924396
0.716746 0.125996
0.323158 0.0450071
0.789902 0.689097
0.300143 0.848801
0.454745 0.126995
0.275875 0.422014
0.266808 0.42976
0.711812 0.708113
0.948636 0.117417
0.565265 0.821118
0.510558 0.756644
0.564777 0.177388
0.355808 0.886029
0.891667 0.426606
0.0871652 0.988587
0.349734 0.80123
0.114099 0.672462
0.847516 0.901732
0.366674 0.147163
0.751588 0.821686
0.273855 0.0300427
0.245102 0.539568
0.458086 0.953675
0.253124 0.40672
0.0721792 0.820237
0.228314 0.5814
0.576906 0.793831
0.759455 0.933245
0.680968 0.646638
0.359729 0.763287
0.641165 0.708961
0.566469 0.754539
0.382801 0.411891
0.659207 0.747853
0.561423 0.411337
0.575863 0.83525
0.440978 0.820053
0.377216 0.898352
0.774605 0.609293
0.305184 0.845286
0.451753 0.53374
0.428299 0.0276072
0.32594 0.186406
0.962053 0.00609129
0.837667 0.319866
0.773227 0.486291
0.0291044 0.334474
0.229743 0.412879
0.748125 0.886633
0.165067 0.307458
0.298448 0.740001
0.143005 0.738412
0.560023 0.521237
0.638757 0.334723
0.152402 0.943859
0.180229 0.602147
0.47544 0.606563
0.629504 0.802836
0.791767 0.564599
0.80769 0.621067
0.909087 0.575869
0.107794 0.939879
0.910492 0.337822
0.353155 0.65793
0.222857 0.517344
0.964282 0.521331
0.25365 0.10949
0.259473 0.813231
0.626955 0.896866
0.145494 0.780366
0.839462 0.324378
0.381201 0.314092
0.930103 0.00849857
0.117369 0.721169
0.599348 0.924365
0.350996 0.50944
0.502963 0.457896
0.449262 0.41216
0.793345 0.799732
0.0706428 0.0210484
0.318916 0.035038
0.539759 0.574191
0.14145 0.799194
0.38701 0.772046
0.699464 0.53602
0.549676 0.536815
0.856889 0.924925
0.849101 0.785546
0.938147 0.966341
0.509297 0.536571
0.891201 0.859875
0.0465832 0.392727
0.316998 0.496563
0.803415 0.111725
0.298296 0.871744
0.130753 0.61932
0.905233 0.667542
0.191391 0.0504648
0.467239 0.578674
0.819587 0.163819
0.110161 0.368277
0.697398 0.966196
0.296627 0.547638
0.752564 0.237349
0.515382 0.259707
0.771358 0.408222
0.120227 0.821573
0.796627 0.438043
0.315273 0.601234
0.548418 0.614343
0.471298 0.675021
0.231303 0.380135
0.342882 0.422272
0.428927 0.810335
0.00212201 0.249877
0.975404 0.110541
0.61818 0.671115
0.0781337 0.915844
0.217682 0.829982
0.15096 0.733249
0.0906681 0.92181
0.138973 0.209732
0.741304 0.935601
0.644752 0.0552394
0.534829 0.192429
0.671984 0.00938532
0.869284 0.898858
0.387303 0.213478
0.325508 0.815184
0.0245541 0.325161
0.0664336 0.997349
0.437389 0.680497
0.674009 0.517137
0.596268 0.888417
0.345457 0.746934
0.622843 0.437237
0.670998 0.758376
0.645463 0.412212
0.697039 0.290121
0.466778 0.235001
0.481427 0.137772
0.242143 0.35374
0.039001 0.628512
0.567716 0.364089
0.444795 0.592301
0.693721 0.510732
0.589179 0.124289
0.189975 0.259329
0.641048 0.784537
0.148378 0.987639
0.532915 0.768638
0.422253 0.20027
0.52903 0.0666977
0.610503 0.223679
0.355415 0.0777073
0.458845 0.840241
0.215974 0.700946
0.192226 0.254951
0.328943 0.758703
0.617782 0.772159
0.349792 0.306159
0.281417 0.939217
0.432107 0.470017
0.199203 0.0730739
0.255972 0.349048
0.0605068 0.787369
0.115894 0.480298
0.987563 0.646143
0.545964 0.600545
0.870514 0.900041
0.679295 0.330964
0.74141 0.893171
0.0301421 0.933729
0.146759 0.358249
0.692673 0.762525
0.130254 0.0424594
0.0698502 0.410496
0.980384 0.50173
0.880022 0.181393
0.575328 0.134425
0.529107 0.633834
0.92229 0.644419
0.114739 0.909993
0.290907 0.659882
0.507934 0.160055
0.558449 0.186647
0.49136 0.301626
0.0788824 0.519079
0.232685 0.224715
0.879384 0.922761
0.9925 0.00888872
0.967224 0.0607986
0.419015 0.948746
0.563486 0.29864
0.131313 0.139475
0.433704 0.658536
0.771817 0.355481
0.303777 0.885157
0.263619 0.592703
0.543074 0.77225
0.751478 0.105426
0.960102 0.2457
0.40556 0.0386732
0.76433 0.618674
0.2682 0.64216
0.566209 0.259215
0.651833 0.533874
0.319262 0.0674298
0.482299 0.884352
0.366018 0.610379
0.024369 0.799371
0.270401 0.79445
0.151977 0.574557
0.679257 0.417918
0.165973 0.222082
0.192134 0.920578
0.32537 0.149031
0.163503 0.73078
0.190322 0.927387
0.369218 0.45448
0.566252 0.934054
0.711645 0.216936
0.465671 0.0308914
0.285705 0.945653
0.915062 0.649181
0.557972 0.937869
0.449281 0.827155
0.73508 0.590424
0.400815 0.410903
0.0199856 0.567863
0.632241 0.207706
0.487216 0.956525
0.35806 0.650381
0.690224 0.549031
0.576525 0.0579968
0.5 0.5
0.99118 0.711547
0.358272 0.458548
0.74549 0.625156
0.404251 0.65829
0.293919 0.962105
0.598037 0.742077
0.790888 0.331425
0.344007 0.191865
0.740435 0.36438
0.759056 0.37388
0.573929 0.247294
0.329953 0.929823
0.895745 0.017314
0.476226 0.471424
0.0753033 0.475358
0.61661 0.0664664
0.188047 0.976337
0.523803 0.92926
0.61761 0.930295
0.589079 0.911065
0.891665 0.184608
0.653959 0.679899
0.51696 0.994364
0.873652 0.25634
0.358813 0.631159
0.628758 0.933469
0.878021 0.95724
0.860379 0.773641
0.979272 0.337456
0.247271 0.0530508
0.811175 0.862141
0.120084 0.998121
0.836884 0.640885
0.924364 0.458409
0.574116 0.517435
0.368299 0.465094
0.70127 0.0223442
0.146161 0.21862
0.0190659 0.0220724
0.475728 0.378337
0.651758 0.104989
0.308908 0.528479
0.0646125 0.170908
0.303551 0.042759
0.507549 0.551037
0.0950604 0.318246
0.415475 0.214767
0.316311 0.253972
0.860283 0.241958
0.711678 0.434416
0.757244 0.0808021
0.895948 0.459903
0.101605 0.0455677
0.678979 0.119562
0.0618361 0.154316
0.494775 0.712122
0.258281 0.803925
0.242865 0.323455
0.974771 0.544548
0.365752 0.481411
0.0970156 0.460212
0.805975 0.522432
0.675847 0.118014
0.770675 0.546182
0.360994 0.477447
0.967851 0.118103
0.557581 0.863719
0.579846 0.657936
0.907904 0.25921
0.776028 0.970321
0.411157 0.26936
0.683963 0.665992
0.0758361 0.925859
0.99569 0.0474009
0.472031 0.360321
0.531495 0.569069
0.819192 0.332579
0.0807249 0.494842
0.448213 0.846388
0.0306901 0.810634
0.326102 0.993144
0.929626 0.880462
0.860309 0.510168
0.538715 0.767182
0.76654 0.31452
0.738739 0.179883
0.586063 0.422521
0.845948 0.656265
0.346862 0.841788
0.707466 0.817867
0.200369 0.238821
0.38778 0.0213696
0.573411 0.468137
0.515498 0.0186074
0.312055 0.54438
0.827215 0.631565
0.54137 0.756489
0.517748 0.401558
0.265028 0.0542728
0.168044 0.0329282
0.369319 0.907028
0.212413 0.953901
0.327908 0.0585513
0.612144 0.67656
0.901441 0.321645
0.493132 0.100837
0.560265 0.880465
0.122146 0.131015
0.345616 0.636354
0.151256 0.660038
0.181866 0.980231
0.296384 0.721351
0.735299 0.811317
0.120731 0.00496373
0.867491 0.290007
0.0349502 0.236155
0.197353 0.244982
0.188689 0.526512
0.306156 0.801252
0.20047 0.204986
0.121112 0.694793
0.307843 0.680998
0.576902 0.429179
0.809794 0.919954
0.0642808 0.96047
0.579892 0.24236
0.938837 0.874066
0.962791 0.676663
0.68771 0.0865691
0.680739 0.557714
0.376074 0.713544
0.778096 0.570885
0.959327 0.979918
0.100046 0.263938
0.781082 0.299923
0.470018 0.90127
0.993958 0.777817
0.583178 0.570995
0.204759 0.39177
0.491717 0.268623
0.351001 0.0716703
0.512339 0.290311
0.944546 0.476867
0.966045 0.634538
0.562231 0.644644
0.191573 0.937807
0.358021 0.980535
0.509479 0.316285
0.959494 0.606344
0.580029 0.74187
0.907077 0.0490774
0.642252 0.900677
0.827346 0.225518
0.469775 0.0311191
0.615622 0.96382
0.300518 0.968367
0.0340149 0.813362
0.260304 0.980193
0.287657 0.223989
0.617304 0.849626
0.867848 0.806001
0.783584 0.227281
0.787381 0.293195
0.541734 0.746982
0.900884 0.121636
0.489203 0.805108
0.171007 0.131668
0.705055 0.998512
0.353249 0.17629
0.0306466 0.973292
0.139335 0.329629
0.9384 0.169719
0.140294 0.196833
0.152054 0.42686
0.422394 0.769587
0.275168 0.290443
0.574854 0.0600742
0.51744 0.363736
0.351335 0.0574422
0.109482 0.251273
0.17885 0.597137
0.0569095 0.350412
0.728406 0.76047
0.347969 0.0828689
0.939061 0.377275
0.0558212 0.0793295
0.706957 0.993062
0.247757 0.846742
0.190078 0.399804
0.275538 0.612387
0.168354 0.549689
0.90079 0.743805
0.61278 0.420097
0.107265 0.963219
0.475719 0.216543
0.215713 0.655809
0.814148 0.272459
0.00490286 0.540222
0.0337412 0.353282
0.623914 0.973936
0.736277 0.667702
0.0479876 0.438382
0.670341 0.297471
0.285408 0.861331
0.700809 0.563992
0.473763 0.867026
0.111072 0.37449
0.613169 0.722325
0.791843 0.712829
0.685053 0.26886
0.933354 0.899921
0.919081 0.747023
0.174726 0.92786
0.287222 0.205916
0.280617 0.909557
0.1785 0.0142299
0.587496 0.226351
0.449461 0.259861
0.523787 0.735029
0.120598 0.221225
0.296864 0.595154
0.0879039 0.407436
0.968324 0.700053
0.129618 0.762338
0.416668 0.814673
0.0291608 0.349477
0.715748 0.951582
0.0961635 0.888344
0.877792 0.380562
0.0930289 0.160085
0.291421 0.272546
0.173081 0.880277
0.499245 0.621752
0.138316 0.0227072
0.357773 0.260758
0.244628 0.654034
0.854527 0.332052
0.0628757 0.824336
0.0295938 0.191649
0.585877 0.449258
0.00646146 0.61374
0.796264 0.71816
0.568083 0.892115
0.612323 0.447188
0.273756 0.70381
0.606849 0.565208
0.974887 0.777798
0.444126 0.475759
0.398615 0.584662
0.497693 0.755277
0.840203 0.740497
0.409984 0.69676
0.0723475 0.470062
0.520047 0.104786
0.663036 0.105996
0.551259 0.668757
0.719274 0.348954
0.390274 0.28509
0.242545 4.81728e-05
0.736192 0.521816
0.705802 0.33783
0.078522 0.681615
0.112548 0.520101
0.156401 0.50949
0.104703 0.652895
0.268688 0.945811
0.393101 0.67528
0.647934 0.468772
0.146238 0.166082
0.569575 0.808522
0.270705 0.121152
0.477016 0.98804
0.469883 0.867143
0.276221 0.71059
0.867201 0.00678436
0.224116 0.572364
0.344183 0.300195
0.254406 0.458672
0.819557 0.410854
0.969512 0.924938
0.0618961 0.238522
0.870226 0.456089
0.913596 0.516844
0.922497 0.0602501
0.684462 0.49451
0.869569 0.946849
0.614343 0.347494
0.939833 0.0837842
0.212615 0.214559
0.79255 0.0830443
0.224042 0.0149003
0.65678 0.56835
0.317761 0.908627
0.0250684 0.139896
0.320104 0.993968
0.062312 0.379484
0.233852 0.934755
0.834529 0.145797
0.449974 0.756594
0.205779 0.12949
0.249131 0.0757024
0.0817132 0.864492
0.422968 0.0193947
0.946551 0.634494
0.236655 0.741382
0.722521 0.460081
0.756459 0.373402
0.0270321 0.0767405
0.280992 0.0511347
0.213106 0.59822
0.0494886 0.275388
0.978793 0.281025
0.208477 0.812456
0.426957 0.658003
0.570209 0.633932
0.786395 0.817467
0.708302 0.867314
0.681897 0.132468
0.886989 0.628769
0.766575 0.123704
0.370735 0.485157
0.581041 0.125627
0.85613 0.606434
0.19988 0.139158
0.660984 0.414542
0.738756 0.700337
0.691127 0.712233
0.987699 0.896424
0.530571 0.415442
0.554898 0.0997631
0.0475665 0.342892
0.916426 0.758731
0.211663 0.601962
0.888443 0.0988849
0.230908 0.656338
0.222467 0.601076
0.140806 0.805188
0.727107 0.998863
0.41254 0.928004
0.139512 0.0733522
0.342106 0.877345
0.7791 0.0299985
0.592654 0.767799
0.927789 0.119427
0.18085 0.479014
0.221361 0.22729
0.822155 0.140256
0.986367 0.0338093
0.741499 0.873737
0.133694 0.973227
0.530902 0.356208
0.573175 0.671823
0.160386 0.299186
0.670587 0.572271
0.228257 0.806238
0.643991 0.570306
0.684885 0.422419
0.601002 0.275885
0.188082 0.525103
0.398223 0.36831
0.00692542 0.617761
0.599602 0.829715
0.767551 0.594837
0.862729 0.501673
0.457445 0.997359
0.471752 0.986334
0.349961 0.0458274
0.661436 0.510714
0.344831 0.327279
0.0793112 0.57496
0.135474 0.719551
0.144796 0.82003
0.142031 0.743279
0.0955406 0.32964
0.266345 0.493997
0.699526 0.273805
0.0988558 0.288568
0.103329 0.872067
0.882935 0.961724
0.370696 0.338864
0.959346 0.840594
0.326022 0.310087
0.886296 0.9815
0.819652 0.233318
0.309781 0.897157
0.806868 0.445762
0.616893 0.95236
0.263855 0.761174
0.694746 0.359596
0.0924339 0.962117
0.851835 0.791074
0.236373 0.964299
0.0891201 0.337217
0.835554 0.966719
0.301802 0.203688
0.310155 0.262468
0.0458228 0.637831
0.571741 0.932565
0.62175 0.392612
0.166913 0.930728
0.289385 0.970238
0.374703 0.905917
0.922263 0.637105
0.667346 0.618095
0.993113 0.758241
0.580185 0.849027
0.548937 0.814586
0.810086 0.633209
0.153486 0.646591
0.612233 0.45666
0.850535 0.91806
0.716539 0.89445
0.55703 0.288714
0.826306 0.178025
0.679999 0.992023
0.108129 0.967416
0.962378 0.479906
0.874708 0.884526
0.11897 0.540331
0.50358 0.114608
0.298909 0.083227
0.96224 0.846954
0.896092 0.775121
0.484525 0.050203
0.421232 0.0955781
0.504874 0.270747
0.0156234 0.220674
0.165699 0.574715
0.509398 0.99262
0.751183 0.189428
0.986788 0.856276
0.158804 0.952677
0.338229 0.0325223
0.838299 0.457876
0.573183 0.344404
0.570982 0.871108
0.427263 0.532494
0.720123 0.326951
0.307941 0.204885
0.377082 0.729117
0.300783 0.881477
0.000246016 0.316492
0.102141 0.166315
0.888327 0.610759
0.161182 0.640232
0.800831 0.147987
0.498856 0.956326
0.09931 0.836089
0.990739 0.936088
0.291086 0.562413
0.281081 0.86002
0.434788 0.707416
0.392726 0.152919
0.0335671 0.701097
0.357882 0.409409
0.430874 0.658056
0.291405 0.431389
0.974755 0.393984
0.598405 0.866171
0.00431395 0.76007
0.505596 0.805735
0.905783 0.00350301
0.764112 0.0057589
0.836263 0.75297
0.943503 0.129354
0.315587 0.223788
0.988078 0.750282
0.931722 0.384313
0.901014 0.96453
0.0876118 0.259379
0.377751 0.514992
0.916665 0.667506
0.947881 0.893393
0.0615093 0.544708
0.75899 0.067368
0.303484 0.26547
0.874084 0.209717
0.271052 0.637745
0.214837 0.106956
0.389449 0.157694
0.238795 0.705646
0.381292 0.228475
0.456781 0.315333
0.614977 0.356869
0.279965 0.701063
0.61583 0.655698
0.216372 0.534831
0.322157 0.164395
0.428074 0.385975
0.709936 0.187949
0.451315 0.011564
0.454041 0.325493
0.223958 0.7194
0.958189 0.436666
0.827842 0.35188
0.595248 0.066376
0.0576161 0.976203
0.295083 0.510829
0.290161 0.908301
0.866217 0.57146
0.612493 0.484918
0.225176 0.826382
0.0178033 0.548876
0.987063 0.44453
0.931448 0.700362
0.632865 0.384979
0.712621 0.0832879
0.706972 0.934137
0.80262 0.663112
0.373038 0.629966
0.0202815 0.970294
0.696393 0.0767068
0.944243 0.990992
0.585638 0.235115
0.899297 0.454374
0.809369 0.520175
0.93768 0.0293878
0.336803 0.953977
0.578816 0.328034
0.400097 0.510221
0.029948 0.0326462
0.892078 0.740897
0.114143 0.602198
0.676821 0.913854
0.27004 0.0491826
0.544891 0.288703
0.0183949 0.241397
0.363914 0.962021
0.235029 0.95064
0.196567 0.133343
0.403936 0.00363886
0.644123 0.342207
0.0343708 0.982363
0.295278 0.611854
0.309627 0.695633
0.121809 0.3366
0.724274 0.0176679
0.0782475 0.836915
0.618098 0.754348
0.751919 0.888421
0.802245 0.297055
0.177957 0.820045
0.538261 0.543074
0.781927 0.765935
0.491825 0.978698
0.905047 0.895405
0.9836 0.547435
0.237206 0.013663
0.531323 0.53327
0.626575 0.8388
0.227962 0.747501
0.176071 0.952607
0.763246 0.25413
0.787916 0.382011
0.00636538 0.539425
0.270387 0.807393
0.834832 0.448943
0.629474 0.37506
0.987358 0.410256
0.143092 0.481022
0.391897 0.048943
0.377658 0.373799
0.59746 0.614447
0.389541 0.125738
0.1458 0.0156612
0.964226 0.373908
0.762244 0.138795
0.32361 0.525459
0.389547 0.111494
0.906019 0.395579
0.650345 0.176591
0.204118 0.486417
0.624444 0.833356
0.859959 0.611088
0.244021 0.00310375
0.0938269 0.635091
0.0521246 0.470651
0.00948451 0.648523
0.0836191 0.399104
0.774538 0.232706
0.413572 0.740684
0.601439 0.175345
0.878088 0.925134
0.701222 0.268629
0.040533 0.609284
0.665521 0.689105
0.783682 0.863928
0.178568 0.408241
0.698357 0.0402732
0.0226371 0.944041
0.04221 0.118085
0.577176 0.0954382
0.588865 0.586739
0.748733 0.655107
0.984971 0.51784
0.901615 0.398385
0.253953 0.505938
0.574292 0.133381
0.433513 0.275021
0.402567 0.471662
0.883444 0.0637528
0.165494 0.66841
0.930684 0.343004
0.0776253 0.631053
0.379875 0.0999582
0.574385 0.424113
0.214025 0.149869
0.516936 0.803528
0.736537 0.261786
0.475024 0.722568
0.777394 0.37661
0.120769 0.0364232
0.878821 0.695486
0.168801 0.314283
0.97002 0.567804
0.785756 0.85197
0.633428 0.953074
0.522582 0.56521
0.294365 0.600009
0.196767 0.675375
0.700929 0.768086
0.0976019 0.915878
0.918781 0.613344
0.722256 0.644489
0.874647 0.193101
0.378126 0.65192
0.57066 0.49958
0.691567 0.452714
0.193346 0.858311
0.763611 0.16334
0.426733 0.553525
0.0165134 0.0622253
0.505803 0.53877
0.625342 0.799321
0.141244 0.822608
0.474189 0.840942
0.59164 0.569425
0.761224 0.520641
0.184102 0.473895
0.166621 0.0605272
0.671995 0.545498
0.713387 0.23918
0.0410297 0.401171
0.68659 0.2346
0.256755 0.452967
0.395951 0.683043
0.00264762 0.410815
0.748357 0.516343
0.956385 0.367928
0.305375 0.0942742
0.190303 0.779135
0.932057 0.780773
0.349952 0.691379
0.29051 0.533595
0.165904 0.455739
0.594129 0.835458
0 0.305693
0.0722142 0.0444912
0.706772 0.756911
0.27788 0.962161
0.210614 0.674885
0.647327 0.210711
0.0885446 0.39058
0.720091 0.0435094
0.759059 0.0274572
0.137718 0.949307
0.806037 0.0725391
0.729274 0.157343
0.760179 0.0202014
0.688738 0.92716
0.475636 0.283086
0.766647 0.484462
0.588526 0.834432
0.518864 0.293447
0.592289 0.794789
0.258268 0.802012
0.467717 0.903592
0.0148356 0.55664
0.295179 0.736187
0.599794 0.0535123
0.760824 0.730157
0.0013206 0.567217
0.804967 0.726595
0.726298 0.570874
0.749141 0.416281
0.494869 0.225863
0.695792 0.258147
0.701695 0.284608
0.0910461 0.221535
0.577782 0.684703
0.0163429 0.835477
0.485743 0.481693
0.745086 0.510018
0.0404435 0.036557
0.235774 0.63906
0.0888599 0.996877
0.372243 0.0876422
0.563826 0.178225
0.817735 0.290283
0.749209 0.581168
0.70223 0.241795
0.793074 0.398529
0.49936 0.493831
0.681301 0.589772
0.716459 0.260276
0.272363 0.732196
0.0936269 0.758347
0.214327 0.832549
0.257421 0.253856
0.865896 0.493538
0.892395 0.9508
0.49054 0.264236
0.0412622 0.0586278
0.442784 0.85892
0.343932 0.189038
0.427943 0.0457759
0.429692 0.221138
0.443768 0.925639
0.717638 0.126592
0.517045 0.435046
0.383179 0.787585
0.165146 0.476443
0.544447 0.381199
0.311038 0.799633
0.632725 0.176218
0.292969 0.524672
0.129515 0.783531
0.788893 0.171188
0.839346 0.232943
0.0295948 0.182825
0.42248 0.457633
0.229155 0.848977
0.680236 0.668875
0.774666 0.397606
0.798347 0.290449
0.82986 0.181527
0.0777935 0.992918
0.659231 0.618973
0.373368 0.967853
0.419203 0.0070559
0.145054 0.711257
0.533243 0.274763
0.4966 0.323008
0.44728 0.334862
0.556717 0.478816
0.516611 0.974627
0.932825 0.747444
0.824405 0.608707
0.421885 0.602473
0.0102397 0.218796
0.890097 0.840241
0.398959 0.965041
0.833703 0.0569406
0.584578 0.206589
0.0260358 0.00699328
0.21525 0.168376
0.714806 0.744907
0.445272 0.210804
0.0713777 0.891169
0.544874 0.625975
0.3664 0.0618243
0.601246 0.301409
0.806501 0.427908
0.915437 0.227723
0.0277741 0.926638
0.445193 0.917365
0.763147 0.841747
0.883204 0.595972
0.89961 0.468076
0.805113 0.926284
0.471956 0.0198899
0.0954801 0.188124
0.770625 0.553609
0.398345 0.837375
0.431218 0.941871
0.462476 0.798481
0.00405763 0.0666476
0.100845 0.813143
0.49057 0.0158696
0.0398656 0.516703
0.938685 0.487001
0.435969 0.702761
0.330232 0.319004
0.30203 0.23122
0.78762 0.108168
0.156855 0.25935
0.12723 0.25331
0.446927 0.893917
0.792045 0.84215
0.731289 0.226584
0.788097 0.194721
0.0231021 0.791953
0.256713 0.124243
0.603063 0.747175
0.13966 0.642863
0.263991 0.0781309
0.129402 0.698932
0.783755 0.461905
0.0187408 0.0865075
0.689083 0.804238
0.190604 0.848153
0.0654912 0.317302
0.100412 0.511934
0.211263 0.8937
0.356942 0.939499
0.118033 0.144306
0.13536 0.143008
0.933938 0.389832
0.263981 0.536168
0.137756 0.402143
0.179301 0.401527
0.482845 0.309026
0.102933 0.263495
0.765865 0.121044
0.347099 0.457149
0.927126 0.539288
0.306469 0.993173
0.854445 0.404981
0.504851 0.0645586
0.298469 0.862257
0.00434969 0.413178
0.00511692 0.141335
0.556526 0.940258
0.531462 0.820992
0.477844 0.668965
0.22472 0.65762
0.0709222 0.706371
0.964852 0.172998
0.96773 0.734494
0.293627 0.315813
0.188177 0.219843
0.85341 0.493249
0.214527 0.708255
0.897561 0.718846
0.772562 0.194204
0.580312 0.779169
0.611681 0.588483
0.919133 0.165206
0.529555 0.450757
0.990423 0.0067659
0.120339 0.213643
0.665718 0.189251
0.918573 0.629112
0.364743 0.887418
0.36298 0.658065
0.204072 0.552539
0.88006 0.0567223
0.0447203 0.0931845
0.764457 0.940168
0.807258 0.549666
0.133223 0.388908
0.317588 0.74518
0.979164 0.236619
0.910914 0.507752
0.685562 0.902078
0.511389 0.804057
0.115983 0.175755
0.996993 0.0344034
0.806028 0.360259
0.923622 0.165518
0.0173262 0.128493
0.719492 0.895435
0.185222 0.763506
0.987107 0.948775
0.703686 0.794962
0.487879 0.83786
0.187145 0.802626
0.581734 0.163052
0.0364949 0.494552
0.671854 0.720838
0.396467 0.181224
0.527163 0.513695
0.359313 0.519921
0.547094 0.163466
0.880534 0.472614
0.331434 0.897958
0.598526 0.0514553
0.792246 0.779881
0.81233 0.777341
0.737928 0.526378
0.574416 0.219569
0.354834 0.761957
0.0240343 0.938332
0.925176 0.06138
0.433372 0.595471
0.781503 0.825816
0.776135 0.310655
0.340028 0.131451
0.830125 0.887801
0.296318 0.710524
0.360719 0.627552
0.607895 0.960657
0.678654 0.40256
0.748684 0.500934
0.181261 0.474517
0.00782086 0.755743
0.698673 0.363331
0.516876 0.718684
0.299881 0.442734
0.779028 0.726475
0.0364506 0.563006
0.5599 0.811599
0.871922 0.89877
0.942979 0.701516
0.788925 0.240642
0.411956 0.151897
0.866518 0.0203612
0.1122 0.543797
0.421364 0.854162
0.0369596 0.603292
0.331686 0.0444765
0.359072 0.0288976
0.405858 0.876579
0.748268 0.702131
0.31855 0.528759
0.439307 0.354199
0.0920462 0.998483
0.16747 0.963518
0.899022 0.109556
0.665726 0.685756
0.348416 0.0761906
0.841095 0.215694
0.0975524 0.951334
0.764196 0.529758
0.806877 0.793118
0.121923 0.13951
0.839938 0.48203
0.167444 0.247502
0.356851 0.915265
0.953281 0.67601
0.443821 0.394149
0.0309738 0.536331
0.390789 0.195647
0.497888 0.288817
0.3051 0.161688
0.978083 0.654534
0.237418 0.817123
0.86897 0.334235
0.771017 0.605962
0.849506 0.575933
0.422063 0.974446
0.715565 0.26379
0.455847 0.882788
0.509491 0.812389
0.799762 0.465513
0.487687 0.244192
0.855246 0.519169
0.778001 0.248243
0.712626 0.276648
0.535637 0.0192035
0.43984 0.513855
0.673651 0.672869
0.33039 0.539846
0.0113944 0.102064
0.170519 0.864693
0.676742 0.59343
0.839515 0.393243
0.85448 0.295379
0.275724 0.367159
0.109098 0.0771849
0.826624 0.590811
0.319776 0.685527
0.112208 0.0990019
0.929364 0.826336
0.374032 0.466842
0.844275 0.810626
0.980292 0.516934
0.489587 0.310919
0.0582004 0.498776
0.410718 0.226243
0.36343 0.0871712
0.819083 0.204089
0.479288 0.673763
0.498755 0.757062
0.0380201 0.606753
0.831141 0.865023
0.200291 0.149126
0.552047 0.314787
0.24667 0.482928
0.142178 0.621565
0.949884 0.986511
0.433932 0.9293
0.502909 0.920058
0.241599 0.561087
0.420793 0.649451
0.787484 0.78167
0.741516 0.589799
0.984939 0.218497
0.279203 0.486137
0.975878 0.31953
0.0930227 0.806645
0.187192 0.293351
0.956436 0.738277
0.607611 0.204802
0.21982 0.750728
0.827321 0.170456
0.73635 0.262734
0.0992816 0.239832
0.180575 0.340057
0.807476 0.570436
0.987603 0.588068
0.385352 0.726901
0.196934 0.371216
0.943806 0.477302
0.858175 0.917545
0.79542 0.947655
0.72707 0.980115
0.2433 0.685245
0.717952 0.849585
0.889916 0.935086
0.600714 0.716825
0.106373 0.333583
0.973168 0.206932
0.573697 0.157246
0.54487 0.37648
0.762727 0.544986
0.963592 0.142658
0.261674 0.159592
0.513399 0.207146
0.63732 0.373509
0.126766 0.430266
0.321831 0.853529
0.41327 0.566012
0.536766 0.130636
0.411663 0.427633
0.0669485 0.015771
0.143618 0.174006
0.348004 0.119333
0.37938 0.922044
0.277096 0.923755
0.298167 0.0349976
0.457457 0.262458
0.17807 0.718872
0.42185 0.69148
0.926227 0.0573932
0.0651246 0.0519531
0.48983 0.390009
0.904771 0.901374
0.949629 0.442038
0.0311902 0.366227
0.870873 0.0965241
0.379973 0.0153536
0.274482 0.728777
0.134576 0.651904
0.652313 0.411707
0.575119 0.948016
0.445397 0.0329886
0.211638 0.622642
0.752271 0.612445
0.317646 0.676427
0.690574 0.382545
0.728114 0.179862
0.770591 0.610203
0.0810979 0.720217
0.0744601 0.11478
0.0887727 0.943656
0.210762 0.466952
0.955259 0.482776
0.195972 0.0914129
0.135812 0.846258
0.500096 0.708694
0.793567 0.944829
0.742345 0.00508172
0.570233 0.495325
0.638254 0.884883
0.170615 0.326911
0.26641 0.896998
0.507319 0.0353489
0.529607 0.587441
0.760946 0.57826
0.698693 0.843556
0.548224 0.910169
0.310442 0.504976
0.393778 0.502371
0.595135 0.528554
0.349501 0.0961217
0.236126 0.144503
0.0436561 0.979831
0.149535 0.608715
0.472806 0.785981
0.496352 0.643662
0.11539 0.759985
0.541082 0.620935
0.796901 0.072742
0.206664 0.55286
0.674428 0.905916
0.39623 0.221967
0.815036 0.701534
0.726103 0.209691
0.210336 0.323122
0.741736 0.571655
0.417832 0.97259
0.707555 0.462369
0.950605 0.852043
0.0695685 0.425005
0.641122 0.566356
0.06856 0.753878
0.326145 0.608026
0.372075 0.122235
0.678839 0.581183
0.675276 0.352609
0.485525 0.0692948
0.574018 0.303223
0.776136 0.301257
0.511637 0.983754
0.621104 0.243707
0.545412 0.0416582
0.219228 0.248475
0.501941 0.170918
0.102501 0.572526
0.595953 0.742404
0.139683 0.6636
0.49806 0.46405
0.270206 0.867904
0.586216 0.947863
0.449181 0.261625
0.300483 0.933996
0.331677 0.872332
0.236662 0.107266
0.172585 0.748188
0.0929775 0.795552
0.99454 0.637694
0.837389 0.216234
0.886505 0.338836
0.386457 0.988119
0.910526 0.981441
0.731954 0.0505621
0.647816 0.224903
0.514039 0.915173
0.0947521 0.102726
0.859228 0.54726
0.361238 0.160798
0.478987 0.694059
0.0353633 0.71729
0.800538 0.209588
0.466696 0.893211
0.0030537 0.460607
0.530621 0.838929
0.678953 0.416542
0.177837 0.0669361
