0.114322 0.262346
0.366234 0.0350113
0.30434 0.0170276
0.936319 0.523054
0.391021 0.453459
0.581273 0.168633
0.463581 0.39585
0.249246 0.689601
0.468222 0.260114
0.505914 0.508044
0.506621 0.455655
0.769659 0.984598
0.555867 0.754733
0.469744 0.896784
0.164001 0.803191
0.372783 0.278765
0.0634465 0.735502
0.313361 0.368019
0.75627 0.250646
0.89187 0.151528
0.702503 0.473378
0.318249 0.16767
0.871053 0.567263
0.858144 0.33828
0.827649 0.364284
0.845006 0.335396
0.820228 0.613815
0.319693 0.375451
0.369575 0.790032
0.268581 0.52994
0.593693 0.644531
0.80996 0.657856
0.383677 0.124414
0.0250243 0.147157
0.37663 0.920756
0.290374 0.0783815
0.390428 0.608433
0.246895 0.26355
0.174665 0.112006
0.602532 0.00200358
0.469008 0.444276
0.338953 0.2907
0.0626595 0.656719
0.666954 0.427679
0.449162 0.939126
0.958441 0.0445789
0.582775 0.768052
0.704238 0.967199
0.891533 0.728279
0.10613 0.271087
0.648558 0.399379
0.343696 0.0418662
0.0914463 0.601345
0.303339 0.185363
0.696856 0.903388
0.189672 0.167616
0.346424 0.527512
0.456189 0.406453
0.187539 0.128099
0.834282 0.637346
0.0561555 0.789906
0.683997 0.644428
0.562585 0.385293
0.611315 0.455045
0.115968 0.719727
0.721868 0.76502
0.118304 0.0712114
0.807167 0.127317
0.657419 0.109783
0.311942 0.352634
0.135269 0.511037
0.520547 0.360858
0.0304108 0.973925
0.766664 0.218399
0.102137 0.59811
0.857311 0.16089
0.395249 0.538605
0.804698 0.958115
0.924991 0.415342
0.413173 0.0413944
0.134599 0.140702
0.80321 0.25633
0.201666 0.608083
0.384519 0.860302
0.720617 0.697773
0.216602 0.734355
0.199572 0.736516
0.0921924 0.233151
0.712997 0.862092
0.447915 0.811043
0.464501 0.304797
0.97069 0.860472
0.84484 0.775909
0.821066 0.767271
0.19067 0.236693
0.810222 0.32771
0.36975 0.613796
0.582539 0.574489
0.223487 0.965664
0.434425 0.947847
0.662478 0.649951
0.681109 0.860991
0.387852 0.776302
0.0883042 0.10465
0.639885 0.53863
0.910719 0.104835
0.842718 0.882935
0.965506 0.685365
0.658659 0.786641
0.454861 0.849728
0.0342069 0.223989
0.172777 0.391202
0.879399 0.760174
0.966162 0.104778
0.725146 0.398335
0.0882652 0.389717
0.0495552 0.731537
0.247353 0.437054
0.511252 0.341538
0.536046 0.148529
0.880162 0.448863
0.252762 0.722884
0.331114 0.219492
0.408443 0.991793
0.00689085 0.823785
0.839482 0.0256819
0.124979 0.0261932
0.418423 0.0047612
0.776859 0.384941
0.0975393 0.499446
0.786023 0.164216
0.896544 0.835383
0.898261 0.148911
0.273997 0.407426
0.488031 0.810325
0.560078 0.368381
0.25992 0.811902
0.0974803 0.583751
0.119155 0.506523
0.581623 0.0337554
0.361152 0.421421
0.0979948 0.486654
0.43669 0.481247
0.492702 0.219179
0.865944 0.60375
0.724768 0.654311
0.76893 0.62061
0.489236 0.667409
0.767564 0.764807
0.0730369 0.260909
0.574325 0.635586
0.62297 0.833154
0.446544 0.71222
0.42212 0.476991
0.211542 0.0068339
0.515189 0.574119
0.423287 0.577322
0.0598126 0.850593
0.0728408 0.545309
0.0760738 0.91583
0.163548 0.802864
0.578285 0.930644
0.424055 0.0690888
0.597584 0.190626
0.831895 0.674506
0.446432 0.406433
0.309575 0.0704595
0.239676 0.756272
0.785299 0.664864
0.231925 0.998129
0.667582 0.751295
0.572198 0.0909734
0.324937 0.633291
0.954298 0.388387
0.189326 0.0367827
0.313703 0.351371
0.841053 0.894657
0.283709 0.264901
0.96364 0.881597
0.456882 0.795407
0.553848 0.902328
0.202936 0.864227
0.973104 0.44454
0.619766 0.758274
0.107339 0.850536
0.756663 0.775922
0.604634 0.329211
0.868381 0.932202
0.965294 0.822964
0.319321 0.156805
0.860087 0.632306
0.508286 0.701577
0.526846 0.793436
0.966751 0.491947
0.675556 0.422928
0.287855 0.229922
0.325641 0.489187
0.0885728 0.303541
0.932343 0.714353
0.0576142 0.045529
0.568966 0.814554
0.813682 0.174957
0.144307 0.681268
0.104913 0.115059
0.504277 0.425243
0.265002 0.36543
0.0577216 0.771701
0.0773022 0.581415
0.570783 0.0324837
0.077815 0.249791
0.45927 0.36756
0.474475 0.785818
0.858028 0.569517
0.0833442 0.788624
0.284304 0.144751
0.831114 0.854866
0.960525 0.641806
0.0289484 0.110762
0.322924 0.135964
0.215491 0.828884
0.562284 0.482867
0.195548 0.618743
0.256842 0.26363
0.210183 0.825734
0.300642 0.289897
0.0699353 0.755865
0.657516 0.546957
0.546474 0.514872
0.116056 0.630005
0.303388 0.399676
0.777499 0.132971
0.254096 0.737088
0.77489 0.283619
0.843075 0.100183
0.419978 0.0602579
0.929216 0.983203
0.538737 0.122306
0.601337 0.797232
0.388849 0.811803
0.624212 0.687697
0.10355 0.693612
0.446874 0.757919
0.237358 0.992226
0.273681 0.355131
0.625488 0.579189
0.753745 0.399971
0.69182 0.0045088
0.126957 0.48072
0.294307 0.984029
0.584881 0.713528
0.107242 0.517597
0.696187 0.581885
0.63746 0.298402
0.375864 0.0256771
0.110111 0.00743612
0.712511 0.212564
0.695454 0.161718
0.970406 0.935456
0.151606 0.249281
0.289831 0.777411
0.824253 0.0433824
0.172683 0.529621
0.0557517 0.320181
0.0969369 0.338437
0.299355 0.604306
0.0579528 0.343781
0.118144 0.755537
0.922439 0.754375
0.0430718 0.303023
0.780995 0.16527
0.29817 0.494243
0.37921 0.995671
0.655113 0.350487
0.930053 0.807212
0.596012 0.219637
0.585388 0.420978
0.263975 0.764765
0.952099 0.318994
0.0832207 0.964672
0.665679 0.384452
0.579718 0.726558
0.725618 0.700681
0.482829 0.648738
0.452517 0.536894
0.949128 0.235559
0.701166 0.248272
0.729398 0.0803691
0.242319 0.385477
0.431214 0.173784
0.19015 0.0288866
0.393407 0.77924
0.447456 0.656535
0.543327 0.404168
0.974992 0.628451
0.376488 0.641618
0.0147763 0.955363
0.366567 0.738476
0.657893 0.851044
0.387853 0.113927
0.386972 0.335152
0.349621 0.089009
0.58277 0.0780104
0.171501 0.825242
0.465041 0.599984
0.00565615 0.650146
0.630937 0.393406
0.438315 0.0804096
0.0519869 0.980938
0.482719 0.0300348
0.610362 0.861231
0.670101 0.625125
0.821662 0.0356274
0.362757 0.480731
0.88534 0.750602
0.591411 0.273518
0.0823414 0.934237
0.361555 0.669381
0.113958 0.54352
0.495997 0.491974
0.125176 0.494329
0.150423 0.767163
0.892222 0.587347
0.84736 0.944704
0.573102 0.328079
0.970009 0.183816
0.189426 0.636122
0.807683 0.0112135
0.674711 0.171656
0.492333 0.560381
0.922582 0.0880162
0.834845 0.00897644
0.029222 0.20586
0.680356 0.0570583
0.734432 0.178496
0.547048 0.871761
0.676447 0.699203
0.639987 0.569806
0.284231 0.485193
0.51162 0.859552
0.815914 0.481607
0.0697606 0.00451233
0.12111 0.847483
0.0118425 0.795093
0.125555 0.517097
0.357843 0.948093
0.59505 0.191778
0.956514 0.627355
0.389682 0.637868
0.68412 0.126178
0.816968 0.233035
0.999387 0.493238
0.930375 0.636157
0.0589419 0.222805
0.126124 0.570064
0.0720648 0.927966
0.0535869 0.125416
0.944874 0.17882
0.970434 0.961013
0.97089 0.99373
0.469574 0.329187
0.940218 0.0680032
0.521901 0.897782
0.695574 0.914955
0.535381 0.380979
0.0791515 0.348626
0.614263 0.0368796
0.845427 0.543056
0.677371 0.908656
0.761483 0.803056
0.481186 0.837347
0.73992 0.537211
0.957402 0.683585
0.711688 0.92719
0.644867 0.683213
0.919437 0.116097
0.0164881 0.823289
0.176498 0.529484
0.755019 0.87989
0.447892 0.29167
0.256674 0.487542
0.640922 0.872799
0.527669 0.488187
0.415747 0.205253
0.393939 0.176002
0.00223129 0.83749
0.0131578 0.743548
0.414425 0.970554
0.430761 0.125131
0.894848 0.075608
0.812507 0.812507
0.192348 0.822617
0.672564 0.37456
0.358417 0.429492
0.254382 0.807057
0.717889 0.512115
0.296112 0.357588
0.385101 0.824525
0.84826 0.799706
0.0274773 0.249804
0.976414 0.035832
0.116283 0.979324
0.783731 0.529849
0.959921 0.214082
0.654375 0.852649
0.287187 0.466359
0.666892 0.480188
0.287485 0.339491
0.854595 0.646045
0.767922 0.108969
0.452766 0.484316
0.620862 0.75127
0.844357 0.00589315
0.576489 0.690702
0.805594 0.607543
0.931715 0.781367
0.643302 0.0488989
0.770511 0.425616
0.578496 0.728989
0.640962 0.23477
0.582057 0.931813
0.699705 0.25034
0.412258 0.991928
0.588769 0.267883
0.637913 0.359525
0.374401 0.0932855
0.844922 0.996515
0.843767 0.68981
0.138188 0.415179
0.380851 0.806807
0.0681664 0.295697
0.590292 0.671455
0.361319 0.359953
0.0945248 0.92938
0.0901852 0.739038
0.174634 0.672422
0.669957 0.8763
0.925312 0.0840013
0.86595 0.516062
0.349507 0.505461
0.873925 0.725881
0.597059 0.720744
0.724587 0.440923
0.408866 0.725504
0.862936 0.789486
0.53344 0.888646
0.0998521 0.129061
0.560794 0.462888
0.485163 0.658561
0.399948 0.575183
0.396635 0.576323
0.249717 0.0706368
0.452745 0.174225
0.148411 0.322532
0.691208 0.505949
0.824844 0.565976
0.228511 0.420491
0.286109 0.957987
0.86282 0.693401
0.681737 0.725869
0.484985 0.214928
0.613933 0.586052
0.339967 0.174506
0.0564858 0.811768
0.834888 0.449924
0.402183 0.232486
0.0334587 0.644448
0.301067 0.480277
0.827563 0.45666
0.800808 0.516584
0.961966 0.62414
0.0789318 0.199943
0.0807463 0.365124
0.14857 0.906226
0.0688569 0.821178
0.635661 0.546914
0.0467957 0.255764
0.124406 0.385194
0.423064 0.179779
0.214177 0.257792
0.62957 0.618843
0.489424 0.656341
0.270163 0.791357
0.135086 0.101284
0.248123 0.937256
0.610145 0.210492
0.562414 0.693266
0.403089 0.608163
0.07263 0.544409
0.518763 0.120569
0.386934 0.153378
0.667262 0.436152
0.40359 0.798043
0.827537 0.825268
0.978038 0.0399354
0.0856895 0.603362
0.658414 0.572754
0.267356 0.928615
0.363409 0.404212
0.0688614 0.61279
0.338406 0.633621
0.823588 0.903776
0.329012 0.22856
0.512363 0.389342
0.783553 0.0300703
0.51052 0.16886
0.185205 0.180767
0.60697 0.587457
0.976859 0.43309
0.413531 0.957892
0.471788 0.496878
0.565471 0.129596
0.0747325 0.821662
0.0870994 0.42812
0.235409 0.0807515
0.0693297 0.569767
0.716186 0.867107
0.478544 0.0466324
0.0925621 0.979307
0.435919 0.876501
0.0266212 0.941337
0.0431482 0.212871
0.123981 0.651379
0.793957 0.100539
0.0820164 0.211442
0.071403 0.548663
0.702173 0.622943
0.688272 0.76877
0.454661 0.744645
0.198178 0.688081
0.826436 0.242941
0.261122 0.541883
0.107762 0.742413
0.58733 0.200854
0.681359 0.0281747
0.0778804 0.75519
0.968027 0.124017
0.96411 0.0893084
0.776733 0.756374
0.190511 0.859014
0.963326 0.246442
0.417299 0.662985
0.868529 0.107304
0.429873 0.322009
0.853934 0.628916
0.0116827 0.67352
0.874026 0.275244
0.222559 0.97855
0.0190024 0.816376
0.181788 0.750172
0.836991 0.26024
0.50671 0.803503
0.383296 0.470793
0.893498 0.16288
0.226718 0.0836704
0.018867 0.194359
0.328769 0.439924
0.851595 0.199306
0.548458 0.285177
0.518345 0.40232
0.913141 0.528756
0.0816765 0.784502
0.802393 0.309882
0.76617 0.821684
0.119989 0.937557
0.571132 0.958873
0.20645 0.0778952
0.764099 0.588412
0.54842 0.655844
0.750163 0.775005
0.739691 0.772228
0.962307 0.0682956
0.212969 0.813562
0.266244 0.760069
0.0958023 0.78567
0.159206 0.0159673
0.314647 0.246458
0.797821 0.116648
0.55638 0.564076
0.937463 0.67864
0.510054 0.509053
0.638053 0.716431
0.586333 0.401876
0.306166 0.135049
0.0568108 0.0645728
0.908972 0.795944
0.828953 0.8725
0.866023 0.040509
0.685554 0.13238
0.802045 0.783704
0.919007 0.965217
0.795656 0.233268
0.209128 0.592387
0.349959 0.767011
0.154416 0.291275
0.445944 0.668352
0.79535 0.086153
0.384496 0.381684
0.485782 0.692534
0.517335 0.543314
0.748296 0.423565
0.338331 0.576829
0.296256 0.20503
0.617806 0.984503
0.336477 0.419069
0.765663 0.254985
0.381234 0.563226
0.487467 0.592015
0.159074 0.836059
0.360395 0.317503
0.126124 0.804217
0.987066 0.920954
0.891921 0.373292
0.300987 0.378194
0.0763105 0.806077
0.923202 0.81471
0.241196 0.26088
0.392938 0.537513
0.464885 0.013904
0.519799 0.802402
0.431705 0.287691
0.0690362 0.801691
0.851978 0.54616
0.406123 0.010842
0.384521 0.767275
0.326897 0.508987
0.574713 0.316222
0.428906 0.465923
0.689091 0.732901
0.845871 0.755515
0.54734 0.766053
0.572429 0.788003
0.0281359 0.963789
0.325406 0.492703
0.979784 0.847489
0.295094 0.411094
0.128051 0.35371
0.221227 0.985727
0.899457 0.629099
0.998036 0.2836
0.3982 0.32654
0.793166 0.972005
0.64197 0.221186
0.437795 0.334005
0.950614 0.281748
0.0750635 0.492495
0.0531119 0.657735
0.28873 0.0781924
0.630144 0.616966
0.569797 0.609342
0.463445 0.865459
0.0786358 0.600834
0.218348 0.244107
0.583856 0.117237
0.874905 0.581583
0.402426 0.272156
0.909319 0.19517
0.24232 0.550699
0.413377 0.682584
0.883854 0.368707
0.968035 0.974516
0.867738 0.0180398
0.637746 0.157017
0.0911964 0.270794
0.773663 0.665679
0.875764 0.236995
0.531811 0.895512
0.833066 0.751141
0.131152 0.412709
0.869487 0.0152694
0.998602 0.269939
0.288669 0.909671
0.462621 0.533852
0.461244 0.87818
0.214413 0.346604
0.244738 0.183985
0.319742 0.112311
0.198338 0.954997
0.269614 0.296271
0.222412 0.0416571
0.962714 0.100358
0.273192 0.492266
0.996271 0.108709
0.244714 0.136666
0.526494 0.113136
0.140885 0.520072
0.385162 0.438787
0.433928 0.848588
0.969921 0.894522
0.726911 0.185919
0.236223 0.971609
0.368075 0.559004
0.0970519 0.562739
0.516824 0.354833
0.86634 0.740718
0.397019 0.828016
0.841269 0.672353
0.32269 0.836973
0.783074 0.567643
0.969762 0.308199
0.68038 0.121715
0.834485 0.0664307
0.560803 0.268729
0.915417 0.529968
0.161021 0.642278
0.715955 0.401198
0.61488 0.0862713
0.96121 0.700628
0.657208 0.478481
0.0913862 0.520591
0.215773 0.451028
0.352086 0.0594845
0.126136 0.674767
0.898124 0.907748
0.243057 0.869612
0.213933 0.921254
0.992544 0.049082
0.99067 0.554085
0.318869 0.905163
0.0792729 0.472874
0.547364 0.799664
0.88178 0.165096
0.887792 0.843548
0.864635 0.544124
0.323671 0.922091
0.0768247 0.533933
0.372591 0.422681
0.60426 0.498296
0.0837477 0.496483
0.404614 0.338142
0.369913 0.621254
0.261836 0.364437
0.670025 0.25242
0.919487 0.99111
0.151426 0.0065818
0.470427 0.705588
0.801831 0.353655
0.86714 0.686204
0.199619 0.732623
0.228949 0.520262
0.654042 0.301346
0.0618453 0.033635
0.722454 0.671767
0.524235 0.820305
0.17041 0.926769
0.153173 0.53992
0.551336 0.421894
0.910495 0.226105
0.67286 0.830919
0.214745 0.830016
0.830048 0.6855
0.535935 0.631056
0.099279 0.401421
0.320404 0.239243
0.131797 0.546476
0.761055 0.789869
0.855125 0.827054
0.814991 0.577421
0.497025 0.340766
0.395531 0.668376
0.26657 0.555992
0.21534 0.822111
0.97969 0.12602
0.0511362 0.647174
0.954716 0.260715
0.483005 0.783908
0.944357 0.0177761
0.41601 0.986713
0.421087 0.734077
0.220139 0.556173
0.287976 0.986712
0.345436 0.140924
0.810247 0.162803
0.718336 0.308411
0.501866 0.117971
0.977271 0.771326
0.672913 0.191375
0.593357 0.652384
0.31543 0.638155
0.303481 0.271447
0.900703 0.785799
0.0617999 0.833377
0.806082 0.472412
0.830938 0.22788
0.208314 0.0535636
0.784466 0.494363
0.0374258 0.134906
0.635988 0.848041
0.289763 0.353429
0.158888 0.790675
0.469774 0.132614
0.56355 0.143067
0.325399 0.158338
0.795304 0.644289
0.798621 0.100304
0.915447 0.698135
0.888943 0.97308
0.544952 0.692131
0.443786 0.377142
0.91804 0.651118
0.428878 0.701036
0.135762 0.463585
0.833524 0.784644
0.318271 0.12285
0.128654 0.469649
0.915178 0.609942
0.607312 0.478769
0.755348 0.932465
0.638394 0.551476
0.577394 0.435512
0.650427 0.492978
0.125748 0.532212
0.465088 0.678015
0.230281 0.910388
0.0529037 0.15621
0.564138 0.487205
0.851004 0.70985
0.956173 0.682714
0.496312 0.272748
0.804766 0.636882
0.747209 0.720701
0.247466 0.355648
0.197174 0.0034798
0.289657 0.837145
0.553001 0.866213
0.272418 0.204297
0.359149 0.40723
0.742177 0.82513
0.0846127 0.960735
0.734618 0.14091
0.116402 0.300636
0.626423 0.974988
0.0955356 0.592514
0.656048 0.505619
0.854509 0.460445
0.143225 0.598984
0.175194 0.389341
0.955448 0.381957
0.393733 0.246664
0.215241 0.944405
0.101744 0.482273
0.137234 0.468651
0.895841 0.890842
0.298257 0.9834
0.864076 0.0325802
0.120944 0.973954
0.328752 0.749539
0.955193 0.340782
0.328264 0.610988
0.845139 0.187166
0.0737495 0.978622
0.78392 0.252639
0.377429 0.743381
0.633583 0.772308
0.991129 0.851981
0.718089 0.104255
0.340249 0.868147
0.575213 0.235616
0.75831 0.874988
0.217043 0.617484
0.905625 0.343191
0.604878 0.238202
0.10123 0.55508
0.57698 0.420734
0.165964 0.42232
0.602204 0.246475
0.410436 0.392578
0.501889 0.789188
0.135121 0.140292
0.560172 0.127465
0.986897 0.27819
0.229396 0.326117
0.146498 0.806456
0.561964 0.900679
0.682374 0.78162
0.522101 0.591095
0.119255 0.135137
0.828866 0.211286
0.690098 0.406529
0.629955 0.864908
0.829395 0.237338
0.110657 0.24509
0.628708 0.615339
0.0292151 0.761416
0.750244 0.592306
0.892357 0.734808
0.868292 0.123739
0.0560862 0.0207482
0.932163 0.624345
0.914635 0.61461
0.405518 0.437642
0.202184 0.525093
0.568366 0.032809
0.737314 0.25744
0.442201 0.369172
0.119363 0.276424
0.604231 0.234545
0.513859 0.231676
0.849384 0.543712
0.995401 0.598072
0.13362 0.886055
0.333925 0.00362343
0.122617 0.39217
0.021266 0.942424
0.0284494 0.926728
0.56143 0.430235
0.368599 0.76886
0.956064 0.934413
0.804077 0.696673
0.192326 0.249102
0.0457094 0.317524
0.519528 0.667476
0.550978 0.0301376
0.901703 0.398595
0.576774 0.897485
0.994239 0.715795
0.787053 0.331342
0.715913 0.80163
0.729637 0.733964
0.748719 0.753869
0.662345 0.311718
0.179414 0.0338138
0.0781573 0.148622
0.966333 0.885396
0.836406 0.159993
0.129476 0.894997
0.473622 0.652198
0.569608 0.0196706
0.685567 0.467327
0.421861 0.263063
0.366187 0.4187
0.97619 0.153354
0.748744 0.692511
0.955074 0.478493
0.42468 0.701798
0.230965 0.0898119
0.124622 0.408724
0.119006 0.0995765
0.554031 0.0853524
0.979112 0.391042
0.248658 0.111521
0.289902 0.721956
0.765971 0.859311
0.744108 0.450423
0.326736 0.165185
0.714319 0.693721
0.583243 0.691147
0.846344 0.333388
0.384834 0.801124
0.813972 0.80813
0.505804 0.0420744
0.897815 0.518694
0.454867 0.0219247
0.61612 0.00730571
0.114517 0.590402
0.397447 0.357061
0.703615 0.689944
0.0908376 0.463699
0.545492 0.822714
0.920495 0.871931
0.988997 0.632213
0.56524 0.573115
0.323774 0.411141
0.905264 0.706471
0.211138 0.7178
0.515727 0.716128
0.760612 0.41498
0.234869 0.217138
0.436394 0.848118
0.221543 0.543592
0.438973 0.622317
0.903399 0.147424
0.313034 0.982791
0.612498 0.857148
0.806742 0.531761
0.729573 0.796186
0.16142 0.29691
0.367788 0.489151
0.703104 0.274526
0.195035 0.913623
0.989756 0.716235
0.632647 0.753406
0.129959 0.863903
0.969411 0.565585
0.716605 0.195241
0.110813 0.163373
0.818664 0.0151498
0.30201 0.13068
0.995852 0.915971
0.990183 0.80295
0.446426 0.715825
0.599381 0.613114
0.0128614 0.962192
0.100872 0.715002
0.244436 0.297671
0.631476 0.233971
0.0254842 0.223819
0.988635 0.14216
0.129853 0.950352
0.708851 0.847548
0.155888 0.818583
0.00661389 0.96843
0.835632 0.308514
0.10484 0.829099
0.224116 0.0932918
0.637145 0.669434
0.809644 0.236952
0.284583 0.82341
0.200178 0.385829
0.537746 0.446999
0.682519 0.168923
0.682089 0.697357
0.432635 0.669614
0.83708 0.56521
0.631428 0.546949
0.412848 0.785273
0.365728 0.418259
0.759849 0.201823
0.725296 0.86524
0.0380769 0.946652
0.957374 0.67143
0.620423 0.769027
0.908763 0.905167
0.58971 0.110797
0.290386 0.128705
0.558875 0.974953
0.29788 0.240944
0.669137 0.731492
0.91147 0.507529
0.292454 0.541786
0.0536258 0.703896
0.329607 0.419844
0.123739 0.094498
0.621439 0.851184
0.953318 0.656836
0.800859 0.912547
0.329346 0.422306
0.67942 0.238926
0.326198 0.271653
0.349076 0.616107
0.399804 0.910947
0.591165 0.697526
0.147318 0.265325
0.428023 0.0645811
0.770304 0.725225
0.606312 0.821872
0.431255 0.935723
0.239114 0.555824
0.0241674 0.833043
0.410242 0.980519
0.521488 0.209653
0.892459 0.85149
0.63146 0.57239
0.0859152 0.945538
0.842787 0.440875
0.573156 0.24201
0.350867 0.165007
0.938648 0.501338
0.426861 0.368747
0.563759 0.194859
0.0901463 0.177225
0.1213 0.531763
0.105193 0.265089
0.0803424 0.140335
0.114056 0.484775
0.113983 0.646685
0.701387 0.00195537
0.499977 0.331287
0.57506 0.591066
0.28845 0.418011
0.0310067 0.835033
0.65858 0.380951
0.0724448 0.597884
0.884236 0.455836
0.965136 0.445796
0.650379 0.058955
0.619909 0.669698
0.581964 0.728129
0.930432 0.663792
0.860923 0.0555406
0.153112 0.968193
0.706192 0.855318
0.97881 0.204622
0.18155 0.545027
0.796841 0.474183
0.969247 0.826318
0.334311 0.626696
0.206249 0.364852
0.226508 0.0909207
0.816991 0.193486
0.538882 0.468229
0.250913 0.158866
0.137453 0.831755
0.885928 0.066346
0.499602 0.747835
0.122345 0.653229
0.722149 0.827645
0.50906 0.697384
0.0324709 0.691431
0.250777 0.828114
0.170215 0.221902
0.653519 0.508589
0.847821 0.864405
0.873042 0.0729187
0.953374 0.690436
0.261517 0.491896
0.150684 0.511132
0.651677 0.295069
0.349169 0.536539
0.362291 0.850756
0.28265 0.483782
0.502662 0.00808156
0.310717 0.0132257
0.703363 0.344792
0.711842 0.953891
0.172552 0.881174
0.174531 0.824927
0.391961 0.0192352
0.688424 0.266471
0.094594 0.642202
0.956125 0.358759
0.135508 0.122524
0.875011 0.786858
0.411852 0.224887
0.326061 0.773148
0.0783621 0.603248
0.255283 0.576065
0.61778 0.569448
0.593203 0.320238
0.90909 0.307154
0.275302 0.0852181
0.181814 0.446708
0.910085 0.579398
0.469261 0.598042
0.847198 0.56179
0.244699 0.805883
0.91874 0.381337
0.922346 0.792554
0.163351 0.335673
0.130287 0.50038
0.105366 0.0965604
0.0950868 0.361145
0.670231 0.723115
0.933396 0.261787
0.0481365 0.829697
0.566015 0.319051
0.931519 0.752598
0.768435 0.842159
0.334981 0.238789
0.441079 0.182901
0.799857 0.685757
0.98472 0.719211
0.0619404 0.899542
0.51045 0.235715
0.240278 0.526525
0.730984 0.349846
0.619496 0.835119
0.715959 0.291391
0.557987 0.648498
0.553606 0.599504
0.49429 0.121077
0.917606 0.424017
0.873685 0.684959
0.265812 0.209278
0.923655 0.705882
0.39201 0.722644
0.392364 0.380418
0.441212 0.45876
0.292763 0.954527
0.696832 0.536216
0.481437 0.425921
0.88802 0.101678
0.259475 0.60001
0.393129 0.819489
0.249936 0.946521
0.422046 0.743716
0.0519475 0.344612
0.166464 0.936074
0.116228 0.433948
0.14725 0.945987
0.13326 0.536476
0.675129 0.536123
0.924467 0.11774
0.995985 0.215095
0.0709279 0.688769
0.751931 0.55123
0.118841 0.636826
0.652535 0.380439
0.239674 0.0453781
0.194786 0.490238
0.989853 0.619982
0.238324 0.057624
0.959229 0.407587
0.996681 1
0.843407 0.149664
0.938904 0.98466
0.692743 0.613408
0.519437 0.616492
0.730506 0.514078
0.833675 0.798255
0.202559 0.581268
0.350845 0.322106
0.217669 0.00360817
0.701699 0.461526
0.0428023 0.888966
0.953142 0.0414648
0.522497 0.190414
0.0872862 0.47671
0.598286 0.0974536
0.468056 0.440578
0.246046 0.407409
0.424823 0.941996
0.0247428 0.939893
0.557266 0.750045
0.457531 0.390031
0.54824 0.662992
0.970597 0.901438
0.985168 0.192816
0.902897 0.685537
0.651297 0.952653
0.587862 0.609729
0.996721 0.109437
0.800522 0.0951442
0.592536 0.397709
0.194547 0.06186
0.839499 0.442362
0.470142 0.263781
0.382616 0.489444
0.206551 0.938657
0.238379 0.664562
0.330969 0.789275
0.328531 0.303621
0.690089 0.313932
0.496379 0.592719
0.999325 0.151871
0.546297 0.586986
0.761194 0.541641
0.697689 0.560989
0.637152 0.289726
0.957875 0.831818
0.352753 0.797765
0.27516 0.821157
0.0633538 0.654991
0.311654 0.268949
0.599708 0.551653
0.933222 0.931045
0.339751 0.264329
0.233063 0.0291746
0.5767 0.72956
0.62341 0.577733
0.880974 0.17153
0.163279 0.63943
0.711113 0.860955
0.1982 0.348172
0.150299 0.16354
0.171773 0.497845
0.955083 0.453746
0.321469 0.0151259
0.112774 0.63148
0.283843 0.711959
0.182591 0.22148
0.640486 0.524683
0.4843 0.873336
0.554522 0.0568105
0.601619 0.175869
0.637736 0.48228
0.345521 0.80078
0.122748 0.0596898
0.662536 0.325505
0.40442 0.813161
0.484489 0.581519
0.313765 0.440488
0.0434868 0.631748
0.456559 0.146756
0.272835 0.741215
0.857658 0.45795
0.9602 0.498792
0.981466 0.445183
0.370412 0.536127
0.506478 0.973533
0.712387 0.142988
0.457131 0.0596009
0.943036 0.57972
0.115916 0.604687
0.904941 0.518695
0.418532 0.390027
0.100175 0.734944
0.830369 0.137507
0.37517 0.286702
0.281042 0.646767
0.0277738 0.147562
0.104103 0.977828
0.638205 0.0876986
0.433221 0.011697
0.623876 0.938448
0.982501 0.337061
0.106599 0.444749
0.392873 0.0247047
0.124991 0.515994
0.629286 0.929412
0.0253738 0.0573234
0.320246 0.126729
0.785086 0.150572
0.263206 0.1609
0.435073 0.546847
0.807803 0.465153
0.688698 0.913438
0.454025 0.329743
0 0.848421
0.337205 0.622956
0.826489 0.32588
0.95954 0.906448
0.76721 0.354203
0.931568 0.790429
0.863625 0.56153
0.72064 0.889541
0.612275 0.0388562
0.118828 0.392143
0.187923 0.28329
0.557607 0.628814
0.826646 0.364544
0.0787707 0.511671
0.27398 0.547734
0.847264 0.277967
0.435258 0.18583
0.902921 0.263676
0.510797 0.861631
0.166554 0.281545
0.216633 0.100366
0.068557 0.0863493
0.661849 0.791716
0.968938 0.274641
0.83068 0.984338
0.67138 0.0222663
0.267832 0.227996
0.648705 0.0977986
0.592514 0.744864
0.613478 0.868606
0.291161 0.461291
0.14622 0.730291
0.6474 0.0477606
0.991374 0.158701
0.911 0.163532
0.437632 0.127121
0.26008 0.504765
0.205378 0.922906
0.297119 0.176433
0.199724 0.128475
0.164252 0.868445
0.138632 0.427976
0.0977797 0.799155
0.527731 0.690847
0.543536 0.140778
0.560325 0.838271
0.602821 0.706918
0.56794 0.250153
0.75497 0.560985
0.407764 0.663722
0.722905 0.845748
0.792946 0.984495
0.354271 0.999407
0.91084 0.648535
0.173683 0.1162
0.778084 0.338987
0.978884 0.928115
0.770331 0.0786242
0.728403 0.298623
0.767016 0.271774
0.439441 0.330415
0.108239 0.0484703
0.0384814 0.67146
0.293676 0.790306
0.237551 0.70391
0.455999 0.960511
0.550872 0.247524
0.947342 0.904252
0.246415 0.857284
0.554036 0.421568
0.965177 0.332668
0.760086 0.945908
0.255849 0.527276
0.0246521 0.983363
0.830452 0.793937
0.259669 0.26794
0.114069 0.365658
0.311796 0.160108
0.0520143 0.595874
0.950302 0.284038
0.309591 0.406211
0.24571 0.86004
0.652011 0.193466
0.765886 0.898443
0.0578349 0.319283
0.317942 0.0187182
0.649781 0.0796598
0.965793 0.912257
0.609783 0.994795
0.897719 0.437114
0.788828 0.156118
0.704163 0.913388
0.524917 0.0168395
0.086672 0.560904
0.623635 0.0221317
0.856441 0.93212
0.427357 0.101801
0.792524 0.0822844
0.292895 0.555327
0.980004 0.347684
0.873105 0.302628
0.365245 0.52613
0.380461 0.335122
0.437778 0.989638
0.327221 0.332886
0.426475 0.114407
0.490486 0.12985
0.0547787 0.0237633
0.144048 0.105316
0.586618 0.768817
0.109385 0.434655
0.70139 0.553531
0.544515 0.493472
0.633771 0.839748
0.0472698 0.602999
0.185811 0.921835
0.917344 0.554276
0.449917 0.298312
0.890057 0.8875
0.286233 0.217314
0.222177 0.710509
0.333653 0.715744
0.841756 0.360478
0.731077 0.988887
0.459508 0.317571
0.758036 0.5841
0.760433 0.458504
0.130618 0.307666
0.951668 0.770389
0.140535 0.00898097
0.386944 0.33389
0.924676 0.304882
0.889307 0.378005
0.601936 0.778686
0.267583 0.888458
0.996063 0.488847
0.600517 0.328141
0.198004 0.442812
0.68881 0.933486
0.431854 0.149731
0.250188 0.190021
0.674756 0.018345
0.648668 0.870515
0.314779 0.599657
0.641461 0.460879
0.60523 0.0258064
0.797109 0.530143
0.332449 0.687049
0.90816 0.932771
0.463402 0.175152
0.821929 0.459989
0.664754 0.421115
0.79045 0.867946
0.865298 0.479567
0.800793 0.297394
0.629736 0.0499615
0.486384 0.364243
0.0598149 0.143199
0.231888 0.37732
0.737863 0.875136
0.839506 0.34097
0.903178 0.634716
0.872429 0.236966
0.322239 0.781417
0.171248 0.783697
0.957662 0.991094
0.246364 0.619987
0.411737 0.0351807
0.488864 0.276501
0.513828 0.291056
0.5718 0.143082
0.338721 0.0591118
0.505959 0.401102
0.195936 0.740218
0.780538 0.931648
0.616458 0.620127
0.269974 0.517477
0.255676 0.145837
0.754215 0.577751
0.92593 0.924508
0.364325 0.885036
0.913505 0.608159
0.504234 0.325301
0.645522 0.993676
0.601341 0.159142
0.282458 0.174297
0.300596 0.620822
0.235289 0.809106
0.117399 0.427811
0.549503 0.803355
0.361877 0.16538
0.420514 0.635221
0.684112 0.678581
0.780441 0.436278
0.253782 0.708031
0.359388 0.618457
0.592635 0.274538
0.228183 0.0973335
0.600876 0.874245
0.0879705 0.206986
0.098968 0.367942
0.37609 0.33522
0.995657 0.610186
0.143624 0.0281056
0.0407366 0.689455
0.824676 0.402242
0.860465 0.249726
0.0969802 0.547585
0.927519 0.819621
0.981514 0.181002
0.530941 0.343073
0.800072 0.120623
0.620637 0.0272665
0.217924 0.219066
0.900203 0.314309
0.420758 0.936339
0.68486 0.797938
0.270291 0.680121
0.4091 0.417061
0.701914 0.447516
0.0965415 0.522475
0.851299 0.972195
0.776552 0.890216
0.514264 0.700753
0.710915 0.498788
0.883043 0.240145
0.841229 0.682194
0.359113 0.461165
0.712229 0.579541
0.679335 0.615293
0.888173 0.098858
0.549161 0.571985
0.89661 0.820597
0.253551 0.306039
0.234541 0.953302
0.75188 0.348543
0.482589 0.602078
0.321011 0.258348
0.491553 0.835999
0.960795 0.203037
0.33565 0.84433
0.44085 0.176305
0.525495 0.801414
0.634686 0.237507
0.381428 0.313832
0.851914 0.270873
0.412029 0.400959
0.842619 0.309175
0.222312 0.0942522
0.612835 0.460441
0.0768599 0.363421
0.809587 0.533372
0.965978 0.130159
0.790934 0.45855
0.968312 0.749279
0.663381 0.304207
0.593307 0.103064
0.478998 0.119087
0.906344 0.11691
0.356914 0.286892
0.428075 0.208017
0.556974 0.841698
0.609754 0.398693
0.152068 0.828228
0.493795 0.763237
0.289155 0.541038
0.125809 0.107079
0.0720691 0.101931
0.233037 0.86501
0.5534 0.198617
0.614208 0.21747
0.502428 0.208486
0.323118 0.98415
0.327559 0.229305
0.0989401 0.683779
0.515542 0.527865
0.892522 0.0729118
0.36761 0.501442
0.469542 0.522565
0.332768 0.964542
0.281235 0.622282
0.505559 0.411723
0.726212 0.581009
0.509676 0.955874
0.445894 0.0641517
0.15589 0.0672007
0.279323 0.66034
0.268954 0.600335
0.643435 0.59901
0.82983 0.739693
0.280086 0.345848
0.265999 0.174032
0.417695 0.635431
0.67519 0.890589
0.152202 0.0116081
0.854708 0.440551
0.630671 0.360895
0.852537 0.355364
0.939141 0.362178
0.31188 0.386631
0.422982 0.470145
0.449242 0.704478
0.131601 0.718827
0.307536 0.774874
0.317099 0.139311
0.51388 0.598787
0.48628 0.78069
0.774084 0.905617
0.416563 0.446721
0.796526 0.574797
0.453391 0.649479
0.0159007 0.0890504
0.00945123 0.832288
0.439307 0.952896
0.232287 0.754556
0.33621 0.654876
0.224756 0.788616
0.36113 0.356339
0.508355 0.668465
0.13132 0.823566
0.807781 0.646028
0.42505 0.29454
0.425848 0.197649
0.201987 0.843779
0.645489 0.997485
0.417554 0.0975124
0.648532 0.434725
0.181227 0.657174
0.30398 0.620138
0.612916 0.54063
0.375585 0.952952
0.192726 0.598787
0.741173 0.556355
0.957919 0.249571
0.226814 0.0876692
0.0736015 0.0399712
0.733888 0.501555
0.3294 0.159607
0.699698 0.530483
0.108623 0.329567
0.526438 0.42402
0.439635 0.175755
0.859221 0.62039
0.836655 0.16758
0.239435 0.447232
0.705927 0.619246
0.400921 0.899941
0.218122 0.141546
0.455394 0.174098
0.389477 0.681832
0.260625 0.465121
0.716855 0.994273
0.966964 0.0443826
0.155354 0.665806
0.575024 0.15851
0.00769727 0.108321
0.583302 0.448626
0.275404 0.44375
0.0693051 0.119587
0.611099 0.314613
0.562293 0.313282
0.933536 0.962262
0.213036 0.152836
0.102259 0.669483
0.325914 0.491269
0.350272 0.589387
0.957077 0.0677336
0.584229 0.925269
0.113761 0.739549
0.590728 0.689771
0.900734 0.598819
0.791738 0.482322
0.0479182 0.0759516
0.927726 0.120124
0.176839 0.530134
0.434822 0.742634
0.849465 0.36693
0.703102 0.0643478
0.518771 0.806996
0.735325 0.846969
0.298528 0.0877063
0.438336 0.257075
0.152293 0.0258927
0.177684 0.271235
0.762233 0.772411
0.960387 0.661783
0.37118 0.750593
0.136935 0.415444
0.81881 0.0715601
0.537828 0.00341681
0.608571 0.973017
0.748027 0.458483
0.337516 0.454632
0.523824 0.858722
0.261941 0.257214
0.70562 0.5616
0.344672 0.140564
0.817248 0.501257
0.160845 0.992099
0.772717 0.92458
0.769833 0.730799
0.586887 0.139935
0.481966 0.734067
0.559219 0.302249
0.806182 0.0985326
0.304076 0.414257
0.0699112 0.059079
0.874506 0.410195
0.506039 0.397401
0.268976 0.768132
0.654695 0.971985
0.327876 0.000207017
0.112097 0.150886
0.502489 0.277803
0.141231 0.276034
0.201696 0.911518
0.0195066 0.792433
0.106748 0.486727
0.523539 0.614276
0.784858 0.330152
0.712356 0.0897398
0.745591 0.785321
0.142086 0.617065
0.193312 0.645645
0.126548 0.462431
0.415765 0.67225
0.435671 0.74343
0.674677 0.550779
0.891946 0.178656
0.825721 0.0334823
0.450122 0.0304584
0.948029 0.454291
0.819744 0.00295944
0.935187 0.344574
0.618105 0.722129
0.674344 0.331867
0.811192 0.419973
0.112446 0.944449
0.0665728 0.304487
0.602926 0.0530938
0.769985 0.0189369
0.72749 0.205059
0.763734 0.400894
0.754425 0.658719
0.579077 0.581824
0.691262 0.0286776
0.608984 0.640566
0.480946 0.429797
0.642748 0.417868
0.772695 0.260963
0.128584 0.443571
0.591591 0.953616
0.867217 0.70545
0.906793 0.905211
0.132933 0.518688
0.961752 0.784619
0.528346 0.688486
0.989323 0.295347
0.0910043 0.745041
0.951062 0.670183
0.324257 0.640835
0.697683 0.93943
0.282351 0.181323
0.369937 0.927155
0.600535 0.141928
0.185769 0.741127
0.590498 0.7764
0.694145 0.457377
0.483076 0.600601
0.361584 0.499252
0.10543 0.326598
0.283312 0.637888
0.0387716 0.241272
0.935056 0.104821
0.0159741 0.852762
0.774237 0.348157
0.528418 0.47302
0.286668 0.811008
0.65357 0.653494
0.735363 0.254465
0.797869 0.922504
0.996355 0.389538
0.698817 0.692417
0.844114 0.184749
0.292245 0.207311
0.680805 0.401031
0.531357 0.965551
0.0933858 0.544842
0.238879 0.975671
0.64663 0.261832
0.862275 0.421081
0.610177 0.390497
0.895991 0.895604
0.1973 0.545426
0.55136 0.939013
0.80364 0.346721
0.862872 0.799516
0.734636 0.559819
0.491107 0.578228
0.743391 0.783375
0.785011 0.42266
0.182367 0.321445
0.390247 0.226587
0.860279 0.63084
0.199244 0.505895
0.894338 0.0662589
0.928191 0.505331
0.456116 0.824139
0.398563 0.657695
0.372621 0.953755
0.596634 0.176399
0.295031 0.457068
0.976211 0.0308787
0.125729 0.469134
0.610425 0.760613
0.247537 0.398079
0.178658 0.433502
0.714328 0.57728
0.662667 0.575123
0.209142 0.865148
0.0806076 0.11035
0.929539 0.0121832
0.608329 0.388933
0.836432 0.00817997
0.0443265 0.217905
0.960824 0.64399
0.388105 0.258068
0.0921447 0.361885
0.290594 0.118955
0.832631 0.900446
0.881434 0.0823682
0.298242 0.0661985
0.518091 0.0121533
0.641094 0.180337
0.586224 0.850784
0.048635 0.664205
0.955595 0.978177
0.680874 0.564178
0.365273 0.516901
0.571078 0.414346
0.727842 0.530624
0.0572326 0.121204
0.788097 0.160524
0.483128 0.0800757
0.281339 0.314681
0.97923 0.161921
0.397499 0.278415
0.227279 0.914138
0.292079 0.872146
0.0914718 0.869547
0.72189 0.141062
0.545027 0.676201
0.117175 0.230231
0.235757 0.485369
0.743429 0.811055
0.902541 0.46951
0.341453 0.960727
0.586197 0.129935
0.118956 0.0716148
0.20598 0.399931
0.381612 0.190815
0.562164 0.777426
0.468757 0.789805
0.693691 0.76125
0.661419 0.790216
0.638292 0.3832
0.931872 0.18752
0.0597769 0.0572217
0.411351 0.298367
0.534814 0.151847
0.093803 0.426088
0.623137 0.449438
0.396476 0.209171
0.579003 0.518566
0.277079 0.789616
0.91806 0.657421
0.979785 0.482609
0.436246 0.449422
0.273057 0.130791
0.209748 0.933785
0.920959 0.848191
0.319588 0.850296
0.100164 0.370919
0.89974 0.444139
0.677776 0.435995
0.595939 0.786644
0.872631 0.221724
0.236193 0.270248
0.430575 0.815755
0.786229 0.705944
0.607109 0.705433
0.362368 0.586868
0.188764 0.80037
0.103884 0.458153
0.932908 0.24786
0.394545 0.851118
0.0979159 0.712809
0.70066 0.131885
0.0956297 0.594867
0.57408 0.769796
0.0348934 0.17687
0.555174 0.911504
0.391722 0.792583
0.182499 0.820024
0.61006 0.968742
0.526813 0.217184
0.673523 0.891713
0.80654 0.858631
0.69243 0.844009
0.316095 0.622126
0.0923029 0.712269
0.474027 0.190962
0.426339 0.176122
0.321036 0.518247
0.779258 0.896808
0.288719 0.816017
0.0722946 0.834464
0.726136 0.458621
0.636757 0.907371
0.279213 0.246882
0.877841 0.805701
0.461375 0.549304
0.696538 0.270249
0.407057 0.390052
0.113085 0.72568
0.0108064 0.211003
0.437983 0.489243
0.397336 0.866978
0.665184 0.719262
0.385621 0.444533
0.61521 0.673829
0.258464 0.681574
0.516918 0.986123
0.142132 0.160265
0.89384 0.423322
0.403865 0.769306
0.229556 0.867187
0.318768 0.927602
0.13734 0.725172
0.316813 0.25082
0.451587 0.332317
0.456943 0.893663
0.822798 0.852338
0.760658 0.485748
0.571423 0.14485
0.931125 0.189969
0.820406 0.189939
0.869867 0.337919
0.171546 0.0140481
0.496033 0.0710142
0.435255 0.896866
0.839352 0.664107
0.762345 0.157295
0.588492 0.901761
0.884689 0.906961
0.145622 0.339295
0.238405 0.605351
0.230105 0.0592029
0.461633 0.989991
0.548101 0.0310667
0.124325 0.472388
0.21739 0.954304
0.663848 0.0901694
0.29356 0.842544
0.100562 0.787156
0.910155 0.53764
0.680927 0.752327
0.195978 0.444408
0.907775 0.791668
0.345294 0.791968
0.700093 0.495919
0.124899 0.930107
0.0937952 0.354641
0.998263 0.565471
0.345416 0.544316
0.597263 0.484958
0.0241327 0.818573
0.43883 0.684533
0.906627 0.73213
0.526191 0.00936768
0.518684 0.437691
0.547007 0.201522
0.188472 0.748694
0.646325 0.0957717
0.540377 0.990765
0.888021 0.243286
0.487098 0.0172212
0.179156 0.592524
0.374735 0.178529
0.155909 0.721738
0.724007 0.753364
0.207581 0.745347
0.569259 0.647318
0.42942 0.474683
0.380747 0.958739
0.486624 0.898873
0.394711 0.0327994
0.108295 0.580464
0.782046 0.747558
0.679517 0.324238
0.740332 0.567793
0.563789 0.227612
0.58445 0.746373
0.820984 0.956865
0.926306 0.978342
0.680768 0.650901
0.729165 0.887644
0.395273 0.299263
0.534571 0.826188
0.77704 0.913015
0.782101 0.258644
0.813414 0.179164
0.294772 0.915304
0.763081 0.0768726
0.661056 0.442153
0.398685 0.401292
0.011599 0.958911
0.630853 0.595472
0.710128 0.450236
0.553136 0.636647
0.426987 0.233284
0.286417 0.156727
0.121431 0.680606
0.455096 0.653923
0.507576 0.228936
0.568028 0.290805
0.490489 0.382622
0.470281 0.783408
0.295728 0.234139
0.859974 0.958146
0.676276 0.260139
0.357548 0.688133
0.221395 0.987452
0.283329 0.93633
0.438741 0.835574
0.570786 0.865744
0.0689037 0.848142
0.0190665 0.195779
0.538981 0.477856
0.84543 0.046419
0.705891 0.412986
0.338699 0.197554
0.797399 0.809112
0.982107 0.089788
0.0492065 0.825562
0.0488536 0.715455
0.0893648 0.397348
0.407994 0.32398
0.393455 0.690132
0.260543 0.834241
0.526391 0.830604
0.701363 0.597179
0.687918 0.722878
0.784275 0.227319
0.196837 0.628044
0.274886 0.90511
0.0513674 0.602919
0.101296 0.835926
0.420193 0.0837452
0.930219 0.465241
0.926652 0.980161
0.180788 0.026869
0.383836 0.59142
0.350984 0.781706
0.280581 0.609343
0.614134 0.809011
0.44048 0.31555
0.403612 0.130945
0.0319659 0.196346
0.356855 0.232942
0.820022 0.631596
0.13707 0.861675
0.243279 0.238453
0.704781 0.665169
0.319177 0.633002
0.1253 0.250433
0.613619 0.310678
0.270507 0.99699
0.903113 0.622761
0.781133 0.18594
0.23387 0.395369
0.993859 0.696655
0.709295 0.399004
0.807087 0.744687
0.588984 0.164573
0.97688 0.411664
0.79749 0.113725
0.274871 0.0429468
0.35259 0.980155
0.705429 0.673925
0.612917 0.833961
0.919757 0.227198
0.142617 0.194248
0.225699 0.0481729
0.81628 0.00659691
0.233996 0.0520214
0.401938 0.230188
0.729292 0.11178
0.630719 0.539351
0.855311 0.222448
0.704284 0.834048
0.628585 0.501265
0.94709 0.90471
0.54228 0.30096
0.883092 0.24956
0.97268 0.496819
0.0776121 0.881103
0.722545 0.227797
0.0791107 0.940184
0.277033 0.901998
0.95624 0.51124
0.95047 0.35934
0.73977 0.682571
0.46993 0.371365
0.217818 0.329508
0.588934 0.924583
0.158927 0.223293
0.423788 0.108555
0.122077 0.957325
0.407682 0.00784135
0.213026 0.380535
0.503017 0.298007
0.272148 0.22841
0.526334 0.355425
0.180963 0.799624
0.25467 0.135297
0.313111 0.208943
0.49543 0.0542174
0.89118 0.965659
0.423428 0.109676
0.290428 0.0160816
0.111713 0.452866
0.231571 0.456863
0.561141 0.357603
0.425916 0.969828
0.362167 0.641712
0.350006 0.871094
0.939325 0.619195
0.0819672 0.454034
0.976454 0.27869
0.265432 0.232075
0.410807 0.576519
0.441649 0.907564
0.631436 0.32968
0.871932 0.056246
0.440099 0.162479
0.102714 0.469977
0.616512 0.30393
0.933259 0.180682
0.6632 0.357037
0.144622 0.0347206
0.999482 0.496619
0.899072 0.938447
0.115028 0.988558
0.401245 0.0938834
0.274505 0.665731
0.325788 0.690684
0.245548 0.766824
0.596037 0.87744
0.0802285 0.457347
0.931565 0.535501
0.633774 0.00127343
0.0127422 0.232611
0.308237 0.943688
0.425545 0.972636
0.295232 0.569411
0.996718 0.299456
0.0613172 0.888511
0.234097 0.184593
0.897302 0.636549
0.277747 0.173623
0.303672 0.602568
0.862697 0.55093
0.369947 0.45945
0.427777 0.465804
0.925275 0.360619
0.115437 0.577879
0.361246 0.012226
0.805255 0.66896
0.956656 0.229746
0.638639 0.254689
0.800372 0.63894
0.552263 0.867012
0.536747 0.788733
0.0906121 0.431894
0.425763 0.331547
0.608646 0.732749
0.932071 0.473565
0.283608 0.304185
0.930893 0.711169
0.771588 0.859405
0.069313 0.772051
0.416276 0.43329
0.788979 0.222505
0.102323 0.743076
0.452856 0.740833
0.998191 0.252627
0.379258 0.550586
0.116607 0.909952
0.340193 0.172272
0.353835 0.767028
0.50429 0.962658
0.498681 0.437245
0.435587 0.781501
0.742069 0.365322
0.492762 0.512738
0.220644 0.564302
0.285193 0.640318
0.997645 0.0745196
0.864118 0.100261
0.819101 0.317236
0.844022 0.816944
0.56803 0.221995
0.367179 0.690135
0.141 0.708871
0.863242 0.495867
0.475303 0.367394
0.459174 0.974348
0.804445 0.892829
0.757589 0.544056
0.259343 0.251457
0.10426 0.486481
0.816438 0.343751
0.126298 0.811962
0.420833 0.990221
0.916275 0.240114
0.304192 0.758086
0.0529086 0.86172
0.980791 0.427692
0.565211 0.121355
0.124887 0.4245
0.619609 0.610321
0.79597 0.0770435
0.584915 0.599473
0.967357 0.343473
0.141541 0.233612
0.592787 0.200375
0.711943 0.410881
0.545934 0.83668
0.222258 0.964379
0.826955 0.141954
0.204476 0.133166
0.900232 0.264305
0.00298944 0.841232
0.689637 0.573771
0.012197 0.82455
0.0802377 0.631146
0.434939 0.796251
0.698937 0.0198589
0.395275 0.66635
0.361715 0.54049
0.89789 0.958404
0.742707 0.610177
0.369985 0.287233
0.446835 0.595812
0.252674 0.275229
0.736707 0.455247
0.405079 0.63632
0.718382 0.413876
0.515512 0.407307
0.988267 0.518502
0.229048 0.988577
0.140745 0.666044
0.787742 0.839296
0.687238 0.182152
0.508183 0.0494733
0.722679 0.403491
0.134775 0.465342
0.116706 0.369632
0.750117 0.460334
0.972646 0.0027047
0.737994 0.709532
0.459275 0.144005
0.344491 0.177637
0.557777 0.86183
0.585702 0.546344
0.38157 0.817415
0.534726 0.522026
0.483003 0.322435
0.359633 0.172064
0.50487 0.867393
0.220834 0.228563
0.271658 0.229209
0.690357 0.287154
0.605665 0.443122
0.747689 0.5792
0.442117 0.483731
0.287736 0.905616
0.627555 0.634454
0.0790976 0.191739
0.494743 0.666221
0.730833 0.875954
0.48353 0.267165
0.39864 0.970077
0.587663 0.757746
0.136967 0.0983237
0.626056 0.360328
0.321257 0.898274
0.592539 0.00981082
0.17881 0.198222
0.455382 0.929835
0.77723 0.89987
0.413915 0.0653365
0.803301 0.0424568
0.697074 0.884398
0.226649 0.193147
0.55219 0.958421
0.066871 0.0422641
0.221093 0.463638
0.00506328 0.813627
0.223813 0.143814
0.906375 0.849875
0.503196 0.225775
0.746649 0.0930978
0.237223 0.9296
0.289089 0.693264
0.860286 0.0648435
0.59165 0.274594
0.121101 0.39195
0.316154 0.827116
0.278654 0.54222
0.0311609 0.804914
0.500833 0.0886732
0.868181 0.724556
0.55199 0.872186
0.537678 0.776362
0.127469 0.441338
0.625895 0.52069
0.668036 0.372975
0.613221 0.907667
0.303683 0.904982
0.600786 0.163117
0.971807 0.194203
0.437141 0.0994012
0.590072 0.7536
0.926638 0.871558
0.296831 0.945764
0.70483 0.796752
0.0839646 0.57409
0.522082 0.582969
0.445019 0.0625615
0.358949 0.461818
0.503188 0.984849
0.980739 0.172365
0.356715 0.593507
0.0816457 0.662238
0.497657 0.680454
0.828092 0.46837
0.875425 0.266161
0.568217 0.465952
0.130965 0.500571
0.337348 0.314358
0.438781 0.0426795
0.103102 0.457583
0.613561 0.634547
0.0516433 0.0673721
0.693696 0.409583
0.521565 0.197346
0.396857 0.502693
0.370615 0.75657
0.0830767 0.442133
0.416908 0.594334
0.128072 0.250624
0.0540731 0.0138919
0.511832 0.632362
0.469653 0.53168
0.128138 0.804723
0.844284 0.565284
0.849612 0.956035
0.108103 0.460692
0.588906 0.0854329
0.52394 0.287347
0.498506 0.0444401
0.483319 0.896665
0.546441 0.852046
0.652035 0.643678
0.303398 0.0719037
0.235064 0.433231
0.318583 0.302063
0.439925 0.829006
0.934374 0.911353
0.358462 0.0605376
0.716719 0.203065
0.626336 0.566917
0.159818 0.659888
0.0282486 0.745026
0.747603 0.553168
0.0316592 0.25008
0.597278 0.516435
0.137977 0.149829
0.368846 0.791676
0.787213 0.672787
0.863454 0.0270024
0.103002 0.187187
0.32663 0.545927
0.0267137 0.223239
0.455206 0.372811
0.324283 0.172031
0.575171 0.950236
0.738842 0.735682
0.61031 0.768833
0.483381 0.357074
0.319849 0.516281
0.600285 0.92012
0.0323263 0.737139
0.0740754 0.398923
0.533122 0.851879
0.0653982 0.393977
0.879915 0.1792
0.577702 0.208663
0.7246 0.590576
0.471377 0.178153
0.962044 0.796427
0.350521 0.535795
0.745228 0.090536
0.270096 0.355471
0.858935 0.752936
0.712446 0.180248
0.271194 0.314656
0.0950402 0.305424
0.0533226 0.170232
0.705811 0.590021
0.016333 0.775153
0.984118 0.897527
0.953273 0.564136
0.106697 0.677209
0.154034 0.572723
0.855792 0.11421
0.373139 0.208875
0.650052 0.12091
0.30031 0.922665
0.476197 0.158394
0.674302 0.188872
0.339916 0.947229
0.50343 0.439342
0.24614 0.557846
0.604262 0.954772
0.149908 0.616777
0.729169 0.134124
0.515937 0.685368
0.697959 0.621903
0.363979 0.851785
0.197535 0.222647
0.966648 0.5719
0.427806 0.616308
0.69162 0.732112
0.537897 0.168037
0.887664 0.21599
0.358983 0.229413
0.160241 0.86124
0.668428 0.409148
0.423815 0.271567
0.36245 0.56991
0.891912 0.0947331
0.703544 0.407381
0.77853 0.40024
0.0275795 0.150015
0.25321 0.228159
0.36379 0.219339
0.802216 0.79369
0.838643 0.493394
0.523629 0.376591
0.662941 0.411003
0.591037 0.018775
0.641446 0.750083
0.882892 0.310763
0.154488 0.308975
0.580905 0.524183
0.87689 0.471847
0.618597 0.58179
0.880861 0.398323
0.980739 0.90967
0.54039 0.237434
0.13433 0.901504
0.456235 0.938239
0.70028 0.293104
0.431774 0.223597
0.667804 0.0932765
0.634206 0.258841
0.11162 0.28073
0.072295 0.0422924
0.584858 0.167673
0.306378 0.165131
0.690803 0.183856
0.637689 0.309748
0.766042 0.517372
0.706651 0.748938
0.426867 0.249751
0.984219 0.563133
0.144629 0.436917
0.500306 0.856221
0.734276 0.930493
0.0602745 0.392459
0.0259987 0.710357
0.661674 0.14008
0.99824 0.690872
0.143423 0.574052
0.837594 0.446403
0.745273 0.529736
0.631439 0.381146
0.838424 0.396504
0.898 0.54714
0.139443 0.324771
0.798107 0.128972
0.886061 0.953548
0.569589 0.386247
0.808565 0.304835
0.318008 0.889779
0.705532 0.343361
0.604699 0.36864
0.483197 0.597217
0.0510034 0.616429
0.176459 0.873753
0.0647273 0.909447
0.404344 0.702448
0.299622 0.244236
0.0974722 0.201949
0.789552 0.245048
0.520296 0.587462
0.373814 0.406327
0.540264 0.943061
0.791641 0.348975
0.247471 0.109629
0.234159 0.953155
0.44973 0.842112
0.322899 0.934964
0.439907 0.360952
0.556905 0.615304
0.236329 0.626146
0.534359 0.641471
0.332525 0.834723
0.886874 0.432591
0.0339488 0.670529
0.678426 0.552445
0.264685 0.0521568
0.957292 0.803653
0.995263 0.75013
0.150867 0.247606
0.859426 0.389545
0.195517 0.31166
0.227229 0.518197
0.239844 0.669947
0.882315 0.797366
0.284713 0.117834
0.426495 0.819196
0.75948 0.759483
0.653671 0.6445
0.191544 0.682026
0.323076 0.868487
0.233602 0.584586
0.92021 0.195079
0.392234 0.916991
0.943748 0.542148
0.162082 0.798621
0.931631 0.358681
0.107926 0.171358
0.875682 0.351413
0.836766 0.757163
0.147134 0.127701
0.874715 0.575198
0.942072 0.632046
0.331904 0.593636
0.276102 0.522993
0.27714 0.600641
0.391449 0.515039
0.1861 0.315479
0.710487 0.581306
0.227331 0.650643
0.115818 0.381614
0.451991 0.060789
0.744393 0.562426
0.223748 0.619043
0.912299 0.060736
0.377154 0.0610865
0.182093 0.255852
0.635679 0.123883
0.888844 0.971915
0.720061 0.166658
0.494835 0.998339
0.77068 0.887846
0.515723 0.958086
0.197996 0.225918
0.537904 0.427322
0.875962 0.660039
0.813625 0.330308
0.721851 0.5579
0.892162 0.946402
0.180034 0.802219
0.11431 0.575125
0.864708 0.190833
0.811167 0.50177
0.311929 0.699856
0.473284 0.0356241
0.866341 0.968601
0.0440817 0.627665
0.856195 0.547655
0.593545 0.0522667
0.772686 0.131455
0.483081 0.648251
0.794131 0.298117
0.978624 0.515876
0.856087 0.870481
0.461502 0.0348457
0.672553 0.466934
0.591677 0.538354
0.656081 0.399469
0.0392647 0.967828
0.0838305 0.504922
0.00365469 0.958261
0.479431 0.03778
0.601291 0.334747
0.581403 0.192693
0.390501 0.353379
0.325601 0.874033
0.00310579 0.126606
0.168204 0.974575
0.637618 0.0252547
0.849343 0.0967928
0.0924378 0.51833
0.564952 0.648652
0.0556403 0.226603
0.0461016 0.104311
0.18798 0.14753
0.609111 0.190656
0.108299 0.0933616
0.225376 0.708593
0.424384 0.807025
0.902901 0.814774
0.161077 0.231308
0.690084 0.164735
0.349881 0.862111
0.142011 0.97794
0.887808 0.995527
0.0783182 0.933605
0.517373 0.647101
0.591268 0.577247
0.866354 0.635433
0.67322 0.0554166
0.783987 0.281964
0.248221 0.892337
0.372107 0.47447
0.600592 0.797477
0.2796 0.504605
0.612498 0.444071
0.734308 0.303561
0.608244 0.0810441
0.164023 0.752478
0.0677742 0.056732
0.74934 0.149635
0.992858 0.266484
0.797371 0.586015
0.841886 0.663779
0.218308 0.515464
0.681503 0.0049529
0.802075 0.967882
0.899 0.176116
0.440517 0.500425
0.968337 0.72389
0.0972421 0.596467
0.168996 0.738611
0.889018 0.777001
0.823326 0.0504537
0.532129 0.891284
0.0963205 0.284995
0.040675 0.10105
0.547992 0.838549
0.681137 0.388582
0.503329 0.90465
0.90684 0.224996
0.908291 0.707459
0.19269 0.806808
0.881848 0.630206
0.30896 0.85451
0.356985 0.314888
0.437469 0.525131
0.055609 0.32687
0.304405 0.881256
0.376807 0.835445
0.770772 0.477222
0.118209 0.809329
0.572472 0.666257
0.649309 0.253473
0.0537794 0.160482
0.155572 0.956099
0.374955 0.064985
0.670882 0.56886
0.873276 0.552496
0.199862 0.183974
0.405632 0.557612
0.496454 0.844058
0.0961795 0.542957
0.165596 0.383705
0.429267 0.545172
0.221085 0.203219
0.0871372 0.329193
0.0834389 0.60373
0.00793843 0.655639
0.852574 0.057734
0.819122 0.00822001
0.0188224 0.201199
0.0744011 0.689366
0.764184 0.945501
0.241116 0.963081
0.130783 0.64855
0.521198 0.62609
0.494091 0.602706
0.177331 0.661871
0.988086 0.609183
0.209709 0.211843
0.811575 0.236746
0.549314 0.826112
0.832813 0.553023
0.489957 0.684664
0.613285 0.309414
0.693912 0.634036
0.506237 0.76814
0.324444 0.268844
0.715799 0.569078
0.232835 0.843899
0.217914 0.752658
0.46873 0.713714
0.352534 0.648119
0.37585 0.344929
0.256954 0.583921
0.555792 0.0657252
0.821804 0.10422
0.896311 0.654521
0.657376 0.387059
0.341249 0.269349
0.697997 0.0341554
0.903488 0.205078
0.802189 0.228658
0.473545 0.519393
0.795044 0.705508
0.360132 0.0118598
0.457749 0.83094
0.725163 0.814382
0.479854 0.100596
0.15952 0.737411
0.688624 0.717891
0.80916 0.51027
0.820401 0.706517
0.154445 0.471958
0.0774144 0.501412
0.748679 0.792972
0.540863 0.650778
0.993592 0.344343
0.877871 0.469332
0.860294 0.671735
0.171367 0.225253
0.687326 0.63162
0.0844028 0.409072
0.444578 0.532573
0.512581 0.605589
0.270816 0.200856
0.321016 0.0807134
0.711173 0.142287
0.786833 0.87732
0.619294 0.878213
0.384042 0.368921
0.66914 0.926399
0.0232828 0.658246
0.27063 0.898063
0.132841 0.136599
0.569978 0.307069
0.353582 0.25608
0.937508 0.40715
0.666968 0.382885
0.939415 0.180511
0.991871 0.209907
0.381352 0.310654
0.291193 0.0933289
0.453504 0.0776107
0.970187 0.0710574
0.952968 0.356125
0.438837 0.624427
0.278832 0.460257
0.289078 0.550081
0.356913 0.427841
0.680532 0.926882
0.694621 0.0375707
0.181887 0.67046
0.440911 0.849888
0.0855323 0.38127
0.0297567 0.0511448
0.591611 0.413071
0.356749 0.882823
0.504875 0.808929
0.959398 0.47652
0.881317 0.914346
0.831934 0.322269
0.541657 0.111796
0.783595 0.833281
0.664248 0.139195
0.258416 0.346151
0.068763 0.986629
0.382432 0.248025
0.666345 0.823306
0.0967927 0.720184
0.203366 0.129898
0.76726 0.797967
0.540905 0.120722
0.677443 0.0468523
0.93102 0.637377
0.523259 0.811838
0.553754 0.355613
0.133134 0.0994518
0.468022 0.917682
0.927199 0.134344
0.0541782 0.193634
0.480184 0.121878
0.181976 0.859468
0.370112 0.845021
0.683892 0.466602
0.565726 0.888481
0.596282 0.332163
0.683662 0.137063
0.45495 0.365105
0.179294 0.38565
0.00491498 0.700743
0.19396 0.551661
0.0523865 0.337092
0.650157 0.530782
0.248701 0.575909
0.663273 0.307914
0.764216 0.142014
0.429722 0.945397
0.00714145 0.799814
0.790252 0.688562
0.266283 0.357493
0.576566 0.863617
0.688625 0.261803
0 0.150421
0.623282 0.183674
0.530878 0.626267
0.889527 0.727845
0.179699 0.948535
0.070408 0.819827
0.482041 0.314982
0.408526 0.146699
0.621271 0.173607
0.288512 0.0519595
0.113686 0.295921
0.851286 0.91023
0.981175 0.118564
0.263867 0.554795
0.981699 0.956288
0.818893 0.979562
0.0866855 0.432613
0.164323 0.628819
0.0674037 0.0625843
0.359928 0.250301
0.131095 0.418168
0.0753786 0.48241
0.736755 0.489802
0.638492 0.358133
0.661927 0.928089
0.409753 0.781767
0.220201 0.262251
0.691836 0.199006
0.37953 0.959664
0.757686 0.360388
0.914377 0.572916
0.3419 0.0139555
0.13198 0.517386
0.643465 0.0843239
0.566373 0.00230725
0.332156 0.573697
0.426437 0.414339
0.0643705 0.169873
0.905336 0.704359
0.522967 0.568295
0.632543 0.930581
0.351559 0.854253
0.192909 0.0426841
0.0653077 0.563502
0.00175937 0.811661
0.935655 0.91609
0.385752 0.279772
0.927728 0.400191
0.787347 0.572969
0.485191 0.353413
0.576505 0.818952
0.924792 0.00422665
0.231298 0.992589
0.16542 0.144558
0.699667 0.690203
0.707236 0.334609
0.620318 0.0582386
0.18796 0.813457
0.0981117 0.245295
0.387312 0.101467
0.0586513 0.325849
0.126908 0.435243
0.603589 0.945005
0.838315 0.390661
0.515897 0.322663
0.743216 0.0931123
0.142204 0.670675
0.0848869 0.371313
0.663844 0.2637
0.517326 0.36384
0.954588 0.224637
0.698063 0.575198
0.285638 0.885462
0.386678 0.385711
0.121089 0.775127
0.487056 0.17635
0.0881228 0.497492
0.612813 0.705197
0.446883 0.450557
0.0946352 0.951657
0.774029 0.842202
0.0527803 0.903432
0.511486 0.155354
0.292365 0.17674
0.419631 0.808033
0.540823 0.372398
0.0304577 0.245802
0.942869 0.319507
0.117195 0.335651
0.70234 0.247102
0.108144 0.195882
0.42206 0.212665
0.693404 0.0356939
0.917084 0.141933
0.485734 0.0158345
0.102074 0.26385
0.855546 0.163922
0.170885 0.365456
0.315355 0.467005
0.543439 0.736498
0.274803 0.0847079
0.103551 0.312915
0.322135 0.0544643
0.625901 0.444274
0.387497 0.329336
0.69218 0.4985
0.520146 0.113244
0.711161 0.214486
0.15085 0.625953
0.352755 0.635734
0.642758 0.459193
0.895282 0.498411
0.62263 0.0705853
0.865719 0.94012
0.53695 0.40862
0.677709 0.813787
0.493315 0.785344
0.123916 0.812142
0.839176 0.748879
0.259603 0.228519
0.0739911 0.939989
0.72856 0.60132
0.106249 0.432596
0.812711 0.216576
0.0657749 0.17617
0.853297 0.711209
0.62956 0.748902
0.210025 0.254762
0.818862 0.0745505
0.190526 0.358234
0.483041 0.86968
0.169844 0.971218
0.654224 0.293148
0.792031 0.494315
0.0416131 0.0585284
0.72297 0.122208
0.140297 0.4491
0.718635 0.0679121
0.892257 0.535438
0.284468 0.963463
0.703143 0.137253
0.674129 0.334266
0.885025 0.883412
0.585414 0.704871
0.961311 0.77755
0.105452 0.430119
0.647259 0.234539
0.418371 0.302084
0.527344 0.209616
0.797737 0.571047
0.257243 0.519904
0.690037 0.263227
0.972968 0.41535
0.330608 0.865995
0.947085 0.613117
0.826504 0.651795
0.750787 0.500317
0.985224 0.635901
0.382898 0.570921
0.340383 0.34477
0.349791 0.404257
0.787935 0.996479
0.63585 0.206117
0.299259 0.16494
0.415137 0.0976748
0.733404 0.678209
0.618382 0.427605
0.939703 0.591162
0.840204 0.271798
0.456683 0.786955
0.886362 0.28544
0.437974 0.634462
0.783494 0.42391
0.270894 0.169401
0.996028 0.611433
0.513842 0.346802
0.0540302 0.277244
0.341055 0.651573
0.507224 0.645309
0.817378 0.922768
0.743554 0.553781
0.600797 0.360363
0.979724 0.541446
0.954268 0.819374
0.812836 0.409714
0.607317 0.69832
0.691161 0.046421
0.332257 0.478161
0.472195 0.60303
0.646612 0.468881
0.217547 0.15974
0.815808 0.233083
0.460239 0.160818
0.886167 0.967685
0.806539 0.703112
0.890286 0.549003
0.25324 0.489705
0.909372 0.238107
0.0312857 0.835997
0.0619358 0.830564
0.269796 0.66292
0.543581 0.964344
0.710754 0.875338
0.441602 0.183061
0.480749 0.0890756
0.65184 0.697397
0.245066 0.467135
0.928736 0.709104
0.628497 0.814732
0.675317 0.435029
0.519345 0.564864
0.984851 0.773631
0.0504721 0.882259
0.0103492 0.0929359
0.75435 0.0677417
0.931155 0.0256437
0.729971 0.473287
0.991074 0.4424
0.349573 0.433694
0.624048 0.82907
0.522375 0.280416
0.527738 0.770973
0.746193 0.457555
0.478694 0.376951
0.273262 0.155916
0.814492 0.790241
0.721237 0.796622
0.565011 0.77707
0.690318 0.578173
0.863977 0.444809
0.642821 0.793954
0.470697 0.37476
0.266086 0.460845
0.815189 0.617682
0.895464 0.440869
0.447375 0.418157
0.719814 0.975659
0.182285 0.462027
0.433451 0.666796
0.840082 0.709606
0.824364 0.65152
0.499882 0.544931
0.448597 0.0665819
0.320145 0.138498
0.639636 0.184671
0.582866 0.284584
0.979276 0.0533791
0.656978 0.247985
0.515355 0.474867
0.865761 0.411265
0.912708 0.317556
0.829453 0.630712
0.289886 0.0200263
0.094338 0.7246
0.686109 0.935705
0.430908 0.51216
0.587533 0.932664
0.0561068 0.0450029
0.995777 0.380131
0.175317 0.636081
0.562654 0.758867
0.92127 0.541774
0.81385 0.579626
0.789307 0.329776
0.0568557 0.651735
0.743368 0.965731
0.969092 0.570317
0.595595 0.25947
0.589525 0.693264
0.98527 0.277125
0.626963 0.417174
0.788172 0.216414
0.350392 0.846695
0.252592 0.346736
0.221241 0.42932
0.984966 0.786851
0.187954 0.903864
0.327664 0.00145757
0.485736 0.118203
0.32994 0.537018
0.774948 0.0733453
0.504291 0.744789
0.643602 0.101389
0.00170203 0.240206
0.794601 0.988545
0.511661 0.422563
0.407862 0.300054
0.638831 0.758092
0.145005 0.889195
0.0939506 0.367589
0.321009 0.0895541
0.148239 0.506533
0.993606 0.487056
0.512657 0.481047
0.605417 0.844313
0.115166 0.375044
0.917235 0.521274
0.12935 0.559806
0.623612 0.128475
0.796685 0.417428
0.114496 0.311778
0.840888 0.527307
0.609461 0.480597
0.283781 0.755321
0.371443 0.389486
0.126822 0.694505
0.47643 0.283027
0.199332 0.469097
0.770103 0.717948
0.949978 0.375141
0.562772 0.969157
0.755457 0.479973
0.491221 0.881534
0.0421027 0.118952
0.0245131 0.801322
0.531125 0.128899
0.142473 0.369386
0.655762 0.760468
0.853609 0.941973
0.51375 0.224143
0.326981 0.639327
0.919458 0.80586
0.923264 0.124785
0.276978 0.692386
0.841044 0.23055
0.0699255 0.400806
0.198184 0.822932
0.882935 0.687833
0.703441 0.928113
0.801814 0.715492
0.768549 0.33387
0.844079 0.918106
0.705944 0.502121
0.677265 0.55964
0.441018 0.191807
0.78445 0.772245
0.832282 0.70244
0.577314 0.75656
0.829225 0.85563
0.449234 0.667992
0.0678829 0.507821
0.0661174 0.288579
0.34167 0.959266
0.969896 0.0447652
0.885604 0.771488
0.759215 0.654942
0.108727 0.602122
0.570868 0.811218
0.104291 0.252037
0.368475 0.549407
0.439335 0.154027
0.321346 0.271814
0.856808 0.899176
0.0308971 0.677386
0.754522 0.477402
0.353819 0.840826
0.995872 0.428123
0.118212 0.337567
0.382674 0.0930604
0.381542 0.269032
0.864406 0.14156
0.923129 0.972369
0.746004 0.492496
0.784132 0.853436
0.740831 0.152521
0.402184 0.179498
0.306562 0.726264
0.451512 0.162948
0.623118 0.479839
0.846874 0.378712
0.960417 0.201146
0.214666 0.953281
0.627657 0.340994
0.289116 0.012009
0.432421 0.669296
0.279101 0.299392
0.812437 0.201507
0.267022 0.556221
0.692799 0.0522835
0.412388 0.436206
0.206498 0.813929
0.615322 0.512646
0.538837 0.0635495
0.674918 0.161666
0.548774 0.522163
0.541005 0.507465
0.722268 0.759981
0.460687 0.349927
0.100132 0.751314
0.357649 0.534442
0.42112 0.637347
0.831168 0.236933
0.839731 0.101709
0.793686 0.534459
0.152565 0.208148
0.967572 0.362443
0.086062 0.589984
0.873831 0.557578
0.653176 0.550836
0.720114 0.2009
0.0682013 0.266453
0.707139 0.793184
0.0186305 0.175012
0.1392 0.125007
0.919475 0.501811
0.654012 0.343245
0.128146 0.482766
0.578061 0.981463
0.589606 0.371297
0.515168 0.745519
0.578018 0.485778
0.110879 0.593346
0.0697423 0.971768
0.152579 0.721331
0.528572 0.871698
0.921836 0.598369
0.133783 0.629572
0.392668 0.151582
0.799987 0.535169
0.270628 0.71898
0.0385133 0.92004
0.0602462 0.18316
0.410569 0.640012
0.151063 0.00686643
0.015318 0.663546
0.747234 0.589279
0.15683 0.851046
0.183321 0.228048
0.833122 0.337661
0.945917 0.363322
0.209625 0.869354
0.960092 0.34237
0.501761 0.355161
0.492358 0.301147
0.891418 0.762982
0.0237437 0.922124
0.689073 0.0825796
0.100821 0.10759
0.721976 0.259995
0.104421 0.734633
0.932685 0.850549
0.324494 0.0896831
0.704977 0.509927
0.312753 0.538231
0.84654 0.263526
0.900381 0.0562227
0.133748 0.860453
0.395173 0.633564
0.218974 0.89051
0.934992 0.109264
0.652797 0.954368
0.0809301 0.341307
0.0369016 0.143646
0.450059 0.759392
0.397494 0.552078
0.495317 0.330519
0.404247 0.819509
0.417651 0.107906
0.328968 0.733722
0.644879 0.175111
0.996375 0.547236
0.230641 0.12945
0.40754 0.628869
0.763333 0.630011
0.518541 0.697654
0.738051 0.175267
0.653208 0.77416
0.5209 0.691261
0.912883 0.971596
0.450095 0.311387
0.523426 0.94742
0.638856 0.925168
0.767128 0.0592396
0.0322422 0.103602
0.79085 0.679696
0.272982 0.786542
0.222297 0.502143
0.916046 0.63432
0.133285 0.678447
0.262649 0.651096
0.376155 0.00370548
0.827605 0.0295028
0.776314 0.348936
0.718963 0.688362
0.31827 0.17179
0.997876 0.840026
0.120322 0.636701
0.76749 0.887034
0.69728 0.801376
0.984378 0.488323
0.479608 0.257395
0.27423 0.704389
0.760735 0.190519
0.340156 0.895183
0.868594 0.601455
0.547655 0.246865
0.605898 0.374103
0.274448 0.381853
0.72443 0.994715
0.0695515 0.0487281
0.169045 0.068966
0.882399 0.289768
0.706459 0.649452
0.169079 0.399914
0.447113 0.158697
0.889143 0.92539
0.414841 0.164148
0.62882 0.176421
0.354969 0.970836
0.0679866 0.229589
0.573565 0.617523
0.469984 0.180805
0.990844 0.746988
0.563195 0.7145
0.743894 0.634438
0.758379 0.912013
0.701497 0.640181
0.194918 0.406954
0.287173 0.374162
0.808766 0.735937
0.533911 0.697833
0.658584 0.950325
0.863359 0.291086
0.124558 0.222422
0.258766 0.19749
0.442214 0.832582
0.815622 0.913092
0.0149358 0.80859
0.660344 0.578975
0.521909 0.405011
0.209134 0.281653
0.317381 0.912824
0.918385 0.517988
0.320109 0.206779
0.892429 0.130567
0.941324 0.427007
0.827727 0.60254
0.375939 0.690394
0.890272 0.505324
0.909533 0.153882
0.702475 0.353629
0.985522 0.518445
0.263356 0.000433745
0.326009 0.926575
0.578317 0.849452
0.331224 0.789134
0.129378 0.64675
0.700064 0.0479068
0.16181 0.0250944
0.254256 0.0573876
0.147286 0.200645
0.484307 0.977116
0.80034 0.86292
0.670512 0.691962
0.367051 0.579734
0.841744 0.0712761
0.932725 0.826656
0.588504 0.197047
0.827594 0.915097
0.114828 0.400631
0.764174 0.453423
0.195962 0.891118
0.0979406 0.888821
0.939002 0.264453
0.918875 0.196924
0.323455 0.0703408
0.392753 0.807926
0.0461364 0.197977
0.670895 0.721534
0.880689 0.0409128
0.300373 0.723258
0.107872 0.237363
0.550222 0.699567
0.429845 0.378984
0.616526 0.555266
0.782626 0.378958
0.00692149 0.972014
0.271624 0.107116
0.873307 0.213897
0.373618 0.792115
0.405113 0.694779
0.864215 0.798873
0.504225 0.91248
0.989915 0.1752
0.63027 0.869866
0.21426 0.929302
0.595322 0.325868
0.162503 0.148396
0.073799 0.593586
0.523323 0.643259
0.142543 0.307518
0.0220295 0.159821
0.283645 0.29555
0.261239 0.157521
0.506857 0.634805
0.949572 0.913491
0.330821 0.811868
0.711303 0.833218
0.722966 0.703316
0.108531 0.343701
0.571029 0.223978
0.284889 0.166709
0.552342 0.450276
0.308122 0.57844
0.0510006 0.816937
0.221909 0.190219
0.136063 0.248737
0.343688 0.421128
0.540635 0.604869
0.57905 0.0431114
0.236455 0.525463
0.95802 0.570335
0.336969 0.669494
0.403774 0.0630399
0.37179 0.415645
0.416208 0.944982
0.639377 0.701357
0.108108 0.197123
0.140316 0.417518
0.770895 0.191804
0.251389 0.992891
0.381919 0.392248
0.238364 0.725628
0.815022 0.77852
0.329493 0.39152
0.825025 0.5718
0.919254 0.783561
0.137634 0.261924
0.452053 0.54452
0.322039 0.827786
0.957136 0.740261
0.771645 0.59902
0.439958 0.88183
0.790399 0.588593
0.29951 0.560964
0.781321 0.556632
0.555964 0.162915
0.948882 0.794728
0.888798 0.759379
0.574891 0.221253
0.145531 0.397564
0.790811 0.0712765
0.183038 0.928919
0.327094 0.638374
0.476794 0.650983
0.467128 0.435599
0.389034 0.238302
0.0426301 0.813568
0.121814 0.823457
0.41635 0.423484
0.387466 0.197172
0.977862 0.944964
0.36194 0.928377
0.738042 0.249956
0.687123 0.315684
0.469499 0.839071
0.715213 0.261254
0.91045 0.902006
0.192604 0.241648
0.541675 0.670824
0.890836 0.00933816
0.102282 0.283009
0.247628 0.142879
0.0966349 0.364976
0.967164 0.522341
0.790923 0.35636
0.72047 0.769259
0.300027 0.0801609
0.696008 0.039699
0.328292 0.383896
0.357153 0.801329
0.223274 0.0725307
0.0614011 0.139321
0.973692 0.256919
0.372271 0.515663
0.926541 0.262804
0.526973 0.0324094
0.544441 0.773171
0.173994 0.649536
0.138769 0.147044
0.172081 0.92761
0.499039 0.894953
0.70079 0.799179
0.973909 0.398176
0.84047 0.305698
0.780844 0.195624
0.104111 0.00749191
0.26772 0.168166
0.134719 0.245833
0.421945 0.509548
0.75779 0.349178
0.775053 0.282026
0.382543 0.319425
0.073157 0.548906
0.971871 0.195628
0.698929 0.145388
0.124197 0.202457
0.0469746 0.812304
0.998657 0.0148865
0.224172 0.834587
0.31817 0.00210049
0.109838 0.422869
0.0537481 0.268446
0.591664 0.142475
0.541557 0.0135429
0.653718 0.299115
0.363916 0.428359
0.581561 0.746715
0.746994 0.637583
0.304485 0.717868
0.831478 0.00268565
0.86262 0.958547
0.201683 0.898828
0.785048 0.19801
0.913655 0.00898854
0.0326918 0.243195
0.0102772 0.0716175
0.660322 0.0160087
0.365462 0.251217
0.159508 0.901561
0.266451 0.814345
0.203985 0.627904
0.241703 0.785412
0.376682 0.989102
0.420948 0.679735
0.704088 0.253616
0.684881 0.569324
0.212912 0.88583
0.468857 0.997774
0.0682916 0.372824
0.00571804 0.123759
0.621372 0.0153866
0.181262 0.279181
0.0960618 0.553339
0.527414 0.195606
0.45525 0.793141
0.0149603 0.652784
0.424281 0.250184
0.446308 0.799234
0.238786 0.867668
0.481208 0.944192
0.121117 0.17009
0.510518 0.334713
0.0522706 0.977377
0.331219 0.1364
0.363602 0.337068
0.253438 0.979791
0.353935 0.441384
0.25747 0.389993
0.989703 0.785321
0.583175 0.445937
0.57872 0.59484
0.105192 0.00855941
0.844313 0.552745
0.800998 0.0829536
0.422361 0.280516
0.107222 0.550987
0.444529 0.536836
0.877708 0.49678
0.515787 0.210244
0.631723 0.878208
0.548331 0.887357
0.859878 0.902787
0.327697 0.118506
0.292083 0.318202
0.905689 0.876679
0.763716 0.482878
0.471832 0.869723
0.48447 0.31518
0.422249 0.286339
0.398791 0.841941
0.567294 0.425585
0.385795 0.0137897
0.961957 0.264019
0.510331 0.479321
0.47491 0.143441
0.355686 0.0222951
0.0290218 0.224649
0.924426 0.360791
0.336733 0.218723
0.677365 0.241894
0.0806729 0.435592
0.72686 0.566579
0.31183 0.213077
0.881319 0.732754
0.499501 0.280843
0.576692 0.0644323
0.706711 0.962457
0.083985 0.666517
0.225565 0.589885
0.145925 0.701902
0.736757 0.503497
0.726436 0.767659
0.722809 0.652357
0.126029 0.0631932
0.871809 0.804946
0.301566 0.96704
0.248008 0.0264495
0.531489 0.560365
0.236668 0.414215
0.292983 0.737964
0.694992 0.871217
0.805291 0.40082
0.833131 0.888163
0.0682316 0.0669406
0.479456 0.213801
0.762704 0.213936
0.718239 0.488052
0.982404 0.441352
0.137213 0.115023
0.498535 0.011629
0.916038 0.798736
0.972305 0.164045
0.827305 0.505197
0.718988 0.0645254
0.917289 0.018433
0.806217 0.613655
0.887413 0.609795
0.0150892 0.715605
0.500767 0.0829401
0.781967 0.977817
0.29505 0.542975
0.189694 0.0152721
0.0309378 0.182733
0.455245 0.171141
0.286968 0.955116
0.177572 0.202908
0.753808 0.152564
0.36315 0.57969
0.657264 0.0880992
0.646676 0.579579
0.0887803 0.44138
0.189384 0.988814
0.0598489 0.211372
0.713121 0.562917
0.285442 0.492817
0.539741 0.585088
0.0376205 0.728787
0.598776 0.0684512
0.909003 0.0557864
0.241821 0.194114
0.131464 0.417763
0.395604 0.761943
0.575567 0.759958
0.341489 0.235506
0.846915 0.987707
0.812204 0.950666
0.439302 0.0056285
0.942583 0.501449
0.209724 0.653278
0.0963717 0.494084
0.148987 0.600225
0.0801983 0.193303
0.33546 0.682703
0.258505 0.24489
0.738519 0.500992
0.439564 0.745575
0.922596 0.833259
0.508129 0.498138
0.59421 0.851214
0.73209 0.440486
0.838545 0.545674
0.393441 0.278496
0.551173 0.335312
0.780231 0.759436
0.990855 0.843655
0.255585 0.142207
0.445397 0.339958
0.329244 0.782353
0.08211 0.590205
0.0273518 0.756084
0.0850241 0.460824
0.505738 0.01053
0.300681 0.0135025
0.506915 0.896119
0.865148 0.24163
0.33426 0.706513
0.785398 0.729415
0.980085 0.335597
0.0633737 0.759029
0.092769 0.0591246
0.605646 0.351296
0.195834 0.0511966
0.690319 0.524628
0.834577 0.710418
0.111455 0.858877
0.470459 0.199403
0.330343 0.978548
0.208209 0.627628
0.989342 0.718786
0.527545 0.856982
0.955755 0.864866
0.563383 0.742859
0.59312 0.547948
0.0810461 0.655891
0.308544 0.171991
0.711207 0.915
0.522672 0.908141
0.967006 0.212384
0.432689 0.799099
0.925002 0.542785
0.661274 0.395236
0.744551 0.990561
0.373263 0.953623
0.621719 0.364772
0.668834 0.149714
0.22339 0.623112
0.0145223 0.788401
0.364703 0.60706
0.331702 0.445378
0.262298 0.641748
0.61646 0.978907
0.555999 0.139597
0.884746 0.522468
0.35411 0.317014
0.321911 0.27809
0.861172 0.985094
0.675028 0.604684
0.975344 0.0460099
0.556231 0.598014
0.412988 0.224703
0.748028 0.637667
0.849396 0.761463
0.425205 0.21777
0.368642 0.758832
0.664367 0.632911
0.403083 0.279222
0.608744 0.95975
0.418679 0.492728
0.480478 0.7728
0.812614 0.802445
0.0546205 0.667536
0.787242 0.725691
0.274411 0.760971
0.774945 0.83224
0.360869 0.185529
0.0557438 0.114301
0.822909 0.906695
0.8702 0.248291
0.121753 0.242403
0.0194659 0.789409
0.871313 0.407333
0.0990677 0.476968
0.364331 0.487759
0.972808 0.846409
0.261084 0.782437
0.649034 0.313311
0.452975 0.436695
0.0382635 0.724914
0.200858 0.81123
0.560479 0.560012
0.996026 0.617862
0.671184 0.821482
0.526051 0.539512
0.0720578 0.646366
0.777487 0.0744457
0.433972 0.646848
0.479611 0.503636
0.128289 0.844056
0.99038 0.0995401
0.691455 0.251473
0.882271 0.345056
0.56377 0.33628
0.780682 0.603854
0.0663504 0.970368
0.412227 0.626533
0.538784 0.412292
0.246084 0.20916
0.233698 0.770456
0.749583 0.301024
0.417547 0.524937
0.37444 0.854583
0.174025 0.852957
0.35591 0.300896
0.700267 0.347828
0.401225 0.394258
0.596906 0.283937
0.736546 0.160116
0.621489 0.518274
0.761778 0.687978
0.495407 0.176424
0.31453 0.0345362
0.589648 0.563169
0.245253 0.822283
0.332326 0.993745
0.122063 0.749658
0.517024 0.496118
0.604939 0.69185
0.350203 0.963488
0.993322 0.0504249
0.307232 0.395078
0.445694 0.905114
0.678796 0.182987
0.0505539 0.302899
0.700319 0.826724
0.991187 0.195525
0.0612073 0.269936
0.230745 0.592002
0.865033 0.477664
0.41478 0.19885
0.467449 0.539632
0.951066 0.986288
0.0935084 0.557392
0.679074 0.382161
0.516481 0.673147
0.435054 0.82304
0.0633567 0.869505
0.728597 0.749559
0.0583246 0.786761
0.0497014 0.75963
0.618825 0.0401053
0.959493 0.622601
0.347338 0.191356
0.215621 0.215384
0.670527 0.632845
0.413133 0.138453
0.167447 0.360059
0.124129 0.208575
0.916025 0.805254
0.587837 0.432308
0.477576 0.0240707
0.253251 0.544966
0.903527 0.986021
0.295832 0.967839
0.776733 0.345536
0.728353 0.3946
0.384662 0.688613
0.0180874 0.729147
0.881462 0.237747
0.94765 0.550637
0.868353 0.361805
0.689171 0.0385866
0.723934 0.816099
0.241318 0.63818
0.619654 0.83001
0.0707101 0.105055
0.852213 0.328228
0.644718 0.754555
0.312486 0.940864
0.718551 0.0867559
0.282487 0.450677
0.482902 0.671728
0.127869 0.497861
0.404858 0.0204626
0.737717 0.353699
0.571699 0.607318
0.712286 0.260917
0.644943 0.435065
0.0709002 0.877841
0.0751885 0.695265
0.717633 0.146462
0.796791 0.569227
0.473912 0.440477
0.323602 0.785606
0.379831 0.0427907
0.873485 0.664104
0.493087 0.357672
0.335384 0.6315
0.85885 0.742006
0.653795 0.59923
0.0930081 0.229268
0.205463 0.808905
0.485611 0.848997
0.242508 0.560666
0.735775 0.321284
0.25635 0.453333
0.467681 0.0587863
