0.328613 0.439177
0.592216 0.512198
0.636041 0.771737
0.573057 0.133347
0.169028 0.630737
0.880179 0.191175
0.819888 0.180159
0.356663 0.231741
0.605328 0.602317
0.773736 0.706852
0.880689 0.025106
0.0018212 0.147516
0.232717 0.13393
0.100587 0.422507
0.716825 0.187477
0.469737 0.044324
0.627313 0.0643139
0.556006 0.26784
0.838646 0.130585
0.401087 0.00638275
0.762639 0.283616
0.197869 0.580596
0.465167 0.553393
0.812644 0.0695449
0.155402 0.585006
0.775126 0.0333487
0.610295 0.777536
0.180844 0.842497
0.911015 0.281571
0.266518 0.627994
0.471639 0.738869
0.671031 0.0991272
0.804484 0.226464
0.367641 0.641737
0.359962 0.766835
0.646383 0.120001
0.050687 0.843501
0.699506 0.514324
0.400806 0.51294
0.583153 0.553865
0.0980184 0.357422
0.587495 0.708403
0.136018 0.767249
0.550372 0.0462647
0.0495062 0.814509
0.673281 0.519503
0.554425 0.346344
0.619463 0.357408
0.569921 0.986016
0.997665 0.930136
0.750803 0.646856
0.051119 0.801093
0.492736 0.752815
0.318739 0.891083
0.265856 0.899883
0.444649 0.363047
0.255776 0.0351527
0.0701499 0.391284
0.800063 0.621461
0.43914 0.849323
0.435132 0.114485
0.396929 0.967511
0.470402 0.943404
0.3488 0.0336084
0.974174 0.347387
0.962642 0.725121
0.997546 0.0160893
0.526842 0.488118
0.767533 0.843909
0.378419 0.0325886
0.744429 0.823274
0.393726 0
0.855572 0.465312
0.392242 0.657869
0.0855264 0.830736
0.507045 0.521009
0.942397 0.87504
0.513985 0.402069
0.862189 0.864738
0.434722 0.835188
0.213076 0.39726
0.561525 0.208835
0.412392 0.09014
0.699698 0.178716
0.934423 0.0781471
0.21307 0.677735
0.902253 0.604886
0.677737 0.758456
0.0705809 0.0694373
0.414591 0.154424
0.899212 0.921798
0.678234 0.843693
0.798019 0.189253
0.245953 0.658931
0.0561123 0.680379
0.497827 0.268294
0.0792893 0.0588958
0.478353 0.492473
0.148121 0.176309
0.672117 0.0814388
0.255936 0.885875
0.760495 0.154652
0.49149 0.43605
0.914588 0.562354
0.507598 0.327841
0.719621 0.406838
0.249031 0.394385
0.248377 0.0475048
0.583402 0.496052
0.70333 0.640516
0.176908 0.19939
0.90876 0.256733
0.257912 0.387211
0.74817 0.40722
0.566001 0.419941
0.490114 0.819291
0.305867 0.248292
0.973151 0.798135
0.684367 0.88677
0.361478 0.19222
0.212347 0.0814048
0.597118 0.462435
0.475258 0.848824
0.504978 0.0589036
0.344028 0.213222
0.698851 0.522121
0.414365 0.611181
0.778396 0.672651
0.996504 0.522367
0.0786436 0.562728
0.94853 0.56642
0.379987 0.254777
0.814581 0.355806
0.0549499 0.498981
0.240363 0.416645
0.689014 0.454688
0.497333 0.286997
0.91531 0.971949
0.136138 0.42408
0.0323172 0.481457
0.638144 0.731996
0.00373176 0.0496672
0.343908 0.781259
0.722114 0.339767
0.307319 0.800505
0.903401 0.254142
0.367076 0.285023
0.508468 0.178851
0.637296 0.561702
0.679304 0.879112
0.978073 0.365549
0.333945 0.474208
0.657572 0.249524
0.446838 0.79081
0.675345 0.476258
0.272315 0.312788
0.20942 0.275511
0.36269 0.551619
0.0556957 0.0841263
0.89228 0.36307
0.883365 0.797267
0.616399 0.249701
0.0808024 0.126237
0.431388 0.71854
0.688353 0.108878
0.598408 0.666818
0.499509 0.89815
0.138865 0.133788
0.183561 0.587624
0.923778 0.857197
0.0630268 0.198785
0.170067 0.27254
0.473874 0.533047
0.824729 0.528424
0.61775 0.716237
0.892187 0.500731
0.512961 0.508699
0.750749 0.594078
0.633982 0.180665
0.313283 0.323204
0.295124 0.911854
0.989194 0.77116
0.844153 0.130197
0.905354 0.0258388
0.717982 0.828235
0.884306 0.781091
0.0278877 0.0550288
0.0519616 0.499307
0.587826 0.876676
0.0271187 0.205112
0.592202 0.918562
0.706037 0.104482
0.427527 0.45798
0.698185 0.061324
0.638214 0.0121438
0.414766 0.910953
0.924471 0.373609
0.701817 0.769101
0.50529 0.604725
0.79461 0.220556
0.433217 0.678143
0.00047001 0.455784
0.733981 0.0497683
0.955715 0.318778
0.926471 0.982659
0.525888 0.519478
0.901422 0.232639
0.623017 0.327196
0.688996 0.323925
0.389662 0.328781
0.337676 0.773256
0.259791 0.26099
0.149521 0.961516
0.0276206 0.653608
0.566365 0.821163
0.875119 1
0.496332 0.877695
0.457041 0.232301
0.928244 0.413166
0.55201 0.854446
0.394058 0.0795071
0.376453 0.296732
0.333871 0.982004
0.624445 0.00107707
0.321519 0.014893
0.329767 0.658611
0.787396 0.590432
0.918027 0.935202
0.550614 0.946937
0.588473 0.116986
0.767331 0.466331
0.114521 0.267984
0.343018 0.571783
0.501266 0.270264
0.983883 0.0546109
0.128089 0.379445
0.134126 0.501511
0.675019 0.444355
0.501982 0.300206
0.44707 0.823788
0.315714 0.774874
0.481775 0.102555
0.365509 0.401171
0.038177 0.91396
0.349113 0.629572
0.030971 0.116686
0.0934059 0.147376
0.383955 0.435329
0.719148 0.884845
0.708125 0.702182
0.939438 0.83274
0.0828335 0.0733209
0.336319 0.757417
0.518068 0.837243
0.059164 0.962324
0.660134 0.37236
0.741815 0.140072
0.475246 0.10397
0.542334 0.513733
0.0180555 0.890331
0.143386 0.0521432
0.00638733 0.236432
0.196708 0.392691
0.673384 0.917061
0.277283 0.380195
0.617452 0.216111
0.215455 0.700093
0.288025 0.550057
0.459855 0.807052
0.38787 0.516981
0.771858 0.0479448
0.890958 0.509483
0.189392 0.365784
0.614595 0.732266
0.881156 0.631653
0.624098 0.0240738
0.685384 0.632958
0.262411 0.884041
0.0265134 0.932887
0.802261 0.302098
0.314508 0.417403
0.519332 0.529537
0.118889 0.808201
0.0796492 0.577172
0.61547 0.467613
0.0941447 0.385227
0.491297 0.968338
0.89645 0.701763
0.3497 0.511749
0.439054 0.23076
0.146339 0.0626816
0.255327 0.831885
0.694616 0.515527
0.71495 0.722279
0.449979 0.516131
0.0254197 0.762735
0.93591 0.543956
0.291808 0.0537942
0.353437 0.373171
0.629815 0.968812
0.838933 0.722223
0.355668 0.355393
0.708687 0.250459
0.0607573 0.0562689
0.764048 0.498276
0.28945 0.910793
0.561108 0.540784
0.745563 0.256643
0.0555339 0.459333
0.979072 0.503418
0.97382 0.00492419
0.27194 0.908917
0.549729 0.562466
0.959098 0.901605
0.936996 0.58989
0.870058 0.777037
0.311054 0.224745
0.138418 0.0236265
0.47627 0.189166
0.075097 0.240206
0.689311 0.360691
0.150579 0.251741
0.902981 0.892694
0.503522 0.946828
0.3501 0.487973
0.464119 0.323196
0.493652 0.734165
0.230687 0.0418456
0.297602 0.192301
0.942483 0.23426
0.780627 0.812295
0.0102862 0.0934956
0.035722 0.141075
0.111977 0.511781
0.331207 0.188087
0.75276 0.0210628
0.550791 0.899555
0.27136 0.451257
0.794671 0.781112
0.410252 0.145629
0.270748 0.876097
0.470735 0.762021
0.610069 0.701964
0.803608 0.906976
0.891729 0.747657
0.140569 0.673463
0.55848 0.149923
0.765115 0.595772
0.293697 0.878479
0.109836 0.622542
0.0654866 0.86032
0.643513 0.612622
0.764451 0.916124
0.0644259 0.559236
0.696523 0.474588
0.704837 0.967255
0.349681 0.175766
0.729021 0.96134
0.876638 0.532231
0.866731 0.768787
0.279936 0.00960772
0.442703 0.839986
0.159258 0.208299
0.435873 0.451551
0.0861837 0.542764
0.0734036 0.150283
0.405037 0.718396
0.764443 0.168069
0.635491 0.82803
0.72728 0.331767
0.302533 0.431292
0.29918 0.652296
0.603892 0.0262678
0.610588 0.48123
0.5579 0.477796
0.249676 0.840281
0.48806 0.691378
0.679952 0.646682
0.899534 0.116137
0.0977183 0.986506
0.660949 0.171894
0.138121 0.0660625
0.891206 0.901977
0.233375 0.526734
0.729784 0.961834
0.8606 0.0314641
0.390224 0.157996
0.681129 0.994997
0.183784 0.297463
0.478148 0.743582
0.773789 0.725686
0.583324 0.262368
0.418534 0.263542
0.908827 0.316934
0.37916 0.00639364
0.30104 0.0414015
0.176634 0.440479
0.104124 0.0688971
0.341817 0.338514
0.593691 0.0706359
0.298312 0.454143
0.103387 0.689527
0.611863 0.78632
0.685016 0.794066
0.08093 0.161223
0.536065 0.856551
0.886548 0.12178
0.119337 0.304048
0.382555 0.0274902
0.621182 0.760846
0.0320961 0.923252
0.802724 0.208263
0.38052 0.904675
0.27719 0.70546
0.24474 0.871874
0.778628 0.540686
0.327622 0.882449
0.232392 0.93585
0.667716 0.913858
0.728557 0.750335
0.0753143 0.268958
0.608278 0.963277
0.388547 0.725934
0.267511 0.77173
0.754706 0.88742
0.535886 0.787234
0.811689 0.337684
0.995968 0.177153
0.242206 0.272831
0.885856 0.485404
0.144803 0.661939
0.026756 0.471373
0.543317 0.258604
0.407725 0.211219
0.169198 0.13605
0.961592 0.245662
0.405093 0.571122
0.208114 0.792706
0.297268 0.473487
0.563755 0.0496667
0.360353 0.098544
0.835403 0.172454
0.436022 0.82996
0.348832 0.678783
0.102705 0.234477
0.164574 0.249508
0.895546 0.192841
0.717463 0.440542
0.448504 0.123579
0.651222 0.619578
0.259767 0.615754
0.865886 0.663562
0.184552 0.0711371
0.455764 0.482846
0.54497 0.0170316
0.536567 0.902319
0.117543 0.368838
0.0773512 0.552093
0.197842 0.425471
0.231399 0.301643
0.662332 0.395117
0.54898 0.557528
0.588326 0.266426
0.998077 0.0375417
0.391363 0.651821
0.655678 0.650306
0.26714 0.521206
0.313529 0.452573
0.59355 0.767291
0.935872 0.13862
0.78514 0.467746
0.0429149 0.902196
0.837659 0.121181
0.454256 0.0367928
0.54879 0.685924
0.336489 0.210701
0.0813234 0.886743
0.767004 0.66979
0.154709 0.766345
0.707873 0.545198
0.41813 0.364387
0.195321 0.685251
0.886759 0.506462
0.139842 0.478425
0.272883 0.0759429
0.616805 0.0621709
0.542478 0.661926
0.965881 0.378008
0.783401 0.420462
0.416099 0.332999
0.10812 0.752579
0.540812 0.188373
0.640415 0.309396
0.858321 0.791949
0.0754387 0.567335
0.336803 0.493591
0.933397 0.530876
0.178886 0.817556
0.0400951 0.318407
0.298273 0.314333
0.415146 0.895074
0.405833 0.917134
0.578317 0.339319
0.314154 0.361851
0.759346 0.728773
0.694261 0.868092
0.482914 0.23462
0.0554795 0.121194
0.547721 0.913131
0.915039 0.619356
0.483006 0.251401
0.11339 0.412487
0.784518 0.293022
0.232494 0.822397
0.609094 0.528833
0.140972 0.00518781
0.444756 0.510787
0.936844 0.0228908
0.850314 0.24927
0.386066 0.611556
0.978 0.0797376
0.477518 0.458079
0.3137 0.535136
0.581076 0.860668
0.45063 0.495512
0.502693 0.899721
0.746744 0.595537
0.345904 0.529749
0.889164 0.575972
0.351748 0.497042
0.108334 0.484951
0.499009 0.551293
0.996559 0.432028
0.574696 0.848272
0.683018 0.95884
0.45884 0.660872
0.0371991 0.935436
0.123094 0.351577
0.471479 0.702511
0.212304 0.921476
0.198738 0.692469
0.853241 0.945135
0.28664 0.200411
0.475204 0.173644
0.77701 0.827223
0.670535 0.884022
0.314142 0.169982
0.434136 0.309401
0.602518 0.00742457
0.15991 0.286368
0.966324 0.617216
0.947543 0.00327617
0.55524 0.0670195
0.354017 0.0288205
0.76935 0.563667
0.947455 0.965715
0.257109 0.801158
0.915133 0.541378
0.0038228 0.390065
0.716715 0.779293
0.214201 0.387019
0.662782 0.528051
0.555912 0.0965385
0.840284 0.158546
0.104136 1
0.443109 0.0723438
0.616658 0.390862
0.0721931 0.17213
0.457853 0.426917
0.197623 0.227898
0.991727 0.14736
0.196384 0.246928
0.947915 0.110036
0.788572 0.949228
0.498142 0.504925
0.729663 0.714293
0.893801 0.392391
0.240865 0.450217
0.487323 0.0817212
0.609495 0.59354
0.0815105 0.0546994
0.663824 0.697844
0.444713 0.737866
0.871495 0.901633
0.163438 0.0683353
0.129901 0.157092
0.216025 0.327945
0.403516 0.164006
0.436205 0.192817
0.114062 0.935186
0.700095 0.842042
0.646592 0.590807
0.233876 0.889679
0.0412716 0.720637
0.971603 0.652772
0.311107 0.0541519
0.705292 0.977044
0.753605 0.148444
0.712979 0.622542
0.0525185 0.877316
0.692256 0.182167
0.0338687 0.904612
0.51114 0.436286
0.0703246 0.946601
0.629014 0.181897
0.882298 0.329667
0.0253718 0.531561
0.920787 0.257854
0.452763 0.937871
0.9793 0.388953
0.614669 0.289756
0.443432 0.318749
0.267445 0.196439
0.463066 0.932298
0.817398 0.522236
0.860279 0.50811
0.706669 0.894817
0.415044 0.219043
0.330673 0.485196
0.166959 0.961191
0.667343 0.0500212
0.290282 0.693844
0.579706 0.209039
0.951928 0
0.174076 0.928136
0.393883 0.786051
0.221617 0.836187
0.108211 0.48581
0.0306466 0.576228
0.468848 0.847644
0.0999075 0.328502
0.356476 0.804415
0.223297 0.771549
0.0210294 0.55394
0.255379 0.188803
0.518517 0.918382
0.239083 0.802875
0.615245 0.817527
0.0124341 0.566611
0.818653 0.185896
0.494688 0.207424
0.97207 0.715547
0.0449758 0.0784222
0.200857 0.0767698
0.654354 0.671585
0.921371 0.752045
0.00237967 0.279245
0.554664 0.221528
0.0490588 0.578567
0.776339 0.303514
0.767763 0.288302
0.22746 0.00381997
0.0910745 0.842015
0.822001 0.102538
0.409224 0.639953
0.291024 0.904062
0.849554 0.261906
0.619105 0.894479
0.342467 0.821799
0.5 0.5
0.493955 0.895498
0.747438 0.495045
0.171491 0.306395
0.716349 0.218464
0.883071 0.491376
0.524729 0.648686
0.778632 0.753012
0.651309 0.870575
0.595258 0.473099
0.974789 0.00500148
0.112309 0.264155
0.907553 0.961024
0.525267 0.529228
0.8547 0.867876
0.350627 0.823943
0.862831 0.844354
0.717442 0.613041
0.342793 0.891673
0.917255 0.055361
0.113342 0.799133
0.544834 0.638713
0.447426 0.325692
0.390308 0.0994728
0.197973 0.987577
0.571188 0.171334
0.992922 0.685841
0.480072 0.890917
0.644843 0.960905
0.432155 0.499574
0.827182 0.780706
0.323784 0.691226
0.624377 0.0425562
0.307341 0.965409
0.932061 0.220361
0.019708 0.0429559
0.0194024 0.564838
0.68278 0.466798
0.89245 0.0737751
0.566104 0.0885564
0.0603959 0.1383
0.257648 0.056349
0.822055 0.695162
0.957621 0.46599
0.656642 0.387388
0.966422 0.483476
0.170285 0.291505
0.175981 0.795849
0.333416 0.480454
0.76158 0.26664
0.700597 0.778438
0.308967 0.719401
0.370605 0.974512
0.1853 0.233435
0.0686592 0.753042
0.321682 0.130685
0.893178 0.580195
0.185141 0.715064
0.27851 0.140855
0.182189 0.933441
0.529053 0.147613
0.419122 0.698532
0.440687 0.595385
0.496635 0.771142
0.0754768 0.254956
0.0375796 0.773665
0.0333525 0.347883
0.496317 0.374868
0.340789 0.682537
0.608625 0.407548
0.465165 0.903565
0.537379 0.326242
0.513613 0.721388
0.0424386 0.789134
0.863766 0.222939
0.72678 0.392113
0.370949 0.145971
0.0946476 0.810271
0.738607 0.589101
0.582247 0.816297
0.844088 0.619171
0.59014 0.878015
0.966261 0.0885428
0.252021 0.30678
0.769969 0.860104
0.716652 0.202292
0.791641 0.252094
0.533695 0.303518
0.975997 0.576389
0.0972684 0.836933
0.796983 0.821524
0.230007 0.167647
0.965872 0.321804
0.97771 0.707101
0.912674 0.559107
0.521627 0.755745
0.176306 0.112594
0.629555 0.145042
0.201597 0.882834
0.485667 0.932086
0.744125 0.164902
0.174834 0.534328
0.419408 0.706271
0.840086 0.394082
0.286592 0.936704
0.230459 0.0819204
0.756644 0.461395
0.249074 0.724425
0.786824 0.22518
0.430485 0.695779
0.784281 0.952041
0.485793 0.927843
0.0641796 0.0826237
0.109961 0.264356
0.967632 0.562862
0.232904 0.709519
0.729809 0.407107
0.24416 0.147851
0.11521 0.084318
0.542071 0.397802
0.0186854 0.770289
0.478447 0.776266
0.234247 0.72666
0.500989 0.017515
0.952005 0.928647
0.714884 0.739484
0.880649 0.167693
0.705787 0.944892
0.250195 0.814179
0.208393 0.216337
0.375637 0.441625
0.923409 0.104995
0.848215 0.166856
0.255417 0.963945
0.250977 0.792452
0.360802 0.270447
0.565029 0.838266
0.0445795 0.797369
0.563847 0.545386
0.818419 0.517484
0.473432 0.533199
0.25572 0.353371
0.700792 0.961474
0.301606 0.951603
0.774758 0.506327
0.164345 0.151121
0.948009 0.0883966
0.255137 0.794832
0.255849 0.506873
0.758062 0.505961
0.297893 0.11901
0.774365 0.862695
0.958788 0.819762
0.66121 0.521627
0.363968 0.482819
0.0395052 0.835146
0.0132354 0.296408
0.190474 0.712566
0.25644 0.490104
0.662822 0.0323958
0.994872 0.828886
0.182207 0.94165
0.917684 0.437193
0.737918 0.171258
0.942751 0.494759
0.68042 0.238528
0.614765 0.453098
0.102761 0.57084
0.273964 0.764941
0.093529 0.634411
0.244925 0.132966
0.4739 0.257589
0.428962 0.663886
0.973115 0.686855
0.153531 0.637779
0.718435 0.146542
0.465953 0.903615
0.0904869 0.383237
0.338295 0.826855
0.557225 0.280281
0.321893 0.236543
0.522018 0.933613
0.688236 0.624551
0.502459 0.949176
0.390956 0.603919
0.59815 0.635524
0.73622 0.0690377
0.894568 0.165951
0.73538 0.867492
0.850147 0.888103
0.505382 0.567999
0.0378749 0.970802
0.467112 0.125608
0.356415 0.805961
0.952634 0.911588
0.085743 0.276142
0.148024 0.603897
0.214274 0.835638
0.229094 0.723085
0.79824 0.61903
0.327113 0.395185
0.251486 0.0646751
0.466002 0.147011
0.227305 0.202908
0.014555 0.0784883
0.0921208 0.51709
0.646704 0.127241
0.488244 0.114382
0.254972 0.844367
0.919181 0.206587
0.756526 0.00334913
0.480362 0.908929
0.610355 0.695876
0.741605 0.839498
0.419348 0.538725
0.459068 0.743678
0.932426 0.710272
0.808506 0.400241
0.860027 0.0353699
0.600859 0.874591
0.11351 0.692763
0.391658 0.760108
0.818913 0.881209
0.877059 0.0727172
0.726664 0.795791
0.279572 0.483243
0.799177 0.762
0.386941 0.410637
0.456748 0.127113
0.251344 0.876681
0.666307 0.708261
0.621469 0.599536
0.418989 0.429189
0.998983 0.278043
0.465784 0.599627
0.153017 0.57884
0.293405 0.543582
0.338981 0.113532
0.424873 0.215964
0.18484 0.148801
0.0101166 0.464176
0.633495 0.810874
0.227058 0.0201844
0.221603 0.685124
0.147991 0.470201
0.561559 0.813882
0.178653 0.182524
0.411654 0.599093
0.611595 0.409988
0.879089 0.0764951
0.0111177 0.0281562
0.656492 0.301364
0.566028 0.997507
0.451693 0.972135
0.210599 0.600364
0.146376 0.222038
0.067181 0.77837
0.0321683 0.294499
0.799791 0.252493
0.97891 0.948552
0.723646 0.540571
0.760656 0.9033
0.724173 0.168695
0.502301 0.334971
0.580139 0.378534
0.413381 0.590753
0.406232 0.0689442
0.891799 0.980496
0.0659186 0.309422
0.975231 0.275358
0.9089 0.121236
0.482694 0.946723
0.901335 0.528496
0.268669 0.699446
0.782094 0.246804
0.647114 0.506151
0.789405 0.407934
0.409518 0.51263
0.579096 0.911571
0.847883 0.159265
0.289572 0.261078
0.749997 0.698414
0.327857 0.644107
0.677115 0.391436
0.952349 0.650751
0.667208 0.863879
0.772996 0.164599
0.838166 0.672228
0.692977 0.106701
0.372268 0.4785
0.355887 0.0216815
0.982011 0.144403
0.426999 0.390194
0.655639 0.00539979
0.301319 0.503497
0.165632 0.591206
0.763278 0.915714
0.288008 0.0920987
0.557916 0.967615
0.482373 0.510878
0.616886 0.148606
0.375681 0.390719
0.312358 0.213225
0.0757545 0.000918287
0.320157 0.436261
0.482025 0.674788
0.456145 0.461679
0.817844 0.8821
0.853926 0.477307
0.887606 0.155804
0.980913 0.0549879
0.744997 0.741412
0.969143 0.0377959
0.833535 0.527597
0.00619684 0.31821
0.0393958 0.622161
0.46463 0.413873
0.0139201 0.774519
0.624928 0.0761166
0.783017 0.944661
0.513216 0.262107
0.621642 0.969496
0.724384 0.441616
0.850355 0.580754
0.916319 0.738408
0.734078 0.897083
0.792154 0.480248
0.640271 0.759368
0.516958 0.472971
0.286961 0.521849
0.788935 0.327801
0.144195 0.254731
0.741832 0.155705
0.028761 0.367043
0.2351 0.812471
0.313017 0.746078
0.0767179 0.931003
0.715778 0.802276
0.374041 0.565875
0.381918 0.290412
0.305358 0.115741
0.185853 0.0981421
0.596716 0.828274
0.85768 0.112867
0.300495 0.145327
0.634825 0.088761
0.473862 0.779143
0.342345 0.213843
0.936038 0.372319
0.578456 0.169687
0.187413 0.890757
0.916484 0.262283
0.824009 0.632084
0.0639215 0.197607
0.199052 0.442604
0.487692 0.504813
0.559962 0.675195
0.600316 0.155087
0.500933 0.458091
0.270831 0.802408
0.604024 0.905319
0.894548 0.0767268
0.685634 0.233946
0.289076 0.619888
0.607601 0.869348
0.789012 0.793773
0.758351 0.706686
0.0555875 0.581935
0.339259 0.120732
0.779356 0.538139
0.564282 0.267018
0.0428324 0.125053
0.940605 0.645837
0.281079 0.443868
0.10516 0.550158
0.245756 0.709524
0.454226 0.138941
0.786646 0.139427
0.372439 0.0741445
0.757954 0.986317
0.943187 0.547953
0.776071 0.700375
0.255121 0.831629
0.283827 0.591685
0.950986 0.0631818
0.131446 0.514617
0.328035 0.176339
0.641113 0.266982
0.819896 0.921121
0.711175 0.923916
0.475029 0.913659
0.631671 0.927994
0.0967857 0.417112
0.066174 0.470862
0.490566 0.825723
0.451706 0.43205
0.37375 0.229882
0.134669 0.625469
0.0617136 0.415688
0.219506 0.0111805
0.477195 0.350274
0.526291 0.805308
0.525735 0.167011
0.0759202 0.345847
0.0905895 0.786344
0.26979 0.562075
0.74453 0.902019
0.488425 0.841038
0.319064 0.55455
0.310798 0.811045
0.378994 0.763348
0.243864 0.752035
0.992406 0.373504
0.376207 0.0531012
0.790595 0.598177
0.0643335 0.269366
0.950282 0.591002
0.0732381 0.475845
0.762399 0.148153
0.820411 0.847931
0.934133 0.0905498
0.410112 0.677568
0.989518 0.89638
0.518529 0.310127
0.453472 0.82883
0.122208 0.830051
0.591286 0.362583
0.582755 0.583481
0.739695 0.961171
0.635498 0.528821
0.558608 0.698793
0.79852 0.507052
0.292994 0.872699
0.983316 0.0512044
0.0203036 0.801364
0.896927 0.955497
0.891781 0.309678
0.633029 0.883078
0.207296 0.151676
0.193515 0.659696
0.980902 0.313856
0.491455 0.573555
0.677082 0.0728043
0.156338 0.415905
0.0339327 0.790668
0.947776 0.591036
0.493638 0.746252
0.0998548 0.783706
0.618426 0.0802081
0.833927 0.639966
0.882758 0.731878
0.594897 0.77571
0.0422606 0.227776
0.662221 0.24905
0.380248 0.849433
0.908902 0.360004
0.165154 0.399306
0.93233 0.842673
0.471924 0.0888332
0.259418 0.506496
0.881385 0.20716
0.0989454 0.373217
0.95233 0.197403
0.157947 0.572233
0.283942 0.991147
0.211227 0.161044
0.724219 0.804694
0.936256 0.765751
0.0325746 0.596552
0.0160464 0.411701
0.468871 0.879468
0.768918 0.61367
0.324218 0.70211
0.458827 0.797803
0.789974 0.716967
0.304704 0.671832
0.923365 0.401122
0.0461542 0.875544
0.597565 0.20367
0.448516 0.876756
0.194312 0.660132
0.036682 0.91648
0.467369 0.925265
0.681395 0.496845
0.56996 0.69682
0.909495 0.01688
0.622568 0.677251
0.629367 0.945797
0.378032 0.0858001
0.744354 0.168277
0.803534 0.0478871
0.842765 0.726032
0.452724 0.889132
0.602945 0.0469521
0.092115 0.0533243
0.924673 0.286003
0.713419 0.961747
0.203586 0.177409
0.93369 0.886685
0.673462 0.503318
0.586044 0.582041
0.520336 0.206005
0.259428 0.149802
0.1537 0.637203
0.238772 0.897306
0.808377 0.0397837
0.946745 0.649425
0.766375 0.396374
0.540145 0.369057
0.444594 0.632042
0.42231 0.366715
0.91865 0.134468
0.327774 0.123621
0.311233 0.263083
0.0117209 0.985929
0.7647 0.594642
0.569565 0.285564
0.801832 0.82805
0.465572 0.93098
0.466631 0.67066
0.85359 0.272724
0.710337 0.798444
0.924328 0.47556
0.196318 0.46179
0.845346 0.637598
0.0959695 0.267296
0 0.0163002
0.402182 0.331948
0.136458 0.713967
0.591573 0.14575
0.702885 0.358708
0.743862 0.267492
0.642584 0.542659
0.0974602 0.0800618
0.499664 0.563416
0.751045 0.350676
0.837445 0.460311
0.15153 0.760675
0.937642 0.342133
0.225974 0.782195
0.979744 0.320406
0.0515298 0.982894
0.336771 0.451376
0.314482 0.471553
0.166654 0.907351
0.617888 0.868278
0.266102 0.360215
0.137306 0.910895
0.904755 0.234239
0.989332 0.402962
0.795962 0.73966
0.756574 0.632783
0.201051 0.90772
0.39385 0.136258
0.252094 0.61905
0.91836 0.231203
0.939124 0.968646
0.214458 0.275808
0.420084 0.528685
0.745351 0.586888
0.436105 0.366877
0.452895 0.701499
0.726553 0.589771
0.612628 0.633823
0.822876 0.601901
0.0385242 0.619213
0.341658 0.794598
0.25281 0.541493
0.702481 0.648168
0.677478 0.954935
0.266972 0.595986
0.183973 0.205827
0.564672 0.399265
0.455188 0.933777
0.92671 0.226356
0.568797 0.363691
0.592099 0.0222773
0.0666218 0.321533
0.611765 0.679018
0.953465 0.433156
0.290137 0.990557
0.0540963 0.621365
0.788586 0.30541
0.162015 0.488548
0.954035 0.83892
0.443608 0.220125
0.43556 0.629145
0.460911 0.966487
0.0262555 0.903331
0.985072 0.953469
0.13111 0.553971
0.316221 0.723945
0.575254 0.384355
0.0446392 0.186824
0.0660679 0.997647
0.620394 0.342393
0.991009 0.675986
0.963807 0.777802
0.98087 0.126117
0.271085 0.936554
0.96488 0.711049
0.15307 0.400575
0.340823 0.579776
0.400142 0.365133
0.483617 0.382201
0.323359 0.615001
0.937276 0.63906
0.338267 0.512072
0.0243975 0.383797
0.699305 0.085489
0.385074 0.319389
0.428843 0.373272
0.994899 0.391777
0.15196 0.974575
0.520271 0.417754
0.909939 0.484803
0.129791 0.0640005
0.885788 0.467375
0.641059 0.284261
0.835183 0.12377
0.669412 0.155668
0.73792 0.60645
0.796663 0.0772588
0.11926 0.819468
0.461891 0.817364
0.90485 0.84283
0.138448 0.334828
0.214349 0.131015
0.729192 0.364131
0.10629 0.247752
0.783238 0.0149766
0.735005 0.913404
0.0786234 0.617998
0.380915 0.71884
0.904265 0.216143
0.844874 0.575408
0.37353 0.582684
0.178176 0.167188
0.66161 0.296379
0.989782 0.120569
0.116127 0.892514
0.962288 0.252724
0.226043 0.177407
0.416612 0.934715
0.541092 0.488096
0.202957 0.326792
0.509981 0.924837
0.239722 0.583479
0.555876 0.619263
0.304205 0.460836
0.834588 0.146882
0.033416 0.205801
0.730844 0.21041
0.374561 0.390449
0.510579 0.360155
0.510968 0.62423
0.252943 0.473639
0.876563 0.479524
0.652675 0.257696
0.434012 0.19459
0.748591 0.636912
0.521566 0.254044
0.574295 0.760691
0.839827 0.128428
0.378588 0.142249
0.588665 0.212348
0.290282 0.623841
0.418519 0.0208027
0.836107 0.792543
0.408938 0.347058
0.154802 0.918233
0.971693 0.406905
0.39358 0.843307
0.888962 0.043799
0.107817 0.321912
0.239388 0.857401
0.957631 0.758659
0.112137 0.531954
0.517971 0.946377
0.661814 0.898039
0.0923774 0.250875
0.111284 0.379507
0.875123 0.530306
0.399211 0.709699
0.325264 0.807805
0.0592685 0.480225
0.727224 0.0282036
0.886016 0.119536
0.878391 0.773202
0.16273 0.98569
0.0955646 0.39938
0.843987 0.0530801
0.159449 0.953799
0.586932 0.677812
0.904807 0.248009
0.57076 0.998758
0.498359 0.687333
0.377912 0.372923
0.218655 0.777728
0.0839159 0.542194
0.582773 0.141257
0.0229131 0.310943
0.17185 0.906804
0.428537 0.0508884
0.681327 0.592761
0.0355335 0.773998
0.99221 0.877385
0.83057 0.151748
0.834603 0.415947
0.828307 0.737901
0.66338 0.406103
0.73673 0.160478
0.0928906 0.114095
0.535705 0.310621
0.890811 0.618144
0.854898 0.474471
0.760711 0.876255
0.785982 0.932699
0.786219 0.212332
0.982566 0.463095
0.806774 0.0175276
0.242857 0.799823
0.897031 0.0721968
0.949124 0.727996
0.489451 0.781637
0.466196 0.15244
0.18664 0.202645
0.314964 0.279489
0.316597 0.849995
0.592516 0.203765
0.469237 0.44557
0.680974 0.228719
0.323268 0.462578
0.161484 0.107506
0.678019 0.145856
0.571048 0.483327
0.163841 0.81634
0.281941 0.0591794
0.887861 0.235121
0.7875 0.378263
0.0153243 0.251915
0.528075 0.202238
0.457029 0.842592
0.485569 0.771547
0.693759 0.075621
0.975599 0.164462
0.522001 0.655265
0.395855 0.84203
0.118247 0.55625
0.952967 0.796429
0.700947 0.527664
0.28208 0.865843
0.34312 0.564288
0.922378 0.230513
0.798481 0.710135
0.605365 0.814914
0.963306 0.133466
0.0200611 0.419555
0.976885 0.499422
0.192008 0.672515
0.576913 0.165977
0.836215 0.0996885
0.822226 0.228303
0.947554 0.940304
0.786854 0.900162
0.734566 0.488809
0.426154 0.0176071
0.354002 0.770305
0.581527 0.275271
0.00174095 0.380431
0.986087 0.60803
0.196456 0.946642
0.74207 0.210639
0.366135 0.719868
0.714062 0.557523
0.391641 0.291496
0.724998 0.223143
0.392541 0.547194
0.454959 0.338765
0.487473 0.240211
0.240201 0.223034
0.727533 0.66776
0.236374 0.0817623
0.439002 0.818325
0.355973 0.437955
0.198355 0.339873
0.0447482 0.392407
0.2889 0.785366
0.606012 0.654169
0.503966 0.319822
0.212528 0.89489
0.612584 0.935952
0.12725 0.00966764
0.480555 0.577183
0.366174 0.947066
0.817345 0.583415
0.188651 0.544496
0.250849 0.42803
0.626278 0.688959
0.249656 0.98154
0.126147 0.445224
0.320592 0.171872
0.83924 0.609503
0.956096 0.444899
0.261878 0.460766
0.762644 0.474198
0.356263 0.376591
0.408764 0.477046
0.386588 0.885038
0.0516496 0.725696
0.853837 0.869606
0.305467 0.0463538
0.414609 0.55898
0.470416 0.0402272
0.248496 0.718851
0.0226349 0.374457
0.16409 0.343637
0.546045 0.00149865
0.951614 0.501613
0.446948 0.213963
0.960842 0.212386
0.68822 0.316624
0.587217 0.0958637
0.7927 0.967104
0.983265 0.844997
0.694568 0.840413
0.714355 0
0.885087 0.132245
0.559443 0.35645
0.173688 0.8074
0.0747017 0.194216
0.18082 0.239548
0.538528 0.725183
0.241973 0.490948
0.227272 0.690089
0.706462 0.185277
0.900801 0.390014
0.504731 0.487746
0.487762 0.29797
0.455936 0.471122
0.142739 0.149472
0.314585 0.859998
0.150153 0.194334
0.990914 0.710718
0.5509 0.162908
0.515986 0.62828
0.35774 0.697359
0.865723 0.895448
0.422397 0.109894
0.387606 0.65113
0.796434 0.0908932
0.840625 0.697244
0.482151 0.342889
0.186919 0.969222
0.642709 0.64197
0.44163 0.785811
0.789573 0.751696
0.646054 0.939672
0.946642 0.63636
0.648043 0.497806
0.800655 0.164438
0.124351 0.160545
0.864364 0.992951
0.0555477 0.288348
0.100729 0.442124
0.938599 0.897055
0.532935 0.779404
0.594926 0.013243
0.124199 0.780141
0.983758 0.765916
0.422176 0.42333
0.551654 0.211761
0.174468 0.197636
0.151096 0.120934
0.834568 0.801155
0.620132 0.636667
0.967213 0.745344
0.795223 0.832819
0.735979 0.851598
0.121774 0.835605
0.291813 0.0618816
0.734411 0.826506
0.837988 0.327291
0.840019 0.962992
0.109776 0.82448
0.727466 0.531466
0.247339 0.280908
0.744171 0.422221
0.476453 0.904763
0.544244 0.314018
0.701499 0.161889
0.952721 0.668783
0.906877 0.746046
0.500907 0.645373
0.598199 0.623324
0.48235 0.898792
0.683371 0.212789
0.715997 0.522169
0.541588 0.557065
0.482653 0.649617
0.383647 0.212783
0.18402 0.630836
0.503146 0.910911
0.0534597 0.970662
0.824919 0.595814
0.286345 0.526388
0.761503 0.236369
0.194531 0.668894
0.985282 0.69665
0.315342 0.583725
0.319324 0.793774
0.474149 0.00578558
0.0077095 0.192481
0.522046 0.55083
0.750297 0.0058325
0.201914 0.133755
0.216278 0.385247
0.763211 0.710357
0.313809 0.816463
0.680213 0.139044
0.446533 0.942419
0.666166 0.171536
0.207502 0.858749
0.840663 0.189006
0.554225 0.154663
0.773516 0.873048
0.948005 0.24822
0.871726 0.956601
0.441246 0.395317
0.506609 0.190363
0.40139 0.709205
0.327576 0.617829
0.0955405 0.0896857
0.327989 0.408126
0.906485 0.00876862
0.547359 0.317475
0.974299 0.213459
0.490353 0.17924
0.0735082 0.332142
0.370365 0.626619
0.484095 0.141907
0.50069 0.43345
0.390942 0.375071
0.389547 0.827351
0.770922 0.89702
0.0225936 0.17158
0.607056 0.348218
0.789728 0.703049
0.435547 0.118777
0.112913 0.342516
0.125933 0.659282
0.657884 0.101295
0.871985 0.149307
0.284774 0.945398
0.479592 0.650919
0.570247 0.965417
0.795514 0.0719108
0.398285 0.184743
0.448226 0.78896
0.0154577 0.216903
0.684733 0.0380303
0.389286 0.292352
0.386815 0.179018
0.994126 0.823051
0.296044 0.106571
0.165074 0.423312
0.764476 0.82476
0.525362 0.637813
0.972039 0.805858
0.579834 0.452303
0.458684 0.152335
0.41819 0.252681
0.224527 0.81708
0.437582 0.669657
0.603926 0.451989
0.886393 0.290884
0.491967 0.274708
0.580598 0.879523
0.454532 0.576083
0.700324 0.751214
0.680914 0.866595
0.174721 0.44498
0.691507 0.701124
0.0813032 0.663529
0.506908 0.663771
0.115996 0.966617
0.81594 0.533452
0.219578 0.0380814
0.349968 0.656414
0.71092 0.955385
0.109476 0.594762
0.2437 0.601245
0.871451 0.825588
0.478042 0.32392
0.400505 0.179203
0.0766524 0.0827763
0.0467153 0.252572
0.529486 0.73685
0.951926 0.610292
0.399492 0.460233
0.274068 0.516045
0.423583 0.0901192
0.0495256 0.644333
0.129032 0.398219
0.301776 0.837709
0.352813 0.410616
0.433989 0.5959
0.0113948 0.304511
0.421606 0.489724
0.628753 0.822585
0.669177 0.705247
0.901786 0.713862
0.957155 0.432452
0.474583 0.877001
0.0444631 0.850532
0.368121 0.317216
0.368262 0.79188
0.404963 0.417401
0.436108 0.533373
0.815118 0.737239
0.370796 0.170204
0.147983 0.804358
0.766037 0.15902
0.106553 0.187684
0.648869 0.736362
0.0101894 0.317064
0.474648 0.883671
0.0329967 0.402109
0.344821 0.482976
0.30934 0.387125
0.335709 0.674977
0.705347 0.704466
0.466404 0.110071
0.121755 0.902452
0.643624 0.938646
0.63913 0.0141312
0.108013 0.788314
0.815589 0.872829
0.945387 0.925646
0.0590047 0.595079
0.662794 0.066704
0.911334 0.108134
0.979064 0.943152
0.507745 0.324841
0.428751 0.815832
0.712061 0.762936
0.493361 0.416685
0.477274 0.914309
0.528123 0.588971
0.86232 0.170648
0.526537 0.50239
0.184213 0.633928
0.289187 0.00285516
0.507496 0.236246
0.928131 0.564939
0.831516 0.58918
0.63351 0.742634
0.696199 0.613357
0.688209 0.202021
0.938447 0.11463
0.0210493 0.651083
0.878527 0.512639
0.0681206 0.344921
0.472299 0.59268
0.934049 0.332955
0.762286 0.462247
0.836114 0.948557
0.0947546 0.127987
0.949993 0.601157
0.368356 0.875737
0.167237 0.195771
0.467805 0.800385
0.939203 0.161196
0.413259 0.627143
0.367255 0.350698
0.741649 0.386983
0.000535599 0.619906
0.901113 0.0676959
0.963369 0.370461
0.660594 0.897963
0.708327 0.422904
0.358903 0.543122
0.372692 0.454287
0.671082 0.32072
0.0574845 0.0296086
0.196475 0.221342
0.230427 0.663373
0.0214221 0.171013
0.827565 0.434682
0.797129 0.190711
0.78436 0.536333
0.580429 0.784412
0.156132 0.479086
0.852581 0.117
0.853607 0.513688
0.0148735 0.559529
0.93708 0.374051
0.103367 0.309202
0.826394 0.772074
0.629594 0.880582
0.806822 0.826353
0.105043 0.0398213
0.491317 0.124958
0.207619 0.318585
0.558846 0.0024097
0.511061 0.341983
0.538861 0.0884914
0.127661 0.69559
0.566802 0.979469
0.814442 0.423577
0.490164 0.829169
0.981663 0.423914
0.200791 0.0851624
0.734797 0.0270589
0.856373 0.365165
0.910753 0.664023
0.191973 0.013123
0.701182 0.6836
0.138797 0.90885
0.0011095 0.696302
0.912485 0.51105
0.0382638 0.452832
0.6017 0.165711
0.147003 0.174024
0.145961 0.95864
0.595274 0.635525
0.787151 0.578197
0.0650132 0.988763
0.662116 0.795085
0.0197974 0.519278
0.161548 0.928989
0.181794 0.353662
0.943837 0.88401
0.0364902 0.0800884
0.792959 0.0371422
0.776813 0.705084
0.549639 0.817226
0.156872 0.151982
0.982982 0.302781
0.325561 0.128645
0.266994 0.922837
0.76298 0.0520612
0.499132 0.825582
0.0421682 0.161506
0.619 0.0615033
0.681083 0.782047
0.99183 0.862549
0.133719 0.934851
0.748355 0.169238
0.0158246 0.541233
0.209828 0.794165
0.247925 0.75797
0.610271 0.403501
0.911982 0.59175
0.709676 0.234379
0.722365 0.972032
0.1594 0.482407
0.0248813 0.657028
0.306171 0.0682137
0.817295 0.927497
0.130594 0.498196
0.708973 0.119322
0.363723 0.842261
0.054797 0.10904
0.0138156 0.0715278
0.65198 0.219814
0.863925 0.897423
0.979294 0.472786
0.303026 0.890071
0.077682 0.00454489
0.127562 0.789191
0.980608 0.284077
0.270993 0.00617958
0.942879 0.579524
0.0720595 0.758873
0.507689 0.198177
0.260142 0.217158
0.32242 0.622466
0.0591931 0.37489
0.731015 0.0697574
0.448525 0.383179
0.293384 0.311834
0.281005 0.273527
0.786755 0.5825
0.164296 0.853603
0.590524 0.289639
0.641854 0.568932
0.575624 0.913416
0.573637 0.517011
0.492554 0.64489
0.275556 0.00307764
0.845013 0.536464
0.216585 0.164444
0.158915 0.276309
0.545989 0.888184
0.374735 0.968659
0.274969 0.639654
0.301108 0.556232
0.913652 0.0886614
0.136806 0.0761266
0.938612 0.727021
0.368017 0.583025
0.30136 0.941692
0.493674 0.873471
0.472648 0.94523
0.517478 0.73548
0.991292 0.358753
0.272382 0.208226
0.526062 0.42885
0.482147 0.0666679
0.322416 0.830284
0.0562894 0.596213
0.470663 0.356595
0.150461 0.382197
0.446474 0.286343
0.459132 0.386999
0.0133855 0.822561
0.970099 0.311294
0.763582 0.467814
0.182857 0.223114
0.458614 0.70078
0.957939 0.447648
0.0612224 0.23008
0.654906 0.58634
0.660429 0.137612
0.652848 0.98089
0.967431 0.711444
0.57574 0.43829
0.0680454 0.725928
0.820111 0.51543
0.0151915 0.278001
0.904085 0.0284152
0.103228 0.874147
0.341222 0.867718
0.33982 0.524271
0.0908801 0.797365
0.223285 0.0480163
0.245183 0.285913
0.280207 0.900494
0.871173 0.938224
0.0386411 0.527757
0.922558 0.00706773
0.237089 0.498197
0.44417 0.30513
0.224113 0.264662
0.820007 0.238156
0.540783 0.722362
0.268803 0.645266
0.597478 0.607631
0.514812 0.929943
0.13314 0.599561
0.734724 0.356169
0.653325 0.976947
0.641942 0.927642
0.881078 0.513289
0.867019 0.91744
0.0412426 0.786108
0.922598 0.277858
0.285292 0.36615
0.581975 0.509942
0.630749 0.404983
0.749448 0.170348
0.133561 0.0206935
0.815464 0.724273
0.623053 0.324684
0.661784 0.755875
0.928625 0.395573
0.110355 0.576259
0.375756 0.753994
0.506668 0.254745
0.26795 0.372379
0.171492 0.311094
0.157655 0.0957407
0.586151 0.446569
0.461429 0.171088
0.956198 0.0927518
0.574231 0.704935
0.263864 0.701624
0.721045 0.077237
0.427342 0.343257
0.404485 0.0880587
0.101283 0.333278
0.482836 0.209783
0.908881 0.858094
0.964143 0.414938
0.112193 0.23294
0.790533 0.285173
0.542614 0.948649
0.380404 0.131343
0.396891 0.839135
0.30066 0.351545
0.935212 0.874463
0.0563261 0.199811
0.577307 0.778932
0.277172 0.00344057
0.122747 0.684348
0.0906659 0.222584
0.0173828 0.573296
0.463922 0.90044
0.431646 0.397671
0.344538 0.543884
0.631886 0.133436
0.828705 0.174728
0.0820144 0.210546
0.30556 0.476065
0.0529153 0.606877
0.827561 0.989795
0.481833 0.889283
0.18819 0.0577671
0.663827 0.46739
0.0614838 0.784262
0.150858 0.150814
0.00686318 0.169678
0.723961 0.439771
0.0948539 0.155817
0.840609 0.440044
0.698956 0.472422
0.57181 0.528006
0.647298 0.654265
0.739563 0.955551
0.130542 0.792631
0.559177 0.959683
0.781582 0.0409979
0.842736 0.970779
0.101333 0.50488
0.437489 0.159853
0.294226 0.590747
0.311197 0.299829
0.758323 0.035263
0.74109 0.854688
0.19028 0.580042
0.295186 0.889245
0.0527643 0.865208
0.418419 0.699951
0.519907 0.155046
0.653919 0.651733
0.947711 0.215461
0.610258 0.730316
0.256306 0.453899
0.702945 0.356989
0.960504 0.139087
0.518362 0.251793
0.730055 0.82906
0.550463 0.486591
0.862855 0.293081
0.33919 0.0554906
0.873986 0.634247
0.942335 0.926406
0.502085 0.361296
0.625827 0.0218356
0.518413 0.280832
0.673404 0.466795
0.497345 0.282654
0.199552 0.756752
0.736769 0.8999
0.112673 0.697513
0.039868 0.628514
0.948867 0.768682
0.458114 0.501584
0.256327 0.32132
0.79483 0.597649
0.373911 0.668576
0.233083 0.31982
0.595438 0.733953
0.680755 0.220764
0.755829 0.197132
0.503726 0.427573
0.666124 0.00169496
0.710624 0.867258
0.754599 0.448049
0.765371 0.866748
0.144289 0.804816
0.49511 0.0936599
0.572581 0.95435
0.595286 0.831606
0.274361 0.389586
0.428074 0.649472
0.0578465 0.660673
0.968908 0.655488
0.395304 0.650146
0.876099 0.150629
0.847925 0.379643
0.57754 0.513252
0.381869 0.289177
0.377078 0.137778
0.739042 0.141195
0.00246928 0.881226
0.947618 0.499682
0.974841 0.519125
0.453182 0.569868
0.352544 0.728678
0.959124 0.780324
0.377005 0.0190706
0.440859 0.345909
0.673726 0.834635
0.995186 0.546837
0.98317 0.840532
0.930544 0.561754
0.357995 0.310394
0.850486 0.73335
0.44702 0.58745
0.875386 0.450615
0.469427 0.824568
0.948786 0.443574
0.345837 0.401913
0.0138585 0.697368
0.130094 0.974112
0.477539 0.507436
0.991053 0.917504
0.854807 0.667011
0.752788 0.848678
0.216451 0.737643
0.692566 0.144192
0.296085 0.0488603
0.453797 0.150554
0.780719 0.899211
0.736843 0.655881
0.349624 0.208126
0.480094 0.299197
0.650869 0.822765
0.70115 0.664932
0.522472 0.831941
0.638546 0
0.340088 0.633338
0.917482 0.194915
0.298538 0.671544
0.0435561 0.515502
0.409239 0.733312
0.659533 0.707286
0.779134 0.112617
0.857426 0.561719
0.0124094 0.595818
0.217435 0.362006
0.799966 0.696979
0.660845 0.451817
0.521491 0.363098
0.116729 0.0463326
0.195045 0.756471
0.0460764 0.536336
0.422097 0.944235
0.728353 0.68633
0.637507 0.771365
0.200276 0.0441978
0.504483 0.860238
0.752667 0.286724
0.972545 0.608672
0.84754 0.984816
0.20303 0.0652672
0.345722 0.00782365
0.761462 0.00703456
0.456547 0.282573
0.372414 0.570651
0.328166 0.56696
0.325733 0.371381
0.0996431 0.712443
0.336679 0.829352
0.432713 0.950631
0.602102 0.599873
0.0151247 0.107879
0.46038 0.766968
0.393883 0.430071
0.375259 0.243119
0.415601 0.579123
0.307992 0.761365
0.583221 0.0679847
0.769312 0.0387831
0.351037 0.141337
0.610415 0.677187
0.707855 0.937019
0.0499074 0.805854
0.648898 0.385512
0.635769 0.0472749
0.35649 0.238844
0.647061 0.372122
0.345301 0.107268
0.139395 0.740513
0.536404 0.513362
0.983042 0.951063
0.0938538 0.289108
0.713117 0.676275
0.356763 0.481736
0.716555 0.707412
0.622245 0.324649
0.386047 0.330793
0.261983 0.435187
0.13831 0.910389
0.818807 0.774718
0.95765 0.17473
0.0141459 0.607038
0.545686 0.359298
0.712446 0.684206
0.0997388 0.249595
0.19667 0.0824904
0.200665 0.293152
0.391512 0.908223
0.966459 0.727467
0.394844 0.68375
0.43385 0.0202247
0.0086377 0.817891
0.3502 0.27485
0.253946 0.487844
0.181774 0.0735348
0.263109 0.140455
0.247729 0.277299
0.746913 0.794681
0.636815 0.458728
0.480583 0.736478
0.707077 0.679389
0.817988 0.908233
0.968478 0.189919
0.820408 0.938219
0.916205 0.218372
0.621443 0.350369
0.237602 0.631315
0.171712 0.585205
0.903058 0.426034
0.0741953 0.0857601
0.50001 0.336439
0.227256 0.748033
0.614978 0.974344
0.542895 0.251757
0.431254 0.0240173
0.987426 0.140053
0.702034 0.805627
0.0470195 0.670718
0.992476 0.869034
0.609415 0.912113
0.0868497 0.230647
0.262283 0.324542
0.86141 0.433806
0.909415 0.765893
0.859573 0.985543
0.850874 0.359592
0.320359 0.0793817
0.107528 0.935599
0.0520302 0.650959
0.18758 0.481525
0.673177 0.172506
0.622523 0.37443
0.979818 0.672374
0.0453709 0.973962
0.539851 0.653117
0.882893 0.62397
0.883834 0.148446
0.949964 0.745202
0.580692 0.863961
0.511495 0.441943
0.846774 0.363419
0.800948 0.1681
0.476366 0.886436
0.105346 0.489926
0.560331 0.290947
0.973861 0.232611
0.465355 0.596533
0.605215 0.443374
0.270023 0.650775
0.418477 0.808221
0.302733 0.301942
0.434713 0.187603
0.450482 0.387985
0.934046 0.0325505
0.250744 0.444499
0.472287 0.0973287
0.80788 0.274377
0.265842 0.246808
0.184877 0.371361
0.737484 0.745236
0.663499 0.71192
0.977269 0.126551
0.31221 0.583276
0.572576 0.578606
0.234506 0.989568
0.387589 0.535344
0.292346 0.824753
0.721171 0.741909
0.211783 0.653611
0.772202 0.462636
0.0982594 0.247459
0.560524 0.904235
0.522247 0.825828
0.149911 0.708098
0.19845 0.888576
0.451592 0.858673
0.60097 0.429025
0.985146 0.910391
0.0108132 0.557016
0.491666 0.242825
0.547433 0.876446
0.779513 0.837179
0.700661 0.501613
0.579007 0.915046
0.156938 0.352716
0.374757 0.255023
0.598763 0.93521
0.15785 0.122351
0.761672 0.310537
0.828366 0.956082
0.199954 0.282083
0.814897 0.800276
0.710167 0.800785
0.714099 0.720552
0.356802 0.205977
0.964294 0.902977
0.082631 0.7428
0.741197 0.783527
0.24521 0.320266
0.699368 0.400788
0.671757 0.0723477
0.656268 0.269445
0.00577148 0.813862
0.393399 0.765572
0.125693 0.222336
0.723331 0.325434
0.503477 0.537308
0.127225 0.213679
0.339712 0.839764
0.933024 0.695
0.0442216 0.898052
0.598026 0.125925
0.643164 0.339546
0.910489 0.89029
0.659218 0.608757
0.291535 0.332391
0.682615 0.948362
0.603251 0.688606
0.761578 1
0.455533 0.889335
0.21758 0.177085
0.215094 0.723557
0.715423 0.341384
0.936145 0.0525079
0.185495 0.869146
0.748358 0.22491
0.77078 0.348521
0.354751 0.412936
0.689362 0.264122
0.302859 0.347352
0.875828 0.593279
0.67905 0.555241
0.543128 0.282689
0.244135 0.305157
0.278383 0.696646
0.193864 0.496071
0.876586 0.410695
0.219789 0.590255
0.753534 0.154196
0.642774 0.934829
0.0264123 0.391209
0.162199 0.795043
0.736202 0.515851
0.20842 0.424683
0.780296 0.511593
0.770497 0.654638
0.105263 0.450121
0.208976 0.648506
0.731991 0.452723
0.954323 0.0102533
0.150739 0.149726
0.508647 0.0272479
0.559129 0.72822
0.619427 0.310157
0.882659 0.262912
0.24787 0.909185
0.652415 0.407727
0.703552 0.388766
0.923214 0.911218
0.814932 0.704391
0.424135 0.587492
0.356818 0.529511
0.0358726 0.566448
0.178163 0.770451
0.0177772 0.132579
0.77986 0.17068
0.281804 0.287203
0.198216 0.840433
0.0141759 0.81393
0.153794 0.896807
0.0773845 0.398486
0.80402 0.72988
0.807924 0.509464
0.120673 0.731214
0.451017 0.90965
0.435016 0.842945
0.52207 0.791585
0.373169 0.557524
0.357815 0.551292
0.32783 0.377061
0.683718 0.105376
0.544514 0.964971
0.39362 0.7437
0.808137 0.408636
0.558474 0.960257
0.306341 0.636618
0.357978 0.111894
0.365807 0.166977
0.61867 0.486273
0.899207 0.0403071
0.422044 0.332975
0.882549 0.943461
0.124541 0.256791
0.500251 0.481444
0.807692 0.826842
0.859365 0.492866
0.933825 0.405698
0.458137 0.326038
0.149489 0.266198
0.735643 0.709492
0.224589 0.0406422
0.347219 0.585684
0.151312 0.712106
0.751219 0.771203
0.197992 0.649144
0.811492 0.618984
0.981229 0.696551
0.56054 0.105216
0.952845 0.0631919
0.588388 0.760231
0.889821 0.446416
0.253036 0.824675
0.853953 0.711731
0.156375 0.00675366
0.975083 0.885264
0.711137 0.198813
0.926824 0.056837
0.786046 0.0773612
0.768004 0.536793
0.849292 0.965404
0.186206 0.661697
0.583432 0.165492
0.356169 0.146398
0.273527 0.30918
0.211621 0.861105
0.0695326 0.0996561
0.308406 0.32251
0.922376 0.160853
0.0339707 0.0734807
0.16681 0
0.96074 0.871559
0.213434 0.886496
0.92908 0.996962
0.96448 0.697492
0.535097 0.815981
0.66315 0.720116
0.478107 0.245072
0.888184 0.833121
0.391589 0.161761
0.143263 0.599487
0.0217463 0.212844
0.698945 0.329816
0.534513 0.623189
0.4916 0.569051
0.696516 0.654323
0.578602 0.656961
0.52653 0.790248
0.543318 0.454445
0.788714 0.509227
0.152368 0.325114
0.325247 0.813541
0.0434578 0.799626
0.059682 0.929237
0.633848 0.451506
0.0927579 0.777721
0.0520369 0.11264
0.987725 0.751154
0.444732 0.52456
0.406663 0.91711
0.0933535 0.0710772
0.587077 0.671243
0.728617 0.112007
0.461982 0.26961
0.570046 0.250633
0.78021 0.721823
0.572223 0.105024
0.535627 0.617277
0.90654 0.593181
0.547691 0.539508
0.0467525 0.639894
0.31737 0.0998127
0.753631 0.306386
0.848892 0.195427
0.83221 0.22257
0.130029 0.924671
0.293022 0.716971
0.59493 0.0206599
0.833318 0.0572764
0.292857 0.401554
0.305812 0.0750967
0.125135 0.88113
0.178247 0.658261
0.4963 0.0837074
0.252019 0.0465035
0.626221 0.299476
0.684293 0.942231
0.397943 0.436846
0.247237 0.248448
0.632752 0.0791184
0.471005 0.762093
0.00663356 0.76121
0.478961 0.60213
0.786567 0.311438
0.65873 0.0774473
0.713458 0.967842
0.150358 0.83658
0.846797 0.330488
0.49512 0.344546
0.414462 0.747842
0.388356 0.0387901
0.0495465 0.0742175
0.980866 0.445264
0.510991 0.229168
0.695168 0.142033
0.31224 0.164823
0.905473 0.31776
0.928352 0.38436
0.916635 0.712397
0.695978 0.577935
0.790884 0.409768
0.544956 0.941107
0.24389 0.39441
0.272776 0.738811
0.738575 0.684528
0.487597 0.127612
0.723328 0.537332
0.202766 0.705896
0.983385 0.714384
0.934038 0.677973
0.854713 0.244858
0.843432 0.760089
0.563293 0.772814
0.146709 0.480196
0.485819 0.842811
0.0595926 0.277146
0.252013 0.60269
0.218675 0.494158
0.997846 0.488533
0.235133 0.735762
0.173696 0.721859
0.862554 0.896569
0.25709 0.0676723
0.600628 0.24215
0.779418 0.535241
0.921761 0.632824
0.780204 0.766752
0.394876 0.343116
0.538043 0.539197
0.822587 0.0236771
0.386867 0.877661
0.301691 0.632599
0.486234 0.518214
0.128979 0.481851
0.00615506 0.362852
0.218278 0.181041
0.0847302 0.0822678
0.0798287 0.344312
0.146836 0.678154
0.5878 0.92559
0.213697 0.50926
0.555653 0.994586
0.278515 0.954679
0.336832 0.813601
0.493745 0.158958
0.834986 0.876198
0.0409757 0.136389
0.507462 0.527169
0.654833 0.635082
0.0102542 0.661514
0.996016 0.227459
0.844058 0.081189
0.313167 0.919683
0.425394 0.457557
0.597647 0.0131452
0.38506 0.808091
0.523409 0.940053
0.806873 0.799288
0.897205 0.143954
0.611617 0.391143
0.302998 0.448839
0.267139 0.343187
0.585589 0.775198
0.870399 0.238338
0.415161 0.877035
0.900893 0.407266
0.110093 0.742658
0.489029 0.417178
0.662395 0.915395
0.87595 0.260245
0.928101 0.259725
0.0723132 0.452232
0.204281 0.877879
0.249991 0.0999749
0.0207337 0.860434
0.491107 0.3226
0.311085 0.756517
0.666787 0.896151
0.532413 0.53651
0.135923 0.943279
0.416577 0.0382166
0.350368 0.525025
0.779038 0.838981
0.944002 0.441027
0.755561 0.819559
0.701708 0.684543
0.0814896 0.773411
0.136091 0.282901
0.652532 0.387237
0.381748 0.673638
0.249974 0.873182
0.998368 0.558237
0.630242 0.664038
0.45631 0.163994
0.201845 0.591755
0.106471 0.618486
0.628184 0.455345
0.145078 0.406695
0.293628 0.0916728
0.848807 0.048752
0.910989 0.549001
0.733563 0.989099
0.325888 0.871064
0.275864 0.977758
0.256644 0.65405
0.648866 0.503672
0.525699 0.64905
0.0638475 0.15734
0.312018 0.521521
0.319675 0.514641
0.113514 0.425331
0.135161 0.741916
0.882013 0.279187
0.148873 0.178131
0.395863 0.973321
0.227738 0.277471
0.545138 0.960175
0.268507 0.871276
0.830502 0.538572
0.848181 0.0844647
0.191116 0.495449
0.591343 0.71794
0.145488 0.654859
0.875138 0.456556
0.177124 0.194614
0.971253 0.289441
0.621815 0.103343
0.0320074 0.503023
0.382015 0.181502
0.678705 0.749925
0.178769 0.906068
0.0253711 0.722887
0.866 0.295126
0.596053 0.697694
0.832753 0.442408
0.783111 0.0244217
0.940679 0.37198
0.742897 0.0814273
0.0290257 0.618367
0.541592 0.204769
0.813185 0.511878
0.494699 0.4324
0.615145 0.526455
0.934911 0.996611
0.705968 0.61435
0.748627 0.884655
0.518769 0.775173
0.607887 0.386733
0.0682424 0.20476
0.0834399 0.900267
0.647155 0.865986
0.926839 0.587118
0.240111 0.668396
0.673848 0.268464
0.286726 0.214087
0.47304 0.0999305
0.727455 0.969606
0.533062 0.34228
0.49292 0.467965
0.339543 0.202534
0.0803248 0.0870159
0.0852688 0.599532
0.861645 0.695277
0.983917 0.928375
0.90127 0.0706391
0.831609 0.5484
0.934378 0.756881
0.134376 0.176952
0.427057 0.806011
0.445647 0.712705
0.0209849 0.917967
0.811639 0.747966
0.888686 0.345669
0.0908078 0.381585
0.814489 0.430362
0.583428 0.895052
0.516141 0.669792
0.494088 0.377068
0.364923 0.481867
0.306656 0.264488
0.547474 0.136988
0.810949 0.485721
0.892587 0.94645
0.662165 0.320168
0.751774 0.101817
0.0326152 0.773032
0.0243546 0.843949
0.52597 0.906285
0.191718 0.613098
0.292438 0.00733373
0.043105 0.875765
0.900846 0.559175
0.546322 0.394393
0.937278 0.912073
0.874479 0.244553
0.17459 0.423041
0.413094 0.965616
0.908642 0.277167
0.935389 0.570871
0.596705 0.687142
0.676471 0.629664
0.46273 0.702457
0.45862 0.935735
0.614107 0.666671
0.598473 0.908234
0.671722 0.641794
0.784186 0.570581
0.200294 0.331328
0.965553 0.138306
0.242427 0.84011
0.383062 0.417175
0.265543 0.764629
0.404632 0.173541
0.0426162 0.339036
0.743367 0.637796
0.0265079 0.42273
0.268456 0.487961
0.12583 0.742173
0.472815 0.736396
0.407204 0.0708552
0.643921 0.0798157
0.711334 0.426513
0.651603 0.911637
0.758216 0.617253
0.0618808 0
0.456726 0.431405
0.41834 0.718758
0.19792 0.821881
0.893635 0.23991
0.160268 0.637195
0.877346 0.185143
0.0593426 0.144288
0.672879 0.182284
0.887042 0.145299
0.920504 0.297274
0.213516 0.563805
0.405794 0.908842
0.991786 0.0309596
0.83756 0.751412
0.647767 0.886393
0.752057 0.0993225
0.319644 0.17051
0.824637 0.516653
0.989903 0.720577
0.757165 0.151269
0.357921 0.634025
0.337282 0.416667
0.778631 0.00821631
0.600227 0.666086
0.153699 0.519164
0.963146 0.366836
0.0854156 0.34027
0.292334 0.0780033
0.369803 0.133117
0.827221 0.0170701
0.0191481 0.580002
0.122598 0.338777
0.748033 0.946242
0.854491 0.741218
0.664317 0.610327
0.895321 0.0212409
0.242225 0.232317
0.436866 0.0230743
0.239187 0.0388504
0.688527 0.393303
0.557288 0.649408
0.762455 0.641739
0.99083 0.057905
0.717936 0.359515
0.189539 0.544155
0.377567 0.208966
0.125571 0.498511
0.545943 0.87124
0.446148 0.399202
0.61539 0.11044
0.0119725 0.508941
0.132085 0.254672
0.737647 0.570485
0.280203 0.979129
0.608433 0.965128
0.372318 0.165672
0.612622 0.13483
0.806856 0.60374
0.193517 0.522545
0.965489 0.380924
0.0709919 0.342644
0.590751 0.192165
0.842267 0.136533
0.0677902 0.287704
0.537647 0.683305
0.398281 0.549038
0.19165 0.529099
0.802867 0.930787
0.0997716 0.0800796
0.908436 0.707571
0.0436194 0.283559
0.874538 0.655328
0.418518 0.680468
0.260881 0.611957
0.204236 0.225143
0.996357 0.274513
0.568211 0.585546
0.467807 0.408681
0.721145 0.535362
0.698395 0.258065
0.215711 0.095399
0.810019 0.409845
0.623664 0.613776
0.33869 0.726351
0.694038 0.246927
0.43292 0.734768
0.532129 0.305628
0.426284 0.929627
0.988077 0.654771
0.562806 0.190773
0.880095 0.556717
0.465555 0.444351
0.143905 0.932481
0.85407 0.866097
0.469699 0.551665
0.126211 0.685775
0.645091 0.936127
0.0938029 0.269639
0.548185 0.432664
0.992962 0.239723
0.682011 0.426096
0.974236 0.214768
0.734912 0.367602
0.164567 0.720497
0.021591 0.728391
0.911001 0.90023
0.284408 0.375349
0.345746 0.427576
0.309281 0.200513
0.296837 0.77772
0.751048 0.421298
0.463199 0.396561
0.357036 0.556888
0.666543 0.904917
0.991974 0.66309
0.143701 0.672128
0.087281 0.121569
0.887089 0.820624
0.48579 0.0534362
0.540146 0.507972
0.780106 0.452716
0.405853 0.0670432
0.828705 0.752441
0.493129 0.139848
0.951235 0.789885
0.915831 0.703507
0.208985 0.379626
0.10086 0.564379
0.935151 0.767853
0.495137 0.888604
0.430867 0.614568
0.59984 0.51661
0.733284 0.489027
0.337725 0.222875
0.542779 0.876438
0.73246 0.322612
0.330952 0.140064
0.389363 0.161607
0.89162 0.884112
0.302301 0.845839
0.674486 0.21653
0.551311 0.881574
0.597711 0.650806
0.450378 0.533125
0.449524 0.89356
0.459813 0.847498
0.534529 0.0584194
0.364455 0.268604
0.549124 0.703325
0.488994 0.0889189
0.58142 0.220745
0.442109 0.889473
0.361008 0.801116
0.0751184 0.252657
0.685776 0.37574
0.0989119 0.359103
0.594179 0.646626
0.241806 0.191507
0.296263 0.691434
0.725197 0.716222
0.610504 0.184115
0.56205 0.145921
0.246378 0.92783
0.416785 0.789976
0.630883 0.90398
0.880284 0.213521
0.126564 0.293987
0.128937 0.485881
0.0938499 0.20429
0.737561 0.780254
0.579702 0.836045
0.13903 0.174246
0.482377 0.380882
0.365761 0.77955
0.0735083 0.0895406
0.493949 0.685809
0.271305 0.0598585
0.831609 0.51798
0.984569 0.245258
0.312086 0.615763
0.14887 0.191031
0.829956 0.273942
0.486801 0.925183
0.760783 0.577872
0.160801 0.498737
0.359465 0.739344
0.33654 0.498286
0.910483 0.816048
0.879616 0.277243
0.596639 0.955542
0.365971 0.091019
0.640996 0.640153
0.14876 0.47004
0.155778 0.132828
0.716881 0.467928
0.749374 0.865765
0.658176 0.57804
0.140236 0.144739
0.536907 0.898503
0.72223 0.694605
0.40035 0.0816483
0.435285 0.735394
0.578603 0.346353
0.553007 0.458416
0.62169 0.150492
0.447476 0.966442
0.238735 0.0559214
0.629077 0.390056
0.526259 0.787688
0.523412 0.241533
0.254794 0.270579
0.108581 0.915278
0.848176 0.248889
0.0582372 0.382931
0.150852 0.780641
0.0790463 0.553639
0.86182 0.513537
0.291695 0.44159
0.859437 0.846072
0.899929 0.480581
0.996693 0.313918
0.473562 0.238636
0.367468 0.101637
0.629645 0.893588
0.889464 0.152476
0.134261 0.145741
0.424635 0.2452
0.0598231 0.271676
0.492886 0.117801
0.655565 0.646032
0.897522 0.733464
0.200132 0.7613
0.246799 0.490757
0.198738 0.106385
0.335658 0.10049
0.588979 0.333932
0.41089 0.0615932
0.574198 0.781455
0.163274 0.202729
0.672859 0.0512898
0.355278 0.809221
0.198933 0.776943
0.0540922 0.25799
0.0483413 0.548216
0.374227 0.703914
0.193251 0.275116
0.438231 0.391587
0.03434 0.685728
0.882485 0.233054
0.793205 0.218402
0.332836 0.380438
0.555216 0.744947
0.441114 0.128619
0.525034 0.604914
0.331784 0.198412
0.657495 0.684846
0.00553183 0.85355
0.459228 0.0603457
0.11376 0.508885
0.606476 0.489037
0.213523 0.801375
0.760549 0.651026
0.192815 0.794919
0.333569 0.0777211
0.0269808 0.128238
0.295102 0.359071
0.507725 0.850539
0.104719 0.948323
0.97907 0.629635
0.554331 0.309057
0.827262 0.211108
0.993621 0.832535
0.0661673 0.457769
0.892438 0.179317
0.965488 0.498685
0.667822 0.179539
0.300443 0.428328
0.831515 0.493297
0.222389 0.167365
0.568477 0.251594
0.296382 0.864586
0.60965 0.803676
0.714332 0.714276
0.753982 0.692125
0.344069 0.308417
0.00123111 0.169973
0.483854 0.978409
0.000842179 0.587067
0.45623 0.894038
0.764028 0.420551
0.394641 0.431599
0.59905 0.695148
0.860815 0.429692
0.186648 0.0824424
0.597538 0.757781
0.33593 0.891853
0.621254 0.944052
0.695522 0.336288
0.656352 0.449736
0.028734 1
0.757586 0.0285493
0.168218 0.277413
0.0241069 0.169108
0.862519 0.478195
0.0649282 0.627185
0.896756 0.4586
0.0587538 0.495904
0.155122 0.916318
0.925806 0.343179
0 0.519699
0.101571 0.332826
0.41282 0.720512
0.274077 0.109118
0.057667 0.932076
0.557251 0.0852704
0.93364 0.31309
0.114194 0.100809
0.588626 0.138212
0.270995 0.453416
0.616925 0.335016
0.0805702 0.512645
0.79672 0.135577
0.00873788 0.94718
0.0555591 0.930239
0.291285 0.0568441
0.453729 0.392549
0.389879 0.861644
0.114672 0.66373
0.973715 0.172873
0.596042 0.530995
0.257902 0.530454
0.84358 0.37166
0.630457 0.434395
0.514293 0.895653
0.887142 0.129395
0.240654 0.966461
0.64114 0.0317765
0.101936 0.648286
0.980651 0.15721
0.582707 0.274252
0.21058 0.0357751
0.666923 0.598746
0.902816 0.783378
0.264168 0.876025
0.952233 0.859004
0.408185 0.212209
0.388936 0.251984
0.582784 0.0178235
0.685353 0.0940673
0.921667 0.571811
0.223357 0.156975
0.536757 0.864713
0.189645 0.640122
0.515318 0.170222
0.796748 0.0974558
0.444518 0.0104738
0.13117 0.114109
0.607106 0.0333585
0.895501 0.872045
0.908367 0.850282
0.731493 0.314831
0.0607873 0.119509
0.5658 0.64576
0.138579 0.252687
0.739166 0.0573734
0.823959 0.963457
0.215608 0.362035
0.82881 0.406116
0.00186605 0.344686
0.578491 0.800109
0.440349 0.024258
0.808079 0.573892
0.136378 0.416574
0.606077 0.0327996
0.288512 0.516731
0.884584 0.0192525
0.832372 0.945912
0.137999 0.398728
0.59082 0.276485
0.653196 0.33016
0.336034 0.476101
0.29334 0.552911
0.839186 0.12217
0.958098 0.840941
0.467406 0.53601
0.64008 0.908726
0.558535 0.449114
0.482096 0.696704
0.867663 0.0892414
0.732458 0.153397
0.605823 0.613815
0.173635 0.438042
0.558726 0.313427
0.838372 0.147784
0.588395 0.488856
0.499134 0.894615
0.964694 0.772897
0.480301 0.803852
0.893721 0.436486
0.642957 0.3627
0.973281 0.284015
0.269551 0.532675
0.73331 0.752592
0.230181 0.600484
0.840338 0.96077
0.75554 0.448185
0.572604 0.932887
0.886424 0.132601
0.245302 0.723844
0.279992 0.834278
0.213631 0.759516
0.761257 0.177624
0.531299 0.240472
0.980661 0.424492
0.676289 0.625704
0.787573 0.649988
0.911874 0.0582299
0.183029 0.645232
0.810058 0.413185
0.24732 0.649709
0.371825 0.00394881
0.0977647 0.944915
0.934506 0.98301
0.0756801 0.180518
0.707703 0.35648
0.0159384 0.918471
0.11498 0.777094
0.0967799 0.644566
0.0177206 0.0795277
0.0721369 0.695839
0.705038 0.860477
0.346576 0.616932
0.918947 0.526049
0.261173 0.726684
0.939121 0.504972
0.379138 0.312045
0.509426 0.473782
0.256567 0.446934
0.458526 0.332201
0.624908 0.164863
0.689234 0.642929
0.0858705 0.803838
0.419441 0.183185
0.45106 0.438201
0.261851 0.523365
0.132516 0.966717
0.381958 0.478921
0.583308 0.299405
0.00370971 0.842338
0.0261786 0.942508
0.351547 0.40153
0.256025 0.861801
0.878284 0.509957
0.309135 0.336473
0.844414 0.9365
0.500259 0.534512
0.579288 0.58494
0.366404 0.976021
0.767967 0.790589
0.434562 0.0303046
0.313149 0.568852
0.995971 0.695698
0.0436932 0.579059
0.993965 0.0480457
0.420916 0.0195209
0.988259 0.773764
0.423307 0.246585
0.636593 0.297972
0.755137 0.942613
0.633197 0.600004
0.878773 0.134623
0.134926 0.456443
0.718944 0.475496
0.456573 0.48636
0.266141 0.891982
0.515798 0.576968
0.459923 0.511447
0.271037 0.503497
0.0914607 0.263465
0.55033 0.512161
0.281576 0.54176
0.285693 0.701857
0.785662 0.921859
0.00013138 0.541817
0.865015 0.632634
0.143961 0.742349
0.769547 0.2762
0.201418 0.485938
0.75026 0.655767
0.973737 0.0156332
0.546102 0.488508
0.590966 0.0062265
0.00185645 0.862393
0.508658 0.0906882
0.126499 0.061323
0.604298 0.4085
0.601538 0.892777
0.110111 0.386936
0.81274 0.109058
0.929163 0.676045
0.744121 0.0687193
0.421486 0.512297
0.348959 0.623395
0.000208677 0.0988109
0.282587 0.9749
0.113341 0.825304
0.462974 0.705752
0.833911 0.464845
0.566412 0.342879
0.555082 0.693043
0.402725 0.159565
0.107435 0.0092341
0.0502435 0.21203
0.393594 0.858817
0.321304 0.321237
0.54108 0.0655331
0.426114 0.942716
0.578874 0.739257
0.585744 0.578948
0.835611 0.863265
0.552321 0.949659
0.689091 0.0165902
0.653846 0.520912
0.481019 0.220228
0.864208 0.0347731
0.913983 0.265595
0.195035 0.0157385
0.268862 0.247302
0.226691 0.660851
0.109504 0.547742
0.984167 0.65287
0.614078 0.375531
0.611946 0.194204
0.114401 0.199396
0.773218 0.950591
0.0628717 0.328143
0.90148 0.749541
0.34405 0.557172
0.271521 0.824009
0.779998 0.134139
0.859994 0.693752
0.398022 0.0557407
0.708538 0.669967
0.304085 0.936743
0.33172 0.41112
0.485454 0.313938
0.0607576 0.0999907
0.690043 0.676172
0.293066 0.805326
0.873914 0.0667643
0.758263 0.934451
0.394347 0.659785
0.682888 0.740276
0.219398 0.956951
0.558641 0.995152
0.0912389 0.422526
0.68765 0.489693
0.479402 0.397989
0.159138 0.781549
0.334654 0.491024
0.191961 0.820051
0.805788 0.251283
0.918193 0.49452
0.926062 0.212383
0.301054 0.800624
0.277493 0.0583997
0.734698 0.674768
0.716711 0.417767
0.442809 0.906999
0.40566 0.95369
0.930207 0.464269
0.401739 0.618732
0.955189 0.878016
0.0150164 0.11526
0.659338 0.349397
0.604371 0.852997
0.169524 0.409014
0.104069 0.0890208
0.90777 0.0327342
0.300336 0.20712
0.832024 0.579909
0.263439 0.565762
0.258673 0.982266
0.987292 0.668463
0.914521 0.361011
0.6447 0.842475
0.826357 0.0435224
0.46189 0.781768
0.923067 0.474356
0.896805 0.581778
0.826898 0.500842
0.470532 0.966245
0.912471 0.537474
0.08455 0.817087
0.570051 0.385218
0.0251191 0.403125
0.965239 0.287706
0.968055 0.220023
0.272555 0.956315
0.885077 0.183991
0.314907 0.52968
0.0261893 0.14251
0.570927 0.48744
0.92321 0.493617
0.965108 0.818284
0.078009 0.79023
0.319367 0.51207
0.788694 0.229127
0.0501411 0.87157
0.0475025 0.620705
0.256509 0.072754
0.0234404 0.224746
0.387697 0.969746
0.442134 0.631636
0.948503 0.327089
0.81159 0.264041
0.857205 0.839267
0.407578 0.431527
0.326626 0.33105
0.924742 0.290772
0.15604 0.00885812
0.0810369 0.469367
0.514241 0.868949
0.699112 0.564942
0.742092 0.747987
0.189748 0
0.820156 0.209595
0.224217 0.179534
0.203093 0.667938
0.807311 0.150776
0.998493 0.621351
0.417608 0.854045
0.45999 0.822984
0.287609 0.784473
0.153604 0.210666
0.0757763 0.304305
0.214931 0.157129
0.771865 0.729961
0.0249707 0.472446
0.296621 0.768441
0.220743 0.481198
0.769452 0.0388771
0.689579 0.994907
0.219045 0.894661
0.662286 0.0253295
0.0456573 0.660634
0.64488 0.462983
0.514122 0.103243
0.286561 0.801373
0.88783 0.438493
0.0144829 0.962136
0.743473 0.226011
0.121418 0.513603
0.958321 0.145096
0.987163 0.253613
0.913206 0.207635
0.735414 0.683327
0.245412 0.426729
0.679106 0.462578
0.320967 0.341111
0.489547 0.366005
5.63899e-05 0.133792
0.828853 0.516696
0.23563 0.112837
0.317871 0.127578
0.55244 0.331016
0.0915434 0.295631
0.558345 0.211384
0.810485 0.517038
0.358623 0.797528
0.77212 0.270891
0.00502621 0.50411
0.954848 0.249088
0.931441 0.632776
0.715001 0.250072
0.973413 0.200776
0.620051 0.977574
0.335168 0.44703
0.493463 0.572848
0.561215 0.811132
0.700011 0.113655
0.14198 0.790627
0.409407 0.699995
0 0.219427
0.215444 0.358753
0.020066 0.987445
0.628668 0.021408
0.492862 0.585553
0.270774 0.425008
0.220135 0.983957
0.677922 0.190415
0.185257 0.296842
0.167202 0.519632
0.742367 0.660552
0.0940537 0.304478
0.473193 0.792209
0.420732 0.613712
0.581564 0.82918
0.31574 0.584582
0.0500593 0.532427
0.941953 0.0681426
0.51956 0.571982
0.0946189 0.0142663
0.156449 0.36039
0.436843 0.3746
0.342994 0.113682
0.566369 0.528876
0.410323 0.734617
0.0488933 0.153667
0.395633 0.142086
0.458291 0.866832
0.933311 0.876375
0.480441 0.514301
0.705961 0.794085
0.100115 0.755909
0.322919 0.0421087
0.821496 0.843331
0.612369 0.911063
0.857364 0.769265
0.270388 0.293792
0.145533 0.613771
0.406702 0.708943
0.144423 0.816344
0.4447 0.191542
0.968029 0.841003
0.33429 0.426169
0.709545 0.265514
0.301991 0.18764
0.783077 0.00738801
0.98011 0.880218
0.764418 0.306539
0.923535 0.583815
0.15102 0.534769
0.497872 0.00624296
0.303827 0.765588
0.302642 0.447913
0.381264 0.709382
0.157402 0.523898
0.525921 0.603615
0.71471 0.495264
0.442706 0.0514784
0.921187 0.151169
0.317441 0.225025
0.337585 0.10072
0.233112 0.319178
0.5 0.5
0.625029 0.904803
0.582176 0.777567
0.437448 0.0782323
0.784819 0.743435
0.84474 0.0872276
0.189439 0.225059
0.798128 0.349456
0.749883 0.322831
0.951541 0.465014
0.817702 0.395196
0.515827 0.740231
0.544933 0.832848
0.964225 0.883124
0.932235 0.196913
0.203313 0.915109
0.194248 0.827702
0.819008 0.774052
0.604452 0.257624
0.851723 0.389553
0.00173307 0.695488
0.476591 0.191028
0.919594 0.275047
0.539861 0.669232
0.596868 0.491295
0.133912 0.415803
0.887385 0.647834
0.156276 0.43141
0.482152 0.12159
0.315429 0.415331
0.3179 0.516945
0.331406 0.511616
0.344064 0.152068
0.289781 0.949387
0.410099 0.13829
0.338931 0.410606
0.831895 0.815341
0.601951 0.752299
0.0902445 0.142905
0.42246 0.687933
0.632491 0.557215
0.106566 0.519289
0.206756 0.262515
0.951508 0.690434
0.382731 0.26794
0.10862 0.702383
0.785021 0.439167
0.212002 0.12895
0.587821 0.497849
0.0790424 1
0.63676 0.416574
0.411629 0.470269
0.231417 0.0127375
0.223732 0.322318
0.155225 0.645308
0.0119268 0.786222
0.201692 0.116066
0.308614 0.411663
0.377861 0.261297
0.10381 0.760719
0.527545 0.209139
0.462235 0.311119
0.647429 0.674062
0.442347 0.236756
0.171829 0.517497
0.236934 0.807961
0.932825 0.645314
0.279373 0.165734
0.656833 0.500499
0.487939 0.814043
0.148718 0.496992
0.601665 0.350474
0.613688 0.910354
0.763028 0.996131
0.173365 0.866122
0.753156 0.69755
0.0753853 0.215338
0.00843882 0.723842
0.888664 0.449556
0.960921 0.0602986
0.96673 0.197951
0.867831 0.899594
0.843555 0.145776
0.0659245 0.50217
0.645989 0.550881
0.31563 0.794781
0.0495721 0.915781
0.146619 0.664563
0.827175 0.910006
0.654496 0.995452
0.774581 0.411486
0.6963 0.851058
0.625797 0.704762
0.573235 0.513741
0.154645 0.53451
0.572792 0.12045
0.730779 0.442171
0.0223525 0.575576
0.589159 0.0875342
0.0769141 0.236918
0.639899 0.392546
0.0326987 0.691654
0.30813 0.178839
0.354988 0.135457
0.0929898 0.0142234
0.134178 0.862248
0.423223 0.826512
0.712784 0.0486058
0.532804 0.285222
0.562075 0.687249
0.821757 0.136253
0.810331 0.551283
0.579086 0.833357
0.126768 0.1694
0.91924 0.204251
0.404685 0.561568
0.594467 0.436077
0.252656 0.90557
0.612807 0.608267
0.040868 0.700194
0.618091 0.17273
0.560844 0.0417153
0.00347385 0.273691
0.0914149 0.533443
0.559001 0.65205
0.221701 0.379824
0.788344 0.031932
0.931996 0.365903
0.866173 0.0573629
0.535747 0.786011
0.266133 0.940593
0.348086 0.858087
0.376647 0.597481
0.762915 0.991866
0.205785 0.804134
0.68893 0.82357
0.975992 0.250277
0.865876 0.978062
0.519327 0.952909
0.510286 0.0809465
0.610716 0.73362
0.463028 0.39832
0.768497 0.394392
0.765598 0.632
0.452324 0.301052
0.416658 0.714474
0.242479 0.764025
0.573857 0.618311
0.362021 0.337582
0.60653 0.565991
0.140567 0.29351
0.388994 0.117124
0.542842 0.256626
0.0954418 0.0662809
0.213747 0.606765
0.148143 0.824567
0.344003 0.610585
0.222098 0.108566
0.00506407 0.988774
0.7375 0.457347
0.291537 0.15634
0.17052 0.531533
0.91815 0.745037
0.148806 0.28096
0.0833902 0.752092
0.845893 0.22287
0.0461142 0.235737
0.342671 0.589554
0.491116 0.433014
0.65428 0.704335
0.0419487 0.799961
0.530958 0.383585
0.410767 0.750916
0.492911 0.413862
0.742219 0.230544
0.871591 0.0307552
0.386586 0.042472
0.563915 0.308569
0.786202 0.714045
0.585885 0.870451
0.466545 0.432754
0.0928705 0.512206
0.667505 0.431463
0.100659 0.161098
0.866694 0.755985
0.866888 0.907269
0.55692 0.395387
0.294727 0.967376
0.147498 0.784484
0.387784 0.882845
0.0164072 0.25237
0.921352 0.404375
0.294056 0.485476
0.712174 0.0793302
0.19981 0.301596
0.950046 0.66687
0.735278 0.0400461
0.18025 0.402658
0.473641 0.280815
0.563789 0.339405
0.0387231 0.431279
0.248287 0.594406
0.825304 0.539324
0.559026 0.972759
0.327073 0.943682
0.858974 0.340069
0.19696 0.781956
0.741969 0.49032
0.26699 0.455895
0.569499 0.466294
0.75573 0.520554
0.135867 0.489671
0.562036 0.31406
0.897142 0.0367866
0.596777 0.459614
0.376735 0.633281
0.888817 0.621008
0.228032 0.713004
0.161681 0.788654
0.683565 0.483553
0.732674 0.543164
0.822345 0.928858
0.326057 0.565893
0.419908 0.593529
0.0234591 0.989469
0.0600511 0.775302
0.510317 0.192932
0.266603 0.0744249
0.507179 0.16312
0.108077 0.106013
0.620603 0.483975
0.736961 0.510536
0.106575 0.964311
0.221438 0.269105
0.755152 0.907598
0.751228 0.488392
0.451504 0.574421
0.417678 0.774846
0.140334 0.83514
0.368962 0.162625
0.826162 0.427767
0.93882 0.334087
0.621572 0.207112
0.408266 0.130361
0.37138 0.516804
0.236913 0.992103
0.00408633 0.971107
0.501496 0.106756
0.936556 0.724369
0.373571 0.692756
0.630515 0.126165
0.178294 0.0816677
0.700783 0.596853
0.857672 0.842299
0.431358 0.227384
0.00231699 0.256632
0.654769 0.942156
0.591719 0.277647
0.151136 0.998565
0.408589 0.520658
0.514618 0.643508
0.512532 0.516207
0.614826 0.0144099
0.62459 0.552413
0.738202 0.998205
0.246417 0.370164
0.125225 0.427617
0.453767 0.825027
0.0239376 0.310603
0.667222 0.45378
0.538083 0.669983
0.7097 0.191571
0.612034 0.299098
0.472188 0.76153
0.301399 0.8787
0.281744 0.815741
0.521722 0.793601
0.331544 0.137619
0.808193 0.955948
0.691565 0.54879
0.954218 0.937002
0.919992 0.07937
0.365762 0.372068
0.904023 0.387003
0.68262 0.570415
0.841689 0.220805
0.240456 0.551914
0.415812 0.849897
0.848773 0.885409
0.612278 0.14896
0.764178 0.894216
0.96518 0.284688
0.688434 0.295444
0.422639 0.497156
0.249801 0.112207
0.0444853 0.205319
0.0514968 0.962749
0.283114 0.41698
0.335918 0.187844
0.802715 0.0173616
0.757092 0.643883
0.24129 0.998803
0.195149 0.654098
0.851373 0.0436917
0.536788 0.462589
0.19419 0.303409
0.358068 0.160152
0.587068 0.0459022
0.45282 0.00973421
0.543467 0.706606
0.123336 0.585643
0.91172 0.175353
0.551465 0.194698
0.587949 0.887923
0.384331 0.392691
0.905432 0.141771
0.0361304 0.144521
0.141415 0.231194
0.798875 0.987543
0.276394 0.336984
0.454512 0.470492
0.640207 0.813139
0.630764 0.22744
0.859955 0.0854198
0.235608 0.401346
0.79431 0.360731
0.988917 0.707183
0.532196 0.540408
0.900902 0.12298
0.427803 0.284984
0.51497 0.332954
0.425155 0.550933
0.479299 0.564471
0.783291 0.275883
0.55475 0.057081
0.613511 0.00902082
0.528733 0.253365
0.82069 0.157994
0.481019 0.680652
0.24398 0.71754
0.0842976 0.0367854
0.0770504 0.0728906
0.742174 0.610658
0.613689 0.643049
0.731498 0.0394329
0.925943 0.245418
0.374801 0.351934
0.795628 0.852544
0.917018 0.576142
0.130311 0.469446
0.636008 0.741262
0.479529 0.163198
0.995836 0.301
0.321727 0.476718
0.983635 0.565889
0.193331 0.0641184
0.602526 0.27003
0.136823 0.34553
0.879082 0.749469
0.988501 0.61213
0.791961 0.914376
0.856482 0.166379
0.266724 0.653567
0.0180357 0.181598
0.229996 0.147912
0.650907 0.863645
0.890829 0.131657
0.0267833 0.884203
0.43258 0.348794
0.363305 0.413678
0.915325 0.556358
0.478263 0.515472
0.828587 0.614084
0.860887 0.707482
0.365652 0.846736
0.317613 0.156584
0.761044 0.174836
0.319966 0.0277112
0.826852 0.341629
0.207472 0.0582321
0.487272 0.860046
0.922358 0.378899
0.989976 0.947304
0.265821 0.422631
0.298632 0.62954
0.836434 0.211401
0.185779 0.314036
0.726962 0.0133735
0.928868 0.585301
0.7228 0.29047
0.433095 0.0412126
0.446493 0.194437
0.216009 0.770922
0.219611 0.0414742
0.110867 0.427923
0.0989449 0.5997
0.284883 0.021903
0.979662 0.274909
0.969505 0.246548
0.70026 0.26534
0.876472 0.532728
0.475924 0.0615614
0.847526 0.204761
0.0784298 0.772937
0.791672 0.798394
0.0653682 0.224991
0.838281 0.51301
0.417703 0.0543445
0.284011 0.638369
0.0951164 0.393544
0.0659341 0.193616
0.996285 0.351466
0.215968 0.973422
0.628019 0.182869
0.219172 0.326813
0.449561 0.0947395
0.857952 0.928666
0.156275 0.706064
0.136413 0.233755
0.498688 0.895529
0.031232 0.544775
0.152558 0.867864
0.0572661 0.569882
0.922734 0.341095
0.208363 0.0155869
0.737818 0.274595
0.209669 0.731145
0.627597 0.424296
0.705292 0.255042
0.60808 0.923928
0.583426 0.0581357
0.0181556 0.443188
0.988474 0.174247
0.147027 0.123559
0.409541 0.62868
0.0496338 0.441036
0.172126 0.200104
0.307386 0.22935
0.77134 0.227209
0.567382 0.980887
0.246792 0.304849
0.254228 0.455266
0.0341737 0.881154
0.878209 0.736774
0.142031 0.485842
0.659469 0.723961
0.545752 0.677126
0.168453 0.533919
0.853452 0.31907
0.659759 0.256965
0.943749 0.707558
0.697489 0.114864
0.910561 0.0061868
0.344487 0.678483
0.23734 0.914514
0.658283 0.481506
0.220682 0.913415
0.93544 0.25298
0.796356 0.814361
0.988858 0.936602
0.301672 0.650164
