0.799943 0.810295
0.691539 0.542705
0.299357 0.791339
0.163624 0.375094
0.600772 0.23691
0.979767 0.537832
0.564379 0.0641861
0.185672 0.540125
0.705045 0.0610135
0.733726 0.782569
0.573493 0.436158
0.85418 0.964394
0.891576 0.756624
0.335829 0.825072
0.687274 0.822613
0.560172 0.488495
0.633018 0.250925
0.0283433 0.93231
0.0445893 0.19303
0.309084 0.6431
0.429124 0.290627
0.181941 0.991974
0.352666 0.368994
0.53413 0.0578491
0.43046 0.269167
0.837017 0.00214966
0.701934 0.695447
0.968987 0.595208
0.452045 0.305471
0.421704 0.140752
0.128133 0.983106
0.630596 0.762296
0.23244 0.658862
0.696158 0.275075
0.84817 0
0.918938 0.279825
0.29315 0.103555
0.273581 0.646262
0.468286 0.80978
0.706137 0.900844
0.0777462 0.545314
0.904288 0.77931
0.242691 0.875468
0.375659 0.694172
0.180546 0.797541
0.835809 0.310338
0.776774 0.46671
0.074185 0.0130345
0.125576 0.766223
0.287274 0.974928
0.770361 0.207618
0.258404 0.064773
0.308121 0.531342
0.709661 0.779234
0.339944 0.415802
0.681732 0.418064
0.960139 0.5865
0.198217 0.20423
0.460325 0.573601
0.89801 0.64198
0.369138 0.735519
0.948434 0.146257
0.20283 0.0230252
0.159144 0.328247
0.788069 0.44619
0.30385 0.558645
0.652549 0.564927
0.624976 0.960627
0.0960651 0.332313
0.740446 0.436319
0.748203 0.420781
0.854447 0.710464
0.010846 0.0485089
0.913247 0.468007
0.624937 0.815016
0.109765 0.993724
0.549013 0.0606193
0.140832 0.750948
0.0845526 0.298893
0.0795833 0.874339
0.744056 0.384705
0.43234 0.397823
0.945345 0.0570159
0.359702 0.0418907
0.39238 0.100023
0.477974 0.139298
0.521331 0.332348
0.849473 0.527921
0.383763 0.764617
0.995903 0.00814135
0.579877 0.104636
0.00258014 0.12938
0.16794 0.143166
0.876602 0.253833
0.442873 0.954458
0.129214 0.187583
0.340285 0.562101
0.586506 0.287469
0.620059 0.944088
0.330213 0.0118726
0.0441215 0.809253
0.1509 0.565433
0.141852 0
0.0936557 0.524079
0.766163 0.0881572
0.533235 0.345651
0.195384 0.534178
0.471914 0.3646
0.677046 0.349407
0.618081 0.119015
0.306682 0.745693
0.305765 0.646926
0.306963 0.890956
0.935334 0.926789
0.835295 0.265738
0.935376 0.880736
0.0750968 0.087657
0.444437 0.214722
0.0894024 0.538538
0.737769 0.854643
0.628313 0.268923
0.199469 0.823568
0.80276 0.672188
0.187682 0.47952
0.0211057 0.805266
0.600769 0.327287
0.550958 0.906684
0.974938 0.857528
0.79685 0.909564
0.783481 0.633005
0.174338 0.720791
0.514106 0.246427
0.805401 0.958553
0.460552 0.89467
0.49712 0.197485
0.75034 0.123571
0.4667 0.948139
0.948169 0.270229
0.622979 0.136148
0.749813 0.642817
0.941355 0.349456
0.972453 0.49261
0.256867 0.945321
0.351517 0.0535994
0.85724 0.133322
0.685269 0.0306993
0.853224 0.199079
0.278036 0.659501
0.156769 0.738176
0.554726 0.655032
0.93635 0.304505
0.780487 0.40461
0.2551 0.729643
0.675389 0.875987
0.86637 0.425614
0.519427 0.807046
0.774909 0.491587
0.301443 0.0309196
0.438367 0.652547
0.08297 0.293511
0.783768 0.769999
0.324968 0.637501
0.968727 0.605446
0.29941 0.128941
0.343413 0.852741
0.784036 0.281649
0.158473 0.565839
0.686547 0.414529
0.294449 0.361935
0.289249 0.162055
0.787228 0.809334
0.969382 0.561307
0.299898 0.27027
0.592536 0.739716
0.921876 0.674061
0.0328553 0.706958
0.444966 0.360464
0.344829 0.415492
0.964338 0.642453
0.54208 0.309425
0.495956 0.325809
0.589022 0.654278
0.889624 0.27463
0.0685528 0.185207
0.635006 0.356495
0.344822 0.422743
0.166455 0.316065
0.981905 0.465799
0.586927 0.57608
0.204524 0.508173
0.2517 0.237741
0.214128 0.694828
0.596557 0.560606
0.109799 0.560426
0.20128 0.651441
0.868546 0.698993
0.974544 0.457204
0.352525 0.864058
0.731324 0.419746
0.0496487 0.367462
0.775334 0.395357
0.788733 0.940863
0.710659 0.771797
0.40712 0.298733
0.346744 0.610222
0.804665 0.598025
0.8459 0.0166448
0.292165 0.442949
0.57873 0.404969
0.00478117 0.783336
0.0527173 0.872438
0.481667 0.0261524
0.329271 0.832757
0.887802 0.0609447
0.255285 0.939225
0.428593 0.0301061
0.334953 0.219088
0.96942 0.0461659
0.988831 0.377811
0.342614 0.340437
0.987977 0.147521
0.936199 0.838811
0.170567 0.230736
0.28207 0.749945
0.633331 0.285661
0.533214 0.685718
0.159601 0.0144394
0.711394 0.486518
0.849101 0.602626
0.550393 0.103684
0.544843 0.980056
0.135184 0.880762
0.199158 0.105812
0.921782 0.184932
0.487469 0.270505
0.526008 0.477619
0.419304 0.462492
0.314831 0.588746
0.694457 0.595177
0.339775 0.326463
0.882251 0.87366
0.0125428 0.037789
0.888103 0.720029
0.529474 0.737292
0.325673 0.0757962
0.838891 0.870035
0.0546223 0.974438
0.748746 0.252712
0.079888 0.674885
0.441911 0.567398
0.943509 0.969621
0.0439999 0.364375
0.431816 0.359316
0.952063 0.123328
0.955869 0.293294
0.44898 0.838659
0.167795 0.460736
0.876237 0.0513357
0.181236 0.404505
0.792935 0.50605
0.481418 0.63366
0.373179 0.537484
0.608494 0.121739
0.789838 0.687451
0.797002 0.233642
0.255343 0.743409
0.200725 0.299329
0.107968 0.632333
0.658377 0.0626515
0.756043 0.613527
0.357944 0.206199
0.452491 0.526623
0.667573 0.331261
0.580159 0.847144
0.737546 0.374029
0.351987 0.219858
0.0066213 0.726645
0.754619 0.612987
0.849234 0.546804
0.301067 0.647432
0.779853 0.555796
0.392203 0.976869
0.855162 0.499892
0.610268 0.515167
0.563658 0.367373
0.131096 0.921661
0.573363 0.580725
0.447518 0.23859
0.909851 0.0251697
0.0848 0.649687
0.40081 0.437583
0.869101 0.408084
0.164271 0.625453
0.0274045 0.0115465
0.172439 0.322752
0.66226 0.948939
0.877674 0.0487438
0.927888 0.734678
0.551696 0.539332
0.250207 0.115919
0.9049 0.378521
0.0376366 0.477616
0.959158 0.482776
0.716522 0.871189
0.511172 0.803315
0.521946 0.91267
0.240408 0.39126
0.318826 0.407442
0.0169315 0.340723
0.418923 0.187042
0.665867 0.0795827
0.138591 0.545199
0.13523 0.0660946
0.280416 0.684257
0.605657 0.532081
0.799229 0.511713
0.909362 0.836841
0.989119 0.867477
0.317823 0.705231
0.740928 0.828956
0.508819 0.261828
0.741861 0.74968
0.653994 0.0616527
0.154291 0.670152
0.404128 0.575728
0.856959 0.066437
0.655599 0.996102
0.615822 0.788705
0.0625346 0.894826
0.471338 0.66776
0.426735 0.272334
0.178636 0.335259
0.10644 0.168405
0.2038 0.424261
0.870593 0.945592
0.253549 0.38067
0.205755 0.995152
0.129433 0.861981
0.0571195 0.285326
0.531004 0.462342
0.86075 0.391287
0.529589 0.516207
0.384783 0.143102
0.302174 0.447745
0.0396506 0.774796
0.116005 0.465014
0.0446604 0.293304
0.800963 0.15084
0.459953 0.00425587
0.575698 0.334337
0.948091 0.828791
0.714586 0.155834
0.82501 0.846117
0.0169686 0.880963
0.132748 0.548038
0.344751 0.993962
0.937301 0.874047
0.509121 0.323915
0.0163428 0.812567
0.771136 0.0565317
0.58744 0.889376
0.519586 0.632863
0.18244 0.321922
0.782716 0.642128
0.326168 0.359363
0.975811 0.275352
0.186373 0.691153
0.431856 0.0121891
0.537447 0.451304
0.892604 0.669246
0.993855 0.232263
0.662916 0.935711
0.108773 0.17224
0.260505 0.126165
0.983656 0.0317583
0.180737 0.572657
0.919013 0.701255
0.204803 0.101169
0.0229436 0.98547
0.74256 0.350312
0.346763 0.719853
0.627058 0.53451
0.410292 0.0584287
0.546315 0.947726
0.507764 0.436766
0.617612 0.507591
0.674035 0.280181
0.442185 0.782052
0.451453 0.703435
0.907738 0.435762
0.732523 0.0871697
0.00686715 0.652938
0.789573 0.212483
0.753586 0.812436
0.200413 0.496111
0.163267 0.54734
0.215577 0.790816
0.0804938 0.626711
0.847449 0.625552
0.574613 0.358526
0.0651429 0.191738
0.864371 0.735911
0.471949 0.307252
0.519582 0.922816
0.00782527 0.426365
0.357728 0.74314
0.515459 0.365651
0.397138 0.305985
0.575899 0.148709
0.117804 0.774988
0.646245 0.281414
0.322171 0.859952
0.0728552 0.404578
0.489782 0.922743
0.0315877 0.0619646
0.281213 0.0931017
0.254741 0.145432
0.828768 0.727352
0.452757 0.348977
0.648606 0.462746
0.773019 0.00536736
0.207381 0.289989
0.36941 0.602321
0.594075 0.946824
0.752151 0.71173
0.721929 0.399122
0.992199 0.0456155
0.263156 0.0689386
0.447833 0.750464
0.989929 0.477933
0.812329 0.270858
0.572294 0.0672227
0.413542 0.401068
0.794991 0.86816
0.749177 0.442353
0.328959 0.524207
0.447161 0.537321
0.815072 0.818746
0.140036 0.408628
0.763496 0.89168
0.122292 0.486699
0.291941 0.119452
0.533064 0.553156
0.18508 0.981228
0.302889 0.177141
0.46123 0.114943
0.444637 0.0331528
0.184863 0.860042
0.433407 0.978003
0.726815 0.183011
0.420445 0.0571381
0.708924 0.869219
0.59427 0.523791
0.687451 0.734174
0.931306 0.451481
0.628376 0.0522735
0.938061 0.919316
0.170149 0.47169
0.472346 0.356277
0.45219 0.775063
0.531702 0.913379
0.889671 0.978011
0.944527 0.0748533
0.83727 0.380223
0.055905 0.565026
0.563824 0.478675
0.624653 0.272247
0.346101 0.219673
0.792686 0.0346109
0.955841 0.724925
0.486788 0.58209
0.778476 0.425221
0.501698 0.949577
0.89475 0.973639
0.304429 0.34938
0.74771 0.83695
0.26172 0.638985
0.814259 0.209521
0.715266 0.652757
0.592057 0.772254
0.219261 0.15425
0.247024 0.843668
0.425068 0.595342
0.0640152 0.219126
0.629157 0.0160416
0.942339 0.114
0.599272 0.724798
0.541011 0.102751
0.671994 0.435737
0.0742475 0.978394
0.784267 0.822723
0.815286 0.045881
0.460868 0.629675
0.256721 0.178056
0.283884 0.846536
0.947641 0.502861
0.284143 0.356982
0.346191 0.426013
0.790793 0.411383
0.645043 0.420236
0.428324 0.589666
0.536184 0.028549
0.314816 0.0772443
0.131308 0.98532
0.511162 0.205506
0.963099 0.294145
0.0308131 0.779836
0.341097 0.490119
0.40919 0.598505
0.668565 0.693057
0.444783 0.617166
0.196587 0.44572
0.812439 0.543729
0.870871 0.605659
0.953147 0.515111
0.0251373 0.38246
0.105282 0.560242
0.41231 0.417292
0.636668 0.545031
0.401922 0.146401
0.751057 0.364974
0.441922 0.781107
0.144074 0.784192
0.272914 0.553051
0.383888 0.941396
0.246609 0.828619
0.55933 0.44539
0.273439 0.372421
0.983893 0.143774
0.976004 0.943603
0.660624 0.00116345
0.325288 0.765339
0.563497 0.739867
0.182807 0.201276
0.283273 0.583379
0.347885 0.0354069
0.949464 0.790688
0.816476 0.0938113
0.574899 0.0867805
0.649068 0.95768
0.0296435 0.895234
0.785485 0.589255
0.340883 0.0597522
0.962145 0.326407
0.208041 0.940343
0.269857 0.865417
0.941422 0.59561
0.631772 0.50618
0.334268 0.812387
0.705897 0.616429
0.398388 0.0521114
0.651313 0.347585
0.842285 0.466466
0.441971 0.41625
0.557227 0.0899622
0.373579 0.58534
0.982252 0.156227
0.176405 0.326769
0.219083 0.138882
0.655647 0.424355
0.0773593 0.926291
0.290828 0.0205374
0.521745 0.921407
0.524778 0.855649
0.734243 0.231273
0.472439 0.13182
0.284424 0.125867
0.480175 0.124616
0.591496 0.923531
0.543346 0.147242
0.0131697 0.913874
0.733073 9.4458e-05
0.0746483 0.91083
0.328888 0.294922
0.0488269 0.982913
0.718305 0.125655
0.907145 0.0053847
0.146584 0.429301
0.929584 0.670824
0.284649 0.664133
0.901132 0.757482
0.796365 0.186051
0.882298 0.278508
0.310545 0.473554
0.202737 0.853581
0.623313 0.214671
0.769008 0.356649
0.217747 0.844063
0.268142 0.544989
0.138688 0.317791
0.529836 0.855768
0.443582 0.440014
0.864136 0.590414
0.869251 0.794885
0.262537 0.157601
0.457701 0.163498
0.91551 0.256212
0.35046 0.798013
0.534147 0.660983
0.272633 0.737021
0.51417 0.89645
0.953525 0.283081
0.253126 0.1722
0.125605 0.521082
0.718878 0.264238
0.835538 0.249745
0.120387 0.28073
0.689075 0.983473
0.870505 0.561527
0.776297 0.13324
0.717238 0.236119
0.294678 0.633235
0.491869 0.645979
0.432563 0.0272146
0.304865 0.70514
0.764652 0.819207
0.600297 0.719152
0.102721 0.854249
0.88729 0.22945
0.373245 0.606402
0.492719 0.210481
0.855591 0.611981
0.491848 0.546996
0.597507 0.361906
0.106452 0.372682
0.494598 0.824155
0.611252 0.791303
0.457908 0.0992653
0.435795 0.891059
0.127126 0.741851
0.595095 0.892137
0.562493 0.196963
0.608027 0.66589
0.0515189 0.497878
0.894327 0.425346
0.105578 0.387033
0.638276 0.962826
0.997304 0.129224
0.509774 0.596383
0.492422 0.61601
0.965645 0.988593
0.439977 0.579147
0.777446 0.898178
0.678908 0.212139
0.790418 0.808196
0.954754 0.384056
0.699128 0.518539
0.584309 0.307938
0.182013 0.634621
0.804782 0.07809
0.058315 0.912036
0.465425 0.69679
0.873858 0.464035
0.823586 0.384705
0.0611918 0.3152
0.996986 0.0307558
0.303807 0.439006
0.608835 0.0823547
0.338604 0.28845
0.297835 0.127578
0.0955108 0.252865
0.511894 0.793009
0.770717 0.0929592
0.1002 0.95395
0.727109 0.906801
0.0323373 0.785707
0.819454 0.496335
0.481599 0.694263
0.960965 0.304743
0.0813532 0.0228176
0.624281 0.0768349
0.0493684 0.928283
0.516637 0.65906
0.0111195 0.85537
0.946107 0.307777
0.978116 0.0406221
0.561247 0.493029
0.83356 0.332741
0.586264 0.933921
0.286186 0.311753
0.84093 0.318837
0.0977353 0.661303
0.812809 0.580073
0.355143 0.774145
0.886573 0.432496
0.795852 0.511609
0.509692 0.847391
0.438855 0.0267036
0.505971 0.45097
0.880174 0.45273
0.758697 0.861068
0.493365 0.32094
0.353857 0.327981
0.653792 0.939334
0.261267 0.936825
0.253499 0.10229
0.257031 0.349861
0.761115 0.0703784
0.929213 0.115278
0.845126 0.819997
0.549274 0.64183
0.329108 0.059838
0.488278 0.768174
0.0848146 0.996698
0.218206 0.967861
0.449798 0.97454
0.827582 0.940698
0.296737 0.183817
0.270213 0.947935
0.123409 0.528446
0.887437 0.375532
0.632037 0.143586
0.726137 0.392418
0.214218 0.658222
0.509561 0.0596342
0.475658 0.0594197
0.701508 0.803605
0.11972 0.192054
0.572573 0.2043
0.187271 0.789718
0.171965 0.638807
0.764755 0.00219102
0.580426 0.0631231
0.182829 0.847877
0.013029 0.305556
0.376984 0.901264
0.680762 0.00680579
0.0473195 0.408224
0.399924 0.262806
0.0661063 0.910563
0.321152 0.542538
0.967674 0.0227743
0.348466 0.0872108
0.214528 0.919947
0.291745 0.403012
0.710303 0.464429
0.0390549 0.476235
0.46519 0.617984
0.540467 0.649769
0.465622 0.555866
0.954274 0.843172
0.45617 0.637042
0.850629 0.502537
0.0449627 0.249662
0.763883 0.110298
0.161066 0.0845907
0.654989 0.128527
0.109998 0.00363876
0.217492 0.322535
0.920675 0.508624
0.725465 0.629936
0.971727 0.764425
0.107401 0.439659
0.382667 0.647739
0.0886394 0.849216
0.203056 0.0452656
0.691683 0.657539
0.680365 0.543462
0.15949 0.726597
0.790489 0.924041
0.836832 0.951922
0.0104956 0.490607
0.0828312 0.11639
0.494713 0.299824
0.438619 0.413249
0.809004 0.164184
0.0454235 0.783986
0.925108 0.149876
0.22477 0.312393
0.799324 0.315219
0.160501 0
0.357635 0.852869
0.659293 0.0389231
0.395163 0.819353
0.764494 0.189744
0.744502 0.602019
0.140942 0.752541
0.0950912 0.223649
0.869491 0.588798
0.525039 0.309146
0.00245096 0.333007
0.473094 0.0457127
0.118425 0.401339
0.198698 0.342251
0.713603 0.997926
0.656171 0.873563
0.999044 0.0145645
0.727613 0.658801
0.0545388 0.123366
0.477895 0.820056
0.311659 0.223975
0.423714 0.454309
0.97581 0.518308
0.678543 0.845718
0.107273 0.202572
0.154136 0.108796
0.535598 0.626295
0.154129 0.654853
0.0289013 0.35401
0.995189 0.74434
0.351171 0.651977
0.616737 0.351243
0.667668 0.345761
0.0112495 0.721114
0.469057 0.491306
0.540362 0.782706
0.711059 0.965164
0.235518 0.688842
0.485535 0.915102
0.534578 0.591656
0.117735 0.688002
0.700937 0.652994
0.31412 0.854443
0.307697 0.343781
0.211996 0.305076
0.0871057 0.564101
0.956092 0.704104
0.915251 0.622949
0.0493811 0.927107
0.343012 0.519411
0.418769 0.884226
0.302797 0.132244
0.84889 0.538985
0.819858 0.334237
0.452813 0.354443
0.924725 0.571326
0.0419484 0.625425
0.223935 0.357746
0.483064 0.534704
0.700224 0.695996
0.837076 0.788356
0.260344 0.792323
0.490869 0.175148
0.414781 0.542339
0.104087 0.758268
0.06179 0.5215
0.643126 0.363027
0.653761 0.491468
0.901168 0.472198
0.82523 0.355456
0.826599 0.751976
0.924053 0.869277
0.377259 0.151244
0.224039 0.862078
0.685423 0.924694
0.555903 0.522426
0.712284 0.815885
0.314063 0.203913
0.993577 0.732063
0.744618 0.0957976
0.48871 0.806512
0.620095 0.131521
0.169969 0.270854
0.625887 0.0708689
0.744536 0.45237
0.427264 0.571009
0.201927 0.353009
0.440604 0.581023
0.504484 0.665821
0.44013 0.189445
0.590718 0.99791
0.710022 0.302606
0.813071 0.0251088
0.505142 0.807483
0.756285 0.250994
0.904418 0.244125
0.0573264 0.52408
0.376252 0.225902
0.792871 0.00154006
0.297752 0.539433
0.452716 0.725065
0.110228 0.654674
0.0785081 0.551014
0.234857 0.580255
0.216048 0.675635
0.769458 0.806598
0.674139 0.479757
0.11001 0.488688
0.503954 0.614367
0.29826 0.259566
0.866562 0.203071
0.505388 0.923731
0.728385 0.883308
0.149395 0.524365
0.884513 0.446941
0.0642272 0.335912
0.17201 0.17624
0.990553 0.245179
0.727028 0.227643
0.826624 0.94285
0.902183 0.599555
0.751384 0.576031
0.076433 0.859196
0.0670279 0.581334
0.475054 0.364486
0.84268 0.34129
0.568608 0.348439
0.263922 0.293728
0.230284 0.412002
0.819 0.113238
0.860013 0.884698
0.450827 0.0312336
0.0587902 0.44254
0.277975 0.785151
0.670509 0.10686
0.731601 0.573414
0.705998 0.479338
0.149597 0.78265
0.34007 0.216586
0.366297 0.816177
0.58167 0.207652
0.157722 0.148443
0.555153 0.421477
0.442596 0.785823
0.831789 0.264036
0.900276 0.692365
0.146162 0.351588
0.722727 0.204053
0.792775 0.00224166
0.989686 0.465216
0.108872 0.719921
0.0392233 0.815841
0.202032 0.190824
0.599725 0.543312
0.407841 0.961247
0.359573 0.987415
0.173371 0.513946
0.135106 0.728186
0.935678 0.580484
0.513499 0.769636
0.842022 0.414462
0.46178 0.9862
0.765081 0.186124
0.193138 0.560849
0.186436 0.186013
0.0268528 0.29535
0.899705 0.0654672
0.112536 0.104936
0.257672 0.710801
0.645937 0.665133
0.674075 0.00504643
0.653313 0.848094
0.521483 0.790281
0.575775 0.457771
0.371563 0.0914336
0.225878 0.212223
0.504826 0.686439
0.201472 0.26916
0.871467 0.393832
0.829061 0.0576828
0.57646 0.858714
0.35603 0.482023
0.92398 0.466316
0.585227 0.18202
0.177475 0.233504
0.84893 0.854669
0.237873 0.501624
0.700941 0.75772
0.292551 0.276438
0.215118 0.662007
0.366551 0.439564
0.875611 0.873981
0.127813 0.0761029
0.142296 0.997442
0.469983 0.970112
0.0573964 0.0464194
0.830048 0.409175
0.524316 0.755772
0.874094 0.107502
0.936516 0.0532869
0.343493 0.786032
0.905483 0.580813
0.287645 0.606348
0.338819 0.581486
0.884422 0.553323
0.242674 0.252745
0.990488 0.117538
0.126105 0.119305
0.194179 0.267365
0.114405 0.664397
0.241351 0.17046
0.70925 0.0709247
0.578994 0.23536
0.826931 0.454681
0.347523 0.766211
0.507604 0.690588
0.552619 0.416013
0.269482 0.841521
0.022872 0.606594
0.422107 0.906448
0.160576 0.665775
0.16017 0.156119
0.782165 0.284961
0.273743 0.976659
0.551939 0.389256
0.643501 0.793063
0.558346 0.353157
0.863634 0.137536
0.586733 0.693462
0.593584 0.935482
0.458915 0.0999802
0.62359 0.0105225
0.516376 0.894618
0.854381 0.538897
0.504925 0.276052
0.446231 0.665952
0.940853 0.605143
0.819412 0.726064
0.887924 0.0923669
0.701974 0.441742
0.482002 0.343745
0.235223 0.041913
0.694842 0.0988692
0.179257 0.283901
0.792222 0.772287
0.217842 0.251316
0.873543 0.844743
0.263018 0.38921
0.737749 0.117297
0.927266 0.239817
0.393593 0.374678
0.907545 0.336999
0.978459 0.727577
0.0616951 0.867925
0.822158 0.765338
0.309523 0.304837
0.108337 0.543416
0.346732 0.803091
0.644193 0.525227
0.0862153 0.435881
0.297963 0.305136
0.686065 0.172347
0.148115 0.950902
0.561457 0.88659
0.0680497 0.489471
0.128111 0.462857
0.859117 0.0324991
0.800659 0.84206
0.763104 0.861953
0.710044 0.58331
0.626775 0.0176383
0.889682 0.733894
0.563334 0.23516
0.538109 0.206529
0.760164 0.62436
0.644183 0.058239
0.929527 0.329649
0.231539 0.0789401
0.279505 0.790013
0.964785 0.348173
0.282365 0.0942211
0.811359 0.145008
0.129246 0.612748
0.986573 0.891278
0.474892 0.697389
0.476907 0.0996006
0.717312 0.366456
0.833533 0.281554
0.601644 0.37293
0.488806 0.362704
0.995255 0.130903
0.421067 0.92844
0.461885 0.652801
0.00575305 0.742553
0.444283 0.969135
0.0906534 0.723918
0.0640525 0.904249
0.870808 0.191315
0.515429 0.858242
0.0827912 0.990021
0.556645 0.560368
0.0905765 0.270894
0.925779 0.926164
0.552588 0.528318
0.299386 0.0425083
0.890297 0.296968
0.17289 0.312332
0.223191 0.63424
0.960232 0.230523
0.375754 0.408883
0.202669 0.468329
0.135284 0.26728
0.371242 0.00550911
0.458909 0.887896
0.864454 0.543286
0.877777 0.419924
0.102967 0.969019
0.692154 0.0289429
0.893469 0.244629
0.556189 0.193445
0.284791 0.44638
0.488866 0.458479
0.758557 0.715775
0.093189 0.721825
0.94675 0.471016
0.133083 0.150976
0.939603 0.265661
0.418529 0.312587
0.272506 0.87764
0.198043 0.13709
0.419419 0.0766896
0.557125 0.523498
0.0463356 0.248713
0.55168 0.939793
0.494772 0.1059
0.133961 0.780904
0.55388 0.625333
0.238634 0.313354
0.341797 0.333626
0.0367353 0.288706
0.80199 0.169814
0.43991 0.741956
0.436038 0.85855
0.0533091 0.708148
0.735456 0.252121
0.845351 0.156185
0.328445 0.403794
0.676187 0.377144
0.651413 0.228929
0.316086 0.147653
0.335169 0.45187
0.925907 0.891297
0.0758008 0.165065
0.202785 0.417474
0.497496 0.240135
0.706277 0.299704
0.408826 0.146826
0.040725 0.847144
0.00495621 0.097833
0.555391 0.7422
0.347304 0.402023
0.897458 0.677186
0.804808 0.574098
0.0541888 0.455312
0.802779 0.370554
0.603131 0.138313
0.819207 0.529118
0.030597 0.895638
0.692618 0.234644
0.313001 0.189747
0.474213 0.0206111
0.490579 0.884861
0.168941 0.532004
0.731549 0.174438
0.628709 0.286674
0.913223 0.974084
0.687449 0.812077
0.653452 0.492036
0.387638 0.706269
0.943307 0.187624
0.0779199 0.550663
0.333092 0.896051
0.0801594 0.361371
0.791918 0.774329
0.597248 0.105438
0.961251 0.069477
0.127766 0.453014
0.955499 0.294691
0.985626 0.687467
0.469808 0.613197
0.971873 0.384929
0.588695 0.661716
0.198304 0.243311
0.153529 0.586906
0.948252 0.101882
0.775586 0.0261211
0.653741 0.109135
0.922862 0.735004
0.473459 0.716435
0.509236 0.0674901
0.821172 0.473006
0.140244 0.948246
0.924751 0.0946521
0.245174 0.911965
0.781951 0.71338
0.526355 0.756107
0.100165 0.116218
0.418003 0.299532
0.35879 0.571711
0.88261 0.309026
0.675271 0.660541
0.335532 0.331802
0.770227 0.259504
0.0663449 0.242642
0.973585 0.57459
0.311335 0.795941
0.0469239 0.451712
0.743993 0.972929
0.550495 0.989766
0.887736 0.331467
0.704118 0.414149
0.0884967 0.803527
0.531404 0.506228
0.101303 0.890602
0.0777475 0.984456
0.197479 0.754461
0.645513 0.535294
0.0852802 0.415693
0.794165 0.150694
0.660492 0.768084
0.72347 0.970795
0.564238 0.771702
0.424171 0.312303
0.74446 0.971819
0.29886 0.632593
0.303744 0.00341345
0.0466737 0.392389
0.806646 0.575817
0.899225 0.910201
0.4676 0.97613
0.891783 0.666673
0.734798 0.536387
0.200313 0.817283
0.949451 0.995359
0.966779 0.612129
0.763026 0.691351
0.583818 0.328344
0.464354 0.00733353
0.639438 0.210363
0.979694 0.939444
0.841932 0.285133
0.942178 0.89008
0.678187 0.748124
0.467032 0.577472
0.657954 0.933304
0.555011 0.550177
0.601218 0.289055
0.0859028 0.801565
0.107535 0.0395271
0.796803 0.0727611
0.651349 0.562878
0.765985 0.235466
0.888476 0.230387
0.24164 0.52794
0.439941 0.221175
0.466583 0.283267
0.504713 0.407727
0.173005 0.184673
0.157323 0.640551
0.759014 0.814714
0.575501 0.313896
0.362907 0.173906
0.602739 0.452202
0.976822 0.70786
0.489007 0.775009
0.781045 0.141015
0.334229 0.546175
0.37388 0.225887
0.777669 0.616441
0.753617 0.218175
0.837863 0.220817
0.501494 0.34353
0.628116 0.675905
0.524233 0.785835
0.315745 0.284164
0.600648 0.891393
0.59961 0.964308
0.0650244 0.199643
0.413664 0.0394472
0.906338 0.907004
0.812269 0.687583
0.0459155 0.150122
0.233747 0.419052
0.37344 0.0117551
0.0372111 0.128348
0.230185 0.872539
0.349348 0.731338
0.215509 0.976493
0.40635 0.741665
0.762286 0.720315
0.0258514 0.363545
0.611198 0.624246
0.326653 0.67556
0.822617 0.743383
0.714864 0.731131
0.647876 0.528506
0.419375 0.692764
0.67673 0.65164
0.113817 0.0518432
0.66508 0.146235
0.180335 0.893512
0.0213983 0.526931
0.624308 0.236364
0.504818 0.0298891
0.978835 0.266029
0.749451 0.00236247
0.630448 0.360987
0.630006 0.959238
0.0373655 0.451565
0.702681 0.750761
0.182383 0.349723
0.280318 0.598985
0.0417476 0.956608
0.252269 0.154394
0.00808924 0.912962
0.300972 0.18991
0.807484 0.323752
0.716113 0.43273
0.560186 0.221546
0.462317 0.540289
0.489968 0.211726
0.544232 0.119877
0.575475 0.171163
0.0797684 0.612107
0.625728 0.782076
0.364115 0.806421
0.130788 0.643544
0.406089 0.172722
0.600891 0.659083
0.325419 0.610415
0.574092 0.628139
0.798912 0.383669
0.949415 0.516304
0.815055 0.510778
0.737997 0.277344
0.0500715 0.226734
0.49093 0.592805
0.349428 0.0656282
0.765084 0.426583
0.676746 0.391166
0.209492 0.0410862
0.196812 0.340599
0.686285 0.601222
0.515575 0.286823
0.260606 0.841197
0.898078 0.837197
0.469497 0.700086
0.217395 0.418521
0.21557 0.0330062
0.9298 0.953478
0.309477 0.977907
0.181195 0.799455
0.572119 0.529712
0.865777 0.336594
0.956659 0.542292
0.726109 0.166551
0.584086 0.924808
0.508545 0.269279
0.526261 0.0212985
0.556751 0.786355
0.861122 0.454436
0.623631 0.331393
0.152711 0.841259
0.749724 0.369641
0.87416 0.679707
0.322481 0.184237
0.657906 0.504435
0.977742 0.228564
0.0323647 0.848526
0.569092 0.988569
0.390642 0.29695
0.153706 0.974957
0.219251 0.663123
0.243853 0.746605
0.685043 0.800759
0.534479 0.548035
0.257475 0.158069
0.87849 0.410271
0.998707 0.62839
0.779935 0.872972
0.308796 0.104407
0.0560446 0.966626
0.606762 0.0377102
0.196077 0.641229
0.886532 0.763485
0.631061 0.278559
0.0606151 0.785316
0.253973 0.279942
0.448813 0.498285
0.0270795 0.133206
0.298427 0.55861
0.680567 0.554422
0.717103 0.557803
0.964954 0.714679
0.18628 0.744648
0.588809 0.498307
0.846053 0.644596
0.464079 0.453429
0.683676 0.660024
0.0958934 0.571098
0.424986 0.725061
0.850033 0.484781
0.511494 0.101985
0.762794 0.958875
0.60199 0.7906
0.0934098 0.900268
0.350453 0.772338
0.453643 0.0654314
0.332161 0.419557
0.78133 0.521429
0.164549 0.369149
0.0255672 0.00862473
0.0160541 0.482054
0.464715 0.700427
0.144302 0.559342
0.269501 0.568969
0.284792 0.121567
0.0551213 0.7963
0.222404 0.819163
0.755369 0.823506
0.608373 0.847454
0.721415 0.958683
0.620723 0.173999
0.0247046 0.951396
0.597955 0.807413
0.472082 0.759691
0.177197 0.492923
0.767951 0.192847
0.971209 0.232705
0.889008 0.118282
0.79218 0.160922
0.690515 0.07722
0.280311 0.745548
0.872446 0.504744
0.564473 0.6275
0.327039 0.174973
0.474024 0.0498767
0.133944 0.094578
0.228289 0.158477
0.0446156 0.824465
0.963836 0.519661
0.583767 0.14022
0.0137826 0.351837
0.333624 0.98941
0.586947 0.222281
0.10958 0.379522
0.385131 0.799282
0.458974 0.667343
0.546911 0.331823
0.17088 0.111176
0.957452 0.497987
0.283466 0.431363
0.548606 0.4206
0.526147 0.776249
0.576226 0.572107
0.600348 0.541368
0.093822 0.182638
0.681005 0.105739
0.535465 0.0139419
0.0953529 0.122289
0.240809 0.205864
0.501627 0.624376
0.00395343 0.958771
0.289249 0.549328
0.28965 0.459351
0.660382 0.248977
0.957335 0.946231
0.681206 0.506307
0.363667 0.206458
0.285495 0.938613
0.778905 0.885374
0.481447 0.872113
0.0684504 0.163351
0.976615 0.60359
0.178739 0.0723318
0.723973 0.417626
0.276752 0.226329
0.0405067 0.279694
0.187017 0.33013
0.828897 0.475581
0.790554 0.491284
0.725862 0.748635
0.434967 0.405552
0.255179 0.799295
0.613132 0.540828
0.741079 0.391806
0.424044 0.222567
0.263769 0.491653
0.386143 0.241789
0.0965029 0.564526
0.31393 0.817328
0.979643 0.59137
0.0500583 0.0210677
0.869955 0.232336
0.352573 0.702063
0.710037 0.142
0.193674 0.435021
0.89081 0.629409
0.838402 0.147307
0.429234 0.452488
0.686732 0.170936
0.842542 0.11201
0.393034 0.10769
0.607122 0.777831
0.348621 0.699005
0.340957 0.663499
0.519287 0.322
0.252966 0.562281
0.343759 0.120608
0.796524 0.695432
0.826636 0.50644
0.835862 0.0176473
0.940824 0.727985
0.65012 0.781287
0.871502 0.0765681
0.231275 0.563434
0.24855 0.0768486
0.674753 0.638949
0.182234 0.279804
0.416333 0.531374
0.97772 0.759051
0.195066 0.498291
0.0807999 0.448971
0.0648152 0.423771
0.573269 0.861054
0.121173 0.401957
0.369999 0.958552
0.422335 0.311181
0.687738 0.0701551
0.0906622 0.563999
0.147943 0.32266
0.128419 0.394561
0.39832 0.803272
0.034174 0.578861
0.0842026 0.451123
0.114966 0.0627033
0.208914 0.306536
0.564046 0.289327
0.754645 0.625347
0.714361 0.330892
0.48682 0.835334
0.731464 0.855412
0.794093 0.152501
0.16627 0.484176
0.222292 0.255029
0.0477133 0.368978
0.579702 0.174495
0.763119 0.977317
0.976835 0.797636
0.558117 0.0611711
0.247497 0.669159
0.126327 0.456948
0.976472 0.688521
0.747359 0.730031
0.312615 0.461099
0.0607145 0.802763
0.297259 0.790382
0.660021 0.0918212
0.942886 0.825881
0.575819 0.164959
0.0814066 0.62316
0.534167 0.659651
0.798865 0.299525
0.63943 0.776764
0.0972595 0.195262
0.838922 0.346216
0.86367 0.964649
0.804435 0.843112
0.652059 0.552519
0.575925 0.967032
0.0129751 0.633072
0.76921 0.310244
0.4257 0.429057
0.403059 0.370494
0.25345 0.977686
0.536517 0.335331
0.602888 0.0689249
0.994264 0.39939
0.368864 0.631815
0.175695 0.468423
0.824373 0.0142859
0.812427 0.692994
0.979135 0.616839
0.534569 0.632206
0.170659 0.108591
0.600545 0.180434
0.743204 0.368551
0.492298 0.16859
0.795808 0.896501
0.539594 0.0488278
0.871452 0.0739633
0.384289 0.476043
0.146255 0.376742
0.876846 0.517219
0.011945 0.0516328
0.98212 0.837115
0.0693244 0.79664
0.529103 0.0487829
0.414193 0.0641417
0.682778 0.581098
0.173196 0.280002
0.761951 0.916603
0.648757 0.255645
0.0867244 0.445569
0.152017 0.62722
0.494397 0.0262693
0.700901 0.87806
0.504268 0.845772
0.255861 0.381077
0.363639 0.265659
0.435608 0.346757
0.103309 0.505489
0.141591 0.63182
0.556881 0.557165
0.695368 0.237391
0.138492 0.867562
0.517814 0.90208
0.784473 0.167899
0.157371 0.871712
0.615378 0.308992
0.498202 0.107842
0.335982 0.199805
0.98746 0.841351
0.0469845 0.242193
0.223031 0.409745
0.508968 0.659085
0.754883 0.610429
0.165155 0.896657
0.243611 0.720672
0.453962 0.936586
0.957256 0.591074
0.80699 0.477804
0.492918 0.592783
0.645527 0.650026
0.464547 0.259291
0.957303 0.962436
0.368185 0.295813
0.161715 0.354921
0.137124 0.207998
0.597003 0.359709
0.616305 0.105206
0.0175224 0.370097
0.716763 0.183277
0.269298 0.959547
0.90239 0.721877
0.899368 0.862009
0.312374 0.707641
0.338979 0.803023
0.299943 0.982328
0.452992 0.763682
0.240912 0.413542
0.726268 0.606964
0.709392 0.886638
0.962504 0.84568
0.0947663 0.560512
0.204219 0.711003
0.66647 0.223265
0.0810407 0.383697
0.405271 0.351129
0.345559 0.311002
0.071884 0.244388
0.170629 0.383429
0.950886 0.508149
0.18924 0.251873
0.491323 0.643085
0.0155271 0.733136
0.0560636 0.740865
0.340966 0.765005
0.629793 0.304584
0.60902 0.723002
0.863342 0.817187
0.430816 0.530433
0.0396539 0.512643
0.913677 0.445878
0.861583 0.258918
0.753013 0.93354
0.504344 0.926177
0.317288 0.45568
0.434016 0.507524
0.707275 0.924671
0.149453 0.722678
0.658585 0.206604
0.465277 0.995501
0.970322 0.0903814
0.302561 0.58101
0.812179 0.167019
0.398925 0.244701
0.696345 0.437202
0.757425 0.610459
0.880116 0.621542
0.86906 0.63522
0.555549 0.375808
0.560537 0.873596
0.828455 0.993443
0.379761 0.537292
0.920286 0.52912
0.260429 0.577658
0.736346 0.72307
0.577832 0.70897
0.814606 0.882473
0.288848 0.628319
0.0480855 0.686662
0.873238 0.742901
0.121289 0.630605
0.355057 0.00457313
0.252127 0.226719
0.639858 0.806551
0.599324 0.200131
0.680238 0.429943
0.198146 0.0602461
0.965187 0.117618
0.591148 0.227406
0.697957 0.327389
0.952944 0.275033
0.0357612 0.769172
0.157366 0.324274
0.398382 0.203702
0.00930469 0.271807
0.944825 0.131823
0.902923 0.302206
0.137875 0.155198
0.527056 0.776625
0.958772 0.126147
0.978626 0.641373
0.557483 0.17471
0.702755 0.526077
0.294169 0.291072
0.752201 0.990944
0.618154 0.707855
0.267141 0.652917
0.475311 0.425341
0.978243 0.873011
0.629731 0.988543
0.145379 0.576536
0.122524 0.0482324
0.876587 0.258158
0.203955 0.407303
0.0490707 0.172932
0.532831 0.0121328
0.805824 0.0897687
0.190153 0.508808
0.613545 0.485069
0.80174 0.366527
0.476726 0.421232
0.0735215 0.743506
0.0757267 0.549126
0.1711 0.0516033
0.422075 0.797895
0.0401285 0.568287
0.37326 0.159377
0.618913 0.252689
0.417836 0.821975
0.658981 0.453798
0.982767 0.189663
0.466378 0.796372
0.281582 0.656961
0.306345 0.895558
0.143179 0.105996
0.26386 0.618776
0.52713 0.337734
0.363071 0.599975
0.886262 0.533532
0.653058 0.309268
0.331457 0.691913
0.878821 0.705647
0.851151 0.496335
0.958989 0.270242
0.317401 0.618428
0.723293 0.307669
0.809585 0.192274
0.103785 0.0934565
0.84879 0.407966
0.984892 0.992745
0.515116 0.2512
0.611342 0.0388271
0.591627 0.975903
0.641584 0.475472
0.50902 0.294916
0.785519 0.840393
0.986115 0.662865
0.546242 0.838239
0.160805 0.506593
0.109002 0.478219
0.124125 0.834381
0.783836 0.936003
0.024953 0.887963
0.0298163 0.874121
0.295965 0.0187157
0.865768 0.812124
0.269416 0.475858
0.850331 0.862366
0.452165 0.492744
0.33682 0.958803
0.78527 0.121381
0.799809 0.773958
0.784612 0.345891
0.611746 0.944959
0.853374 0.719749
0.423751 0.975929
0.554601 0.208134
0.914912 0.580774
0.0996227 0.946044
0.453299 0.394881
0.963508 0.319105
0.204745 0.232561
0.797307 0.0563502
0.094314 0.247562
0.54802 0.430907
0.207942 0.335135
0.550332 0.00630949
0.108241 0.333845
0.354014 0.719479
0.279848 0.208569
0.440768 0.704435
0.18582 0.994272
0.910986 0.0995932
0.574958 0.0106629
0.0498754 0.0291209
0.405845 0.0078735
0.348212 0.610255
0.243026 0.146712
0.66662 0.33514
0.393912 0.21495
0.764962 0.602141
0.551611 0.315679
0.607788 0.659438
0.651329 0.964209
0.378547 0.92921
0.171401 0.818701
0.633411 0.357888
0.814624 0.545435
0.460236 0.389834
0.558343 0.506879
0.417962 0.960455
0.513353 0.767124
0.575557 0.757413
0.912962 0.241761
0.0926637 0.307502
0.45698 0.858072
0.908267 0.00361095
0.17351 0.518931
0.664335 0.822076
0.484637 0.0419477
0.753072 0.654665
0.861536 0.387331
0.0162313 0.674095
0.929936 0.474938
0.0638987 0.490066
0.980707 0.481082
0.454012 0.496064
0.250123 0.0288005
0.253149 0.163743
0.269931 0.343102
0.471338 0.727434
0.20265 0.382238
0.733442 0.375029
0.902161 0.398309
0.198802 0.386788
0.441709 0.948356
0.043692 0.301479
0.33761 0.0578609
0.977248 0.267363
0.531788 0.0405936
0.756512 0.512721
0.523478 0.210614
0.00929194 0.771458
0.239931 0.25923
0.934087 0.509001
0.604133 0.407223
0.237172 0.806757
0.788047 0.969906
0.181581 0.692102
0.367612 0.379426
0.0790152 0.81007
0.331811 0.123221
0.112476 0.668475
0.180379 0.0917459
0.936852 0.71202
0.132874 0.694449
0.224441 0.654692
0.904499 0.231843
0.426069 0.146181
0.491349 0.362066
0.656344 0.0948557
0.767252 0.892552
0.901129 0.557066
0.876307 0.0736328
0.24867 0.232766
0.462917 0.3271
0.0428667 0.794715
0.449002 0.155148
0.461537 0.628788
0.246095 0.398482
0.340043 0.380036
0.0946817 0.566333
0.0416019 0
0.796754 0.461748
0.146479 0.290573
0.823177 0.804599
0.384272 0.591154
0.696741 0.285839
0.147886 0.56074
0.369081 0.394745
0.79186 0.833542
0.723942 0.83253
0.627947 0.171786
0.987474 0.0886336
0.799869 0.234547
0.488595 0.142488
0.613369 0.583232
0.708442 0.646567
0.583947 0.508268
0.107765 0.730249
0.795877 0.930432
0.53389 0.182421
0.523129 0.228122
0.470946 0.669838
0.789152 0.839258
0.0657668 0.580237
0.673524 0.788244
0.414323 0.301137
0.959755 0.401876
0.388879 0.762282
0.636394 0.877889
0.904645 0.249694
0.460103 0.615393
0.894254 0.0424812
0.124858 0.00630457
0.772344 0.921509
0.936041 0.30729
0.10455 0.458961
0.537233 0.573957
0.129064 0.327904
0.413495 0.193634
0.904532 0.083468
0.982013 0.320449
0.385938 0.942396
0.725243 0.774171
0.706837 0.362885
0.652344 0.613195
0.612265 0.112157
0.227617 0.508731
0.158943 0.350959
0.514811 0.931806
0.271402 0.449654
0.239321 0.376895
0.90746 0.77594
0.948818 0.0362402
0.102809 0.364031
0.230343 0.00846752
0.449714 0.212389
0.329747 0.833853
0.156951 0.0529529
0.607382 0.862458
0.416639 0.261512
0.473524 0.0281418
0.373435 0.701484
0.537875 0.530491
0.0571315 0.0518466
0.461342 0.327489
0.501678 0.70058
0.7044 0.410731
0.476703 0.655987
0.447601 0.580136
0.0217977 0.677613
0.588599 0.472449
0.890249 0.921625
0.306717 0.0465892
0.973758 0.916042
0.908782 0.392042
0.174877 0.381552
0.420547 0.549023
0.0833883 0.96008
0.0787706 0.138202
0.010417 0.538717
0.46561 0.514912
0.241086 0.170191
0.924772 0.716379
0.824364 0.373574
0.294077 0.843172
0.0498478 0.882879
0.320036 0.939886
0.80222 0.624878
0.985672 0.77585
0.541057 0.894878
0.167253 0.716857
0.274867 0.588474
0.265642 0.360309
0.548814 0.345538
0.498582 0.559655
0.881672 0.9644
0.0737118 0.124184
0.132916 0.998564
0.838125 0.958416
0.369827 0.134531
0.805811 0.422003
0.0176165 0.12529
0.361044 0.819359
0.749353 0.348399
0.596825 0.289256
0.240079 0.763575
0.00738283 0.516763
0.354407 0.275005
0.87955 0.901868
0.616796 0.378934
0.461023 0.501913
0.341213 0.532731
0.62502 0.47636
0.531755 0.465635
0.434989 0.902437
0.599332 0.240576
0.321278 0.616733
0.365148 0.682149
0.437191 0.114406
0.0356131 0.0304393
0.406527 0.275973
0.795436 0.414554
0.792506 0.14892
0.686372 0.672552
0.0478881 0.301953
0.0519435 0.508507
0.804003 0.394091
0.0416103 0.427734
0.868161 0.574076
0.894583 0.302364
0.4743 0.494053
0.544489 0.795804
0.112382 0.909943
0.480261 0.548572
0.0251288 0.511746
0.578217 0.432517
0.786632 0.373657
0.84349 0.579956
0.522339 0.531183
0.25146 0.569436
0.833547 0.303545
0.0798181 0.638984
0.697511 0.120611
0.0680647 0.564136
0.69363 0.960369
0.868934 0.170063
0.454052 0.412604
0.966332 0.564728
0.320483 0.447854
0.111888 0.345581
0.960699 0.689206
0.776021 0.744886
0.0642557 0.622014
0.324024 0.585917
0.152519 0.577197
0.155796 0.98775
0.878201 0.237306
0.625116 0.573714
0.360216 0.692479
0.142046 0.0544316
0.653798 0.0068387
0.226053 0.110624
0.419296 0.191637
0.674124 0.7403
0.642131 0.786711
0.0888144 0.598427
0.475592 0.865478
0.343603 0.539148
0.487805 0.66988
0.124754 0.639487
0.24556 0.282984
0.628582 0.123631
0.519913 0.251499
0.700184 0.878813
0.944826 0.840332
0.932863 0.600184
0.846862 0.160541
0.710156 0.268351
0.351436 0.385042
0.0127831 0.993315
0.17193 0.098217
0.59191 0.646284
0.963141 0.93769
0.18576 0.452423
0.608754 0.312258
0.0909029 0.851765
0.594373 0.71924
0.97572 0.11359
0.971031 0.676867
0.99171 0.917869
0.51699 0.927084
0.516563 0.364468
0.0869461 0.22513
0.633244 0.440184
0.608665 0.64366
0.431065 0.781117
0.740521 0.0225689
0.426291 0.704798
0.959922 0.613143
0.156104 0.568244
0.924237 0.246033
0.419802 0.520809
0.963777 0.39679
0.635198 0.936997
0.0738349 0.627731
0.85379 0.592447
0.555414 0.371273
0.955462 0.642967
0.596295 0.589409
0.0817228 0.205691
0.232926 0.512434
0.981903 0.974256
0.535501 0.414216
0.678284 0.496715
0.0242764 0.834129
0.06382 0.950031
0.0825144 0.483451
0.471095 0.0476657
0.878863 0.103085
0.982217 0.956951
0.73417 0.838343
0.546648 0.28944
0.209611 0.501974
0.929143 0.805314
0.0943907 0.0127403
0.0111148 0.323328
0.526748 0.996103
0.299594 0.0626754
0.408885 0.971865
0.55739 0.435742
0.809386 0.623098
0.385093 0.890095
0.104147 0.857729
0.93591 0.98691
0.962218 0.924867
0.942112 0.695246
0.762762 0.488794
0.982558 0.973265
0.990343 0.917901
0.775908 0.0832376
0.926213 0.787812
0.408289 0.453639
0.782352 0.704559
0.514264 0.190039
0.67987 0.072765
0.62514 0.490939
0.692954 0.0111317
0.381599 0.80093
0.868099 0.319388
0.787969 0.831772
0.244321 0.730041
0.527261 0.00746888
0.218324 0.513117
0.972652 0.207624
0.429456 0.756677
0.294197 0.359153
0.542005 0.701535
0.811107 0.327002
0.407946 0.326606
0.51857 0.0872164
0.396658 0.143582
0.578216 0.0913006
0.153506 0.957772
0.889757 0.0203241
0.277401 0.680611
0.853641 0.521674
0.408133 0.381989
0.528288 0.627444
0.894501 0.508479
0.836649 0.32459
0.265621 0.131486
0.682287 0.807085
0.831967 0.491469
0.134375 0.238881
0.816491 0.650749
0.325232 0.215293
0.791548 0.904044
0.307894 0.947499
0.860822 0.19896
0.966609 0.137002
0.879399 0.82494
0.659842 0.287933
0.205975 0.189462
0.914818 0.0988864
0.698034 0.752418
0.425481 0.958469
0.882372 0.103521
0.769232 0.716169
0.60013 0.903034
0.954724 0.416852
0.553734 0.280348
0.631439 0.34608
0.185898 0.94007
0.293909 0.0455986
0.139565 0.264982
0.183607 0.0177539
0.0868084 0.843711
0.307851 0.294379
0.034086 0.222486
0.395618 0.729055
0.976188 0.820008
0.692228 0.861251
0.926412 0.46106
0.577692 0.527473
0.363729 0.532819
0.94254 0.917877
0.813282 0.574478
0.262409 0.995748
0.51449 0.556868
0.0436211 0.651137
0.820493 0.225151
0.670939 0.907797
0.0684911 0.977359
0.204517 0.100128
0.200563 0.595304
0.830364 0.179671
0.41785 0.523005
0.041204 0.344453
0.983139 0.619897
0.87178 0.346802
0.150787 0.813542
0.265391 0.965144
0.387928 0.527093
0.962973 0.901525
0.0871257 0.00755987
0.554258 0.906547
0.233119 0.225334
0.814982 0.303616
0.203085 0.0189879
0.402071 0.404674
0.617361 0.233834
0.584622 0.0324351
0.756528 0.625452
0.379501 0.740098
0.246843 0.251188
0.0887277 0.398355
0.0625321 0.352614
0.364046 0.452071
0.881662 0.328115
0.351762 0.965454
0.334956 0.906526
0.871668 0.56874
0.129156 0.687152
0.870496 0.331853
0.707377 0.274027
0.73707 0.321234
0.508246 0.322916
0.357368 0.267521
0.948971 0.735575
0.197726 0.295821
0.983918 0.0959885
0.593166 0.0474235
0.449923 0.954688
0.499897 0.332398
0.285303 0.850416
0.297112 0.620888
0.755975 0.170958
0.190567 0.887362
0.855147 0.0566149
0.219285 0.562661
0.332603 0.958887
0.883223 0.841918
0.28044 0.240647
0.108165 0.229041
0.974179 0.113597
0.424918 0.959327
0.210772 0.0166012
0.0113655 0.660076
0.974378 0.508942
0.989788 0.257526
0.361772 0.290824
0.878246 0.114915
0.459735 0.0685253
0.00505615 0.316563
0.129128 0.224598
0.878483 0.461921
0.180006 0.764189
0.30187 0.461512
0.00458915 0.40804
0.690083 0.980072
0.523969 0.115749
0.942191 0.734895
0.13196 0.953327
0.395887 0.1074
0.462062 0.386704
0.367125 0.823913
0.675797 0.247775
0.937604 0.133192
0.317556 0.944555
0.450817 0.446729
0.168965 0.330864
0.907321 0.349377
0.0955139 0.210148
0.811544 0.0981176
0.620659 0.503842
0.0804833 0.145159
0.618376 0.019807
0.878316 0.748939
0.976091 0.27323
0.858091 0.438787
0.658933 0.225657
0.261022 0.335032
0.472464 0.200996
0.469052 0.790259
0.148608 0.922891
0.236198 0.313667
0.254792 0.143706
0.663069 0.34804
0.355195 0.475748
0.447113 0.971827
0.976185 0.525196
0.117945 0.595387
0.549262 0.998132
0.344806 0.523301
0.270538 0.203411
0.961392 0.932566
0.426794 0.223872
0.269055 0.899393
0.425173 0.738476
0.691298 0.571356
0.661008 0.925806
0.884916 0.91639
0.0710404 0.549237
0.260974 0.424433
0.0236808 0.708698
0.396801 0
0.234875 0.516729
0.596969 0.783316
0.515325 0.940305
0.306071 0.78558
0.143998 0.268036
0.720415 0.56908
0.493058 0.985877
0.472511 0.916436
0.723515 0.162414
0.489841 0.384458
0.0888425 0.374892
0.299016 0.15968
0.92507 0.561356
0.58291 0.948042
0.270247 0.97937
0.94781 0.504229
0.496851 0.542882
0.288778 0.0121106
0.483425 0.595013
0.798728 0.625183
0.863282 0.517017
0.196785 0.355683
0.502822 0.668789
0.274305 0.227096
0.830872 0.762496
0.612643 0.920098
0.139579 0.911433
0.0808266 0.0636219
0.473316 0.661578
0.0113716 0.741943
0.642742 0.958432
0.247761 0.139248
0.5029 0.537174
0.150296 0.98554
0.129777 0.948607
0.612408 0.993815
0.464495 0.807576
0.350523 0.968026
0.475829 0.622025
0.195014 0.306963
0.384892 0.807037
0.227762 0.522667
0.716139 0.307358
0.586274 0.188885
0.966476 0.597764
0.93067 0.609963
0.557046 0.178077
0.748597 0.0588027
0.71426 0.899375
0.0432921 0.84483
0.848745 0.657074
0.837909 0.314367
0.462267 0.185839
0.283677 0.937162
0.808419 0.477892
0.24692 0.194985
0.283669 0.472357
0.71629 0.00327791
0.78121 0.303149
0.190263 0.749029
0.897494 0.122109
0.358192 0.457186
0.304096 0.108557
0.515269 0.0163732
0.0061455 0.558271
0.861766 0.855672
0.214697 0.701334
0.168365 0.677447
0.88786 0.450227
0.615778 0.697093
0.92824 0.865023
0.889265 0.213451
0.336892 0.606318
0.215847 0.118753
0.908223 0.407778
0.86679 0.810315
0.532449 0.224409
0.265291 0.834413
0.332604 0.779959
0.853653 0.338338
0.340768 0.716144
0.191621 0.554842
0.416678 0.361068
0.230702 0.304763
0.810984 0.849305
0.00046946 0.739487
0.71307 0.890092
0.950397 0.0490099
0.497179 0.166638
0.16808 0.406568
0.574919 0.0328235
0.216325 0.106699
0.259139 0.479644
0.941416 0.592483
0.259277 0.794644
0.930085 0.600633
0.511026 0.122511
0.155748 0.928742
0.48233 0.386921
0.23181 0.294746
0.235388 0.23376
0.0340262 0.947941
0.122799 0.986149
0.999189 0.619454
0.154492 0.167039
0.0278018 0.727433
0.20191 0.242017
0.834996 0.461211
0.722619 0.776507
0.0548416 0.983032
0.573296 0.98338
0.585353 0.081918
0.106186 0.737585
0.00988576 0.58916
0.124367 0.244277
0.883347 0.360669
0.477116 0.91745
0.307737 0.599542
0.904087 0.305484
0.221274 0.0588319
0.475129 0.24921
0.786065 0.674953
0.491589 0.620936
0.137679 0.214831
0.396942 0.192645
0.197569 0.969911
0.175148 0.781563
0.0537717 0.28235
0.520048 0.0635034
0.873319 0.644518
0.30875 0.758007
0.00385008 0.783527
0.678132 0.311386
0.38565 0.581095
0.618511 0.60595
0.639414 0.0901145
0.854117 0.426625
0.766339 0.345326
0.0473592 0.903768
0.559517 0.446831
0.095294 0.75563
0.415397 0.272592
0.538314 0.470912
0.554773 0.0559043
0.533048 0.430573
0.701219 0.840952
0.186015 0.705825
0.627008 0.862337
0.0228137 0.0092355
0.444591 0.636546
0.618337 0.0835718
0.726021 0.471104
0.511099 0.49243
0.819048 0.558731
0.396256 0.37763
0.00549004 0.490312
0.13486 0.420206
0.762325 0.671744
0.888915 0.316887
0.72994 0.424094
0.745285 0.432147
0.266079 0.929378
0.139222 0.89306
0.794395 0.154263
0.902442 0.238539
0.787272 0.522271
0.323591 0.514251
0.993091 0.834316
0.00718353 0.811733
0.391439 0.404586
0.188748 0.396199
0.897466 0.322774
0.817047 0.661194
0.99588 0.705705
0.978205 0.726265
0.127623 0.723079
0.157834 0.394089
0.65636 0.295119
0.285614 0.448289
0.448987 0.191972
0.68868 0.238047
0.712371 0.013357
0.752589 0.704534
0.846795 0.762576
0.517485 0.238202
0.166927 0.705987
0.636179 0.0623876
0.0283818 0.451759
0.723927 0.0244099
0.15844 0.702205
0.750139 0.286987
0.42516 0.908249
0.682235 0.0802473
0.20383 0.967933
0.529187 0.652741
0.159651 0.219252
0.8906 0.873873
0.231759 0.64507
0.578734 0.0774495
0.40871 0.0953262
0.318298 0.574243
0.799057 0.953279
0.638981 0.829377
0.406109 0.363226
0.852237 0.56534
0.0644625 0.602469
0.851796 0.489801
0.512473 0.534701
0.570688 0.719067
0.502994 0.099848
0.369154 0.661944
0.3209 0.262155
0.534481 0.551728
0.905546 0.109323
0.631466 0.316635
0.210331 0.949415
0.887021 0.00517349
0.904068 0.528352
0.835234 0.31138
0.890762 0.688384
0.873963 0.954976
0.29186 0.727803
0.444309 0.80381
0.263038 0.0155118
0.51983 0.76381
0.117193 0.891578
0.42722 0.436853
0.152827 0.961871
0.985247 0.0612298
0.0734927 0.619102
0.376769 0.279828
0.569416 0.266739
0.285386 0.470341
0.794343 0.12353
0.781473 0.685466
0.811894 0.658133
0.641983 0.103146
0.386451 0.0869348
0.906979 0.647603
0.10194 0.42774
0.41087 0.21876
0.318982 0.835844
0.655015 0.472506
0.798684 0.642593
0.533644 0.872812
0.261958 0.907032
0.151484 0.829308
0.176758 0.440892
0.301011 0.970623
0.56396 0.0836652
0.656629 0.373487
0.740869 0.297669
0.476727 0.126094
0.384554 0.385033
0.775852 0.488173
0.813154 0.187045
0.705641 0.132482
0.023903 0.35962
0.605697 0.823892
0.00508971 0.140774
0.696694 0.262945
0.0474839 0.847382
0.0938114 0.224826
0.286569 0.392675
0.19545 0.850571
0.478625 0.853765
0.225899 0.220299
0.151693 0.702346
0.345808 0.535772
0.0881705 0.122169
0.0241742 0.900593
0.30919 0.728766
0.0332084 0.332892
0.0880102 0.638187
0.158993 0.0898372
0.776286 0.852599
0.353018 0.823843
0.700923 0.446313
0.0493629 0.988703
0.837525 0.246903
0.83937 0.317882
0.101688 0.0656391
0.537108 0.25153
0.765824 0.884149
0.786987 0.854469
0.00761688 0.812278
0.754348 0.316133
0.539943 0.787992
0.649053 0.628813
0.42733 0.806532
0.718528 0.204215
0.661463 0.0705827
0.0293205 0.361484
0.51756 0.0770344
0.350082 0.357854
0.323124 0.191019
0.67362 0.422314
0.255241 0.210866
0.67266 0.0208161
0.0951518 0.460339
0.873392 0.0990099
0.272649 0.630394
0.418376 0.812395
0.419053 0.0684246
0.439718 0.847832
0.875086 0.157527
0.0525946 0.535632
0.229949 0.0801453
0.897695 0.74481
0.15771 0.249782
0.101525 0.480198
0.439019 0.77558
0.903266 0.694306
0.984573 0.576887
0.714963 0.0792121
0.0372573 0.5898
0.182072 0.309455
0.220344 0.59753
0.121786 0.640974
0.667628 0.563605
0.488836 0.543489
0.722641 0.538026
0.0797032 0.949371
0.621146 0.97744
0.696445 0.777391
0.226367 0.798061
0.258624 0.666179
0.571247 0.161364
0.360544 0.555586
0.738555 0.0765977
0.637852 0.777837
0.668728 0.815316
0.0885942 0.893113
0.416656 0.210395
0.534904 0.0840266
0.771254 0.0224925
0.627568 0.494787
0.561951 0.708917
0.443239 0.183086
0.685403 0.137871
0.960016 0.912183
0.930234 0.215767
0.579738 0.508476
0.382349 0.939315
0.0643216 0.121037
0.018057 0.699386
0.898489 0.686967
0.519362 0.986787
0.578472 0.933744
0.197473 0.112686
0.0183694 0.967229
0.134142 0.646059
0.462491 0.697736
0.353571 0.90739
0.875468 0.03458
0.0443508 0.841522
0.945939 0.981511
0.0597033 0.527114
0.488271 0.44127
0.466481 0.553163
0.563528 0.485637
0.251832 0.461911
0.171238 0.771161
0.446961 0.752381
0.704178 0.643548
0.863919 0.722046
0.614241 0.999267
0.37043 0.0764264
0.696158 0.722758
0.980728 0.576154
0.759271 0.0263434
0.416097 0.71056
0.00724506 0.474256
0.238154 0.494687
0.917801 0.705248
0.0473866 0.478742
0.192651 0.29933
0.940532 0.364538
0.070903 0.388382
0.114872 0.774264
0.0327156 0.979127
0.49879 0.645747
0.979375 0.86762
0.720923 0.674427
0.589512 0.703152
0.249839 0.351982
0.727635 0.665714
0.0630772 0.733871
0.143949 0.301584
0.2301 0.0597455
0.00464427 0.27744
0.539876 0.197181
0.578092 0.481906
0.562618 0.647078
0.870312 0.67928
0.42272 0.902372
0.66009 0.919716
0.547221 0.637266
0.788511 0.269505
0.312226 0.380643
0.96949 0.562666
0.73187 0.6984
0.229478 0.795506
0.432659 0.372244
0.0946561 0.662259
0.432555 0.100641
0.93647 0.970391
0.299429 0.516312
0.450934 0.863209
0.165842 0.321415
0.543399 0.588403
0.224342 0.20295
0.507127 0.77167
0.840798 0.297243
0.0418597 0.154501
0.674992 0.010956
0.714799 0.407965
0.708525 0.944505
0.20161 0.141619
0.318061 0.298099
0.804243 0.749268
0.399235 0.745427
0.719202 0.699433
0.262851 0.171116
0.563776 0.429291
0.492762 0.106413
0.0163107 0.716763
0.308913 0.522417
0.488298 0.148551
0.820799 0.529569
0.301534 0.495258
0.539881 0.0167754
0.902607 0.249515
0.961433 0.105733
0.392885 0.282722
0.40388 0.196599
0.0299696 0.803672
0.940605 0.749205
0.50426 0.203567
0.916675 0.0674649
0.634953 0.411443
0.173935 0.651103
0.128697 0.484672
0.174002 0.618734
0.635476 0.995417
0.146696 0.938051
0.490045 0.687152
0.954892 0.394529
0.936797 0.919789
0.500936 0.329999
0.201713 0.905189
0.527782 0.229581
0.708253 0.468239
0.973463 0.210505
0.675081 0.898569
0.279641 0.309308
0.310836 0.454635
0.958116 0.441794
0.936739 0.130566
0.0581132 0.572591
0.126571 0.20566
0.510271 0.617357
0.890369 0.466154
0.00988371 0.827924
0.386047 0.511295
0.156864 0.587791
0.417729 0.684835
0.816465 0.125424
0.153743 0.797858
0.338733 0.827618
0.6973 0.617767
0.138986 0.00734513
0.074151 0.0963316
0.449344 0.0126175
0.227249 0.508053
0.586999 0.354501
0.712623 0.0978332
0.969515 0.602808
0.564985 0.979974
0.431825 0.948914
0.494482 0.588955
0.538725 0.910423
0.27341 0.356059
0.0357265 0.426327
0.153693 0.372669
0.255552 0.850499
0.991121 0.392397
0.856876 0.0644233
0.489963 0.309161
0.0778419 0.715022
0.8153 0.666368
0.0700995 0.528611
0.76233 0.0404565
0.131749 0.328198
0.0219919 0.559556
0.278871 0.512621
0.149422 0.81832
0.42495 0.42444
0.174399 0.462275
0.851381 0.328468
0.835955 0.105542
0.177853 0.828459
0.499332 0.0371676
0.892934 0.989436
0.346776 0.973739
0.70333 0.162247
0.64075 0.775066
0.690601 0.402057
0.816588 0.823067
0.730254 0.835246
0.383234 0.00936133
0.350726 0.533958
0.827222 0.777553
0.95496 0.00198581
0.237787 0.808923
0.331262 0.0749077
0.914265 0.507463
0.903041 0.41399
0.546436 0.796999
0.40218 0.891234
0.770675 0.107108
0.0555533 0.408676
0.881784 0.745088
0.810002 0.696927
0.567898 0.541339
0.534239 0.951583
0.550898 0.886501
0.48351 0.378067
0.66191 0.441962
0.378835 0.900991
0.250017 0.708989
0.972362 0.163534
0.217707 0.879854
0.580611 0.763984
0.675713 0.982669
0.655002 0.447894
0.0884034 0.7096
0.855315 0.971416
0.456975 0.670435
0.668243 0.0238636
0.210648 0.202334
0.97243 0.759509
0.0875042 0.459984
0.136482 0.749446
0.9022 0.515769
0.652252 0.149655
0.221383 0.627832
0.316428 0.442464
0.506896 0.896988
0.20481 0.183884
0.877611 0.861843
0.632795 0.967799
0.571273 0.48984
0.935126 0.0262612
0.158531 0.60738
0.0512533 0.366879
0.805738 0.0251037
0.128638 0.896193
0.488085 0.264148
0.645987 0.387856
0.783116 0.298343
0.540812 0.00552276
0.924829 0.858228
0.44905 0.431894
0.754275 0.653942
0.614735 0.633376
0.514604 0.24613
0.601577 0.0832748
0.736906 0.538149
0.113428 0.894686
0.145483 0.162553
0.262561 0.952733
0.188982 0.389877
0.850051 0.675964
0.654248 0.495558
0.0641967 0.436592
0.793292 0.604545
0.443354 0.7185
0.463108 0.892757
0.14984 0.217015
0.546369 0.763968
0.848896 0.0589235
0.0121775 0.451353
0.144556 0.746281
0.987437 0.254866
0.641944 0.133738
0.420521 0.901887
0.089348 0.609306
0.294269 0.937494
0.286716 0.945948
0.435907 0.350414
0.383803 0.228425
0.953792 0.828609
0.946502 0.418874
0.721004 0.0962388
0.63468 0.267678
0.860596 0.485407
0.327802 0.870282
0.935878 0.475287
0.620518 0.926933
0.732377 0.259145
0.0640612 0.152526
0.162994 0.152718
0.762093 0.455384
0.0948228 0.0499134
0.402535 0.527656
0.398418 0.786699
0.755216 0.352813
0.613779 0.702745
0.76849 0.334773
0.797658 0.407125
0.602309 0.658501
0.891357 0.932086
0.530867 0.827261
0.403726 0.149434
0.754363 0.136594
0.408643 0.818284
0.288619 0.571168
0.968063 0.0520527
0.0295826 0.061122
0.0996175 0.428704
0.590826 0.499981
0.21579 0.346879
0.851749 0.831866
0.0487879 0.621894
0.164865 0.847286
0.0296798 0.767074
0.505844 0.921237
0.696675 0.0358094
0.74824 0.101025
0.186439 0.504519
0.238339 0.595705
0.320867 0.528086
0.167943 0.291686
0.580318 0.193249
0.353068 0.681099
0.623138 0.943667
0.178627 0.838394
0.290324 0.0328262
0.666838 0.338561
0.653071 0.83233
0.183944 0.684086
0.598182 0.693288
0.604668 0.297688
0.726768 0.351409
0.399962 0.911999
0.854934 0.639223
0.507165 0.17598
0.166692 0.67433
0.467522 0.747764
0.866692 0.824461
0.429644 0.490698
0.766397 0.607712
0.329026 0.0568484
0.639941 0.995076
0.394906 0.294331
0.828173 0.581711
0.974865 0.428212
0.270007 0.579233
0.726078 0.998142
0.928302 0.124232
0.909211 0.78622
0.764632 0.418085
0.963039 0.93285
0.0920889 0.432498
0.679916 0.959817
0.255754 0.109003
0.449874 0.0211159
0.716197 0.778288
0.0779187 0.354498
0.773871 0.47371
0.651919 0.603879
0.0532659 0.624849
0.0323061 0.324065
0.204314 0.758193
0.324121 0.138305
0.882821 0.232304
0.923828 0.648336
0.650498 0.88655
0.580688 0.74491
0.321175 0.263066
0.704873 0.572968
0.368268 0.15302
0.596992 0.0841582
0.931668 0.67364
0.442235 0.707248
0.147614 0.091597
0.310486 0.200065
0.716968 0.342135
0.524677 0.923552
0.100074 0.848
0.0600322 0.985659
0.0804441 0.984449
0.633878 0.733946
0.870412 0.215278
0.473984 0.192226
0.475822 0.176407
0.766923 0.846323
0.329449 0.364217
0.931513 0.261193
0.0362539 0.372379
0.964528 0.180132
0.465504 0.279278
0.381742 0.182168
0.621929 0.906261
0.105958 0.723467
0.752386 0.167751
0.70917 0.833899
0.151838 0.342641
0.56593 0.022675
0.558414 0.0390665
0.216071 0.0346445
0.216413 0.982493
0.879658 0.549782
0.344842 0.810254
0.811205 0.382014
0.184057 0.782588
0.562968 0.648961
0.0611384 0.943841
0.832033 0.685423
0.85064 0.939353
0.406269 0.605967
0.106783 0.115367
0.43973 0.259674
0.458239 0.00674184
0.281127 0.0157304
0.0464076 0.495332
0.0498173 0.264341
0.478237 0.929719
0.815282 0.82417
0.741303 0.625792
0.204948 0.927786
0.409422 0.767478
0.578293 0.471509
0.711738 0.410765
0.154129 0.564087
0.347675 0.561708
0.168851 0.45711
0.677877 0.608149
0.714652 0.134444
0.616162 0.995
0.149564 0.661789
0.4897 0.201
0.924609 0.967063
0.131869 0.741518
0.790715 0.875266
0.371145 0.992036
0.801278 0.77887
0.759579 0.378918
0.247328 0.471487
0.789828 0.405247
0.0363609 0.141105
0.959045 0.20223
0.59516 0.641927
0.813418 0.310122
0.776972 0.428938
0.305509 0.928258
0.0888332 0.793219
0.133819 0.0170829
0.761094 0.260971
0.759891 0.551284
0.137683 0.128793
0.545448 0.938202
0.906437 0.304077
0.317683 0.155614
0.776587 0.108148
0.558734 0.810622
0.246915 0.522738
0.0145399 0.842594
0.164736 0.828997
0.152318 0.943793
0.256401 0.454952
0.87124 0.346866
0.248563 0.000200127
0.364259 0.0110289
0.262328 0.124586
0.561521 0.400008
0.252818 0.106569
0.336263 0.158964
0.410271 0.65518
0.313523 0.188377
0.762613 0.872018
0.998703 0.00963383
0.395918 0.0161516
0.851571 0.562981
0.84106 0.00062353
0.505142 0.101417
0.458802 0.375359
0.450757 0.708599
0.375183 0.816684
0.717618 0.636623
0.940796 0.279155
0.0926815 0.221478
0.385878 0.373878
0.3525 0.796375
0.0286175 0.663385
0.983143 0.790018
0.53827 0.984592
0.798455 0.931928
0 0.652074
0.495292 0.843487
0.656127 0.999495
0.945777 0.112995
0.372801 0.398781
0.820825 0.751232
0.214642 0.539713
0.387589 0.155539
0.818243 0.423745
0.348379 0.20536
0.796376 0.699236
0.00186724 0.825197
0.365228 0.987611
0.617079 0.900873
0.97163 0.415783
0.832096 0.972504
0.0675518 0.329135
0.817247 0.722905
0.328755 0.766749
0.836671 0.705512
0.163974 0.659078
0.453597 0.380207
0.198473 0.842155
0.534457 0.0168598
0.267978 0.883603
0.223614 0.0635592
0.582775 0.225145
0.887023 0.948699
0.214163 0.505043
0.847347 0.186816
0.92052 0.682688
0.160226 0.987575
0.0111874 0.977655
0.710866 0.341783
0.745226 0.547397
0.0448149 0.91026
0.206634 0.499124
0.287926 0.403112
0.341367 0.823475
0.421062 0.608246
0.707496 0.644468
0.671219 0.290483
0.870642 0.559655
0.238657 0.0842832
0.0653599 0.0858478
0.271541 0.98232
0.768674 0.43129
0.970034 0.780833
0.40965 0.683716
0.123839 0.153574
0.231345 0.168625
0.0633308 0.435326
0.669337 0.352068
0.838499 0.00771613
0.176386 0.262043
0.617107 0.885028
0.906178 0.287982
0.174476 0.778493
0.846564 0.414557
0.860785 0.911933
0.499948 0.131842
0.891856 0.268537
0.563012 0.865495
0.0507191 0.972062
0.547329 0.173519
0.125087 0.777522
0.341966 0.190244
0.214271 0.0121548
0.541625 0.0529226
0.0215808 0.717552
0.314572 0.638196
0.604387 0.222344
0.926515 0.779555
0.0024623 0.771956
0.193429 0.862324
0.683154 0.692137
0.994374 0.577409
0.961887 0.559427
0.441253 0.0143642
0.532802 0.989008
0.188346 0.658986
0.766172 0.532692
0.844789 0.978263
0.545281 0.389829
0.0337218 0.564148
0.107152 0.347607
0.204866 0.711439
0.572539 0.129609
0.489243 0.57206
0.905521 0.682206
0.433988 0.589051
0.374349 0.429212
0.166416 0.337574
0.987201 0.607959
0.352238 0.519707
0.597626 0.543604
0.178899 0.363125
0.0783489 0.0261405
0.341294 0.618083
0.413564 0.376059
0.183908 0.521028
0.723915 0.390541
0.231522 0.29551
0.518551 0.722997
0.867703 0.425859
0.403965 0.303852
0.0156995 0.780333
0.730319 0.180487
0.116427 0.720514
0.787242 0.4705
0.239982 0.385294
0.010473 0.417985
0.746769 0.0850987
0.442513 0.0897277
0.706213 0.85611
0.466281 0.888992
0.378155 0.189137
0.277793 0.609695
0.485465 0.799339
0.330501 0.354727
0.22438 0.736413
0.656412 0.23886
0.516243 0.388564
0.419643 0.633846
0.108312 0.207051
0.103222 0.346684
0.59243 0.113637
0.764224 0.339836
0.201315 0.208258
0.430853 0.906846
0.064964 0.897714
0.793734 0.443572
0.0901126 0.0750922
0.0542901 0.572489
0.871626 0.385674
0.925102 0.0956172
0.122361 0.583508
0.336529 0.637017
0.970683 0.754614
0.271216 0.0799564
0.961394 0.371367
0.425844 0.554936
0.485855 0.189784
0.895052 0.687068
0.399202 0.326697
0.593665 0.463882
0.221114 0.388878
0.907171 0.307974
0.461373 0.95825
0.881548 0.333871
0.34652 0.808051
0.431986 0.468927
0.391881 0.768927
0.105038 0.362376
0.524245 0.374459
0.443222 0.488042
0.746881 0.867243
0.0423155 0.233847
0.0580437 0.935597
0.92128 0.45785
0.260754 0.514053
0.920026 0.481876
0.904062 0.829984
0.789775 0.366595
0.788045 0.671903
0.701169 0.135482
0.480939 0.131757
0.603534 0.876251
0.902431 0.709272
0.237322 0.427464
0.0818451 0.679726
0.914527 0.832823
0.548643 0.956784
0.0660836 0.606518
0.890815 0.98758
0.0655149 0.152242
0.50445 0.985373
0.63364 0.405994
0.814036 0.424895
0.772231 0.603434
0.0985865 0.473034
0.73945 0.577998
0.606074 0.341467
0.454403 0.50847
0.0510819 0.691308
0.931463 0.134127
0.372001 0.848041
0.967018 0.921565
0.801713 0.0320588
0.525183 0.698329
0.0200208 0.588991
0.847582 0.52274
0.577579 0.484157
0.928276 0.390724
0.908374 0.701772
0.994484 0.00585779
0.173738 0.734065
0.587472 0.781796
0.0795054 0.0407919
0.28939 0.129577
0.731653 0.222952
0.264857 0.105704
0.0718943 0.230686
0.0246689 0.875223
0.263994 0.55119
0.57147 0.284328
0.142628 0.418448
0.806268 0.719197
0.901278 0.736096
0.110294 0.810131
0.438488 0.103901
0.815984 0.610933
0.838075 0.404455
0.393802 0.913601
0.445531 0.682904
0.051231 0.18069
0.904908 0.305548
0.280924 0.975092
0.53729 0.306713
0.852075 0.80177
0.856365 0.423809
0.0832708 0.999188
0.842539 0.892991
0.719289 0.74377
0.626553 0.830774
0.555816 0.0637239
0.934518 0.373893
0.677941 0.773504
0.775707 0.071525
0.68821 0.218865
0.752965 0.729293
0.394507 0.659735
0.0368011 0.675791
0.635442 0.57197
0.982328 0.486956
0.371332 0.838745
0.910948 0.456246
0.837572 0.752895
0.345837 0.556595
0.499426 0.97443
0.387382 0.0538695
0.0397101 0.321592
0.425908 0.71862
0.0972053 0.202538
0.791634 0.786702
0.421632 0.543707
0.515832 0.817559
0.201858 0.551406
0.49427 0.836676
0.1242 0.476352
0.324801 0.495065
0.31617 0.237713
0.94781 0.152795
0.990797 0.296144
0.710362 0.487866
0.275196 0.0985412
0.542402 0.315637
0.42124 0.965705
0.0327161 0.516151
0.170703 0.82286
0.302697 0.592964
0.365645 0.819245
0.411887 0.567413
0.37165 0.906639
0.405359 0.493678
0.383795 0.730481
0.991462 0.697486
0.966192 0.944898
0.850489 0.957239
0.24117 0.561656
0.446695 0.515941
0.659996 0.988913
0.829074 0.0798914
0.957177 0.862952
0.599134 0.126743
0.684809 0.901293
0.721015 0.0478787
0.721193 0.132652
0.618535 0.0911786
0.0429966 0.0227172
0.586877 0.424359
0.754234 0.579198
0.118869 0.721681
0.523896 0.971238
0.680729 0.764817
0.532347 0.126507
0.281096 0.195394
0.115926 0.111513
0.276278 0.0724706
0.974603 0.872815
0.19932 0.658867
0.772301 0.922148
0.707708 0.49359
0.0531978 0.323274
0.587567 0.0894931
0.347519 0.17447
0.513046 0.102126
0.752436 0.63123
0.822502 0.276601
0.603601 0.506427
0.041173 0.138452
0.633215 0.320776
0.331131 0.745808
0.431926 0.606381
0.81768 0.405775
0.478022 0.0180564
0.0625535 0.251963
0.937802 0.770566
0.746596 0.991741
0.0955482 0.333783
0.0844207 0.442709
0.509246 0.597132
0.545226 0.261182
0.227905 0.369526
0.536654 0.831335
0.871851 0.577186
0.967852 0.503145
0.897949 0.298119
0.251089 0.328213
0.900921 0.0665337
0.73399 0.38498
0.084903 0.796941
0.637487 0.022739
0.567179 0.386614
0.0188664 0.660585
0.720354 0.101764
0.105716 0.227838
0.697772 0.650537
0.489836 0.926415
0.0240286 0.0238298
0.756845 0.891558
0.600918 0.727208
0.395549 0.498122
0.0248621 0.645178
0.827878 0.928317
0.71605 0.562464
0.314958 0.798057
0.36145 0.952133
0.822888 0.926784
0.337266 0.84112
0.5916 0.0557741
0.945182 0.695101
0.284621 0.642117
0.346684 0.772895
0.56925 0.365485
0.800119 0.326136
0.257384 0.40235
0.0514086 0.653213
0.899063 0.0746704
0.299935 0.730071
0.0122371 0.0101315
0.29415 0.320549
0.81449 0.654011
0.272298 0.6383
0.581819 0.612175
0.481689 0.172003
0.668439 0.425963
0.866097 0.953408
0.0697635 0.213188
0.727227 0.636514
0.578192 0.527106
0.961855 0.835791
0.926249 0.0133096
0.487461 0.829279
0.0896068 0.788403
0.560668 0.0955833
0.802114 0.853142
0.416986 0.616234
0.506076 0.692167
0.25605 0.0885391
0.301483 0.736874
0.26123 0.968369
0.162012 0.127521
0.921168 0.228951
0.340164 0.651438
0.866471 0.919879
0.176741 0.829931
0.754714 0.104869
0.841274 0.244431
0.93612 0.93444
0.0326103 0.495532
0.0281662 0.834361
0.348747 0.448454
0.450643 0.85562
0.136396 0.70459
0.943876 0.438994
0.4399 0.20479
0.408302 0.602825
0.330521 0.333408
0.832776 0.67431
0.983328 0.69979
0.592372 0.160713
0.530129 0.346867
0.267028 0.37103
0.58957 0.202575
0.304834 0.62076
0.700218 0.334911
0.45507 0.0491567
0.780206 0.905154
0.904949 0.921859
0.608105 0.84941
0.357979 0.050807
0.0540378 0.765785
0.651208 0.382865
0.0981568 0.485046
0.0598899 0.0802251
0.183521 0.649452
0.241709 0.714291
0.993651 0.510842
0.0872967 0.583142
0.713976 0.392309
0.204321 0.413497
0.727236 0.659232
0.463489 0.50896
0.565582 0.36994
0.427277 0.174976
0.216837 0.784775
0.224705 0.270781
0.549566 0.877866
0.655175 0.647239
0.363025 0.711873
0.729293 0.545515
0.361564 0.970048
0.261681 0.353953
0.480385 0.3478
0.933144 0.189051
0.738645 0.144314
0.608439 0.466162
0.8028 0.070801
0.97213 0.367095
0.438677 0.401079
0.542421 0.657004
0.183329 0.767676
0.92833 0.732987
0.644392 0.585005
0.381921 0.00740864
0.29658 0.111675
0.553999 0.656754
0.0814213 0.815154
0.0123549 0.559155
0.162086 0.951743
0.754284 0.900934
0.0937127 0.36161
0.367705 0.89754
0.43245 0.343244
0.265715 0.872049
0.743459 0.807678
0.530758 0.928065
0.576284 0.459884
0.661978 0.22043
0.0462876 0.0438454
0.228174 0.340586
0.153495 0.78267
0.991858 0.232949
0.596422 0.00572043
0.795717 0.758838
0.957813 0.551457
0.660409 0.0530177
0.909383 0.0243753
0.950942 0.34585
0.36924 0.21645
0.219435 0.112069
0.0256846 0.750427
0.039808 0.600193
0.207738 0.701371
0.820681 0.251629
0.744045 0.0492414
0.590964 0.900521
0.82988 0.587676
0.133467 0.426568
0.596019 0.931102
0.186484 0.556112
0.48172 0.845488
0.607505 0.395614
0.873036 0.560744
0.741926 0.242825
0.776575 0.96132
0.355269 0.803021
0.711158 0.393394
0.405319 0.919689
0.0961632 0.226983
0.171329 0.840535
0.276006 0.763074
0.739647 0.106906
0.350451 0.872964
0.534738 0.946116
0.803857 0.720573
0.504119 0.286843
0.566772 0.108656
0.682636 0.439985
0.671324 0.425425
0.68164 0.448754
0.386768 0.0365885
0.25284 0.100144
0.430743 0.657905
0.0185636 0.526181
0.88455 0.191131
0.366181 0.161505
0.952653 0.103685
0.26895 0.302911
0.977764 0.802308
0.249751 0.783147
0.522442 0.753465
0.0715448 0.0888521
0.862988 0.751238
0.528461 0.535826
0.179161 0.211821
0.98327 0.564956
0.247178 0.236814
0.663606 0.677463
0.893448 0.682572
0.202546 0.777941
0.873771 0.57037
0.938647 0.829336
0.673949 0.206074
0.132529 0.653575
0.00976515 0.384317
0.437106 0.533936
0.139517 0.508702
0.623542 0.0014654
0.260589 0.151357
0.538691 0.439971
0.36102 0.522626
0.00531024 0.607435
0.75769 0.666092
0.284519 0.651042
0.350831 0.489761
0.427999 0.225633
0.0585615 0.367749
0.0543871 0.732789
0.576487 0.187551
0.387036 0.585666
0.573944 0.824083
0.11981 0.71417
0.333333 0.74247
0.718339 0.591984
0.892709 0.256273
0.0326107 0.254394
0.778386 0.0353853
0.862652 0.53806
0.703195 0.147585
0.191625 0.0553532
0.636673 0.620029
0.278218 0.694662
0.986632 0.332981
0.428644 0.563683
0.521957 0.814822
0.151168 0.0959992
0.639759 0.26899
0.809789 0.971876
0.0125795 0.526139
0.565728 0.90704
0.784694 0.597606
0.161549 0.564794
0.633774 0.0227214
0.10285 0.335413
0.172599 0.292098
0.390303 0.807615
0.911013 0.668306
0.502141 0.900072
0.00127637 0.927592
0.463013 0.52422
0.744947 0.612687
0.619391 0.383673
0.883251 0.430137
0.356675 0.897847
0.957018 0.922291
0.802822 0.742895
0.519492 0.964647
0.306511 0.15414
0.987366 0.408201
0.488043 0.15855
0.702029 0.879052
0.966224 0.613028
0.548409 0.469585
0.512318 0.550686
0.399713 0.974375
0.0754899 0.143631
0.587377 0.69448
0.527331 0.472836
0.124426 0.885473
0.369962 0.0818824
0.805839 0.171625
0.823312 0.326362
0.138163 0.1279
0.47851 0.123464
0.538535 0.966576
0.284911 0.24009
0.844903 0.252298
0.851521 0.39373
0.720138 0.364754
0.941074 0.116946
0.340529 0.0188386
0.263745 0.926396
0.711713 0.791174
0.399713 0.834606
0.67638 0.770062
0.913481 0.481953
0.941852 0.737857
0.807583 0.0787825
0.867045 0.286025
0.204261 0.406372
0.253329 0.488073
0.645007 0.0983918
0.739067 0.495694
0.493206 0.460197
0.861827 0.4383
0.579426 0.20145
0.455654 0.842048
0.130729 0.166967
0.633768 0.53238
0.000263357 0.309691
0.306296 0.914878
0.788901 0.244605
0.653515 0.598385
0.321674 0.520076
0.884781 0.527414
0.924307 0.136259
0.0150788 0.571283
0.23669 0.752845
0.071083 0.732182
0.214322 0.932283
0.169902 0.792892
0.133735 0.626475
0.635031 0.263397
0.792534 0.266489
0.797394 0.794269
0.576322 0.0963804
0.70881 0.366881
0.341435 0.363785
0.965716 0.66475
0.883405 0.850028
0.189927 0.810227
0.982037 0.203603
0.381431 0.227507
0.95829 0.453451
0.955315 0.171163
0.383748 0.129899
0.964147 0.51887
0.756344 0.599669
0.78535 0.548943
0.867052 0.580523
0.34164 0.443519
0.677296 0.0524086
0.807214 0.0198969
0.415206 0.772678
0.68572 0.296424
0.622153 0.87661
0.106919 0.610845
0.0823734 0.490043
0.835722 0.0385688
0.941371 0.796923
0.214276 0.329571
0.92022 0.175437
0.847865 0.68318
0.778323 0.630846
0.23127 0.646521
0.211225 0.574371
0.0903409 0.889958
0.627754 0.898852
0.90655 0.0392896
0.673049 0.593922
0.340741 0.296456
0.469571 0.44679
0.906351 0.553214
0.937055 0.742928
0.592835 0.882072
0.540935 0.808229
0.209134 0.467207
0.984267 0.0580207
0.147399 0.766506
0.68859 0.380011
0.412597 0.900216
0.954126 0.501937
0.788642 0.580997
0.400549 0.698269
0.624531 0.0720063
0.293713 0.962045
0.36912 0.764224
0.411487 0.275859
0.317296 0.349663
0.0177841 0.910137
0.228514 0.559935
0.719558 0.439408
0.0256359 0.706473
0.495619 0.173067
0.472861 0.184208
0.554447 0.887107
0.0864699 0.509104
0.387976 0.875083
0.0907085 0.789876
0.574252 0.716791
0.863672 0.869433
0.677288 0.2311
0.63343 0.0872799
0.505731 0.949727
0.435581 0.525724
0.860056 0.666627
0.0850955 0.579147
0.105195 0.110469
0.28623 0.59885
0.284285 0.760069
0.784324 0.838874
0.64578 0.87057
0.346619 0.0351858
0.747 0.437133
0.824547 0.321901
0.151379 0.689038
0.189251 0.83
0.919677 0.822711
0.917984 0.428389
0.771696 0.354356
0.951882 0.633466
0.0240773 0.0356439
0.211907 0.124844
0.147236 0.499365
0.724455 0.431314
0.259087 0.508186
0.271703 0.903995
0.378545 0.615982
0.937395 0.123885
0.0533371 0.765252
0.446893 0.205827
0.453325 0.637068
0.0356759 0.372686
0.458454 0.950507
0.799933 0.231428
0.308305 0.75424
0.862656 0.328612
0.789292 0.073286
0.452514 0.935116
0.573774 0.17601
0.368067 0.832518
0.686004 0.638793
0.736222 0.0648368
0.254674 0.677253
0.193105 0.308938
0.442529 0.640916
0.514043 0.895917
0.274903 0.54729
0.269242 0.734652
0.502635 0.0713104
0.963928 0.809096
0.825243 0.827755
0.137854 0.61487
0.902348 0.592033
0.55295 0.475087
0.766959 0.921894
0.305537 0.454576
0.561823 0.0422632
0.52136 0.815015
0.717989 0.713558
0.123597 0.16203
0.353284 0.637008
0.0577221 0.629718
0.185983 0.328362
0.365039 0.68642
0.39885 0.330995
0.498081 0.222053
0.156337 0.636361
0.83728 0.0570007
0.226392 0.390668
0.534543 0.99458
0.312588 0.838939
0.450383 0.874422
0.881475 0.972334
0.69045 0.602706
0.685866 0.814115
0.76532 0.0407946
0.4503 0.823733
0.670027 0.637331
0.156986 0.0337758
0.32464 0.551403
0.364592 0.823452
0.773694 0.522194
0.458039 0.61347
0.578445 0.686575
0.00398561 0.116531
0.67976 0.317853
0.95123 0.128183
0.190272 0.837562
0.101871 0.88236
0.440324 0.78782
0.69685 0.20661
0.826891 0.147133
0.0303943 0.496966
0.784885 0.183281
0.53446 0.112662
0.733589 0.89917
0.935177 0.506343
0.419837 0.393912
0.123023 0.00229354
0.0783116 0.125548
0.114251 0.755692
0.442667 0.0690426
0.885392 0.634448
0.906329 0.987498
0.516212 0.348044
0.774384 0.21308
0.555306 0.602664
0.359778 0.584124
0.102642 0.145952
0.766656 0.634007
0.259055 0.499278
0.532902 0.192252
0.00743307 0.952738
