0.896805 0.295855
0.629412 0.0921354
0.418434 0.769669
0.569996 0.23992
0.570045 0.0637336
0.890908 0.132396
0.0189694 0.626648
0.27901 0.333298
0.354251 0.303707
0.558776 0.721922
0.757405 0.577122
0.774403 0.779991
0.224889 0.037949
0.350324 0.829909
0.434353 0.913792
0.133517 0.330443
0.22134 0.754741
0.399754 0.628382
0.542609 0.964144
0.856219 0.117756
0.0295693 0.769116
0.265929 0.0561248
0.408525 0.524961
0.360278 0.742309
0.786402 0.947992
0.436568 0.586684
0.475453 0.255988
0.348771 0.730643
0.264067 0.68518
0.540766 0.696485
0.615142 0.707318
0.0101058 0.829256
0.424811 0.412533
0.4916 0.94569
0.415501 0.349428
0.109819 0.413381
0.132536 0.387031
0.456091 0.503091
0.878161 0.850056
0.258475 0.713024
0.744965 0.725018
0.30708 0.2798
0.95316 0.651728
0.987121 0.218147
0.319424 0.53451
0.885814 0.935993
0.25937 0.910394
0.773891 0.72155
0.329545 0.267513
0.679117 0.727455
0.578495 0.807846
0.147587 0.688431
0.178723 0.61706
0.229766 0.0989887
0.427481 0.477479
0.783742 0.171219
0.203545 0.117224
0.446511 0.155961
0.733522 0.446238
0.380403 0.0747721
0.0199815 0.296491
0.0261361 0.267824
0.201391 0.800864
0.88647 0.574188
0.0600514 0.665783
0.246032 0.640999
0.415515 0.381412
0.358546 0.64315
0.904739 0.630894
0.716105 0.413686
0.0639641 0.514703
0.577204 0.254063
0.591204 0.0662349
0.422255 0.353577
0.474486 0.784097
0.43871 0.486379
0.0732513 0.432387
0.749291 0.272333
0.241198 0.721101
0.790894 0.296765
0.398818 0.0401528
0.937454 0.867613
0.434167 0.316209
0.495551 0.419748
0.877243 0.234042
0.790561 0.952341
0.749249 0.416017
0.195314 0.365285
0.430292 0.608248
0.711406 0.92555
0.382386 0.126732
0.411922 0.463879
0.556179 0.181332
0.709716 0.819747
0.886589 0.543339
0.110756 0.317016
0.566337 0.0653018
0.181876 0.990236
0.370631 0.691808
0.407929 0.258744
0.923035 0.219735
0.198016 0.668701
0.627375 0.396698
0.0381132 0.152783
0.962257 0.789201
0.0535051 0.389368
0.874261 0.455182
0.825333 0.442159
0.621704 0.569803
0.236625 0.542528
0.107191 0.366245
0.837012 0.66491
0.407286 0.023232
0.632494 0.77493
0.719343 0.0614098
0.0302038 0.648516
0.288127 0.235507
0.345231 0.911167
0.602444 0.409269
0.0096808 0.596323
0.148308 0.0531967
0.955348 0.0186281
0.473514 0.794302
0.462585 0.113584
0.365702 0.700411
0.642227 0.462431
0.061045 0.491517
0.121462 0.455107
0.485205 0.781224
0.245095 0.237463
0.814998 0.259161
0.866284 0.0966429
0.486021 0.226353
0.0156505 0.173578
0.588663 0.0621172
0.684428 0.760842
0.0667341 0.671361
0.768677 0.553872
0.472275 0.228703
0.661021 0.830107
0.924971 0.30952
0.302915 0.981994
0.799277 0.410059
0.457862 0.317549
0.1822 0.655543
0.558561 0.04556
0.943724 0.435316
0.10654 0.431918
0.650917 0.131288
0.526249 0.264797
0.166045 0.257312
0.037764 0.204461
0.902138 0.827606
0.766482 0.400399
0.0165058 0.466041
0.239951 0.938491
0.741247 0.53026
0.898002 0.562388
0.934019 0.373465
0.844705 0.10992
0.0884497 0.43624
0.113219 0.033909
0.829959 0.215494
0.422349 0.499675
0.362534 0.979312
0.750166 0.506999
0.236473 0.752582
0.70537 0.155228
0.512706 0.510238
0.548379 0.555728
0.912794 0.846693
0.458315 0.683249
0.338189 0.39347
0.223284 0.265602
0.76772 0.0521697
0.380719 0.835458
0.448862 0.517382
0.836354 0.318754
0.70605 0.283263
0.764996 0.0776859
0.265529 0.568099
0.544509 0.519339
0.330205 0.302951
0.673573 0.853113
0.773251 0.222483
0.407078 0.704641
0.0317152 0.885016
0.394409 0.362891
0.299273 0.589347
0.606966 0.0899611
0.671877 0.975761
0.906915 0.137906
0.467647 0.752347
0.464836 0.187561
0.048736 0.280239
0.258232 0.331699
0.804838 0.820278
0.818511 0.151806
0.104008 0.495322
0.0199298 0.87574
0.72499 0.421917
0.568375 0.763232
0.319606 0.96433
0.116074 0.607904
0.537054 0.733361
0.683112 0.226646
0.703169 0.611804
0.369036 0.187098
0.375222 0.836843
0.387451 0.420559
0.120882 0.613752
0.739489 0.94576
0.422248 0.558088
0.115534 0.520412
0.052724 0.183796
0.405522 0.784317
0.551013 0.97632
0.52397 0.867498
0.954833 0.658442
0.462121 0.514643
0.370777 0.158272
0.751189 0.0813509
0.736834 0.112409
0.259692 0.125233
0.943805 0.640558
0.544367 0.0711233
0.256079 0.286932
0.0295744 0.666498
0.817178 0.134012
0.192125 0.884444
0.251758 0.599072
0.635759 0.820757
0.570781 0.21691
0.65983 0.54766
0.850878 0.124031
0.0755317 0.246112
0.284933 0.814206
0.318054 0.0478665
0.890478 0.610695
0.179493 0.897537
0.212411 0.707327
0.740653 0.480965
0.974512 -0.00516532
0.131903 0.820811
0.14413 0.321857
0.705906 0.401413
0.907 0.382048
0.229119 0.495287
0.58514 0.873342
0.0417634 0.455636
-0.00106446 0.178885
0.686796 0.285308
0.900889 0.0182279
0.337273 0.855955
0.578039 0.517548
0.736828 0.818209
0.228605 0.721665
0.270475 0.234403
0.727958 0.390212
0.0538631 0.865679
0.686028 0.772134
0.269726 0.616649
0.144154 0.47783
0.112726 0.718011
0.351814 0.147389
0.190055 0.361385
0.249725 0.876806
0.641547 0.170999
0.867355 0.964834
0.0351721 0.480779
0.465604 0.783859
0.283607 0.713589
0.505317 0.55587
0.931942 0.243744
0.912437 0.980285
0.119703 0.639976
0.747502 0.389564
0.2589 0.888827
0.866394 0.365572
0.612319 0.224708
0.458505 0.813191
0.558259 0.762896
0.680502 0.225893
0.887264 0.594465
0.206217 0.951198
0.0604636 0.684348
0.736103 0.341424
0.411163 0.258972
0.885043 0.348657
0.465008 0.82602
0.337906 0.617642
0.465747 0.0898064
0.012618 0.718597
0.967376 0.873421
0.0909361 0.599009
0.107763 0.59078
0.413849 0.674892
0.346026 0.100761
0.899673 0.269639
0.677028 0.116191
0.222269 0.723378
0.811965 0.939992
0.0985871 0.243406
0.219208 0.961655
0.523998 0.730403
0.763481 0.891957
0.345302 0.26169
0.971695 0.346812
0.949139 0.947346
0.229389 0.0778887
0.550865 0.329161
0.648971 0.961349
0.00751445 0.98996
0.0675804 0.910704
0.262515 0.734292
0.030359 0.488225
0.488402 0.814683
0.449389 0.544839
0.0251873 0.660853
0.49429 0.579921
0.392188 0.30487
0.431809 0.717696
0.519331 0.446503
0.073006 0.513503
0.398009 0.298402
0.565185 0.94333
0.603033 0.217987
0.910636 0.6254
0.214295 0.973871
0.503505 0.491664
0.712975 0.560113
0.95025 0.180939
0.398196 0.421452
0.730129 0.403034
0.0820999 0.253811
0.755243 0.479915
0.51404 0.445108
0.184598 0.1024
0.856393 0.235076
0.582729 0.256324
0.525211 0.166314
0.198548 0.140119
0.380834 0.109977
0.761428 0.598173
0.0866866 0.308038
0.0738018 0.79184
0.824521 0.0310005
0.971755 0.228672
0.444388 0.71716
0.627842 0.523391
0.921912 0.627952
0.774993 0.53571
0.048643 0.20821
0.577537 0.907442
0.383441 0.184222
0.163703 0.915147
0.357553 0.376247
0.063063 0.724539
0.483056 0.818839
0.322108 0.554082
0.121393 0.376342
0.354562 0.971184
0.432383 0.332866
0.214969 0.85766
0.0468019 0.84631
0.374874 0.00537584
0.427958 0.336671
0.474 0.525874
0.496447 0.0872192
0.425501 0.87671
0.258415 0.582167
0.792723 0.620582
0.912793 0.844178
0.359018 0.409366
0.675575 0.66738
0.924975 0.843816
0.0537383 0.288178
0.778083 0.471378
0.595831 0.942331
0.328026 0.649059
0.838181 0.704789
0.649829 0.304047
0.0588736 0.216344
0.812967 0.556901
0.254234 0.227345
0.434883 0.512809
0.782753 0.213243
0.130935 0.709692
0.0829559 0.46188
0.126577 0.742383
0.144103 0.0814527
0.551278 0.182198
0.356764 0.354232
0.648946 0.949042
0.339643 0.966916
0.600588 0.170935
0.668013 0.260396
0.432514 0.737854
0.428662 0.288897
0.270507 0.661036
0.477721 0.708383
0.188434 0.301761
0.908557 0.301625
0.0229103 0.990244
0.742009 0.13326
0.728098 0.917029
0.214416 0.314413
0.0864169 0.550473
0.623679 0.722969
0.530951 0.932527
0.702847 0.11988
0.147783 0.370279
0.359211 0.611515
0.105203 0.785368
0.899689 0.369919
0.428316 0.406282
0.0644517 0.62968
0.723167 0.966911
0.91376 0.760489
0.948999 0.729127
0.864658 0.724626
0.597322 0.082328
0.0316798 0.679876
0.633131 0.697089
0.406446 0.129751
0.640044 0.114924
0.238188 0.780045
0.459553 0.619581
0.392033 0.573646
0.414471 0.31313
0.929602 0.857258
0.708987 0.020578
0.47142 0.416694
0.854539 0.435886
0.141157 0.957524
0.129961 0.0294382
0.66178 0.741198
0.0801482 0.705184
0.422372 0.69367
0.389428 0.827214
0.785563 0.0437935
0.927113 0.0646435
0.80766 0.41816
0.666533 0.21416
0.994492 0.0740445
0.511869 0.946039
0.923715 0.226446
0.949121 0.430591
0.646368 0.936095
0.835652 0.808823
0.879243 0.97508
0.787111 0.588599
0.695406 0.882395
0.286779 0.143053
0.541895 0.688458
0.965886 0.390794
0.699814 0.902455
0.448718 0.503409
0.322015 0.128113
0.720778 0.319864
0.212605 0.249089
0.261132 0.129755
0.47204 0.220708
0.53262 0.128244
0.15918 0.413054
0.886662 0.0650395
0.406742 0.682915
0.644125 0.133161
0.551271 0.937249
0.270883 0.115934
0.596653 0.247282
0.487206 0.310703
0.155157 0.960933
0.812231 0.479234
0.0953571 0.542409
0.790488 0.284157
0.784565 0.0658386
0.429562 0.263397
0.292318 0.982064
0.386472 0.44858
0.41035 0.28717
0.458327 0.808856
0.958233 0.145673
0.910912 0.545218
0.109427 0.234313
0.629403 0.693923
0.450105 0.154775
0.0113192 0.598579
0.120175 0.819817
0.101099 0.240842
0.375114 0.870126
0.494284 0.151478
0.919855 0.904097
0.411306 0.220463
0.891376 0.869571
0.656995 0.300569
0.0813902 0.21734
0.11512 0.0709537
0.319537 0.0392128
0.554777 0.414767
0.251513 0.215585
0.108211 0.685715
0.363631 0.114271
0.286224 0.482239
0.933186 0.371258
0.678833 0.299591
0.244495 0.167766
0.450566 0.181827
0.0940951 0.859264
0.418745 0.971725
0.645758 0.0720926
0.28987 0.719574
0.228249 0.405554
0.761003 0.554996
0.450745 0.333624
0.945827 0.682865
0.53968 0.0590486
0.374085 0.896393
0.177379 0.629267
0.382815 0.111907
0.0157186 0.132669
0.416619 0.278263
0.244404 0.858686
0.437508 0.319724
0.694732 0.868807
0.332898 0.402639
0.916672 0.617052
0.100007 0.185501
0.0139361 0.85425
0.692779 0.447548
0.19364 0.631021
0.124257 0.71097
0.717838 0.485476
0.627806 0.887192
0.140969 0.032467
0.017076 0.245992
0.0875131 0.408571
0.454144 0.32532
0.272869 0.894571
0.667459 0.986445
0.761891 0.97346
0.372462 0.662487
0.576435 0.475503
0.81326 0.608433
0.32942 0.514487
0.0528726 0.512835
0.17418 0.168612
0.2404 0.88307
0.648523 0.861653
0.757982 0.802027
0.860644 0.839433
0.936953 0.950755
0.186748 0.402122
0.268506 0.466337
0.301684 0.935763
0.451716 0.0489266
0.894303 0.843046
0.712569 0.512029
0.283561 0.535444
0.117918 0.615
0.0482478 0.219717
0.142906 0.216865
0.333625 0.395311
0.0923523 0.966042
0.235618 0.865438
0.728339 0.103312
0.627314 0.712104
0.0767248 0.829036
0.123416 0.367006
0.302278 0.404384
0.291334 0.741497
0.456496 0.212094
0.560934 0.174823
0.694046 0.871169
0.671054 0.851747
0.439316 0.749077
0.92314 0.650578
0.93649 0.310856
0.95701 0.0326863
0.288219 0.211989
0.884644 0.0419722
0.318737 0.556536
0.746499 0.388547
0.388637 0.862225
0.733798 0.678481
0.27727 0.0439765
0.414882 0.735364
0.254341 0.977706
0.88677 0.955626
0.832698 0.622812
0.797013 0.302965
0.350121 0.791459
0.901515 0.288793
0.109022 0.874625
0.338299 0.415322
0.0871184 0.235473
0.408048 0.391712
0.751846 0.160692
0.759964 0.142171
0.0440556 0.524171
0.814296 0.312671
0.544634 0.239361
0.0570481 0.802427
0.21847 0.958659
0.78055 0.0517802
0.557004 0.587142
0.365141 0.907664
0.379161 0.276432
0.22279 0.473102
0.152868 0.528234
0.852331 0.219142
0.747734 0.27891
0.610301 0.531707
0.43164 0.404205
0.667705 0.495502
0.913325 0.513126
0.800769 0.49414
0.701818 0.867117
0.299294 0.940575
0.769527 0.085294
0.987736 0.381659
0.624184 0.385665
0.292039 0.0200447
0.60819 0.505892
0.458425 0.768656
0.0514199 0.369909
0.965122 0.81387
0.629017 0.616657
0.302605 0.0883144
0.0101084 0.974001
0.570848 0.934975
0.413339 0.369846
0.421675 0.202593
0.228186 0.706209
0.154441 0.0572868
0.75959 0.130687
0.404189 0.435369
0.461963 0.728987
0.450684 0.11084
0.215906 0.939213
0.862531 0.233236
0.296811 0.855897
0.0197465 0.924932
0.447588 0.306215
0.0221271 0.473894
0.298058 0.588295
0.413581 0.771369
0.936643 0.827117
0.960773 0.190053
0.534194 0.122883
0.246281 0.346158
0.261045 0.651329
0.749063 0.760883
0.371264 0.21894
0.870665 0.61011
0.158678 0.714163
0.81655 0.449701
0.57607 0.840476
0.375552 0.0553851
0.157396 0.389935
0.495436 0.470259
0.964041 0.930159
0.229938 0.948377
0.75471 0.188014
0.1521 0.320745
0.331028 0.412673
0.642735 0.58549
0.0713974 0.441984
0.343168 0.394333
0.62403 0.187949
0.970598 0.817863
0.898017 0.853422
0.211458 0.514243
0.64255 0.615369
0.541817 0.813782
0.996821 0.0834951
0.270929 0.980302
0.0270588 0.487139
0.910619 0.834621
0.685225 0.0829333
0.100258 0.040215
0.458323 0.751153
0.566178 0.506041
0.172773 0.909995
0.893322 0.863595
0.100219 0.893896
0.566429 0.0464691
0.68011 0.830072
0.510853 0.36193
0.42004 0.0809719
0.160981 0.416572
0.161638 0.421433
0.397891 0.185014
0.907347 0.331647
0.903549 0.648273
0.405579 0.0755885
0.595778 0.862799
0.819125 0.177975
0.37723 0.984712
0.103258 0.274403
0.787615 0.184958
0.164393 0.37924
0.209065 0.86847
0.195059 0.713604
0.229199 0.644927
0.802545 0.392664
0.0353747 0.965639
0.812134 0.435794
0.157067 0.71052
0.738509 0.113011
0.3199 0.173196
0.198315 0.926331
0.0404722 0.0727969
0.111716 0.383132
0.0281529 0.208375
0.643924 0.816789
0.40949 0.818211
0.197243 0.626223
0.683457 0.391655
0.343089 0.910258
0.0121623 0.217826
0.307533 0.0387452
0.109738 0.157128
0.460115 0.265603
0.841453 0.230199
0.381351 0.17904
0.394515 0.574441
0.103181 0.432789
0.589497 0.219574
0.826609 0.632648
0.435366 0.486952
0.45229 0.82383
0.314759 0.628641
0.434469 0.00374684
0.026224 0.767946
0.902221 0.0300966
0.903232 0.224055
0.0653172 0.0829867
0.350789 0.532068
0.295389 0.207733
0.756931 0.68265
0.371016 0.176123
0.236426 0.487029
0.606971 0.852834
0.686557 0.452274
0.479238 0.115596
0.923137 0.901009
0.931285 0.248547
0.532631 0.380375
0.248556 0.568927
0.154398 0.184002
0.57259 0.0829581
0.406727 0.635655
0.0920464 0.74406
0.176332 0.373428
0.933231 0.930065
0.0611892 0.337686
0.115827 0.307746
0.794742 0.734701
0.157689 0.496156
0.169271 0.64719
0.605351 0.116465
0.527452 0.562612
0.360773 0.0846656
0.923569 0.617809
0.639979 0.0849844
0.781945 0.2194
0.144395 0.20483
0.863366 0.212654
0.936591 0.0471095
0.58377 0.897314
0.969403 0.636821
0.239433 0.122256
0.918945 0.034301
0.790763 0.0914885
0.542587 0.958645
0.72976 0.145357
0.102579 0.264312
0.68498 0.462146
0.33621 0.611456
0.0747051 0.97836
0.668422 0.875743
0.208564 0.820134
0.0462547 0.138548
0.0512642 0.0601988
0.12994 0.630315
0.889585 0.103538
0.262251 0.125553
0.216551 0.201623
0.165146 0.037399
0.287304 0.685733
0.0272273 0.0437853
0.805575 0.104243
0.245698 0.522463
0.549171 0.602394
0.136275 0.635856
0.557577 0.829205
0.457581 0.784948
0.641651 0.565233
0.856218 0.687673
0.567786 0.985894
0.314426 0.468947
0.106466 0.580315
0.598086 0.306868
0.760987 0.775528
0.329341 0.0686423
0.432776 0.326579
0.0727497 0.285077
0.452727 0.322365
0.754846 0.0142931
0.896323 0.914879
0.632234 0.495608
0.716712 0.128514
0.272294 0.412276
0.711298 0.140652
0.0891422 0.276399
0.113539 0.384522
0.728227 0.208168
0.976903 0.33946
0.490595 0.774001
0.106782 0.846933
0.83345 0.567645
0.193048 0.894287
0.816727 0.644914
0.221895 0.63535
0.64236 0.140058
0.542248 0.289963
0.618608 0.304148
0.440569 0.887464
0.707458 0.136736
0.0300261 0.77777
0.390958 0.144853
0.178316 0.134908
0.353668 0.164318
0.485304 0.865425
0.884182 0.589567
0.708655 0.759657
0.127883 0.917776
0.644244 0.951839
0.54015 0.867771
0.572961 0.202335
0.985649 0.131972
0.457071 0.629931
0.461634 0.90703
0.517672 0.135142
0.040954 0.535324
0.913198 0.43196
0.677412 0.105196
0.534308 0.0622132
0.256248 0.0442553
0.900242 0.169311
0.599483 0.661931
0.903601 0.762006
0.546733 0.577323
0.687001 0.122212
0.436511 0.269798
0.324678 0.409165
0.406479 0.791768
0.0481521 0.835175
0.69656 0.557363
0.952366 0.762547
0.0935355 0.891622
0.161147 0.752211
0.96701 0.744362
0.789753 0.242171
0.728528 0.719861
0.445151 0.347335
0.362252 0.36954
0.0698126 0.904934
0.899163 0.791718
0.0454062 0.364541
0.0362265 0.349404
0.767918 0.420109
0.128078 0.810726
0.258899 0.818956
0.374784 0.241447
0.523227 0.473712
0.134479 0.692307
0.222663 0.110406
0.41986 0.0277871
0.367393 0.164536
0.712947 0.812451
0.502577 0.0865687
0.157727 0.569703
0.99124 0.0662201
0.316669 0.0178182
0.431161 0.342561
0.343796 0.193422
0.752473 0.473466
0.0132438 0.0437937
0.303534 0.39381
0.246942 0.842134
0.829651 0.37591
0.557098 0.0528789
0.520137 0.926592
0.0899372 0.863002
0.136983 0.818632
0.660367 0.638571
0.888414 0.854538
0.203058 0.902689
0.863449 0.524178
0.912085 0.294272
0.84527 0.262801
0.460252 0.61631
0.738318 0.486028
0.599881 0.0638572
0.824192 0.866895
0.871445 0.687337
0.229527 0.437925
0.729968 0.746462
0.409408 0.830914
0.591279 0.541242
0.64826 0.264231
0.175573 0.567992
0.0955619 0.3851
0.482117 0.920298
0.882907 0.389914
0.24955 0.730573
0.635907 0.733001
0.361808 0.409464
0.221265 0.962448
0.424195 0.0747169
0.82141 0.298501
0.761257 0.0685507
0.728655 0.509743
0.778074 0.121338
0.357448 0.401883
0.674095 0.985503
0.652271 0.829894
0.535119 0.755367
0.198879 0.0449288
0.700314 0.0881506
0.426856 0.934394
0.776008 0.0881448
0.694971 0.166489
0.49139 0.890129
0.130375 0.887871
0.95247 0.948388
0.191987 0.720699
0.0250272 0.915353
0.241282 0.82014
0.050688 0.580382
0.224724 0.700035
0.570134 0.891867
0.547692 0.137758
0.614983 0.734426
0.172499 0.335589
0.820807 0.591901
0.287298 0.633561
0.654798 0.963436
0.776019 0.107623
0.844635 0.919057
0.0104929 0.83877
0.874115 0.190708
0.57152 0.903459
0.118904 0.814475
0.704481 0.155699
0.411474 0.938952
0.852356 0.966157
0.839378 0.416351
0.119486 0.472568
0.15996 0.287536
0.818055 0.94722
0.841721 0.0929095
0.59105 0.520534
0.0972533 0.425874
0.630121 0.929932
0.329823 0.632123
0.768189 0.2003
0.827253 0.358353
0.115657 0.943356
0.178573 0.838266
0.116085 0.576125
0.797216 0.957371
0.536227 0.659931
0.399372 0.66023
0.11949 0.546314
0.928926 0.912108
0.455067 0.813161
0.0149464 0.185156
0.319098 0.0837936
0.506798 0.944793
0.0221254 0.840556
0.567134 0.803374
0.0930136 0.437202
0.162111 0.177247
0.370282 0.347563
0.015843 0.466033
0.894054 0.861638
0.399932 0.483736
0.446825 0.840429
0.137147 0.54585
0.38775 0.0768156
0.492843 0.888921
0.873367 0.489443
0.0246485 0.215015
0.552452 0.542748
0.157977 0.586639
0.381328 0.729171
0.392227 0.441531
0.155426 0.535266
0.592006 0.512211
0.847611 0.606112
0.947672 0.810539
0.405546 0.416297
0.235192 0.847051
0.265696 0.377756
0.399311 0.641088
0.450125 0.858608
0.542828 0.321821
0.332426 0.531508
0.505043 0.921212
0.0990471 0.663884
0.460271 0.499815
0.412751 0.868892
0.883372 0.560488
0.421249 0.511885
0.0557214 0.277725
0.131374 0.0445327
0.0547002 0.543492
0.446272 0.283892
0.396297 0.689095
0.622373 0.786682
0.3423 0.0824124
0.648024 0.887075
0.416207 0.97568
0.477543 0.897213
0.879363 0.567284
0.573305 0.405297
0.0324074 0.980691
0.275945 0.941952
0.505148 0.692785
0.438613 0.592307
0.897403 0.625202
0.586834 0.939196
0.13965 0.0612527
0.273104 0.530379
0.714864 0.945269
0.311177 0.0799002
0.00669348 0.955965
0.963632 0.404042
0.948381 0.430238
0.320837 0.855105
0.970732 0.896306
0.252523 0.0286246
0.865448 0.531649
0.948827 0.41935
0.197019 0.419848
0.985341 0.153794
0.929242 0.64183
0.158999 0.139335
0.636972 0.445138
0.64714 0.398364
0.373951 0.956744
0.423771 0.357889
0.922584 0.429214
0.746295 0.892499
0.82519 0.0880523
0.714735 0.845142
0.96185 0.98873
0.83322 0.880607
0.481728 0.808707
0.286543 0.721543
0.220444 0.292394
0.873507 0.20324
0.860892 0.049523
0.34041 0.528847
0.502255 0.951395
0.874339 0.828662
0.958333 0.354105
0.211963 0.887631
0.784224 0.956563
0.764665 0.634587
0.0747618 0.507712
0.45586 0.0570458
0.47625 0.30336
0.910893 0.0269437
0.101517 0.224176
0.741724 0.299586
0.475157 0.640202
0.497448 0.390789
0.667933 0.843046
0.899621 0.136013
0.804212 0.82565
0.966563 0.837327
0.177004 0.202252
0.697005 0.9397
0.187381 0.457327
0.555549 0.247996
0.958154 0.026217
0.292104 0.472567
0.330776 0.23918
0.47129 0.42444
0.4464 0.24483
0.729575 0.933206
0.859237 0.224397
0.334241 0.544228
0.0836641 0.249183
0.683988 0.915948
0.051674 0.662182
0.716339 0.213779
0.858858 0.418591
0.167265 0.0518403
0.876707 0.736399
0.283358 0.847766
0.756759 0.58378
0.322551 0.0858664
0.795096 0.824588
0.469576 0.254769
0.0724924 0.227512
0.189199 0.925374
0.450565 0.502818
0.459256 0.521904
0.716928 0.127623
0.461032 0.79758
0.795105 0.165123
0.0183846 0.666339
0.583957 0.177517
0.704183 0.472143
0.884763 0.974316
0.320966 0.663478
0.555467 0.661979
0.746172 0.370271
0.471041 0.254098
0.605135 0.526034
0.4842 0.794474
0.457667 0.892632
0.318159 0.901677
0.456802 0.0659842
0.0489261 0.902447
0.830339 0.849462
0.0832393 0.877321
0.49422 0.683611
0.0687938 0.230375
0.141103 0.961736
0.198876 0.462753
0.608585 0.778645
0.121852 0.397729
0.157908 0.562533
0.609677 0.762576
0.070324 0.155716
0.549758 0.533315
0.0357173 0.873218
0.429824 0.48507
0.888833 0.500137
0.400017 0.805761
0.325613 0.472482
0.655986 0.859342
0.149911 0.727463
0.078283 0.290405
0.700901 0.285574
0.737792 0.334066
0.0702894 0.836484
0.705516 0.214191
0.417215 0.351775
0.748256 0.510979
0.44832 0.536362
0.00932268 0.479806
0.404948 0.43491
0.963816 0.360881
0.903455 0.364558
0.178565 0.240412
0.842876 0.862587
0.0802835 0.979
0.589174 0.15268
0.27556 0.318151
0.43922 0.00394783
0.628459 0.511919
0.840199 0.351021
0.714695 0.241429
0.682564 0.703691
0.732587 0.148163
0.236862 0.715895
0.618426 0.681909
0.163805 0.590956
0.00415976 0.129254
0.936883 0.178658
0.294551 0.783347
0.0658277 0.393445
0.760846 0.642522
0.52469 0.0294094
0.915811 0.953334
0.0345892 0.573962
0.484003 0.86364
0.914132 0.181708
0.124459 0.618474
0.854336 0.834515
0.733938 0.112259
0.558629 0.384961
0.769738 0.734346
0.945835 0.838846
0.76845 0.91765
0.981016 0.0760437
0.696495 0.0323471
0.403772 0.492177
0.660435 0.968357
0.476934 0.604902
0.915614 0.552057
0.16856 0.406139
0.403834 0.0988552
0.585532 0.532313
0.715121 0.483105
0.368609 0.475104
0.602906 0.92944
0.849576 0.387181
0.64633 0.814695
0.157201 0.44737
0.703011 0.159292
0.491332 0.44207
0.193967 0.965738
0.869323 0.827137
0.935769 0.397421
0.459354 0.878597
0.920377 0.610531
0.300794 0.348974
0.675713 0.901575
0.84876 0.425106
0.368324 0.224502
0.874475 0.958671
0.156241 0.733227
0.360738 0.8033
0.553435 0.550328
0.258003 0.310421
0.687898 0.773808
0.692948 0.923821
0.722862 0.63006
0.737073 0.677616
0.0299777 0.227584
0.544451 0.94302
0.791958 0.843534
0.26158 0.510081
0.731441 0.127328
0.91853 0.0855368
0.345502 0.823454
0.066245 0.489029
0.56273 0.423041
0.291119 0.139099
0.920568 0.57319
0.437978 0.659618
0.297022 0.162493
0.53726 0.0660268
0.782119 0.303282
0.669111 0.820614
0.456324 0.251232
0.742589 0.289225
0.0871375 0.0606879
0.782904 0.816305
0.144229 0.709295
0.887154 0.486022
0.546421 0.953188
0.959088 0.119631
0.376069 0.273905
0.277948 0.340149
0.79498 0.713887
0.980832 0.103033
0.868398 0.563152
0.135225 0.652422
0.817159 0.847766
0.424336 0.336743
0.104178 0.237163
0.637581 0.169774
0.20782 0.444231
0.969005 0.36106
0.164463 0.865702
0.83564 0.715886
0.802363 0.807649
0.830986 0.179855
0.0634053 0.157071
0.47613 0.897642
0.804694 0.504758
0.96891 0.677604
0.0435711 0.178365
0.325068 0.898479
0.929672 0.819446
0.253187 0.0507586
0.973536 0.888966
0.209005 0.207864
0.325968 0.175471
0.544805 0.50359
0.0720519 0.428091
0.206626 0.857542
0.21602 0.0672932
0.0499769 0.289011
0.154558 0.558546
0.164338 0.94839
0.0578558 0.200318
0.611307 0.110273
0.264612 0.937251
0.0210245 0.201042
0.710948 0.255367
0.244556 0.690318
0.155882 0.440356
0.896741 0.490587
0.602887 0.478279
0.963883 0.662041
0.867907 0.173664
0.515329 0.0869854
0.213747 0.565293
0.389619 0.37804
0.124063 0.533292
0.310636 0.170868
0.680487 0.928368
0.275872 0.935732
0.862861 0.272132
0.156547 0.590183
0.519792 0.400176
0.287271 0.680389
0.82984 0.182282
0.177207 0.444792
0.660846 0.142666
0.114769 0.535357
0.31676 0.617231
0.614971 0.544353
0.181883 0.99488
0.896853 0.293119
0.518982 0.22085
0.462047 0.206542
0.157971 0.719621
0.145113 0.0422822
0.0214278 0.298624
0.600949 0.552184
0.692619 0.888039
0.216533 0.526739
0.108477 0.409753
0.94815 0.780164
0.530906 0.0749575
0.283812 0.842041
0.69686 0.899853
0.393172 0.871422
0.892287 0.284843
0.168016 0.425844
0.479644 0.648235
0.627398 0.674036
0.374324 0.775333
0.672544 0.387888
0.0716804 0.298226
0.905769 0.790633
0.191779 0.154308
0.278921 0.283757
0.529221 0.246278
0.0053354 0.142784
0.330169 0.313957
0.899964 0.024311
0.213352 0.307793
0.87567 0.0950763
0.575597 0.0844432
0.534592 0.089896
0.71116 0.179172
0.752407 0.0671661
0.937704 0.438226
0.44712 0.0109936
0.720324 0.373866
0.744806 0.924087
0.526737 0.030047
0.192398 0.0891758
0.280564 0.209344
0.154235 0.594415
0.49786 0.0649289
0.601977 0.710119
0.370257 0.500438
0.806683 0.934555
0.55481 0.337528
0.0500618 0.260123
0.45978 0.798564
0.329052 0.429614
0.229495 0.763817
0.463314 0.920115
0.154968 0.220665
0.856533 0.670606
0.245298 0.066747
0.741609 0.515644
0.245846 0.886136
0.109515 0.728822
0.931394 0.740663
0.456338 0.32273
0.220618 0.247768
0.271291 0.766574
0.571899 0.317207
0.0146476 0.141103
0.121176 0.361681
0.506586 0.344469
0.122133 0.965792
0.302885 0.27646
0.184403 0.159923
0.928102 0.425064
0.203516 0.656837
0.928079 0.453535
0.540895 0.0702448
0.202058 0.51426
0.741299 0.633629
0.806532 0.962697
0.853006 0.0995326
0.722902 0.447075
0.421759 0.753323
0.493336 0.554096
0.113364 0.0685908
0.865071 0.219377
0.0204794 0.245509
0.484609 0.182895
0.33382 0.400989
0.591314 0.533577
0.102723 0.533947
0.961493 0.6648
0.563177 0.158907
0.182603 0.318916
0.763325 0.00701413
0.274521 0.650789
0.113663 0.997653
0.107633 0.53315
0.748534 0.626277
0.069437 0.853696
0.659594 0.932565
0.083025 0.656936
0.115298 0.568145
0.839743 0.432831
0.782936 0.462754
0.950582 0.0803343
0.96174 0.920793
0.739384 0.550795
0.0863707 0.911309
0.82106 0.863492
0.90973 0.126613
0.52002 0.0336191
0.13968 0.621839
0.558221 0.889284
0.244697 0.623778
0.72169 0.915722
0.555654 0.832178
0.534025 0.689221
0.417239 0.411697
0.124863 0.393825
0.807357 0.0738472
0.482898 0.819255
0.977648 0.19821
0.370059 0.076197
0.127788 0.243788
0.928986 0.0421825
0.372667 0.462609
0.0816196 0.502075
0.0831876 0.636601
0.40427 0.330037
0.268626 0.130466
0.218234 0.840998
0.938258 0.813413
0.509539 0.357578
0.176427 0.646498
0.741023 0.0223555
0.683116 0.201184
0.840191 0.682719
0.40488 0.217722
0.752568 0.527016
0.44783 0.692369
0.548486 0.825295
0.154528 0.652001
0.327989 0.249085
0.278572 0.707681
0.543388 0.561167
0.83225 0.789295
0.398783 0.805402
0.538707 0.914415
0.163857 0.707327
0.52349 0.900624
0.739071 0.22121
0.103271 0.588926
0.89426 0.513262
0.798371 0.672508
0.0305518 0.255971
0.34728 0.552645
0.0820503 0.509106
0.223612 0.404555
0.744538 0.507397
0.11184 0.310204
0.0575916 0.950051
0.0752229 0.443481
0.753363 0.627333
0.369704 0.910783
0.350997 0.895713
0.794424 0.086895
0.132863 0.90844
0.680387 0.0518733
0.439582 0.48074
0.695943 0.438984
0.744747 0.0576002
0.0290946 0.812603
0.550654 0.254081
0.223233 0.319492
0.750509 0.318175
0.600927 0.807787
0.273906 0.680237
0.258142 0.0468761
0.306043 0.618327
0.941369 0.660164
0.49122 0.774792
0.734179 0.659882
0.666309 0.42648
0.691162 0.0883782
0.906153 0.394966
0.489956 0.665942
0.449022 0.533565
0.468555 0.0171634
0.779768 0.693533
0.328108 0.550794
0.00497227 0.932248
0.360019 0.286563
0.61492 0.623544
0.309628 0.921848
0.240288 0.261681
0.551828 0.761279
0.0294912 0.329968
0.407417 0.678347
0.747521 0.0969616
0.759538 0.653726
0.452164 0.291804
0.302244 0.93182
0.805541 0.780744
0.917445 0.635061
0.458482 0.279484
0.159533 0.448303
0.22781 0.50499
0.699543 0.847429
0.118055 0.0603044
0.755276 0.340037
0.296161 0.35308
0.0974281 0.308116
0.639982 0.503303
0.968257 0.387626
0.567951 0.755717
0.0196811 0.143733
0.0482369 0.342002
0.0182433 0.849258
0.0988675 0.962651
0.46378 0.537174
0.243394 0.643786
0.766992 0.465922
0.12372 0.709822
0.291943 0.23908
0.758118 0.042614
0.547378 0.0766888
0.376409 0.658506
0.336399 0.023714
0.167126 0.322456
0.410028 0.749882
0.0703599 0.435112
0.808706 0.102695
0.753634 0.847517
0.942465 0.863317
0.80302 0.423444
0.412912 0.046822
0.0698889 0.434094
0.498742 0.154974
0.138846 0.765349
0.394653 0.884217
0.794171 0.960168
0.915647 0.186307
0.60769 0.265646
0.215834 0.771169
0.582972 0.646175
0.500548 0.671073
0.0813428 0.374397
0.741711 0.845453
0.199011 0.703915
0.695706 0.0161247
0.139682 0.126389
0.0664848 0.233518
0.512094 0.557305
0.334133 0.656024
0.325391 0.715257
0.545702 0.146497
0.662601 0.48257
0.345825 0.301039
0.739073 0.553981
0.0765497 0.34077
0.180426 0.598706
0.971674 0.230527
0.924177 0.778087
0.0737391 0.195072
0.472858 0.763091
0.157567 0.608842
0.875691 0.195727
0.77694 0.409024
0.722066 0.102203
0.0511404 0.128345
0.824115 0.623827
0.22739 0.502827
0.0968442 0.550018
0.775237 0.839079
0.104533 0.846156
0.164465 0.281728
0.441763 0.137351
0.49866 0.392451
0.879797 0.587803
0.523421 0.346284
0.354124 0.67904
0.935116 0.230397
0.879853 0.731227
0.638745 0.639571
0.834649 0.712287
0.694293 0.674802
0.327952 0.908193
0.16392 0.409858
0.475166 0.916879
0.234467 0.566961
0.798428 0.396353
0.827142 0.236501
0.52368 0.350992
0.623851 0.420172
0.91648 0.152763
0.749326 0.276416
0.837624 0.703107
0.486946 0.738761
0.426508 0.157169
0.36155 0.276003
0.833087 0.0552441
0.919095 0.181872
0.959215 0.0935288
0.592427 0.432237
0.0541623 0.836269
0.965404 0.842499
0.235333 0.823554
0.101728 0.757837
0.17655 0.705316
0.18955 0.115008
0.857411 0.924768
0.38263 0.719906
0.632347 0.888807
0.448729 0.061389
0.0569261 0.798175
0.328681 0.911759
0.845968 0.250054
0.109443 0.815121
0.3538 0.702526
0.244224 0.413166
0.529764 0.241214
0.252368 0.774429
0.0770253 0.36463
0.531638 0.239711
0.0713243 0.721447
0.343388 0.9429
0.641551 0.713959
0.66856 0.292166
0.599375 0.129871
0.35403 0.654712
0.912677 0.685881
0.554915 0.788836
0.916118 0.694262
0.593405 0.282846
0.392486 0.843691
0.687123 0.925611
0.0846366 0.934026
0.72743 0.156334
0.29092 0.268455
0.396063 0.359281
0.958689 0.746914
0.30011 0.640153
0.447099 0.947404
0.922176 0.0391533
0.101079 0.296536
0.6902 0.0330281
0.953489 0.263077
0.785407 0.894123
0.940254 0.406178
0.181177 0.333012
0.250179 0.854666
0.271567 0.347717
0.805537 0.947193
0.478009 0.074661
0.22714 0.855592
0.421804 0.209019
0.548159 0.73234
0.808604 0.0508158
0.669413 0.797712
0.0443565 0.785637
0.0769378 0.726321
0.763351 0.0488758
0.939565 0.64801
0.906971 0.933101
0.00954856 0.170789
0.28412 0.275636
0.911795 0.569842
0.572966 0.755474
0.504389 0.0731992
0.822205 0.733433
0.920982 0.243499
0.921493 0.523497
0.948407 0.825689
0.477947 0.676244
0.562129 0.550565
0.425278 0.677942
0.281994 0.274555
0.674952 0.270526
0.854904 0.594238
0.218686 0.891165
0.709532 0.493182
0.161942 0.639643
0.0319348 0.749733
0.423003 0.528957
0.817051 0.236768
0.258184 0.75019
0.488581 0.198561
0.244705 0.471502
0.961615 0.798696
0.130663 0.558749
0.298145 0.56746
0.211015 0.593034
0.827438 0.89625
0.847033 0.715607
0.495065 0.0668616
0.594976 0.206637
0.534036 0.774828
0.879357 0.59871
0.488578 0.29364
0.123134 0.354047
0.522835 0.376735
0.102613 0.0581969
0.559229 0.364742
0.475454 0.55139
0.12886 0.604429
0.109192 0.417961
0.186066 0.319447
0.0161211 0.0505693
0.203134 0.854994
0.716239 0.704924
0.918346 0.332187
0.892925 0.489291
0.103503 0.762564
0.0679686 0.606312
0.0771025 0.228354
0.903178 0.62564
0.550784 0.0479209
0.612844 0.123515
0.406485 0.103167
0.663057 0.531562
0.680603 0.793516
0.945598 0.87724
0.0981942 0.961921
0.887309 0.296248
0.812392 0.627567
0.969741 0.774497
0.941959 0.889997
0.225501 0.0706443
0.660459 0.285627
0.638727 0.727802
0.440733 0.618503
0.320978 0.0137053
0.660925 0.93419
0.143619 0.0858864
0.0474681 0.793703
0.572075 0.750535
0.566653 0.56157
0.639228 0.695324
0.486302 0.542135
0.968613 0.3353
0.145896 0.965056
0.0655458 0.149894
0.853488 0.294814
0.152723 0.527864
0.568962 0.807421
0.259222 0.06416
0.399267 0.574305
0.0445677 0.12746
0.514807 0.188399
0.144162 0.560077
0.96115 0.762982
0.297389 0.559935
0.28761 0.929416
0.238594 0.795366
0.45131 0.210952
0.14209 0.599622
0.187412 0.216855
0.692435 0.0485482
0.468647 0.841928
0.555525 0.0973234
0.644667 0.798364
0.15229 0.0664246
0.39705 0.203404
0.11891 0.915034
0.395732 0.258826
0.411004 0.366943
0.96116 0.81514
0.930099 0.26189
0.701245 0.180416
0.0755066 0.215468
0.385299 0.20271
0.760165 0.568049
0.421604 0.453912
0.596946 0.916995
0.28804 0.163696
0.0159716 0.927604
0.973504 0.150202
0.974077 0.385085
0.354738 0.100493
0.298794 0.742939
0.353214 0.773419
0.127407 0.340925
0.559047 0.0549237
0.586385 0.267932
0.238752 0.651253
0.412651 0.646127
0.854931 0.186938
0.197608 0.278459
0.626463 0.786493
0.195237 0.93915
0.939074 0.198807
0.847547 0.929551
0.366535 0.849111
0.321945 0.714322
0.930148 0.636036
0.474591 0.299354
0.385337 0.571183
0.632972 0.945644
0.630178 0.228861
0.219543 0.874466
0.885923 0.647776
0.468836 0.767398
0.835824 0.688318
0.0341377 0.487428
0.468565 0.219209
0.398259 0.423856
0.434226 0.304121
0.364543 0.780489
0.163445 0.662367
0.500377 0.0991783
0.310781 0.952279
0.401169 0.692741
0.535049 0.0364316
0.64976 0.177596
0.259032 0.86637
0.0585788 0.206522
0.505696 0.561354
0.901649 0.359203
0.240226 0.929258
0.840949 0.710411
0.158726 0.280189
0.139446 0.57287
0.549445 0.500996
0.355321 0.7172
0.173717 0.848585
0.814191 0.477046
0.797256 0.210326
0.179092 0.346381
0.246791 0.822271
0.492534 0.522054
0.691655 0.575409
0.645164 0.210448
0.134219 0.55664
0.559982 0.368566
0.460466 0.413249
0.0715401 0.631085
0.67784 0.199568
0.217478 0.260379
0.687472 0.561783
0.957677 0.856252
0.415639 0.794229
0.338502 0.228167
0.0200373 0.509493
0.543909 0.263691
0.333331 0.0831474
0.766666 0.031489
0.649796 0.420301
0.238515 0.773199
0.952922 0.842233
0.147877 0.453654
0.228628 0.212641
0.0957962 0.900296
0.419957 0.306335
0.160276 0.108185
0.846883 0.128045
0.950289 0.264622
0.919888 0.292968
0.500976 0.909991
0.760786 0.0619359
0.197504 0.134273
0.129434 0.959098
0.169695 0.768448
0.394101 0.412569
0.551846 0.352163
0.210326 0.685832
0.800571 0.4298
0.886129 0.886135
0.34359 0.333377
0.216015 0.483436
0.415494 0.0577501
0.609189 0.420451
0.320835 0.550322
0.636819 0.822158
0.451401 0.498183
0.852147 0.687981
0.60155 0.949163
0.626104 0.774317
0.774135 0.0261984
0.18637 0.32863
0.386761 0.398714
0.0415035 0.239349
0.784546 0.945305
0.0731131 0.197696
0.262504 0.277732
0.643992 0.687084
0.329524 0.270263
0.0465737 0.642756
0.794457 0.726734
0.473409 0.290617
0.196269 0.318981
0.959469 0.834534
0.298747 0.621857
0.570611 0.0674102
0.625603 0.749492
0.386579 0.0154506
0.136423 0.405067
0.189345 0.953568
0.355927 0.265829
0.108347 0.599917
0.492618 0.750689
0.272469 0.838379
0.985999 0.312696
0.469432 0.792822
0.031317 0.940897
0.100302 0.227236
0.247392 0.0478013
0.0547157 0.569793
0.687084 0.586894
0.605347 0.3595
0.332798 0.00709218
0.351355 0.473047
0.421271 0.535085
0.430462 0.765401
0.793633 0.537761
0.379714 0.321079
0.2692 0.635748
0.160146 0.265996
0.942135 0.6474
0.0561151 0.979488
0.570149 0.143259
0.198793 0.837562
0.219876 0.212303
0.407321 0.89499
0.755572 0.0217542
0.234393 0.110897
0.0206617 0.582042
0.588552 0.442554
0.125641 0.054061
0.205514 0.908875
0.544294 0.58024
0.219381 0.818585
0.21064 0.375257
0.0866279 0.206453
0.0100793 0.206306
0.151435 0.590168
0.2883 0.359105
0.431006 0.483069
0.534949 0.829573
0.403815 0.353707
0.824822 0.635087
0.469918 0.844726
0.220256 0.0989957
0.301119 0.351575
0.106536 0.48846
0.243851 0.645579
0.0661504 0.456359
0.448848 0.274674
0.834428 0.570261
0.442768 0.831466
0.687031 0.575811
0.437821 0.943906
0.890228 0.824004
0.401092 0.492243
0.661399 0.838244
0.809299 0.509824
0.471624 0.281488
0.358307 0.67268
0.353527 0.641363
0.0120342 0.452829
0.145198 0.25698
0.121307 0.21106
0.704188 0.589277
0.465534 0.526801
0.144677 0.89627
0.376535 0.829519
0.482952 0.7847
0.794026 0.38663
0.6292 0.251734
0.842869 0.306324
0.0936535 0.653094
0.815894 0.570123
0.92459 0.159587
0.246558 0.303179
0.801188 0.233032
0.730101 0.955697
0.458379 0.8562
0.154437 0.204278
0.415965 0.625371
0.728045 0.58322
0.51108 0.0993205
0.430191 0.958648
0.882575 0.203881
0.364368 0.531343
0.456848 0.212894
0.843047 0.567408
0.860949 0.647732
0.114137 0.801103
0.812748 0.343572
0.0983241 0.623285
0.57112 0.840076
0.576953 0.0654892
0.670981 0.720646
0.26458 0.119978
0.339038 0.989778
0.675218 0.849121
0.0913159 0.155731
0.788286 0.949884
0.31888 0.175287
0.482565 0.797097
0.401943 0.36532
0.342736 0.267061
0.010175 0.446576
0.0650743 0.815738
0.766343 0.145247
0.432914 0.366072
0.974837 0.0133079
0.447476 0.672564
0.722832 0.720171
0.765148 0.0734811
0.706023 0.508367
0.877692 0.866686
0.607117 0.696774
0.7998 0.925208
0.868953 0.305277
0.724025 0.259251
0.657984 0.0719318
0.489343 0.682446
0.492443 0.582723
0.457998 0.306602
0.722554 0.940675
0.649558 0.721251
0.943785 0.105346
0.400511 0.68085
0.813258 0.19193
0.747679 0.530449
0.701346 0.646638
0.34336 0.34468
0.342613 0.124604
0.283938 0.230796
0.429955 0.00475299
0.48497 0.0945519
0.0681574 0.995903
0.760268 0.580646
0.557698 0.254839
0.863638 0.29869
0.19515 0.538029
0.0260028 0.205418
0.645055 0.424472
0.818345 0.472041
0.611416 0.580282
0.990697 0.322266
0.221219 0.335389
0.649012 0.562208
0.461042 0.892427
0.75464 0.886729
0.922449 0.25611
0.945936 0.991721
0.256145 0.72784
0.560165 0.837362
0.783473 0.465352
0.140527 0.179654
0.971728 0.150452
0.306183 0.630799
0.558671 0.128359
0.11977 0.217594
0.703445 0.107438
0.505662 0.920009
0.425632 0.169378
0.483516 0.86275
0.105085 0.257799
0.757552 0.0315819
0.481746 0.740208
0.0335844 0.763643
0.439081 0.61084
0.584297 0.453151
0.0509896 0.728305
0.59459 0.0628254
0.861791 0.908566
0.65729 0.467877
0.0531986 0.762013
0.632773 0.746377
0.859584 0.164029
0.654022 0.29091
0.335803 0.133522
0.169906 0.430361
0.386959 0.911375
0.486137 0.875403
0.636825 0.496927
0.65416 0.112116
0.098979 0.262628
0.54009 0.142176
0.97262 0.160261
0.169766 0.871184
0.0878927 0.827675
0.330644 0.13231
0.589089 0.955414
0.871324 0.467383
0.163925 0.537146
0.752965 0.494227
0.670757 0.913355
0.915012 0.0488779
0.835603 0.390963
0.921592 0.503408
0.87492 0.590596
0.590619 0.970273
0.828619 0.137859
0.112326 0.821178
0.315924 0.29047
0.691462 0.390694
0.113006 0.0612363
0.493443 0.717866
0.048482 0.418026
0.173118 0.174674
0.914746 0.90738
0.654155 0.604811
0.843152 0.603679
0.642398 0.676696
0.890841 0.645329
0.16242 0.854139
0.168379 0.734856
0.789833 0.0259866
0.867804 0.92326
0.821913 0.191465
0.230561 0.526841
0.584255 0.318567
0.527652 0.114741
0.0251255 0.567862
0.501049 0.187114
0.735804 0.437033
0.10348 0.390249
0.0364343 0.93902
0.969083 0.692149
0.620274 0.958859
0.253328 0.772666
0.815898 0.41858
0.503959 0.659619
0.401036 0.420155
0.563825 0.253689
0.601093 0.789376
0.762539 0.196303
0.112414 0.341588
0.312739 0.126149
0.879397 0.851052
0.311242 0.639117
0.248162 0.426518
0.0463874 0.291541
0.355186 0.0305355
0.941367 0.966372
0.980692 0.211359
0.732057 0.825996
0.628396 0.281963
0.455939 0.0568988
0.69996 0.0457318
0.315959 0.339228
0.784244 0.0945453
0.523572 0.933338
0.420216 0.837442
0.0599189 0.317597
0.642018 0.384911
0.936688 0.90626
0.776874 0.9446
0.197934 0.126751
0.0371598 0.236331
0.106193 0.0480934
0.39398 0.854662
0.786689 0.0390829
0.148172 0.291214
0.0786697 0.837472
0.328399 0.411222
0.16489 0.149201
0.451472 0.688083
0.0750367 0.860949
0.542867 0.118964
0.184577 0.19596
0.489544 0.126036
0.112976 0.269962
0.124876 0.314529
0.388911 0.145617
0.440825 0.52156
0.159335 0.854979
0.368508 0.974343
0.866657 0.499524
0.27209 0.948847
0.332905 0.564441
0.32975 0.49707
0.705282 0.797426
0.186497 0.793046
0.629345 0.713818
0.898332 0.842405
0.903921 0.410619
0.930649 0.0142933
0.661947 0.0756277
0.317838 0.0603425
0.210947 0.786196
0.546517 0.371669
0.647036 0.905247
0.351181 0.523523
0.380317 0.633374
0.440755 0.750392
0.203311 0.79489
0.240364 0.929205
0.571395 0.428488
0.723144 0.225752
0.137452 0.652182
0.042186 0.102086
0.0592711 0.996497
0.0605138 0.721748
0.0891698 0.395879
0.778274 0.270631
0.170666 0.341212
0.635524 0.801217
0.25853 0.987249
0.333868 0.652148
0.592173 0.806223
0.399679 0.8084
0.600422 0.653071
0.721528 0.171676
0.0589567 0.467061
0.410245 0.191495
0.124634 0.456356
0.239607 0.177107
0.474503 0.292119
0.883427 0.5398
0.657252 0.692706
0.798398 0.835529
0.0339514 0.445227
0.634243 0.277858
0.453007 0.946134
0.919892 0.0452411
0.773855 0.324635
0.847856 0.380032
0.899242 0.630335
0.555776 0.0559176
0.0592231 0.971614
0.209253 0.177622
0.395317 0.447226
0.363354 0.892221
0.722738 0.257577
0.407796 0.388185
0.937328 0.224254
0.230534 0.974174
0.677003 0.859264
0.253338 0.101318
0.831833 0.177231
0.156793 0.621734
0.502155 0.0507125
0.755736 0.490882
0.579814 0.563311
0.450972 0.661061
0.503351 0.692658
0.804907 0.971106
0.123674 0.197135
0.830207 0.839754
0.451907 0.292207
0.235275 0.400143
0.487126 0.47729
0.362849 0.198782
0.326648 0.612859
0.29691 0.163457
0.798568 0.453343
0.775933 0.311694
0.457435 0.769246
0.785065 0.0476885
0.336725 0.273263
0.662176 0.870574
0.918973 0.539572
0.781511 0.0679361
0.689579 0.695411
0.883761 0.132795
0.967463 0.127157
0.500751 0.513964
0.586908 0.893345
0.69561 0.914994
0.528211 0.952759
0.0899692 0.326151
0.453489 0.863142
0.627644 0.89197
0.631208 0.418295
0.917333 0.952965
0.666842 0.635254
0.818515 0.616621
0.147707 0.649994
0.667072 0.839185
0.315898 0.539377
0.979446 0.308164
0.687504 0.519054
0.799869 0.275996
0.440881 0.495474
0.203454 0.924625
0.452746 0.293451
0.245128 0.930616
0.148058 0.86822
0.814716 0.790562
0.280631 0.763423
0.732701 0.960358
0.392672 0.558771
0.546646 0.554848
0.220536 0.223968
0.395189 0.53458
0.774212 0.379368
0.846931 0.469002
0.888431 0.658909
0.743639 0.306439
0.15907 0.947248
0.240136 0.627986
0.210411 0.482336
0.567338 0.385601
0.361079 0.403057
0.163225 0.635321
0.171406 0.903117
0.564526 0.575932
0.47306 0.135171
0.112512 0.675198
0.359186 0.502997
0.21274 0.113427
0.858977 0.0712269
0.579382 0.780256
0.733474 0.346012
0.0875648 0.887919
0.307148 0.33844
0.517425 0.53696
0.769125 0.100882
0.890321 0.129231
0.512458 0.0601933
0.753507 0.690842
0.960926 0.338073
0.235285 0.444983
0.434883 0.35139
0.119444 0.823782
0.855287 0.338827
0.937318 0.773517
0.411713 0.558624
0.51869 0.146183
0.895502 0.610412
0.0527877 0.21608
0.885955 0.590372
0.712223 0.720297
0.680892 0.629622
0.840782 0.190499
0.682389 0.613739
0.87044 0.648621
0.938917 0.118069
0.0815072 0.41169
0.479487 0.201946
0.260265 0.355399
0.529851 0.213387
0.081995 0.952297
0.76611 0.602233
0.104775 0.67035
0.197389 0.14126
0.859229 0.10756
0.715796 0.602364
0.82111 0.405435
0.228409 0.659519
0.596625 0.909484
0.274809 0.482571
0.548719 0.237556
0.603014 0.673217
0.652317 0.0921923
0.813125 0.907364
0.413954 0.383697
0.118924 0.502262
0.348874 0.878254
0.101493 0.436878
0.551168 0.299437
0.57579 0.440894
0.422191 0.315656
0.041983 0.231799
0.706272 0.256174
0.898764 0.311993
0.17992 0.194176
0.777145 0.745846
0.410309 0.388613
0.381322 0.0783397
0.472054 0.232197
0.969984 0.895915
0.613465 0.102751
0.419657 0.944145
0.791069 0.539633
0.410305 0.533263
0.792239 0.9341
0.957448 0.20273
0.298647 0.00675904
0.441436 0.0146964
0.269416 0.36281
0.334953 0.417206
0.542664 0.111946
0.165801 0.956776
0.502959 0.549225
0.0338511 0.980203
0.774897 0.0129119
0.881159 0.397146
0.111094 0.297911
0.355233 0.0865443
0.774274 0.774306
0.612123 0.603525
0.753822 0.595255
0.7662 0.0716107
0.57643 0.247905
0.076601 0.847383
0.579911 0.405404
0.277431 0.123374
0.487034 0.45463
0.087038 0.0641306
0.979015 0.112407
0.00990556 0.760107
0.130881 0.885802
0.168935 0.242277
0.188753 0.510889
0.327949 0.961975
0.280331 0.936435
0.536424 0.0656932
0.518042 0.366541
0.086328 0.161614
0.59874 0.160156
0.957072 0.189093
0.543447 0.254751
0.320733 0.0744308
0.687961 0.407207
0.0946748 0.675048
0.523506 0.0950276
0.420686 0.673651
0.916697 0.652664
0.872192 0.152467
0.126216 0.211382
0.124168 0.374127
0.143597 0.667798
0.424383 0.655064
0.0562969 0.510273
0.77526 0.663271
0.652609 0.755726
0.839693 0.227205
0.0187773 0.245565
0.305933 0.693591
0.563308 0.405533
0.373042 0.0957791
0.464956 0.815856
0.740211 0.480809
0.390256 0.642072
0.629396 0.537129
0.805012 0.777165
0.897669 0.945277
0.433748 0.326942
0.611992 0.506106
0.847735 0.406706
0.160167 0.522516
0.15503 0.0161426
0.730512 0.14662
0.181094 0.0753764
0.850541 0.748657
0.457202 0.230537
0.806261 0.959505
0.0480897 0.575221
0.408142 0.471005
0.207245 0.0946814
0.975801 0.0130567
0.803415 0.920197
0.964277 0.281093
0.244431 0.616468
0.756513 0.090951
0.006083 0.927521
0.620253 0.162258
0.930167 0.382013
0.319566 0.103633
0.440697 0.175685
0.811774 0.902914
0.407854 0.673073
0.849963 0.451986
0.268305 0.299073
0.90647 0.463076
0.359951 0.896184
0.471394 0.186
0.808626 0.451427
0.466567 0.063979
0.0539603 0.249705
0.174583 0.0646308
0.181392 0.780539
0.222542 0.132107
0.179669 0.531253
0.214047 0.630593
0.709178 0.0645819
0.516714 0.110502
0.733875 0.364502
0.560504 0.988542
0.642332 0.478669
0.446081 0.00397892
0.38181 0.910963
0.196894 0.188786
0.37062 0.649952
0.243238 0.427888
0.897038 0.416559
0.467835 0.0799252
0.204503 0.661124
0.191316 0.373979
0.207097 0.407864
0.968183 0.912748
0.428676 0.50897
0.0448535 0.216632
0.863864 0.611728
0.201134 0.5048
0.0645389 0.627272
0.482591 0.444253
0.525163 0.709301
0.619806 0.913933
0.359183 0.865184
0.34236 0.263824
0.283832 0.798506
0.330711 0.484317
0.476368 0.509187
0.850827 0.692507
0.895361 0.829501
0.597579 0.416643
0.33028 0.634727
0.563953 0.188285
0.227136 0.747712
0.686046 0.287798
0.384775 0.203781
0.726075 0.935735
0.893971 0.347386
0.845963 0.242401
0.22367 0.192345
0.466945 0.520462
0.95647 0.812704
0.756529 0.4966
0.353044 0.834746
0.170787 0.274263
0.6539 0.773364
0.634519 0.0342177
0.40562 0.214658
0.192186 0.651657
0.956277 0.876966
0.920024 0.355094
0.0830743 0.642565
0.300458 0.973992
0.980303 0.141267
0.234779 0.209604
0.336339 0.720801
0.701243 0.324861
0.525367 0.699177
0.776968 0.898386
0.51501 0.955103
0.174394 0.204772
0.700607 0.82138
0.197873 0.126876
0.0514355 0.411825
0.769572 0.951832
0.271799 0.682958
0.350064 0.370866
0.334674 0.627778
0.341616 0.340951
0.774544 0.559095
0.53929 0.104729
0.284986 0.246692
0.451789 0.824898
0.912149 0.227767
0.718973 0.447595
0.190354 0.885818
0.645679 0.908405
0.657785 0.863397
0.048332 0.708415
0.236357 0.806394
0.697174 0.507484
0.497085 0.0397518
0.818103 0.844602
0.667914 0.184511
0.166057 0.440184
0.73008 0.696447
0.547405 0.052351
0.90099 0.978405
0.839034 0.852087
0.215795 0.571437
0.302732 0.401607
0.460817 0.904552
0.319958 0.14679
0.780178 0.368397
0.821245 0.0380171
0.186112 0.557445
0.499183 0.68864
0.586435 0.395952
0.471773 0.269992
0.554427 0.682106
0.703264 0.307855
0.356552 0.274475
0.333627 0.285862
0.242131 0.156713
0.123356 0.469006
0.727496 0.411416
0.875481 0.178687
0.347768 0.215563
0.326148 0.132755
0.56822 0.187539
0.155132 0.736638
0.730957 0.682346
0.444071 0.341846
0.0593619 0.928401
0.593709 0.646461
0.588411 0.304953
0.914746 0.929479
0.549449 0.263886
0.212565 0.814996
0.442984 0.33977
0.286296 0.155626
0.718889 0.16297
0.339858 0.0899023
0.383915 0.663167
0.221739 0.954269
0.850949 0.367832
0.704076 0.595722
0.04244 0.196461
0.914208 0.0950869
0.0728841 0.520839
0.717576 0.663189
0.815866 0.666708
0.589064 0.402418
0.899065 0.855169
0.212979 0.349093
0.143537 0.497633
0.476256 0.891046
0.655809 0.841884
0.960833 0.0528464
0.50612 0.185844
0.0372792 0.382814
0.526665 0.728753
0.902244 0.628722
0.820633 0.883872
0.696467 0.910938
0.421833 0.418149
0.557208 0.231
0.0829946 0.217314
0.603359 0.942675
0.949922 0.819066
0.328903 0.121867
0.324671 0.827652
0.973089 0.989741
0.671241 0.958848
0.0627814 0.235544
0.163082 0.0699997
0.516032 0.716169
0.770535 0.500601
0.296306 0.61779
0.393119 0.97165
0.504018 0.793044
0.397479 0.108848
0.0115825 0.471066
0.276662 0.61815
0.466554 0.255503
0.451866 0.787011
0.377686 0.760375
0.611623 0.419099
0.750746 0.286314
0.343385 0.799909
0.433366 0.516598
0.820609 0.0462704
0.196768 0.647452
0.474195 0.509787
0.249156 0.880152
0.479827 0.775683
0.661028 0.866376
0.879242 0.66461
0.340023 0.166904
0.2876 0.799125
0.418141 0.726942
0.574337 0.796311
0.489938 0.211653
0.173995 0.255817
0.469062 0.525608
0.0513919 0.963417
0.982432 0.904259
0.961927 0.182844
0.503138 0.496486
0.654511 0.789783
0.35909 0.156823
0.540728 0.0606792
0.031439 0.448629
0.672402 0.374751
0.606157 0.955618
0.176007 0.0388761
0.684542 0.774386
0.812038 0.189321
0.947676 0.976275
0.407963 0.489799
0.455956 0.521447
0.41978 0.487681
0.422029 0.415961
0.67408 0.929812
0.888658 0.351112
0.711024 0.25154
0.468326 0.28564
0.2682 0.533875
0.750667 0.95326
0.894292 0.340845
0.936108 0.0697506
0.368892 0.642539
0.824599 0.178333
0.812272 0.817475
0.181063 0.293661
0.276514 0.653523
0.774412 0.72252
0.148078 0.195551
0.127123 0.80364
0.120672 0.0407651
0.160688 0.835019
0.268321 0.655297
0.1239 0.543002
0.188569 0.840391
0.510063 0.0837329
0.170269 0.458853
0.162936 0.549172
0.0981751 0.983705
0.72803 0.946777
0.770416 0.906335
0.237318 0.0840591
0.551096 0.0557894
0.764065 0.709101
0.20239 0.895206
0.492444 0.324337
0.901728 0.668487
0.165947 0.182845
0.332852 0.286778
0.717832 0.512149
0.125329 0.237085
0.590709 0.297939
0.656939 0.752569
0.831076 0.789142
0.730732 0.581979
0.713359 0.523246
0.494834 0.90791
0.560184 0.0787378
0.955292 0.357963
0.707349 0.146177
0.263962 0.257312
0.480195 0.164302
0.909668 0.640362
0.345904 0.246922
0.896064 0.0593615
0.749581 0.0268349
0.296016 0.359964
0.329876 0.955209
0.0955377 0.205366
0.71007 0.83626
0.739442 0.450673
0.346746 0.236656
0.401776 0.917785
0.277153 0.36902
0.281353 0.0147317
0.500612 0.548594
0.262776 0.987355
0.717064 0.175865
0.613562 0.0674602
0.405689 0.531357
0.104081 0.18312
0.550977 0.393468
0.472021 0.878323
0.339067 0.540764
0.0343675 0.144427
0.399281 0.788772
0.50457 0.750996
0.0176564 0.920168
0.658098 0.281361
0.281764 0.948631
0.289913 0.782872
0.48964 0.535636
0.764567 0.183701
0.704808 0.402341
0.237337 0.104043
0.93428 0.339967
0.238852 0.506883
0.707174 0.752602
0.378782 0.0774087
0.329619 0.41004
0.162108 0.693084
0.215788 0.67452
0.446911 0.231959
0.606054 0.118956
0.487016 0.901423
0.0681303 0.795638
0.670617 0.553634
0.347049 0.44674
0.747159 0.0539282
0.83315 0.980032
0.16626 0.775655
0.333508 0.397547
0.2876 0.0521043
0.164046 0.639453
0.13057 0.470692
0.0977669 0.291571
0.195126 0.311923
0.951935 0.636506
0.522653 0.592052
0.745289 0.0490082
0.485054 0.800036
0.836877 0.141685
0.353618 0.19722
0.585979 0.109975
0.230066 0.454219
0.0914377 0.404007
0.22785 0.418438
0.822697 0.532267
0.478778 0.948016
0.191854 0.595211
0.47002 0.27914
0.857282 0.640295
0.574161 0.840579
0.272124 0.119494
0.41916 0.0186463
0.172509 0.8894
0.779734 0.0368158
0.0502474 0.238294
0.210083 0.639193
0.265661 0.459858
0.0910176 0.385189
0.850056 0.301919
0.765957 0.691182
0.816527 0.227436
0.657491 0.029732
0.796166 0.117149
0.293529 0.682262
0.738537 0.893368
0.520324 0.0357337
0.00417145 0.936184
0.0695622 0.227652
0.835372 0.888851
0.191145 0.864128
0.0893045 0.427283
0.474175 0.338977
0.856003 0.582672
0.689397 0.715092
0.863369 0.480889
0.390105 0.688838
0.711196 0.0580558
0.706997 0.529773
0.173717 0.999009
0.215949 0.931542
0.8756 0.738623
0.957338 0.876453
0.670704 0.036707
0.0595962 0.503842
0.889262 0.240011
0.380299 0.944667
0.639967 0.857629
0.285795 0.490487
0.447876 0.966564
0.206828 0.303167
0.449568 0.590264
0.980152 0.173328
0.616805 0.689907
0.680108 0.817795
0.705722 0.912789
0.732928 0.58234
0.635922 0.702714
0.441931 0.312281
0.726151 0.512815
0.819744 0.634986
0.73828 0.187955
0.571156 0.399591
0.0653501 0.865945
0.871833 0.493914
0.834204 0.0757073
0.782619 0.326976
0.637289 0.778144
0.478885 0.295778
0.475388 0.214642
0.104286 0.213168
0.135907 0.82405
0.735892 0.798206
0.523094 0.217724
0.116882 0.268608
0.727399 0.938102
0.877238 0.484467
0.144404 0.458863
0.861786 0.193717
0.336894 0.748416
0.68201 0.194923
0.820261 0.474416
0.493069 0.501855
0.249948 0.049912
0.762292 0.73831
0.246107 0.864993
0.903399 0.37848
0.690796 0.668545
0.171266 0.235701
0.869654 0.264179
0.46426 0.61329
0.208871 0.376035
0.0936809 0.359721
0.802769 0.959769
0.537932 0.16976
0.694406 0.229548
0.363048 0.528346
0.674508 0.898412
0.0129321 0.946757
0.895752 0.83694
0.686673 0.16521
0.643638 0.590508
0.52903 0.35165
0.245063 0.687951
0.558467 0.123026
0.959222 0.0594608
0.700928 0.163286
0.43884 0.805501
0.483853 0.268837
0.758136 0.0607186
0.406845 0.46845
0.287895 0.789338
0.960067 0.983365
0.690764 0.979431
0.897771 0.616651
0.776217 0.6252
0.751416 0.434277
0.211873 0.299391
0.776469 0.44665
0.985838 0.355696
0.564667 0.954344
0.425351 0.297439
0.130004 0.840906
0.100513 0.638236
0.112151 0.852055
0.697553 0.540227
0.325793 0.980738
0.342135 0.314259
0.95752 0.00704104
0.299386 0.912145
0.598585 0.0854553
0.522493 0.362734
0.482337 0.744949
0.645244 0.289926
0.181353 0.654072
0.624914 0.741548
0.579654 0.0896224
0.0382629 0.717788
0.891433 0.124091
0.361456 0.0135681
0.983829 0.059829
0.544651 0.306396
0.0519827 0.877698
0.58211 0.0569597
0.862998 0.886564
0.923811 0.514134
0.773564 0.497239
0.844905 0.486493
0.221836 0.495403
0.770226 0.377979
0.142008 0.414788
0.125572 0.724468
0.479421 0.15413
0.423567 0.37725
0.288191 0.819366
0.402336 0.281606
0.860097 0.934986
0.5719 0.930914
0.817862 0.170842
0.932976 0.749527
0.0781306 0.889795
0.214574 0.0733435
0.361581 0.0648117
0.519368 0.573986
0.559441 0.30841
0.918462 0.740452
0.725815 0.0655845
0.446298 0.201847
0.216625 0.90665
0.566808 0.510264
0.754973 0.962929
0.769368 0.620951
0.918839 0.351284
0.519177 0.761447
0.498657 0.518256
0.442706 0.611635
0.397678 0.667937
0.631025 0.755481
0.71961 0.171906
0.330234 0.31816
0.44992 0.266718
0.0267622 0.20317
0.317922 0.454874
0.418957 0.531464
0.385367 0.982486
0.0238186 0.162682
0.954857 0.841496
0.677609 0.911016
0.165822 0.26469
0.636453 0.680744
0.728801 0.098294
0.279434 0.14902
0.783218 0.934293
0.888631 0.531813
0.130923 0.236023
0.81863 0.617048
0.484008 0.835293
0.803757 0.803972
0.300807 0.247773
0.336811 0.658163
0.235108 0.377196
0.745205 0.191755
0.188207 0.462443
0.106834 0.339831
0.706037 0.752165
0.0191293 0.483218
0.840604 0.294934
0.629524 0.642508
0.226876 0.547649
0.152404 0.352104
0.771792 0.962048
0.954187 0.245528
0.783594 0.794804
0.0437832 0.155554
0.0516937 0.409449
0.749414 0.247406
0.754557 0.517385
0.467839 0.891648
0.902859 0.610421
0.25621 0.702013
0.305217 0.282931
0.193894 0.143271
0.551641 0.832093
0.755989 0.814532
0.373293 0.914246
0.157562 0.139087
0.876583 0.112429
0.384963 0.688061
0.900249 0.440068
0.7787 0.921719
0.82904 0.559407
0.184475 0.584352
0.0624571 0.629169
0.50564 0.042938
0.191911 0.752165
0.751494 0.487526
0.0329942 0.940164
0.622127 0.607764
0.764869 0.403864
0.396048 0.137691
0.31468 0.547928
0.2749 0.225202
0.672167 0.651194
0.900409 0.586176
0.0844979 0.693567
0.501662 0.903105
0.244685 0.670989
0.464179 0.314661
0.324599 0.982327
0.348888 0.501934
0.730991 0.0871172
0.964799 0.815916
0.0438223 0.612507
0.382471 0.809633
0.0242158 0.772124
0.940946 0.341547
0.331718 0.2226
0.560146 0.0607526
0.851736 0.469086
0.576847 0.938118
0.174738 0.0992181
0.840784 0.409466
0.760235 0.324685
0.713892 0.0838112
0.314462 0.0589385
0.574463 0.0717689
0.164068 0.566348
0.837735 0.190123
0.188776 0.229228
0.0189443 0.219366
0.977384 0.948322
0.529821 0.331244
0.165816 0.10748
0.328581 0.0198334
0.552817 0.910343
0.934774 0.757874
0.973502 0.834687
0.139181 0.741639
0.131348 0.839985
0.828666 0.444112
0.897905 0.413018
0.506685 0.0559283
0.969751 0.352021
0.245172 0.142262
0.559597 0.264144
0.339768 0.538395
0.212836 0.884051
0.898142 0.373817
0.968791 0.222973
0.394189 0.532573
0.144943 0.348419
0.262696 0.127223
0.145876 0.395366
0.88152 0.273258
0.241605 0.712436
0.728834 0.15084
0.14219 0.233504
0.210048 0.134626
0.558277 0.459664
0.248028 0.140269
0.708098 0.605854
0.709227 0.935592
0.462899 0.633687
0.287501 0.469525
0.846654 0.686353
0.0102578 0.986462
0.0354246 0.278212
0.131032 0.192172
0.669085 0.0262758
0.474798 0.897305
0.705022 0.161146
0.0648293 0.859987
0.401132 0.266527
0.944944 0.961717
0.705357 0.222541
0.116805 0.413514
0.830446 0.835992
0.358046 0.328851
0.433149 0.652836
0.778596 0.312243
0.32615 0.789082
0.314914 0.379537
0.0687321 0.421834
0.506285 0.755289
0.460405 0.958197
0.659126 0.171277
0.162484 0.702399
0.0417415 0.549971
0.960224 0.00079145
0.494994 0.705256
0.233671 0.623206
0.127652 0.0782842
0.436004 0.490056
0.37467 0.934585
0.102743 0.184996
0.248664 0.436054
0.905244 0.588615
0.769831 0.00556745
0.980771 0.308578
0.742707 0.42893
0.306623 0.397714
0.584355 0.461921
0.127245 0.634894
0.00122942 0.176694
0.630396 0.533752
0.770725 0.869529
0.168583 0.908928
0.911381 0.650153
0.379769 0.292053
0.571804 0.479532
0.440766 0.842218
0.891675 0.369551
0.409259 0.663995
0.391274 0.404513
0.972415 0.115621
0.815231 0.274317
0.501187 0.431494
0.727247 0.656333
0.061218 0.734677
0.742643 0.70388
0.258121 0.554509
0.540892 0.43965
0.411489 0.504257
0.0818611 0.82361
0.748091 0.674543
0.291989 0.184396
0.507456 0.19122
0.54429 0.917462
0.834345 0.921471
0.313487 0.840767
0.0448099 0.193961
0.130793 0.569692
0.538132 0.861334
0.220915 0.645033
0.593283 0.968995
0.307099 0.855953
0.489322 0.873283
0.299525 0.972798
0.345359 0.387998
0.789896 0.0797735
0.0244879 0.16548
0.268132 0.549009
0.293923 0.824922
0.459885 0.153288
0.731192 0.783078
0.977666 0.830132
0.886648 0.109761
0.369276 0.455788
0.895106 0.64415
0.0693291 0.564709
0.544472 0.374586
0.421577 0.0750585
0.229982 0.701226
0.0522443 0.566439
0.0826192 0.848332
0.658577 0.115392
0.933401 0.926061
0.643544 0.243448
0.734256 0.103043
0.41211 0.507242
0.877335 0.394299
0.311489 0.779266
0.483339 0.688604
0.212099 0.487763
0.269516 0.315096
0.0521349 0.806123
0.661833 0.475117
0.852725 0.889691
0.182949 0.930842
0.471236 0.261582
0.757498 0.115612
0.37056 0.73195
0.065652 0.0793257
0.949359 0.819403
0.138673 0.372563
0.335423 0.0117618
0.75999 0.654259
0.785201 0.271851
0.320013 0.0288879
0.756302 0.582132
0.331252 0.801919
0.405961 0.977542
0.280756 0.281593
0.890751 0.459285
0.205564 0.365884
0.728333 0.973684
0.485706 0.0777238
0.719539 0.545891
0.0990375 0.694011
0.370235 0.234548
0.0768371 0.69815
0.23886 0.838779
0.348379 0.0303508
0.118626 0.667027
0.0601469 0.872168
0.24802 0.396234
0.676819 0.63804
0.390294 0.942832
0.89696 0.272259
0.401827 0.109007
0.629478 0.120512
0.0876401 0.160104
0.19044 0.808087
0.656244 0.286331
0.511337 0.0275682
0.49717 0.593575
0.710954 0.764844
0.425856 0.0826834
0.78424 0.554453
0.725518 0.853029
0.441304 0.972656
0.234614 0.12863
0.623738 0.61136
0.060149 0.534514
0.869629 0.460613
0.631503 0.514403
0.542129 0.744016
0.605115 0.757167
0.531851 0.29461
0.028394 0.117294
0.307621 0.55053
0.630323 0.0616395
0.310596 0.0699754
0.131008 0.104914
0.609784 0.875059
0.916466 0.0373725
0.864837 0.145473
0.139269 0.504098
0.733168 0.174529
0.0412255 0.622932
0.639273 0.679526
0.146071 0.220236
0.414364 0.758546
0.945531 0.949388
0.0563677 0.0671765
0.0418072 0.383787
0.560016 0.676544
0.424745 0.875779
0.722143 0.541393
0.969157 0.336221
0.433058 0.896377
0.37956 0.301376
0.0617378 0.502383
0.780735 0.816465
0.648698 0.850661
0.449322 0.335907
0.498024 0.572484
0.532574 0.927422
0.328388 0.508285
0.880149 0.374482
0.494175 0.910233
0.746709 0.0895909
0.543325 0.151301
0.958163 0.268977
0.690495 0.9356
0.602441 0.111894
0.822348 0.977738
0.406338 0.8907
0.479131 0.189675
0.713573 0.180403
0.0252151 0.20333
0.499444 0.53528
0.698786 0.0498771
0.458444 0.0268102
0.537743 0.347048
0.396291 0.0654024
0.233884 0.120355
0.154581 0.773375
0.279453 0.114769
0.0620837 0.965241
0.0587301 0.665599
0.0738831 0.895663
0.639657 0.471843
0.769825 0.119387
0.644166 0.504091
0.300064 0.672355
0.617948 0.80009
0.216566 0.338803
0.831428 0.672737
0.373103 0.396526
0.0166861 0.749875
0.452735 0.250044
0.869723 0.584964
0.0495744 0.230379
0.719136 0.100016
0.139912 0.755905
0.753498 0.193461
0.665146 0.417971
0.662947 0.471492
0.534589 0.326365
0.936261 0.836834
0.921718 0.639166
0.627911 0.205841
0.91687 0.491196
0.865917 0.276713
0.815669 0.880589
0.0430613 0.313931
0.134294 0.917917
0.892073 0.159656
0.0897363 0.612208
0.272706 0.228943
0.38517 0.0307895
0.423037 0.057362
0.442434 0.0946387
0.539117 0.951186
0.435234 0.475119
0.819077 0.413146
0.0793932 0.454393
0.598719 0.932623
0.922336 0.509942
0.280384 0.790414
0.386678 0.324282
0.10577 0.505132
0.227891 0.0215455
0.669899 0.316408
0.616653 0.931106
0.532377 0.058921
0.944495 0.952609
0.0896936 0.434787
0.0553122 0.576955
0.396852 0.471175
0.079655 0.222509
0.866795 0.127717
0.665898 0.502538
0.140827 0.610052
0.919955 0.416782
0.418647 0.368196
0.726631 0.501591
0.839707 0.951632
0.499791 0.538878
0.275608 0.112237
0.486428 0.806344
0.12038 0.436826
0.755039 0.163935
0.809017 0.84469
0.744854 0.235497
0.295697 0.807374
0.453926 0.173714
0.933831 0.119821
0.667316 0.0845096
0.72791 0.661788
0.49603 0.134565
0.0322481 0.20061
0.632946 0.875694
0.177886 0.136776
0.413974 0.457521
0.251362 0.89594
0.274739 0.383229
0.341291 0.0414093
0.535454 0.195592
0.858197 0.287853
0.434723 0.160205
0.105056 0.885396
0.333292 0.0476728
0.0289301 0.0472995
0.130266 0.733797
0.651634 0.623062
0.875359 0.670096
0.833438 0.529381
0.54821 0.0489297
0.653852 0.966974
0.492789 0.887241
0.867613 0.737263
0.274932 0.221996
0.757279 0.819203
0.403736 0.630721
0.101938 0.835121
0.790318 0.19075
0.736272 0.137467
0.242883 0.73295
0.142136 0.366867
0.46433 0.791236
0.979537 0.373551
0.481949 0.816219
0.863497 0.0300361
0.837045 0.553387
0.977146 0.297002
0.452301 0.856979
0.0348011 0.70175
0.0775702 0.801017
0.478283 0.495163
0.421248 0.620337
0.321946 0.25746
0.758502 0.0569401
0.375044 0.0543061
0.783164 0.519185
0.427896 0.276446
0.313347 0.393618
0.623741 0.766354
0.217656 0.539433
0.784359 0.0601985
0.0808467 0.766011
0.356746 0.512858
0.619344 0.396339
0.216922 0.688276
0.192296 0.713671
0.178822 0.650999
0.337296 0.491601
0.866044 0.13534
0.509522 0.258087
0.202948 0.321014
0.759767 0.621601
0.580958 0.0793944
0.0374189 0.22484
0.825277 0.239102
0.759476 0.624169
0.303754 0.833928
0.39137 0.649217
0.347124 0.0202207
0.042956 0.562067
0.714429 0.229352
0.293147 0.897321
0.854105 0.622714
0.391258 0.740345
0.757118 0.931643
0.974633 0.957791
0.236761 0.753585
0.560853 0.829999
0.831023 0.607792
0.0569486 0.658435
0.805188 0.831553
0.274592 0.139019
0.652153 0.66937
0.757098 0.017553
0.650852 0.853806
0.55659 0.415227
0.0734344 0.855193
0.310297 0.930975
0.458012 0.711214
0.670105 0.251316
0.630341 0.702044
0.214426 0.851516
0.444185 0.78726
0.669897 0.262973
0.387299 0.728298
0.915361 0.221333
0.541505 0.208485
0.366646 0.212279
0.865458 0.158376
0.206529 0.57312
0.00831121 0.774723
0.965837 0.0690885
0.629148 0.274736
0.00626702 0.194083
0.951419 0.695002
0.363531 0.556249
0.350357 0.550147
0.446152 0.793089
0.373468 0.117662
0.0649794 0.75558
0.829264 0.982215
0.9575 0.397005
0.194178 0.356442
0.58981 0.0914905
0.453773 0.819656
0.615519 0.524844
0.578326 0.611034
0.57436 0.230971
0.8701 0.600539
0.353486 0.833881
0.276462 0.715829
0.400078 0.653195
0.309074 0.855934
0.432108 0.673516
0.765867 0.516262
0.456084 0.816626
0.447909 0.426185
0.220231 0.647042
0.764851 0.830675
0.721262 0.292025
0.610958 0.388923
0.801728 0.21593
0.938457 0.403135
0.463011 0.809406
0.97444 0.83131
0.641296 0.270095
0.516755 0.0681605
0.882125 0.84614
0.922932 0.336013
0.495721 0.901249
0.791132 0.953215
0.712942 0.294857
0.377088 0.925803
0.947003 0.139801
0.743329 0.694353
0.432362 0.385043
0.0412928 0.251976
0.601686 0.953467
0.642113 0.0676747
0.785636 0.651421
0.850403 0.443449
0.910315 0.371632
0.458601 0.823182
0.165332 0.448289
0.159882 0.674741
0.347394 0.970631
0.627791 0.0672731
0.269343 0.0176037
0.975646 0.225541
0.156749 0.72373
0.902434 0.596226
0.127457 0.951062
0.839398 0.735802
0.919592 0.509837
0.779657 0.736253
0.133505 0.644344
0.174492 0.0581425
0.0160289 0.673216
0.854397 0.199776
0.112282 0.0469041
0.895034 0.45355
0.911891 0.588756
0.467318 0.276675
0.513552 0.50245
0.473283 0.706601
0.220106 0.424253
0.292125 0.371411
0.36655 0.126821
0.0893461 0.310143
0.611019 0.871686
0.0307325 0.743133
0.515662 0.190244
0.795335 0.54199
0.85753 0.653576
0.753095 0.968446
0.667097 0.640499
0.426894 0.653714
0.174601 0.92254
0.90908 0.747793
0.413987 0.431447
0.401281 0.629111
0.842088 0.689896
0.976259 0.208151
0.77182 0.0868588
0.490168 0.434397
0.920563 0.565315
0.181879 0.459703
0.748082 0.949701
0.924336 0.640371
0.592693 0.735505
0.564123 0.28803
0.388126 0.981203
0.920641 0.56712
0.890472 0.859684
0.267 0.344297
0.31061 0.65705
0.953234 0.149803
0.35535 0.945751
0.3674 0.159974
0.0298698 0.881013
0.579816 0.97245
0.426844 0.748412
0.440253 0.156672
0.705608 0.440433
0.749492 0.323855
0.180107 0.327474
0.601872 0.550439
0.309805 0.547778
0.0929972 0.248907
0.451509 0.34025
0.543513 0.757515
0.910586 0.584131
0.898793 0.346253
0.451284 0.281602
0.472022 0.533834
0.169567 0.0945901
0.468344 0.591263
0.797846 0.933477
0.739354 0.542986
0.368394 0.494344
0.868356 0.549951
0.811796 0.478256
0.079002 0.184789
0.0468724 0.2289
0.37989 0.472195
0.500298 0.929463
0.225178 0.506424
0.482269 0.118081
0.821385 0.963622
0.406073 0.355497
0.476525 0.539721
0.440678 0.940032
0.140102 0.264108
0.858545 0.859487
0.784789 0.245927
0.365385 0.656241
0.777441 0.171219
0.137026 0.865073
0.313485 0.169277
0.0336636 0.692063
0.630927 0.539952
0.63979 0.850533
0.0317558 0.182039
0.960416 0.876215
0.0996013 0.380092
0.217964 0.564608
0.903453 0.654575
0.522537 0.0396866
0.901333 0.417036
0.904075 0.720988
0.659498 0.273682
0.363579 0.454462
0.428061 0.508198
0.324106 0.771201
0.637366 0.377103
0.474914 0.301861
0.869269 0.100667
0.156 0.919155
0.218326 0.111189
0.794168 0.302251
0.486182 0.0289248
0.863421 0.398728
0.671165 0.39603
0.418232 0.591574
0.79957 0.347356
0.26809 0.476403
0.620194 0.655812
0.91412 0.0748438
0.141428 0.255079
0.828155 0.814413
0.594589 0.321614
0.0972337 0.479511
0.427835 0.247472
0.408506 0.640503
0.369488 0.207419
0.937871 0.856063
0.227226 0.819629
0.257308 0.900455
0.212155 0.677682
0.481919 0.0198428
0.0465154 0.759201
0.455438 0.67637
0.42229 0.410174
0.737675 0.535808
0.643067 0.594828
0.33319 0.262689
0.900124 0.421474
0.728994 0.32754
0.662964 0.139855
0.966227 0.0307847
0.342913 0.92644
0.897475 0.568755
0.724016 0.132976
0.481246 0.93029
0.809542 0.95121
0.96804 0.87506
0.707515 0.465288
0.544837 0.113273
0.861361 0.27569
0.636295 0.527143
0.843836 0.96221
0.749498 0.784225
0.402764 0.496072
0.112208 0.0821604
0.630552 0.088621
0.084796 0.968974
0.0112202 0.970636
0.504201 0.778187
0.122791 0.996466
0.747761 0.949327
0.923367 0.743919
0.832922 0.660647
0.17472 0.381518
0.770924 0.0448946
0.655402 0.417056
0.547427 0.537401
0.398161 0.342145
0.299812 0.768303
0.829908 0.399394
0.815409 0.470367
0.499925 0.883051
0.420473 0.490708
0.855734 0.960509
0.244211 0.0184445
0.944688 0.971453
0.947231 0.906964
0.660343 0.814095
0.557273 0.865796
0.187932 0.341377
0.878564 0.828531
0.748272 0.468007
0.366979 0.137022
0.789692 0.677752
0.903296 0.634752
0.0691751 0.720555
0.107201 0.5405
0.62055 0.54412
0.0317567 0.507088
0.475128 0.278919
0.474051 0.497031
0.234853 0.47803
0.40102 0.929862
0.275663 0.959544
0.7986 0.451522
0.298506 0.704812
0.292773 0.0505089
0.176466 0.630749
0.185444 0.969919
0.327616 0.0877574
0.593456 0.401896
0.80293 0.712433
0.928783 0.445168
0.241967 0.956488
0.924003 0.781111
0.215836 0.460906
0.204355 0.491059
0.917595 0.612763
0.420039 0.189375
0.558974 0.229085
0.637737 0.866894
0.911712 0.91959
0.905735 0.0971623
0.584741 0.109323
0.0764495 0.917306
0.191208 0.651507
0.326511 0.991412
0.381325 0.254815
0.414285 0.628015
0.205043 0.388121
0.367781 0.434637
0.842476 0.596139
0.897152 0.799559
0.199586 0.34255
0.923884 0.806046
0.550015 0.59427
0.62837 0.498534
0.503233 0.566105
0.58715 0.114655
0.655844 0.66993
0.0319713 0.841283
0.354725 0.359279
0.840859 0.722849
0.579524 0.282298
0.336121 0.790699
0.65173 0.694238
0.21056 0.506869
0.266145 0.138878
0.238452 0.475596
0.478415 0.199987
0.233399 0.0637429
0.756835 0.876096
0.517743 0.303273
0.425549 0.128932
0.403619 0.0873043
0.793272 0.433229
0.918888 0.133102
0.752989 0.78721
0.85815 0.362491
0.072431 0.246107
0.158828 0.699202
0.882169 0.383271
0.217513 0.146394
0.492367 0.484193
0.607515 0.0401425
0.668965 0.843725
0.0484813 0.4471
0.715445 0.58262
0.712086 0.131524
0.725586 0.159946
0.212317 0.51256
0.573979 0.159898
0.624617 0.388445
0.91674 0.525669
0.734836 0.97507
0.668503 0.883608
0.699836 0.586535
0.252875 0.914258
0.717291 0.788949
0.398757 0.368418
0.783524 0.0513326
0.208793 0.822423
0.520104 0.909034
0.407975 0.242869
0.0644987 0.165784
0.400294 0.307313
0.61416 0.959126
0.467275 0.262088
0.340881 0.415916
0.771241 0.0414792
0.379878 0.470094
0.895085 0.076266
0.060079 0.2148
0.97526 0.824261
0.930009 0.379089
0.153931 0.693153
0.446359 0.361701
0.52642 0.92251
0.288029 0.936938
0.16353 0.352426
0.0574835 0.54774
0.64776 0.668616
0.52297 0.106612
0.906747 0.828448
0.472159 0.710598
0.844698 0.869103
0.168128 0.773936
0.942876 0.209066
0.923764 0.940085
0.00905642 0.870692
0.324686 0.156607
0.562845 0.759402
0.517074 0.119857
0.646132 0.799077
0.0651032 0.827081
0.147924 0.120165
0.382784 0.797922
0.756587 0.903918
0.909533 0.728089
0.732558 0.406296
0.379862 0.630772
0.272574 0.572837
0.406842 0.238879
0.777429 0.346354
0.188429 0.779179
0.217642 0.518803
0.922071 0.85396
0.250747 0.462102
0.911142 0.926167
0.252271 0.987726
0.764977 0.39188
0.103693 0.184433
0.190861 0.87789
0.0339575 0.157972
0.5654 0.786383
0.521661 0.941456
0.399895 0.78039
0.530233 0.808515
0.0350638 0.349628
0.157555 0.210194
0.135934 0.38251
0.716491 0.0635846
0.182048 0.979029
0.511643 0.107869
0.897855 0.791743
0.101543 0.681454
0.153059 0.210187
0.828997 0.329312
0.0828733 0.872688
0.429016 0.653989
0.658851 0.919851
0.639669 0.062733
0.698666 0.202475
0.848003 0.724538
0.538517 0.969047
0.916344 0.657693
0.366023 0.633702
0.704561 0.544761
0.606173 0.214483
0.64494 0.540268
0.939518 0.786697
0.232215 0.129056
0.943112 0.0539306
0.433408 0.0315542
0.911359 0.846926
0.690665 0.587607
0.782198 0.341337
0.627172 0.498103
0.516339 0.502219
0.223657 0.101781
0.48669 0.137029
0.697276 0.86209
0.770482 0.43285
0.406534 0.409816
0.628401 0.0565214
0.917933 0.605837
0.76944 0.138491
0.690137 0.754743
0.203008 0.140154
0.746737 0.122814
0.0101531 0.467884
0.691012 0.803508
0.806636 0.353184
