0.201683 0.672578
0.443161 0.930355
0.838396 0.0154009
0.682491 0.374437
0.839947 0.499249
0.711121 0.424774
0.302773 0.18215
0.200695 0.685472
0.301249 0.540777
0.16172 0.703732
0.376003 0.865024
0.851706 0.5943
0.493796 0.904572
0.816757 0.645337
0.813923 0.661748
0.334745 0.292829
0.345643 0.533621
0.72739 0.303065
0.8395 0.562803
0.374051 0.699708
0.543693 0.448416
0.69305 0.622938
0.785849 0.949757
0.519784 0.879348
0.172721 0.974584
0.270741 0.252508
0.877909 0.737374
0.131312 0.000932944
0.891732 0.199847
0.300695 0.659441
0.282603 0.470209
0.580328 0.420614
0.517467 0.332098
0.425758 0.226831
0.576231 0.763307
0.530843 0.640144
0.210271 0.383247
0.78063 0.677464
0.457943 0.566759
0.795096 0.0575301
0.60315 0.0488232
0.408723 0.307226
0.872701 0.0170242
0.760891 0.967771
0.993767 0.784237
0.439875 0.494981
0.215245 0.642365
0.319343 0.965403
0.728487 0.405852
0.744235 0.263245
0.434522 0.937308
0.676428 0.209708
0.837308 0.627648
0.127764 0.192486
0.610875 0.631128
0.375465 0.574488
0.454083 0.0491032
0.0372988 0.309967
0.0196796 0.380857
0.686566 0.085435
0.030585 0.609504
0.614074 0.0137026
0.00901888 0.185248
0.589729 0.0580241
0.367996 0.631931
0.715091 0.694658
0.0820358 0.455967
0.444249 0.350445
0.156169 0.678371
0.698424 0.731408
0.480102 0.556653
0.128527 0.452162
0.707744 0.892864
0.270168 0.255023
0.868269 0.234527
0.800218 0.906076
0.230877 0.235627
0.63904 0.187908
0.844866 0.177778
0.169353 0.987823
0.44249 0.337139
0.315221 0.361733
0.392907 0.589828
0.120804 0.0393556
0.455735 0.870286
0.932495 0.266733
0.176364 0.874814
0.240436 0.647082
0.966936 0.660539
0.864352 0.0115114
0.146324 0.81586
0.426721 0.888946
0.730395 0.689635
0.34527 0.166167
0.15188 0.188218
0.419098 0.854666
0.488494 0.817976
0.460159 0.462453
0.452762 0.413618
0.898607 0.00763711
0.293241 0.03961
0.693284 0.648288
0.984622 0.549177
0.391238 0.203455
0.618294 0.735412
0.379351 0.0195047
0.425882 0.752559
0.790216 0.921148
0.84566 0.363523
0.617092 0.730541
0.209433 0.90245
0.57152 0.630416
0.232007 0.549964
0.935956 0.339324
0.651592 0.394314
0.62722 0.699243
0.396707 0.415508
0.64923 0.838224
0.371279 0.422507
0.59775 0.560598
0.718877 0.510303
0.774172 0.488563
0.190578 0.704181
0.985575 0.805812
0.705035 0.48595
0.117846 0.669424
0.357744 0.139324
0.561 0.82123
0.664546 1
0.95297 0.0591259
0.357891 0.546848
0.261064 0.592364
0.0604721 0.575931
0.699212 0.966117
0.751741 0.74219
0.433179 0.632612
0.798279 0.0799026
0.941437 0.916379
0.599592 0.252342
0.877105 0.51476
0.735556 0.419795
0.957032 0.0703313
0.553783 0.291836
0.858543 0.334769
0.680158 0.0496136
0.354137 0.49727
0.431245 0.562947
0.621838 0.112586
0.898141 0.75698
0.788965 0.812113
0.66254 0.20347
0.27411 0.623326
0.54147 0.0517322
0.0893776 0.265428
0.409699 0.47397
0.907438 0.593484
0.327991 0.477205
0.591443 0.160699
0.819708 0.958456
0.598018 0.0251772
0.81418 0.608938
0.703011 0.088603
0.426436 0.371313
0.181341 0.831396
0.837643 0.449553
0.959125 0.15056
0.867883 0.768179
0.446431 0.621293
0.9483 0.636162
0.247937 0.355176
0.189734 0.491355
0.414864 0.460548
0.610359 0.0739172
0.3176 0.609529
0.178967 0.623856
0.249579 0.589781
0.506079 0.463882
0.547107 0.936411
0.340373 0.403214
0.306649 0.411439
