0.453284 0.42416
0.558288 0.481484
0.321509 0.223416
0.378573 0.469963
0.208167 0.0493982
0.19503 0.158588
0.567374 0.504876
0.654102 0.680081
0.548582 0.632676
0.896543 0.103457
0.821215 0.785104
0.249048 0.725433
0.544169 0.304589
0.436895 0.882124
0.816352 0.757954
0.228286 0.23905
0.584053 0.604593
0.582473 0.580448
0.104382 0.937493
0.0419695 0.0649523
0.208996 0.208779
0.103831 0.217086
0.702865 0.246388
0.737601 0.233239
0.675825 0.801359
0.359364 0.558471
0.465827 0.320023
0.285953 0.45209
0.721929 0.565369
0.245926 0.394238
0.423674 0.629884
0.542926 0.428255
0.412863 0.336337
0.567068 0.351009
0.62016 0.63962
0.398405 0.601143
0.613197 0.44225
0.616145 0.777629
0.401682 0.578402
0.629204 0.527139
0 0.279063
0.155873 0.908953
0.504768 0.410999
0.427657 0.84665
0.414098 0.604551
0.402681 0.849278
0.263622 0.846447
0.384282 0.16103
0.522821 0.59999
0.724401 0.62346
0.522279 0.751934
0.289419 0.440634
0.160298 0.311136
0.142817 0.847021
0.835653 0.794854
0.0580971 0.353231
0.67699 0.484969
0.331928 0.167163
0.709222 0.485163
0.121507 0.275561
