0.468799 0.555215
0.444678 0.104075
0.0718719 0.386579
0.900115 0.511301
0.315212 0.000435483
0.0535317 0.730848
0.511492 0.741492
0.0780115 0.19855
0.373948 0.569478
0.335684 0.727416
0.0670465 0.317563
0.21772 0.137541
0.644216 0.58911
0.626228 0.14106
0.145363 0.831437
0.595855 0.614181
0.386649 0.0405385
0.718265 0.458493
0.427127 0.618358
0.969782 0.742269
0.618789 0.0232521
0.473102 0.130268
0.764833 0.551132
0.328782 0.138746
0.120633 0.664467
0.866209 0.187661
0.982006 0.0838718
0.325245 0.626269
0.67297 0.951457
0.767335 0.818366
0.782938 0.363235
0.432538 0.169556
0.403753 0.150796
0.628017 0.83087
0.769174 0.597834
0.573124 0.387928
0.621206 0.0461707
0.518187 0.385986
0.597332 0.846982
0.524702 0.717988
0.511503 0.390939
0.90567 0.493544
0.474858 0.230895
0.119831 0.147863
0.1824 0.887183
0.966234 0.965298
0.25038 0.398759
0.134872 0.654111
0.549531 0.762896
0.485004 0.318694
0.360772 0.0581103
0.706586 0.981928
0.104346 0.224819
0.36787 0.701667
0.0717759 0.89261
0.419744 0.583285
0.283548 0.325423
0.0768411 0.758371
0.556319 0.196668
0.906247 0.738702
0.0838212 0.872455
0.704034 0.334229
0.271184 0.838845
0.988346 0.820713
0.601765 0.47335
0.139439 0.962535
0.531419 0.846049
0.944444 0.635802
0.0708397 0.312333
0.337525 0.142644
0.20494 0.757272
0.725915 0.488482
0.0826867 0.802792
0.246889 0.638999
0.999459 0.153075
0.377717 0.0833083
0.004771 0.0887303
0.417536 0.296738
0.920626 0.405855
0.117491 0.522395
0.879168 0.256934
0.484937 0.410668
0.102953 0.429358
0.0464432 0.173821
0.741712 0.384005
0.316443 0.94667
0.14125 0.0423831
0.435146 0.223953
0.845179 0.682039
0.862949 0.844624
0.835131 0.240668
0.927949 0.860698
0.322425 0.345488
0.157471 0.243021
0.751386 0.274955
0.76544 0.630565
0.531839 0.25035
0.0412041 0.634801
0.679747 0.0876369
0.808665 0.421426
0.47164 0.125089
0.36806 0.612905
0.167459 0.803244
0.83695 0.0126861
0.485257 0.699799
0.857282 0.320404
0.940509 0.785217
0.181113 0.262923
0.130693 0.338573
0.505936 0.882053
0.613522 0.271381
0.51258 0.145361
0.521713 0.553784
0.780164 0.201428
0.641426 0.588808
0.622874 0.113073
0.713793 0.991051
0.725954 0.881343
0.794228 0.562845
0.894013 0.279467
0.262633 0.751293
0.59987 0.203111
0.53655 0.781013
0.466035 0.667217
0.119586 0.971994
0.549274 0.733081
0.243362 0.0618586
0.878444 0.765058
0.61564 0.658635
0.966556 0.257084
0.247428 0.589426
0.37014 0.961297
0.580408 0.0961347
0.842726 0.374661
0.65897 0.7367
0.654082 0.92157
0.488001 0.253984
0.124727 0.0244844
0.034985 0.590761
0.691759 0.154591
0.562727 0.241038
0.887696 0.806045
0.302905 0.766138
0.571126 0.918518
0.424789 0.537714
0.175656 0.67221
0.127144 0.545808
0.633523 0.707553
0.641938 0.476206
0.0821703 0.300921
0.212882 0.736263
0.222522 0.700905
0.990279 0.347276
0.725446 0.0252597
0.938002 0.417203
0.179855 0.500747
0.658261 0.0675068
0.306828 0.96117
0.833658 0.877979
0.87971 0.258441
0.415712 0.0553498
0.930641 0.542834
0.601184 0.564184
0.250406 0.243135
0.0403745 0.332595
0.544048 0.253256
0.068852 0.766579
0.954118 0.0590904
0.113845 0.679598
0.0820789 0.0531255
0.0968151 0.264188
0.552602 0.755068
0.331697 0.859442
0.716215 0.165387
0.737436 0.595947
0.423787 0.153127
0.651314 0.354436
0.696003 0.252545
0.918643 0.946391
0.495624 0.959022
0.278969 0.0396835
0.212291 0.347809
0.806315 0.16643
0.406861 0.920146
0.84609 0.491207
0.972004 0.942926
0.75543 0.524544
0.698022 0.0871094
0.384002 0.414254
0.252476 0.121408
0.0101876 0.67627
0.274525 0.66149
0.030726 0.970468
0.914018 0.949327
0.916879 0.40964
0.908345 0.19584
0.449328 0.120599
0.543599 0.255585
0.28705 0.95049
0.175749 0.133153
0.441699 0.147704
0.0760793 0.19713
0.672294 0.774054
0.284229 0.0562779
0.188311 0.536698
0.177669 0.198517
0.212955 0.452216
0.860012 0.243677
0.422736 0.774026
0.193014 0.339584
0.183679 0.1013
0.535461 0.63303
0.221895 0.0790024
0.888627 0.508955
0.0249436 0.0843417
0.642111 0.4712
0.212057 0.718211
0.668313 0.884277
0.492279 0.952552
0.940631 0.680617
0.489215 0.118292
0.879118 0.702206
0.570492 0.739146
0.945893 0.99324
0.513189 0.138857
0.332803 0.69685
0.240193 0.868242
0.329897 0.462074
0.947274 0.218497
0.971045 0.976757
0.282856 0.613132
0.44795 0.494909
0.331353 0.116265
0.379228 0.82367
0.0687922 0.319826
0.504267 0.55802
0.438124 0.383412
0.26025 0.00858802
0.122564 0.206065
0.00182376 0.63579
0.344933 0.334628
0.332643 0.585064
0.202861 0.66252
0.0471539 0.150116
0.881141 0.0180496
0.126881 0.163876
0.631318 0.574833
0.658767 0.962641
0.691103 0.0379724
0.786332 0.759894
0.357827 0.290624
0.317933 0.795925
0.674024 0.578138
0.804519 0.796574
0.784207 0.806315
0.432372 0.129155
0.140943 0.765003
0.714229 0.343803
0.427541 0.761383
0.493935 0.30857
0.779548 0.620783
0.472468 0.410901
0.195626 0.131197
0.373568 0.886724
0.169224 0.159916
0.646607 0.527048
0.450514 0.964564
0.322927 0.124546
0.542675 0.127461
0.921164 0.326889
0.933771 0.35351
0.456044 0.0746965
0.118535 0.170273
0.418488 0.546061
0.931684 0.912432
0.85461 0.711207
0.533225 0.327104
0.122067 0.728823
0.45826 0.495663
0.615526 0.627481
0.655559 0.262145
0.154504 0.10609
0.226703 0.477439
0.230638 0.769399
0.604874 0.151804
0.0962888 0.538669
0.505312 0.552324
0.613378 0.62384
0.7226 0.0318867
0.16991 0.654245
0.944193 0.024538
0.365441 0.477512
0.351594 0.487535
0.206322 0.809856
0.983192 0.821861
0.437334 0.638738
0.0840378 0.591832
0.744854 0.310757
0.0692975 0.975506
0.0801227 0.674169
0.127284 0.176408
0.212877 0.632607
0.728718 0.826226
0.256447 0.451335
0.858165 0.426377
0.105562 0.802435
0.450889 0.471021
0.279938 0.802459
0.958521 0.486273
0.612296 0.941652
0.308136 0.0496329
0.580427 0.392155
0.64148 0.325281
0.702876 0.710763
0.300739 0.783033
0.384919 0.428024
0.959448 0.597826
0.0606276 0.688178
0.424014 0.317075
0.139513 0.282138
0.743452 0.245096
0.0845698 0.194311
0.716078 0.364499
0.996769 0.674673
0.850744 0.609078
0.616267 0.158887
0.658716 0.196709
0.551067 0.300209
0.521982 0.253984
0.0109638 0.822694
0.0370057 0.395878
0.250844 0.996595
0.993669 0.31141
0.684625 0.417691
0.628453 0.824178
0.699847 0.371913
0.069261 0.784413
0.566201 0.785314
0.14892 0.562968
0.459928 0.999702
0.17204 0.0762113
0.158564 0.830799
0.272936 0.709613
0.130973 0.794944
0.963605 0.14192
0.617645 0.000579341
0.537833 0.868401
0.997126 0.531508
0.179795 0.681775
0.949225 0.808277
0.505973 0.649056
0.180152 0.575213
0.433477 0.74635
0.360556 0.582386
0.309326 0.820492
0.582063 0.481343
0.896732 0.740653
0.312126 0.169657
0.450291 0.443138
0.964602 0.413893
0.585049 0.58225
0.414524 0.122881
0.450662 0.411656
0.654387 0.630457
0.0934161 0.603602
0.43873 0.599365
0.252681 0.618857
0.174571 0.686153
0.365232 0.535134
0.268554 0.67453
0.35562 0.850635
0.155905 0.25235
0.591274 0.468036
0.421989 0.0415466
0.911179 0.3866
0.455457 0.496227
0.968832 0.86998
0.619072 0.419478
0.281628 0.273478
0.0499594 0.375046
0.877111 0.488662
0.974381 0.129751
0.10753 0.148972
0.815946 0.472763
0.684125 0.0844831
0.147303 0.0397249
0.935145 0.303202
0.292084 0.526399
0.771222 0.714084
0.567968 0.682462
0.0999585 0.0250437
0.178642 0.0695124
0.893402 0.797731
0.488985 0.175029
0.071253 0.538958
0.550051 0.948362
0.0276338 0.524444
0.0781485 0.135152
0.673405 0.894046
0.60792 0.357533
0.978616 0.755241
0.397255 0.91372
0.0584671 0.689327
0.440172 0.829743
0.403426 0.00811104
0.512167 0.504099
0.0315567 0.690813
0.573612 0.924926
0.488614 0.062635
0.0999693 0.559857
0.601566 0.650041
0.508235 0.629189
0.174487 0.586365
0.764358 0.847901
0.480451 0.372273
0.205435 0.459034
0.127495 0.602675
0.372745 0.185938
0.292046 0.812917
0.015715 0.695443
0.821045 0.527903
0.199557 0.852624
0.218726 0.773202
0.77751 0.707364
0.83582 0.877513
0.267187 0.437415
0.527559 0.775404
0.0666159 0.702018
0.361767 0.830973
0.549891 0.842214
0.203225 0.755374
0.301247 0.33073
0.358039 0.67398
0.51673 0.650066
0.486941 0.532445
0.345524 0.307981
0.0603697 0.54507
0.160579 0.279101
0.318253 0.938147
0.986443 0.154066
0.815654 0.253627
0.591507 0.343226
0.0290764 0.658109
0.0452623 0.390836
0.489117 0.595191
0.233051 0.692318
0.350565 0.534322
0.0230706 0.708581
0.208332 0.539791
0.358648 0.695237
0.0722234 0.704188
0 0.143591
0.249287 0.163858
0.411664 0.567555
0.102001 0.398092
0.721624 0.917641
0.651765 0.313146
0.26087 0.680798
0.971279 0.306167
0.0716675 0.460377
0.901347 0.304715
0.152693 0.251883
0.839075 0.175711
0.960414 0.0473649
0.71554 0.319177
0.742657 0.787749
0.0233938 0.745888
0.920332 0.272647
0.909779 0.331985
0.840317 0.0117954
0.730115 0.561842
0.929434 0.381851
0.875029 0.190284
0.0626721 0.846304
0.496447 0.134373
0.306683 0.397794
0.439097 0.459378
0.64968 0.27811
0.635111 0.610196
0.325502 0.350669
0.929287 0.0681673
0.138421 0.952744
0.814063 0.0587546
0.225376 0.723843
0.390753 0.0656171
0.735604 0.120885
0.627441 0.665001
0.502708 0.502476
0.855338 0.565404
0.348782 0.351765
0.699764 0.655446
0.749536 0.138899
0.114845 0.399245
0.416986 0.749932
0.00943055 0.74248
0.100591 0.938789
0.810647 0.238984
0.891492 0.624751
0.297758 0.116859
0.348543 0.688464
0.182481 0.0841446
0.809352 0.809956
0.749171 0.312074
0.312449 0.604452
0.877463 0.661234
0.95623 0.577259
0.316637 0.705722
0.716068 0.431452
0.10501 0.133075
0.181423 0.114411
0.875573 0.282006
0.0532034 0.68621
0.521017 0.944722
0.310951 0.81876
0.0616057 0.659515
0.507275 0.244116
0.743677 0.316632
0.0540704 0.492831
0.628674 0.366518
0.097303 0.50615
0.0318511 0.0782729
0.0833712 0.344392
0.759271 0.799475
0.775892 0.864297
0.932563 0.957299
0.97872 0.808103
0.239304 0.0318993
0.494323 0.760269
0.976626 0.805292
0.579111 0.0381812
0.464827 0.0863259
0.282334 0.208465
0.402942 0.336394
0.701302 0.0316091
0.702939 0.798581
0.537772 0.730623
0.852117 0.62116
0.0750322 0.611411
0.42062 0.850914
0.475703 0.353159
0.808186 0.454388
0.161233 0.0474475
0.486342 0.655595
0.80773 0.462946
0.460908 0.386787
0.501184 0.925717
0.473104 0.78352
0.134151 0.876067
0.119914 0.835497
0.907662 0.822818
0.634082 0.445433
0.553462 0.486208
0.0665778 0.628497
0.0976428 0.48719
0.479419 0.573345
0.840331 0.28758
0 0.0401891
0.335019 0.514077
0.657173 0.142716
0.976992 0.118053
0.529494 0.478199
0.011424 0.0289094
0.261741 0.177927
0.878659 0.381643
0.0133943 0.786268
0.204501 0.647486
0.231708 0.757968
0.133715 0.298284
0.38648 0.231311
0.785489 0.865895
0.804686 0.625809
0.153456 0.832452
0.627392 0.48847
0.346518 0.284608
0.63124 0.323543
0.402673 0.160711
0.80174 0.446419
0.163288 0.0634534
0.624397 0.0418734
0.445111 0.63775
0.828209 0.649615
0.285264 0.0599426
0.40759 0.418968
0.358268 0.794052
0.650302 0.143731
0.65994 0.454988
0.769535 0.813423
0.287422 0.396947
0.301909 0.633894
0.681535 0.933084
0.957381 0.0842168
0.0938433 0.759162
0.530641 0.257136
0.82265 0.154969
0.299092 0.267736
0.79275 0.127305
0.917295 0.078021
0.187264 0.324954
0.49698 0.545512
0.119031 0.147305
0.689254 0.778951
0.60227 0.45879
0.592386 0.889675
0.855744 0.894288
0.523605 0.53727
0.827426 0.481041
0.621492 0.921202
0.240222 0.152161
0.178361 0.0628176
0.307178 0.477471
0.330569 0.0999362
0.604766 0.247927
0.177958 0.79204
0.572876 0.674991
0.337531 0.691877
0.822403 0.0268463
0.470901 0.424559
0.485583 0.0632742
0.314257 0.34132
0.957594 0.837852
0.878621 0.784998
0.318928 0.500126
0.70628 0.559119
0.652285 0.884617
0.621934 0.95943
0.36213 0.95251
0.0594267 0.966946
0.20045 0.237371
0.758982 0.773347
0.912281 0.0965529
0.465253 0.734576
0.123331 0.936126
0.159133 0.60891
0.999474 0.473392
0.950279 0.957042
0.311236 0.828874
0.742081 0.630153
0.328984 0.448352
0.189282 0.9813
0.333046 0.811242
0.940733 0.695189
0.763763 0.000133
0.662092 0.964199
0.237514 0.421084
0.737575 0.149875
0.517612 0.202834
0.884396 0.640959
0.138966 0.0435342
0.249863 0.138422
0.516909 0.200102
0.0954692 0.828171
0.028947 0.837532
0.458325 0.357963
0.285911 0.647577
0.33923 0.618926
0.458836 0.279958
0.314138 0.222592
0.28012 0.976248
0.186829 0.517639
0.39734 0.924402
0.66744 0.914906
0.127254 0.551879
0.555868 0.266216
0.595422 0.805731
0.404651 0.112363
0.00589391 0.500115
0.940431 0.0348284
0.337682 0.398851
0.392767 0.62355
0.0464326 0.732001
0.242536 0.50525
0.0119977 0.556642
0.727877 0.2921
0.532893 0.914671
0.809759 0.930256
0.839051 0.477171
0.845253 0.966292
0.0290546 0.401057
0.232528 0.624534
0.206831 0.637137
0.736902 0.212681
0.137272 0.677386
0.247499 0.474946
0.0762294 0.640281
0.0985262 0.122651
0.372276 0.341022
0.627888 0.384266
0.897703 0.355728
0.676345 0.430605
0.270403 0.486071
0.360842 0.109446
0.963302 0.206042
0.0757356 0.992371
0.607144 0.308267
0.616839 0.813957
0.945402 0.35372
0.00602477 0.0890849
0.0311014 0.274149
0.557633 0.107333
0.914417 0.656161
0.229982 0.28672
0.997173 0.857849
0.670942 0.894825
0.213606 0.347341
0.325477 0.483989
0.833407 0.686327
0.593451 0.79666
0.892351 0.669194
0.789042 0.499458
0.977441 0.405905
0.313415 0.92284
0.759627 0.340075
0.00549142 0.790719
0.614186 0.563158
0.898067 0.528613
0.219284 0.128028
0.815316 0.216429
0.985901 0.486302
0.111309 0.199498
0.833644 0.4368
0.683496 0.667061
0.123114 0.276936
0.463752 0.0154869
0.946136 0.252772
0.514932 0.923538
0.658677 0.828376
0.846446 0.418344
0.168446 0.85191
0.209036 0.78264
0.415046 0.107122
0.311253 0.634311
0.235186 0.126556
0.850754 0.221048
0.612843 0.962063
0.420586 0.446488
0.398891 0.104066
0.113554 0.522012
0.380991 0.577292
0.537486 0.327149
0.830118 0.0524752
0.250679 0.488785
0.880799 0.0970713
0.907012 0.0492839
0.948891 0.116159
0.831925 0.364011
0.223299 0.143137
0.998286 0.458481
0.269727 0.849057
0.67954 0.882547
0.811134 0.100098
0.329069 0.210029
0.204169 0.442611
0.732078 0.585163
0.0201963 0.268897
0.912295 0.849984
0.32192 0.162938
0.338773 0.202773
0.259992 0.245875
0.252032 0.208936
0.362055 0.0839559
0.572912 0.585324
0.227102 0.571223
0.0438061 0.496811
0.420276 0.723315
0.379409 0.231413
0.823406 0.708464
0.441466 0.027595
0.151076 0.173524
0.61274 0.170999
0.44304 0.525088
0.0210031 0.764982
0.688034 0.359767
0.9678 0.948012
0.605602 0.219818
0.156964 0.967692
0.30375 0.729852
0.553024 0.530849
0.301108 0.596803
0.0276651 0.721359
0.320167 0.407044
0.952813 0.143571
0.115536 0.394277
0.171177 0.266608
0.56783 0.783959
0.437602 0.0108701
0.309083 0.458601
0.5 0.5
0.818334 0.743628
0.94511 0.424023
0.963417 0.102052
0.391709 0.267202
0.831984 0.94476
0.798051 0.133055
0.541532 0.825735
0.854446 0.861657
0.2328 0.807243
0.00527325 0.348303
0.201546 0.176454
0.614921 0.769347
0.96036 0.0525006
0.780258 0.269498
0.511122 0.556093
0.266584 0.329507
0.299728 0.211696
0.753539 0.263236
0.313744 0.145192
0.530421 0.14574
0.0899214 0.328516
0.278769 0.631469
0.154269 0.1332
0.493181 0.387087
0.940451 0.498433
0.735365 0.142026
0.674888 0.350323
0.911352 0.635345
0.402817 0.691553
0.904845 0.91397
0.247679 0.171378
0.243433 0.547406
0.383072 0.996939
0.810583 0.696839
0.142185 0.341019
0.84258 0.232098
0.669545 0.121358
0.863604 0.823787
0.254564 0.356749
0.210857 0.195014
0.855223 0.946223
0.337017 0.530082
0.296559 0.248362
0.1654 0.699394
0.939899 0.0702068
0.613363 0.187643
0.2416 0.856811
0.735047 0.624683
0.8538 0.545659
0.321548 0.995981
0.886748 0.164139
0.228066 0.556262
0.285506 0.0916571
0.380042 0.540084
0.448428 0.590933
0.735129 0.303593
0.537217 0.0721041
0.833671 0.833717
0.320501 0.999057
0.533134 0.260464
0.0692662 0.146515
0.448116 0.310851
0.00866031 0.192488
0.935546 0.857085
0.728832 0.25709
0.853043 0.615502
0.421237 0.0811128
0.171733 0.706752
0.172791 0.551791
0.246845 0.621174
0.142728 0.981945
0.924776 0.679909
0.0540547 0.758423
0.513631 0.37456
0.757484 0.0467788
0.63499 0.826745
0.19325 0.0830863
0.137582 0.196572
0.26623 0.073124
0.0536525 0.995041
0.330204 0.906722
0.610528 0.751431
0.987833 0.782258
0.458193 0.160593
0.334022 0.705009
0.781771 0.47673
0.686961 0.706556
0.156636 0.741029
0.464974 0.670247
0.115583 0.222447
0.717049 0.750558
0.0491969 0.910329
0.833702 0.186722
0.106858 0.0999459
0.25988 0.160495
0.0949787 0.590092
0.0671951 0.7055
0.341582 0.055005
0.487769 0.799751
0.215617 0.821821
0.504767 0.997425
0.298577 0.191754
0.703931 0.455187
0.932805 0.168924
0.125447 0.0483364
0.391386 0.842511
0.798975 0.440523
0.752782 0.632659
0.627269 0.859638
0.732606 0.887144
0.0201195 0.827569
0.477287 0.0873276
0.533092 0.8188
