0.311353 0.568495
0.544001 0.444494
0.840537 0.140981
0.788623 0
0.832119 0.335987
0.176619 0.18719
0.540525 0.177116
0.751552 0.218203
0.701022 0.29193
0.494739 0.682408
0.840444 0.581247
0.494743 0.528883
0.802169 0.565304
0.921712 0.205082
0.168921 0.8579
0.274035 0.353368
0.357917 0.653853
0.706325 0.247516
0.771198 0.433372
0.563183 0.612709
0.523779 0.317758
0.514853 0.235682
0.831409 0.496184
0.201962 0.937227
0.331895 0.457097
0.582198 0.378209
0.268823 0.714642
0.804359 0.0722069
0.488302 0.400641
0.273879 0.786257
0.608594 0.457229
0.0886721 0.870102
0.298075 0.710856
0.247344 0.195245
0.559969 0.640431
0.747201 0.157041
0.432557 0.523376
0.749531 0.258748
0.418935 0.732335
0.40014 0.815158
0.393325 0.58158
0.780742 0.239907
0.338617 0.597694
0.773847 0.353075
0.416763 0.520334
0.841791 0.110283
0.166601 0.722133
0.409124 0.651734
0.634911 0.16543
0.703467 0.236951
0.738845 0.277201
0.509792 0.231314
0.12072 0.113816
0.32253 0.432868
0.654856 0.0758345
0.0930979 0.0282581
0.917497 0.126657
0.483838 0.362231
0.865805 0.10502
0.377728 0.417558
