0.640335 0.84638
0.587822 0.482379
0.490806 0.519492
0.768308 0.243191
0.218351 0.853091
0.691522 0.501005
0.0686862 0.0686862
0.511943 0.550464
0.481951 0.549608
0.767713 0.641832
0.846961 0.251533
0.619435 0.695381
0.535512 0.652984
0.601793 0.583698
0.387215 0.427538
0.503815 0.523581
0.270577 0.641399
0.718354 0.596471
0.355096 0.384206
0.790269 0.327742
0.1936 0.806798
0.660457 0.201655
0.724713 0.741979
0.509422 0.313583
0.513333 0.494951
0.342114 0.404123
0.682266 0.439585
0.86154 0.322703
0.518901 0.664591
0.866478 0.414615
0.125805 0.111597
0.641133 0.374907
0.552546 0.343494
0.0786218 0.790677
0.696563 0.147504
0.10506 0.747923
0.841006 0.779715
0.41742 0.718869
0.540206 0.677124
0.879673 0.325123
0.874027 0.312148
0.449625 0.35791
0.234864 0.546584
0.648884 0.208612
0.294671 0.770426
0.549447 0.515996
0.687478 0.232093
0.445169 0.356257
0.640153 0.542593
0.302591 0.465794
0.666454 0.574782
0.266535 0.666835
0.520326 0.512084
0.389399 0.310047
0.880921 0.294835
0.757002 0.522337
0.655268 0.459426
0.431192 0.735248
0.757469 0.315506
0.730391 0.850123
