0.248819 0.980013
0.975643 0.928112
0.600738 0.430556
0.576573 0.803779
0.585516 0.830864
0.84065 0.597644
0.49283 0.824615
0.298232 0.633775
0.882853 0.578553
0.0189176 0.225288
0.243409 0.949082
0.285736 0.439513
0.458907 0.831611
0.336482 0.344366
0.979536 0.464582
0.556953 0.22863
0.445176 0.532949
0.156537 0.0459118
0.962973 0.733032
0.849786 0.549028
0.564112 0.690136
0.146136 0.0569729
0.514798 0.444527
0.690508 0.397933
0.0229453 0.709853
0.623277 0.266342
0.658727 0.908964
0.705971 0.117646
0.740679 0.0427343
0.462483 0.720504
0.507798 0.0191464
0.949163 0.953165
0.551895 0.105805
0.999012 0.514193
0.839129 0.848715
0.0651492 0.380039
0.538828 0.210295
0.460239 0.0541962
0.654333 0.150543
0.452113 0.677296
0.860855 0.074811
0.943774 0.519381
0.983896 0.649726
0.637274 0.724654
0.692268 0.0990399
0.445303 0.200108
0.118143 0.394658
0.153032 0.670045
0.500741 0.152173
0.185068 0.339746
0.000559925 0.249068
0.742669 0.539573
0.458994 0.202465
0.59345 0.113496
0.353538 0.0450313
0.791082 0.213791
0.119803 0.734812
0.733277 0.103864
0.384471 0.370437
0.828814 0.0767353
0.469616 0.274357
0.276938 0.587709
0.668945 0.430175
0.257853 0.169256
0.582243 0.442628
0.509306 0.582953
0.691755 0.251923
0.122692 0.15073
0.454859 0.715909
0.264319 0.807835
0.761065 0.0553084
0.0214118 0.881062
0.790351 0.755141
0.984232 0.182153
0.125638 0.813802
0.251482 0.595232
0.0876624 0.528423
0.18298 0.756815
0.958691 0.439321
0.926292 0.541019
0.882997 0.435531
0.124262 0.574717
0.687442 0.246661
0.725677 0.141681
0.962931 0.989735
0.949419 0.723712
0.0446878 0.970342
0.604686 0.835306
0.726098 0.590142
0.0102549 0.851448
0.404101 0.261458
0.446821 0.491853
0.789701 0.629623
0.248839 0.748931
0.0701925 0.174929
0.289695 0.953392
0.610744 0.4137
0.528174 0.298006
0.660326 0.253726
0.439892 0.623148
0.243737 0.389275
0.346664 0.288887
0.360624 0.951755
0.124044 0.0866402
0.541841 0.13412
0.93831 0.945598
0.395637 0.385116
0.437241 0.185595
0.0150127 0.685775
0.934599 0.085276
0.860774 0.224209
0.0389312 0.471299
0.637332 0.566731
0.7693 0.298069
0.820641 0.209448
0.921176 0.0643274
0.598703 0.267754
0.353408 0.95913
0.219426 0.477562
0.0458527 0.761
0.611598 0.98415
0.706471 0.00748206
0.369567 0.143665
0.193109 0.384728
0.829502 0.127675
0.470111 0.690191
0.35172 0.508221
0.161692 0.98942
0.0754269 0.931215
0.287797 0.895911
0.140667 0.208722
0.960518 0.739347
0.476348 0.314354
0.69857 0.69582
0.791762 0.744661
0.456932 0.403153
0.729255 0.163264
0.410679 0.0986647
0.30691 0.604069
0.483349 0.136606
0.731463 0.952988
0.827357 0.0830347
0.461168 0.988961
0.0724184 0.536509
0.918739 0.361052
0.432762 0.0612922
0.568901 0.393301
0.800297 0.0452279
0.706913 0.499163
0.741059 0.498301
0.243804 0.197913
0.901426 0.97304
0.361426 0.312272
0.0717486 0.668587
0.916463 0.554745
0.804923 0.647847
0.507556 0.632269
0.730949 0.968782
0.621542 0.804118
0.505243 0.541751
0.164029 0.937978
0.602923 0.733292
0.330699 0.403054
0.77831 0.0380638
0.902167 0.519449
0.536387 0.146081
0.717202 0.43788
0.118645 0.0786059
0.7504 0.190307
0.746877 0.666618
0.744938 0.552535
0.314753 0.25231
0.184884 0.0454208
0.22114 0.806349
0.849614 0.726312
0.348427 0.0134787
0.663825 0.951272
0.746764 0.99495
0.354266 0.524971
0.0325154 0.256399
0.0443849 0.5693
0.402721 0.761767
0.00683898 0.521452
0.840767 0.757327
0.711553 0.588088
0.424263 0.456715
0.140307 0.738742
0.708964 0.325047
0.784171 0.929896
0.131612 0.63364
0.656143 0.479999
0.647338 0.32075
0.430882 0.394068
0.315606 0.784925
0.918133 0.349329
0.0408518 0.962913
0.917609 0.443415
0.725591 0.924983
0.965351 0.566602
0.682424 0.676789
0.154244 0.106249
0.13303 0.294805
0.844982 0.842318
0.620167 0.629255
0.772535 0.751893
0.262916 0.428572
0.231936 0.910573
0.748961 0.662525
0.304939 0.0644183
0.447673 0.224022
0.413062 0.488846
0.187594 0.330652
0.932375 0.913569
0.255709 0.898026
0.479956 0.93802
0.574593 0.63427
0.0442947 0.708107
0.928946 0.889448
0.550517 0.549364
0.518464 0.323074
0.30131 0.781424
0.751437 0.533048
0.69193 0.500339
0.195278 0.996691
0.56494 0.642945
0.220285 0.977944
0.131445 0.407924
0.308874 0.0643293
0.321329 0.563976
0.961926 0.801409
0.502115 0.536822
0.435825 0.546251
0.245136 0.365022
0.435449 0.795788
0.914162 0.953963
0.118496 0.215871
0.73548 0.869822
0.748428 0.426923
0.370484 0.944058
0.423943 0.935236
0.586749 0.64407
0.912839 0.718255
0.052098 0.221689
0.783196 0.374142
0.786101 0.744859
0.175092 0.287945
0.281733 0.610934
0.834233 0.526895
0.949132 0.236288
0.322764 0.890391
0.223584 0.440875
0.105957 0.958997
0.31091 0.854709
0.386353 0.681041
0.79903 0.810129
0.616359 0.385621
0.454197 0.529579
0.103799 0.50645
0.751092 0.886487
0.880173 0.537137
0.631077 0.055148
0.824777 0.913139
0.666299 0.658934
0.43974 0.642274
0.928483 0.762102
0.532694 0.152213
0.203087 0.63906
0.111035 0.514391
0.493239 0.49741
0.195472 0.29216
0.307607 0.811784
0.677939 0.761712
0.341236 0.78159
0.268432 0.0924331
0.667992 0.148331
0.629375 0.299507
0.203756 0.453973
0.212297 0.870049
0.113048 0.652101
0.512281 0.0416213
0.414588 0.0449911
0.193737 0.617764
0.683734 0.304899
0.132 0.177237
0.802145 0.327487
0.469651 0.110314
0.139111 0.147259
0.872048 0.480409
0.928845 0.140438
0.572835 0.596761
0.289011 0.201418
0.896179 0.492601
0.655733 0.108404
0.362602 0.768856
0.760568 0.87468
0.810491 0.175136
0.919728 0.00390857
0.792791 0.603027
0.309234 0.924775
0.780474 0.111435
0.252612 0.249878
0.221339 0.391435
0.397121 0.0937019
0.871516 0.325414
0.233847 0.444191
0.922771 0.522883
0.646208 0.819169
0.0150072 0.301919
0.922275 0.380784
0.0710511 0.688342
0.252912 0.881485
0.863312 0.172133
0.88547 0.656153
0.775541 0.194588
0.581042 0.556398
0.305818 0.833539
0.806168 0.52768
0.224994 0.203156
0.620976 0.096472
0.528967 0.854823
0.541057 0.451819
0.378112 0.187362
0.270677 0.393234
0.489393 0.198283
0.771189 0.560615
0.886595 0.0237768
0.441916 0.749761
0.196495 0.327169
0.40614 0.972128
0.521684 0.987349
0.527909 0.827427
0.820786 0.333874
0.355498 0.0456575
0.537333 0.976362
0.142249 0.066208
0.831051 0.683527
0.518091 0.209026
0.871212 0.78869
0.602484 0.360564
0.971471 0.354945
0.9206 0.87375
0.398095 0.362494
0.623356 0.594421
0.689845 0.0295311
0.566506 0.211616
0.0168755 0.0946404
0.0393716 0.837761
0.428735 0.394331
0.883575 0.966282
0.370763 0.0262331
0.0323959 0.201983
0.709898 0.550655
0.411355 0.580772
0.339651 0.0136856
0.942335 0.330684
0.387573 0.862054
0.199991 0.785751
0.224549 0.823354
0.380282 0.914109
0.852738 0.947239
0.125668 0.870092
0.0415391 0.164807
0.707928 0.470193
0.559296 0.591724
0.436399 0.930115
0.617857 0.469089
0.131881 0.327512
0.019264 0.543028
0.907121 0.359068
0.556332 0.849504
0.684981 0.944162
0.711626 0.885271
0.729782 0.936059
0.708496 0.109984
0.849949 0.561799
0.0563663 0.974821
0.431481 0.0987028
0.140645 0.139484
0.568751 0.699791
0.731182 0.00508518
0.629712 0.349468
0.47411 0.761627
0.676728 0.493453
0.304678 0.585221
0.852374 0.861448
0.434717 0.537394
0.805483 0.146347
0.42255 0.535394
0.0824025 0.130932
0.645371 0.932547
0.692581 0.702478
0.908523 0.123979
0.800966 0.0486046
0.26346 0.369763
0.748479 0.994723
0.374883 0.378217
0.343624 0.848804
0.139518 0.020509
0.342295 0.44421
0.605421 0.19441
0.305951 0.0402573
0.731931 0.11134
0.186448 0.154301
0.646838 0.268793
0.285588 0.292195
0.201227 0.978141
0.99498 0.109734
0.102119 0.795885
0.158329 0.36547
0.165902 0.906781
0.360234 0.540303
0.284916 0.703978
0.389234 0.424795
0.72459 0.731265
0.868807 0.329484
0.925533 0.175146
0.370092 0.657827
0.28614 0.5569
0.812235 0.933272
0.825869 0.0977828
0.225923 0.0267334
0.0756866 0.220593
0.136405 0.177987
0.0159976 0.295039
0.543498 0.181957
0.201785 0.90378
0.722153 0.486715
0.607573 0.111304
0.911274 0.332296
0.842864 0.780557
0.662268 0.768829
0.955756 0.0320031
0.426513 0.242051
0.588922 0.238802
0.175168 0.414671
0.336525 0.400682
0.4416 0.41232
0.621227 0.578058
0.590139 0.637541
0.873088 0.133546
0.819527 0.0747408
0.0371351 0.541776
0.561261 0.644996
0.653063 0.472938
0.976917 0.495191
0.253635 0.639084
0.264588 0.209018
0.670909 0.690892
0.451386 0.259863
0.929636 0.626945
0.674389 0.266065
0.0277697 0.115579
0.678327 0.64875
0.694019 0.268804
0.286034 0.567002
0.402446 0.105761
0.641879 0.439742
0.647278 0.203059
0.0844303 0.300306
0.676042 0.0616195
0.79609 0.929705
0.700689 0.0605489
0.139004 0.371815
0.751295 0.590685
0.631601 0.681171
0.217257 0.30586
0.965187 0.271501
0.421779 0.625758
0.89329 0.115893
0.894424 0.179638
0.682808 0.296984
0.285372 0.324637
0.736589 0.932643
0.527764 0.82147
0.23304 0.203968
0.883675 0.0286452
0.133766 0.584345
0.0893408 0.272823
0.956014 0.841134
0.86345 0.587702
0.522459 0.0804464
0.893712 0.46943
0.325315 0.315172
0.0953308 0.218589
0.430988 0.989942
0.398163 0.114096
0.287094 0.683678
0.4388 0.0241444
0.61583 0.966531
0.845468 0.849064
0.170738 0.72912
0.877834 0.304305
0.313269 0.967588
0.577772 0.269381
0.808432 0.440505
0.856543 0.33043
0.52196 0.749864
0.800497 0.846882
0.0658277 0.895732
0.0654948 0.496764
0.885962 0.463772
0.610942 0.172765
0.147175 0.0496794
0.19663 0.763368
0.0164253 0.041962
0.612239 0.187191
0.770994 0.490326
0.492194 0.0844224
0.45818 0.0699233
0.353597 0.266656
0.510344 0.210059
0.597575 0.0315866
0.960937 0.394575
0.879215 0.0261966
0.293799 0.944502
0.52358 0.17947
0.408261 0.134424
0.352249 0.555373
0.183264 0.548866
0.319205 0.20053
0.590998 0.930905
0.387675 0.361867
0.421386 0.879657
0.446433 0.879362
0.949055 0.799636
0.145799 0.459403
0.00989927 0.743221
0.491861 0.970344
0.141067 0.370529
0.996494 0.433611
0.315376 0.520404
0.614074 0.72357
0.654616 0.966719
0.279194 0.838954
0.515513 0.598136
0.0396692 0.106219
0.52906 0.427618
0.468371 0.950744
0.307174 0.914509
0.829965 0.256131
0.713989 0.975828
0.715908 0.724186
0.718975 0.207235
0.694438 0.860288
0.578325 0.691559
0.294914 0.893635
0.211958 0.908806
0.616964 0.866606
0.8752 0.896989
0.705237 0.390838
0.494915 0.74517
0.496887 0.0243356
0.172196 0.965451
0.974711 0.478616
0.880076 0.805141
0.735083 0.594273
0.780522 0.450906
0.318183 0.499942
0.658356 0.0126996
0.359912 0.236743
0.704 0.654562
0.130463 0.915774
0.563767 0.74773
0.782095 0.438582
0.644473 0.487997
0.829321 0.139418
0.232862 0.326303
0.163385 0.405006
0.29184 0.137927
0.884102 0.171575
0.943061 0.619218
0.766002 0.724065
0.0705691 0.0840312
0.223924 0.729309
0.0967228 0.583501
0.965731 0.800777
0.238772 0.0962993
0.716717 0.802143
0.844222 0.499122
0.240555 0.488589
0.987234 0.0697007
0.627858 0.219727
0.39605 0.791411
0.624834 0.68772
0.929741 0.509196
0.859292 0.873312
0.128667 0.625252
0.597173 0.199309
0.709484 0.821376
0.92804 0.806179
0.405303 0.894041
0.606835 0.643729
0.966177 0.290132
0.445407 0.834402
0.822662 0.686066
0.322959 0.80976
0.756085 0.951136
0.0298721 0.152035
0.742515 0.654511
0.839994 0.672244
0.163681 0.699494
0.545574 0.292511
0.324682 0.142545
0.49155 0.0343085
0.964011 0.416536
0.84052 0.368703
0.313479 0.447166
0.012299 0.303976
0.770546 0.457985
0.138064 0.593506
0.144082 0.460899
0.403432 0.900425
0.412269 0.432861
0.0526222 0.154645
0.0873621 0.892267
0.826897 0.251005
0.591966 0.372506
0.54341 0.916641
0.515136 0.0348561
0.950691 0.478404
0.454509 0.791132
0.847562 0.76801
0.238239 0.860103
0.0716719 0.00883816
0.318303 0.209737
0.602679 0.462405
0.671017 0.00600466
0.363199 0.0832123
0.438738 0.415234
0.23771 0.526159
0.308186 0.0651418
0.777074 0.899874
0.43749 0.320911
0.816224 0.952732
0.355652 0.767209
0.431328 0.810273
0.558356 0.278996
0.578466 0.796567
0.139238 0.650393
0.805642 0.457085
0.860045 0.408723
0.919988 0.531423
0.414354 0.28281
0.614463 0.853138
0.698195 0.852948
0.37976 0.00626611
0.91797 0.15671
0.904542 0.355769
0.477797 0.722283
0.308279 0.833218
0.489915 0.739935
0.643329 0.0481726
0.0188726 0.221684
0.84504 0.158314
0.871955 0.650917
0.615799 0.73203
0.0589551 0.535505
0.263568 0.473623
0.818242 0.878331
0.326857 0.516327
0.731007 0.70609
0.52232 0.648867
0.862745 0.428476
0.00437564 0.340279
0.150554 0.312641
0.173259 0.640758
0.0527939 0.81661
0.688664 0.0717724
0.0382734 0.533908
0.230189 0.910544
0.184478 0.845861
0.642666 0.243731
0.381267 0.906339
0.717344 0.199118
0.784362 0.0441941
0.715995 0.515363
0.750386 0.238099
0.164234 0.613334
0.666537 0.168553
0.953619 0.81752
0.4817 0.126911
0.458098 0.534642
0.943942 0.147482
0.606193 0.981965
0.680467 0.8365
0.892465 0.865391
0.681941 0.535395
0.108746 0.0630759
0.441793 0.826208
0.262846 0.225772
0.87061 0.978832
0.741142 0.62123
0.217142 0.905523
0.234732 0.883553
0.0742614 0.187997
0.701146 0.556116
0.314974 0.158941
0.0904583 0.258419
0.306057 0.696749
0.240277 0.986477
0.533141 0.13301
0.851756 0.214939
0.668121 0.960733
0.278107 0.109879
0.786744 0.540553
0.33608 0.657217
0.519012 0.0775014
0.278655 0.735927
0.982858 0.512443
0.619481 0.0569919
0.70101 0.320792
0.613655 0.0156551
0.4803 0.7038
0.274285 0.785946
0.400862 0.514682
0.772405 0.934115
0.647718 0.62394
0.14898 0.315754
0.58454 0.426935
0.426069 0.371402
0.967784 0.762192
0.0287529 0.486753
0.839231 0.306824
0.222658 0.822593
0.820332 0.842506
0.879804 0.521447
0.163215 0.493178
0.536925 0.643311
0.197343 0.811412
0.429066 0.598181
0.32632 0.201436
0.532211 0.973878
0.825253 0.681023
0.289842 0.410039
0.108016 0.715955
0.781506 0.0759263
0.478077 0.810159
0.562528 0.31789
0.117467 0.785602
0.140311 0.937344
0.627943 0.0198611
0.458561 0.791102
0.513397 0.995919
0.434612 0.710733
0.807247 0.86323
0.308976 0.132895
0.0647911 0.841109
0.106707 0.890176
0.522226 0.397308
0.300347 0.63064
0.112745 0.0819489
0.706333 0.590988
0.892507 0.269272
0.908807 0.00916794
0.0545639 0.0487203
0.947111 0.682668
0.0689814 0.38422
0.473569 0.582311
0.401796 0.907964
0.293167 0.208479
0.770863 0.602112
0.341773 0.835737
0.44327 0.448718
0.725843 0.965602
0.845474 0.026223
0.596134 0.958016
0.108213 0.302562
0.548721 0.000594397
0.57179 0.457655
0.0154089 0.626293
0.506553 0.957105
0.308856 0.575455
0.363153 0.782476
0.157577 0.764936
0.69046 0.450632
0.973355 0.46082
0.0525536 0.315252
0.297154 0.496112
0.76432 0.0233662
0.461672 0.60979
0.0498798 0.0576412
0.567951 0.158514
0.36027 0.11699
0.159199 0.931953
0.574749 0.169304
0.558561 0.0809153
0.126944 0.867762
0.656541 0.489608
0.6502 0.814318
0.25459 0.340528
0.26503 0.227885
0.801909 0.317544
0.543663 0.0995065
0.813143 0.30776
0.122541 0.275038
0.917717 0.172835
0.332908 0.485689
0.331067 0.693244
0.602922 0.490145
0.625274 0.1776
0.659315 0.183632
0.258939 0.786055
0.0515586 0.915035
0.275651 0.701676
0.729515 0.530436
0.0415057 0.993344
0.758378 0.844693
0.311827 0.301591
0.944201 0.125755
0.609668 0.0665906
0.400564 0.527691
0.239578 0.733631
0.013018 0.570341
0.426736 0.616439
0.060677 0.0516599
0.794163 0.720271
0.235724 0.0527663
0.506228 0.287479
0.968016 0.781971
0.988791 0.697615
0.312464 0.0313414
0.691894 0.0704402
0.875988 0.00350231
0.372409 0.819738
0.128856 0.982029
0.886648 0.529749
0.510093 0.126073
0.262777 0.523496
0.69666 0.689498
0.139668 0.757449
0.741352 0.933754
0.477579 0.977211
0.986669 0.983534
0.264468 0.954934
0.765615 0.253167
0.652447 0.07764
0.284383 0.344611
0.148058 0.160347
0.34822 0.520507
0.979899 0.476527
0.502791 0.866641
0.00664659 0.0126903
0.956313 0.223681
0.536169 0.689534
0.95949 0.675516
0.447162 0.700629
0.609077 0.924046
0.677783 0.595899
0.907664 0.942509
0.550705 0.673504
0.195637 0.203277
0.751153 0.47994
0.547755 0.899619
0.640279 0.895905
0.420248 0.620389
0.373274 0.923045
0.487263 0.380121
0.935671 0.47967
0.649876 0.471817
0.169194 0.609575
0.147331 0.615874
0.309961 0.756737
0.540161 0.988162
0.352393 0.44793
0.930335 0.903713
0.121554 0.126244
0.106772 0.873008
0.60624 0.65455
0.772185 0.246254
0.550507 0.192694
0.866737 0.924061
0.115811 0.35387
0.3039 0.0515314
0.833634 0.954194
0.522963 0.00309991
0.562907 0.670796
0.619094 0.873125
0.427575 0.159028
0.861402 0.780155
0.60739 0.791821
0.683731 0.728623
0.917743 0.790358
0.601243 0.52398
0.444847 0.373794
0.770576 0.995392
0.566681 0.637458
0.918757 0.682468
0.999235 0.231376
0.734177 0.82591
0.176291 0.257596
0.828839 0.73903
0.928106 0.446876
0.612146 0.355792
0.607223 0.473444
0.135811 0.214374
0.265138 0.819462
0.942552 0.183428
0.60937 0.544517
0.70679 0.0544509
0.918688 0.477532
