0.93216 0.689205
0.831155 0.377101
0.0195376 0.1493
0.500568 0.599358
0.835349 0.10044
0.05716 0.303331
0.965239 0.817142
0.142459 0.870044
0.843552 0.778444
0.182178 0.335572
0.72595 0.580401
0.580873 0.389205
0.0242988 0.743783
0.788496 0.429759
0.0605838 0.590079
0.688481 0.992781
0.279301 0.519687
0.369898 0.298832
0.668965 0.870467
0.898179 0.473707
0.88638 0.95558
0.777028 0.851667
0.772476 0.919487
0.721711 0.616066
0.697956 0.90396
0.95165 0.42393
0.48433 0.532502
0.813137 0.508643
0.276338 0.60158
0.938356 0.336917
0.191698 0.626858
0.329707 0.470982
0.146562 0.699587
0.769802 0.815507
0.570064 0.667963
0.28923 0.456466
0.623516 0.0657996
0.308136 0.395843
0.985163 0.0291786
0.0118788 0.683695
0.933814 0.963682
0.107624 0.418154
0.49605 0.920762
0.926781 0.772377
0.522368 0.865174
0.109285 0.714038
0.492052 0.438991
0.185046 0.638581
0.136677 0.953347
0.454097 0.708613
0.622824 0.743317
0.165108 0.24613
0.809586 0.473299
0.642005 0.795335
0.503136 0.653831
0.47904 0.436926
0.617394 0.586674
0.8529 0.111578
0.507411 0.781862
0.890664 0.0356335
0.647063 0.995109
0.742671 0.140167
0.43411 0.928857
0.777669 0.572692
0.883667 0.231732
0.281362 0.506507
0.975095 0.446449
0.752656 0.784671
0.91973 0.394621
0.580013 0.422841
0.0484884 0.0590353
0.859793 0.665887
0.645742 0.714872
0.778595 0.153419
0.496784 0.665154
0.182961 0.143808
0.660301 0.926753
0.282875 0.0944188
0.853732 0.0581848
0.667145 0.739284
0.292326 0.948456
0.24579 0.267421
0.394906 0.998405
0.0520592 0.314667
0.393035 0.632103
0.737506 0.441539
0.691153 0.597336
0.107381 0.336892
0.31219 0.88672
0.490025 0.808969
0.551903 0.672932
0.952759 0.212181
0.599723 0.235631
0.306592 0.455319
0.296195 0.973719
0.194578 0.588514
0.922175 0.440366
0.855929 0.317084
0.438757 0.908007
0.631741 0.831808
0.540082 0.369258
0.273322 0.231263
0.96653 0.380727
0.568163 0.278771
0.267471 0.0581954
0.0877345 0.819353
0.76121 0.0818362
0.0315312 0.330818
0.276118 0.338136
0.786136 0.572324
0.311862 0.980728
0.160846 0.234021
0.421094 0.0167164
0.55113 0.859845
0.924739 0.182894
0.691689 0.464859
0.552117 0.964996
0.696128 0.518693
0.34572 0.264274
0.797482 0.61319
0.322421 0.885232
0.432563 0.0535608
0.925715 0.464099
0.384378 0.201849
0.802015 0.170484
0.772371 0.114437
0.151381 0.935
0.348149 0.572298
0.951659 0.899378
0.432152 0.876522
0.0821349 0.123826
0.341379 0.634245
0.0888298 0.037504
0.152939 0.434565
0.301775 0.950443
0.0477475 0.624195
0.835681 0.48033
0.677785 0.761394
0.942886 0.0601487
0.963271 0.74663
0.23267 0.737446
0.860725 0.383883
0.672458 0.208877
0.956067 0.6242
0.108116 0.388374
0.50074 0.19025
0.512186 0.842098
0.824507 0.601012
0.879602 0.977723
0.0355817 0.181354
0.925249 0.0802012
0.805584 0.763578
0.56361 0.483361
0.524953 0.508043
0.545514 0.488202
0.254701 0.778199
0.225657 0.115472
0.162161 0.898064
0.324332 0.118285
0.522299 0.432439
0.506664 0.0230269
0.668656 0.0512151
0.865131 0.447219
0.619876 0.744723
0.424693 0.655424
0.926044 0.352598
0.73874 0.731661
0.116157 0.302389
0.215044 0.641104
0.810433 0.760548
0.129354 0.0651453
0.538742 0.354993
0.180622 0.700856
0.253075 0.50493
0.819163 0.775384
0.937293 0.325815
0.798424 0.560056
0.344646 0.663545
0 0.947789
0.408252 0.43196
0.619955 0.334357
0.784547 0.358708
0.0660033 0.900716
0.661074 0.281052
0.541865 0.471528
0.0415926 0.671208
0.536653 0.580358
0.0262003 0.717206
0.28122 0.279305
0.222124 0.100388
0.0546739 0.159464
0.426165 0.853081
0.719525 0.770822
0.516582 0.726755
0.73534 0.924878
0.158745 0.355253
0.259206 0.943339
0.713985 0.325214
0.844024 0.375044
0.606272 0.385905
0.846574 0.647868
0.0571072 0.383249
0.228208 0.0833662
0.100466 0.509413
0.362619 0.322612
0.609777 0.417278
0.48207 0.0359228
0.2704 0.201583
0.806721 0.786981
0.928373 0.542062
0.711636 0.0873582
0.897331 0.971235
0.0304197 0.611289
0.296262 0.874494
0.986275 0.902581
0.260411 0.832928
0.550395 0.317536
0.216149 0.778603
0.40085 0.316634
0.288014 0.76348
0.639201 0.89778
0.180775 0.121305
0.933713 0.451148
0.322869 0.740428
0.238157 0.251241
0.282505 0.95
0.338345 0.179773
0.920999 0.368779
0.791096 0.217353
0.243245 0.77746
0.119836 0.503661
0.610399 0.67023
0.821174 0.82655
0.448833 0.222049
0.143199 0.736832
0.985518 0.782404
0.634627 0.16626
0.903672 0.568341
0.617436 0.22655
0.308738 0.855571
0.477768 0.591232
0.805551 0.816093
0.771062 0.726573
0.184866 0.562164
0.943899 0.428123
0.339648 0.0636877
0.93174 0.950191
0.733932 0.752945
0.776401 0.18298
0.974917 0.919873
0.919591 0.960679
0.702188 0.554247
0.126783 0.605895
0.122552 0.744213
0.832407 0.4313
0.599787 0.310177
0.0225281 0.405347
0.126255 0.793579
0.131905 0.311166
0.355767 0.075783
0.739274 0.695425
0.139538 0.671047
0.645467 0.873461
0.423998 0.422102
0.0562262 0.398943
0.341887 0.975846
0.35946 0.0440346
0.530053 0.486241
0.649952 0.652605
0.230489 0.482386
0.0839042 0.830257
0.79071 0.107189
0.235573 0.918895
0.900005 0.367538
0.229972 0.255824
0.443336 0.969271
0.951236 0.582882
0.640253 0.596721
0.456362 0.0642927
0.5 0.5
0.463256 0.360723
0.488416 0.822717
0.404821 0.0184413
0.308959 0.0547835
0.671075 0.539453
0.53714 0.754971
0.369694 0.329705
0.861406 0.605313
0.248538 0.761427
0.972845 0.478498
0.0172514 0.416185
0.447715 0.968448
0.99841 0.0873965
0.565171 0.455418
0.152232 0.583958
0.967887 0.615554
0.944694 0.456435
0.438224 0.349504
0.474874 0.747173
0.404273 0.145992
0.286622 0.941427
0.900924 0.656329
0.271138 0.76235
0.261628 0.519706
0.523807 0.234477
0.998168 0.541052
0.650642 0.445907
0.509484 0.649674
0.533868 0.0746392
0.10512 0.68612
0.657909 0.0725955
0.301665 0.603298
0.529484 0.739872
0.953204 0.00220207
0.487069 0.357081
0.150404 0.773682
0.298489 0.0513702
0.430018 0.569695
0.813685 0.69162
0.0893026 0.337503
0.9232 0.0840035
0.878504 0.576743
0.533395 0.387981
0.226431 0.067292
0.46262 0.331536
0.751916 0.122257
0.404678 0.055005
0.724565 0.934178
0.794905 0.677363
0.938585 0.281957
0.0344641 0.0889965
0.0556471 0.332945
0.140348 0.485664
0.902577 0.954243
0.103151 0.99518
0.291538 0.103365
0.079396 0.170061
0.680068 0.612783
0.558015 0.906508
0.708177 0.092709
0.238029 0.433388
0.141889 0.642696
0.488463 0.866444
0.576845 0.283374
0.543842 0.51546
0.565343 0.578272
0.604449 0.620977
0.911237 0.744816
0.106636 0.813807
0.698866 0.283948
0.805772 0.990416
0.387307 0.885187
0.160423 0.0674317
0.497936 0.71842
0.97392 0.177997
0.73899 0.212452
0.611403 0.88096
0.852894 0.0982662
0.747424 0.431507
0.383222 0.291246
0.946912 0.948654
0.869511 0.551401
0.569528 0.780774
0.296209 0.676162
0.594623 0.995072
0.96008 0.400392
0.985423 0.347394
0.285596 0.145907
0.414809 0.783534
0.864303 0.388702
0.961473 0.60345
0.600612 0.572939
0.484399 0.455227
0.672774 0.231806
0.882145 0.051104
0.523047 0.833661
0.00452191 0.392586
0.38508 0.574068
0.173382 0.681271
0.250238 0.767988
0.676334 0.210333
0.168406 0.661785
0.557732 0.453938
0.807695 0.972564
0.237492 0.671989
0.361249 0.198997
0.275426 0.961873
0.771951 0.759793
0.417104 0.444729
0.991574 0.303827
0.50073 0.514654
0.137507 0.505275
0.907241 0.522548
0.0793521 0.0805963
0.203764 0.329566
0.848562 0.880089
0.539909 0.016954
0.541859 0.0976234
0.470913 0.349543
0.0701811 0.708385
0.0215534 0.431445
0.907378 0.296957
0.393296 0.679353
0.0567562 0.810382
0.124112 0.0483762
0.114254 0.624835
0.563055 0.251749
0.130086 0.470264
0.774227 0.209622
0.55086 0.9781
0.53903 0.399437
0.851466 0.0766822
0.416379 0.400064
0.176622 0.887228
0.749755 0.247171
0.5957 0.771159
0.678192 0.503095
0.0681021 0.0714929
0.182471 0.124903
0.881895 0.306495
0.107707 0.998859
0.931322 0.736291
0.247914 0.0614676
0.206524 0.022267
0.270862 0.757409
0.000300593 0.809902
0.156879 0.858459
0.888816 0.573243
0.258549 0.0654037
0.460573 0.00818617
0.312144 0.0562571
0.779336 0.990337
0.559348 0.847462
0.0618333 0.741793
0.972311 0.943813
0.048328 0.145604
0.939934 0.979784
0.88187 0.187764
0.0410932 0.0884405
0.209986 0.311968
0.845833 0.210199
0.121881 0.00276267
0.0687759 0.0106828
0.575991 0.327335
0.0760805 0.036548
0.335486 0.388215
0.0927988 0.114836
0.378573 0.652148
0.962294 0.440382
0.393936 0.934642
0.384131 0.442283
0.0802152 0.324044
0.421921 0.96212
0.511851 0.462998
0.0505683 0.721843
0.774992 0.89644
0.932031 0.89695
0.927382 0.0483605
0.907514 0.47516
0.32822 0.983601
0.511715 0.663695
0.371815 0.604498
0.778558 0.750379
0.256616 0.740848
0.190792 0.650561
0.67546 0.574947
0.0928424 0.755695
0.898963 0.514769
0.717846 0.410832
0.977731 0.768406
0.132663 0.752747
0.665886 0.0657055
0.649589 0.564022
0.0657158 0.557074
0.0391613 0.39394
0.540687 0.550874
0.0576775 0.912502
0.155367 0.83621
0.662848 0.411992
0.577079 0.853665
0.0625393 0.252557
0.428579 0.155435
0.00824214 0.32756
0.670154 0.726097
0.738344 0.647901
0.494522 0.871015
0.400661 0.159343
0.935651 0.0482198
0.749398 0.118852
0.607305 0.762534
0.395462 0.147995
0.313402 0.453106
0.0603747 0.468847
0.289307 0.72332
0.880755 0.866381
0.576992 0.943323
0.118947 0.00554594
0.0987137 0.127233
0.333092 0.768884
0.849641 0.0685436
0.41678 0.347806
0.942458 0.817456
0.507157 0.87828
0.867646 0.230438
0.879782 0.474979
0.992978 0.275205
0.622951 0.306443
0.728316 0.683402
0.805093 0.115486
0.406739 0.656008
0.884104 0.983951
0.676854 0.0241613
0.989252 0.698025
0.130186 0.322383
0.466923 0.983527
0.393802 0.883704
0.331317 0.336261
0.701153 0.83847
0.214522 0.5688
0.0689825 0.0943104
0.0437782 0.062031
0.36952 0.666717
0.368487 0.097807
0.350139 0.143668
0.115496 0.756844
0.799686 0.999569
0.74058 0.399
0.00255285 0.729846
0.097053 0.132762
0.0522437 0.563954
0.11626 0.446032
0.447662 0.447636
0.781456 0.149062
0.286119 0.996834
0.7176 0.355101
0.0911397 0.761362
0.41714 0.460659
0.428073 0.785614
0.558495 0.778229
0.929274 0.674004
0.535042 0.728959
0.673536 0.275656
0.127982 0.6761
0.00547285 0.22495
0.811183 0.0637744
0.788955 0.925148
0.50376 0.236604
0.372762 0.286077
0.38542 0.658881
0.282882 0.103027
0.0139765 0.374009
0.864398 0.431112
0.834654 0.29251
0.21671 0.393126
0.0707097 0.146002
0.0671729 0.605775
0.874934 0.740709
0.919418 0.0607051
0.416791 0.886918
0.227957 0.225695
0.944762 0.0128765
0.150802 0.448421
0.253529 0.523616
0.734468 0.63892
0.182452 0.017358
0.741871 0.197084
0.391388 0.606361
0.627541 0.226019
0.89884 0.844236
0.619238 0.969539
0.990169 0.686405
0.575333 0.865203
0.427155 0.45677
0.868133 0.843976
0.343695 0.0960354
0.0696164 0.288363
0.112955 0.220432
0.736758 0.366478
0.744026 0.471265
0.00168119 0.916195
0.488589 0.747353
0.122912 0.880003
0.353731 0.750452
0.106033 0.25257
0.594696 0.725303
0.222103 0.584913
0.4117 0.797448
0.450123 0.838869
0.254179 0.318248
0.682811 0.597917
0.414301 0.752439
0.886276 0.527278
0.972757 0.623074
0.893728 0.716868
0.0942813 0.899119
0.643318 0.582908
0.646498 0.766224
0.462888 0.000191248
0.516669 0.568916
0.252756 0.11136
0.294227 0.47487
0.696257 0.705929
0.272319 0.146388
0.544785 0.526491
0.464621 0.227616
0.124415 0.878918
0.980435 0.00953049
0.406173 0.952925
0.633681 0.299917
0.669796 0.72797
0.19899 0.313109
0.310866 0.845529
0.079354 0.773728
0.845707 0.596005
0.342683 0.0984482
0.707343 0.636912
0.573325 0.403607
0.34282 0.84562
0.550001 0.8876
0.372155 0.0145581
0.115208 0.496522
0.890782 0.0919449
0.50718 0.299709
0.0481633 0.140837
0.599613 0.717952
0.868795 0.798643
0.0310945 0.179649
0.643994 0.110313
0.953418 0.489873
0.706425 0.296097
0.588346 0.413768
0.932948 0.16169
0.817385 0.275815
0.00725756 0.367388
0.163377 0.379367
0.381993 0.278602
0.875864 0.275476
0.373796 0.383046
0.575207 0.421999
0.523923 0.174835
0.139924 0.392722
0.973459 0.171019
0.572344 0.617647
0.281416 0.525789
0.165016 0.917987
0.82185 0.69585
0.401639 0.754834
0.857489 0.218976
0.0306206 0.864802
0.586405 0.194045
0.244179 0.968424
0.472627 0.120114
0.24389 0.84644
0.503111 0.81912
0.268434 0.0270378
0.993925 0.408344
0.419732 0.967401
0.579379 0.992083
0.585071 0.860792
0.517855 0.692566
0.848616 0.339686
0.388455 0.250253
0.0945064 0.245984
0.469288 0.125204
0.1108 0.055668
0.319147 0.354988
0.0240583 0.791766
0.475089 0.267968
0.638219 0.978223
0.0870744 0.906682
0.00526997 0.0810281
0.315092 0.424969
0.0484223 0.894463
0.417048 0.633497
0.755243 0.934889
0.326091 0.60389
0.274585 0.714521
0.854126 0.369101
0.9605 0.323412
0.494272 0.0713151
0.379082 0.813469
0.426305 0.403128
0.605232 0.901384
0.671113 0.243492
0.879596 0.758152
0.150191 0.88482
0.839162 0.465266
0.309801 0.887615
0.359713 0.726858
0.521078 0.114949
0.661762 0.847161
0.718827 0.936359
0.561702 0.572954
0.305486 0.522222
0.896383 0.799762
0.593547 0.275452
0.664896 0.0424121
0.678615 0.218419
0.92121 0.349676
0.461883 0.800845
0.107837 0.612084
0.685686 0.947034
0.184519 0.893651
0.834592 0.437028
0.722345 0.355714
0.551991 0.38409
0.202852 0.270808
0.320458 0.764559
0.843786 0.625945
0.28678 0.740159
0.425657 0.880326
0.0156411 0.0388512
0.900174 0.694231
0.257253 0.821428
0.0439174 0.719171
0.622275 0.151732
0.331256 0.307974
0.0987708 0.408593
0.30345 0.933371
0.877674 0.0840502
0.289074 0.397613
0.409895 0.491967
0.668437 0.730359
0.256536 0.512232
0.356296 0.543312
0.252375 0.781956
0.423643 0.268024
0.820823 0.323819
0.960908 0.0771297
0.145281 0.00618063
0.797296 0.767527
0.157938 0.128548
0.0754887 0.256686
0.537143 0.378969
0.190052 0.382765
0.404761 0.479131
0.780369 0.814651
0.971081 0.448749
0.544999 0.227611
0.960878 0.901383
0.770869 0.213514
0.683251 0.194563
0.481381 0.504069
0.518402 0.443643
0.582183 0.663671
0.449819 0.379478
0.431212 0.60776
0.508039 0.506711
0.865477 0.0456278
0.881467 0.0497838
0.42795 0.290429
0.533613 0.208311
0.105087 0.504688
0.657057 0.650114
0.732308 0.61802
0.551372 0.503218
0.831366 0.234583
0.697771 0.312753
0.73861 0.216705
0.756386 0.320859
0.879831 0.206169
0.700302 0.31106
0.813874 0.208345
0.817762 0.678352
0.253551 0.703438
0.732814 0.681491
0.993861 0.266426
0.887093 0.0958529
0.771126 0.546852
0.74908 0.503408
0.164828 0.300427
0 0.979509
0.53503 0.704426
0.309012 0.273719
0.920078 0.0635068
0.594559 0.800461
0.271618 0.294881
0.111516 0.0855176
0.503233 0.929293
0.763858 0.756757
0.632689 0.496716
0.438253 0.62666
0.763109 0.328056
0.725643 0.534254
0.874906 0.474724
0.0376726 0.0397836
0.796247 0.0960734
0.036013 0.310193
0.74877 0.345069
0.583932 0.669403
0.410467 0.178492
0.469878 0.682016
0.473347 0.581388
0.767593 0.976533
0.510661 0.531433
0.732326 0.144581
0.0281147 0.17158
0.770059 0.791209
0.49964 0.495696
0.32543 0.374537
0.970365 0.363122
0.414322 0.745551
0.407469 0.450362
0.0557671 0.156236
0.795398 0.639667
0.825569 0.20581
0.818142 0.295486
0.887877 0.291463
0.876847 0.655471
0.268055 0.387505
0.1869 0.00139427
0.530963 0.215001
0.17295 0.301015
0.00621207 0.672612
0.796697 0.331674
0.0471639 0.76709
0.694822 0.461483
0.512685 0.102249
0.91185 0.568434
0.25847 0.707252
0.208126 0.0841485
0.91287 0.0233821
0.379602 0.801054
0.317743 0.256452
0.456502 0.58583
0.644005 0.643399
0.587205 0.174988
0.858397 0.760169
0.475999 0.864632
0.432813 0.272699
0.196306 0.479985
0.0398105 0.891112
0.941459 0.552489
0.993225 0.853372
0.120942 0.25185
0.56057 0.329063
0.335953 0.473707
0.355343 0.715551
0.274736 0.673076
0.972012 0.73122
0.258929 0.616025
0.374606 0.846117
0.79102 0.233111
0.606287 0.266977
0.0976814 0.0390874
0.539689 0.293983
0.519056 0.579468
0.185077 0.460506
0.13196 0.178417
0.31378 0.252915
0.430249 0.874354
0.581973 0.766206
0.348031 0.937306
0.48176 0.622769
0.610383 0.453758
0.353976 0.869312
0.0697978 0.728636
0.715397 0.860771
0.961646 0.321681
0.127746 0.0593773
0.360746 0.667431
0.353338 0.879818
0.246885 0.538421
0.340249 0.378892
0.716831 0.654068
0.631823 0.147055
0.528433 0.213817
0.913271 0.876482
0.151119 0.395051
0.499182 0.761514
0.84882 0.853188
0.630814 0.918618
0.58185 0.346228
0.779409 0.543544
0.667868 0.907163
0.653452 0.035189
0.574586 0.95625
0.908444 0.82151
0.49466 0.248731
0.200411 0.211504
0.902809 0.832249
0.358601 0.431213
0.0460269 0.271891
0.307673 0.197144
0.66698 0.806878
0.958686 0.515799
0.660076 0.589506
0.434419 0.24195
0.935695 0.213835
0.78551 0.603598
0.120965 0.388405
0.632248 0.695575
0.344664 0.540649
0.51707 0.839298
0.789396 0.717464
0.0507699 0.692177
0.549704 0.409379
0.123386 0.595763
0.681259 0.431053
0.792885 0.348249
