0.0981793 0.591908
0.238452 0.515127
0.489742 0.541305
0.674345 0.622264
0.0552115 0.755034
0.442088 0.933833
0.149567 0.302666
0.170039 0.770689
0.0291279 0.811823
0.873116 0.682029
0.649783 0.791343
0.190564 0.419532
0.278378 0.427403
0.367821 0.759096
0.998554 0.545468
0.232732 0.0967337
0.137376 0.471184
0.61186 0.627118
0.012489 0.286205
0.249382 0.0677005
0.0412392 0.69147
0.00153305 0.190806
0.994136 0.171572
0.961495 0.0232634
0.983395 0.834611
0.705292 0.633178
0.625953 0.895856
0.0527102 0.904332
0.323259 0.420531
0.663427 0.321813
0.965999 0.896159
0.418547 0.103375
0.367343 0.0304073
0.730492 0.379832
0.316612 0.979874
0.447533 0.357851
0.671344 0.449066
0.548657 0.66548
0.620638 0.510152
0.688743 0.604033
0.344763 0.394035
0.237211 0.970716
0.289891 0.289921
0.875047 0.61315
0.710452 0.538475
0.934963 0.676451
0.434634 0.35351
0.779826 0.801977
0.383918 0.510318
0.181809 0.70053
0.490192 0.629342
0.0583813 0.161537
0.0784073 0.607038
0.827016 0.699045
0.117191 0.515759
0.303077 0.461953
0.909795 0.540288
0.432669 0.199686
0.830209 0.307717
0.812836 0.540661
0.846191 0.747799
0.217113 0.280825
0.10131 0.996939
0.0828021 0.485227
0.507257 0.264611
0.185757 0.997449
0.893953 0.244138
0.158986 0.97236
0.851177 0.986002
0.671405 0.968367
0.501761 0.974482
0.430321 0.411556
0.514771 0.86299
0.611242 0.34498
0.170706 0.424078
0.885641 0.0168974
0.171877 0.102754
0.297722 0.273187
0.0996923 0.380525
0.758414 0.606949
0.645136 0.944171
0.604398 0.539089
0.18831 0.763384
0.511449 0.0394869
0.749386 0.182854
0.00785439 0.251148
0.157336 0.438175
0.662704 0.672107
0.301165 0.273945
0.0170866 0.471871
0.698023 0.902728
0.488768 0.869901
0.00548145 0.786491
0.143088 0.105174
0.167015 0.901502
0.712123 0.812151
0.845674 0.316521
0.35124 0.0339835
0.0799055 0.862688
0.0734704 0.829292
0.0455422 0.0813248
0.0804392 0.202879
0.5195 0.743143
0.874985 0.820665
0.0170882 0.892072
0.292535 0.715112
0.7948 0.781304
0.585012 0.800281
0.567794 0.7281
0.905455 0.73481
0.629602 0.617578
0.546961 0.475276
0.934099 0.8982
0.509259 0.0140046
0.760889 0.58273
0.843296 0.806431
0.664055 0.923735
0.00930943 0.183554
0.666878 0.884295
0.00421896 0.683966
0.776367 0.296754
0.399078 0.571167
0.0780581 0.98409
0.371448 0.645853
0.712191 0.276903
0.380662 0.341793
0.894481 0.927623
0.817069 0.82858
0.825823 0.326328
0.842585 0.586712
0.909058 0.685881
0.393143 0.573112
0.609616 0.402452
0.756667 0.276495
0.286747 0.760886
0.960461 0.0631141
0.0576402 0.359539
0.634281 0.135698
0.34363 0.00572887
0.781551 0.0558203
0.282632 0.162213
0.397613 0.177113
0.089836 0.214682
0.00569272 0.915659
0.54101 0.848277
0.502371 0.450068
0.534158 0.895514
0.02318 0.143775
0.297967 0.779847
0.420269 0.584714
0.540733 0.38073
0.647828 0.598373
0.740269 0.282109
0.734071 0.0838992
0.287838 0.515622
0.139719 0.570469
0.677835 0.537333
0.747582 0.767671
0.752014 0.753275
0.68333 0.293024
0.601552 0.185702
0.743092 0.13571
0.0812157 0.766272
0.279485 0.379182
0.546119 0.699754
0.963896 0.0868515
0.0804844 0.611724
0.685224 0.820754
0.893833 0.419295
0.904653 0.18167
0.934917 0.0443725
0.75214 0.612752
0.581705 0.499722
0.380423 0.33372
0.252997 0.0637535
0.626744 0.854549
0.249455 0.369836
0.990259 0.330671
0.136108 0.269744
0.709853 0.682226
0.969498 0.673749
0.769078 0.0499827
0.285473 0.454302
0.870737 0.179305
0.873598 0.77539
0.360975 0.808515
0.819762 0.113115
0.421267 0.401467
0.612837 0.801691
0.735187 0.865833
0.865444 0.361931
0.720382 0.114899
0.731766 0.710641
0.44557 0.867874
0.980385 0.155423
0.5501 0.949884
0.829172 0.319178
0.999866 0.114645
0.77348 0.870603
0.29395 0.647078
0.645992 0.654925
0.455593 0.465755
0.76804 0.87686
0.867222 0.380877
0.678551 0.602409
0.24671 0.543995
0.5 0.5
0.658894 0.696106
0.677733 0.104464
0.56398 0.658118
0.259887 0.11408
0.608002 0.0890586
0.433259 0.607868
0.203703 0.206739
0.478471 0.497653
0.853817 0.124463
0.152578 0.30941
0.590218 0.920618
0.18627 0.45744
0.301495 0.864821
0.0598488 0.548204
0.408816 0.0241885
0.515296 0.0677096
0.720294 0.193029
0.172173 0.284274
0.851147 0.43206
0.398355 0.459148
0.521119 0.831613
0.0670163 0.724822
0.0383523 0.545487
0.222475 0.892169
0.66995 0.375053
0.201579 0.260168
0.295671 0.387849
0.717608 0.597165
0.25267 0.777457
0.14537 0.661485
0.801645 0.660666
0.729195 0.52194
0.853694 0.901369
0.806214 0.704841
0.333429 0.204569
0.16399 0.854548
0.0361826 0.231006
0.579369 0.0745348
0.776493 0.801844
0.966704 0.446443
0.176897 0.168283
0.706611 0.472568
0.556132 0.42422
0.0697337 0.808802
0.201676 0.215103
0.470287 0.00332181
0.875769 0.199482
0.525262 0.729463
0.100851 0.331476
0.434305 0.43428
0.536045 0.598294
0.288827 0.572228
0.8293 0.868197
0.646763 0.605793
0.670041 0.613467
0.0522365 0.846938
0.78175 0.758848
0.319506 0.337881
0.183067 0.38924
0.146683 0.384744
0.604343 0.61697
0.388066 0.480112
0.816453 0.913327
0.209576 0.917303
0.244803 0.64388
0.351583 0.780849
0.242175 0.64041
0.353076 0.0714749
0.508607 0.999839
0.677268 0.178647
0.613306 0.729505
0.0255855 0.395055
0.488352 0.345092
0.732937 0.67142
0.734332 0.87962
0.0561637 0.338675
0.49659 0.444229
0.818787 0.313043
0.357557 0.0283631
0.230346 0.60236
0.672244 0.581929
0.383209 0.914418
0.222339 0.736285
0.985893 0.730946
0.736124 0.663161
0.909593 0.34943
0.392666 0.935178
0.744485 0.881018
0.28027 0.477422
0.556976 0.0436366
0.357041 0.608602
0.353277 0.853631
0.0528312 0.172064
0.166674 0.410388
0.200427 0.39702
0.0127479 0.872671
0.978949 0.395957
0.787089 0.201288
0.132242 0.772982
0.932233 0.868366
0.436143 0.841826
0.217795 0.828809
0.777005 0.96228
0.709827 0.0572749
0.439702 0.262266
0.0718766 0.796743
0.870867 0.425153
0.650375 0.923699
0.597217 0.817049
0.334086 0.797644
0.214069 0.346834
0.670315 0.193018
0.742791 0.457404
0.394306 0.875032
0.230386 0.326539
0.743398 0.666529
0.168366 0.961193
0.495339 0.94537
0.923474 0.205166
0.00264518 0.363176
0.467431 0.0745218
0.159919 0.338299
0.499675 0.810294
0.261997 0.0968922
0.627343 0.596084
0.894536 0.841412
0.942918 0.564851
0.0344294 0.685709
0.0222552 0.428735
0.560741 0.252641
0.755274 0.304139
0.919171 0.92364
0.265333 0.414509
0.86901 0.188807
0.619675 0.871655
0.551983 0.0871065
0.946177 0.711902
0.425405 0.445852
0.522196 0.687403
0.542744 0.149539
0.283486 0.437281
0.99095 0.226404
0.284649 0.236995
0.912113 0.0243872
0.454115 0.472854
0.277028 0.209389
0.776993 0.196199
0.133029 0.0423261
0.566008 0
0.231133 0.230383
0.873694 0.783115
0.31749 0.819871
0.495017 0.742895
0.265724 0.0172129
0.430298 0.808468
0.166752 0.713784
0.245748 0.157702
0.940189 0.24788
0.183082 0.852302
0.272268 0.637197
0.325156 0.549296
0.846586 0.102149
0.745495 0.979615
0.144475 0.356203
0.981654 0.375608
0.586586 0.855348
0.158723 0.904075
0.67522 0.65374
0.64697 0.940943
0.670953 0.0772681
0.749411 0.837705
0.791052 0.99516
0.995407 0.731241
0.24304 0.178489
0.583542 0.515308
0.815685 0.908698
0.0646035 0.662271
0.0108477 0.810098
0.641886 0.155323
0.166301 0.62354
0.530931 0.752887
0.478888 0.689654
0.656963 0.154108
0.343394 0.303933
0.167832 0.0913778
0.381201 0.844462
0.852052 0.172253
0.839622 0.847459
0.903494 0.0826617
0.0259477 0.487036
0.597969 0.841633
0.395735 0.662573
0.503904 0.406582
0.472671 0.14579
0.561906 0.638972
0.76933 0.0928366
0.391859 0.248218
0.782491 0.0488221
0.402326 0.125885
0.352755 0.497377
0.140233 0.733956
0.341839 0.992285
0.90621 0.181461
0.839744 0.809704
0.264123 0.865691
0.29674 0.862092
0.707324 0.692475
0.524665 0.211229
0.0990575 0.997336
0.357019 0.660963
0.636308 0.126349
0.7538 0.0281673
0.374567 0.53629
0.0769894 0.776893
0.662176 0.429745
0.27427 0.802408
0.163701 0.61611
0.794693 0.0699105
0.797571 0.634436
0.879614 0.0616933
0.500128 0.176355
0.923785 0.207452
0.86883 0.44845
0.418681 0.967887
0.445785 0.7757
0.62885 0.0820932
0.902049 0.38265
0.110261 0.276616
0.91894 0.18725
0.0535096 0.581116
0.616994 0.32778
0.383524 0.780695
0.94389 0.178217
0.850606 0.74146
0.812653 0.73022
0.803154 0.312781
0.906575 0.726939
0.520233 0.775404
0.175389 0.938914
0.743292 0.621174
0.714614 0.372142
0.703267 0.616663
0.754792 0.813528
0.893279 0.673732
0.00077765 0.946789
0.254848 0.617772
0.274569 0.638372
0.398467 0.218458
0.816589 0.249073
0.959919 0.629243
0.979293 0.763072
0.942024 0.885868
0.490011 0.462257
0.661272 0.6654
0.401171 0.404564
0.286574 0.115785
0.776706 0.989841
0.732448 0.531498
0.803369 0.625727
0.20523 0.804147
0.572516 0.460078
0.421919 0.847084
0.0984508 0.820386
0.0655425 0.91504
0.201547 0.134645
0.544283 0.0487525
0.788534 0.486307
0.93462 0.278545
0.948564 0.595893
0.943945 0.349735
0.00045698 0.230519
0.46552 0.777163
0.22036 0.197968
0.308661 0.0237289
0.823695 0.513891
0.827875 0.39621
0.973969 0.249794
0.243295 0.0724201
0.0701801 0.308837
0.98746 0.139639
0.334298 0.531743
0.188392 0.122832
0.0180501 0.123012
0.401377 0.966614
0.718905 0.345322
0.316349 0.719362
0.575841 0.781869
0.496525 0.796201
0.979837 0.805186
0.81993 0.803532
0.319077 0.647805
0.199743 0.293046
0.897599 0.443037
0.365466 0.967779
0.751874 0.352927
0.107419 0.0861726
0.88467 0.29581
0.209005 0.90272
0.418823 0.610382
0.869334 0.137728
0.955704 0.185683
0.85709 0.531544
0.967552 0.353615
0.327745 0.947389
0.158801 0.147675
0.750922 0.477877
0.79548 0.950664
0.770924 0.69308
0.393701 0.13639
0.660859 0.145575
0.489316 0.768278
0.231748 0.373986
0.0640884 0.440753
0.276706 0.482911
0.0511345 0.14604
0.551177 0
0.331723 0.477729
0.538383 0.299275
0.831343 0.866128
0.246665 0.990144
0.0138031 0.997586
0.468022 0.809284
0.94825 0.238945
0.502363 0.341952
0.375335 0.163223
0.487527 0.864651
0.931501 0.719275
0.238637 0.995589
0.160028 0.515343
0.4785 0.211162
0.661383 0.0991387
0.218001 0.993106
0.576867 0.756383
0.292381 0.408211
0.622511 0.539046
0.398355 0.636314
0.536633 0.866376
0.445598 0.484883
0.105321 0.947961
0.826835 0.480656
0.111184 0.314362
0.345307 0.0426844
0.0336368 0.583944
0.0382734 0.193665
0.0992876 0.516773
0.404827 0.760671
0.615912 0.622828
0.753777 0.192779
0.379211 0.0461584
0.571862 0
0.585205 0.999344
0.638036 0.121837
0.865721 0.0836337
0.60672 0.971042
0.0315949 0.433555
0.451698 0.142779
0.747916 0.797005
0.185463 0.781553
0.38095 0.223736
0.975218 0.480237
0.74051 0.380045
0.240908 0.356422
0.00287251 0.994685
0.549201 0.382083
0.0408434 0.150191
0.383805 0.626048
0.159921 0.0361562
0.747885 0.0152555
0.105475 0.354605
0.986297 0.13707
0.78816 0.437995
0.279848 0.536076
0.235 0.465311
0.317629 0.61595
0.689048 0.292847
0.0961872 0.429557
0.672892 0.337095
0.785979 0.675764
0.33178 0.33518
0.0578474 0.372624
0.485371 0.441652
0.998671 0.634906
0.463493 0.746557
0.650161 0.568968
0.101162 0.636459
0.706038 0.889321
0.0744539 0.985886
0.425397 0.309454
0.451198 0.743026
0.925404 0.140245
0.23624 0.177131
0.569803 0.708765
0.358687 0.355782
0.384529 0.690467
0.690962 0.442376
0.0630903 0.176333
0.884029 0.0617618
0.811239 0.347522
0.808318 0.4614
0.91649 0.90948
0.0978585 0.622528
0.798801 0.172312
0.608415 0.224198
0.481767 0.0596122
0.967225 0.407171
0.201447 0.00162442
0.428763 0.76966
0.711862 0.787449
0.125442 0.0963911
0.477916 0.816404
0.538767 0.541006
0.992737 0.422796
0.602768 0.803976
0.770318 0.411086
0.265376 0.686808
0.320566 0.363234
0.309337 0.119368
0.535547 0.917751
0.343566 0.0173133
0.977363 0.310791
0.424484 0.177221
0.313888 0.853247
0.946881 0.0257507
0.640696 0.0723235
0.122142 0.118612
0.888728 0.660909
0.659619 0.881465
0.0837048 0.262387
0.685441 0.854023
0.673473 0.950817
0.540831 0.99404
0.314051 0.850168
0.113407 0.849597
0.767919 0.456973
0.86691 0.745282
0.767764 0.291395
0.922503 0.0816524
0.144642 0.869384
0.107403 0.785338
0.941708 0.229545
0.90395 0.830436
0.890454 0.563569
0.711901 0.974159
0.825956 0.397342
0.828181 0.499429
0.348158 0.369012
0.493468 0.662209
0.21918 0.606876
0.511806 0.987099
0.0638489 0.378717
0.732381 0.831613
0.670111 0.654884
0.913265 0.814753
0.524269 0.0206683
0.600091 0.465976
0.250213 0.504041
0.296412 0.140667
0.213339 0.149044
0.114826 0.893565
0.405654 0.943007
0.392994 0.753813
0.312019 0.886463
0.416021 0.5312
0.493338 0.927827
0.518299 0.557187
0.306544 0.25068
0.3888 0.976655
0.905564 0.302066
0.791408 0.429833
0.322734 0.3915
0.89581 0.572947
0.895541 0.192222
0.713614 0.963151
0.200534 0.828439
0.856716 0.606189
0.771446 0.249711
0.360001 0.0834657
0.136173 0.776023
0.614665 0.629512
0.70385 0.132964
0.187823 0.00868965
0.383644 0.575499
0.98705 0.289208
0.877565 0.778458
0.719041 0.200299
0.169958 0.614851
0.773246 0.0654985
0.807072 0.48686
0.25886 0.205171
0.315299 0.885366
0.613796 0.0867452
0.135076 0.973797
0.170211 0.271249
0.74982 0.784876
0.900761 0.45367
0.91784 0.0874601
0.464065 0.301484
0.662959 0.451114
0.590692 0.540524
0.229572 0.309733
0.740823 0.39953
0.924584 0.514068
0.465028 0.731656
0.000927721 0.493678
0.739263 0.316227
0.379043 0.353059
0.402972 0.514119
0.326856 0.573183
0.785369 0.0766761
0.358059 0.68613
0.530346 0.275899
0.77359 0.994411
0.577382 0.436549
0.445525 0.168074
0.977073 0.675097
0.477807 0.717896
0.074627 0.402391
0.231964 0.539655
0.134047 0.232892
0.0333328 0.87331
0.549118 0.412376
0.226369 0.95209
0.926495 0.553225
0.525273 0.711864
0.629901 0.883332
0.397994 0.160247
0.159231 0.171584
0.154658 0.736613
0.608133 0.600183
0.904688 0.585207
0.275281 0.382495
0.303103 0.349908
0.784886 0.535067
0.889563 0.918932
0.767958 0.922896
0.792242 0.317077
0.335272 0.018611
0.269167 0.261767
0.571836 0.79444
0.973631 0.201737
0.677773 0.371625
0.361984 0.837003
0.543209 0.516642
0.573617 0.151343
0.116826 0.478305
0.736549 0.392106
0.860799 0.0396521
0.742014 0.645685
0.574719 0.631577
0.564617 0.342677
0.554473 0.356859
0.659754 0.889745
0.37547 0.928921
0.151512 0.947306
0.723362 0.125143
0.149043 0.401135
0.496768 0.511026
0.238136 0.0399779
0.0276687 0.811755
0.191321 0.144494
0.290059 0.92787
0.536601 0.150859
0.967522 0.278615
0.796543 0.542241
0.910192 0.361161
0.884918 0.464665
0.71802 0.544672
0.35441 0.0934903
0.473594 0.505922
0.0407964 0.196956
0.631065 0.189839
0.59809 0.127834
0.700865 0.836228
0.167811 0.728534
0.647983 0.359132
0.873028 0.938043
0.287003 0.409629
0.0889015 0.254525
0.688244 0.885445
0.796766 0.598436
0.246605 0.681684
0.0631016 0.964625
0.226357 0.417512
0.0581157 0.69995
0.923434 0.0989121
0.896906 0.554499
0.288751 0.494997
0.682332 0.989616
0.331225 0.850144
0.718151 0.979208
0.209276 0.591179
0.917251 0.496278
0.262731 0.222092
0.750803 0.689052
0.891597 0.547569
0.287489 0.138203
0.229253 0.35059
0.102828 0.45561
0.768102 0.160944
0.155561 0.691535
0.259856 0.0524668
0.246034 0.548607
0.547463 0.928366
0.538224 0.878689
0.77851 0.256374
0.857897 0.987786
0.847553 0.775148
0.484064 0.848361
0.781301 0.234867
0.537414 0.672898
0.782437 0.824902
0.811101 0.0116901
0.175493 0.913929
0.4673 0.943595
0.0748735 0.622861
0.63513 0.33473
0.675327 0.881164
0.883337 0.222791
0.809531 0.421561
0.101479 0.58804
0.677935 0.959376
0.575826 0.525488
0.734524 0.05989
0.373849 0.515825
0.294757 0.911263
0.188723 0.077194
0.736166 0.999824
0.0888841 0.911658
0.913754 0.556184
0.855253 0.988627
0.179045 0.490384
0.323357 0.854372
0.371548 0.206694
0.0771633 0.181079
0.628255 0.178643
0.769119 0.30619
0.138019 0.344945
0.831678 0.872544
0.404835 0.205527
0.388369 0.699592
0.11679 0.577092
0.776786 0.852956
0.576917 0.86567
0.764614 0.49067
0.421854 0.619868
0.479298 0.600899
0.110251 0.802655
0.455272 0.481799
0.00934906 0.532435
0.662878 0.637604
0.711078 0.431997
0.943793 0.849097
0.776942 0.775471
0.72164 0.181776
0.980998 0.110009
0.881368 0.0977884
0.687101 0.658154
0.950744 0.264018
0.523825 0.715359
0.754688 0.945679
0.335226 0.233986
0.546578 0.445478
0.23266 0.18249
0.927277 0.0459901
0.534285 0.590155
0.683594 0.245363
0.0221515 0.627387
0.0944594 0.799093
0.402858 0.8161
0.980869 0.383857
0.926109 0.862238
0.481645 0.61321
0.520392 0.432389
0.877228 0.0442167
0.147748 0.631916
0.989896 0.482974
0.865902 0.536474
0.928452 0.902543
0.538324 0.855729
0.948533 0.072609
0.445883 0.632127
0.317972 0.468035
0.259514 0.412431
0.267128 0.662372
0.228531 0.247997
0.046229 0.15464
0.110235 0.527874
0.76785 0.630627
0.960263 0.645078
0.674844 0.108011
0.276993 0.66474
0.590985 0.142895
0.201214 0.519437
