0.17935 0.343039
0.469647 0.561242
0.489923 0.467257
0.131867 0.236122
0.591486 0.81739
0.25947 0.133701
0.544664 0.593009
0.400699 0.256788
0.429862 0.533486
0.393632 0.276778
0.371384 0.287871
0.717757 0.479878
0.32057 0.799883
0.239106 0.65796
0.865314 0.930368
0.446957 0.478716
0.910074 0.974172
0.368446 0.289724
0.355033 0.421581
0.363824 0.55896
0.273408 0.516853
0.303522 0.236911
0.221146 0.866014
0.326275 0.436165
0.130294 0.772102
0.538025 0.579229
0.333296 0.187548
0.655324 0.347334
0.858239 0.120404
0.0472431 0.767608
0.626944 0.697361
0.0852545 0.716255
0.540801 0.600113
0.109146 0.681926
0.81214 0.703484
0.774523 0.297732
0.179267 0.323593
0.489514 0.482052
0.808276 0.776659
0.700185 0.138058
0.569607 0.534494
0.167142 0.557875
0.547332 0.263793
0.63847 0.628379
0.154072 0.154448
0.386988 0.267244
0.676957 0.872384
0.836019 0.370022
0.226294 0.150677
0.0922073 0.156078
0.820332 0.0951717
0.231829 0.264631
0.262757 0.799042
0.433565 0.590753
0.467995 0.487106
0.870764 0.120985
0.666534 0.504753
0.708714 0.407478
0.351162 0.763482
0.732902 0.654688
