0.430049 0.529727
0.21169 0.902833
0.543448 0.397578
0.441655 0.373464
0.339453 0.245635
0.431219 0.400727
0.341996 0.394415
0.163967 0.0975537
0.845404 0.215505
0.640297 0.384805
0.42505 0.542281
0.791741 0.344468
0.497585 0.448148
0.320165 0.458842
0.550336 0.564935
0.20024 0.64555
0.525966 0.390409
0.650185 0.244241
0.404775 0.501022
0.458661 0.404018
0.271047 0.337506
0.30343 0.461184
0.482087 0.599773
0.302131 0.497169
0.640419 0.183266
0.507765 0.305348
0.596972 0.594599
0.130363 0.232864
0.259401 0.487937
0.487455 0.539841
0.288342 0.876309
0.450537 0.464
0.411282 0.465405
0.744971 0.445956
0.549926 0.35333
0.271507 0.744338
0.425205 0.640832
0.0187149 0.803422
0.461354 0.608859
0.396989 0.446001
0.555977 0.46972
0.551634 0.37164
0.583073 0.342054
0.362867 0.203208
0.166282 0.90486
0.114035 0.189799
0.518199 0.552894
0.719933 0.499736
0.484718 0.560363
0.782505 0.235163
0.59506 0.140381
0.761871 0.217726
0.638489 0.435988
0.305271 0.782428
0.24733 0.636116
0.662036 0.44566
0.70461 0.268695
0.581023 0.548651
0.788274 0.334554
0.594358 0.484917
