0.557824 0.456703
0.728816 0.766317
0.123557 0.273812
0.699053 0.680917
0.494419 0.345132
0.509772 0.675177
0.586854 0.491378
0.434216 0.246012
0.115878 0.907811
0.352211 0.399718
0.174236 0.613131
0.184542 0.716866
0.156433 0.155509
0.171218 0.156075
0.644799 0.317603
0.481946 0.56966
0.590702 0.434853
0.521593 0.754259
0.728337 0.280013
0.778713 0.406746
0.284869 0.248176
0.1009 0.984066
0.43782 0.29851
0.2821 0.564841
0.335148 0.239836
0.621024 0.225372
0.88712 0.266652
0.115232 0.891305
0.212662 0.196351
0.0177947 0.0886539
0.366873 0.603473
0.56711 0.241505
0.129012 0.980996
0.145072 0.700681
0.105439 0.759461
0.658191 0.259639
0.888554 0.867076
0.203529 0.435046
0.266165 0.399784
0.773802 0.602039
0.546269 0.629693
0.719893 0.161137
0.88763 0.0652048
0.147506 0.179261
0.212555 0.146606
0.277128 0.650171
0.637547 0.755133
0.843794 0.802525
0.680732 0.887845
0.422815 0.723821
0.607726 0.471346
0.189422 0.620657
0.244933 0.407455
0.217931 0.633648
0.654435 0.344966
0.181851 0.302366
0.705214 0.174294
0.320206 0.878498
0.183213 0.390059
0.363634 0.34135
