0.597379 0.500383
0.295047 0.135738
0.211959 0.765823
0.133289 0.995177
0.462574 0.526162
0.47986 0.495692
0.377065 0.459042
0.406414 0.754404
0.647695 0.694408
0.47102 0.583574
0.753334 0.632755
0.691102 0.670149
0.736756 0.286296
0.102975 0.0648052
0.812433 0.93465
0.79972 0.728685
0.256259 0.300448
0.76027 0.623726
0.863441 0.923125
0.599644 0.713056
0.106692 0.109693
0.58667 0.615826
0.164254 0.852303
0.338704 0.878842
0.335479 0.732843
0.358592 0.837401
0.110754 0.920695
0.1723 0.740948
0.513453 0.49174
0.893227 0.827631
0.260498 0.702356
0.504639 0.55023
0.815136 0.476408
0.278798 0.780106
0.408516 0.631069
0.287376 0.617558
0.651996 0.807696
0.078168 0.961315
0.566978 0.42921
0.496935 0.835561
0.884522 0.978894
0.802897 0.189988
0.673364 0.279097
0.910686 0.86736
0.469439 0.809228
0.680703 0.806945
0.697452 0.443499
0.524096 0.57674
0.703828 0.770486
0.44484 0.375183
0.52394 0.647211
0.618361 0.387369
0.300402 0.648107
0.156174 0.151435
0.24819 1
0.0239735 0.962697
0.660395 0.864007
0.844788 0.586125
0.0641001 0.889793
0.446417 0.556248
