0.731653 0.0157604
0.478422 0.520187
0.823 0.0570724
0.0183361 0.501445
0.470432 0.119689
0.0747145 0.636627
0.119703 0.0819919
0.119983 0.827915
0.289386 0.826031
0.151922 0.640487
0.648551 0.956714
0.754542 0.163808
0.908784 0.471492
0.00287754 0.434321
0.150775 0.0309287
0.0350648 0.882226
0.0470926 0.513153
0.402753 0.869963
0.570552 0.421103
0.371687 0.0402914
0.541114 0.446355
0.677772 0.660421
0.528583 0.797882
0.48854 0.817556
0.62389 0.640478
0.458495 0.272478
0.596854 0.212728
0.436607 0.505547
0.684201 0.439462
0.940151 0.835163
0.471928 0.976866
0.717527 0.517843
0.488644 0.120236
0.387419 0.0586794
0.541859 0.7593
0.10031 0.0823426
0.205666 0.778111
0.743033 0.734421
0.57588 0.231344
0.552061 0.199928
0.871954 0.0105393
0.472601 0.4687
0.223111 0.909069
0.974487 0.907534
0.348345 0.914899
0.742519 0.819255
0.890325 0.460238
0.336677 0.37916
0.580681 0.724477
0.437854 0.122118
0.483824 0.538429
0.204676 0.689384
0.316651 0.947787
0.423904 0.892345
0.179274 0.976011
0.0925949 0.0508834
0.98652 0.564518
0.519696 0.209823
0.473986 0.494441
0.117414 0.822239
0.409144 0.859776
0.641397 0.299731
0.320035 0.978299
0.679004 0.901148
0.702692 0.116916
0.0235062 0.186663
0.65543 0.227793
0.876359 0.971869
0.175598 0.300208
0.864483 0.35505
0.276119 0.957165
0.405909 0.262949
0.521925 0.925499
0.47508 0.996936
0.420055 0.589909
0.818118 0.829342
0.450239 0.459555
0.128787 0.770259
0.437694 0.807448
0.671003 0.140587
0.924732 0.694541
0.327322 0.579875
0.921887 0.203265
0.551723 0.0976937
0.503687 0.416327
0.452458 0.779827
0.373325 0.857887
0.0425768 0.895255
0.783522 0.515526
0.891053 0.203348
0.105476 0.709456
0.0326021 0.555411
0.169358 0.161433
0.326044 0.60703
0.968703 0.996397
0.747898 0.893932
0.69107 0.0745689
0.473757 0.612759
0.278072 0.0254722
0.711068 0.781712
0.441492 0.163139
0.561303 0.815175
0.0214216 0.604032
0.710629 0.804919
0.119734 0.602133
0.00835646 0.225207
0.311501 0.0411403
0.780349 0.480809
0.202425 0.10621
0.0878019 0.171614
0.10341 0.835394
0.0652439 0.794595
0.910104 0.538661
0.407897 0.188375
0.563966 0.11879
0.969832 0.00570966
0.281987 0.531146
0.820687 0.303334
0.135415 0.531501
0.108027 0.2551
0.133596 0.115967
0.480331 0.44504
0.156846 0.260912
0.925841 0.359342
0.367073 0.0126137
0.531336 0.470974
0.848855 0.59636
0.265562 0.759069
0.135015 0.673455
0.94733 0.69902
0.792106 0.916535
0.704864 0.0738924
0.447745 0.526027
0.37721 0.583151
0.0576457 0.484971
0.838175 0.191154
0.601307 0.318123
0.636886 0.758432
0.579331 0.561696
0.117398 0.946665
0.575017 0.648778
0.417481 0.423729
0.245227 0.682931
0.182743 0.380129
0.356374 0.129368
0.0794128 0.148101
0.0461458 0.784414
0.221868 0.49397
0.310432 0.599118
0.0773723 0.367827
0.0840448 0.915235
0.559103 0.685488
0.233826 0.195149
0.443673 0.81298
0.756794 0.561303
0.759814 0.331888
0.210399 0.177168
0.755564 0.455433
0.860097 0.938247
0.835529 0.21638
0.0675715 0.914625
0.364764 0.113565
0.698892 0.586478
0.607762 0.00931518
0.185763 0.685154
0.377622 0.270059
0.600411 0.936693
0.955268 0.834297
0.131969 0.399517
0.647692 0.888751
0.961412 0.407409
0.220687 0.171049
0.584107 0.975938
0.62646 0.444691
0.914349 0.462099
0.660831 0.982191
0.376738 0.0243779
0.0960027 0.0757279
0.61158 0.703722
0.0851067 0.797685
0.388771 0.462712
0.0854966 1
0.399262 0.0223086
0.823397 0.531181
0.422156 0.470544
0.41993 0.382927
0.877871 0.640509
0.553977 0.462241
0.616663 0.180428
0.906655 0.531116
0.64224 0.567572
0.512918 0.0194314
0.592999 0.609207
0.0949163 0.204924
0.312779 0.180886
0.00194101 0.701661
0.643043 0.0698697
0.690373 0.0422567
0.0925749 0.513832
0.573428 0.514777
0.984094 0.993139
0.897288 0.862497
0.633625 0.451393
0.324975 0.250632
0.631665 0.231387
0.781361 0.274193
0.798994 0.294735
0.293231 0.392147
0.904101 0.388609
0.596749 0.216301
0.568904 0.599296
0.91741 0.211878
0.66864 0.608059
0.254309 0.761863
0.12183 0.828185
0.276217 0.106332
0.82129 0.173464
0.969097 0.456361
0.624834 0.293069
0.705594 0.256391
0.524646 0.487148
0.530607 0.323862
0.781577 0.823929
0.715575 0.685252
0.212453 0.312646
0.901559 0.781502
0.911693 0.819228
0.993221 0.58042
0.427367 0.248119
0.342506 0.549151
0.0759447 0.618563
0.655604 0.897482
0.792366 0.624225
0.352627 0.417088
0.917277 0.0578647
0.673878 0.441814
0.545301 0.204436
0.765604 0.326929
0.0283315 0.481013
0.0122814 0.240712
0.794537 0.913379
0.0219717 0.705659
0.732699 0.0155171
0.286965 0.160114
0.263379 0.629278
0.709173 0.339627
0.248027 0.364706
0.237091 0.0405204
0.9879 0.589169
0.457344 0.906046
0.647979 0.131664
0.348246 0.193079
0.336183 0.113358
0.520148 0.364734
0.59466 0.532031
0.605299 0.388584
0.446024 0.62715
0.0946379 0.178544
0.643002 0.381223
0.338288 0.906663
0.0108231 0.0478361
0.246169 0.258657
0.412251 0.48309
0.299033 0.400984
0.0730122 0.757132
0.30675 0.720945
0.888654 0.654681
0.913927 0.224718
0.767871 0.434245
0.589331 0.362465
0.966246 0.194797
0.75129 0.412067
0.822057 0.845874
0.590594 0.46519
0.227344 0.929019
0.371745 0.237831
0.97626 0.61753
0.49674 0.38881
0.101182 0.795994
0.789525 0.173991
0.552822 0.0964119
0.894831 0.441794
0.750977 0.809219
0.666625 0.519108
0.243184 0.255831
0.881482 0.209519
0.450948 0.632644
0.621662 0.272621
0.478777 0.21221
0.737674 0.706131
0.141239 0.109061
0.943636 0.117593
0.727347 0.440576
0.506583 0.82838
0.236536 0.296107
0.00239166 0.789206
0.392675 0.897327
0.23147 0.143387
0.706414 0.897918
0.662599 0.949766
0.153724 0.544099
0.159181 0.604393
0.177088 0.780573
0.876947 0.65593
0.992574 0.614139
0.362096 0.133848
0.724144 0.306293
0.251666 0.451656
0.74665 0.758211
0.279805 0.983355
0.0542707 0.282748
0.772655 0.446914
0.179453 0.00388423
0.590709 0.886254
0.901759 0.25297
0.835777 0.05555
0.803058 0.91062
0.659932 0.974563
0.776025 0.537237
0.631006 0.768703
0.152092 0.992365
0.902562 0.876282
0.29878 0.154534
0.32788 0.0453076
0.912741 0.607421
0.0414171 1
0.889721 0.801207
0.413709 0.0691939
0.804946 0.0047811
0.95616 0.706661
0.257605 0.791598
0.762471 0.054702
0.786469 0.422635
0.0294229 0.562185
0.960106 0.659403
0.331007 0.111688
0.651965 0.233515
0.98862 0.950674
0.388211 0.316053
0.996021 0.300671
0.923294 0.0240608
0.26783 0.81332
0.825691 0.681988
0.8827 0.63084
0.686509 0.838606
0.337756 0.944094
0.630124 0.100436
0.99918 0.417581
0.522876 0.028081
0.966775 0.485586
0.687737 0.309679
0.594893 0.33969
0.543471 0.583168
0.290262 0.93154
0.89904 0.286494
0.232222 0.822789
0.311021 0.500198
0.635818 0.136513
0.182135 0.518811
0.767599 0.868622
0.357136 0.105104
0.814854 0.922714
0.205423 0.811575
0.403431 0.727699
0.83969 0.382631
0.211584 0.527885
0.692459 0.80638
0.867205 0.235888
0.389709 0.157728
0.167411 0.288646
0.444243 0.399896
0.111249 0.754985
0.899481 0.746971
0.891558 0.0820443
0.266051 0.659239
0.950196 0.622664
0.764168 0.763295
0.609682 0.969759
0.574877 0.0135215
0.698327 0.414589
0.396089 0.909582
0.942167 0.0882686
0.716071 0.809612
0.324555 0.105144
0.979304 0.491945
0.3943 0.411582
0.891326 0.505448
0.166348 0.790854
0.252487 0.0582631
0.872993 0.517944
0.717092 0.823615
0.140877 0.481658
0.587236 0.750554
0.450714 0.161375
0.763967 0.149142
0.576126 0.160106
0.0588876 0.518305
0.248382 0.775167
0.327988 0.572776
0.88075 0.295477
0.0641361 0.275336
0.706795 0.955731
0.78085 0.873493
0.746373 0.0333116
0.931545 0.61981
0.55122 0.648962
0.443307 0.691819
0.13034 0.0295065
0.442529 0.581072
0.191511 0.206561
0.730622 0.767882
0.365765 0.789453
0.286472 0.615102
0.564765 0.614398
0.187704 0.445544
0.90969 0.252085
0.720495 0.616184
0.207495 0.501344
0.489894 0.954702
0.534535 0.421707
0.574168 0.0853363
0.0709138 0.01737
0.777314 0.200468
0.0474227 0.21997
0.781991 0.238941
0.426404 0.512506
0.0066297 0.792746
0.302185 0.293359
0.407849 0.86675
0.907402 0.59569
0.312303 0.816678
0.848007 0.0328324
0.433138 0.0549617
0.533899 0.923711
0.0100119 0.0684831
0.345267 0.583922
0.153543 0.415746
0.601465 0.930614
0.616197 0.649001
0.150614 0.398441
0.887779 0.57678
0.910863 0.89483
0.370012 0.213142
0.187897 0.77745
0.0800419 0.0955849
0.373514 0.392069
0.912534 0.221249
0.424936 0.346382
0.276907 0.958903
0.26995 0.28677
0.0269908 0.614988
0.870721 0.18023
0.0306501 0.47208
0.111004 0.646857
0.12143 0.261894
0.0453329 0.00916883
0.837973 0.955446
0.903878 0.208134
0.168829 0.0920791
0.986241 0.24858
0.187741 0.359352
0.640761 0.100393
0.580885 0.0659224
0.446835 0.857745
0.0248251 0.716507
0.144528 0.0512858
0.331681 0.0156628
0.231829 0.362541
0.488074 0.343142
0.00933816 0.609099
0.604556 0.054207
0.618583 0.443037
0.0103904 0.522507
0.651139 0.179206
0.614659 0.637155
0.427986 0.802358
0.996527 0.0690931
0.903078 0.577347
0.134839 0.350201
0.435112 0.159256
0.0666442 0.579644
0.211017 0.398682
0.595525 0.442886
0.760914 0.0834253
0.785865 0.770472
0.692761 0.390204
0.824713 0.311381
0.83358 0.835075
0.834066 0.484609
0.0139636 0.448519
0.121619 0.442382
0.251312 0.118659
0.510943 0.153903
0.69599 0.645895
0.504124 0.131079
0.805226 0.570994
0.711077 0.0160908
0.969191 0.306852
0.458565 0.730294
0.390281 0.245171
0.500469 0.0829239
0.635427 0.32531
0.394356 0.468816
0.16032 0.228306
0.953378 0.175048
0.676803 0.0753471
0.617204 0.928332
0.193823 0.128323
0.0824327 0.889657
0.774132 0.586627
0.0210564 0.579463
0.157147 0.732325
0.595783 0.126455
0.039087 0.0549207
0.85649 0.429251
0.299682 0.35701
0.512037 0.935523
0.682652 0.906679
0.404141 0.842925
0.134649 0.358087
0.0175275 0.811378
0.433474 0.634802
0.739601 0.626827
0.763287 0.822172
0.516995 0.537378
0.40847 0.537931
0.117135 0.565736
0.270496 0.713126
0.691845 0.309801
0.768091 0.548332
0.738776 0.0682488
0.905614 0.25088
0.00375825 0.587981
0.157554 0.408288
0.431168 0.291999
0.765959 0.448741
0.103087 0.199412
0.0838413 0.84315
0.826577 0.847067
0.665217 0.343451
0.384252 0.0731493
0.881759 0.501687
0.639334 0.152367
0.21493 0.33115
0.463493 0.984667
0.879295 0.200762
0.0509464 0.785052
0.451334 0.0546462
0.373554 0.608922
0.462895 0.804299
0.900897 0.228891
0.252983 0.00457031
0.428648 0.336766
0.8475 0.254669
0.183623 0.512901
0.598195 0.568383
0.586482 0.479977
0.069868 0.226069
0.632309 0.284754
0.556982 0.0942017
0.267336 0.436919
0.294824 0.318933
0.221757 0.746397
0.373512 0.594693
0.355281 0.836542
0.399063 0.256598
0.0654848 0.651653
0.260836 0.493655
0.987907 0.108579
0.748478 0.172162
0.621125 0.346563
0.740461 0.207826
0.826442 0.810667
0.433865 0.458614
0.098643 0.9902
0.552923 0.363271
0.427085 0.847597
0.681661 0.649263
0.594407 0.0551755
0.243852 0.950044
0.891398 0.642862
0.206108 0.956586
0.294671 0.4672
0.450597 0.283235
0.575733 0.198709
0.455118 0.197068
0.545521 0.195744
0.405006 0.37198
0.00587644 0.838291
0.830558 0.101688
0.829369 0.383792
0.46478 0.256859
0.231537 0.146225
0.905805 0.825982
0.201364 0.149907
0.775869 0.0929104
0.795556 0.922472
0.0497041 0.0877653
0.449486 0.500053
0.370898 0.0242449
0.699056 0.826274
0.222101 0.244661
0.0223252 0.627093
0.616643 0.0285569
0.465658 0.447412
0.130356 0.29537
0.831275 0.594987
0.551667 0.0630377
0.741111 0.457753
0.888972 0.942444
0.607705 0.664706
0.0358503 0.401163
0.646941 0.0848992
0.488283 0.0961869
0.585192 0.859614
0.121569 0.284395
0.685629 0.34378
0.52883 0.707773
0.970274 0.145549
0.736357 0.436327
0.59282 0.866711
0.731305 0.4241
0.461797 0.283134
0.487114 0.202577
0.74095 0.376142
0.145174 0.348785
0.0410022 0.180548
0.749258 0.687923
0.265427 0.23765
0.784035 0.8506
0.0971733 0.905622
0.134691 0.782984
0.249726 0.663771
0.490755 0.22027
0.808847 0.227169
0.656556 0.401728
0.0939127 0.3881
0.826065 0.555621
0.671025 0.313437
0.758078 0.411815
0.689459 0.903053
0.760411 0.730252
0.0835171 0.509731
0.418251 0.349005
0.747685 0.202015
0.199354 0.84505
0.107875 0.33456
0.627721 0.35714
0.997426 0.118981
0.577297 0.807104
0.346028 0.23383
0.208749 0.439674
0.621816 0.0347765
0.995074 0.29254
0.348502 0.752498
0.704231 0.037401
0.656001 0.464893
0.767781 0.739771
0.974487 0.185675
0.0884645 0.722177
0.387925 0.288185
0.567039 0.495787
0.622505 0.194748
0.852797 0.62038
0.313287 0.430257
0.427351 0.658887
0.663946 0.635915
0.0988597 0.285857
0.670695 0.093675
0.578496 0.0188214
0.84637 0.282956
0.0563142 0.502385
0.747882 0.82421
0.242188 0.722686
0.5 0.5
0.444582 0.397978
0.618768 0.0118034
0.893253 0.241361
0.20651 0.746185
0.861782 0.519916
0.176531 0.288828
0.178745 0.840381
0.924808 0.277566
0.126129 0.595639
0.371093 0.703891
0.614345 0.217691
0.987963 0.670073
0.720376 0.735602
0.495109 0.962559
0.458183 0.504629
0.293314 0.903067
0.902344 0.91233
0.914786 0.795945
0.153907 0.120912
0.541993 0.0154872
0.640802 0.718646
0.304519 0.819642
0.558785 0.229166
0.0972762 0.684987
0.824655 0.468713
0.389677 0.439104
0.686088 0.377292
0.109984 0.406614
0.112791 0.604524
0.369063 0.570874
0.10914 0.66242
0.474092 0.0117071
0.574939 0.388655
0.80731 0.728305
0.509765 0.349481
0.743898 0.150583
0.0677219 0.0483437
0.970127 0.626293
0.277775 0.0675845
0.311458 0.102605
0.536126 0.700968
0.541518 0.222419
0.0782708 0.651157
0.628864 0.191122
0.25563 0.998054
0.762414 0.364905
0.660375 0.236201
0.37658 0.235237
0.624674 0.183878
0.963176 0.134678
0.533091 0.707719
0.285274 0.600886
0.756197 0.255468
0.227449 0.0335185
0.323219 0.538724
0.136007 0.859207
0.239865 0.677682
0.0816524 0.318163
0.328703 0.710491
0.509447 0.584412
0.708633 0.271393
0.949881 0.368978
0.507607 0.326005
0.60404 0.132489
0.509737 0.567676
0.266832 0.0431308
0.275701 0.552162
0.64377 0.0315606
0.807468 0.870836
0.0651301 0.130581
0.409693 0.201088
0.989836 0.649086
0.87856 0.0715759
0.967668 0.207432
0.781816 0.477034
0.791661 0.490524
0.748362 0.741242
0.859461 0.256051
0.0675006 0.463762
0.388383 0.576672
0.0315233 0.655205
0.619903 0.306951
0.207308 0.263456
0.337999 0.0143691
0.134713 0.40349
0.144924 0.544197
0.604357 0.134878
0.193862 0.483129
0.206152 0.161262
0.690181 0.988113
0.638337 0.481999
0.478708 0.387096
0.223285 0.338318
0.642828 0.290586
0.801622 0.0311896
0.867223 0.833429
0.686294 0.487198
0.140219 0.893532
0.750415 0.478709
0.908001 0.885199
0.882242 0.053188
0.429396 0.48638
0.18798 0.623446
0.969962 0.394126
0.784647 0.659659
0.382183 0.422865
0.141517 0.860894
0.809803 0.364757
0.19902 0.452631
0.655488 0.000905224
0.483593 0.522845
0.834327 0.169873
0.0280655 0.985197
0.0634159 0.760988
0.454569 0.973578
0.646056 0.335557
0.0246746 0.075593
0.821961 0.212523
0.698629 0.791269
0.606872 0.483278
0.453043 0.991206
0.905921 0.592599
0.849925 0.715633
0.957608 0.0488338
0.168131 0.612847
0.0499112 0.651355
0.135843 0.884212
0.821464 0.145891
0.858656 0.885197
0.906863 0.312351
0.856288 0.553041
0.647905 0.881311
0.628406 0.470037
0.0937658 0.3269
0.261129 0.700588
0.81029 0.712532
0.689126 0.716101
0.305192 0.539115
0.431819 0.262693
0.588152 0.59962
0.875803 0.637964
0.2513 0.012085
0.521957 0.0726599
0.158104 0.381149
0.957528 0.0644989
0.693261 0.813916
0.617643 0.341077
0.694768 0.246162
0.811149 0.788693
0.572908 0.072263
0.488785 0.382972
0.784664 0.178036
0.0989052 0.089619
0.717429 0.530831
0.353001 0.305416
0.129949 0.228557
0.943692 0.381339
0.240058 0.465563
0.45387 0.398198
0.845872 0.411617
0.462818 0.53956
0.225362 0.080561
0.880784 0.920031
0.326628 0.691973
0.708752 0.899395
0.764205 0.197473
0.28226 0.548832
0.375717 0.381279
0.638671 0.0927329
0.911679 0.99128
0.397926 0.0414801
0.219479 0.341379
0.423457 0.459641
0.806644 0.877222
0.857848 0.653017
0.288443 0.320648
0.192857 0.514394
0.400831 0.0729113
0.43368 0.727317
0.765388 0.142683
0.627231 0.52967
0.340236 0.90948
0.0785591 0.715679
0.290835 0.717753
0.808601 0.202589
0.708721 0.207035
0.2446 0.928312
0.548116 0.668192
0.38849 0.354859
0.54543 0.246064
0.00820839 0.834089
0.566916 0.200519
0.34801 0.968327
0.274262 0.782392
0.695979 0.0400445
0.925308 0.323037
0.569692 0.265183
0.232984 0.648741
0.971206 0.525648
0.365066 0.789426
0.725758 0.0748731
0.995854 0.970753
0.00306198 0.544308
0.638511 0.39124
0.898524 0.18384
0.637783 0.906932
0.0182999 0.204379
0.107525 0.366465
0.172763 0.381771
0.148619 0.868409
0.421439 0.0732346
0.191469 0.991476
0.339005 0.424207
0.640254 0.31992
0.947633 0.00609066
0.109498 0.673557
0.0810519 0.105591
0.644084 0.0837315
0.649791 0.282643
0.475076 0.548689
0.466543 0.112589
0.455592 0.484781
0.317198 0.562878
0.851211 0.489723
0.944477 0.999716
