0.977516 0.490802
0.426094 0.585041
0.96777 0.120397
0.778639 0.484469
0.927066 0.528075
0.000591804 0.591793
0.964491 0.117119
0.181852 0.782947
0.858631 0.659607
0.075068 0.421854
0.505395 0.315954
0.533703 0.650854
0.904305 0.303679
0.745795 0.83101
0.870531 0.854387
0.218839 0.848037
0.345274 0.644933
0.433082 0.30374
0.789559 0.211062
0.788337 0.716378
0.739303 0.788929
0.308173 0.693737
0.931428 0.489972
0.476683 0.790062
0.149642 0.551751
0.211916 0.655024
0.867705 0.745615
0.305878 0.768693
0.0563464 0.0516723
0.599702 0.926878
0.906059 0.818539
0.775545 0.251222
0.463478 0.207993
0.555109 0.252794
0.419188 0.343411
0.974591 0.137089
0.13234 0.277338
0.860374 0.0365012
0.769102 0.328028
0.853834 0.917004
0.883475 0.0502719
0.572028 0.748362
0.811369 0.877906
0.517054 0.867715
0.957364 0.0824994
0.794593 0.835638
0.935291 0.569488
0.0869725 0.398772
0.777502 0.642044
0.651666 0.196811
0.985452 0.620699
0.355174 0.117798
0.897455 0.167231
0.181569 0.665423
0.536303 0.0354039
0.582435 0.41696
0.101154 0.154455
0.165323 0.912523
0.0323614 0.682378
0.780238 0.96194
0.79913 0.574819
0.797579 0.734431
0.144339 0.884551
0.133205 0.92184
0.526597 0.784763
0.118526 0.512055
0.405487 0.473698
0.629937 0.303597
0.681095 0.811422
0.968226 0.19721
0.846788 0.551302
0.634359 0.94798
0.705852 0.799682
0.860504 0.73821
0.48206 0.640741
0.701165 0.28131
0.215573 0.497732
0.0156268 0.359912
0.382283 0.148832
0.281753 0.908879
0.933384 0.399795
0.420939 0.33908
0.873142 0.0584193
0.642627 0.55507
0.862202 0.611582
0.772469 0.709035
0.162994 0.406828
0.657016 0.868846
0.206511 0.517519
0.60706 0.688571
0.15826 0.307213
0.969422 0.373375
0.804945 0.985392
0.733783 0.187208
0.134223 0.015498
0.0961062 0.0678175
0.415777 0.517041
0.406902 0.289753
0.567828 0.049525
0.844424 0.428503
0.661122 0.617293
0.139074 0.824115
0.024122 0.79609
0.693222 0.230807
0.313609 0.300021
0.919219 0.471801
0.607234 0.888968
0.844837 0.410427
0.874335 0.579419
0.599407 0.0085865
0.594945 0.695512
0.076401 0.0107218
0.212552 0.483298
0.300475 0.780381
0.532833 0.145316
0.210419 0.193944
0.764564 0.348689
0.0180584 0.786715
0.145583 0.711019
0.017348 0.459192
0 0.913815
0.931052 0.618252
0.825522 0.776761
0.030452 0.69988
0.35621 0.629857
0.708463 0.951155
0.325369 0.784864
0.961866 0.537885
0.268163 0.262352
0.318302 0.800986
0.407652 0.528721
0.996961 0.153693
0.864756 0.0937586
0.95437 0.0989327
0.724007 0.974309
0.482989 0.735047
0.910854 0.413855
0.35332 0.73638
0.190812 0.383772
0.43626 0.547021
0.0136295 0.144723
0.498198 0.338995
0.929597 0.459928
0.885767 0.13854
0.722455 0.195236
1 0.115885
0.723944 0.993665
0.300303 0.602158
0.00665308 0.257264
0.625955 0.73066
0.231572 0.108943
0.465709 0.142433
0.522992 0.819027
0.878812 0.713796
0.202799 0.315071
0.260826 0.216428
0.459794 0.759002
0.555442 0.389378
0.219056 0.432347
0.587131 0.941462
0.627571 0.585866
0.07152 0.351513
0.579578 0.371819
0.953665 0.586164
0.629088 0.579624
0.316845 0.860659
0.688568 0.782552
0.00309091 0.211561
0.601579 0.881903
0.925364 0.804376
0.196974 0.18619
0.0208064 0.656768
0.945187 0.576212
0.0461486 0.164249
0.0085805 0.63328
0.105711 0.63615
0.219147 0.177231
0.987662 0.798676
0.549054 0.941333
0.384865 0.178141
0.520958 0.701709
0.0387993 0.209527
0.484261 0.0418917
0.421089 0.0858407
0.923993 0.343709
0.931633 0.0577079
0.532642 0.911025
0.77798 0.477721
0.487258 0.823683
0.642084 0.495838
0.456962 0.747794
0.131988 0.676109
0.952573 0.0826762
0.47479 0.474076
0.0609846 0.859652
0.652221 0.581941
0.561361 0.691018
0.790369 0.0454484
0.733116 0.212487
0.131462 0.656701
0.559009 0.021681
0.777453 0.0916738
0.932696 0.554982
0.569491 0.419959
0.378685 0.211568
0.915802 0.835645
0.953716 0.0752071
0.511756 0.884385
0.169799 0.98885
0.358464 0.228426
0.832837 0.0822743
0.809509 0.40685
0.701702 0.601835
0.453181 0.434607
0.81439 0.584621
0.0913099 0.373404
0.606321 0.868777
0.465055 0.539027
0.423779 0.0345396
0.958989 0.80246
0.246107 0.874791
0.638163 0.205522
0.937139 0.107439
0.0898531 0.090023
0.136409 0.448317
0.318449 0.982605
0.459002 0.128819
0.390162 0.1607
0.730657 0.843339
0.595309 0.545052
0.42798 0.686618
0.915575 0.0930596
0.555426 0.383508
0.573328 0.979175
0.418052 0.532317
0.781638 0.664156
0.407111 0.419747
0.873097 0.323893
0.569614 0.959479
0.419714 0.706023
0.407796 0.738163
0.688628 0.866795
0.884321 0.0340283
0.0274943 0.597638
0.922119 0.622779
0.142691 0.350108
0.309421 0.0611481
0.384409 0.864817
0.44466 0.957737
0.843992 0.862711
0.490055 0.625629
0.52687 0.897164
0.0453775 0.396496
0.226855 0.614991
0.355974 0.646568
0.321014 0.76377
0.384731 0.00964197
0.630595 0.25176
0.0884304 0.658059
0.835695 0.0836949
0.280862 0.992041
0.360666 0.590283
0.0531887 0.745075
0.4551 0.497848
0.704145 0.299041
0.360561 0.192866
0.924721 0.887428
0.0972052 0.982632
0.283925 0.316885
0.585089 0.639899
0.963453 0.906103
0.403673 0.348184
0.912922 0.0938173
0.599897 0.00417665
0.692299 0.44925
0.0262332 0.944155
0.44129 0.375399
0.563439 0.494475
0.120474 0.0185376
0.992323 0.823283
0.317629 0.352885
0.0161517 0.242348
0.240314 0.106182
0.212446 0.52424
0.423067 0.797535
0.164139 0.38652
0.703648 0.567803
0.734705 0.619382
0.602153 0.334633
0.623629 0.294385
0.783848 0.63829
0.267493 0.225135
0.0136917 0.830931
0.719615 0.134185
0.84947 0.711932
0.960293 0.141008
0.0698655 0.98163
0.40945 0.305136
0.0797847 0.621891
0.829863 0.502165
0.418705 0.992994
0.932971 0.0584447
0.561323 0.624074
0.742467 0.163358
0.958403 0.365524
0.457704 0.742523
0.00429918 0.725196
0.965163 0.104755
0.556128 0.687269
0.152157 0.405596
0.399207 0.109608
0.572695 0.464025
0.0898341 0.974811
0.769183 0.162985
0.604031 0.598538
0.665849 0.0234628
0.592053 0.555217
0.146521 0.153375
0.179292 0.888968
0.316743 0.137967
0.254975 0.774445
0.883247 0.240983
0.499642 0.848148
0.277265 0.0557694
0.535423 0.429414
0.461366 0.934623
0.539029 0.0340591
0.39865 0.62224
0.0161976 0.167812
0.785238 0.620224
0.766438 0.451157
0.64393 0.358464
0.00629819 0.790204
0.511789 0.185606
0.679173 0.828519
0.323557 0.934148
0.603022 0.204067
0.193422 0.102606
0.0521955 0.470687
0.158375 0.587613
0.900101 0.619718
0.522241 0.439132
0.653799 0.920885
0.0613776 0.669997
0.0886977 0.846612
0.290225 0.855048
0.297694 0.933909
0.21345 0.303992
0.724113 0.725227
0.489586 0.403282
0.553747 0.813139
0.337435 0.156711
0.0171866 0.530856
0.259317 0.0693821
0.00154254 0.417692
0.656995 0.901651
0.0374327 0.17923
0.340789 0.691232
0.100116 0.402167
0.36123 0.188814
0.248779 0.651454
0.0438613 0.546473
0.585404 0.257343
0.855649 0.302221
0.982591 0.339857
0.712768 0.536282
0.153185 0.0501948
0.693024 0.17042
0.58105 0.952314
0.239754 0.582593
0.370006 0.896749
0.484247 0.407436
0.0759789 0.825033
0.0986712 0.176095
0.2272 0.4599
0.364909 0.475979
0.111354 0.408769
0.0224515 0.696717
0.666081 0.872916
0.00619214 0.64862
0.212962 0.718953
0.184907 0.366147
0.769148 0.877904
0.536549 0.350192
0.830221 0.776271
0.933487 0.16904
0.673049 0.417032
0.607664 0.749
0.242069 0.706335
0.925107 0.469184
0.166235 0.290003
0.940962 0.264329
0.698772 0.967699
0.973999 0.364454
0.840615 0.980499
0.0134735 0.0535764
0.69954 0.198476
0.419725 0.4686
0.0821915 0.999605
0.818799 0.906502
0.732516 0.75159
0.106727 0.405537
0.168625 0.71439
0.154537 0.410694
0.420727 0.0796321
0.879942 0.586932
0.369635 0.825209
0.873564 0.0374553
0.792908 0.838857
0.43326 0.633523
0.819432 0.445863
0.6871 0.518807
0.645116 0.106851
0.9874 0.721383
0.063065 0.806206
0.627899 0.79558
0.557796 0.734626
0.201117 0.726421
0.449023 0.355652
0.137115 0.869742
0.435286 0.0170776
0.456703 0.80492
0.846303 0.314727
0.873323 0.635178
0.16011 0.306587
0.268717 0.979466
0.753321 0.955816
0.498281 0.398429
0.0626388 0.485681
0.119832 0.125704
0.291887 0.747731
0.921284 0.849681
0.482363 0.122404
0.576104 0.931374
0.478055 0.713219
0.801116 0.91334
0.731045 0.257637
0.718268 0.572577
0.579074 0.591587
0.207778 0.739183
0.898187 0.476441
0.71865 0.651494
0.432314 0.216923
0.0499293 0.49495
0.702628 0.169798
0.620654 0.99449
0.917486 0.541919
0.842723 0.397283
0.664366 0.420267
0.331225 0.142393
0.133497 0.13234
0.0557335 0.863793
0.390159 0.773994
0.436377 0.969232
0.365581 0.644155
0.709235 0.263792
0.12065 0.427064
0.915239 0.552942
0.643987 0.965179
0.0479123 0.34659
0.13494 0.668567
0.34108 0.0524327
0.210505 0.185253
0.452282 0.874844
0.60553 0.783505
0.0172375 0.739027
0.897392 0.0810202
0.602892 0.306052
0.844016 0.0561335
0.275236 0.212545
0.683352 0.98365
0.4763 0.804002
0.410717 0.39155
0.356964 0.054701
0.356731 0.404875
0.401291 0.49167
0.0734426 0.742371
0.54412 0.283946
0.927624 0.996384
0.158791 0.533154
0.779962 0.175974
0.272181 0.695735
0.249 0.875001
0.00173922 0.0959643
0.911843 0.265457
0.30851 0.59755
0.260625 0.78481
0.401551 0.671339
0.17636 0.758515
0.726054 0.533054
0.163391 0.127331
0.0247606 0.236834
0.869676 0.568835
0.520781 0.797326
0.565248 0.679572
0.330481 0.345138
0.85559 0.602638
0.0408735 0.104601
0.477663 0.0426146
0.200565 0.391861
0.319588 0.509074
0.989404 0.580181
0.293885 0.390962
0.251552 0.470245
0.158828 0.973523
0.00333524 0.312868
0.104924 0.0280958
0.549701 0.974626
0.596959 0.0704821
0.771973 0.162187
0.750051 0.102442
0.507346 0.605655
0.705104 0.548215
0.710284 0.182802
0.590832 0.910821
0.574617 0.910419
0.419895 0.564027
0.490632 0.71378
0.954989 0.742179
0.184025 0.104466
0.719816 0.18738
0.417334 0.8247
0.216103 0.966107
0.799327 0.812414
0.0375169 0.571278
0.974621 0.787568
0.673711 0.481967
0.393229 0.378803
0.0301863 0.103482
0.56156 0.621018
0.0143028 0.136176
0.531443 0.434191
0.700207 0.0220932
0.147978 0.655193
0.766033 0.33115
0.760213 0.484222
0.519376 0.177009
0.30873 0.734818
0.144027 0.108056
0.547243 0.181566
0.679336 0.521855
0.968932 0.352631
0.00382181 0.362341
0.731854 0.0340241
0.465829 0.29341
0.655027 0.480125
0.429585 0.186463
0.942363 0.084353
0.208532 0.0623019
0.78498 0.972785
0.394305 0.544638
0.456814 0.913666
0.721631 0.765543
0.648484 0.865657
0.888841 0.135513
0.0472011 0.552933
0.717574 0.0163355
0.905977 0.721385
0.378657 0.637823
0.755401 0.844481
0.9312 0.410192
0.324607 0.360814
0.596928 0.238952
0.490601 0.805422
0.301233 0.27558
0.778207 0.695536
0.82072 0.234555
0.609204 0.541849
0.00056324 0.257688
0.407507 0.874162
0.453405 0.454707
0.427097 0.170976
0.471032 0.333073
0.892368 0.84968
0.970889 0.647748
0.694162 0.902125
0.0581958 0.0187691
0.262939 0.655086
0.2577 0.753539
0.460508 0.558934
0.0291196 0.238714
0.254471 0.849338
0.473734 0.863675
0.391188 0.474297
0.121362 0.798694
0.348459 0.574766
0.253402 0.775554
0.745742 0.724425
0.108625 0.63811
0.574107 0.0795197
0.285879 0.268269
0.981592 0.343847
0.287038 0.244583
0.999135 0.544687
0.998121 0.459497
0.103672 0.0272418
0.699208 0.357585
0.894828 0.109818
0.221818 0.267768
0.646623 0.34324
0.0767754 0.959451
0.921331 0.31377
0.770425 0.663686
0.0442894 0.87905
0.301798 0.618396
0.958565 0.587654
0.886665 0.940213
0.937996 0.138563
0.184796 0.930912
0.718473 0.18294
0.390579 0.822113
0.21016 0.0889606
0.180256 0.0867405
0.261076 0.402074
0.354508 0.907487
0.744733 0.421431
0.902358 0.663185
0.740835 0.672782
0.326889 0.785123
0.551833 0.628687
0.40352 0.510402
0.216364 0.290184
0.450618 0.148116
0.463888 0.635412
0.0790269 0.182329
0.81872 0.468829
0.00444215 0.0284909
0.55858 0.184728
0.115231 0.819642
0.586773 0.469739
0.728758 0.331829
0.890704 0.629469
0.995222 0.631517
0.302272 0.322116
0.416667 0.854104
0.950802 0.820183
0.364507 0.167167
0.11037 0.815122
0.315282 0.574258
0.450536 0.394309
0.757576 0.268745
0.863917 0.761024
0.297355 0.422482
0.945645 0.412291
0.242125 0.5325
0.882326 0.969255
0.864528 0.773032
0.598743 0.859754
0.404579 0.901015
0.18187 0.821246
0.755128 0.132673
0.641436 0.119658
0.299841 0.751802
0.934741 0.615104
0.32606 0.385281
0.00943234 0.0826467
0.654145 0.873348
0.843675 0.9515
0.29583 0.789403
0.364087 0.537955
0.321903 0.246412
0.50722 0.186442
0.0194479 0.105953
0.0461833 0.424027
0.00696819 0.228053
0.245273 0.762087
0.360727 0.886705
0.881713 0.660553
0.638507 0.81646
0.27569 0.964567
0.201741 0.285123
0.0472136 0.855886
0.158471 0.890889
0.807542 0.453688
0.68032 0.171522
0.989066 0.120581
0.417885 0.499466
0.188624 0.437332
0.605458 0.23483
0.861351 0.612373
0.462863 0.106633
0.374475 0.823587
0.988229 0.245907
0.484155 0.631843
0.0726485 0.759845
0.596448 0.274432
0.0449682 0.643624
0.130275 0.203439
0.534513 0.937661
0.65783 0.214905
0.109132 0.649996
0.216999 0.527016
0.149463 0.405623
0.96435 0.754877
0.64043 0.825707
0.367272 0.10329
0.932338 0.741743
0.926877 0.925675
0.99777 0.410703
0.557518 0.0705846
0.170878 0.153929
0.344973 0.215846
0.797988 0.474761
0.41929 0.332066
0.41291 0.0770255
0.546871 0.52204
0.727022 0.763869
0.0490574 0.876484
0.169492 0.0134056
0.631367 0.809922
0.839113 0.998638
0.913213 0.771448
0.740384 0.84009
0.697128 0.738319
0.251122 0.254647
0.808454 0.421338
0.408578 0.153875
0.637898 0.206183
0.629127 0.0571416
0.538195 0.0420311
0.134156 0.085066
0.564072 0.861177
0.848929 0.613118
0.737664 0.0184427
0.626615 0.36903
0.828725 0.464726
0.367667 0.741562
0.2371 0.108051
0.581652 0.934227
0.84637 0.832774
0.188874 0.655272
0.254774 0.59745
0.809147 0.89262
0.803481 0.437699
0.949448 0.340139
0.480302 0.0839085
0.42684 0.0443719
0.940906 0.26273
0.657501 0.682746
0.294204 0.284036
0.0517748 0.122554
0.749164 0.419882
0.864117 0.986783
0.527497 0.445764
0.920994 0.372779
0.278543 0.109884
0.0291355 0.533317
0.707334 0.838282
0.425938 0.510913
0.276552 0.375688
0.852689 0.756848
0.459601 0.279529
0.800337 0.404146
0.555306 0.458722
0.0874249 0.849508
0.742769 0.139208
0.972071 0.492368
0.558641 0.836179
0.479231 0.086137
0.281948 0.400237
0.459998 0.560491
0.510124 0.489128
0.0938087 0.217455
0.327416 0.519746
0.728369 0.603966
0.895415 0.581029
0.36082 0.355029
0.913223 0.106778
0.759103 0.416144
0.620767 0.847133
0.265396 0.363527
0.982706 0.227481
0.855932 0.544915
0.0736376 0.335198
0.631232 0.355611
0.735429 0.0911202
0.916978 0.224101
0.58024 0.00988625
0.463012 0.907655
0.529643 0.1914
0.511627 0.42506
0.772436 0.872441
0.780098 0.633017
0.0344836 0.539804
0.0489078 0.655251
0.386941 0.314304
0.0187779 0.373271
0.551762 0.874749
0.918238 0.625376
0.209947 0.549354
0.980985 0.945382
0.640461 0.897062
0.190938 0.220701
0.906945 0.65393
0.128356 0.43658
0.845329 0.639969
0.861639 0.617751
0.51242 0.641741
0.250787 0.546903
0.181546 0.299694
0.202154 0.568483
0.614044 0.220961
0.947044 0.133424
0.0956806 0.859999
0.793697 0.305168
0.409353 0.772144
0.251009 0.0498141
0.669213 0.441944
0.270515 0.576155
0.0958972 0.398871
0 0.924279
0.0388491 0.87438
0.558995 0.551268
0.516122 0.809781
0.0981719 0.697668
0.109475 0.300326
0.266151 0.723473
0.521264 0.207923
0.889225 0.616918
0.0679033 0.680392
0.922578 0.477195
0.452541 0.173576
0.527075 0.121754
0.615522 0.797585
0.697899 0.711419
0.196456 0.710633
0.652715 0.235376
0.585054 0.211649
0.786579 0.101109
0.0191813 0.87606
0.798816 0.130877
0.185071 0.0649533
0.854371 0.706324
0.272858 0.743603
0.323267 0.340761
0.423999 0.245832
0.818018 0.876532
0.41941 0.345088
0.995364 0.0883687
0.142673 0.696174
0.748084 0.338581
0.406808 0.398993
0.574434 0.99182
0.610734 0.361026
0.0929549 0.632056
0.245754 0.891757
0.762659 0.430984
0.956705 0.6173
0.137154 0.229568
0.360925 0.46042
0.570329 0.78492
0.706159 0.388166
0.661456 0.125706
0.733436 0.659727
0.160587 0.876108
0.355902 0.906934
0.215237 0.762709
0.305928 0.789671
0.754528 0.916562
0.150679 0.847483
0.548631 0.396428
0.740847 0.311158
0.827259 0.695949
0.928891 0.964412
0.923954 0.280186
0.424834 0.495849
0.0747357 0.131085
0.884197 0.736183
0.256744 0.617631
0.395917 0.41733
0.493739 0.751817
0.324265 0.708976
0.514526 0.630192
0.498658 0.269056
0.546754 0.649326
0.116538 0.0953716
0.0457595 0.855778
0.406941 0.873018
0.551775 0.335827
0.837895 0.476276
0.625678 0.262305
0.973087 0.700371
0.393347 0.857296
0.436571 0.650091
0.474927 0.832487
0.0715915 0.984429
0.584336 0.391677
0.677641 0.0988635
0.0218787 0.176289
0.367885 0.568633
0.826152 0.483524
0.664005 0.871375
0.340201 0.0709458
0.744393 0.891931
0.406778 0.581822
0.369181 0.0324257
0.847895 0.336866
0.733348 0.237314
0.199576 0.169381
0.887524 0.67449
