0.661785 0.826356
0.277392 0.214564
0.839636 0.216217
0.430727 0.29582
0.594898 0.316985
0.579675 0.128724
0.466033 0.521377
0.0670758 0.51635
0.427554 0.981304
0.222243 0.983918
0.486164 0.531308
0.0206341 0.514894
0.523974 0.24708
0.0157779 0.780959
0.956051 0.307528
0.773767 0.618511
0.133787 0.0501395
0.827895 0.975015
0.266352 0.262657
0.269702 0.861153
0.580054 0.84903
0.989954 0.0452648
0.370289 0.0565066
0.562412 0.797566
0.0381734 0.784656
0.78135 0.524518
0.31578 0.801886
0.0390871 0.83982
0.0489025 0.0548557
0.620933 0.00519921
0.362869 0.393948
0.622597 0.496898
0.443805 0.454722
0.47042 0.710096
0.717294 0.740395
0.571258 0.297263
0.589375 0.560502
0.34315 0.959489
0.620119 0.904112
0.757725 0.656324
0.690071 0.538855
0.179678 0.00640769
0.340323 0.218875
0.845573 0.390445
0.273728 0.466372
0.39483 0.636707
0.860467 0.0170759
0.13354 0.304588
0.472357 0.603518
0.0147092 0.189838
0.343766 0.585928
0.488309 0.932213
0.146078 0.830401
0.892674 0.763463
0.736428 0.65057
0.418904 0.425667
0.188687 0.59802
0.431534 0.528997
0.816928 0.277131
0.91854 0.0905735
0.743645 0.313242
0.728082 0.604589
0.330939 0.860847
0.909009 0.802719
0.46507 0.923085
0.992893 0.808616
0.509297 0.479845
0.742167 0.656299
0.309837 0.634386
0.4191 0.0460487
0.284411 0.838307
0.471412 0.472854
0.436665 0.903322
0.00212729 0.253778
0.180424 0.920841
0.344489 0.924149
0.234241 0.0717351
0.528451 0.564669
0.932465 0.437263
0.36772 0.397263
0.360185 0.360361
0.206012 0.869393
0.838845 0.947635
0.525097 0.150354
0.584593 0.943964
0.196409 0.866185
0.782555 0.66977
0.338791 0.21876
0.571043 0.340873
0.471895 0.751438
0.261769 0.81646
0.675511 0.496049
0.888041 0.203871
0.0607514 0.821026
0.640658 0.428836
0.218419 0.000984638
0.789036 0.424127
0.87025 0.629703
0.371451 0.395312
0.75657 0.977392
0.3396 0.975824
0.819204 0.121922
0.643959 0.157935
0.340777 0.215067
0.499068 0.813014
0.966369 0.76089
0.629046 0.641933
0.256692 0.517169
0.845738 0.317387
0.338164 0.486619
0.746341 0.556448
0.487519 0.535169
0.9801 0.357651
0.164668 0.351937
0.731405 0.964299
0.304654 0.0930575
0.920188 0.123984
0.214911 0.56426
0.282135 0.555351
0.776281 0.78732
0.368265 0.745791
0.541951 0.997103
0.388279 0.798363
0.514832 0.233479
0.115791 0.852884
0.726275 0.860719
0.409399 0.207316
0.397562 0.389617
0.565431 0.562405
0.741282 0.318267
0.506825 0.0461016
0.411179 0.427461
0.170432 0.625959
0.991941 0.452433
0.181487 0.771436
0.233377 0.549452
0.516986 0.775296
0.54975 0.904865
0.573868 0.0620078
0.138645 0.689942
0.914899 0.858966
0.552283 0.324052
0.0661297 0.95
0.714388 0.631769
0.511848 0.45505
0.949853 0.0187977
0.50142 0.361179
0.446073 0.671687
0.98709 0.438263
0.124063 0.168954
0.209441 0.357411
0.71854 0.727007
0.132865 0.265935
0.631381 0.70679
0.328042 0.770539
0.396441 0.242737
0.633029 0.945432
0.567128 0.695341
0.898092 0.281123
0.326431 0.410162
0.735938 0.276271
0.428876 0.237571
0.639073 0.874568
0.909158 0.624671
0.313258 0.0331858
0.793296 0.522591
0.390745 0.512021
0.249241 0.523404
0.691701 0.879521
0.230016 0.10575
0.651225 0.626467
0.348558 0.27999
0.577177 0.915725
0.97542 0.473081
0.19677 0.301639
0.882772 0.933347
0.577997 0.312004
0.170341 0.215771
0.186941 0.0798353
0.840062 0.500303
0.113148 0.633513
0.023191 0.503435
0.145694 0.272343
0.0271539 0.923678
0.153186 0.257185
0.0292952 0.804287
0.883493 0.378042
0.084363 0.458032
0.293612 0.059355
0.931243 0.490539
0.361402 0.814286
0.423301 0.939027
0.126488 0.593718
0.154754 0.313511
0.682945 0.900231
0.808711 0.796253
0.628852 0.836955
0.289858 0.774313
0.109119 0.317017
0.697612 0.262121
0.57397 0.72688
0.0664913 0.457297
0.104887 0.150939
0.915499 0.398986
0.210426 0.847224
0.888727 0.571852
0.661429 0.311832
0.510782 0.787891
0.905629 0.665399
0.101457 0.578852
0.664536 0.909713
0.365294 0.288593
0.752283 0.655722
0.0627446 0.860832
0.971628 0.760556
0.122776 0.545741
0.487423 0.189733
0.00386364 0.591853
0.340375 0.919206
0.990448 0.550517
0.69769 0.879127
0.122182 0.427734
0.191619 0.632188
0.215794 0.097077
0.298543 0.31673
0.683253 0.941953
0.231952 0.0412518
0.247277 0.983605
0.69587 0.310283
0.844699 0.669191
0.0709282 0.967437
0.213819 0.557842
0.156587 0.217224
0.150264 0.496637
0.136561 0.141051
0.0472466 0.903082
0.0199556 0.169215
0.331174 0.211149
0.801947 0.546881
0.308094 0.0999028
0.862593 0.984327
0.0581892 0.0958585
0.0256778 0.30542
0.0796977 0.72139
0.619114 0.92285
0.388985 0.686437
0.891195 0.603033
0.244486 0.0481728
0.819793 0.394927
0.546556 0.955977
0.53574 0.591877
0.859456 0.555825
0.761562 0.190618
0.767055 0.563407
0.737517 0.0753231
0.663115 0.601554
0.0593527 0.721354
0.697552 0.0848288
0.0269429 0.77726
0.806436 0.645038
0.701128 0.195245
0.329153 0.592786
0.798083 0.573875
0.640808 0.618104
0.968502 0.185686
0.574654 0.504136
0.777856 0.434142
0.0598553 0.539038
0.625044 0.826657
0.102233 0.362234
0.901731 0.765272
0.96346 0.961178
0.48665 0.661222
0.0460927 0.513322
0.438391 0.852078
0.156331 0.14008
0.0473659 0.485153
0.721773 0.84101
0.0589414 0.373188
0.463059 0.0277288
0.559057 0.0376306
0.531753 0.336874
0.471852 0.591034
0.876246 0.0963819
0.417874 0.978335
0.45878 0.319458
0.743863 0.422545
0.280586 0.230378
0.0838584 0.326483
0.744172 0.52248
0.178253 0.900368
0.662294 0.225897
0.38557 0.394735
0.0708692 0.44419
0.768022 0.534141
0.472181 0.327217
0.57187 0.00379792
0.664359 0.0435381
0.594978 0.540499
0.140252 0.0130055
0.519092 0.598099
0.33189 0.262908
0.0213146 0.612736
0.493581 0.105208
0.939031 0.237487
0.627634 0.117928
0.137841 0.289886
0.343106 0.523458
0.684413 0.4141
0.967539 0.45265
0.948043 0.440262
0.779585 0.519849
0.443616 0.443847
0.563331 0.0385541
0.984006 0.703361
0.0514358 0.502903
0.302128 0.383337
0.765856 0.323396
0.995829 0.259032
0.428604 0.934976
0.496741 0.0559354
0.0530441 0.634724
0.3455 0.395849
0.157993 0.0303001
0.809919 0.125785
0.482232 0.758247
0.565434 0.262211
0.278096 0.00868972
0.702792 0.840673
0.0478349 0.690429
0.544786 0.0988401
0.193291 0.846678
0.483372 0.958446
0.169952 0.478156
0.218922 0.597998
0.413427 0.715646
0.654021 0.466216
0.350215 0.999319
0.861871 0.508295
0.0296051 0.671973
0.633714 0.512086
0.430217 0.199387
0.773511 0.710266
0.208541 0.479986
0.549371 0.25605
0.170247 0.0941621
0.355253 0.363563
0.94056 0.837498
0.322852 0.110516
0.31571 0.541639
0.708444 0.729227
0.257078 0.362444
0.195589 0.60715
0.361891 0.0574432
0.115291 0.391477
0.728641 0.74958
0.90338 0.159529
0.948399 0.677693
0.867528 0.15662
0.157899 0.416518
0.413019 0.327699
0.510574 0.768134
0.691747 0.451335
0.605673 0.0146163
0.564226 0.921564
0.556161 0.270456
0.650693 0.8137
0.63365 0.846172
0.421167 0.995048
0.903058 0.536617
0.386864 0.632519
0.28482 0.290232
0.791921 0.23347
0.968022 0.659115
0.390061 0.125673
0.0758866 0.80356
0.453696 0.586616
0.571246 0.145289
0.0380663 0.177104
0.159839 0.599709
0.0985907 0.715908
0.870101 0.749076
0.529428 0.503456
0.598349 0.94973
0.49877 0.498175
0.487093 0.885214
0.130703 0.771848
0.175867 0.922646
0.00552672 0.143869
0.58179 0.396174
0.269429 0.657821
0.199621 0.722972
0.244624 0.771045
0.868296 0.282491
0.948444 0.0280995
0.882443 0.0469533
0.74288 0.75546
0.795882 0.273263
0.25643 0.390939
0.223528 0.755245
0.889404 0.709898
0.640904 0.0201827
0.482015 0.81678
0.942785 0.487281
0.960145 0.525021
0.883249 0.229834
0.182503 0.0830888
0.952918 0.42724
0.854697 0.821779
0.706456 0.798223
0.849268 0.592412
0.849074 0.593742
0.344859 0.645411
0.866748 0.601652
0.0364012 0.0903231
0.356881 0.925845
0.800366 1
0.946266 0.281777
0.659582 0.903933
0.766479 0.779562
0.413754 0.652727
0.0045669 0.596278
0.740863 0.949437
0.0236032 0.589464
0.777459 0.736523
0.392037 0.628141
0.325045 0.241456
0.221842 0.669873
0.886819 0.0885009
0.271206 0.923345
0.179049 0.627589
0.848071 0.978872
0.625557 0.795665
0.261827 0.438925
0.684743 0.030581
0.213887 0.098477
0.683348 0.218262
0.6948 0.418673
0.175672 0.717876
0.0081675 0.954286
0.450837 0.400462
0.582696 0.775768
0.642173 0.804232
0.44571 0.528687
0.892692 0.716821
0.452181 0.071717
0.345356 0.301359
0.0509686 0.970267
0.0972452 0.312481
0.409764 0.781036
0.342978 0.623682
0.880338 0.0261424
0.841743 0.575069
0.444929 0.0173628
0.292806 0.453534
0.971326 0.743551
0.854021 0.5546
0.519404 0.496028
0.358835 0.964868
0.0251008 0.251013
0.681877 0.477071
0.322826 0.0267508
0.77809 0.373909
0.99679 0.875411
0.686233 0.406538
0.657413 0.0291751
0.0301616 0.537281
0.0554547 0.871966
0.112305 0.500408
0.889169 0.405022
0.954067 0.861451
0.148674 0.808594
0.41575 0.667937
0.304543 0.774595
0.632922 0.329386
0.0258492 0.314497
0.806403 0.348586
0.341188 0.584658
0.722081 0.338322
0.460364 0.408514
0.74482 0.117785
0.437941 0.775125
0.654971 0.493474
0.646533 0.767232
0.993726 0.536076
0.172004 0.948421
0.397515 0.320287
0.751633 0.81525
0.988647 0.0608492
0.58738 0.621232
0.390709 0.613246
0.935845 0.197237
0.961888 0.277158
0.781776 0.686363
0.615307 0.242288
0.092489 0.36031
0.35965 0.530463
0.135127 0.0147189
0.0237143 0.781858
0.781697 0.0175617
0.318023 0.953769
0.966193 0.715399
0.274423 0.722891
0.528732 0.262509
0.784483 0.116111
0.883833 0.175411
0.723661 0.815675
0.372234 0.690964
0.0970311 0.154304
0.374949 0.712397
0.396439 0.467268
0.0729367 0.756285
0.997953 0.207869
0.770879 0.0217136
0.989637 0.552712
0.0393728 0.307642
0.50654 0.00506075
0.0233046 0.78069
0.728262 0.552149
0.043507 0.512202
0.671472 0.921691
0.687672 0.397041
0.74675 0.0602872
0.0880076 0.844002
0.214739 0.463087
0.556262 0.610831
0.930772 0.629178
0.367537 0.928273
0.836993 0.13829
0.94989 0.827075
0.700355 0.907744
0.13438 0.197658
0.994167 0.157674
0.978526 0.7224
0.709872 0.0216288
0.234889 0.377192
0.948663 0.922321
0.774001 0.69785
0.982071 0.862765
0.539433 0.196591
0.325663 0.0957678
0.807592 0.256331
0.724928 0.175092
0.184916 0.561868
0.313269 0.134859
0.389009 0.00450793
0.123873 0.523468
0.202165 0.118028
0.681677 0.180437
0.839996 0.391325
0.201898 0.0750651
0.768809 0.150821
0.997133 0.543193
0.845003 0.978992
0.405873 0.385482
0.176318 0.731858
0.482084 0.983156
0.988327 0.206233
0.15916 0.173444
0.76822 0.472647
0.307886 0.157341
0.477106 0.431842
0.681326 0.679071
0.549683 0.363022
0.859338 0.389932
0.754219 0.0616182
0.464931 0.523036
0.212422 0.461967
0.0659955 0.0581482
0.441579 0.471908
0.444206 0.618321
0.203793 0.925376
0.602737 0.191977
0.131637 0.761831
0.36556 0.900304
0.234083 0.673314
0.0577108 0.711435
0.105355 0.739002
0.390419 0.655091
0.102222 0.249993
0.0449032 0.856342
0.311098 0.509688
0.379192 0.523208
0.971902 0.44551
0.581511 0.413611
0.917389 0.0255153
0.0318701 0.120937
0.951221 0.634309
0.312693 0.0827534
0.395987 0.678422
0.983112 0.630375
0.351946 0.040725
0.341357 0.457174
0.77853 0.735611
0.112327 0.881954
0.981823 0.157328
0.738314 0.292929
0.667053 0.117656
0.816487 0.640753
0.562874 0.398216
0.0529734 0.479862
0.423736 0.0849729
0.60129 0.374761
0.728397 0.913955
0.457892 0.115271
0.592368 0.440578
0.731254 0.957102
0.481461 0.0868629
0.401352 0.261157
0.818664 0.513439
0.143284 0.800608
0.676645 0.879919
0.0934199 0.338117
0.999359 0.909693
0.977253 0.562434
0.307882 0.0300048
0.0419266 0.731725
0.115135 0.642995
0.10634 0.834112
0.557367 0.563974
0.949249 0.149421
0.00496001 0.69468
0.0942527 0.486269
0.781399 0.495504
0.748416 0.600757
0.00898627 0.891788
0.400649 0.680135
0.773024 0.494302
0.0184663 0.772315
0.404502 0.995292
0.334503 0.712231
0.0253958 0.37624
0.443731 0.140194
0.0199713 0.550356
0.974458 0.577153
0.114745 0.923817
0.726896 0.120013
0.618885 0.820965
0.60603 0.400114
0.316457 0.353921
0.000423984 0.325068
0.245683 0.4011
0.00419139 0.0189915
0.895541 0.0237508
0.790803 0.299657
0.0190948 0.125207
0.0117131 0.044669
0.501764 0.455776
0.185313 0.521442
0.00615958 0.159881
0.0984585 0.120757
0.0835341 0.825331
0.240603 0.702192
0.646564 0.846706
0.102418 0.962351
0.200737 0.10293
0.287994 0.446426
0.504013 0.293373
0.464918 0.399594
0.317139 0.2558
0.698983 0.336674
0.381016 0.71097
0.381524 0.882778
0.166526 0.566325
0.404126 0.17281
0.726296 0.502989
0.29376 0.810347
0.327874 0.533999
0.513426 0.973139
0.380591 0.614742
0.936561 0.580924
0.717667 0.224461
0.0275084 0.221472
0.51812 0.492513
0.621496 0.8355
0.748169 0.320314
0.171988 0.129482
0.0315487 0.552993
0.0121247 0.197867
0.119857 0.416315
0.370981 0.846273
0.919174 0.664244
0.656005 0.247133
0.198389 0.168828
0.221574 0.578415
0.783534 0.157911
0.160111 0.500471
0.382384 0.187463
0.732814 0.900893
0.679923 0.343475
0.73596 0.42848
0.668541 0.902843
0.557678 0.694745
0.461005 0.569582
0.892598 0.581214
0.98607 0.263021
0.427482 0.905092
0.927598 0.0837547
0.152409 0.126078
0.252231 0.373349
0.70469 0.0353588
0.532235 0.864904
0.538276 0.914035
0.0525625 0.258362
0.811998 0.737572
0.602315 0.550853
0.160535 0.265806
0.458776 0.718301
0.960449 0.919554
0.287866 0.853772
0.500681 0.273835
0.116738 0.927875
0.179055 0.0446894
0.0115189 0.331022
0.170159 0.263901
0.713174 0.873383
0.299167 0.236441
0.729676 0.833857
0.150583 0.791595
0.0941517 0.965382
0.523744 0.6961
0.515798 0.684571
0.961753 0.974302
0.40269 0.922414
0.894055 0.690467
0.775946 0.394598
0.964536 0.892807
0.322064 0.143304
0.936881 0.333051
0.474753 0.107297
0.597059 0.179538
0.98193 0.89675
0.415964 0.72129
0.732335 0.56682
0.512632 0.826201
0.531703 0.0366007
0.522202 0.0480216
0.720743 0.484143
0.0220715 0.123357
0.406689 0.916052
0.814333 0.18235
0.310552 0.778396
0.0752389 0.632687
0.921587 0.0120265
0.965916 0.396265
0.119414 0.563788
0.575834 0.101204
0.460713 0.989877
0.822561 0.192306
0.558032 0.335064
0.0181006 0.0899223
0.371451 0.5407
0.137739 0.0923984
0.0246573 0.159936
0.216057 0.431174
0.0761803 0.0294602
0.613533 0.386552
0.807572 0.691693
0.0190995 0.729527
0.709269 0.91244
0.125543 0.81955
0.549204 0.701142
0.920848 0.00962432
0.692464 0.742984
0.202096 0.251192
0.0781471 0.220138
0.340928 0.449516
0.760942 0.479073
0.541738 0.785554
0.638451 0.757666
0.217005 0.714843
0.76457 0.844764
0.101284 0.594754
0.519266 0.120056
0.324427 0.219429
0.105617 0.449803
0.0389359 0.655042
0.151542 0.959933
0.665619 0.845169
0.708308 0.865144
0.0956241 0.781148
0.0867953 0.436389
0.23051 0.847479
0.915555 0.772464
0.633709 0.554446
0.530677 0.850379
0.269299 0.317378
0.680707 0.370194
0.911774 0.199851
0.490469 0.236404
0.419301 0.596392
0.68635 0.458386
0.251221 0.838046
0.418328 0.915414
0.682603 0.121023
0.779239 0.784387
0.90203 0.869407
0.214581 0.132766
0.716785 0.130403
0.905872 0.350884
0.684463 0.435302
0.200309 0.953306
0.696239 0.893833
0.323147 0.663932
0.0811305 0.813963
0.900078 0.50086
0.410075 0.586806
0.958734 0.66099
0.424547 0.37671
0.576768 0.106903
0.498073 0.358746
0.884436 0.400268
0.227628 0.0992735
0.534383 0.943452
0.229859 0.438203
0.29446 0.913725
0.873182 0.495116
0.866854 0.625721
0.376367 0.190618
0.289469 0.457724
0.00434299 0.189721
0.957976 0.414521
0.695506 0.934868
0.0752212 0.200765
0.293901 0.652067
0.307456 0.791932
0.0105651 0.192348
0.191997 0.238471
0.291696 0.725395
0.182327 0.521123
0.163341 0.476529
0.434839 0.0364947
0.971879 0.301918
0.661851 0.348042
0.493889 0.950496
0.805579 0.497098
0.141277 0.764066
0.910955 0.917958
0.689264 0.908334
0.118535 0.974836
0.63832 0.426096
0.76744 0.650512
0.62309 0.957136
0.886979 0.910561
0.683985 0.0694264
0.431377 0.846729
0.546879 0.866417
0.883216 0.518051
0.16822 0.54531
0.866136 0.661274
0.496987 0.671707
0.158194 0.6383
0.435887 0.0691775
0.556213 0.116825
0.055609 0.674462
0.0918202 0.694024
0.100185 0.858758
0.343058 0.718815
0.817418 0.230048
0.628636 0.501524
0.29955 0.0599679
0.348355 0.845861
0.926383 0.23139
0.363866 0.094814
0.776849 0.229976
0.755528 0.273895
0.901511 0.914007
0.911981 0.337605
0.982835 0.46805
0.454199 0.0381021
0.142134 0.546039
0.732415 0.242254
0.404731 0.0756369
0.961206 0.222279
0.305561 0.589963
0.724202 0.6057
0.650111 0.0717448
0.45121 0.576359
0.303545 0.815413
0.671293 0.080302
0.045062 0.426425
0.354372 0.946547
0.340186 0.266247
0.284831 0.322978
0.733513 0.740064
0.361651 0.876384
0.284707 0.0935875
0.118839 0.689476
0.168772 0.0803404
0.911877 0.474946
0.670319 0.635782
0.0798863 0.319917
0.707656 0.531424
0.896524 0.0107365
0.346148 0.567295
0.091284 0.390865
0.993998 0.445477
0.338232 0.334181
0.712088 0.622342
0.657255 0.445964
