0.821916 0.168909
0.0847023 0.446994
0.365844 0.306065
0.291364 0.117428
0.278262 0.39434
0.219741 0.705897
0.523017 0.93084
0.703937 0.227335
0.45164 0.441164
0.441162 0.167449
0.961114 0.357711
0.0486066 0.753825
0.889799 0.285381
0.250763 0.936804
0.140249 0.931875
0.207153 0.45556
0.0879157 0.840979
0.557212 0.31243
0.381177 0.866892
0.357329 0.0752012
0.18009 0.0709036
0.557853 0.113845
0.516287 0.114281
0.763934 0.381706
0.811244 0.0530456
0.288767 0.887501
0.0843084 0.0920891
0.239793 0.932099
0.0489108 0.290362
0.992201 0.206991
0.484974 0.285594
0.671765 0.95608
0.766412 0.66522
0.116167 0.123248
0 0.295857
0.816068 0.985504
0.0204096 0.817345
0.611666 0.56241
0.247804 0.821876
0.271017 0.744142
0.653544 0.206361
0.652973 0.171718
0.631653 0.160075
0.535033 0.630152
0.682602 0.668707
0.862241 0.0106342
0.311152 0.777225
0.312685 0.923975
0.677055 0.0697666
0.0506031 0.0338441
0.228992 0.517044
0.458204 0.701755
0.577764 0.505932
0.0790142 0.224286
0.374452 0.280595
0.765206 0.312681
0.636362 0.982332
0.505192 0.946939
0.824834 0.919639
0.116159 0.807901
0.904239 0.155634
0.125412 0.753091
0.719703 0.65372
0.751391 0.663479
0.879042 0.267266
0.411844 0.210279
0.0238536 0.116406
0.840464 0.345251
0.463114 0.916194
0.231447 0.864261
0.653006 0.890987
0.486625 0.992837
0.371653 0.530652
0.178813 0.50412
0.42434 0.661943
0.673991 0.955865
0.175134 0.130709
0.564884 0.971227
0.0343597 0.868398
0.0165158 0.517574
0.187662 0.712986
0.255161 0.932306
0.137857 0.524827
0.333105 0.438677
0.463671 0.146923
0.133261 0.537892
0.721748 0.398089
0.360367 0.289391
0.869214 0.62833
0.252189 0.97914
0.635495 0.221762
0.680737 0.66435
0.116516 0.04784
0.24833 0.129466
0.0762047 0.847902
0.160237 0.0539164
0.724185 0.533174
0.27205 0.370468
0.436458 0.464769
0.0193651 0.886528
0.858732 0.259031
0.565786 0.151941
0.590513 0.326415
0.656956 0.86238
0.784094 0.152362
0.826958 0.195802
0.632707 0.671348
0.76588 0.381348
0.436619 0.480016
0.606917 0.168463
0.00488309 0.786479
0.508598 0.206884
0.0923431 0.182314
0.402376 0.405407
0.0692599 0.931001
0.144073 0.389378
0.302439 0.173735
0.892096 0.322304
0.724488 0.411833
0.405568 0.50765
0.16871 0.524083
0.638514 0.0107122
0.83616 0.800128
0.690773 0.462563
0.0867622 0.810988
0.187677 0.444533
0.000995423 0.325741
0.332635 0.870663
0.481189 0.560221
0.617083 0.686092
0.507821 0.721541
0.512155 0.607413
0.968079 0.832694
0.324429 0.59041
0.127609 0.275886
0.802654 0.669697
0.0183958 0.564021
0.456838 0.902477
0.267941 0.0790356
0.476462 0.981457
0.930418 0.564258
0.648635 0.774408
0.0833709 0.0338001
0.540925 0
0.445535 0.192258
0.791635 0.618945
0.022903 0.888844
0.758073 0.906256
0.752429 0.38051
0.328707 0.503701
0.562333 0.766571
0.77856 0.484609
0.796197 0.478464
0.200596 0.579188
0.668636 0.675206
0.945532 0.78027
0.730818 0.8678
0.99826 0.494024
0.627784 0.790777
0.446809 0.525418
0.163827 0.154692
0.20772 0.126642
0.142474 0.464314
0.780282 0.284598
0.230138 0.907017
0.00144737 0.590124
0.53836 0.661854
0.303961 0.240688
0.414554 0.300658
0.67268 0.936683
0.34548 0.564602
0.110706 0.195135
0.275719 0.552278
0.490748 0.949429
0.233005 0.47929
0.525537 0.791367
0.194232 0.902564
0.901055 0.0147319
0.767438 0.94947
0.809581 0.923993
