0.609143 0.823804
0.52403 0.605035
0.835027 0.65624
0.652458 0.848593
0.980023 0.566078
0.534077 0.558553
0.591207 0.954755
0.568947 0.808304
0.633885 0.609368
0.862599 0.775928
0.969517 0.669492
0.847017 0.974364
0.790391 0.939424
0.878215 0.690351
0.861433 0.580517
0.971939 0.597919
0.89032 0.811535
0.582468 0.511342
0.6472 0.984483
0.972252 0.613758
0.983485 0.842131
0.534149 0.794667
0.697715 0.609223
0.59044 0.539355
0.506287 0.896044
0.510345 0.938281
0.677178 0.858271
0.985319 0.574641
0.581776 0.652932
0.512722 0.671985
0.518078 0.893525
1 0.558262
0.811172 0.563022
0.652566 0.565811
0.611308 0.693539
0.565846 0.61777
0.954403 0.69506
0.755538 0.539093
0.506988 0.579
0.915988 0.93876
0.59391 0.49794
0.857338 0.437677
0.704947 0.246444
0.62867 0.0187364
0.6132 0.0761483
0.921308 0.181671
0.491125 0.169911
0.849378 0.442173
0.769331 0.0997243
0.632198 0.109942
0.488578 0.186544
0.792891 0.134373
0.881496 0.485993
0.862172 0.39099
0.597025 0.0792266
0.627209 0.369938
0.912137 0.255476
0.768287 0.406508
0.9176 0.344875
0.837302 0.409994
0.485362 0.741089
0.421271 0.819256
0.188324 0.768647
0.149956 0.897647
0.257849 0.546655
0.345698 0.749893
0.130107 0.768502
0 0.851235
0.115043 0.590822
0.328735 0.498784
0.191663 0.645828
0.0295544 0.554867
0.192172 0.864019
0.435063 0.503265
0.362919 0.913469
0.346579 0.972632
0.323658 0.862913
0.142871 0.87158
0.186508 0.539889
0.355181 0.974847
0.0660036 0.222321
0.0324394 0.238205
0.41983 0.187913
0.112605 0.188174
0.366622 0.319003
0.469395 0.409233
0.229606 0.313618
0.0187088 0.286342
0.229956 0.439662
0.412865 0.223948
0.390215 0.320292
0 0.0787296
0.221428 0.0244154
0.0970686 0.172907
0.431755 0.148359
0.113119 0.225448
0.401533 0.0807597
0.241508 0.23048
0.148222 0.194255
0.438496 0.370294
0.426335 0.218858
0.380511 0.059362
0.0176343 0.205216
0.175981 0.245184
0.467735 0.160258
0.118305 0.30282
0.244766 0.0842772
0.22952 0.25195
0.421239 0.393739
0.419708 0.296161
0.275261 0.305467
0.0369699 0.0892575
0.193995 0.286068
0.136269 0.400196
0.170196 0.0176865
0.286748 0.276105
0.0847395 0.0520193
0.447181 0.119452
0.0760272 0.0353995
0.294838 0.268147
0.0392435 0.33033
0.196859 0.0404616
0.170976 0.135283
0.457824 0.301305
0.437084 0.312037
0.387193 0.206263
0.472095 0.0354703
0.255686 0.275677
0.126249 0.193927
0.0223641 0.288042
0.399758 0.0603479
0.0730121 0.0481539
0.389611 0.0600553
0.429718 0.246665
0.457733 0.0468433
0.00922832 0.204028
0.190199 0.203516
0.195569 0.194301
0.449201 0.326831
0.460485 0.0729583
0.358927 0.18031
0.204899 0.0232945
0.265271 0.180495
0.395124 0.390357
0.170699 0.131096
0.176796 0.488413
0.22313 0.186612
0.367575 0.185159
0.435543 0.0825486
0.189155 0.463289
0.233014 0.0478286
0.344947 0
0.305975 0.470913
0.195698 0.371969
0.343829 0.486221
0.0926308 0.306959
0.45603 0.120548
0.248026 0.317289
0.189004 0.246256
0.353389 0.0574958
0.00758268 0.196886
0.34786 0.457238
0.221682 0.0674769
0.249357 0.476218
0.169906 0.174117
0.369514 0.138204
0.0815611 0.358227
0.120697 0.238496
0.424645 0.43202
0.346525 0.368627
0.47167 0.188564
0.0610456 0.376604
0.428893 0.073482
0.00757967 0.252888
0.0449406 0.339075
0.464142 0.217966
0.242753 0.0378784
0.236602 0.209497
0.130806 0.150772
0.352056 0.0414036
