0
1
90
10
0.227500
0.000000
0.331863122992 0.151224500500
0.292435384821 0.800743879285
0.696167142596 0.127012231853
0.988545081113 0.696474464145
0.156943165231 0.681071662810
0.198224011809 0.745977910701
0.016385498457 0.069010701962
0.715047348756 0.602177198976
0.065571788698 0.790175601840
0.930875462014 0.838580416515
0 24 0.121698999896  32 0.203126003446  34 0.112085069855  40 0.096127444306  45 0.223857654577  46 0.063119584243  48 0.200265812146  51 0.163716943525  58 0.095987177226  69 0.182358493831  72 0.122157904966  89 0.134680783761  -1 0
1 1 0.146948563260  8 0.043594354028  12 0.187873963383  17 0.092687070926  26 0.098272645781  27 0.046084177055  43 0.187384516194  44 0.226140719112  52 0.159874957799  59 0.106984055127  62 0.218672128790  65 0.152590798806  66 0.135988193623  68 0.083158315081  70 0.085222489849  71 0.166433562914  74 0.156479704641  82 0.205077685421  -1 0
2 0 0.096402746340  5 0.219735684002  6 0.092426514433  14 0.069359395241  18 0.169323050145  23 0.191838999086  36 0.075305410207  38 0.118325938539  50 0.197856142193  55 0.043633327884  -1 0
3 31 0.080344687908  53 0.166872950746  63 0.200452760636  80 0.197201474363  84 0.224070616254  87 0.171057862555  -1 0
4 1 0.033827475194  8 0.223847264406  9 0.204481167958  11 0.162666070554  13 0.195693468392  16 0.189877655835  17 0.090542247747  27 0.222083086575  37 0.219911794447  52 0.029076703071  65 0.121814847342  66 0.127738273131  70 0.209453381523  76 0.191204999135  78 0.191360296612  -1 0
5 1 0.045514529469  8 0.150451734055  11 0.215121403690  17 0.016660890065  26 0.194788149219  27 0.153444947715  52 0.051930602970  59 0.181147939202  65 0.123226979227  66 0.117696351213  68 0.182133223696  70 0.133626227283  -1 0
6 32 0.154801213703  45 0.119774967087  64 0.225945123365  81 0.011969372905  85 0.071060734261  -1 0
7 4 0.007955991678  7 0.195377189912  19 0.058113515959  20 0.058493124998  21 0.206034994042  22 0.155816815075  28 0.130422991341  30 0.178969964339  41 0.030916357725  47 0.153166400978  53 0.204215556272  57 0.066666088297  63 0.197089678496  77 0.077462990831  80 0.151866379242  84 0.141299474899  86 0.151216264773  -1 0
8 1 0.145647647271  17 0.153394766064  52 0.124633748636  70 0.196567196552  -1 0
9 3 0.122070413517  31 0.073066402958  53 0.118714285979  63 0.139774718705  80 0.173329362277  84 0.194295432245  87 0.040713393312  -1 0
0 5 0.170445127679 6 0.031982894858 14 0.117529985966 18 0.132308056082 23 0.131135702786 36 0.023986827215 38 0.180844037882 42 0.223141195318 55 0.123374360570 61 0.225396638540 88 0.205389601673 -1 0
1 8 0.190052764289 11 0.175685200472 13 0.221865642412 16 0.202347283291 17 0.057515749478 26 0.221998268196 27 0.188434559907 37 0.218639119448 52 0.022553072135 59 0.226397312601 65 0.106763896511 66 0.108196398531 68 0.211159014881 70 0.179140742954 76 0.213273249893 78 0.198751953601 -1 0
2 10 0.010617532366 21 0.124390622680 38 0.164523959725 49 0.163007932134 51 0.131884857935 56 0.118001654075 58 0.169516314394 75 0.061414831493 79 0.068544558585 86 0.180082662961 88 0.204454270099 89 0.186292536535 -1 0
3 31 0.191136083797 39 0.224637522554 53 0.154814635213 63 0.147718380669 80 0.194790597238 84 0.201237814758 87 0.097854955999 -1 0
4 7 0.202173014454 19 0.062725220871 20 0.061705633308 21 0.212065740230 22 0.163689800202 28 0.138317208003 30 0.176846787277 41 0.023549047875 47 0.159966126638 53 0.198861597763 57 0.069181715774 63 0.190835898322 77 0.069668013241 80 0.146031033636 84 0.134622587541 86 0.155677034641 -1 0
5 6 0.202424796184 14 0.173541445038 18 0.051785306882 23 0.042774350123 36 0.169118963181 42 0.063266073329 -1 0
6 14 0.131675181809 18 0.163678315262 23 0.162906988180 36 0.042594316000 38 0.156371901228 55 0.108346322953 56 0.210953115093 88 0.176871561558 -1 0
7 19 0.203489281970 20 0.214951167120 22 0.081177513468 28 0.125459115510 41 0.225636788004 47 0.042212064935 54 0.066362243106 57 0.153356702561 60 0.119027665192 61 0.177292609013 67 0.107808938954 88 0.156536588668 -1 0
8 12 0.144459462128 17 0.134628475360 26 0.086165460534 27 0.030228013962 43 0.192125965764 44 0.213544259430 52 0.202019073943 59 0.082024082864 62 0.199723264965 65 0.190989383162 66 0.173520812512 68 0.071018215879 70 0.083456128084 71 0.127705627532 74 0.145983184702 82 0.162037913241 83 0.212677291191 -1 0
9 11 0.088412295901 13 0.021903714430 15 0.174743866919 16 0.086340980776 29 0.145738153885 37 0.174765337318 48 0.177328427199 64 0.207378397734 65 0.210580748304 69 0.197493105251 76 0.021536840280 78 0.116990973074 -1 0
10 21 0.118357406060 38 0.174099740410 49 0.152613701852 51 0.134219858092 56 0.117885220943 58 0.176434436742 75 0.051970096828 79 0.063032618258 86 0.171513355601 88 0.204644559385 89 0.196184347772 -1 0
11 13 0.099249328121 15 0.104903099813 16 0.027224959594 17 0.219316751974 29 0.111360462810 37 0.096767744628 48 0.196497758782 52 0.188047844451 65 0.127975449704 66 0.146170694388 76 0.066877137347 78 0.040984533770 -1 0
12 25 0.192883414409 26 0.156918588226 27 0.152268853145 33 0.110093363243 35 0.128878157713 39 0.201139962327 44 0.219585922912 59 0.143405763580 62 0.187854639911 68 0.154543624045 70 0.188544460871 71 0.062445079635 74 0.183404158826 82 0.046662599425 83 0.194705703118 -1 0
13 15 0.192346960398 16 0.102187058297 29 0.166845461582 37 0.190604945656 48 0.197747209062 52 0.224764651648 64 0.214431617253 65 0.214577831348 69 0.213306669714 76 0.036231500110 78 0.132207730501 -1 0
14 18 0.121905636413 23 0.156701429467 36 0.094130444973 38 0.184141810218 50 0.199171841093 55 0.109962752387 -1 0
15 16 0.090892241333 29 0.067444242342 37 0.022879255685 43 0.208039560903 48 0.178888800892 49 0.143549632236 51 0.216689857536 65 0.147510092089 66 0.159842572875 73 0.190810143586 76 0.156128152554 78 0.064069040855 79 0.189274004542 -1 0
16 29 0.085558075751 37 0.088568999537 48 0.169996356211 52 0.215115673516 65 0.147063693930 66 0.164850775666 69 0.221544634653 76 0.066269898649 78 0.030730374400 -1 0
17 26 0.178291449419 27 0.136881794819 52 0.067391041341 59 0.169528923565 65 0.118765554909 66 0.110963945457 68 0.165539684078 70 0.123754582415 -1 0
18 23 0.045451759017 36 0.125885898157 42 0.115017390111 55 0.212404179670 -1 0
19 20 0.012188430587 21 0.151133555133 22 0.142647996484 28 0.103513146390 30 0.147513544497 41 0.071738817677 47 0.163584664986 49 0.214420834058 56 0.206070589527 57 0.114260915994 73 0.208723046058 75 0.212109550109 77 0.124677618987 80 0.208362178890 84 0.195310807824 86 0.093107487909 88 0.203906023908 -1 0
20 21 0.156987159062 22 0.154827304240 28 0.115541876952 30 0.136863624096 41 0.066678903052 44 0.225990308540 47 0.174725351090 49 0.210474555953 56 0.214238892550 57 0.119222693793 73 0.198615927162 75 0.214972005686 77 0.118833866600 80 0.205388526092 84 0.190983435512 86 0.094981435427 88 0.215036739179 -1 0
21 22 0.159335921404 28 0.122233768557 30 0.208908104449 38 0.223267530927 41 0.222831550488 47 0.218977331862 49 0.157247210491 56 0.070037698455 75 0.076279847063 79 0.159666861654 86 0.073024290750 88 0.127401884433 -1 0
22 28 0.046800205141 41 0.186282933366 47 0.063105509697 54 0.147427418431 56 0.161849420627 57 0.142721521404 60 0.196390579818 67 0.188440888527 86 0.166430474680 88 0.100565413202 -1 0
23 36 0.133006598592 42 0.092714191644 -1 0
24 32 0.210130273317 34 0.169299578430 40 0.150222002468 45 0.155661423884 46 0.089827695784 58 0.213374709118 72 0.192914058379 89 0.216518806689 -1 0
25 26 0.173434401757 27 0.223949318788 30 0.184538076098 33 0.178207300325 35 0.090264533155 39 0.105528312837 41 0.224059085883 43 0.171543225433 44 0.086263588885 62 0.062073746553 68 0.187085911405 71 0.141705376445 73 0.195958846212 74 0.129164538594 77 0.199200034448 83 0.051287837752 84 0.218316911912 -1 0
26 27 0.058105692428 30 0.219146618588 35 0.188054439014 43 0.111358504062 44 0.129041768931 59 0.163968199763 62 0.120529546710 65 0.177009268163 66 0.159056156559 68 0.015623155800 70 0.168952121000 71 0.106799770886 73 0.176299695517 74 0.060146546928 82 0.193529613498 83 0.134041266963 -1 0
27 35 0.220892403855 43 0.161930126716 44 0.186967235134 52 0.203200508889 59 0.112036314499 62 0.175970599891 65 0.173036915405 66 0.154985772483 68 0.042527820034 70 0.111073011133 71 0.122679998097 73 0.226771754300 74 0.118244585091 82 0.177160332461 83 0.189254136399 -1 0
28 41 0.158679073950 47 0.097965250644 54 0.191709576064 56 0.142093214841 57 0.138118616606 75 0.198484705253 77 0.207790947312 86 0.120021346703 88 0.107246837173 -1 0
29 37 0.086300192722 48 0.112065427659 49 0.177610670003 51 0.172821049941 65 0.201038609609 66 0.216015931339 69 0.183595021848 76 0.133036152778 78 0.079809874147 79 0.176545866567 -1 0
30 41 0.162772515774 43 0.115892133068 44 0.117583202311 49 0.143022774025 62 0.152000328399 73 0.063173824881 74 0.163556009250 75 0.222633337992 77 0.187735858274 83 0.149946093977 86 0.140700428437 -1 0
31 53 0.123385426857 63 0.155071072700 80 0.170408200277 84 0.196369535841 87 0.095342756875 -1 0
32 34 0.100987726455 40 0.109905005566 45 0.127701875621 48 0.216805820072 64 0.100695814470 69 0.139073137277 72 0.112156452041 81 0.142932786316 85 0.176851639565 -1 0
33 35 0.087943333157 39 0.126954583782 62 0.208044137561 71 0.131028805106 82 0.126391591122 83 0.207728838987 -1 0
34 40 0.019663350778 45 0.176383638358 46 0.164720679835 48 0.151134471487 51 0.194940470635 58 0.171002756749 64 0.139795389600 69 0.093976396534 72 0.026208177259 -1 0
35 39 0.075418442507 44 0.160341856326 62 0.126145275434 68 0.196584134722 71 0.103507156058 74 0.170399797628 82 0.167994540113 83 0.123437863187 -1 0
36 38 0.170664956979 42 0.225710158880 55 0.107056948086 88 0.219349879668 -1 0
37 43 0.193557804442 48 0.198365546576 49 0.153034276927 65 0.124741029518 66 0.136963388411 73 0.182852247665 76 0.154829776367 78 0.058478709809 79 0.209543785004 -1 0
38 50 0.204259198393 55 0.074879317503 56 0.160353224075 58 0.208136125446 75 0.208568059661 79 0.227141754539 88 0.198651484490 89 0.144821634859 -1 0
39 44 0.191611030916 62 0.163868879390 63 0.221157467027 71 0.178532276564 74 0.223854922874 83 0.155345536456 84 0.220170619340 -1 0
40 45 0.169559958826 46 0.146142793480 48 0.164628322734 51 0.195848866897 58 0.163493384586 64 0.158213323631 69 0.112335614808 72 0.043060931838 89 0.226867672779 -1 0
41 44 0.218771928028 47 0.183438824252 53 0.193752157072 57 0.087922969374 63 0.181944058877 73 0.225379597395 77 0.053051673099 80 0.139522470974 83 0.227297142593 84 0.124313312566 86 0.161338212397 -1 0
42 -1 0
43 44 0.087001032276 49 0.189700980564 62 0.111568887494 65 0.168706680483 66 0.157023122467 68 0.123747147052 71 0.193478504430 73 0.065144043593 74 0.070921825281 83 0.120401756179 -1 0
44 62 0.035177467136 68 0.144658765218 71 0.157656028300 73 0.112412482298 74 0.069669277879 77 0.214404087787 83 0.037530357820 -1 0
45 72 0.200284807256 81 0.114406231144 85 0.082491124803 -1 0
46 50 0.196329386243 51 0.212288842785 58 0.132640234474 72 0.179726376741 89 0.127076503753 -1 0
47 54 0.100499898781 56 0.224905010190 57 0.113603721354 60 0.157717649306 61 0.219398610473 67 0.142247671790 77 0.216378827607 86 0.213685016722 88 0.158197221979 -1 0
48 51 0.127733958702 58 0.176730742332 64 0.169586733592 69 0.078766106270 72 0.125279295223 76 0.178420005540 78 0.180140187004 79 0.191798860110 -1 0
49 51 0.208024351768 56 0.214401246460 73 0.132721671632 75 0.119115714975 78 0.207513626093 79 0.122682907731 86 0.136509076295 -1 0
50 55 0.188727819500 89 0.167461221575 -1 0
51 58 0.083458532981 69 0.180652551383 72 0.179024601224 75 0.174711430816 79 0.097185751213 89 0.160626067401 -1 0
52 65 0.128807714939 66 0.130710816871 70 0.181835904753 76 0.219742175382 78 0.214119593245 -1 0
53 57 0.178488757313 63 0.033682356258 77 0.148615305227 80 0.054627475846 84 0.076670457976 87 0.088306371904 -1 0
54 57 0.193202132540 60 0.059791131583 61 0.144130834762 67 0.041930318827 88 0.212337268399 -1 0
55 56 0.209906556110 88 0.220486592363 89 0.194825101337 -1 0
56 75 0.104326567362 79 0.176940406473 86 0.141293583771 88 0.086772692377 -1 0
57 63 0.182595099108 77 0.105900455373 80 0.135827148390 84 0.137671141397 86 0.201941566748 -1 0
58 69 0.198677993830 72 0.166056874241 75 0.226371522597 79 0.164951875903 89 0.089950542913 -1 0
59 68 0.150003752423 70 0.051046725542 71 0.161465893269 74 0.221350000406 82 0.135322547431 -1 0
60 61 0.098781853236 67 0.029847930843 -1 0
61 67 0.128259935965 -1 0
62 68 0.135515889152 71 0.126971775188 73 0.146244814850 74 0.068897229037 77 0.226382287254 83 0.013562504618 -1 0
63 77 0.132375702937 80 0.047075668162 84 0.057969682573 87 0.103501818163 -1 0
64 69 0.098814942715 72 0.129847738724 76 0.224530890348 81 0.214395351142 -1 0
65 66 0.018285944582 68 0.173052695004 70 0.224084458930 73 0.200904457907 74 0.198523124110 76 0.189907057443 78 0.128652991848 -1 0
66 68 0.154858206666 70 0.209915746877 73 0.194051161451 74 0.182515347127 76 0.208167258187 78 0.145492627272 -1 0
67 -1 0
68 70 0.153489512778 71 0.109267116788 73 0.188884077982 74 0.075721818261 82 0.188470327198 83 0.148980861709 -1 0
69 72 0.069471315972 76 0.206830415343 -1 0
70 71 0.195313936136 82 0.185373796148 -1 0
71 74 0.122632957108 82 0.108290315650 83 0.134973587060 -1 0
72 -1 0
73 74 0.129883435314 83 0.149904476090 86 0.184553932346 -1 0
74 82 0.226551360133 83 0.082109865062 -1 0
75 79 0.083435127664 86 0.120175137478 88 0.186671512551 -1 0
76 78 0.096631525751 -1 0
77 80 0.094154127365 83 0.214001195126 84 0.074460623394 86 0.212329179582 -1 0
78 -1 0
79 86 0.192718290977 89 0.212743712352 -1 0
80 84 0.027022799692 87 0.141967697442 -1 0
81 85 0.074681059622 -1 0
82 -1 0
83 -1 0
84 87 0.160241467659 -1 0
85 -1 0
86 88 0.176989611006 -1 0
87 -1 0
88 -1 0
89 -1 0
