0.000000
1.000000
90
10
0.227500
0.000000
0.278527870774 0.095617465675
0.160041082650 0.657169214915
0.339247680269 0.540105096996
0.705936301965 0.212496756576
0.506154970266 0.840216715820
0.450511840638 0.440362038091
0.937865588348 0.557208009530
0.085472247098 0.983798648696
0.189093530178 0.300641137641
0.409218754619 0.797729705926
0 8 0.111481178854  20 0.221786122842  23 0.102251697843  41 0.171218916124  56 0.047864339641  77 0.145688033108  81 0.134546365467  87 0.106928917238  88 0.160327004355  -1 0
1 0 0.181182251276  3 0.020022129109  6 0.178065661628  28 0.117434933487  31 0.164964559541  36 0.218187328819  46 0.082515778466  54 0.185941111947  58 0.119179157537  61 0.224242395724  66 0.171751385770  83 0.139133740381  -1 0
2 0 0.183434938593  2 0.074540026688  6 0.089214280973  7 0.153532064427  21 0.141872601873  29 0.058770225245  46 0.144082689556  49 0.175584738106  50 0.117636382362  53 0.221482112565  58 0.220587606175  66 0.202046467693  83 0.075374104261  85 0.099664650643  -1 0
3 1 0.211696866200  12 0.189761035151  13 0.216161001105  14 0.217933025397  17 0.097039706381  27 0.177112875164  42 0.032021165635  47 0.060985821754  59 0.041655151366  60 0.144153534347  65 0.188415126858  67 0.169536506165  68 0.212613195744  70 0.203842330364  75 0.156363747171  78 0.154969757395  -1 0
4 5 0.092774240797  7 0.189889384226  26 0.109743490921  37 0.158870752640  38 0.152089186107  43 0.096521353137  45 0.210529715638  48 0.173832183989  62 0.166612521715  69 0.025488005836  76 0.075655735210  89 0.193989934627  -1 0
5 2 0.082431367151  4 0.201765889321  6 0.220943065715  14 0.159575364296  21 0.066308110308  29 0.155292902147  41 0.216891089256  49 0.130495537239  50 0.072408707249  51 0.222722614424  53 0.091074965517  79 0.110889759666  83 0.223352441074  85 0.049763542390  -1 0
6 9 0.128524671810  10 0.220010019144  15 0.125175168409  19 0.203093741679  34 0.197496794313  73 0.173537189876  84 0.199079163172  -1 0
7 11 0.092630093683  18 0.169025419268  57 0.098948256194  61 0.119999584404  72 0.168445312009  -1 0
8 0 0.176836924438  8 0.183486099305  20 0.027247821325  23 0.215783943063  30 0.162658251452  39 0.161914664677  41 0.150532927312  54 0.226375002057  63 0.079723690950  66 0.190751289338  77 0.085556737417  87 0.128983801978  -1 0
9 5 0.073591887042  6 0.183733442319  7 0.122614868711  18 0.208748138852  26 0.079148841082  29 0.219422156389  31 0.159961456795  38 0.047396160602  43 0.152011783277  45 0.183026517116  48 0.221628533409  58 0.173336885711  69 0.081965307181  72 0.218948946411  76 0.173128397479  -1 0
0 2 0.208442665851 3 0.200483441635 20 0.189551541800 36 0.126239233296 39 0.164984378896 46 0.116098139203 54 0.097808363570 63 0.216524276305 66 0.024873482847 83 0.144931835160 -1 0
1 12 0.099254751853 13 0.019208135939 17 0.121358255426 27 0.197208720407 33 0.182362894269 35 0.112075189983 42 0.226800417017 47 0.183155990462 52 0.204196056282 59 0.172282788621 60 0.210977661877 65 0.078287433752 68 0.152497243456 86 0.099413060708 -1 0
2 6 0.159203222670 7 0.203333271047 14 0.224624705722 21 0.103498930897 29 0.105033903874 41 0.221411748933 46 0.205730714642 49 0.159491423750 50 0.086470670321 53 0.146965706179 79 0.183751034166 83 0.143897337624 85 0.037533212850 -1 0
3 6 0.188170429304 11 0.223370463876 28 0.099789646302 31 0.153242191906 46 0.102140680264 54 0.200106372092 58 0.112050531729 61 0.205001630188 66 0.190252185268 83 0.155858355192 -1 0
4 14 0.055222391933 41 0.144250287890 42 0.208010625920 53 0.111811169863 67 0.135282342425 70 0.048994569196 79 0.105989822765 81 0.122142601539 87 0.207422956159 -1 0
5 6 0.183334532878 7 0.098158163772 26 0.138545186916 29 0.195477619369 31 0.223701585163 38 0.112650994935 43 0.086608891514 48 0.149378326774 49 0.205877477483 58 0.223926619866 64 0.186073055989 69 0.083364402438 76 0.131057492137 -1 0
6 7 0.089106527082 21 0.189356188925 29 0.067809396662 31 0.187837610330 38 0.163621259879 46 0.139671742863 49 0.193497930878 50 0.165674779250 58 0.142706727142 83 0.082877585916 85 0.174034722936 -1 0
7 21 0.184763583925 26 0.201681444327 29 0.099770820426 31 0.202876200025 38 0.125903107173 43 0.165426750957 46 0.227327276015 48 0.196890629597 49 0.158188904731 50 0.167634099721 58 0.178633914644 64 0.201037392637 69 0.176367710723 76 0.224927949513 83 0.171412270081 85 0.201796864347 -1 0
8 20 0.168408329198 23 0.033841077318 24 0.171684287170 30 0.201821725617 32 0.166923446111 41 0.215391657292 56 0.143860519836 63 0.156025721043 77 0.142820420715 87 0.133241948778 88 0.082708352309 -1 0
9 15 0.008256074992 16 0.153846397293 19 0.083546862556 22 0.214438084604 34 0.098519655945 40 0.131436141847 71 0.174962481575 73 0.211743085293 84 0.114027275224 -1 0
10 12 0.150646849648 27 0.105346895705 33 0.064061961116 47 0.221181945450 52 0.064406778968 78 0.225767803184 80 0.041181819890 86 0.161022908525 -1 0
11 18 0.131505901221 28 0.159719809714 31 0.166939624131 57 0.105097370972 58 0.203309755173 61 0.035081817787 72 0.143875537250 -1 0
12 13 0.117881003859 17 0.137432827299 27 0.102551127866 33 0.087066301294 35 0.136232863587 42 0.215996464816 47 0.137938272249 52 0.120987432514 59 0.162935917449 65 0.158387793567 80 0.158280953246 86 0.061808394069 -1 0
13 17 0.122281716548 27 0.214373719491 33 0.201520617137 35 0.121561207998 47 0.192539799778 52 0.223188821325 59 0.175621624523 60 0.202376689291 65 0.064424611901 68 0.136521446308 86 0.117565579850 -1 0
14 21 0.213943651165 41 0.171509529795 42 0.201253041080 53 0.078270852582 67 0.167130761553 70 0.090576342358 75 0.191439556955 79 0.053549348050 81 0.176953662177 85 0.204313296377 -1 0
15 16 0.153497297833 19 0.082710829734 22 0.221345051015 34 0.106750325038 40 0.136262571280 71 0.175682258870 73 0.203602260098 84 0.122248573232 -1 0
16 19 0.070905494593 22 0.191845199970 25 0.195819145934 34 0.181642287181 40 0.095921149450 43 0.209976823159 48 0.172519154547 55 0.164353899147 62 0.177050233119 64 0.208351742145 71 0.030345577259 76 0.193454124788 82 0.197975996398 84 0.205927624739 89 0.080538958459 -1 0
17 27 0.180397883496 33 0.214428537843 42 0.106554170061 47 0.095802317701 59 0.055395947292 60 0.117003325617 65 0.092332675741 67 0.215009048949 68 0.132625106278 78 0.226764442081 86 0.184061139759 -1 0
18 26 0.165867029717 31 0.129642914766 38 0.179252934191 45 0.101729394798 57 0.078577280929 58 0.185545318777 61 0.106347307733 72 0.023441452177 -1 0
19 22 0.194212121424 34 0.133498866829 40 0.090465164565 48 0.210771306050 64 0.226894058205 71 0.095010985881 84 0.156903962692 89 0.150933851831 -1 0
20 23 0.201684805457 30 0.137048847797 36 0.225284183853 39 0.148357503490 41 0.170106959061 63 0.052621665009 66 0.200652693639 77 0.094952580796 87 0.136085294214 -1 0
21 29 0.121841684662 49 0.065133211607 50 0.024763683626 51 0.190805758100 53 0.154255249051 64 0.185963872287 74 0.212371539975 79 0.161167072190 83 0.216102646540 85 0.068651960503 -1 0
22 25 0.173027732849 34 0.137054147800 40 0.104598366511 44 0.053903297971 55 0.201554995505 71 0.175907012043 82 0.129922400760 84 0.145339290664 -1 0
23 24 0.171753266270 32 0.156891123051 56 0.124617418162 63 0.189678338136 77 0.168182495767 87 0.151384967196 88 0.063373010669 -1 0
24 30 0.201639833958 32 0.051283140171 88 0.120177624035 -1 0
25 37 0.147010460803 40 0.187414079893 44 0.176874492183 55 0.057497343607 62 0.116923686221 71 0.165483810946 82 0.048409433684 89 0.163693394534 -1 0
26 31 0.173281095678 37 0.226061633975 38 0.094850837677 43 0.194068958051 45 0.110724883382 58 0.208019250793 69 0.087333705136 72 0.168459220317 76 0.185006061430 -1 0
27 33 0.078740355872 42 0.209011973495 47 0.116579936569 52 0.127123836024 59 0.172683840895 73 0.215603979027 75 0.195999916807 78 0.143349431454 80 0.137929053293 86 0.151330380175 -1 0
28 31 0.179856048542 46 0.198692753947 58 0.167855318883 61 0.156231110249 -1 0
29 38 0.211738919849 46 0.179686708231 49 0.134297799849 50 0.097931307127 58 0.210392802221 83 0.109789026743 85 0.110950906875 -1 0
30 36 0.209874036797 39 0.104664473676 63 0.087115962813 77 0.218450209704 -1 0
31 38 0.113194236278 45 0.191612291273 46 0.214346624720 57 0.191706428428 58 0.056104215258 61 0.132702703661 72 0.152206966692 83 0.221577434894 -1 0
32 88 0.095673819198 -1 0
33 35 0.176464126284 47 0.179936799214 52 0.049881490489 59 0.225135370585 78 0.220802187064 80 0.074769708999 86 0.101621032161 -1 0
34 40 0.103347558949 44 0.184054223285 71 0.187935221042 84 0.024302292777 -1 0
35 52 0.168537524270 65 0.185676175352 80 0.210683798272 86 0.079709432342 -1 0
36 39 0.105599833144 46 0.197000257465 54 0.035869867177 63 0.222409683832 66 0.104122252179 -1 0
37 43 0.207806921006 55 0.108442927928 62 0.064580770306 69 0.178745939697 71 0.217662115578 76 0.136393438059 82 0.195208325410 89 0.166479282672 -1 0
38 43 0.196294332065 45 0.177109324559 58 0.127130515030 69 0.127414255949 72 0.193321003692 76 0.220523167048 -1 0
39 54 0.128513686102 63 0.127867237341 66 0.155825297310 -1 0
40 44 0.157449791570 55 0.184586814581 62 0.224418174062 71 0.091260519557 82 0.165765204957 84 0.125701496552 89 0.157253094667 -1 0
41 53 0.149549124156 56 0.209682436389 63 0.215955662292 70 0.179169528130 77 0.088393027651 79 0.190009251446 81 0.136840916494 87 0.082229004128 -1 0
42 47 0.092613403718 59 0.055724223106 60 0.123416445763 65 0.192660758038 67 0.137714545966 68 0.205135803594 70 0.176977098978 75 0.171778941247 78 0.178990440280 -1 0
43 48 0.078067493365 49 0.207412675191 62 0.183021216744 64 0.136242752010 69 0.109827461877 71 0.212368170993 76 0.071640232476 89 0.153099669880 -1 0
44 55 0.217978211064 71 0.220806593539 82 0.128769448311 84 0.188025428344 -1 0
45 57 0.153589642938 61 0.208066221333 69 0.192492120694 72 0.089112435001 -1 0
46 54 0.161148627896 58 0.159166472229 66 0.116236119034 83 0.070729098288 -1 0
47 59 0.061970407165 60 0.185497411723 65 0.183557228395 75 0.154893902976 78 0.131299639110 86 0.199312775940 -1 0
48 49 0.172423979067 51 0.212666586512 62 0.216192431387 64 0.067294046725 69 0.187881580018 71 0.185630313472 74 0.206246871835 76 0.128623439701 89 0.145837027039 -1 0
49 50 0.073473570120 51 0.163432771017 53 0.214267275318 64 0.122164286947 74 0.179528518759 79 0.211656571816 85 0.129386847072 -1 0
50 51 0.213598906617 53 0.163419557114 64 0.195460662348 79 0.176964091318 83 0.191518122536 85 0.056383360957 -1 0
51 64 0.148814814197 73 0.109032965448 74 0.025938650694 75 0.128988743321 78 0.146505951246 79 0.222934484466 -1 0
52 80 0.043634300445 86 0.108824097100 -1 0
53 70 0.158908649667 75 0.226240921832 79 0.052015547825 81 0.213200453885 85 0.129882548558 -1 0
54 66 0.073814360439 83 0.217547102548 -1 0
55 62 0.062569441316 71 0.135116739501 76 0.171113810937 82 0.097882810668 89 0.114594816835 -1 0
56 77 0.193006952128 81 0.140796762719 87 0.152940451686 88 0.171386109951 -1 0
57 61 0.101977115926 72 0.071700920309 -1 0
58 61 0.172011118657 72 0.208246198278 83 0.166526723842 -1 0
59 60 0.123528652916 65 0.146932805014 67 0.183573501047 68 0.175806069615 75 0.193210964640 78 0.183452053776 86 0.218668509735 -1 0
60 65 0.141731165485 67 0.135414082324 68 0.108139821565 70 0.217132784107 -1 0
61 72 0.122591832256 -1 0
62 69 0.190914392547 71 0.153093093869 76 0.114775077472 82 0.160256297758 89 0.104263332719 -1 0
63 66 0.222357531995 77 0.132576741410 87 0.167389237442 88 0.217368468234 -1 0
64 73 0.215272422725 74 0.146148538424 76 0.195016159537 89 0.202526572182 -1 0
65 68 0.075409309793 86 0.175573228091 -1 0
66 83 0.156336661849 -1 0
67 70 0.086519839658 79 0.218063381440 81 0.152212682962 -1 0
68 -1 0
69 76 0.100257045688 89 0.218838715690 -1 0
70 79 0.144109546644 81 0.113153963652 -1 0
71 76 0.185534318253 82 0.168925045330 84 0.211805455876 89 0.067211556607 -1 0
72 -1 0
73 74 0.088471227539 75 0.162675066222 78 0.137387857799 -1 0
74 75 0.143362693859 78 0.151535071195 -1 0
75 78 0.056959877628 79 0.175554074713 -1 0
76 89 0.118611255314 -1 0
77 81 0.185073143156 87 0.043662234828 88 0.225521754181 -1 0
78 -1 0
79 81 0.224253908959 85 0.158562226379 -1 0
80 86 0.152306345294 -1 0
81 87 0.145873390142 -1 0
82 89 0.185400889826 -1 0
83 85 0.173766783759 -1 0
84 -1 0
85 -1 0
86 -1 0
87 88 0.213238746437 -1 0
88 -1 0
89 -1 0
