0
1
90
10
0.227500
0.000000
0.260117745958 0.996260327287
0.934730978683 0.115155419335
0.611570381559 0.527026269119
0.243315731175 0.449334491976
0.689578398131 0.879195250571
0.225016685203 0.693638944067
0.209786405787 0.273957494646
0.878006805200 0.214651608840
0.647304565180 0.207371691708
0.283554003574 0.017705811188
0 10 0.167956603082  12 0.125499530785  44 0.097150695385  48 0.218472095606  50 0.034405392884  55 0.085559240097  68 0.180513401109  86 0.227425367720  -1 0
1 3 0.096014135385  37 0.075158790863  45 0.215536815857  47 0.144310612223  80 0.171459411105  -1 0
2 2 0.197027108554  8 0.073656686706  9 0.163345446324  15 0.207683393995  16 0.103963607874  23 0.099961542391  31 0.060816568504  40 0.215032182165  42 0.127063570691  51 0.105788427150  59 0.027753232656  60 0.156427121964  61 0.181549826296  70 0.203651138729  71 0.084478529433  76 0.107255526482  83 0.102867442982  87 0.197292820557  -1 0
3 0 0.144851346001  11 0.226818731402  17 0.123228950386  21 0.148646922030  36 0.140612901191  54 0.001666085148  56 0.205982562420  70 0.201796695574  72 0.200985996338  77 0.167294963140  79 0.185471114949  88 0.224324224736  -1 0
4 1 0.224978274788  2 0.178713461865  13 0.138504680623  20 0.130130774348  39 0.129108824781  40 0.167416741659  57 0.053274507618  63 0.104309452727  66 0.164042793532  75 0.057549132547  84 0.028539379449  -1 0
5 0 0.165453635523  11 0.196044808496  32 0.223489641588  48 0.137561985700  52 0.065753241574  56 0.083688645823  58 0.085250893021  65 0.225012115438  69 0.011538645937  79 0.072885388897  81 0.182729220832  82 0.219312434107  86 0.128067071097  -1 0
6 5 0.136385471457  7 0.085800411153  14 0.200606162945  17 0.089998117465  18 0.164468714970  21 0.145019946249  24 0.149105860112  27 0.172697065825  36 0.049553816237  54 0.177250552316  72 0.192515182775  74 0.199220385282  77 0.136858032615  78 0.176813716196  85 0.161528264910  88 0.058024551109  -1 0
7 3 0.114042120609  37 0.129423216624  45 0.102292684098  46 0.195281067896  47 0.031308603684  53 0.184700078728  80 0.062728226337  87 0.213334436811  -1 0
8 6 0.081362286352  9 0.160692010261  19 0.100899144279  45 0.182052621327  53 0.050636938084  60 0.211071412259  73 0.144552318314  87 0.189810142049  89 0.098821678468  -1 0
9 5 0.137394540628  7 0.184633942272  14 0.151473507960  18 0.145043964081  26 0.223764796328  67 0.029032688617  74 0.193056407632  78 0.151457588792  85 0.191131163707  -1 0
0 23 0.208678755653 32 0.217758675290 52 0.152506198727 54 0.145583970307 56 0.182974146229 69 0.153914989728 70 0.188454816159 76 0.193729146954 79 0.093064337123 81 0.095742234589 86 0.211971464011 -1 0
1 2 0.107589385624 4 0.118383172016 13 0.106217430815 15 0.212931875695 16 0.174790376859 20 0.096340618563 22 0.141607253862 28 0.220683303168 30 0.176238649097 33 0.145680153644 35 0.160427432881 38 0.182355994560 40 0.096517103063 42 0.197212890692 43 0.174677368024 51 0.180864608988 57 0.221276103549 61 0.172599604019 62 0.025028969489 66 0.068737109055 71 0.185585417320 75 0.172708173843 -1 0
2 4 0.205119847440 8 0.206417004264 13 0.134527977469 16 0.094632180420 20 0.076562388668 23 0.199106290822 31 0.166921344731 40 0.018867335831 42 0.196949337769 51 0.166410150445 57 0.201045844427 59 0.224780169419 61 0.203442884768 62 0.105872822341 66 0.057072140587 71 0.112848941851 75 0.121720772565 84 0.207056577200 -1 0
3 37 0.034221596746 45 0.205087516524 47 0.128205320913 80 0.138982324415 -1 0
4 8 0.220967598381 13 0.217804571478 15 0.131969726454 20 0.214431921771 22 0.037076310133 25 0.151984196599 33 0.182939491753 34 0.114682820531 35 0.112377386859 38 0.064913015342 40 0.201385609966 42 0.164314720388 43 0.152299879536 46 0.209128719270 51 0.170328254898 61 0.112395931534 62 0.104438596950 66 0.184057901818 -1 0
5 7 0.071812874873 14 0.088338552076 17 0.220924001992 18 0.110012237383 24 0.135876427460 26 0.194416247940 27 0.180698826942 29 0.215229884645 36 0.173322265628 49 0.220322313015 67 0.126297042479 74 0.112907850765 77 0.215081705693 78 0.066266679295 85 0.085803147210 88 0.115596699700 -1 0
6 9 0.225004412294 19 0.066084918029 53 0.113538508015 73 0.097192235022 89 0.121983955036 -1 0
7 14 0.157298524482 17 0.175783857202 18 0.084075295536 21 0.162637335557 24 0.163915932931 27 0.202860383842 36 0.109234758875 67 0.164308600467 74 0.173556975833 77 0.143676448510 78 0.133506415553 85 0.138990471778 88 0.098706168460 -1 0
8 9 0.131486371892 15 0.136010645089 16 0.131172086406 23 0.171821720950 31 0.126064334820 38 0.226446605618 40 0.221386338679 42 0.059524373540 46 0.161593165081 51 0.054813486802 59 0.080067449633 60 0.094783374274 61 0.116498309156 62 0.210819797679 71 0.112487709440 76 0.168850793400 83 0.049970197106 87 0.134863852689 -1 0
9 15 0.196783557280 19 0.194581063838 31 0.223338221814 42 0.164350275278 45 0.178002978373 46 0.158419673165 51 0.180392875625 53 0.183678450109 59 0.143569706435 60 0.075337099316 61 0.207818266349 70 0.212161472917 73 0.223969857155 76 0.187677588178 83 0.082581814941 87 0.088074556092 89 0.122205808295 -1 0
10 32 0.137407765446 41 0.126353954640 44 0.116004682549 50 0.135472318293 52 0.183925902301 55 0.212397613913 64 0.140003342202 68 0.136609135296 86 0.110553558393 -1 0
11 56 0.113617105711 58 0.162440880015 65 0.185830004230 69 0.197522194472 72 0.200034843657 79 0.209972635213 82 0.124770644282 -1 0
12 44 0.214544809636 48 0.131482375523 50 0.147421918147 55 0.040286338327 58 0.215357184214 65 0.222603814604 -1 0
13 20 0.060488251993 28 0.171683834485 30 0.135259461870 33 0.138741380372 35 0.217100573479 39 0.201837226065 40 0.115662149651 43 0.208739271095 57 0.120161306740 62 0.129675629233 63 0.161379004405 66 0.081182066583 75 0.102818771200 84 0.156485151911 -1 0
14 18 0.192507082225 24 0.117354035708 26 0.106153530270 27 0.157766032760 29 0.146123447225 49 0.138224001900 67 0.157663877807 74 0.041583610470 78 0.024413741953 85 0.052038780747 88 0.157352478996 -1 0
15 16 0.220465221835 22 0.154598003428 25 0.148582523705 34 0.096797761408 38 0.104626018881 42 0.081796320315 45 0.186433633039 46 0.081422306335 51 0.112378008028 59 0.215971746051 60 0.121492758678 61 0.045943061256 62 0.189172619536 71 0.209725852018 80 0.210127550795 83 0.141046932581 87 0.127413976463 -1 0
16 20 0.171194328747 23 0.116526541048 31 0.075047191420 40 0.113228939259 42 0.146532891750 51 0.111941954000 59 0.131569019948 60 0.225368263664 61 0.178711061086 62 0.160319679031 66 0.148081518750 71 0.020183595334 75 0.205340992769 76 0.190823727396 83 0.179637781162 -1 0
17 21 0.174624769794 24 0.184065510146 27 0.185906005928 36 0.090079420260 54 0.122562872174 72 0.118341552940 77 0.178673194960 85 0.222842340687 88 0.112998350440 -1 0
18 19 0.226159808871 21 0.180809951174 36 0.171818517478 67 0.117418955224 73 0.182746655578 74 0.222275478416 77 0.157517023867 78 0.173707340366 85 0.195487885433 88 0.182460900612 -1 0
19 53 0.148950649952 73 0.043700638860 89 0.074601127060 -1 0
20 30 0.192345934491 33 0.186737321673 40 0.058108274540 57 0.136128132719 62 0.111972151283 63 0.190016866960 66 0.035294854133 71 0.189236771799 75 0.076381683415 84 0.155582809408 -1 0
21 36 0.099432137016 54 0.147025640462 70 0.127674479678 73 0.213604328153 77 0.023429684369 88 0.202394122819 -1 0
22 25 0.136538348053 30 0.223841802976 33 0.173407587241 34 0.111622263670 35 0.084250892781 38 0.062818779236 42 0.197571301904 43 0.127603440271 46 0.225929529137 51 0.206027238559 61 0.143165219131 62 0.132458916016 66 0.209808220138 -1 0
23 31 0.051033398223 32 0.186613258363 40 0.217654706296 41 0.200821459771 42 0.218191764491 51 0.189526212645 59 0.109883217850 64 0.192054279183 70 0.202410294401 71 0.110266459203 76 0.103104807518 81 0.144791804684 83 0.202019712588 -1 0
24 26 0.165514028207 27 0.045217861137 29 0.115000374039 36 0.198271042100 49 0.149361123393 72 0.203009513298 74 0.086407820908 78 0.107127696723 85 0.067133708491 88 0.091084040209 -1 0
25 34 0.054133784729 35 0.193509076558 38 0.089206997368 46 0.170774745933 61 0.176482808642 80 0.204781308169 -1 0
26 27 0.185286566751 29 0.103555989916 49 0.060473436184 74 0.093247724739 78 0.128711140235 85 0.131047687459 -1 0
27 29 0.108875208471 36 0.219405401826 49 0.154320236713 72 0.177447381470 74 0.121779378042 78 0.150434961135 85 0.110287522802 88 0.117017833015 -1 0
28 30 0.044498410041 33 0.088801899594 35 0.191757066020 43 0.152136422918 63 0.223858237526 -1 0
29 49 0.051598250043 74 0.106694159320 78 0.156171712090 85 0.129821962488 88 0.205903158661 -1 0
30 33 0.050914932843 35 0.161823083707 43 0.127790611734 57 0.211255712588 62 0.198794945545 63 0.217718475980 66 0.199856425173 -1 0
31 32 0.224616384527 40 0.185783355179 42 0.168413082533 51 0.138836798576 59 0.080890713465 60 0.215521850592 61 0.216192685909 64 0.222776849099 66 0.222189409154 70 0.221757019131 71 0.063608108965 76 0.117441451176 81 0.195735483723 83 0.162544711598 -1 0
32 41 0.029237012253 52 0.157751336864 64 0.039907479261 69 0.219079911004 79 0.211514531497 81 0.127314994714 86 0.121015101286 -1 0
33 35 0.112099565315 40 0.223786206845 43 0.082722402497 62 0.165133068761 66 0.185060217242 -1 0
34 35 0.185969248340 38 0.050550198744 42 0.174539875837 45 0.216181760027 46 0.135511486781 51 0.199955945161 60 0.210170813115 61 0.122353744371 62 0.212278566365 80 0.206763008921 87 0.203359883089 -1 0
35 38 0.142810905057 43 0.044636251430 61 0.224573575114 62 0.164670799589 66 0.225342554024 -1 0
36 54 0.139128418999 70 0.223403452852 72 0.207013368031 77 0.095861603298 78 0.221502086296 85 0.209560104483 88 0.107268943615 -1 0
37 45 0.227241354257 47 0.149412213705 80 0.165205519064 -1 0
38 42 0.166943028608 43 0.187311488299 46 0.167076823761 51 0.185090015646 60 0.226050328868 61 0.110063774460 62 0.166175727731 -1 0
39 57 0.093712579877 63 0.040485978869 75 0.176833869119 84 0.104417400728 -1 0
40 42 0.208134724188 51 0.178965197189 57 0.186132878546 61 0.210017289657 62 0.098849419763 66 0.039188208160 71 0.131130409447 75 0.109900292585 84 0.195400485075 -1 0
41 52 0.180767334628 64 0.017497137739 68 0.217373682546 81 0.155840625632 86 0.134799054492 -1 0
42 46 0.130289006561 51 0.034610099920 59 0.138451486036 60 0.101829147199 61 0.056978166472 62 0.172308845927 66 0.222100417788 71 0.132873417812 83 0.086420798257 87 0.132224898192 -1 0
43 62 0.184701275260 -1 0
44 50 0.067538136198 55 0.177164840033 68 0.083830102615 86 0.214159781185 -1 0
45 46 0.105452581759 47 0.077829456590 53 0.152088649913 60 0.151924916234 80 0.071095857757 83 0.205526543391 87 0.111060817583 -1 0
46 47 0.164852732933 51 0.164839420539 60 0.092864534035 61 0.122897965256 80 0.139709377067 83 0.139196964835 87 0.071343191235 -1 0
47 53 0.186350187198 80 0.032452095921 87 0.187505486513 -1 0
48 50 0.221848232596 52 0.169055629359 55 0.156918638589 56 0.170141785069 58 0.083930627447 65 0.144492021136 69 0.149048531152 79 0.210444112304 82 0.181467177261 86 0.175735249382 -1 0
49 74 0.107619631497 78 0.155245491095 85 0.141093496117 -1 0
50 55 0.109638667693 68 0.151269922211 86 0.204448388161 -1 0
51 59 0.122827361874 60 0.127276491970 61 0.077751948434 62 0.156772952551 66 0.196704664385 71 0.098692149237 76 0.211517899978 83 0.098106514995 87 0.161708996979 -1 0
52 56 0.146038152973 58 0.143097017180 64 0.196125631657 69 0.062195032639 79 0.081872789733 81 0.134950985440 86 0.073387490872 -1 0
53 60 0.218520549420 73 0.192066453757 80 0.203838693517 87 0.189223537947 89 0.147139750793 -1 0
54 56 0.207643965682 70 0.200784579625 72 0.201253640928 77 0.165645615874 79 0.186844733837 88 0.223226266081 -1 0
55 -1 0
56 58 0.087347295254 65 0.196089198497 69 0.084106664558 79 0.104196905509 82 0.166725833088 86 0.211755033419 -1 0
57 63 0.059009264270 66 0.171323834711 75 0.085352067963 84 0.048915916430 -1 0
58 65 0.139934421370 69 0.095453053395 79 0.151022849282 82 0.142474073220 86 0.184209766559 -1 0
59 60 0.148361842493 61 0.194877253693 70 0.179779699487 71 0.112194127880 76 0.089443873786 83 0.095064183712 87 0.188281642693 -1 0
60 61 0.136063814950 71 0.207092747058 76 0.220684999992 80 0.211341416384 83 0.053758777122 87 0.040975483904 89 0.194858628070 -1 0
61 62 0.148074861930 66 0.213816235517 71 0.169890922025 83 0.137690166784 87 0.153945161149 -1 0
62 66 0.079916210079 71 0.169101201239 75 0.187752982797 -1 0
63 66 0.224500675417 75 0.144339912227 84 0.085513144014 -1 0
64 68 0.221980554669 81 0.160835570423 86 0.152113308871 -1 0
65 82 0.067587221322 -1 0
66 71 0.164511662242 75 0.108402630182 84 0.190147907012 -1 0
67 74 0.198651914067 78 0.153090358126 85 0.191123000670 -1 0
68 -1 0
69 79 0.061398884497 81 0.172988450858 82 0.226912371701 86 0.128900614470 -1 0
70 73 0.224378499683 76 0.104317466728 77 0.142828546446 81 0.223532303290 89 0.192945752114 -1 0
71 75 0.225383223098 76 0.175696102462 83 0.160326935629 -1 0
72 88 0.182295970798 -1 0
73 77 0.198907656715 89 0.101955200282 -1 0
74 78 0.049767622696 85 0.037816341186 88 0.148105183398 -1 0
75 84 0.085535161781 -1 0
76 81 0.179086382655 83 0.172355711704 -1 0
77 88 0.192627021017 -1 0
78 85 0.040169668502 88 0.135545540417 -1 0
79 81 0.131420852414 86 0.154434109912 -1 0
80 87 0.172353014880 -1 0
81 86 0.162752216784 -1 0
82 -1 0
83 87 0.094465725809 89 0.201794822513 -1 0
84 -1 0
85 88 0.111652940939 -1 0
86 -1 0
87 89 0.193223334611 -1 0
88 -1 0
89 -1 0
