0.000000
1.200000
90
10
0.250000
0.100000
0.480000000000 0.000000000000
0.540000000000 0.103923000000
0.480000000000 0.207846000000
0.540000000000 0.311769000000
0.480000000000 0.415692000000
0.540000000000 0.519615000000
0.480000000000 0.623538000000
0.540000000000 0.727461000000
0.480000000000 0.831384000000
0.540000000000 0.935307000000
0 2 0.253078762734  3 0.110953742997  4 0.129719973716  5 0.225242141002  11 0.195914900054  12 0.120240249462  13 0.216843567704  21 0.232463613616  22 0.260086175095  -1 0
1 3 0.197404245433  4 0.109265723114  5 0.196076016781  11 0.234970553057  12 0.126831700827  13 0.110733438948  14 0.233104945566  21 0.206313685227  22 0.119237835742  23 0.205228099636  30 0.241331081190  31 0.236402437010  -1 0
2 3 0.220702570983  4 0.249425320918  11 0.221000312339  12 0.120040700647  13 0.187594617600  20 0.262356745980  21 0.127685013839  22 0.115730680715  23 0.224658224064  29 0.196658795433  30 0.121211272022  31 0.190331535196  39 0.223715800721  40 0.262737312090  -1 0
3 12 0.263928526245  13 0.217619554477  21 0.219417365494  22 0.114610107135  23 0.198200360483  29 0.234319784699  30 0.117668674736  31 0.116679841467  32 0.245827337475  39 0.215529102463  40 0.125022231151  41 0.200464219642  48 0.221394736955  49 0.252641777822  -1 0
4 21 0.249713037078  22 0.224772956165  29 0.198725052193  30 0.126261861095  31 0.200958025257  38 0.249987593765  39 0.112302668532  40 0.125297398930  41 0.224575097097  47 0.198947871806  48 0.118345434805  49 0.215088057713  57 0.242316955279  58 0.230005350642  -1 0
5 30 0.228374134533  31 0.226541031239  39 0.208774984761  40 0.112278311594  41 0.202298535938  47 0.224864824585  48 0.114875830169  49 0.110641543808  50 0.218079619397  57 0.187647689516  58 0.116275182475  59 0.210207570830  66 0.255528377168  67 0.236255316078  -1 0
6 39 0.239400180075  40 0.236647891937  47 0.224686606524  48 0.117152612526  49 0.203508539958  56 0.241652670036  57 0.125067155811  58 0.119203437082  59 0.219777972835  65 0.226029464265  66 0.114614369034  67 0.203424394140  75 0.237017729362  76 0.253979657250  -1 0
7 48 0.241200751447  49 0.262559178279  57 0.208084549328  58 0.122672155356  59 0.189961003787  65 0.219014465533  66 0.115162090734  67 0.120970863609  68 0.248273670239  75 0.222763248728  76 0.130204297853  77 0.224721991054  84 0.242363454038  85 0.229145398125  -1 0
8 57 0.218608841755  58 0.230476862298  65 0.220788999175  66 0.125550018118  67 0.201771124291  74 0.233145321524  75 0.113116580677  76 0.124222054048  77 0.254787934241  83 0.202565426883  84 0.117039155750  85 0.189289198614  -1 0
9 66 0.237896300511  67 0.250282268118  75 0.211073344713  76 0.116904009645  77 0.209488863562  83 0.255128736046  84 0.121060010886  85 0.124953725146  86 0.225941949754  -1 0
0 1 0.123587952761 2 0.258232873039 9 0.110459929572 10 0.198077890598 18 0.219316266316 19 0.250546269032 -1 0
1 2 0.112919967409 3 0.239387127555 9 0.119562283993 10 0.125551162201 11 0.200936257976 18 0.230355726891 19 0.227132999999 20 0.249223747385 -1 0
2 3 0.114249480267 9 0.195414111528 10 0.115102288462 11 0.117274807903 12 0.208452155196 19 0.234531490319 20 0.190006524416 21 0.256453029822 -1 0
3 4 0.239014249227 10 0.203818207461 11 0.117604413899 12 0.116222093588 20 0.222864220318 21 0.202751524769 -1 0
4 5 0.122471725851 6 0.247259080925 12 0.210060811669 13 0.109745865857 14 0.202222032558 22 0.221968356233 23 0.226499440535 -1 0
5 6 0.131060634132 7 0.256052356888 13 0.111961128904 14 0.127913895171 15 0.200116362639 22 0.218726182859 23 0.215949300935 24 0.260479936406 -1 0
6 7 0.126006083320 8 0.247710546252 13 0.219090771851 14 0.123766995833 15 0.125820573142 16 0.208305537411 23 0.240243718162 24 0.224564477651 25 0.231503793617 -1 0
7 8 0.126670343973 14 0.208082558305 15 0.118146335211 16 0.120647504789 17 0.221800982191 24 0.229412946771 25 0.215160069725 26 0.253129737998 -1 0
8 15 0.199927214497 16 0.113222023234 17 0.119914960369 25 0.237409185521 26 0.197683557756 -1 0
9 10 0.121629211816 11 0.260446915067 18 0.115686558353 19 0.124017259373 20 0.210437514659 27 0.190050134514 28 0.229309705216 -1 0
10 11 0.123340698030 12 0.248053230622 18 0.223235491637 19 0.116192403450 20 0.108151382697 21 0.207419847906 27 0.217814749984 28 0.208772525412 29 0.238261363167 -1 0
11 12 0.122010242971 19 0.200844472964 20 0.121772912318 21 0.127794945888 28 0.250956171549 29 0.223525223756 30 0.245925285669 -1 0
12 13 0.226009620101 20 0.203301921462 21 0.123683331524 22 0.207413891198 29 0.227370691949 30 0.223829341091 -1 0
13 14 0.124597224558 15 0.228912719541 22 0.125686418660 23 0.123902255075 24 0.189394553357 31 0.218079363003 32 0.225219780287 -1 0
14 15 0.118933677911 16 0.224060698091 22 0.227966637294 23 0.115227401652 24 0.131667973584 25 0.226705394833 31 0.260251455079 32 0.203203472063 33 0.226771797599 -1 0
15 16 0.122104947226 17 0.221810297927 23 0.227535302480 24 0.111691833276 25 0.113465023534 26 0.218862882014 32 0.227686238750 33 0.204274001462 34 0.226031124010 -1 0
16 17 0.124951314381 24 0.206574386520 25 0.120870500765 26 0.128700452817 33 0.245261163010 34 0.204842849189 35 0.246962178535 -1 0
17 25 0.191410025553 26 0.125201955965 34 0.263291723912 35 0.217857576799 -1 0
18 19 0.122127058703 20 0.221720319939 27 0.117351927929 28 0.225842152090 36 0.222197245473 37 0.234782894983 -1 0
19 20 0.124511776342 21 0.258188067505 27 0.127989208974 28 0.120652930314 29 0.203470098006 36 0.226230585811 37 0.216671364725 38 0.246366794182 -1 0
20 21 0.111568688160 27 0.187771600952 28 0.108581446881 29 0.126225241391 30 0.192266292881 37 0.255390128370 38 0.227659784338 39 0.249367751197 -1 0
21 22 0.249857784889 28 0.220813404281 29 0.121758830253 30 0.123767768924 38 0.238182609262 39 0.225719677329 -1 0
22 23 0.128351387389 24 0.262144727377 30 0.213272541784 31 0.118957039489 32 0.226200172909 40 0.200465860203 41 0.251221649186 -1 0
23 24 0.125487836499 25 0.243705655770 31 0.117207764408 32 0.110493804840 33 0.200740267223 40 0.260362478625 41 0.200490137832 42 0.244128705332 -1 0
24 25 0.123549528826 26 0.229714596027 31 0.226277954476 32 0.121688676037 33 0.112352998932 34 0.188015979932 41 0.226019506459 42 0.220143632908 43 0.238439787061 -1 0
25 26 0.113275748447 32 0.196243250254 33 0.118507357765 34 0.115633473398 35 0.190623546048 42 0.244293584444 43 0.204144573518 44 0.259637024527 -1 0
26 33 0.214429542947 34 0.130585515029 35 0.123613076370 43 0.231542094555 44 0.205710647967 -1 0
27 28 0.118171239173 29 0.222471037288 36 0.130995463660 37 0.114848441314 38 0.197032557648 45 0.190603994492 46 0.230641324911 -1 0
28 29 0.110004478296 30 0.231278523571 36 0.193604836979 37 0.119603034817 38 0.125541928833 39 0.211591121739 45 0.229297255037 46 0.187151540888 47 0.219474448904 -1 0
29 30 0.131331863601 37 0.200625432990 38 0.119716568075 39 0.125399537278 46 0.252872484210 47 0.209856624822 48 0.262168080714 -1 0
30 31 0.217139743128 38 0.207634682859 39 0.111212481727 40 0.219844232158 47 0.216746993215 48 0.213196594448 -1 0
31 32 0.119527155029 33 0.253119534183 40 0.123749542083 41 0.118315425538 42 0.194332001236 49 0.212421782386 50 0.216767034430 -1 0
32 33 0.121972504298 34 0.232465948052 40 0.211404266833 41 0.109593431341 42 0.129187128977 43 0.205804930470 49 0.238094577919 50 0.211341423751 51 0.240526787066 -1 0
33 34 0.122150985083 35 0.225670616816 41 0.206889121292 42 0.124708461015 43 0.111594737121 44 0.202581709897 50 0.244979570622 51 0.196268736828 52 0.246844809383 -1 0
34 35 0.126858844926 42 0.221879632651 43 0.118037101322 44 0.122126975859 51 0.258433783227 52 0.214423312043 53 0.226298397695 -1 0
35 43 0.219322711490 44 0.126961154004 52 0.223416238394 53 0.193967378299 -1 0
36 37 0.118398768414 38 0.246979061911 45 0.127568152979 46 0.206089337789 54 0.226342185653 55 0.226746911100 -1 0
37 38 0.116658998959 39 0.232017632309 45 0.128691278651 46 0.122427760835 47 0.226680389620 54 0.249801480427 55 0.211994236129 56 0.223540546015 -1 0
38 39 0.126388725147 45 0.212663113038 46 0.116054638889 47 0.118726922457 48 0.202317139303 55 0.217437853412 56 0.212528219941 57 0.260416407012 -1 0
39 40 0.249198967231 46 0.208404343704 47 0.121171454294 48 0.125461877307 56 0.256483767814 57 0.190604045836 -1 0
40 41 0.128048280565 42 0.250809856767 48 0.195310567209 49 0.124009859563 50 0.202838939318 58 0.207331444542 59 0.255823915070 -1 0
41 42 0.115809714708 43 0.262728918620 49 0.130029143529 50 0.128857258559 51 0.219414693778 58 0.249074438470 59 0.199739990772 60 0.252395110492 -1 0
42 43 0.128547012028 44 0.233672240832 49 0.189979003773 50 0.109682122253 51 0.118067218373 52 0.214149330377 59 0.221798169355 60 0.190536598578 61 0.229304672513 -1 0
43 44 0.127803254502 50 0.207675007320 51 0.119605998159 52 0.109633635404 53 0.190368728936 60 0.240457505741 61 0.208325916584 62 0.219698804375 -1 0
44 51 0.228042499344 52 0.130767432652 53 0.111197778178 61 0.260698150420 62 0.191762626114 -1 0
45 46 0.112796170590 47 0.246518090509 54 0.128972876944 55 0.108317654440 56 0.227630808479 63 0.220382274194 64 0.236574107867 -1 0
46 47 0.120320015958 48 0.241094500659 54 0.192883217580 55 0.116664665822 56 0.124663141968 57 0.215815115643 63 0.232953553096 64 0.221124965144 65 0.238521954643 -1 0
47 48 0.120343575854 55 0.210991605504 56 0.131321503585 57 0.113511798221 64 0.222740053932 65 0.213599294019 66 0.234214254128 -1 0
48 49 0.245464215306 56 0.227619584927 57 0.118010014756 58 0.195426015850 65 0.242840254829 66 0.220165978931 -1 0
49 50 0.121191889070 51 0.234424788084 58 0.111965586938 59 0.121513034238 60 0.197951581356 67 0.190401888556 68 0.236830381351 -1 0
50 51 0.122664795825 52 0.248445518053 58 0.222661412035 59 0.114760949796 60 0.117285277537 61 0.203045734553 67 0.238927910659 68 0.216746148806 69 0.231631844084 -1 0
51 52 0.121663570222 53 0.260651551143 59 0.218835535030 60 0.122533144055 61 0.115905404884 62 0.214565162273 68 0.236809430957 69 0.200082322730 70 0.236222835770 -1 0
52 53 0.123074153685 60 0.194131768873 61 0.113033269214 62 0.125634491726 69 0.218408804394 70 0.225289392390 71 0.222151966754 -1 0
53 61 0.212490295281 62 0.122470943726 70 0.229462502580 71 0.218844533526 -1 0
54 55 0.121002123186 56 0.220000901351 63 0.117984529215 64 0.201683168785 72 0.199577952564 73 0.240606050512 -1 0
55 56 0.117241754722 57 0.229459371986 63 0.118071080613 64 0.114106214136 65 0.197552463455 72 0.220814065457 73 0.210870298512 74 0.249988283276 -1 0
56 57 0.125693184464 63 0.208646372373 64 0.108359139488 65 0.129228932359 66 0.219623104185 73 0.239776629904 74 0.204783970950 75 0.243863049583 -1 0
57 58 0.233712662374 64 0.212806037803 65 0.117406044508 66 0.116153751091 74 0.254868670970 75 0.205140471657 -1 0
58 59 0.110697378809 60 0.250212778009 66 0.189979222830 67 0.113122088262 68 0.216741157597 76 0.208856261100 77 0.241674561131 -1 0
59 60 0.114828592292 61 0.220561426506 67 0.117185332775 68 0.119243234389 69 0.220901503932 76 0.220747060929 77 0.206917710229 78 0.217533587895 -1 0
60 61 0.128739135243 62 0.233172365065 67 0.204916004821 68 0.128602572480 69 0.111976108117 70 0.197948756772 77 0.238605091430 78 0.195564720968 79 0.250113539055 -1 0
61 62 0.110638966993 68 0.202699943583 69 0.122118088369 70 0.110223231945 71 0.211469880035 78 0.243161051249 79 0.213264281734 80 0.252136073234 -1 0
62 69 0.222971060177 70 0.122138977648 71 0.122944244407 79 0.221953993331 80 0.204896010076 -1 0
63 64 0.117505730116 65 0.246775697054 72 0.124139047941 73 0.118974784668 74 0.201806862985 81 0.187213032029 82 0.228400453854 -1 0
64 65 0.111732332873 66 0.236072939278 72 0.192810844973 73 0.108472387625 74 0.130254300723 75 0.227910230794 81 0.253087811035 82 0.218743473817 83 0.223074145225 -1 0
65 66 0.122523936009 73 0.212786212368 74 0.119160368281 75 0.113853305715 82 0.239814443406 83 0.203684902091 84 0.230160365573 -1 0
66 67 0.241906290557 74 0.202599717523 75 0.123752096245 76 0.218180988008 83 0.251635985611 84 0.222437128713 -1 0
67 68 0.127335117121 69 0.230046175152 76 0.112636250999 77 0.111042906367 78 0.227833499691 85 0.198653689285 86 0.263724963155 -1 0
68 69 0.118425316393 70 0.250530390219 76 0.189862365912 77 0.127565922990 78 0.115049258952 79 0.227895806666 85 0.244892144290 86 0.211221787960 87 0.227551362710 -1 0
69 70 0.117930450506 71 0.263789638386 77 0.226536253004 78 0.112862902309 79 0.118641433032 80 0.223986923124 86 0.254100200476 87 0.210109897275 88 0.236263848147 -1 0
70 71 0.129010205978 78 0.211209490567 79 0.128705991469 80 0.110954435891 87 0.246705141250 88 0.218267192728 89 0.229057426981 -1 0
71 79 0.195638717073 80 0.108774598980 88 0.238002767021 89 0.190899694795 -1 0
72 73 0.111071201197 74 0.218744429511 81 0.114221097067 82 0.213146821223 -1 0
73 74 0.127058009175 75 0.251353106543 81 0.108942581068 82 0.110331201826 83 0.213960994695 -1 0
74 75 0.115903582645 81 0.220834207009 82 0.123198265907 83 0.118782694507 84 0.203056444127 -1 0
75 76 0.241366322868 82 0.210682768847 83 0.111769770396 84 0.131187093627 -1 0
76 77 0.116132158547 78 0.263744725841 84 0.221395219196 85 0.108325559435 86 0.217902473270 -1 0
77 78 0.111175031258 79 0.217444594177 85 0.113146538047 86 0.121917971382 87 0.203042088288 -1 0
78 79 0.119055211437 80 0.257593879066 85 0.218102609150 86 0.131796211199 87 0.112585171220 88 0.217294253178 -1 0
79 80 0.116127271512 86 0.201033556394 87 0.127326928117 88 0.112573002610 89 0.207382230358 -1 0
80 87 0.203515084847 88 0.108481242127 89 0.110968575696 -1 0
81 82 0.125561758101 83 0.256101215075 -1 0
82 83 0.112486562908 84 0.243740109463 -1 0
83 84 0.114176552639 -1 0
84 85 0.260926268578 -1 0
85 86 0.114796476421 87 0.222324353010 -1 0
86 87 0.111091688724 88 0.233896750083 -1 0
87 88 0.130426730470 89 0.246609677276 -1 0
88 89 0.124469407159 -1 0
89 -1 0
