0.000000
1.000000
210
15
0.146200
0.000000
0.389499493875 0.681709564757
0.733501953073 0.640648144763
0.802598382812 0.002769588493
0.676715635695 0.520837245975
0.103906388395 0.999959194101
0.443031181581 0.123235356528
0.748161366209 0.976926755626
0.307798055001 0.545265681576
0.756550144404 0.919030893594
0.464541256893 0.983784826007
0.711249621585 0.964511438739
0.148361059371 0.144142338540
0.903840720654 0.424525990151
0.564400698524 0.592573800590
0.642142241821 0.523706902284
0 22 0.104267053562  24 0.140440403301  43 0.134571447709  58 0.082953534969  81 0.057016527484  91 0.099866787367  99 0.024468278525  102 0.072580341675  104 0.104019873142  108 0.129784815927  117 0.080117116503  132 0.094138984087  140 0.126327621734  143 0.107275770561  163 0.126563731699  164 0.122241894435  202 0.102092748409  -1 0
1 8 0.111752918094  10 0.061411821979  17 0.135093663934  29 0.138876028713  46 0.059692616068  50 0.114417327374  53 0.058908227159  65 0.070265703927  78 0.090599211127  79 0.142760995603  80 0.078064883614  82 0.048385730235  87 0.115660983060  127 0.101742739276  176 0.062270448552  195 0.012166160840  204 0.125285665034  206 0.087530562315  -1 0
2 0 0.035683955942  2 0.130414026972  6 0.110525699742  23 0.042826196088  36 0.126919002419  44 0.117027928781  70 0.063611183949  179 0.134627144925  191 0.106283253979  -1 0
3 40 0.136898673043  47 0.120540824773  53 0.074122976644  72 0.117400222321  78 0.075196596599  80 0.094178009372  82 0.134627245606  87 0.074203543252  90 0.076595197924  121 0.105722902286  150 0.127574432719  160 0.091639179593  180 0.095663242605  195 0.121700663004  204 0.045634947980  -1 0
4 25 0.055666526633  31 0.088494266335  39 0.128924328961  73 0.123425210819  123 0.126361559073  137 0.128199424098  171 0.115954148024  184 0.137403715614  188 0.067785439080  194 0.083244315236  -1 0
5 26 0.101727044164  55 0.137810506430  69 0.038917481586  92 0.120468677391  147 0.126544448934  156 0.066657660569  170 0.129819376146  177 0.099371643278  197 0.091024631815  -1 0
6 12 0.079118174906  32 0.036139307087  38 0.070772121103  68 0.115810899737  110 0.144468616734  168 0.079744755716  -1 0
7 1 0.106724565214  22 0.100976814467  34 0.087796369566  51 0.101298092596  56 0.013296847140  85 0.144515502401  96 0.135545766278  99 0.134698753437  103 0.071207076610  117 0.079581443439  119 0.133865769882  136 0.061158297542  143 0.131628165469  189 0.014555108654  -1 0
8 12 0.090359187320  32 0.076338458121  38 0.049937139705  68 0.114092321050  128 0.114387904713  153 0.106714233890  168 0.037407948815  178 0.133752746492  205 0.142147741147  -1 0
9 5 0.116187713952  14 0.130431544031  54 0.052849523928  110 0.139328784284  111 0.123315244811  145 0.077891064824  149 0.112934916480  151 0.021400029880  196 0.067570910229  -1 0
10 12 0.116512074393  32 0.016740623449  38 0.045118272866  68 0.077189742285  110 0.109147602152  128 0.132839183814  168 0.064731488248  -1 0
11 28 0.087970091651  37 0.052755196317  71 0.083329687538  75 0.135546829474  76 0.120244928581  97 0.126088977621  116 0.111275289525  120 0.137060722334  124 0.118616604141  126 0.130647347382  130 0.104870034170  162 0.130574712091  166 0.045514115760  167 0.103982472449  172 0.057624199015  201 0.092105377454  -1 0
12 15 0.075919256055  52 0.099989714289  60 0.131442092616  61 0.138484266672  95 0.118752016518  138 0.127881607654  183 0.086993521709  -1 0
13 4 0.046024328436  8 0.137125389397  53 0.139127089817  72 0.085430638249  82 0.137873882134  87 0.070535417068  90 0.101704413427  104 0.130285309894  121 0.108894036966  140 0.145935759910  180 0.121767010081  204 0.089118752104  -1 0
14 47 0.142691048021  53 0.090296020340  72 0.083672173960  78 0.107017253628  80 0.124466141106  82 0.138889271985  87 0.058416483445  90 0.046136534712  121 0.075667130395  150 0.119580894805  160 0.115988103052  180 0.069605181403  195 0.136554167813  204 0.029179141263  -1 0
0 2 0.111862068930 6 0.075011909810 23 0.024860838539 36 0.096649698314 44 0.102510598869 59 0.138274441248 70 0.084388951920 165 0.133261567395 179 0.111384890365 191 0.070625149031 -1 0
1 13 0.135828712677 56 0.118973500490 103 0.068241282181 106 0.135497155520 119 0.036429352546 189 0.119448416329 193 0.106807812591 -1 0
2 6 0.115037487062 23 0.135240914749 84 0.088598410536 165 0.066035005171 170 0.128453483111 187 0.111133218757 191 0.108661251043 -1 0
3 26 0.138991085154 35 0.027027759588 83 0.053919020106 85 0.143034428519 89 0.063620637111 112 0.127684216390 122 0.094339507844 131 0.133685158411 148 0.054855487530 150 0.117970826712 174 0.042786537509 180 0.146119948102 182 0.132231442670 199 0.144798518298 -1 0
4 8 0.140969908293 22 0.132953420475 72 0.118741456502 81 0.140853315191 87 0.112652623356 90 0.143967464203 104 0.087205618188 121 0.145685641761 132 0.141109182648 140 0.107289102386 204 0.134370569747 -1 0
5 39 0.117945035472 54 0.099745572045 57 0.075131361150 111 0.009096139309 145 0.051710331211 151 0.136552115121 196 0.082458603707 209 0.069250061588 -1 0
6 23 0.076962336231 36 0.049622460948 44 0.101898631215 59 0.066139906777 70 0.144180533555 139 0.121480519518 165 0.094067426559 179 0.084356596371 187 0.106275786136 191 0.006831031775 208 0.142619275008 -1 0
7 9 0.058803733285 16 0.069178235681 41 0.099109745882 44 0.118425144731 66 0.069130721896 70 0.091585802356 105 0.042514210101 208 0.128210713886 -1 0
8 10 0.051773389475 21 0.045844264179 29 0.070366305155 42 0.075925899578 45 0.134962317956 46 0.062049752267 50 0.103304470646 53 0.130590853752 65 0.073193510883 82 0.067445568354 87 0.124076296459 94 0.106201378261 100 0.088762491000 128 0.135309507130 140 0.136653817145 146 0.120816637387 178 0.109147259619 195 0.109176881967 -1 0
9 16 0.038624465419 41 0.044821187583 44 0.126028813887 64 0.101167966415 66 0.016139143827 70 0.140146247321 105 0.029454279094 175 0.097681434573 192 0.145335148522 208 0.109704075319 -1 0
10 21 0.089115367851 29 0.084999104724 42 0.120842338681 46 0.016403869914 50 0.084232253974 53 0.094269456329 65 0.036649534286 78 0.143819736401 80 0.135606184031 82 0.028133069085 87 0.115528883472 100 0.121721896519 176 0.117176631302 178 0.122386086662 195 0.061150583169 204 0.137850655401 206 0.138736152454 -1 0
11 31 0.087438320355 62 0.134540087754 73 0.059288232825 88 0.113264700666 129 0.116849210374 137 0.043789175218 141 0.145310720931 159 0.101297695099 171 0.109308264764 181 0.145568265533 184 0.095197043078 188 0.106096394605 194 0.113869567164 207 0.121811087322 -1 0
12 32 0.115137559771 38 0.132863628470 153 0.109149066628 168 0.127388970638 186 0.099723677580 205 0.078611586865 -1 0
13 18 0.133544170503 34 0.133149633302 96 0.103659169056 106 0.063772580328 112 0.143840259312 119 0.115956054563 126 0.144364325257 131 0.142532294458 190 0.127847464735 198 0.104306224718 199 0.118782605783 200 0.097929567151 203 0.047622931354 -1 0
14 33 0.078899440856 38 0.139615950620 42 0.136956038967 45 0.082027921223 54 0.129792655695 68 0.078918073335 94 0.110820472549 100 0.131128405510 110 0.087641350242 128 0.129551968205 146 0.106730344521 149 0.099747429244 151 0.111230055368 -1 0
15 27 0.123516464259 60 0.089451400896 93 0.084562234701 95 0.075808366246 138 0.057147749847 183 0.022426606009 192 0.115959016886 -1 0
16 41 0.040688237199 44 0.090372408163 64 0.095895788276 66 0.027281356974 70 0.126112915776 105 0.027167907284 175 0.081111819280 179 0.117097315439 192 0.118486275899 208 0.071435441583 -1 0
17 19 0.104928940087 30 0.113173068109 52 0.087735263935 61 0.140435534738 63 0.112047408387 78 0.132015874176 79 0.113948250349 80 0.113490275604 107 0.115316209657 118 0.128114661882 127 0.046583327893 135 0.067911199256 152 0.056498963251 154 0.049743780028 169 0.113565251788 176 0.073808867917 185 0.134966265629 195 0.142704279897 206 0.054047029441 -1 0
18 20 0.146075268183 106 0.070630848360 114 0.086766963153 119 0.116866359529 126 0.126221923228 133 0.116900917461 155 0.056787483166 157 0.039359730265 158 0.109805313168 198 0.090605680827 200 0.084012891374 203 0.105612028901 -1 0
19 30 0.068962590100 61 0.124461379069 63 0.021646461991 79 0.123452439721 107 0.112503110459 118 0.080551470039 135 0.050125971595 152 0.084568507524 154 0.067085210692 169 0.048253602330 185 0.053523647393 206 0.137213081805 -1 0
20 114 0.095185883152 155 0.115296681777 157 0.109654407453 158 0.068442576102 -1 0
21 29 0.049851723457 33 0.142490317858 42 0.031735895115 45 0.091017503764 46 0.093221303123 50 0.103573047241 65 0.095164320853 82 0.110604986930 94 0.063580020761 100 0.045698055334 104 0.146103284358 128 0.099173162948 140 0.124126883860 146 0.081115256599 178 0.079518627049 -1 0
22 34 0.108202601865 51 0.061745070082 56 0.089330193530 81 0.146098446222 85 0.130462124014 99 0.084794492642 117 0.072153654381 136 0.082429537299 189 0.089220736241 -1 0
23 36 0.084727123615 44 0.079073442723 59 0.133655045373 70 0.068848429748 179 0.092387055710 191 0.074534879545 208 0.132935071774 -1 0
24 58 0.061805696562 67 0.093049728718 74 0.096509646530 88 0.142871272128 108 0.134784089781 143 0.099648950574 163 0.031647619834 181 0.076864812163 202 0.073603236977 209 0.142658524243 -1 0
25 31 0.070337402302 39 0.081830094107 57 0.140803530003 67 0.145821538646 73 0.102642628595 74 0.141672159339 123 0.071150093803 137 0.114486172369 184 0.098874877057 188 0.090979103745 194 0.115701991106 -1 0
26 69 0.140630068568 134 0.128163920225 156 0.118705255204 174 0.129086443121 -1 0
27 48 0.140246793427 59 0.141373761157 60 0.037122822396 93 0.133821157256 138 0.144315004835 139 0.079677431172 144 0.113984323221 161 0.123137730961 183 0.101091206297 192 0.104372567386 208 0.142425370792 -1 0
28 37 0.140723762169 49 0.067207981312 71 0.115253092462 76 0.056860296840 97 0.135492826618 120 0.105970620236 124 0.139172453041 130 0.141856201489 162 0.046445757782 166 0.067685412540 172 0.032005422499 201 0.145608426595 -1 0
29 42 0.067458771497 45 0.114990665023 46 0.079823954669 50 0.058095337026 65 0.070562911358 82 0.112625458198 94 0.095259644823 100 0.045821197648 128 0.068818593273 146 0.115924619874 168 0.142114340564 178 0.039573406020 195 0.142494040675 -1 0
30 52 0.116046973903 61 0.055746814647 63 0.090599914744 118 0.015667407271 135 0.049747322389 152 0.061350496397 154 0.104524751863 169 0.022720889856 185 0.121937098892 -1 0
31 39 0.139643681926 67 0.127054070580 73 0.035307396361 74 0.126986807011 123 0.092628885665 137 0.044336560932 171 0.105942892874 184 0.057259331660 188 0.059041219395 194 0.084218187979 -1 0
32 38 0.061848434871 68 0.087039156904 110 0.108445887050 168 0.081036932265 -1 0
33 42 0.111317230526 43 0.091245552620 45 0.057919249163 54 0.123132009108 91 0.110832536897 94 0.079416078009 100 0.127555553497 102 0.134271633406 104 0.143255511316 108 0.111315272644 132 0.114082279065 140 0.114881689314 146 0.061758136932 149 0.055646327669 151 0.142096754894 164 0.088096446763 196 0.134673271779 -1 0
34 51 0.056769914489 56 0.078521025224 85 0.059040156686 89 0.141848459837 96 0.056826447331 112 0.080477627518 117 0.141038563793 131 0.072442719452 136 0.032700064725 189 0.076488262910 199 0.128379877110 -1 0
35 83 0.079323124130 85 0.116009921172 89 0.040293306411 112 0.102159730442 121 0.140518341746 122 0.076811854295 131 0.107744150697 148 0.052878143017 150 0.128204912919 174 0.028603799571 180 0.142102799440 199 0.126985637348 -1 0
36 44 0.064473828537 59 0.057191884874 70 0.137910468985 139 0.078896245331 165 0.141053342229 179 0.036959712885 187 0.144161473373 191 0.055516411407 208 0.095214429390 -1 0
37 71 0.103200042714 116 0.093060319689 124 0.135777605759 126 0.106799503401 130 0.114260227099 166 0.089583836679 167 0.102499946774 172 0.110134527852 201 0.090506386811 -1 0
38 68 0.064390245170 100 0.142590936412 110 0.121284592489 128 0.088488694028 168 0.025325264742 178 0.116033827751 -1 0
39 57 0.081115964635 67 0.144077616704 74 0.136612642859 111 0.112927313862 123 0.066861240430 184 0.137256360607 209 0.109199350550 -1 0
40 47 0.051084440828 48 0.131259519371 83 0.136751576180 90 0.145156712628 144 0.040908741388 150 0.075476359041 160 0.066904063821 161 0.094948410475 180 0.134446511463 -1 0
41 44 0.123701083587 64 0.058468331942 66 0.030424617645 93 0.120430748381 105 0.058662463673 175 0.053059099149 179 0.144166317891 192 0.103501708612 208 0.089024132233 -1 0
42 45 0.059391725567 46 0.124474470633 50 0.125352493057 65 0.124787959679 82 0.142042944008 94 0.032009644265 100 0.036425247020 104 0.137973376749 128 0.093012994831 140 0.111698382396 146 0.050737500836 178 0.083289583679 -1 0
43 45 0.140704701083 54 0.127921534176 81 0.086406335312 91 0.037568518768 102 0.066354414957 104 0.121392293935 108 0.021546561825 132 0.067964302454 140 0.108648809240 145 0.145953823510 146 0.129335028262 149 0.073752757559 163 0.123911115296 164 0.025449177290 196 0.124588408943 -1 0
44 59 0.119401489390 66 0.117516611667 70 0.096664174478 105 0.100278518019 139 0.104585082377 175 0.134655876962 179 0.036068385420 191 0.105168042672 192 0.134983174119 208 0.053875515537 -1 0
45 68 0.125862830370 94 0.029419565410 100 0.069772788348 128 0.103499378734 132 0.139565948600 140 0.117210852690 146 0.027334121220 149 0.112710132137 164 0.129689569468 178 0.111857422290 -1 0
46 50 0.069878099734 53 0.101994508955 65 0.020827820552 80 0.137044081856 82 0.040084408430 87 0.130120638144 100 0.120468985224 128 0.146121559851 176 0.109241358390 178 0.114796939047 195 0.062670092154 206 0.128953605727 -1 0
47 60 0.141688334349 78 0.136044384383 144 0.063967277470 150 0.114042658918 160 0.029686682035 161 0.133715952045 -1 0
48 59 0.113011391977 77 0.110936661260 83 0.128719366846 139 0.136316525600 144 0.108207477206 161 0.037681323870 182 0.059139580461 187 0.144754705389 -1 0
49 76 0.089817846864 120 0.101788615840 147 0.109322012969 162 0.021603351695 166 0.120513093872 172 0.094592010193 -1 0
50 65 0.049654377277 79 0.123090893378 82 0.109940148983 100 0.101669326463 107 0.136594150919 128 0.097772660596 176 0.136495610417 178 0.068952922341 195 0.122446871376 206 0.144854868022 -1 0
51 56 0.088172119065 85 0.068945871767 96 0.105206012114 99 0.145324429306 112 0.108188937614 117 0.118337351737 122 0.131671723372 131 0.100317475278 136 0.047907899210 189 0.086752610429 -1 0
52 61 0.103025472776 78 0.140592832713 80 0.132132064175 118 0.123799276560 127 0.091442236518 135 0.103963476949 152 0.069521983676 154 0.128454852960 169 0.131864925516 176 0.141849897135 206 0.133148730422 -1 0
53 65 0.119228627538 78 0.057482900087 80 0.060027474837 82 0.067080775427 87 0.069936390294 90 0.135484416097 127 0.118213068294 176 0.101754837513 195 0.047663395620 204 0.070004294946 206 0.127765295448 -1 0
54 108 0.129876312975 111 0.103671650854 145 0.048575420945 149 0.072089095043 151 0.060890323453 196 0.021260977020 209 0.133105143632 -1 0
55 77 0.041521100022 84 0.130970505838 92 0.116178826907 165 0.098087058527 170 0.088350434269 177 0.133180265866 182 0.127131759571 187 0.063587180513 -1 0
56 85 0.133730638622 96 0.129160913277 99 0.129846968155 103 0.084131439080 117 0.076565852250 119 0.144844444314 136 0.049770614181 143 0.136525149991 189 0.002045378544 -1 0
57 67 0.103671301119 74 0.095384765564 111 0.066250844442 123 0.078772330441 145 0.110040696932 184 0.139010396609 196 0.134519688613 209 0.028797393054 -1 0
58 81 0.112864071060 91 0.127565453930 99 0.087957432510 102 0.114543486032 108 0.130323294014 117 0.108001690623 132 0.144286481282 143 0.058761802590 163 0.061358981631 181 0.126892538407 202 0.035031469461 -1 0
59 77 0.139341344794 139 0.075074938760 161 0.137114372647 165 0.123834221972 179 0.085815917232 187 0.109329623441 191 0.072398093218 208 0.136330850229 -1 0
60 93 0.118299334287 138 0.119717634385 139 0.113111578856 144 0.120759225284 183 0.067279039464 192 0.104655012476 -1 0
61 63 0.146102793051 118 0.048176431476 135 0.094107126098 152 0.084346459425 169 0.078066118707 -1 0
62 86 0.086079782797 88 0.140595945651 98 0.111156347849 101 0.118718203769 115 0.140305402529 129 0.065260162085 141 0.062806643385 159 0.046882181366 207 0.024793550475 -1 0
63 79 0.109074329408 107 0.096855571142 118 0.101937347846 135 0.067357898541 152 0.101303975224 154 0.067383112474 169 0.069614754309 185 0.032324916140 206 0.136237547628 -1 0
64 66 0.088444459894 93 0.069588930323 95 0.136668455769 105 0.116975699909 138 0.101001842495 175 0.030077859182 192 0.078268418182 208 0.113272898563 -1 0
65 79 0.136393420794 82 0.060502691708 100 0.114688755780 128 0.132757539491 176 0.109486795391 178 0.101316838924 195 0.076118780686 206 0.125806007380 -1 0
66 70 0.143059023439 105 0.031189191859 175 0.082460105449 179 0.144215281338 192 0.129243703706 208 0.096030456417 -1 0
67 73 0.113821184321 74 0.008362596086 88 0.127011794418 123 0.083534178186 137 0.129145378883 163 0.108955437883 181 0.062053920031 184 0.071531554077 209 0.109086467278 -1 0
68 94 0.146009813589 100 0.134696294500 110 0.067728052132 128 0.099208924236 168 0.085514876283 178 0.130534424866 -1 0
69 92 0.101324289585 147 0.094110546185 156 0.077844098151 170 0.119835143430 177 0.073347607724 197 0.052361588223 -1 0
70 105 0.112229318189 179 0.127801536741 191 0.142553167705 208 0.140911586634 -1 0
71 116 0.071078210715 120 0.082262906989 124 0.035352080018 126 0.091106802292 130 0.026802095246 134 0.114674647473 162 0.134993905180 166 0.053140713384 172 0.089413704397 173 0.085518087861 190 0.111317324543 198 0.133798575006 200 0.142777075814 -1 0
72 87 0.104849479968 90 0.044148084901 121 0.028635979791 122 0.078674077291 148 0.110521953247 150 0.118281128566 180 0.046709040106 204 0.095611109598 -1 0
73 74 0.116030421217 88 0.130333939158 123 0.105477696291 137 0.017782888671 171 0.115965217473 181 0.129110257118 184 0.043791801331 188 0.082617923527 194 0.103045273221 -1 0
74 88 0.135218353208 123 0.077406108107 137 0.131909889121 163 0.110215655379 181 0.070234738747 184 0.072892044508 209 0.101423002935 -1 0
75 76 0.132620457508 97 0.029338500285 167 0.047775123136 201 0.057572716167 -1 0
76 97 0.104093651026 162 0.078557833742 166 0.117463100880 167 0.143914772593 172 0.079742767107 201 0.140361813196 -1 0
77 165 0.115246672987 170 0.129584860511 182 0.086868962055 187 0.071276117284 -1 0
78 80 0.020741158767 82 0.119405653830 87 0.115728960403 127 0.085516086546 160 0.109065667610 176 0.096596080898 195 0.084856552406 204 0.101514492878 206 0.116778399308 -1 0
79 107 0.014671740890 127 0.134615020268 135 0.134292246799 154 0.080714256841 176 0.103928911255 185 0.101249306191 206 0.086675078914 -1 0
80 82 0.113611184882 87 0.125694301505 127 0.066937969414 160 0.127557047662 176 0.076158177530 195 0.074712528420 204 0.115592299221 206 0.096038268854 -1 0
81 91 0.048926218278 99 0.080485123964 102 0.020114024346 104 0.065466468975 108 0.088655175217 117 0.136729865795 132 0.037316206752 140 0.077762245199 163 0.131070062649 164 0.068844336680 202 0.142269947377 -1 0
82 87 0.090741725466 176 0.110164814243 195 0.042915255513 204 0.110963817534 206 0.134559101490 -1 0
83 89 0.117535850317 122 0.125378255992 148 0.072899468560 150 0.092362336620 161 0.125452087035 174 0.095694107774 180 0.146183471498 182 0.085177778853 -1 0
84 92 0.066497826259 165 0.097306650581 170 0.057192857414 177 0.097556395143 187 0.123277729753 -1 0
85 89 0.087821347331 96 0.060257460115 112 0.041261992436 122 0.099378692001 131 0.034489369522 136 0.084041495174 148 0.136685894150 174 0.113814758381 189 0.131786896096 199 0.107403105787 -1 0
86 98 0.054422099260 101 0.090068959283 115 0.127517372487 129 0.098212715050 141 0.069688104930 159 0.106639541492 193 0.116021345054 207 0.087666514654 -1 0
87 90 0.088406113458 121 0.112403720502 180 0.114844573644 195 0.103647707062 204 0.030465697225 -1 0
88 98 0.133479085658 101 0.095726787004 115 0.067952707548 129 0.077833635365 137 0.130013254216 141 0.099244602480 159 0.095062452867 181 0.074855024866 184 0.125619524749 207 0.115961920927 -1 0
89 96 0.108637027728 112 0.064843234025 122 0.090292225733 131 0.071504941402 148 0.087491992845 174 0.026260706763 199 0.088489013721 -1 0
90 121 0.029580219257 122 0.104896708373 148 0.117638517234 150 0.094366461634 160 0.134400859828 180 0.026457580489 204 0.067788657792 -1 0
91 99 0.124327297675 102 0.029012266638 104 0.090129408418 108 0.043914668291 132 0.035758636694 140 0.084706432729 146 0.132106405407 149 0.107792615497 163 0.121570565411 164 0.023036768765 -1 0
92 165 0.135757911615 170 0.033005699885 177 0.032649532858 187 0.141222545309 197 0.104271700017 -1 0
93 95 0.088110469259 138 0.038010429676 175 0.068541666036 183 0.082907374815 192 0.054507767606 208 0.131933402159 -1 0
94 100 0.054126938811 104 0.132312049107 128 0.101757977843 132 0.135055667228 140 0.102918134488 146 0.020877623794 149 0.135018932094 164 0.134712430408 178 0.101533324660 -1 0
95 138 0.053284405308 183 0.094967920908 192 0.141169191894 -1 0
96 112 0.045114258039 131 0.041147855573 136 0.088981133214 174 0.133006241622 189 0.127137968224 199 0.072192410073 203 0.145959489354 -1 0
97 167 0.062480578480 172 0.133445662522 201 0.067911812624 -1 0
98 101 0.041533262419 115 0.080103790920 129 0.086557905687 141 0.059935972257 159 0.108109817964 193 0.069192236206 207 0.099784464809 -1 0
99 102 0.096859141476 104 0.120035423727 117 0.056257051621 132 0.117108380773 140 0.145034148609 143 0.097653561076 163 0.139711041056 189 0.131080735018 202 0.098751727752 -1 0
100 128 0.057141087048 146 0.074887968288 168 0.136429904877 178 0.048203578091 -1 0
101 115 0.038677613887 129 0.070784183377 141 0.056234946317 159 0.098388307652 193 0.075192746444 207 0.099845618765 -1 0
102 104 0.074553638216 108 0.068944565798 132 0.029839195825 140 0.079172447063 146 0.145465029657 149 0.136394083587 163 0.122862903542 164 0.050051666091 -1 0
103 117 0.109549568484 119 0.104498330390 136 0.131532240926 143 0.109472339969 189 0.085639936726 193 0.115937314367 202 0.136383394977 -1 0
104 108 0.133553080979 132 0.054536783842 140 0.030543356851 146 0.120909329633 164 0.096300294817 -1 0
105 175 0.106054225690 179 0.131702718000 192 0.145627334580 208 0.093917072085 -1 0
106 116 0.131924505453 119 0.102966371359 126 0.111164917625 155 0.126554849164 157 0.109166704575 198 0.064454486661 200 0.055401077998 203 0.039739220978 -1 0
107 127 0.140562963358 135 0.127900752132 153 0.146044456585 154 0.076798605805 176 0.114084311641 185 0.087103956638 206 0.094629174067 -1 0
108 132 0.079021476603 140 0.124617626507 145 0.140577167383 149 0.086214059213 163 0.103156954159 164 0.042417481531 196 0.123023375703 -1 0
109 142 0.115311855057 186 0.075249148834 205 0.112756399304 -1 0
110 151 0.118645326630 168 0.145869314846 -1 0
111 123 0.139776828069 145 0.055128163069 151 0.143362028796 196 0.085327535425 209 0.060339517117 -1 0
112 122 0.114834004714 131 0.008283608187 136 0.111786178465 148 0.137678559955 174 0.090290442125 199 0.066911348722 -1 0
113 114 0.092087939470 133 0.036235735916 155 0.102299162326 157 0.131092815311 158 0.108047629299 -1 0
114 133 0.057565340458 155 0.031772248475 157 0.051363032126 158 0.030914761164 -1 0
115 129 0.079786517629 141 0.079305684612 143 0.142294047805 159 0.108165831544 181 0.124916441831 193 0.094888680835 207 0.117702687257 -1 0
116 124 0.080635731288 126 0.021238513507 130 0.056079182918 134 0.144044249537 166 0.108747508897 172 0.146032271419 173 0.123059538388 190 0.109834253417 198 0.067624680377 200 0.076791112208 203 0.115757656799 -1 0
117 136 0.108368164219 143 0.082918926343 189 0.078077292878 202 0.099101456166 -1 0
118 135 0.065414725309 152 0.074830252764 154 0.120079710726 169 0.032323486947 185 0.132301481159 -1 0
119 155 0.143114749789 189 0.144920808329 193 0.122659208169 203 0.133220202128 -1 0
120 124 0.074017036863 130 0.094822710491 134 0.098783655743 147 0.136544030975 156 0.092515362789 162 0.093348653110 166 0.091567025776 172 0.102222679309 173 0.075177482320 190 0.134057639907 -1 0
121 122 0.075381141042 148 0.093199857214 150 0.089863837159 180 0.018741426448 204 0.095512475014 -1 0
122 131 0.115096923564 148 0.053006859255 150 0.113213838337 174 0.099490041582 180 0.084715081701 -1 0
123 137 0.122933585535 181 0.141315159944 184 0.072603815458 188 0.142290093131 209 0.103785451136 -1 0
124 126 0.096131455466 130 0.025456133530 134 0.079671142623 156 0.141031618625 166 0.084826932434 172 0.117787577887 173 0.051246964478 190 0.079699828700 198 0.130713621724 200 0.138905371515 -1 0
125 142 0.074666204934 153 0.077278264148 186 0.107708965682 205 0.088246140881 -1 0
126 130 0.073183929254 157 0.141049848606 166 0.129968960553 173 0.133530204144 190 0.110223018601 198 0.046722488138 200 0.055843159488 203 0.097530202452 -1 0
127 135 0.113156374313 152 0.094158843484 154 0.091654445930 176 0.051044789150 195 0.106669504041 206 0.050113180565 -1 0
128 146 0.120025446969 168 0.079595249857 178 0.031461797605 -1 0
129 141 0.029521072656 159 0.028708017306 193 0.144352965904 207 0.040671980427 -1 0
130 134 0.100650440480 166 0.079550277397 172 0.116189016080 173 0.074294139477 190 0.087438007853 198 0.111839019557 200 0.120525131884 203 0.144541521551 -1 0
131 136 0.103581874472 148 0.140949492602 174 0.097288333595 199 0.072930504773 -1 0
132 140 0.051153449698 146 0.117338062619 149 0.127338589920 164 0.043961742221 -1 0
133 155 0.066198136261 157 0.094957778127 158 0.078397703079 -1 0
134 156 0.099718103737 173 0.030056249526 190 0.056415077839 199 0.134000173570 -1 0
135 152 0.034445316626 154 0.055565261390 169 0.045759169135 176 0.138271015982 185 0.098813938910 206 0.114216514351 -1 0
136 189 0.047861423019 -1 0
137 159 0.142146126393 171 0.103859707293 181 0.138502475036 184 0.060742299130 188 0.078505408803 194 0.095317148787 -1 0
138 175 0.105460273440 183 0.064902462104 192 0.088407363418 -1 0
139 161 0.141013683551 179 0.071914801172 191 0.128247243512 192 0.105885823560 208 0.088625857651 -1 0
140 146 0.090584377211 164 0.083343336441 -1 0
141 159 0.048198127898 193 0.123436839764 207 0.043923947843 -1 0
142 186 0.106782945128 205 0.113917329085 -1 0
143 163 0.113315278121 181 0.134881897851 189 0.138537807452 202 0.027087206007 -1 0
144 150 0.111505242724 160 0.090647641916 161 0.070615102011 182 0.141769368027 -1 0
145 149 0.110248759305 151 0.095184026228 196 0.030837742148 209 0.091104143844 -1 0
146 149 0.116754891919 164 0.114267826010 178 0.121904153830 -1 0
147 156 0.112909535081 162 0.127001587906 177 0.127259864746 197 0.056108205998 -1 0
148 150 0.079398921896 174 0.081481925057 180 0.091562077637 -1 0
149 151 0.108166356854 164 0.086715222915 196 0.080361283248 -1 0
150 160 0.111351071650 161 0.133287286796 180 0.073813132462 -1 0
151 196 0.079431859468 -1 0
152 154 0.071354639296 169 0.069285398235 176 0.130182942072 185 0.132108091249 206 0.110045442155 -1 0
153 168 0.130915514582 186 0.121780358526 205 0.084731846738 -1 0
154 169 0.094920549086 176 0.096514723252 185 0.086221197304 206 0.070165598014 -1 0
155 157 0.028801753296 158 0.060145478569 198 0.142118399195 200 0.136941274526 -1 0
156 173 0.103152587195 197 0.109161197012 -1 0
157 158 0.070947932710 198 0.115580527824 200 0.111150358126 203 0.141771308629 -1 0
158 -1 0
159 207 0.024324066651 -1 0
160 180 0.136342352740 204 0.136494709282 -1 0
161 182 0.079937051241 -1 0
162 166 0.099638464387 172 0.072996248936 -1 0
163 164 0.136489213629 181 0.106138166567 202 0.086245611484 209 0.130916013169 -1 0
164 -1 0
165 170 0.104673332505 187 0.045131914073 191 0.090367454539 -1 0
166 172 0.037890758429 173 0.128816610616 201 0.135203468547 -1 0
167 172 0.137863675487 201 0.012403403107 -1 0
168 178 0.102774487271 -1 0
169 185 0.100198542954 -1 0
170 177 0.062184633606 187 0.108231008515 197 0.132961815491 -1 0
171 188 0.056239994080 194 0.032895149331 -1 0
172 201 0.128343575613 -1 0
173 190 0.061260528476 -1 0
174 199 0.102126453241 -1 0
175 179 0.142249265069 183 0.145562122217 192 0.055402452304 208 0.084326671024 -1 0
176 195 0.071294867795 206 0.026431001048 -1 0
177 197 0.071715012421 -1 0
178 -1 0
179 191 0.089434772202 192 0.127885074756 208 0.058499058204 -1 0
180 204 0.093664928567 -1 0
181 184 0.099994372725 202 0.118443148849 -1 0
182 -1 0
183 192 0.103713266026 -1 0
184 188 0.115856319497 194 0.139868486921 -1 0
185 -1 0
186 205 0.038129190921 -1 0
187 191 0.105368281722 -1 0
188 194 0.026857708199 -1 0
189 -1 0
190 198 0.115346195414 199 0.112577112968 200 0.119535617055 203 0.108526236738 -1 0
191 -1 0
192 208 0.081847213226 -1 0
193 -1 0
194 -1 0
195 204 0.113174687538 206 0.097201530942 -1 0
196 209 0.111851073905 -1 0
197 -1 0
198 200 0.009179522169 203 0.056779393861 -1 0
199 203 0.142304454400 -1 0
200 203 0.050886230931 -1 0
201 -1 0
202 -1 0
203 -1 0
204 -1 0
205 -1 0
206 -1 0
207 -1 0
208 -1 0
209 -1 0
