0.000000
1.000000
506
23
0.093100
0.000000
0.302070504986 0.541319253854
0.001705358271 0.927770822309
0.444238517899 0.057423682883
0.299078618642 0.533948618919
0.548664219677 0.045206203125
0.854833557270 0.208928802516
0.442019192502 0.675646988209
0.280208399985 0.502205057535
0.918058087584 0.850005493034
0.578219827730 0.947211635299
0.602724214084 0.125822387636
0.258645071182 0.094142770860
0.492149591912 0.825678530149
0.254141927231 0.025602096226
0.419411142357 0.146915759426
0.192662563641 0.721481647342
0.688235013746 0.194367921911
0.649252469651 0.132473531645
0.251791604795 0.948331088293
0.666422150563 0.800455824472
0.993537291419 0.521255708300
0.009384626988 0.435556484386
0.196902696509 0.289593026973
0 13 0.087346941497  30 0.053638870386  52 0.068105712707  55 0.068341456672  105 0.091606519079  136 0.085703130841  141 0.074183623229  205 0.068538615901  227 0.055451604670  264 0.035478124906  296 0.062986626726  321 0.011901513050  388 0.045649530993  402 0.071926703405  483 0.073210939250  501 0.025545005013  -1 0
1 23 0.055136817260  75 0.027979509996  86 0.029042842159  182 0.056423658408  281 0.052152423414  312 0.043290684695  328 0.011935284175  366 0.055339669759  -1 0
2 131 0.061126664558  134 0.062624188140  148 0.035481335918  250 0.090578438382  273 0.067285141985  323 0.074321807035  337 0.062675835247  361 0.047622057243  384 0.065941441035  391 0.019164369928  435 0.035057492056  460 0.083237150743  -1 0
3 13 0.091339389113  14 0.092360467166  30 0.051425205074  52 0.061317619041  55 0.060857696490  105 0.086463768821  136 0.078147750098  141 0.080805794832  205 0.066945410662  227 0.053866587477  264 0.033480907632  296 0.057807464975  321 0.011214703163  352 0.092347709830  388 0.042813301046  393 0.085890047148  402 0.077844785394  483 0.068477041047  501 0.030090138368  -1 0
4 16 0.011989967747  20 0.042360697098  121 0.092817691566  127 0.029232832276  134 0.046512973629  228 0.054309304424  337 0.042471549185  347 0.082500404260  371 0.090878396055  384 0.077226076476  -1 0
5 4 0.077192641787  15 0.060723769124  88 0.029133910754  102 0.044177337302  117 0.044535996089  135 0.058562088189  213 0.073349886324  229 0.048312603196  252 0.068170576956  365 0.065847292515  367 0.033805424963  450 0.066190740384  -1 0
6 41 0.055427471269  103 0.043102342640  112 0.073317918742  154 0.088276077371  181 0.061254551603  190 0.077211329453  236 0.049054691943  282 0.087769176451  359 0.082944369911  368 0.075569184521  416 0.076485389677  428 0.033095486676  436 0.090382405498  437 0.081628129963  464 0.076249385770  474 0.061182940578  -1 0
7 14 0.068365542743  30 0.061556943614  52 0.031753552709  55 0.034094494774  105 0.075363166054  114 0.092145545340  136 0.048613641918  205 0.066410226088  227 0.056285176150  264 0.050106866285  296 0.040213825640  321 0.039839133719  352 0.087651424570  388 0.043348695815  393 0.049561210348  483 0.062411652641  499 0.077736466728  501 0.058903207579  -1 0
8 25 0.088332273436  35 0.080204763427  53 0.015042080640  96 0.089563476261  138 0.077164149617  140 0.067505454627  157 0.058735308592  189 0.053875416636  251 0.080331887205  278 0.078509911259  379 0.048039451711  385 0.078539347369  417 0.076463463888  439 0.090486741943  475 0.015038497705  -1 0
9 9 0.033353197953  12 0.071727811692  22 0.075001784420  27 0.091017070950  28 0.078973608392  29 0.030092662682  32 0.044818964503  49 0.086799203076  70 0.079528081855  72 0.057567748204  76 0.090499467904  79 0.077343444392  198 0.073583076546  269 0.007707299720  291 0.021284085200  444 0.058896100880  462 0.075549005210  -1 0
10 20 0.070617342801  37 0.079833858982  121 0.060436087687  127 0.087357290394  165 0.086119059532  180 0.066829976093  228 0.043446236438  253 0.081150550890  289 0.089210898187  306 0.067331644146  313 0.040750135547  371 0.092145490231  472 0.072755207797  -1 0
11 40 0.081257762315  54 0.085812416495  62 0.046605433044  84 0.036662035724  93 0.028700973948  160 0.053927422404  186 0.079595457160  188 0.082024785457  248 0.079988957533  301 0.031970507717  389 0.030234435941  -1 0
12 94 0.091475889844  106 0.065151155131  109 0.064047557828  156 0.029310931673  167 0.048722567391  177 0.083672814065  178 0.031622965377  232 0.039894654862  257 0.034136857784  354 0.046818313358  376 0.069826221884  380 0.043389706785  392 0.080345475004  416 0.081835376854  462 0.078549218635  -1 0
13 40 0.034573706751  54 0.073121336027  84 0.064718663747  93 0.059119373660  159 0.025789874878  160 0.023719428817  188 0.017171468411  286 0.056613952654  389 0.071342720190  422 0.067948779218  -1 0
14 146 0.064967811575  148 0.066032427594  184 0.069350328323  250 0.056845479463  273 0.025638509327  283 0.056571336034  330 0.063584344756  377 0.066102090856  391 0.074435480525  406 0.059483225105  409 0.047254276059  482 0.024618224405  -1 0
15 60 0.090214229714  97 0.083277875550  125 0.092624844087  144 0.075739403721  163 0.084812299872  173 0.058045026532  195 0.080608301749  215 0.059573972724  224 0.055449631008  397 0.073727263535  414 0.071775455230  441 0.063336412109  448 0.090379221914  497 0.053724300498  -1 0
16 37 0.057889766560  118 0.077675998732  120 0.036124314289  187 0.077221099502  253 0.040363971624  268 0.089497968927  289 0.027699537154  306 0.090561143880  449 0.085928585245  472 0.071702816981  478 0.073087468311  -1 0
17 37 0.070613055997  124 0.091781106454  165 0.062869484212  228 0.084895253535  253 0.036946738586  289 0.062318752333  306 0.031719990986  313 0.083948396136  371 0.091682032628  472 0.027593291520  -1 0
18 8 0.042150873370  31 0.066576881924  85 0.086735428830  343 0.047007048524  369 0.065400181982  398 0.048200024355  457 0.043681680021  459 0.046155311393  491 0.076107457566  493 0.060010419044  -1 0
19 58 0.077485993448  67 0.032421941349  99 0.055148217911  101 0.025254496504  130 0.031013964582  169 0.079450017046  212 0.037045240806  214 0.091790664224  331 0.047576224829  355 0.059896781817  356 0.074797870197  373 0.063159597165  382 0.082385930552  390 0.078450377655  401 0.078032290523  405 0.062891823261  476 0.083957397719  -1 0
20 110 0.049983084279  287 0.085714291430  342 0.076539107514  357 0.041993304324  387 0.075395159798  446 0.035782394211  498 0.051239680637  503 0.077325969346  -1 0
21 129 0.071598104036  247 0.069843039462  381 0.088352154148  468 0.045102965417  -1 0
22 7 0.074645247700  47 0.055210482904  132 0.049825801364  150 0.070757003835  194 0.063102598231  254 0.063950005770  285 0.048737311712  294 0.081374891431  358 0.091928634387  394 0.082625391165  421 0.048964678010  423 0.071502053046  443 0.084504647124  470 0.027344196391  477 0.066522223257  487 0.070086838714  492 0.089663903032  504 0.039989812439  -1 0
0 119 0.057782525216 135 0.087006821698 170 0.033217770015 172 0.042984274011 206 0.077887247577 277 0.092719841001 300 0.092304975535 326 0.009796361126 408 0.023050874917 420 0.070937249745 480 0.076216036389 -1 0
1 6 0.053766753371 39 0.056277693349 50 0.089813567556 122 0.037501440857 151 0.067986508682 171 0.085297064035 219 0.092931661117 221 0.047978075215 259 0.079314444296 261 0.041055544322 352 0.078331461341 455 0.087981479174 499 0.064261402229 -1 0
2 10 0.056193146994 56 0.056632183484 125 0.092906770198 166 0.088463410181 195 0.080853435945 224 0.077087645989 309 0.042490628184 315 0.038398243001 351 0.042770411182 363 0.017605805148 414 0.061298723557 497 0.078592048536 -1 0
3 69 0.041934558149 73 0.074365322402 118 0.059062487433 123 0.080386753312 220 0.061646666527 275 0.068194172053 303 0.031355570523 449 0.067307099251 -1 0
4 88 0.053502645643 117 0.037561025955 119 0.071644673225 187 0.085162376309 191 0.090738289394 210 0.050936473469 277 0.038974040024 365 0.011907516015 374 0.024154555089 383 0.081342765697 450 0.018141123843 478 0.090792751490 480 0.069880110506 -1 0
5 54 0.056183083947 62 0.090674100675 78 0.066499958145 84 0.077694455681 93 0.087237573682 202 0.085843513396 233 0.059753334992 256 0.013768227889 412 0.053340903984 415 0.047002297667 -1 0
6 50 0.037402377611 60 0.081547387755 68 0.077833864591 122 0.075353219455 205 0.076208602387 221 0.070447535736 227 0.089313384077 259 0.082480858896 261 0.091548272522 352 0.050834134326 404 0.086372796521 455 0.049460948326 499 0.066134318150 -1 0
7 47 0.057297604923 114 0.073593185930 116 0.090830932026 150 0.081708210706 168 0.091160272011 192 0.047889413053 194 0.018288466320 288 0.081916062372 292 0.082304915021 294 0.006926117445 418 0.080799717688 421 0.055441165514 423 0.083316047648 440 0.069788587989 456 0.047884315361 458 0.083547438402 470 0.078379398673 487 0.016957163652 492 0.081259794329 495 0.085729158868 -1 0
8 31 0.084985607237 111 0.077905517128 142 0.063214100913 225 0.076491400673 280 0.070535795667 307 0.082321828973 311 0.066742018157 327 0.091677085883 333 0.080550872670 343 0.083912994740 369 0.062005157926 398 0.074862044390 457 0.083745486362 459 0.078246910002 493 0.088164690411 -1 0
9 12 0.078160598054 29 0.063407690063 32 0.037952445516 72 0.081583786412 76 0.064360986389 79 0.044082951499 167 0.077754813486 198 0.070572524366 269 0.030838417744 291 0.019737006931 444 0.087879485676 462 0.060633244393 -1 0
10 166 0.032353178063 195 0.079393319975 276 0.046210351794 309 0.053563874058 315 0.033596096301 329 0.086431897017 363 0.044047911885 366 0.087629134173 -1 0
11 51 0.023400531119 77 0.036574392407 81 0.091253075479 153 0.063396020350 161 0.061153686612 164 0.035138025658 193 0.047562306484 217 0.004642808848 226 0.062104605006 439 0.082525405272 447 0.064789271541 488 0.091940659395 -1 0
12 22 0.085347293366 28 0.046540558926 29 0.076709519089 49 0.090782689431 70 0.083955156244 72 0.043434419112 167 0.076091468313 177 0.088789103719 198 0.021042481827 255 0.067997351597 269 0.078661022222 291 0.061719448046 331 0.056955797873 373 0.065544330737 382 0.066340788541 392 0.078591788261 401 0.038163229226 462 0.046651695696 476 0.072628017283 -1 0
13 50 0.085404382699 59 0.063423352348 144 0.049698601303 205 0.059425078447 215 0.065608477449 227 0.060592463504 296 0.089850630423 321 0.080674986968 352 0.066685614270 388 0.070517881464 397 0.053264048433 441 0.074295954764 448 0.034891130489 455 0.053051224931 501 0.061801977021 -1 0
14 30 0.068199857673 34 0.072051314900 52 0.086355699217 55 0.034301168322 105 0.032000767945 114 0.045132327478 116 0.045124284340 136 0.023104778048 137 0.050692582259 168 0.071207160529 192 0.077301707481 264 0.075632831279 393 0.049880907284 440 0.049231667527 456 0.093041738245 458 0.070911490196 483 0.041541939128 -1 0
15 44 0.060106791949 88 0.079407449383 102 0.042806102833 135 0.055586960669 213 0.059595099177 229 0.068420729162 263 0.084379666868 367 0.050371234054 411 0.053220593527 -1 0
16 20 0.051834414472 127 0.020507574370 134 0.058142967604 228 0.058155343761 337 0.052760816134 347 0.072026439182 371 0.081779596165 384 0.081615740167 -1 0
17 46 0.049307530848 82 0.056672519143 139 0.079085707387 158 0.034459418381 258 0.060413294690 271 0.087985053702 429 0.088996540847 452 0.048363717636 488 0.065873647781 -1 0
18 43 0.093069796829 152 0.089167539486 290 0.087432255019 314 0.082184932248 324 0.056105824502 325 0.072472089924 427 0.091762960525 466 0.071346915638 505 0.086734793818 -1 0
19 24 0.072103035356 81 0.032826897785 89 0.057925442631 147 0.027219501876 161 0.060868565175 209 0.036202434376 271 0.086333374662 287 0.084299137281 357 0.074772483209 386 0.068547321232 429 0.092099634174 446 0.090321987975 447 0.057250302228 -1 0
20 121 0.050621327976 127 0.056615161556 134 0.043440068558 148 0.088719844797 180 0.089460984160 228 0.030974120988 313 0.060627025289 337 0.053009489935 -1 0
21 71 0.050423234459 99 0.062352287066 130 0.078057038891 139 0.043622082503 169 0.072241439935 214 0.031332935586 223 0.062150039785 242 0.029834260278 356 0.081055634287 390 0.061683622958 399 0.067274354220 405 0.054914012869 432 0.003881861300 438 0.092343098428 452 0.089231034244 481 0.086163957487 486 0.027362561196 -1 0
22 27 0.054808391213 28 0.047131073163 29 0.046980948400 49 0.012120125010 65 0.086472496503 70 0.006931946432 72 0.042023501486 113 0.063350993683 175 0.089165419803 240 0.067532507799 255 0.043247788068 269 0.080733880085 291 0.088996168591 382 0.062632867508 401 0.073697702621 431 0.082264135180 444 0.066015377657 476 0.062711653425 -1 0
23 75 0.050646162302 86 0.034851640418 182 0.065551202020 281 0.047894189337 298 0.052805921267 312 0.042152518250 328 0.044564557821 329 0.092287330858 350 0.090863032324 366 0.062129112773 -1 0
24 46 0.072814928653 81 0.060491155316 82 0.047936960059 147 0.045289494467 158 0.091072694686 161 0.079080201526 258 0.092709578012 271 0.016134726023 287 0.075140992664 386 0.021711329272 429 0.020887174861 447 0.080783197932 488 0.074382763303 503 0.089585408459 -1 0
25 35 0.061313445225 61 0.072894175309 64 0.052172510395 96 0.089403655047 145 0.081075663050 189 0.039807030249 199 0.015816574851 284 0.058755411814 299 0.010752173619 319 0.048213167604 335 0.082894885582 338 0.092204382937 379 0.080027839071 407 0.045409820294 475 0.080164407491 -1 0
26 41 0.074928342912 103 0.054421131481 257 0.082185300575 354 0.067147936795 376 0.087372650015 380 0.088938030962 395 0.075167062189 416 0.070667175383 437 0.090137422198 -1 0
27 29 0.063652441451 49 0.059432162101 65 0.073670346124 70 0.060528916923 72 0.090304794609 113 0.049926910578 269 0.092553327505 444 0.041436384629 -1 0
28 29 0.065046996847 49 0.048436137241 70 0.043204846180 72 0.021499054684 175 0.090090044441 198 0.067236098011 240 0.072507840409 255 0.022159212251 269 0.086606380238 291 0.081686444206 331 0.057681808705 373 0.092966274778 382 0.029168933371 401 0.026673137948 431 0.072528739183 462 0.091287262063 476 0.033865741168 -1 0
29 32 0.067690317529 49 0.059081339394 70 0.052438234164 72 0.044912740805 198 0.086140364596 255 0.076296328901 269 0.034537087360 291 0.048653223653 382 0.092187492834 401 0.087232701202 444 0.041163143436 -1 0
30 34 0.061752403692 55 0.054222927201 105 0.046388960698 136 0.067853417975 141 0.079480097442 197 0.058573879766 208 0.092355123635 264 0.018166051225 321 0.062623080655 388 0.091476403898 393 0.091191058960 402 0.070332414386 483 0.028304791866 501 0.079034800696 -1 0
31 57 0.067978514221 85 0.020718362899 133 0.077955845730 162 0.087636493013 237 0.085901981964 307 0.073561532572 343 0.043009799744 369 0.038629764834 457 0.088535193517 459 0.031013719761 491 0.080745600873 493 0.020687685175 -1 0
32 76 0.053092423154 79 0.061456200700 269 0.037220330152 291 0.049574393179 444 0.072312984236 -1 0
33 73 0.062221547485 123 0.057454094760 155 0.076317762188 179 0.065373563982 183 0.041698451095 218 0.039652427170 220 0.080529368159 249 0.017937077638 304 0.032145372269 305 0.022652595896 308 0.036153887048 316 0.054106780725 336 0.090676643390 360 0.008608251872 375 0.087125193470 484 0.086933026341 -1 0
34 55 0.086991913594 104 0.058671717074 105 0.042216772290 116 0.092221736840 136 0.089066803694 137 0.079180881875 197 0.070887697158 208 0.031284061856 264 0.079853501631 419 0.084508556662 425 0.078347050928 483 0.049614939224 -1 0
35 61 0.018725575995 96 0.028134562835 138 0.041725154435 140 0.075054854513 189 0.039355238181 199 0.075991613087 200 0.052794768312 251 0.086251440512 299 0.064750369639 335 0.040136858396 348 0.062505808412 379 0.039811045248 385 0.057388431899 475 0.065480194742 -1 0
36 38 0.058639331109 48 0.055967052698 66 0.051118692606 87 0.059153530124 98 0.035773708186 176 0.008369375881 181 0.092426225019 190 0.038273779266 196 0.056085956000 235 0.045860279027 236 0.062890466168 245 0.076038783272 260 0.080226185405 265 0.056232509991 295 0.079848742528 297 0.034725431467 359 0.047557311999 372 0.056397373652 428 0.090491900569 464 0.053588151872 467 0.026361773791 474 0.051585662725 -1 0
37 69 0.078944624672 118 0.065051979774 120 0.067918355037 180 0.076822382306 207 0.039749823594 253 0.065814175056 289 0.030633680106 313 0.086205727318 336 0.081303777592 472 0.088885287980 494 0.076786458944 -1 0
38 48 0.035788778295 87 0.043183473777 94 0.091300094752 98 0.048301636956 169 0.063088031050 176 0.066529257775 190 0.092904026899 214 0.089470718003 235 0.013737969785 265 0.040105604591 297 0.030816390376 355 0.078905979152 356 0.064013929832 372 0.054536166773 390 0.070285660139 438 0.087178359367 464 0.072705196661 467 0.084952779051 481 0.040595873481 486 0.091103676109 -1 0
39 122 0.069427144232 151 0.020374376401 171 0.039620209611 221 0.088488711299 261 0.016347147467 292 0.062124009147 492 0.090819889773 495 0.064024814256 499 0.084787337102 -1 0
40 84 0.090909552717 93 0.083117920585 159 0.045591442557 160 0.055169081649 188 0.046599161636 286 0.087488383978 389 0.069886319829 422 0.033548380181 460 0.080031045743 -1 0
41 103 0.052063300924 154 0.090878615945 222 0.065358468298 395 0.051037081895 403 0.075626613833 410 0.087809692485 428 0.082442012367 436 0.057600499648 437 0.028336823699 -1 0
42 115 0.029792321484 124 0.068219884000 191 0.024301134160 210 0.069010040470 230 0.022535776345 277 0.086467554797 362 0.014393910957 374 0.086128712773 383 0.062029692912 433 0.057925906264 445 0.036718653757 -1 0
43 143 0.064863401981 174 0.079052893984 216 0.081141818173 275 0.049679530808 303 0.079328397943 427 0.076011646102 502 0.086849774733 -1 0
44 263 0.071764276185 411 0.048961247423 413 0.076068765684 461 0.037089976082 -1 0
45 146 0.089189287355 203 0.054352569703 211 0.046920571458 272 0.050711106731 279 0.059196839547 283 0.086291358662 288 0.080188509262 330 0.088312307815 344 0.049725237038 375 0.088256854689 377 0.090171362106 418 0.083339837457 426 0.063597282915 489 0.044386471113 490 0.071547433413 -1 0
46 82 0.041737385985 152 0.086944150140 158 0.020467754901 258 0.024323743113 271 0.060321944435 386 0.083450458801 429 0.052916277831 452 0.082753981411 488 0.078683785630 -1 0
47 150 0.025555085802 194 0.039026575288 285 0.051044374847 292 0.069716457746 294 0.060903143320 421 0.006431727989 456 0.076367951421 470 0.077525753540 487 0.041877590612 492 0.036099074647 495 0.086379667861 504 0.078313976559 -1 0
48 87 0.073505105758 94 0.056393389517 98 0.025043190862 109 0.078726674363 169 0.085381082949 176 0.060918984018 190 0.077793389571 235 0.028682490278 236 0.071357523539 265 0.004415979509 297 0.022983026415 355 0.088926327570 356 0.082199427138 372 0.081409500026 428 0.086878561537 464 0.041384799343 467 0.079538421114 474 0.081409386158 481 0.065150961227 -1 0
49 65 0.079034806599 70 0.007787326733 72 0.048578305830 113 0.057719125806 175 0.077406392717 240 0.055775117224 255 0.038830634207 269 0.092678067186 382 0.058061262922 401 0.073969240890 431 0.071746176165 442 0.091538354620 444 0.076304059643 476 0.056980973351 -1 0
50 60 0.045892942343 68 0.067035890126 125 0.077503569575 144 0.077200051348 205 0.090745358406 215 0.084962117330 259 0.092008200302 352 0.069638737419 397 0.092150124298 404 0.061116460493 424 0.067334722745 441 0.062668217838 448 0.081714148821 455 0.058399061475 -1 0
51 77 0.022033527625 81 0.084417831218 153 0.071130876192 161 0.057672098848 164 0.049254165794 193 0.047582877031 217 0.022213900497 226 0.067906309361 386 0.084693548642 447 0.062535445225 452 0.092360608194 485 0.089827141072 488 0.068547036102 -1 0
52 55 0.055807147894 136 0.063434353777 205 0.052882313692 227 0.048529426120 264 0.081449112184 296 0.019959734468 321 0.058845843848 352 0.066947989002 388 0.040154015878 393 0.047471484042 455 0.081517528427 483 0.091455169348 495 0.088617711282 499 0.048111183724 501 0.071973192701 -1 0
53 138 0.092115344125 140 0.080089680780 153 0.086653385579 157 0.060780091106 189 0.064664769834 226 0.092776820907 251 0.092182219424 278 0.085277068966 379 0.063074546953 385 0.092920775181 417 0.084760589339 439 0.084713879481 475 0.029881074966 -1 0
54 62 0.090694631350 84 0.050764956067 93 0.057195089724 159 0.077632436411 160 0.054222343205 188 0.066872244178 233 0.036522179440 256 0.069944662307 286 0.048027672808 301 0.090200325565 -1 0
55 105 0.046113975078 114 0.064760399281 116 0.077522712960 136 0.017444432387 137 0.084977774329 227 0.090305447848 264 0.053328131921 296 0.070920750859 321 0.068121102291 388 0.077434269667 393 0.037121715952 440 0.067349969530 483 0.039631516131 501 0.088623258859 -1 0
56 60 0.085327785965 68 0.082602970984 125 0.052497776221 224 0.086134773906 309 0.085314609212 315 0.090099635277 339 0.060230775566 351 0.027285868207 363 0.071424738864 404 0.064593466496 414 0.065623221980 424 0.057040072313 497 0.081813261643 -1 0
57 85 0.048160886482 133 0.025742050898 195 0.075796360204 237 0.064665894792 276 0.074388527058 329 0.053599209464 369 0.087757181716 493 0.079886116190 -1 0
58 67 0.054140553930 74 0.035361742432 99 0.085226499492 100 0.067846276399 130 0.079385819716 175 0.051789576481 212 0.051977121033 240 0.064375727317 255 0.083670897003 331 0.085480404628 338 0.079267623401 382 0.070749700308 405 0.092146294901 431 0.041092613907 442 0.075091521645 476 0.066151358335 -1 0
59 144 0.051240047707 163 0.043390998263 173 0.065640111743 215 0.053082164473 222 0.060291204872 395 0.086773842304 397 0.037258246582 403 0.088609521467 410 0.073014169501 437 0.091798599812 441 0.079482321797 448 0.045029859558 -1 0
60 68 0.062833056376 125 0.033980374634 144 0.077825846131 215 0.076345397170 224 0.089422309741 339 0.088504147273 397 0.090931069455 404 0.035918860652 414 0.082286618952 424 0.030465110874 441 0.049006158017 448 0.089942532829 497 0.080924214960 -1 0
61 96 0.025534457720 138 0.046272856591 140 0.083623668386 189 0.057393830192 199 0.086037818506 200 0.047694709865 251 0.092840212200 299 0.073924625427 335 0.022408839886 348 0.045570893777 379 0.054820620769 385 0.061954445199 475 0.083325925678 -1 0
62 84 0.047034490259 93 0.048929087529 108 0.080419807413 160 0.086337338575 186 0.038406553237 248 0.038391114135 301 0.015338289591 358 0.071348772246 389 0.072801939681 394 0.082777826309 -1 0
63 97 0.047560564518 162 0.051458844697 163 0.076038476782 173 0.066208079958 237 0.075609742065 307 0.068368473941 340 0.043318182493 395 0.092365936449 410 0.061983479087 454 0.038195115750 496 0.032400075842 -1 0
64 100 0.080229928040 145 0.051615719246 189 0.091274188496 199 0.036356027232 244 0.054299814659 284 0.015548483983 299 0.046237567290 319 0.015684674056 338 0.067556868993 353 0.092196428992 407 0.020896636461 442 0.082707722855 -1 0
65 70 0.086247070133 100 0.092487955734 113 0.025557212475 175 0.090418528544 240 0.080569447114 244 0.077670606468 353 0.027365755421 442 0.076836207704 -1 0
66 87 0.073770639461 91 0.083272439823 98 0.086879581061 176 0.049493665386 190 0.062347668131 196 0.029948858103 235 0.088696354830 239 0.087466403794 245 0.049027900310 260 0.059140573839 266 0.089071399771 295 0.059061240141 297 0.083304378431 318 0.089818430174 322 0.078921962619 332 0.068174959835 359 0.055729849330 372 0.061888871494 467 0.039320399214 474 0.077951050057 -1 0
67 74 0.075730350883 99 0.038506091863 101 0.055151079982 130 0.025441994147 212 0.004639837415 223 0.092882956674 331 0.068789357748 355 0.086062551571 382 0.087081148866 399 0.085002819361 405 0.046896269252 431 0.085590855491 476 0.086240096572 -1 0
68 95 0.086386052674 122 0.090711033859 125 0.064579381707 219 0.074589423592 221 0.071733935165 259 0.045803870407 339 0.041490395072 404 0.032268749834 424 0.048175506862 -1 0
69 118 0.019270472927 120 0.070400261226 207 0.067731730420 220 0.050119115482 289 0.087394235018 303 0.070654333209 336 0.088747768508 449 0.054541144999 -1 0
70 72 0.041276534553 113 0.064240833470 175 0.082875098349 240 0.061275260253 255 0.037021919625 269 0.085576794933 291 0.092404316118 382 0.056464621245 401 0.069409464592 431 0.075431878389 444 0.072942055151 476 0.056240514628 -1 0
71 99 0.058671674336 130 0.082787593428 139 0.028559868068 212 0.090998229122 214 0.077667105721 223 0.012089619745 242 0.079952208239 345 0.084580909367 399 0.020205724809 405 0.050928292105 432 0.046681248643 452 0.070580627904 485 0.066364309826 486 0.077199315324 -1 0
72 198 0.061084636098 240 0.087353462129 255 0.039456298301 269 0.065170613361 291 0.061864484665 331 0.074135003821 382 0.050518793986 401 0.042471691719 431 0.091326233891 444 0.083367024776 462 0.081463934867 476 0.054804921706 -1 0
73 123 0.006214247597 179 0.077717191807 220 0.068239001974 249 0.051356760592 267 0.066403633004 303 0.084591378328 304 0.092700709780 305 0.040189825756 308 0.086090490428 360 0.069859013222 484 0.058503069378 -1 0
74 100 0.061928138128 145 0.075166411086 175 0.064414120476 212 0.071966597038 240 0.083788319676 244 0.090772914177 338 0.058984041288 345 0.073618206202 431 0.065807619622 442 0.075310335381 485 0.085346423756 -1 0
75 86 0.043525562212 166 0.084925603126 182 0.079430802170 281 0.070086601580 312 0.018455591373 328 0.030525503718 366 0.027413962006 -1 0
76 79 0.042618110543 83 0.068685779263 149 0.055375773774 269 0.084163984269 291 0.083882426766 430 0.072375541654 473 0.059117382189 -1 0
77 153 0.057921697461 161 0.079207415369 164 0.068966716538 193 0.031002584156 217 0.038022772647 223 0.089276622424 226 0.053393407649 345 0.079843515750 399 0.092255378920 447 0.084207812586 452 0.082112586390 485 0.068756623629 488 0.066131631384 -1 0
78 234 0.070919891895 256 0.052855345526 262 0.092520220263 293 0.080526992541 302 0.069355059197 334 0.043004516003 412 0.013211522189 415 0.019554898447 434 0.071441905264 -1 0
79 83 0.062250501809 106 0.079597976574 149 0.076880687016 167 0.068084743830 178 0.087759143195 198 0.091780317039 269 0.073956652403 291 0.061776035856 430 0.093021124139 462 0.070177447484 -1 0
80 128 0.049095820751 132 0.092467633068 204 0.088680542090 234 0.024712108178 243 0.032783700750 293 0.080688960884 334 0.052617216114 341 0.023504735165 434 0.058626597056 443 0.058410973843 479 0.090198851937 504 0.087074211719 -1 0
81 89 0.081924609724 147 0.032288878838 161 0.030675607524 164 0.072148235177 209 0.057377153620 217 0.086620917849 271 0.070406719442 386 0.047691551962 429 0.081233035484 447 0.028651832890 -1 0
82 147 0.091154927335 158 0.052668729272 258 0.066054825496 271 0.031818510245 386 0.048766157086 429 0.037323223138 452 0.060700751469 488 0.041963170102 -1 0
83 106 0.046499410464 111 0.078654365800 149 0.043840038545 156 0.083657262344 178 0.076313469895 225 0.079312915219 327 0.087968173680 370 0.059439646762 376 0.074117756500 430 0.050701175835 473 0.076168869612 -1 0
84 93 0.009582662037 159 0.084416853935 160 0.041750302200 186 0.085367856438 188 0.071102047964 233 0.086969572157 248 0.085294964789 256 0.088305755570 286 0.081185988904 301 0.041657705666 389 0.064735474739 -1 0
85 133 0.057327142615 162 0.079658202729 237 0.069641845419 307 0.070518910565 329 0.087238784456 343 0.061901241604 369 0.044907615579 459 0.050777379720 493 0.037895641285 -1 0
86 182 0.038194339673 281 0.026565323910 298 0.085195902015 312 0.048867696701 328 0.017351883861 366 0.067631911198 -1 0
87 98 0.073446461773 169 0.085919741900 176 0.066977118119 235 0.044867929702 242 0.085688336704 265 0.077097525176 297 0.056198514895 356 0.091378710041 372 0.013901662193 390 0.088430386815 438 0.051157489755 467 0.079458297436 481 0.066998907792 486 0.089581951326 -1 0
88 102 0.072695315948 117 0.032553939884 135 0.052998032752 229 0.076666683075 252 0.082168663413 277 0.085772319488 365 0.043786560781 367 0.062902220327 374 0.076872378121 450 0.047834173569 -1 0
89 147 0.084799267404 209 0.024591028607 357 0.061349961526 447 0.092532750965 -1 0
90 202 0.065420798248 349 0.064626519817 364 0.053675727556 -1 0
91 126 0.075924332094 196 0.079724615824 239 0.019183754015 245 0.070090275149 260 0.077079110238 295 0.077533559335 318 0.068853474814 322 0.053679200747 332 0.026436032514 346 0.066897530739 -1 0
92 107 0.052304608496 231 0.086269478970 246 0.045164143235 396 0.010921918400 413 0.022939914627 461 0.058199949500 -1 0
93 159 0.080622779788 160 0.037444514349 186 0.087198516527 188 0.067488019996 248 0.087242627757 286 0.082509640192 301 0.040599354490 389 0.055595594998 -1 0
94 98 0.062719043037 103 0.084808079031 109 0.027830342163 177 0.080531596243 232 0.068202986904 235 0.085007339537 236 0.067652117639 265 0.052581440127 297 0.075019617434 380 0.053132266424 392 0.088683060873 416 0.045591723506 428 0.061839188676 464 0.047476589378 474 0.091952574093 -1 0
95 219 0.069047299492 259 0.077413310779 339 0.056495218158 381 0.083336659524 -1 0
96 138 0.022134238373 140 0.060339447773 189 0.062845839867 200 0.024691274802 251 0.068252986839 299 0.092798224505 335 0.043139333163 348 0.045198023884 379 0.041748129106 385 0.037067736337 417 0.092145772493 475 0.074676573344 -1 0
97 133 0.072468990238 162 0.038945323993 163 0.089596807713 173 0.062465213376 237 0.032418981371 307 0.061061457873 340 0.075797914158 369 0.092832629665 454 0.061924273625 496 0.051700276615 -1 0
98 109 0.089274708009 176 0.038639875062 190 0.052750499757 196 0.088042365823 235 0.035554333040 236 0.051191581612 265 0.023401060555 297 0.018558250346 359 0.068323318688 372 0.077240585702 428 0.072300424412 464 0.026157604196 467 0.056188961491 474 0.057030793865 481 0.085301656299 -1 0
99 101 0.065458979842 130 0.024314501258 139 0.079763221756 169 0.080881766265 212 0.037421642591 214 0.065205767298 223 0.060948334076 242 0.084290656075 355 0.083045917996 356 0.083242943094 390 0.073115899860 399 0.055619951966 405 0.008482028089 432 0.059761959363 486 0.073758280465 -1 0
100 145 0.035064397902 175 0.033102703195 240 0.051548004675 244 0.031286227465 284 0.091300727973 338 0.029586010381 407 0.072458848052 431 0.054533303906 442 0.016168717593 -1 0
101 130 0.042781621502 169 0.059332334265 177 0.077302651247 212 0.059528879939 214 0.081285288221 331 0.056502042358 355 0.035330745371 356 0.052864882193 373 0.050620314676 390 0.060925713813 392 0.079326282452 401 0.088200709442 405 0.071418774563 481 0.077489319955 -1 0
102 117 0.085334328243 135 0.079423157798 213 0.029974483395 229 0.025795642206 252 0.079111138154 268 0.092731249931 367 0.012841328332 411 0.063477157211 -1 0
103 109 0.092741337451 236 0.074420007185 380 0.085757824504 395 0.087884781395 416 0.048349812695 428 0.046267392019 437 0.079317166676 464 0.090246630270 -1 0
104 155 0.060712075456 179 0.082766571981 208 0.027388729137 346 0.078592769070 375 0.082799899892 419 0.027762477567 425 0.020151308339 -1 0
105 114 0.076355713625 116 0.066221054050 136 0.046858834528 137 0.061897958795 168 0.087476138152 197 0.088882165275 208 0.070366753031 264 0.059967951616 393 0.076248348316 440 0.080641925803 458 0.089753748745 483 0.018934933292 -1 0
106 111 0.090904290965 149 0.090280321846 156 0.039095781337 167 0.079009189805 178 0.033669071987 257 0.052993450049 354 0.062798455940 370 0.036873224636 376 0.033235110794 -1 0
107 231 0.056672027792 246 0.008695852328 342 0.062811596201 378 0.089209947473 387 0.059920914854 396 0.056496735125 413 0.064166286656 471 0.081269314752 498 0.046669899501 -1 0
108 132 0.082719836155 186 0.044553111810 201 0.017604806537 248 0.045102118696 254 0.063679711559 301 0.086638349203 358 0.040809897461 394 0.025177074412 423 0.069236557204 451 0.056783345980 470 0.075252249875 477 0.063314941105 490 0.086289734458 -1 0
109 156 0.086353477656 177 0.066013992441 178 0.092471207018 232 0.042054069009 257 0.076677214565 265 0.075583722092 354 0.076904327017 380 0.030247948581 392 0.071670614180 416 0.045221702859 428 0.082506242541 464 0.075300212962 -1 0
110 147 0.092892807321 231 0.089600429441 274 0.069335148393 287 0.039130786095 317 0.053685611432 342 0.043934195405 357 0.066841505502 387 0.044804276847 446 0.017125264615 471 0.082376775418 498 0.049011294919 503 0.028032764257 -1 0
111 142 0.035604196543 149 0.087690901436 225 0.020790521377 238 0.066948452082 280 0.031851366109 311 0.030322200157 327 0.057449779258 333 0.084754553629 370 0.061920828063 376 0.089024074429 430 0.075313189267 -1 0
112 141 0.082308605641 154 0.044555029466 181 0.021157314992 190 0.074958341357 196 0.080266755388 197 0.087462638321 236 0.084842351836 241 0.046400295743 245 0.066243285220 260 0.054837886805 282 0.017227781409 295 0.054662212392 318 0.056301731849 322 0.069300424782 359 0.064780330861 368 0.009049435753 402 0.082703883731 436 0.091531917798 467 0.088825718382 474 0.068065724537 -1 0
113 175 0.090392846757 240 0.075227484102 255 0.092078305655 353 0.052788928863 442 0.085032203055 444 0.089944726444 -1 0
114 116 0.035386118209 136 0.047365523782 137 0.054657015652 168 0.057299490603 192 0.037049417959 194 0.088385906554 288 0.081027161650 294 0.067102593148 393 0.047963240175 418 0.077222856706 440 0.004541727850 456 0.052409058812 458 0.052183045345 483 0.086383542633 487 0.082717493718 495 0.088233364013 -1 0
115 124 0.042649734405 165 0.084542985804 191 0.052180189364 210 0.074826217742 230 0.051232775980 362 0.016733534369 383 0.055137156990 433 0.033024698456 445 0.066346363896 -1 0
116 136 0.061878195748 137 0.019952755081 168 0.027069312933 192 0.043210924281 272 0.086802010436 279 0.078056086883 288 0.060717332203 294 0.085745473014 393 0.076204594276 418 0.056701528148 426 0.082366302397 440 0.038965858584 456 0.084552316825 458 0.025810720860 483 0.082250586465 489 0.087112194573 -1 0
117 135 0.085540029942 187 0.067859084303 210 0.073441250271 229 0.078884714940 252 0.061108271468 277 0.076368105645 365 0.025732732982 367 0.073003009372 374 0.060884599576 450 0.022546485432 478 0.071815572866 -1 0
118 120 0.052020221822 207 0.063434429698 220 0.064067892449 289 0.069371030912 303 0.085161137036 336 0.092900770049 449 0.047821641280 -1 0
119 170 0.086556670301 172 0.061888762780 191 0.092220701129 206 0.073410176808 277 0.043211632818 300 0.067560866813 326 0.048160386847 365 0.080624785300 374 0.062269754986 408 0.065501396111 445 0.091716094330 450 0.089398610264 480 0.018443370092 500 0.078978303929 -1 0
120 187 0.088831737372 207 0.092415625167 253 0.076274874517 268 0.072289353068 289 0.048069572976 449 0.049811216743 478 0.083075228312 -1 0
121 134 0.082023784857 180 0.040373961460 228 0.054011627262 313 0.023243331309 494 0.071409885406 -1 0
122 151 0.087608623765 171 0.081169053745 219 0.058118522776 221 0.019636056709 247 0.088648597963 259 0.053831140243 261 0.060421957666 381 0.067743168022 -1 0
123 179 0.071774456513 183 0.091334164366 218 0.092099777565 220 0.071003881269 249 0.047831401752 267 0.064840006193 303 0.090766683282 304 0.087392443972 305 0.035984973804 308 0.083100293534 360 0.065333027255 484 0.055084590586 -1 0
124 165 0.053094269892 191 0.084699310256 210 0.074348305544 230 0.085105627373 253 0.088695454664 306 0.062946808713 362 0.058300520089 371 0.092583615754 383 0.043886819979 433 0.051880208951 472 0.065933857975 -1 0
125 224 0.070952026018 339 0.072776665536 351 0.079021971223 404 0.032749356001 414 0.057547144550 424 0.016629265097 441 0.074166912132 497 0.063002264343 -1 0
126 143 0.055413623182 174 0.065060784449 216 0.032876819280 239 0.056787304319 266 0.076080115452 267 0.071212297116 310 0.060086930120 484 0.091423132911 -1 0
127 134 0.074789902576 228 0.051292711173 337 0.071704101220 347 0.053649883364 371 0.061731232937 -1 0
128 185 0.054569931801 204 0.051054536724 234 0.073718529298 243 0.030084350902 285 0.070358582855 341 0.047593898636 443 0.081383052031 465 0.067131085229 469 0.049127328282 479 0.074452242925 504 0.082288845711 -1 0
129 185 0.049659850498 204 0.061609294955 465 0.044034985101 468 0.031543339617 469 0.056818139613 479 0.090822041837 -1 0
130 169 0.073236829015 212 0.027472899929 214 0.071098279787 223 0.085243781361 331 0.077910906812 355 0.066592433121 356 0.072629983295 373 0.090985495140 390 0.068158623774 399 0.079598510593 405 0.031882782552 432 0.076317087709 486 0.081959967083 -1 0
131 323 0.023776018623 361 0.019287471029 384 0.070473156286 391 0.072468478149 422 0.091983709836 435 0.045086803993 460 0.049089143344 -1 0
132 186 0.092140201987 201 0.089029847454 243 0.073998406602 248 0.091549785758 254 0.022288473862 285 0.064114514808 341 0.069553704902 358 0.056563234791 394 0.058619400432 443 0.038773159987 470 0.053947717049 477 0.024191469243 504 0.025051551407 -1 0
133 162 0.078673148253 195 0.064847276727 237 0.042032588965 276 0.087768505867 307 0.085779306214 329 0.076135064502 369 0.086297738961 -1 0
134 148 0.057939637855 228 0.073306444864 337 0.015253642502 384 0.064788780651 391 0.072287393531 435 0.066743272041 -1 0
135 263 0.077832842537 326 0.091500561549 365 0.092658641751 367 0.077636878272 420 0.068914963647 -1 0
136 137 0.071674574673 168 0.088932652266 192 0.084025844910 264 0.069566748930 296 0.081063869805 321 0.085008245375 388 0.091136645981 393 0.029395006365 440 0.050077262350 456 0.084728117883 458 0.087126640915 483 0.047404955706 -1 0
137 168 0.026326992802 192 0.060440282680 203 0.090614737818 208 0.087720744733 272 0.083812625487 279 0.075927754099 288 0.062748687451 393 0.091027047487 418 0.059072235979 426 0.067774319402 440 0.058500040710 458 0.030528850857 483 0.080056570655 489 0.080975315971 -1 0
138 140 0.038209893568 157 0.090691284912 189 0.065220409737 200 0.025049538435 251 0.046570114589 278 0.079232617938 335 0.065242083166 348 0.062511513974 379 0.030615035694 385 0.015925340823 417 0.070011570501 475 0.063252244745 -1 0
139 214 0.074928901406 223 0.038191789526 242 0.068129251179 399 0.048027032753 405 0.071335906228 432 0.041192235809 452 0.049499513016 485 0.088824186687 486 0.069998103673 488 0.081302072786 -1 0
140 157 0.056722859330 189 0.083427057689 200 0.054842379989 251 0.014146478582 278 0.041029399677 379 0.042351524242 385 0.025291809273 417 0.031825439611 463 0.082537670679 475 0.058922487463 -1 0
141 154 0.039034302376 197 0.059211234446 241 0.077859992495 264 0.073813620914 282 0.070068355404 321 0.084701936912 368 0.073266530125 402 0.011300667742 403 0.046272696106 436 0.056942597850 501 0.081551720581 -1 0
142 149 0.088578689909 225 0.019053720206 238 0.040021134553 280 0.057801078115 311 0.054262079650 327 0.032491607446 333 0.049510289592 430 0.072257703653 -1 0
143 174 0.074418882850 216 0.048124059570 267 0.059524030336 275 0.087939323078 303 0.091628907199 310 0.089360297540 484 0.079940923618 -1 0
144 163 0.080670913025 173 0.083443963306 215 0.016312925480 397 0.014967178349 441 0.030976061562 448 0.016098335872 455 0.081932396651 -1 0
145 175 0.068139795422 199 0.069344390050 240 0.086116946888 244 0.030510178291 284 0.065516358197 299 0.081749491160 319 0.067101769214 338 0.016200578084 407 0.039003779141 431 0.088981329650 442 0.045437416743 -1 0
146 270 0.046554264363 273 0.088377710535 283 0.039720251401 330 0.057284640360 377 0.062777956584 409 0.055818767570 482 0.061491867629 -1 0
147 161 0.062331237947 209 0.063394876956 271 0.060179379333 287 0.069524953928 357 0.089972634268 386 0.045469199987 429 0.064955809297 446 0.090616820238 447 0.060841279654 503 0.082047331078 -1 0
148 250 0.084695681014 273 0.041611694282 337 0.066303975427 361 0.080665105273 384 0.091502306442 391 0.026495724306 435 0.067572442909 482 0.060710340768 -1 0
149 225 0.077423943180 238 0.068258505781 327 0.066089862243 430 0.017212010116 473 0.032849371488 -1 0
150 194 0.063672028468 285 0.045596601268 292 0.069615274388 294 0.084560247155 421 0.030134801170 456 0.092030493907 465 0.090527929712 469 0.091799474966 487 0.065423749824 492 0.023369017992 495 0.089822581170 504 0.081872522181 -1 0
151 171 0.052451457731 261 0.028016642990 292 0.044401980514 456 0.088409710959 492 0.080452197959 495 0.043757994725 499 0.079325616206 -1 0
152 258 0.068899270629 274 0.073090326402 314 0.075981544372 317 0.092531246250 324 0.089876663281 325 0.040246672219 427 0.075862727081 453 0.084294938582 505 0.047192613364 -1 0
153 193 0.027596053371 217 0.067961878724 226 0.006142825415 345 0.040439373074 485 0.046469677924 -1 0
154 181 0.062583341043 197 0.068065766975 241 0.056862305041 282 0.035909728019 318 0.085826623100 368 0.035595344868 402 0.042267350715 403 0.058377066366 436 0.056453845546 437 0.091899744198 -1 0
155 179 0.031257705929 183 0.050787187877 203 0.091249697587 208 0.087151203535 249 0.091551782063 304 0.065421401035 305 0.086614121712 316 0.060342785808 344 0.090936077488 346 0.077116752586 360 0.079717315238 375 0.052391738936 419 0.044989634152 425 0.044982201827 484 0.078036227905 -1 0
156 167 0.063853691760 178 0.009142140560 232 0.069018782016 257 0.018918979255 354 0.033470024769 370 0.063845436229 376 0.040962109979 380 0.059204998697 416 0.090815973473 -1 0
157 251 0.060112224198 278 0.031992262069 379 0.076790795878 385 0.081168473429 400 0.078100583742 417 0.037258523877 439 0.047120752414 463 0.041093668819 475 0.063732943819 -1 0
158 258 0.026077939914 271 0.077283466803 429 0.072048781762 452 0.076838620339 488 0.081658875749 -1 0
159 160 0.043178342107 188 0.013336652220 286 0.044293105400 422 0.077162403039 -1 0
160 188 0.030088776393 233 0.086283827942 286 0.054269452336 301 0.076864250411 389 0.066264325878 422 0.086946215308 -1 0
161 164 0.042596825675 209 0.074187792575 217 0.056511317669 271 0.083877292255 386 0.060048476725 447 0.005412088565 488 0.090523982602 -1 0
162 237 0.040771832818 307 0.022470851798 340 0.052640575380 369 0.058823487292 454 0.036885121478 496 0.029454513583 -1 0
163 173 0.033052729110 215 0.073543004867 222 0.048598367676 395 0.066838196824 397 0.066042491070 410 0.037843643678 437 0.088637109353 448 0.081546800837 -1 0
164 193 0.082459134713 217 0.031926136824 400 0.088629381763 439 0.067627325084 447 0.043529808352 -1 0
165 253 0.082002728696 306 0.032991413155 347 0.063702543426 371 0.045206827827 433 0.070421260288 472 0.050451938958 -1 0
166 195 0.092687057733 276 0.029830204449 309 0.080982787431 312 0.075170823366 315 0.060478492314 329 0.063386804271 363 0.076141091237 366 0.057620571400 -1 0
167 177 0.081279066356 178 0.058310902808 198 0.055052912207 232 0.058132368726 257 0.078213380267 291 0.079472767593 354 0.092800738649 380 0.087945379877 392 0.072569865784 462 0.031123110008 -1 0
168 192 0.045753969685 203 0.082960907423 272 0.060184342715 279 0.051667116341 288 0.036589189646 294 0.087725221207 418 0.032827416032 426 0.059849607586 440 0.059665709202 458 0.007701487392 489 0.060043734702 -1 0
169 214 0.041372186744 235 0.076468985217 242 0.060434644171 265 0.089289592118 297 0.092125490914 355 0.031885973274 356 0.010230890666 390 0.010653425750 405 0.080688119566 432 0.074273242238 481 0.022493033140 486 0.050492334468 -1 0
170 172 0.043613235059 206 0.078687921088 326 0.040509988961 408 0.022900628544 420 0.062806531159 -1 0
171 261 0.053561685650 292 0.075866656700 468 0.085111548093 492 0.082066470186 495 0.087689661714 -1 0
172 206 0.036519445923 300 0.057587653442 326 0.039726919922 408 0.024121818535 480 0.076226125321 -1 0
173 215 0.070818181210 222 0.080527496324 237 0.091209840168 397 0.071559515895 410 0.059658709604 441 0.092734856648 448 0.090367019077 -1 0
174 216 0.034686510929 266 0.061867887248 310 0.028007045696 427 0.067501465989 502 0.043722796436 -1 0
175 240 0.021636714131 244 0.058086193375 255 0.068178255334 338 0.060470269863 382 0.068028489926 431 0.022806323570 442 0.029475809286 476 0.061667003535 -1 0
176 181 0.084095872847 190 0.030179565842 196 0.050195387163 235 0.053487427095 236 0.057789694841 245 0.069310571300 260 0.072850706309 265 0.060660429703 295 0.072456653489 297 0.041012101932 359 0.039234608661 372 0.063378705106 428 0.085935541494 464 0.052573626001 467 0.019105591051 474 0.044112853031 -1 0
177 198 0.079497617649 232 0.045201990110 331 0.085815131436 355 0.068725878889 356 0.086670682950 373 0.039411567664 380 0.083833195994 392 0.010846214143 462 0.083555595676 -1 0
178 232 0.071337794718 257 0.028049854228 354 0.042445461709 370 0.062863472572 376 0.043039573458 380 0.066513207606 462 0.089016099127 -1 0
179 183 0.059035493680 249 0.076137483263 267 0.068938560610 304 0.068839055467 305 0.067585048966 316 0.073844651067 346 0.065481176605 360 0.071645842886 375 0.079161631391 419 0.059031465948 425 0.063435803043 484 0.047649838487 -1 0
180 207 0.064683881091 228 0.083788729407 313 0.032951202550 336 0.065902919208 494 0.033146027998 -1 0
181 190 0.054748290954 196 0.068363241198 236 0.064395997059 241 0.064191798141 245 0.059448784798 260 0.049067889549 282 0.038189417791 295 0.048724498867 318 0.064111345108 322 0.073536194942 359 0.046564240724 368 0.029294805102 428 0.076578833369 464 0.092554522676 467 0.070913227004 474 0.046950379640 -1 0
182 281 0.018430365496 312 0.086975017757 328 0.049126788062 -1 0
183 203 0.080825726867 211 0.073103512743 218 0.054483718217 249 0.059615957565 304 0.015826940531 305 0.062100341201 308 0.060965983609 316 0.016588051653 344 0.069250394451 360 0.039867198539 375 0.045466946444 -1 0
184 250 0.016979728328 273 0.071099384821 283 0.087661960136 330 0.078333976135 377 0.075543011103 389 0.074321348278 391 0.089258651507 406 0.030171114892 409 0.067655602929 451 0.086996568414 -1 0
185 204 0.028356078458 243 0.083881581052 465 0.017385386450 468 0.074368647088 469 0.008486698620 479 0.070506738080 -1 0
186 201 0.061844454851 248 0.001074537698 254 0.069866893655 301 0.048733860907 358 0.035706250074 394 0.044430979480 451 0.076998611955 477 0.067978384137 -1 0
187 210 0.074796610069 252 0.041691752930 253 0.088474382168 268 0.065640249019 365 0.079139286898 383 0.077987844508 450 0.069192982274 478 0.006319575925 -1 0
188 233 0.089566834431 286 0.041077212608 389 0.087794914113 422 0.079885800353 -1 0
189 199 0.055262181431 200 0.085220621384 299 0.048816734703 319 0.087988828365 335 0.076270867969 379 0.041388059997 385 0.076888881688 407 0.080650325173 475 0.042692293078 -1 0
190 196 0.046470823559 235 0.079244365378 236 0.039256947459 245 0.057649773051 260 0.056421129997 265 0.075934848240 282 0.090728250719 295 0.055937139478 297 0.063644526170 318 0.091608767279 322 0.091327624608 359 0.016587338213 368 0.083684754734 372 0.092887496365 428 0.066957386927 464 0.051353288013 467 0.023881845243 474 0.016033425109 -1 0
191 210 0.060620817915 230 0.003362573244 277 0.064059376395 362 0.038479060641 374 0.067095445553 383 0.065251748012 433 0.082110009755 445 0.023425419836 480 0.074218378977 500 0.088868971885 -1 0
192 194 0.065781378568 272 0.081777841832 279 0.073014788496 288 0.051977380424 294 0.043311564719 393 0.083058942608 418 0.048923003480 440 0.035491514410 456 0.055766054554 458 0.038090673822 487 0.062290024810 489 0.088736701399 -1 0
193 217 0.051452720413 223 0.084514396288 226 0.022565159225 345 0.052014794691 399 0.083930347880 485 0.046296560538 -1 0
194 285 0.083798048651 292 0.074440894286 294 0.022607577804 421 0.037225861930 423 0.087950970285 440 0.084273415050 456 0.052650859964 470 0.072750347464 487 0.007100362185 492 0.065125820234 495 0.082337068200 -1 0
195 224 0.042718691430 237 0.088873056716 276 0.072287439953 315 0.052599102877 329 0.092360525732 363 0.087783474759 414 0.054488698200 497 0.051204172931 -1 0
196 236 0.085358445443 239 0.090145361800 245 0.021734548832 260 0.030085437255 282 0.089916184439 295 0.029923988743 297 0.090770468871 318 0.064290192124 322 0.056732883082 332 0.057230296323 359 0.033573718961 368 0.088900324179 372 0.087482842861 467 0.031860824410 474 0.059335814234 -1 0
197 208 0.088142255389 241 0.050883609129 264 0.067862429216 282 0.070235259745 318 0.082617485212 368 0.081063559220 402 0.048308278818 483 0.078051872162 -1 0
198 232 0.087391290655 255 0.088923133526 269 0.079325349676 291 0.058174022847 331 0.071307799524 373 0.065849044331 382 0.087155597784 392 0.068715401288 401 0.058171341203 462 0.026262762220 -1 0
199 244 0.084329705288 284 0.043649022975 299 0.012426555239 319 0.033476398098 338 0.082017629477 407 0.031506462397 -1 0
200 251 0.057692168280 335 0.059285662140 348 0.043040256357 379 0.055266611658 385 0.029839895431 417 0.084507995096 475 0.088248067147 -1 0
201 248 0.062447733629 254 0.072781324237 358 0.055959454835 394 0.037149869068 423 0.054464839129 451 0.053096288301 470 0.069912548159 477 0.072979800339 490 0.068721987671 -1 0
202 233 0.064265948372 256 0.088585293719 349 0.091562648290 -1 0
203 211 0.017947537826 272 0.064328111690 279 0.066867023719 288 0.080389125245 304 0.090019048575 316 0.067582898945 344 0.020298369895 375 0.040538847307 418 0.081251244591 426 0.023325960796 458 0.089403707166 489 0.050552325616 -1 0
204 243 0.080514714764 465 0.045213963400 468 0.091652624785 469 0.032771811523 479 0.042271956238 -1 0
205 227 0.013109994052 296 0.032925934408 321 0.056850244590 352 0.025553846975 388 0.025194404677 448 0.090763034271 455 0.032406966789 499 0.044884039287 501 0.052670605872 -1 0
206 300 0.028465714139 326 0.072508665007 408 0.060640665833 480 0.080508211039 500 0.071007450509 -1 0
207 220 0.061044667769 289 0.068693910648 313 0.088239001501 336 0.042333565205 494 0.048185076379 -1 0
208 419 0.053779846216 425 0.047189958703 483 0.080477346644 -1 0
209 357 0.069629718531 447 0.069033592317 -1 0
210 230 0.063674750047 277 0.056330255249 362 0.074609419311 365 0.057289939349 374 0.039721573578 383 0.030889631271 445 0.082991554529 450 0.052841863840 478 0.081052857708 480 0.088205554724 -1 0
211 272 0.071471124780 279 0.075938975602 288 0.092219976257 304 0.079665890311 316 0.057953119516 344 0.003949370074 375 0.041336636234 426 0.040595116294 489 0.058242607011 -1 0
212 223 0.089751508509 331 0.072735841504 355 0.089929280119 382 0.089088360138 399 0.081622794356 405 0.045630534977 431 0.085102840147 476 0.087942040253 -1 0
213 229 0.035969774239 252 0.090888785228 268 0.091710654655 290 0.066328582830 367 0.039721147177 411 0.051116105973 466 0.087772994268 -1 0
214 223 0.088356884408 242 0.024825649559 355 0.067994089100 356 0.050708983636 390 0.031069202729 399 0.091124385125 405 0.060754589729 432 0.033846560435 438 0.084762966290 481 0.055050139309 486 0.012199671039 -1 0
215 397 0.017927215824 441 0.027389145647 448 0.031008963938 -1 0
216 239 0.087746413511 266 0.070304007264 267 0.089803892030 310 0.041644910959 502 0.077812513910 -1 0
217 226 0.066573428763 439 0.083191541079 447 0.060161255158 488 0.090335809073 -1 0
218 220 0.085463663431 249 0.044296663520 270 0.061151090833 304 0.038683018788 305 0.056450525741 308 0.012856329726 316 0.055540537256 336 0.070001626623 360 0.031291098926 375 0.093089048605 494 0.090762477581 -1 0
219 221 0.045417709585 247 0.055219812586 259 0.031706416224 339 0.081098886697 381 0.030845090883 -1 0
220 249 0.062909263803 303 0.091373554738 305 0.066328316952 308 0.072650218397 336 0.053942565538 360 0.081792088788 494 0.085564849546 -1 0
221 247 0.087138990293 259 0.034591823877 261 0.078327219384 381 0.063360370215 -1 0
222 395 0.026947617451 403 0.075146659778 410 0.035316139321 436 0.068109797181 437 0.040076237223 -1 0
223 226 0.091477836625 242 0.091819138779 345 0.072552144063 399 0.010351540590 405 0.054099836049 432 0.058355917775 452 0.074069579412 485 0.054278102294 486 0.088602991549 -1 0
224 315 0.069189614684 363 0.091079831070 414 0.020627115824 424 0.087541255560 441 0.092898280406 497 0.008499986296 -1 0
225 238 0.046234455818 280 0.050082520190 311 0.047521319257 327 0.036803387254 333 0.065482415711 370 0.077493172106 430 0.062639021841 -1 0
226 345 0.038434196029 399 0.088339287193 485 0.042041371780 -1 0
227 264 0.086602158840 296 0.029450854221 321 0.043742811192 352 0.038644859824 388 0.013199100243 455 0.044373166853 499 0.053013661961 501 0.040837494553 -1 0
228 313 0.050915879387 337 0.080511382968 347 0.086918946976 371 0.083608560501 -1 0
229 252 0.056404639670 268 0.066943647543 367 0.020550231745 411 0.083102955352 -1 0
230 277 0.067040737589 362 0.036888916018 374 0.070405496469 383 0.067306161001 433 0.080461444685 445 0.021213145014 480 0.076167139200 500 0.088085553212 -1 0
231 246 0.063271808115 274 0.082497011648 314 0.061722477314 317 0.064884692233 320 0.066568330850 324 0.084017628081 342 0.045680344022 378 0.034473518629 387 0.045106313239 413 0.081895091189 453 0.050090883847 471 0.028701547276 498 0.067226744254 503 0.091932486905 505 0.082885347768 -1 0
232 257 0.069113674699 354 0.077389596914 373 0.079494773891 380 0.044240779011 392 0.044316554067 416 0.080002943184 462 0.077061346089 -1 0
233 256 0.071518207422 286 0.054736268558 -1 0
234 243 0.053630173372 262 0.092996745206 293 0.069566059572 302 0.081232881741 334 0.027915679772 341 0.037378261506 412 0.081799190468 415 0.087100274410 434 0.046634610767 443 0.057653466150 -1 0
235 236 0.086480379711 265 0.032436358804 297 0.017406301213 355 0.090248789110 356 0.076797517084 359 0.091870743000 372 0.053533559290 390 0.083920646463 464 0.060882138195 467 0.072217082050 474 0.087998711511 481 0.054018810434 -1 0
236 260 0.089280894396 265 0.067718979968 295 0.088778972409 297 0.069116206249 359 0.052666646506 368 0.091587635570 416 0.077112967369 428 0.028502529765 464 0.030717895517 467 0.061282572862 474 0.026924839708 -1 0
237 307 0.055349114429 340 0.091836588213 369 0.074265912712 454 0.076153956654 496 0.067089570893 -1 0
238 311 0.092273779597 327 0.009604259001 333 0.035261269761 430 0.051326592108 473 0.070989159230 -1 0
239 245 0.084196792825 260 0.092477310027 267 0.091499316756 295 0.092898704368 318 0.087704180148 322 0.072213226794 332 0.043392101991 346 0.067965078880 -1 0
240 244 0.070016721446 255 0.050359585436 338 0.080500432320 382 0.055042107781 401 0.084968058293 431 0.024282778591 442 0.042240887026 476 0.049031716568 -1 0
241 245 0.072833551831 260 0.063744483881 282 0.032146930193 295 0.063955020042 318 0.035361723267 322 0.051217622238 332 0.080426585899 368 0.044155114022 402 0.071896116576 -1 0
242 355 0.090216811897 356 0.070567531629 390 0.051598454126 405 0.078282032551 432 0.033705603990 438 0.064747665892 481 0.067214081433 486 0.012656600044 -1 0
243 254 0.091408387392 285 0.064446438551 334 0.080174400683 341 0.019374260773 434 0.091252232402 443 0.051453916803 469 0.077661755204 477 0.091954165122 504 0.061402863181 -1 0
244 284 0.062773963290 319 0.069015117536 338 0.039865332745 353 0.071472776342 407 0.053359087739 431 0.080889364042 442 0.028787587572 -1 0
245 260 0.011439856507 282 0.072906339551 295 0.011586940741 318 0.042557154006 322 0.036053494672 332 0.044469890472 359 0.041507325836 368 0.074113397312 467 0.050237733625 474 0.066496002344 -1 0
246 342 0.071505844215 387 0.068612134661 396 0.048500240828 413 0.059145271859 471 0.088843188113 498 0.053860210192 -1 0
247 259 0.086563499051 381 0.025171206798 -1 0
248 254 0.069287161510 301 0.048994716147 358 0.035184740028 394 0.044392631126 451 0.078046053496 477 0.067375946052 -1 0
249 304 0.049154886271 305 0.013026531582 308 0.035637812750 316 0.071486257403 336 0.079180347829 360 0.021804395820 484 0.088173040646 -1 0
250 273 0.055040828305 283 0.085675772410 330 0.079612254870 377 0.077907094447 389 0.088710691698 391 0.073153004761 406 0.036174548722 409 0.066214735844 460 0.089246254139 482 0.079653298837 -1 0
251 278 0.036934184865 379 0.055997539941 385 0.031214457790 417 0.027355893835 463 0.078825161122 475 0.072618224872 -1 0
252 268 0.039129869318 365 0.083277830440 367 0.068098575835 450 0.075286366989 478 0.039351047896 -1 0
253 289 0.042450001209 306 0.050202717717 472 0.031551279736 478 0.086996046477 -1 0
254 285 0.086080462725 341 0.083296450988 358 0.034276574762 394 0.038655712406 423 0.090579711124 443 0.046462778884 470 0.058287138464 477 0.002573824239 504 0.047245430551 -1 0
255 331 0.064337473020 382 0.019444811165 401 0.039437032990 431 0.051870310542 442 0.092600301375 476 0.019824898049 -1 0
256 334 0.089047488981 412 0.039751827155 415 0.033441186881 -1 0
257 354 0.015065152586 370 0.068703596858 376 0.041893026937 380 0.047159961478 416 0.073973620823 -1 0
258 271 0.082056778457 325 0.084178708525 429 0.071934504005 -1 0
259 339 0.065184621226 381 0.061638137814 404 0.077938591376 -1 0
260 282 0.061636304514 295 0.000502225831 318 0.036907687788 322 0.034942668494 332 0.050753011930 359 0.039833931237 368 0.062673859096 467 0.053883231269 474 0.062670351570 -1 0
261 292 0.072418375275 495 0.069735536270 499 0.071303399831 -1 0
262 293 0.023751246457 302 0.023513160359 334 0.085998438004 349 0.079655563213 434 0.046626614028 -1 0
263 420 0.061680452283 461 0.092771630955 -1 0
264 296 0.084645139345 321 0.044626105129 388 0.074649003825 393 0.088174066927 402 0.066530111791 483 0.041033200253 501 0.060914028514 -1 0
265 297 0.024748433412 355 0.091862859258 356 0.085851018083 359 0.091683608457 372 0.084588298054 428 0.082643429029 464 0.037481014232 467 0.078971381672 474 0.078790323603 481 0.069295300256 -1 0
266 310 0.034169722287 372 0.088043781567 438 0.081036860005 502 0.084721614598 -1 0
267 305 0.091857782185 346 0.065488857164 484 0.021808826034 -1 0
268 367 0.085658677011 449 0.076458242675 478 0.060235726472 -1 0
269 291 0.023700949391 444 0.057859168359 462 0.079227439361 -1 0
270 283 0.085858703522 304 0.085537829923 308 0.070176947420 316 0.087910721365 336 0.090589846485 360 0.091331001342 482 0.088541008920 494 0.088556768341 -1 0
271 287 0.088294511000 386 0.023978229837 429 0.016241650983 447 0.086496849119 452 0.088500232583 488 0.060871979399 -1 0
272 279 0.009089827735 288 0.029998782411 344 0.075419422298 418 0.033519162180 423 0.079913032990 426 0.053520044595 458 0.061331908190 489 0.013776919669 490 0.050391375761 -1 0
273 283 0.081991235877 330 0.087550669913 377 0.089410098625 391 0.049063114697 406 0.072032209614 409 0.070815505856 482 0.032566215111 -1 0
274 287 0.047361165903 314 0.066939231332 317 0.022413228575 342 0.062272011887 378 0.084439657477 387 0.065287147403 429 0.089838162581 446 0.085706764149 453 0.063970700895 471 0.056147277524 503 0.045465069207 505 0.048411150285 -1 0
275 303 0.037614970106 449 0.091857722610 -1 0
276 312 0.086522303218 315 0.058554990417 329 0.040407415406 363 0.087106910640 366 0.073930460369 -1 0
277 326 0.084366519998 365 0.050645803405 374 0.020561706002 383 0.084614741542 445 0.074052060019 450 0.056521003439 480 0.034201929322 -1 0
278 379 0.076814531208 385 0.065731740959 400 0.083469399069 417 0.009628786995 439 0.070888225958 463 0.042040074284 475 0.077664460496 -1 0
279 288 0.021079324969 344 0.079875245742 418 0.024491742344 423 0.080563117895 426 0.053036717445 458 0.052462937512 489 0.017980120886 490 0.054545587932 -1 0
280 307 0.092647091854 311 0.004240452124 327 0.086261417884 340 0.072150516887 370 0.066733930137 376 0.089446875200 454 0.081319760074 496 0.091161001413 -1 0
281 298 0.086922294248 312 0.074305396712 328 0.042028738377 -1 0
282 295 0.061593939194 318 0.051873523720 322 0.067028924435 359 0.079212884235 368 0.012200184577 402 0.068796149227 436 0.089580845261 474 0.084846343595 -1 0
283 330 0.017690387264 377 0.023162180482 406 0.059804194754 409 0.020007805632 451 0.090127458410 482 0.068407148686 -1 0
284 299 0.050558003300 319 0.010855650655 338 0.081669550550 353 0.086953189312 407 0.036227359238 442 0.091556447561 -1 0
285 341 0.076963491882 421 0.048936733418 443 0.078349147312 469 0.086027050751 470 0.075433980154 477 0.088173234854 487 0.088854878881 492 0.068957301239 504 0.039166288095 -1 0
286 -1 0
287 317 0.045502489742 342 0.065076362895 357 0.087828412213 387 0.067443510818 429 0.078389621213 446 0.049941325238 471 0.087013607128 498 0.085110829030 503 0.014464867086 -1 0
288 294 0.081242019724 418 0.004032047147 423 0.081134170334 426 0.061975087737 440 0.081618618917 458 0.035010107228 489 0.037229404970 490 0.064339718814 -1 0
289 306 0.087718410348 449 0.092992293435 472 0.071518681121 -1 0
290 320 0.047248193962 324 0.064195623794 378 0.084640863424 411 0.066281220479 466 0.021495726883 -1 0
291 401 0.091729010183 444 0.080161250226 462 0.055592689460 -1 0
292 294 0.079277544726 421 0.075368023306 456 0.051952377577 487 0.069262956013 492 0.047482883988 495 0.021624261071 -1 0
293 302 0.024209511183 334 0.065370253240 434 0.022982826976 -1 0
294 418 0.079800873284 421 0.059658374869 423 0.088791971266 440 0.063216586414 456 0.041756481007 458 0.080049452380 470 0.085269435102 487 0.019154821852 492 0.082229423912 495 0.081190823713 -1 0
295 318 0.037304955120 322 0.035433890993 332 0.051215460819 359 0.039350202333 368 0.062534796554 467 0.053501126742 474 0.062168228578 -1 0
296 321 0.051855469850 352 0.048924319594 388 0.023994950654 393 0.067355748182 455 0.062349018684 499 0.039578505768 501 0.059873056217 -1 0
297 356 0.091411479844 359 0.077400418010 372 0.061667992027 428 0.090857843754 464 0.044528454165 467 0.060112370411 474 0.071248878395 481 0.069933578891 -1 0
298 312 0.086066325945 329 0.086372706206 350 0.038267018599 491 0.077721313788 -1 0
299 319 0.039758261236 335 0.081058547289 379 0.087713068523 407 0.043846948433 475 0.090164495458 -1 0
300 326 0.084685373019 408 0.080278245377 480 0.067930688488 500 0.042545187522 -1 0
301 358 0.083602241348 389 0.057464580305 394 0.092759871252 451 0.090797919473 -1 0
302 334 0.068417595014 349 0.070755434396 364 0.088033218039 412 0.080726406764 415 0.086504439470 434 0.039476700557 -1 0
303 449 0.076588790475 -1 0
304 305 0.054506211935 308 0.045361033324 316 0.022470463415 344 0.075717948068 360 0.027691665466 375 0.058467377234 -1 0
305 308 0.048513237866 316 0.075925297046 336 0.089840453092 360 0.029765401444 484 0.075506318029 -1 0
306 347 0.089043113391 371 0.070635594968 472 0.019383364325 -1 0
307 311 0.092336929304 340 0.054272208405 369 0.039511578137 454 0.040900444463 493 0.092608632298 496 0.038741348220 -1 0
308 316 0.064837047875 336 0.061291070715 360 0.029114222719 494 0.085550688487 -1 0
309 315 0.061891789882 351 0.060530400695 363 0.027462488039 -1 0
310 427 0.089447371198 502 0.060024132754 -1 0
311 327 0.083316783785 340 0.074379643068 370 0.069677163350 376 0.092920539777 454 0.082911261825 496 0.092615566671 -1 0
312 328 0.041516098789 329 0.082162461124 366 0.020511773819 -1 0
313 494 0.065956045357 -1 0
314 317 0.066987378325 320 0.060650262101 324 0.035141246792 342 0.083645507301 378 0.035372667583 387 0.085353564254 453 0.011817405280 466 0.073614062744 471 0.041158031970 505 0.031631776027 -1 0
315 351 0.080849749170 363 0.037933037865 414 0.063169761569 497 0.074605103365 -1 0
316 344 0.054030011271 360 0.050156486952 375 0.037641570098 426 0.088573408708 -1 0
317 342 0.039858847195 378 0.074598999672 387 0.042873960869 446 0.070780560086 453 0.060294829249 471 0.042482337001 498 0.074904528976 503 0.036911548944 505 0.058846039134 -1 0
318 322 0.016188822123 332 0.046078117957 359 0.075274875354 368 0.059853846107 467 0.090772774682 -1 0
319 338 0.082903480713 407 0.032772191445 -1 0
320 324 0.047699948592 378 0.039575825045 411 0.080207625421 413 0.092502755543 453 0.058723856883 466 0.037620965853 471 0.072589841220 505 0.092092468002 -1 0
321 352 0.082383051295 388 0.033750101266 393 0.089377954655 402 0.083128761262 455 0.086545094520 483 0.079193136567 499 0.089593788344 501 0.020595950465 -1 0
322 332 0.029956653914 359 0.074743829700 368 0.073955155037 467 0.086275279923 -1 0
323 361 0.026798169098 391 0.080658774742 422 0.068210209754 435 0.066660093797 460 0.027335131841 -1 0
324 378 0.049925409291 453 0.043270652563 466 0.042750688304 471 0.071858045537 505 0.057996984086 -1 0
325 427 0.038074959947 502 0.067205747324 505 0.077492783797 -1 0
326 408 0.024921385066 420 0.080438434684 480 0.066568786850 -1 0
327 333 0.040385793658 430 0.048881203465 473 0.073299950787 -1 0
328 366 0.057231042750 -1 0
329 366 0.079048388402 -1 0
330 377 0.005493326618 406 0.048640925014 409 0.016806770383 451 0.072536591339 482 0.079950417891 -1 0
331 355 0.086811978804 373 0.046648424573 382 0.047625257400 392 0.080376396963 401 0.031775474911 431 0.083990041513 476 0.052115670875 -1 0
332 346 0.086690915259 359 0.085580363278 467 0.089061536968 -1 0
333 398 0.075260006232 430 0.086478821394 -1 0
334 341 0.062215121574 412 0.054103692423 415 0.059605179229 434 0.046025139604 443 0.069428526337 -1 0
335 348 0.037626152065 379 0.077168981779 385 0.080044240467 -1 0
336 360 0.086598455210 494 0.033483641743 -1 0
337 384 0.050829978087 391 0.075759319464 435 0.058588893228 -1 0
338 407 0.053307366763 431 0.079237603975 442 0.044114450494 -1 0
339 351 0.076449116107 404 0.052707783939 424 0.061586655414 -1 0
340 369 0.089418956364 454 0.015790042697 496 0.024989872549 -1 0
341 434 0.080050580769 443 0.038580853258 477 0.083330946076 504 0.063670169946 -1 0
342 378 0.072668575190 387 0.003023287884 446 0.057657795031 453 0.072935405617 471 0.043578491197 498 0.037105753951 503 0.050821153757 505 0.089142312290 -1 0
343 350 0.067695294391 369 0.069269609128 398 0.076945368934 457 0.048733222873 459 0.012774880344 491 0.041413903181 493 0.024219652804 -1 0
344 375 0.038737575833 426 0.043407847362 489 0.062189618470 -1 0
345 399 0.065718115637 485 0.020131119294 -1 0
346 419 0.053855806729 425 0.062779993486 484 0.061018261694 -1 0
347 371 0.018699012466 -1 0
348 379 0.086942137841 385 0.072169723560 -1 0
349 364 0.019248646399 -1 0
350 457 0.088124241699 459 0.076589223046 491 0.039693369996 493 0.075005877026 -1 0
351 363 0.052680836136 404 0.091340889752 414 0.077810018969 424 0.084325911886 -1 0
352 388 0.049931334183 448 0.091232097356 455 0.017401136783 499 0.036404635891 501 0.077336109696 -1 0
353 442 0.080790137471 -1 0
354 370 0.070995207272 376 0.043479308836 380 0.046671405946 416 0.065398288697 -1 0
355 356 0.022319697301 373 0.061510382260 390 0.038755723679 392 0.075332897388 405 0.086055110027 481 0.044391541737 486 0.078981266406 -1 0
356 373 0.083706669958 390 0.019649723438 405 0.084061806898 432 0.082852766366 481 0.024869746697 486 0.060362883472 -1 0
357 446 0.050125409864 498 0.090235539119 503 0.086115224804 -1 0
358 394 0.020573950563 443 0.071754772355 470 0.077617181554 477 0.032522517079 504 0.081452887512 -1 0
359 368 0.073793728112 428 0.078618415845 464 0.067871466067 467 0.024349891379 474 0.026022972080 -1 0
360 375 0.085108287433 -1 0
361 384 0.075710212558 391 0.055655431773 422 0.089117898820 435 0.043622641572 460 0.042437448464 -1 0
362 383 0.061419950132 433 0.043630997250 445 0.050030207945 -1 0
363 414 0.077038561706 -1 0
364 -1 0
365 374 0.035830358444 383 0.086491677330 450 0.009992869510 478 0.084386032203 480 0.080486466772 -1 0
366 -1 0
367 411 0.076286147455 -1 0
368 402 0.073809561632 403 0.090904221815 436 0.084337674381 474 0.076182578802 -1 0
369 454 0.078456088962 459 0.056903405378 493 0.055071505173 496 0.077898998595 -1 0
370 376 0.027542157590 -1 0
371 433 0.085943515191 472 0.090007424432 -1 0
372 438 0.051920680726 467 0.073001194769 481 0.080862191867 -1 0
373 382 0.092208835905 392 0.035524140510 401 0.067379928266 462 0.081941292260 -1 0
374 383 0.070043274427 445 0.082492475389 450 0.039193442297 480 0.054751024127 -1 0
375 419 0.084042070971 425 0.078735300846 426 0.056265399037 489 0.090954835765 -1 0
376 380 0.088270662989 -1 0
377 406 0.045526448346 409 0.018848466131 451 0.067186002306 482 0.083581838921 -1 0
378 387 0.073183929451 453 0.026839442122 466 0.069328728339 471 0.033023021294 505 0.064630573815 -1 0
379 385 0.037577658485 417 0.069510098377 475 0.033415572515 -1 0
380 392 0.086123137281 416 0.039610919671 428 0.091381577145 -1 0
381 -1 0
382 401 0.030309860366 431 0.047397349909 476 0.006365095597 -1 0
383 433 0.082420960127 445 0.088516862615 450 0.080548173005 472 0.090055735776 478 0.083432871980 -1 0
384 391 0.085007879742 435 0.035276077437 -1 0
385 417 0.056241378333 475 0.066232365679 -1 0
386 429 0.038144470384 447 0.062543614647 488 0.061824510582 -1 0
387 446 0.057903456283 453 0.074487952685 471 0.044921550541 498 0.034548262300 503 0.053115468381 505 0.091615447914 -1 0
388 393 0.084170527570 455 0.057307036497 499 0.056949374308 501 0.036704352277 -1 0
389 406 0.092863441293 422 0.079418864132 -1 0
390 405 0.072165197778 432 0.063658271267 481 0.030308216620 486 0.040888923538 -1 0
391 435 0.053860950588 460 0.083292119249 482 0.077354389991 -1 0
392 462 0.073005699729 -1 0
393 440 0.048065130886 456 0.064770999724 483 0.075137851352 495 0.074399460961 499 0.087520513909 -1 0
394 423 0.073973083362 443 0.083394548617 451 0.081767363129 470 0.063649534817 477 0.038181536052 504 0.081545533034 -1 0
395 403 0.088789164755 410 0.036851631117 436 0.076774089346 437 0.036110477638 -1 0
396 413 0.032253021459 461 0.062618077987 -1 0
397 441 0.042433496150 448 0.019228323830 455 0.092967667596 -1 0
398 457 0.033894888695 459 0.083146003593 491 0.082188452208 -1 0
399 405 0.049695022007 432 0.063401763044 452 0.084026043971 485 0.048795309460 486 0.092687973899 -1 0
400 417 0.093058993260 439 0.050203072441 463 0.041582817542 -1 0
401 431 0.077098289366 462 0.084373299180 476 0.036638645780 -1 0
402 403 0.057542387036 436 0.068037067934 501 0.082771022765 -1 0
403 436 0.018353487222 437 0.058376243065 501 0.088730684793 -1 0
404 414 0.089897436189 424 0.016132201762 441 0.084917778511 -1 0
405 432 0.052132871471 485 0.090373776803 486 0.068364903833 -1 0
406 409 0.040130892851 451 0.068435050398 482 0.083849351511 -1 0
407 442 0.078907934935 -1 0
408 420 0.080344789378 480 0.082843354722 -1 0
409 451 0.081304067327 482 0.065353231985 -1 0
410 437 0.069088658933 -1 0
411 461 0.071087454015 466 0.083741911980 -1 0
412 415 0.006348269282 434 0.084652461708 -1 0
413 461 0.040898247527 -1 0
414 424 0.073992678993 497 0.018290870618 -1 0
415 434 0.090996761597 -1 0
416 428 0.054363122580 464 0.074814205017 -1 0
417 439 0.079268100711 463 0.051664050207 475 0.073830871683 -1 0
418 423 0.083986309757 426 0.062057150878 440 0.077896037339 458 0.031020634802 489 0.039879143193 490 0.068172711915 -1 0
419 425 0.008972291831 484 0.089641944955 -1 0
420 -1 0
421 456 0.078686749583 470 0.071094860681 487 0.041067815389 492 0.042458998736 495 0.091404278195 504 0.073638691318 -1 0
422 460 0.047102846679 -1 0
423 470 0.046285879036 477 0.092267822399 490 0.038065946262 -1 0
424 441 0.077688551881 497 0.079533508548 -1 0
425 -1 0
426 458 0.066500834161 489 0.040808090980 -1 0
427 502 0.032151820021 -1 0
428 464 0.046766541401 467 0.089636713364 474 0.052715200574 -1 0
429 488 0.073545672809 503 0.092202240809 -1 0
430 473 0.037084157360 -1 0
431 442 0.052260899876 476 0.041103441397 -1 0
432 452 0.087784955374 481 0.088862270706 486 0.030798262542 -1 0
433 445 0.091135961895 -1 0
434 -1 0
435 460 0.086060083558 -1 0
436 437 0.043232638676 -1 0
437 -1 0
438 481 0.090629622129 486 0.074941441509 -1 0
439 463 0.042606855752 -1 0
440 456 0.047919760584 458 0.054150662851 483 0.090298400595 487 0.078512899763 495 0.084376847243 -1 0
441 448 0.045808436801 455 0.089691613618 497 0.085830378834 -1 0
442 476 0.089421682412 -1 0
443 470 0.092633795232 477 0.046054216720 504 0.046887395713 -1 0
444 -1 0
445 480 0.073313062909 500 0.069519466745 -1 0
446 498 0.052018345512 503 0.042079493596 -1 0
447 -1 0
448 455 0.074579946406 -1 0
449 -1 0
450 478 0.074493791316 480 0.088015328082 -1 0
451 490 0.087754766298 -1 0
452 488 0.034836946803 -1 0
453 466 0.077650758425 471 0.029812480983 505 0.037795627705 -1 0
454 496 0.010226945292 -1 0
455 499 0.053712560194 501 0.077370541600 -1 0
456 458 0.091378900485 487 0.045561606173 492 0.078840330453 495 0.044764580348 -1 0
457 459 0.058146153858 491 0.048440694949 493 0.072396423537 -1 0
458 489 0.062866316285 -1 0
459 491 0.053759859722 493 0.015068254537 -1 0
460 -1 0
461 -1 0
462 -1 0
463 -1 0
464 467 0.065030061293 474 0.047767131655 -1 0
465 468 0.062717517052 469 0.018486066406 479 0.086866118684 -1 0
466 -1 0
467 474 0.039904045126 -1 0
468 469 0.079697972356 -1 0
469 479 0.074913691177 -1 0
470 477 0.060660532000 487 0.079735515095 490 0.084342225162 504 0.056633290539 -1 0
471 498 0.077093126421 503 0.076066646088 505 0.055663604853 -1 0
472 -1 0
473 -1 0
474 -1 0
475 -1 0
476 -1 0
477 504 0.049226367778 -1 0
478 -1 0
479 -1 0
480 500 0.068802526726 -1 0
481 486 0.060589822754 -1 0
482 -1 0
483 -1 0
484 -1 0
485 -1 0
486 -1 0
487 492 0.064316256906 495 0.076048670408 -1 0
488 -1 0
489 490 0.062247400729 -1 0
490 -1 0
491 493 0.060067182309 -1 0
492 495 0.068504111931 -1 0
493 -1 0
494 -1 0
495 499 0.089631071941 -1 0
496 -1 0
497 -1 0
498 503 0.071285419336 -1 0
499 501 0.092876764521 -1 0
500 -1 0
501 -1 0
502 -1 0
503 505 0.092479700320 -1 0
504 -1 0
505 -1 0
