0.000000
1.000000
210
15
0.146200
0.000000
0.020495159552 0.643596232403
0.954085568432 0.280843133107
0.023214126471 0.084854289424
0.077560382895 0.949438843410
0.404348155949 0.576953516807
0.003678789828 0.042987103108
0.714555971324 0.130155998282
0.367757278960 0.707575744484
0.561146268155 0.920004156884
0.588852450717 0.246690364555
0.130010335241 0.836679527070
0.197567380965 0.483474648558
0.607241614256 0.900071845390
0.078212593682 0.000245322008
0.448170748074 0.807446077000
0 33 0.123627956101  91 0.110301088073  102 0.084301643598  135 0.140519758152  138 0.133093040534  139 0.136486024895  163 0.092614904184  189 0.115815206563  195 0.076387970387  196 0.028620796000  -1 0
1 19 0.106535696698  23 0.024913064563  59 0.017756221182  115 0.107345941177  119 0.052382244705  123 0.134083868350  142 0.120159127822  144 0.144389891711  154 0.053922936146  174 0.128554843740  -1 0
2 6 0.036999897122  67 0.136168422987  75 0.051509876389  89 0.103931277968  98 0.125146455770  127 0.082395410750  134 0.049608436251  190 0.114940233907  194 0.105208659825  -1 0
3 31 0.026086096363  61 0.068170393188  133 0.137506079745  157 0.115854469401  -1 0
4 1 0.084735629148  10 0.126884162034  38 0.089989225585  41 0.048359061998  46 0.072181907771  66 0.077620623631  86 0.140575387204  88 0.095128094310  100 0.120667841353  106 0.125668740230  111 0.102525715599  148 0.115717640239  166 0.052719053405  208 0.070247664145  -1 0
5 6 0.083198803367  75 0.097665813917  89 0.090921447367  127 0.121196095880  134 0.092407379747  194 0.144858575278  -1 0
6 8 0.112187563166  32 0.134686821873  35 0.098479822857  47 0.117385962598  49 0.081335045430  76 0.062385501701  159 0.128232271865  183 0.092837296017  198 0.121986452288  201 0.113683801219  -1 0
7 65 0.099635426950  73 0.071403198096  88 0.114418162790  95 0.117275935223  106 0.044102698189  131 0.134293697820  143 0.047772736311  147 0.024502830082  191 0.145298552779  199 0.140145390954  208 0.145294068196  -1 0
8 3 0.097642257961  37 0.036923241924  48 0.041063286817  112 0.121755758209  171 0.107782442211  180 0.093995328856  181 0.050142153299  -1 0
9 20 0.141841802110  22 0.140394408124  57 0.084456889303  60 0.095919481289  74 0.096725556402  76 0.109026815220  105 0.029225712513  121 0.130443330754  159 0.096399463428  160 0.021671551555  161 0.138645491052  179 0.106619418970  183 0.137668617833  201 0.063405364716  -1 0
10 31 0.126850423254  39 0.102319098645  43 0.141616506824  114 0.115454525170  133 0.071103463694  135 0.083499749532  138 0.127606167269  157 0.098543852914  163 0.130251604811  189 0.111500304671  191 0.133493804046  -1 0
11 9 0.145715341669  11 0.096138936661  33 0.122381484705  54 0.054521498094  63 0.112807617947  68 0.101887307129  77 0.076454301623  93 0.076436221512  103 0.087519828902  109 0.086724525020  110 0.075273800790  117 0.130219850457  122 0.070858535815  158 0.058806647333  175 0.116780653484  204 0.045761656751  209 0.102776990451  -1 0
12 3 0.074765957345  26 0.143206342998  37 0.036087619396  48 0.083627613164  112 0.089052548358  129 0.134239275814  180 0.069814982810  181 0.060542746729  -1 0
13 6 0.124840623281  75 0.133402547691  89 0.005947567061  127 0.120094802684  162 0.129542082427  -1 0
14 3 0.144268724018  45 0.064085298226  48 0.121950252603  65 0.030797266730  73 0.068021252894  95 0.080427304871  101 0.102748774617  106 0.111229600808  143 0.080447632069  147 0.131593966910  199 0.094927872103  -1 0
0 1 0.107873476464 7 0.062705177751 20 0.118403950650 21 0.088965180712 30 0.053460990420 38 0.093253896920 60 0.133579279907 74 0.143082643165 145 0.124678044768 148 0.080529358365 149 0.076340212533 179 0.119123766331 197 0.076309839569 202 0.083343824257 206 0.111935009296 -1 0
1 5 0.091822360728 7 0.146117349918 10 0.099217838325 30 0.129590526832 38 0.030348555232 41 0.058159734889 46 0.048378449848 66 0.075752626050 88 0.143795143859 100 0.102427779010 111 0.088701667255 148 0.071050065306 149 0.145796429516 166 0.092316372211 203 0.118459857633 208 0.099126127220 -1 0
2 15 0.098537413284 18 0.034437481508 70 0.115562268779 120 0.041317574745 125 0.145290936917 145 0.103166545314 161 0.141015895410 172 0.027517289578 200 0.142128978241 202 0.115038656926 206 0.142080947387 -1 0
3 37 0.060794996242 48 0.101705646803 112 0.029680680611 176 0.093645209671 180 0.005086774694 181 0.131814650044 193 0.101966402303 199 0.127765191129 -1 0
4 45 0.143494901097 48 0.136024458678 101 0.115165109260 171 0.049378104509 -1 0
5 9 0.078804024532 10 0.048224137975 20 0.120413886988 36 0.110280981908 38 0.119889032056 41 0.101906212646 46 0.077428234707 56 0.069418935586 66 0.082744125356 69 0.087193968120 100 0.060998925454 111 0.066699611919 166 0.120139623794 186 0.128476842363 203 0.047773000906 209 0.113177875056 -1 0
6 67 0.110869235681 75 0.014857282406 89 0.126471149307 98 0.096001225174 127 0.059931561702 134 0.025461865937 190 0.078846099783 194 0.078410293413 -1 0
7 20 0.070322144443 21 0.143342290015 30 0.110266593406 38 0.142230346537 60 0.074345250033 74 0.082786702468 105 0.136619808043 148 0.140278874794 149 0.131303787339 161 0.132510147092 179 0.057993259899 197 0.014310659248 202 0.107154812787 206 0.077472150424 -1 0
8 17 0.092043256961 19 0.141658043744 32 0.105991749521 35 0.140826604897 47 0.075498903210 49 0.114031545761 108 0.141949949345 123 0.072691950399 142 0.107500928820 187 0.059839819615 192 0.120655273605 198 0.058383279298 -1 0
9 10 0.056848197128 36 0.126584725614 41 0.134547336631 46 0.117948616697 56 0.025972278227 63 0.141780495297 66 0.102494744885 69 0.093636895544 80 0.133068255012 87 0.125042535266 100 0.059519278833 104 0.139062403564 111 0.077769275829 116 0.138151936393 117 0.075327017956 122 0.109405307573 151 0.099455818197 166 0.132206633223 186 0.142885468737 203 0.036268466494 209 0.061975682648 -1 0
10 36 0.145028242803 38 0.129530443238 41 0.079659832756 46 0.061263497836 56 0.065358699336 66 0.049768798705 69 0.115658373237 100 0.013011505642 111 0.025778426183 117 0.131531905605 166 0.084998970423 203 0.023346120335 209 0.067423054805 -1 0
11 27 0.117085414495 66 0.136527767015 77 0.131774696327 91 0.146103860786 100 0.142992252237 103 0.056771038119 109 0.121142101837 110 0.140790163174 111 0.139848823402 166 0.115968973773 204 0.140645086980 209 0.103681861147 -1 0
12 14 0.095975195762 55 0.132360627795 62 0.122145455868 64 0.118403973766 79 0.108138537639 82 0.129708016809 107 0.144691394785 128 0.115534035834 137 0.031198829523 156 0.107129071299 170 0.067515571817 173 0.140537839269 177 0.089861440021 185 0.113156495611 -1 0
13 22 0.142248858176 34 0.070410352424 94 0.120094765098 96 0.142949704805 121 0.138331288005 124 0.033799679777 126 0.077821007971 -1 0
14 26 0.141683729287 40 0.061248350945 62 0.030006999159 64 0.022565494394 72 0.117026624448 79 0.050580671570 82 0.049287521142 83 0.116115610828 129 0.118869567215 137 0.067786138167 146 0.086410333225 156 0.141268526339 173 0.044741309327 177 0.050303067154 178 0.073484073068 185 0.038496648041 -1 0
15 18 0.122702666648 50 0.129667670219 70 0.029359504912 115 0.088086296487 118 0.120268051208 120 0.134030598632 172 0.112814626956 174 0.104878045299 200 0.087814478701 -1 0
16 24 0.101939222923 36 0.048661238216 53 0.142620569940 56 0.124232975376 57 0.137129013961 69 0.066080957504 71 0.128569505573 80 0.138146421341 87 0.122559524208 92 0.077015524445 97 0.123968237433 104 0.085524266342 116 0.113688322082 151 0.100767532410 152 0.111859814828 165 0.133875628164 182 0.121612473372 186 0.037423259175 -1 0
17 19 0.059432373562 47 0.121959163838 59 0.143903703624 90 0.058400464942 108 0.068875137503 119 0.103459638966 123 0.070146518609 142 0.117196677994 144 0.058687991443 154 0.117707251437 187 0.066411469290 192 0.056437905642 198 0.102219729378 -1 0
18 25 0.138006675454 70 0.143867581649 81 0.112419684959 120 0.012397765016 125 0.112159303727 136 0.138368797274 145 0.091138417267 172 0.009888040025 202 0.119344118372 -1 0
19 23 0.131069348618 47 0.144030847719 59 0.098903711908 90 0.046677140833 108 0.098027070051 119 0.057033013518 123 0.089021482290 142 0.118939425920 144 0.041031449150 154 0.060469257045 187 0.094373103157 192 0.098445198448 198 0.129281166236 -1 0
20 36 0.106843993275 57 0.135106839158 60 0.093304501046 69 0.120367247318 74 0.045398108275 105 0.112617900686 160 0.127657967832 179 0.076856353731 186 0.112691928399 197 0.059058483365 206 0.133342088531 -1 0
21 30 0.035582522284 38 0.126868885695 86 0.119615324258 113 0.094599281498 120 0.140770373645 125 0.138894001164 130 0.115296052948 136 0.075814825370 145 0.061602171345 148 0.087926675799 149 0.012626725293 164 0.131319077153 167 0.128079995136 202 0.070174682911 208 0.145816188256 -1 0
22 34 0.123188996508 57 0.071858804561 96 0.129789032298 97 0.035410870089 105 0.144605457164 121 0.022472647297 126 0.077719179619 159 0.109258677670 160 0.126344496183 182 0.106235418185 201 0.142643182545 -1 0
23 50 0.144443573374 59 0.034930093034 115 0.083384365037 119 0.075712991035 142 0.129236214104 154 0.078489405007 174 0.103654358267 -1 0
24 36 0.135285350461 53 0.048630565484 56 0.136330954589 63 0.129099831303 69 0.126599101124 71 0.120236553554 80 0.047002787175 84 0.126843618645 87 0.036966868828 92 0.031084967574 99 0.130689213157 104 0.017121601081 116 0.018747075671 117 0.097758516136 151 0.048925003539 152 0.078456539355 153 0.099188844251 165 0.044206705064 186 0.133910503490 205 0.115938351810 -1 0
25 28 0.113615741727 29 0.056304056468 52 0.048576770076 81 0.033028771562 113 0.070178210746 120 0.130363247935 125 0.026909202104 136 0.082570634377 140 0.132587342921 145 0.129011197754 150 0.070759174978 168 0.108487407384 176 0.133081548483 188 0.088411773658 193 0.140244271326 -1 0
26 40 0.090465070122 62 0.120666958439 64 0.119985343655 82 0.115627541570 83 0.032112024965 129 0.055863655318 146 0.056277485915 173 0.096962424138 178 0.073261477355 181 0.138934024071 185 0.130695139632 -1 0
27 39 0.084879837825 43 0.043147411501 91 0.079736314243 102 0.104633972363 103 0.100433517206 135 0.135750591288 163 0.140252792074 189 0.123648032739 191 0.077616043950 -1 0
28 29 0.143585519752 42 0.083542392341 52 0.065187131400 81 0.098892572835 107 0.096709805665 125 0.123335231376 128 0.105521414012 140 0.108440480248 155 0.083640348306 168 0.121045463999 184 0.098786828705 188 0.033342380419 -1 0
29 52 0.084643237676 81 0.088761292584 112 0.141428094903 113 0.076792420578 125 0.079710641261 130 0.142669724147 136 0.096572293104 140 0.114485759004 150 0.016422100458 164 0.124390739680 167 0.129139652992 168 0.079165492842 176 0.077222681289 188 0.111441256548 193 0.089269860783 -1 0
30 38 0.104421704608 86 0.134261084801 113 0.130128309119 130 0.135714792573 136 0.111389957154 145 0.082485465493 148 0.071255383065 149 0.022968453526 197 0.124558492273 202 0.063741834772 206 0.133217210284 208 0.142719833999 -1 0
31 61 0.044898647135 133 0.125865586972 157 0.136308000601 -1 0
32 35 0.076112817906 49 0.064874807744 -1 0
33 54 0.141900329010 77 0.046157888023 91 0.111759569439 93 0.143893371689 102 0.105163656635 103 0.110033578609 109 0.042976967369 110 0.052351091301 139 0.055792393278 158 0.140478451864 175 0.044295876316 195 0.054812837247 204 0.113068122065 -1 0
34 94 0.051698719143 121 0.108722285906 124 0.058271831660 126 0.046532644233 159 0.120490760759 183 0.117028129190 -1 0
35 49 0.027119609278 94 0.137203623808 183 0.123170011841 -1 0
36 56 0.100612448381 57 0.136210525401 69 0.032954072903 74 0.128371161906 87 0.145298564725 92 0.117008032310 104 0.118179086943 116 0.142038907438 151 0.116420201423 186 0.018377966083 203 0.127452650001 -1 0
37 48 0.053582736004 112 0.085142272324 171 0.138805928614 180 0.057077704414 181 0.075710925061 -1 0
38 41 0.079041322825 46 0.075884446817 66 0.102649118025 86 0.127849888057 88 0.126665272082 100 0.132394228024 111 0.117987073714 130 0.145564236388 148 0.040951247137 149 0.118513722891 166 0.112244300379 208 0.080994662724 -1 0
39 43 0.041794211339 91 0.124623647879 102 0.138865907782 131 0.122180619746 133 0.118156724560 135 0.088606802358 163 0.121480645055 189 0.096140586787 191 0.037867522021 -1 0
40 62 0.056555074940 64 0.046396883203 72 0.085887266933 79 0.098749700528 82 0.025356113768 83 0.074115652798 129 0.057796205668 137 0.120159926522 146 0.046479678228 173 0.029563709922 177 0.071470975419 178 0.017423931672 185 0.040327675056 -1 0
41 46 0.024820749165 56 0.144951608805 66 0.032801920169 88 0.138385735791 100 0.075045696111 111 0.056839450136 148 0.116748645305 166 0.034174330765 203 0.102991919148 208 0.103513344098 209 0.113899903845 -1 0
42 52 0.127668165074 81 0.139273684206 107 0.117160215604 132 0.070857039851 184 0.022102033276 188 0.113701546792 207 0.117779594592 -1 0
43 91 0.097340019352 102 0.117143633787 103 0.142610769981 131 0.141774643559 135 0.107410089141 163 0.125570502103 189 0.103586793058 191 0.042218146639 -1 0
44 45 0.135174980721 95 0.115811354844 101 0.110719523415 131 0.072013502966 133 0.083103965130 -1 0
45 48 0.130108354010 65 0.064983102669 73 0.078849659868 95 0.044271349006 101 0.039397139000 131 0.114700185194 143 0.108684189783 147 0.142530141632 171 0.139248563095 -1 0
46 56 0.125200451560 66 0.027385957568 100 0.060035190974 111 0.043433427702 148 0.116438894332 166 0.051972869259 203 0.083955665751 208 0.119235320270 209 0.108506901009 -1 0
47 76 0.145990875074 119 0.134205711724 123 0.055832848611 142 0.046337921521 187 0.055662230492 198 0.021023342117 -1 0
48 101 0.140859092377 112 0.130401175328 171 0.091078014998 180 0.099812002010 181 0.088768574949 -1 0
49 76 0.137956488404 183 0.127184717145 -1 0
50 70 0.145818775509 115 0.084215277195 118 0.017346707702 132 0.109403644137 174 0.046566903126 207 0.132295068771 -1 0
51 54 0.123483868449 63 0.109614009071 68 0.085530836039 78 0.045765198259 93 0.098969906780 99 0.096040160499 141 0.087724146982 153 0.111989903687 158 0.117652992131 175 0.141829336667 204 0.126641405933 205 0.132720544574 -1 0
52 81 0.042502277700 113 0.118748281155 120 0.145323127185 125 0.062505799947 136 0.130323859641 140 0.106533109340 150 0.101062636257 155 0.112052378581 168 0.096337814677 188 0.041174013722 -1 0
53 63 0.137058191770 67 0.138267021066 71 0.113011986531 80 0.066155481799 84 0.102341632876 87 0.068033033819 92 0.065615911375 99 0.102397484683 104 0.064553984908 116 0.053706709369 117 0.130781193525 141 0.121094702077 151 0.093140673499 152 0.072363091101 153 0.090544266440 165 0.010417180141 205 0.077086901269 -1 0
54 63 0.062030801536 68 0.047417841363 77 0.098944918647 78 0.131242129603 80 0.139099996567 93 0.024522073921 103 0.139997807714 109 0.118989458113 110 0.089622973497 117 0.103558047467 122 0.040220170980 153 0.115889103255 158 0.006000088897 175 0.118391963828 204 0.028840721022 209 0.125707129815 -1 0
55 79 0.113052461979 137 0.143091011551 156 0.027372017281 -1 0
56 66 0.114793067377 69 0.067665189921 80 0.129535944116 87 0.118930850657 92 0.140852533970 100 0.072513401557 104 0.124986318947 111 0.090066332553 116 0.129207890818 117 0.081504635606 122 0.127502884881 151 0.089602538596 186 0.116975889989 203 0.042021074775 209 0.087410013099 -1 0
57 74 0.104934355905 97 0.081727916634 105 0.078603781864 121 0.074527394745 126 0.140376148203 159 0.110283229443 160 0.064914164361 186 0.122181728674 201 0.116419670874 -1 0
58 107 0.083928194815 128 0.111475419305 169 0.020446812075 170 0.100313368340 184 0.139534954346 207 0.133855583716 -1 0
59 90 0.144570220513 115 0.110255920140 119 0.042144221515 123 0.117399370196 142 0.102427886836 144 0.138559412456 154 0.054624963875 174 0.135759815581 187 0.130208715855 -1 0
60 74 0.063167205659 105 0.075968495267 160 0.097027097646 161 0.083552844951 179 0.018415579887 197 0.065209896930 202 0.143616520893 206 0.062497120395 -1 0
61 133 0.142366014648 -1 0
62 64 0.014022364246 72 0.131287472376 79 0.042509079451 82 0.057788121479 83 0.092173358792 129 0.108943849230 137 0.095992251267 146 0.064404281605 173 0.028874450706 177 0.076978062588 178 0.061973458429 185 0.055232861967 -1 0
63 68 0.033980933064 78 0.094785877692 80 0.082117614932 87 0.094015354047 93 0.054600854192 99 0.096681246717 104 0.137503476438 116 0.110489924808 117 0.073041261575 122 0.051147356415 141 0.113073129791 151 0.109962464301 153 0.054786515897 158 0.060835332561 165 0.143911698317 204 0.088558959501 205 0.122850581111 -1 0
64 72 0.117503197202 79 0.052977518688 82 0.044226154599 83 0.093700546020 129 0.101838955016 137 0.090335566553 146 0.064232104214 173 0.023349954582 177 0.064432920301 178 0.055030505820 185 0.041252654218 -1 0
65 73 0.037404861042 95 0.062328786358 101 0.103696650762 106 0.089315810749 131 0.131367985563 143 0.052311171332 147 0.101227770549 199 0.102477154138 -1 0
66 100 0.043095704205 111 0.024906257988 148 0.142769109023 166 0.037506950437 203 0.072870317896 208 0.136309994292 209 0.082999950535 -1 0
67 75 0.099727936038 84 0.132591654549 99 0.142645823514 127 0.053785509931 134 0.128684910715 141 0.138597062998 162 0.129278493194 165 0.142945684222 190 0.068938018052 205 0.110369310667 -1 0
68 77 0.132594768331 78 0.084774858811 80 0.114851640344 87 0.127480807135 93 0.028320061036 99 0.104285685146 110 0.120243937602 116 0.143380177160 117 0.103657665678 122 0.061117233340 141 0.114945317327 151 0.143877882978 153 0.076199541473 158 0.043217451969 175 0.135940687173 204 0.066465567158 205 0.136988999228 -1 0
69 80 0.143394836965 87 0.128340479221 92 0.115535912074 100 0.126976371514 104 0.110262624158 111 0.141074185560 116 0.129107733329 117 0.124191741148 151 0.097056084615 186 0.049691319829 203 0.096504329348 -1 0
70 115 0.086885212906 118 0.139129667252 161 0.144340302070 172 0.134103594853 174 0.113081555317 200 0.060934175473 -1 0
71 84 0.043486663817 85 0.063440254812 92 0.098075876513 96 0.060835489425 97 0.125777915093 104 0.120038811655 116 0.138431712195 152 0.042708738884 165 0.103863406653 182 0.053093813730 -1 0
72 82 0.073626149085 128 0.141154199011 129 0.096702093899 137 0.137090812493 140 0.064229022264 146 0.128270034001 155 0.088772902142 168 0.085922993037 173 0.111996060501 176 0.138161070443 177 0.080151019159 178 0.097333210482 185 0.078772414653 -1 0
73 95 0.051998785249 101 0.111416783452 106 0.077428853388 131 0.103574303838 143 0.032763297283 147 0.067088122790 199 0.125945803037 -1 0
74 105 0.067522927036 160 0.083848999565 179 0.053119257656 186 0.127857040988 197 0.068479148979 206 0.118766852063 -1 0
75 89 0.134482698148 98 0.089279875897 127 0.051876340305 134 0.029716407000 190 0.063990188490 194 0.073866608040 -1 0
76 105 0.137809550783 159 0.084204984813 160 0.127378442471 183 0.075042345360 201 0.053826053087 -1 0
77 91 0.128782517681 93 0.105164638233 102 0.131091464653 103 0.086542354457 109 0.025016492444 110 0.014503607028 122 0.134117074962 139 0.084913920283 158 0.098424141729 175 0.050437806049 195 0.092780708300 204 0.070401192803 -1 0
78 80 0.134561774722 93 0.108365424500 99 0.050453752985 122 0.142030015974 141 0.043281938271 153 0.076291185066 158 0.126295092656 190 0.142505118121 204 0.143715175502 205 0.086961229501 -1 0
79 82 0.095811252177 83 0.126149850122 137 0.090737670037 146 0.102073841941 156 0.107760685579 173 0.071303301961 177 0.098899747751 178 0.104302227612 185 0.088210032353 -1 0
80 87 0.015850477178 92 0.077330134092 93 0.136433162091 99 0.101034208601 104 0.056967322338 116 0.028540253456 117 0.065457842040 122 0.110017944850 141 0.123834791892 151 0.046443135283 152 0.121978161944 153 0.058356399045 158 0.139577325995 165 0.069481450169 205 0.099814478043 -1 0
81 113 0.091129672878 120 0.106663740927 125 0.025552598684 136 0.097726864120 140 0.145885810963 145 0.124267283780 150 0.103649416488 168 0.128980060155 172 0.120711508149 188 0.082142776452 -1 0
82 83 0.099097230131 129 0.077926286634 137 0.098548221824 140 0.133418139654 146 0.070474019377 155 0.139066850001 173 0.040375146971 177 0.046410991064 178 0.042779991397 185 0.016584372451 -1 0
83 129 0.063538670958 146 0.030228822773 173 0.071957004412 177 0.143700942755 178 0.057126317834 185 0.112119735433 -1 0
84 85 0.062821782712 92 0.114045569660 96 0.085139131569 104 0.132394867577 116 0.142603169261 152 0.054800194885 162 0.142349778586 165 0.095961307989 182 0.093879300962 -1 0
85 96 0.041715162371 152 0.102206358192 162 0.134537976296 182 0.078060132483 -1 0
86 88 0.065273352965 106 0.135008662850 113 0.123927537322 130 0.023553142173 136 0.123538413143 148 0.100667550862 149 0.124261290018 164 0.046619497665 167 0.040630426199 193 0.116395114231 199 0.096487878629 208 0.070623524331 -1 0
87 92 0.065229605188 99 0.116224174963 104 0.043493950869 116 0.018698529747 117 0.063814382352 122 0.116161080723 141 0.139001614216 151 0.032063245731 152 0.114957199427 153 0.074188520110 165 0.068991128644 205 0.112503716574 -1 0
88 106 0.076237030921 130 0.086547068375 143 0.117653742569 147 0.138822310681 148 0.119645436242 164 0.101858772239 167 0.097143795720 199 0.091719914057 208 0.045675590728 -1 0
89 127 0.118833107329 162 0.123651787457 -1 0
90 108 0.057276162820 119 0.103252709282 123 0.117992786175 144 0.006150826425 154 0.099633572776 187 0.118619341818 192 0.065603402177 -1 0
91 102 0.026005603379 103 0.098295287292 109 0.104097580310 110 0.142886953646 135 0.116581386644 163 0.092930509929 189 0.091249586733 191 0.139469712828 195 0.071741690841 196 0.114570162646 -1 0
92 104 0.022859969784 116 0.048803267963 117 0.119496712348 151 0.064718817532 152 0.060250525277 153 0.130155468354 165 0.057108099064 182 0.124568927388 186 0.112170195281 205 0.140520082844 -1 0
93 99 0.132272501951 109 0.127871683199 110 0.093390707301 117 0.112497208795 122 0.055622106060 141 0.141821867313 153 0.103536689619 158 0.018777667637 175 0.113703678595 204 0.038175231227 -1 0
94 121 0.129908039342 124 0.099865093560 126 0.085307693497 159 0.102449637609 183 0.078653816979 -1 0
95 101 0.064171280796 106 0.129396545627 131 0.075977410608 143 0.084735141307 147 0.104999669559 -1 0
96 97 0.105355711867 152 0.103346494496 182 0.043685421865 -1 0
97 121 0.057881746341 126 0.103169614760 159 0.143708270814 160 0.144560614012 182 0.074718204827 186 0.132640309757 -1 0
98 127 0.129431018503 134 0.075618272985 141 0.139116104302 190 0.088386283510 194 0.021239062788 -1 0
99 116 0.119533654488 117 0.145792655188 141 0.022801200480 153 0.050997496025 165 0.112767945445 190 0.120716208858 205 0.037696012033 -1 0
100 111 0.018257393564 117 0.131942570138 166 0.075681158250 203 0.031537722854 209 0.057469484504 -1 0
101 131 0.112536460049 143 0.143273340067 171 0.123185551566 -1 0
102 103 0.117169087362 109 0.107892439909 110 0.144302746932 135 0.112863711541 163 0.079729673370 189 0.085143348636 195 0.056270328326 196 0.089472033665 -1 0
103 109 0.069741242096 110 0.098708681125 158 0.143185397469 175 0.135499007765 195 0.118558098479 204 0.121208084672 209 0.144340233155 -1 0
104 116 0.029346707656 117 0.096865923270 151 0.042888264695 152 0.080443439533 153 0.112764294756 165 0.058833287933 186 0.116880585800 205 0.133024102936 -1 0
105 121 0.138991427363 159 0.121105477970 160 0.021176756908 161 0.134830300578 179 0.083177630661 197 0.123367306537 201 0.092409015763 206 0.136577705887 -1 0
106 143 0.044666974164 147 0.066517886724 199 0.098735150396 208 0.114396235872 -1 0
107 128 0.040063693730 155 0.097043076962 169 0.065278323333 170 0.111312637061 184 0.113001690929 188 0.120520309856 -1 0
108 123 0.138847121620 144 0.063176494874 187 0.133906554902 192 0.022183978485 -1 0
109 110 0.039472777207 139 0.094225840189 158 0.119265821846 175 0.066905919318 195 0.075830440465 204 0.091410152325 -1 0
110 122 0.126672796610 139 0.081101733447 158 0.088417382714 175 0.043287696965 195 0.103187676866 204 0.060782436327 -1 0
111 166 0.059222813788 203 0.048321226548 209 0.067050813407 -1 0
112 150 0.128371428470 168 0.138613912187 176 0.065217487080 180 0.030665873378 193 0.085592553956 199 0.136209835594 -1 0
113 120 0.137766209586 125 0.066201980603 130 0.103758652946 136 0.020240391933 145 0.093846961091 149 0.107221527124 150 0.077555999320 164 0.099186148927 167 0.100674820176 176 0.138485830832 193 0.114319027076 202 0.142444220700 -1 0
114 135 0.092504165622 138 0.024471857012 157 0.043626873226 163 0.098383405211 189 0.105029473646 196 0.128765002580 -1 0
115 118 0.087808303338 174 0.038271413887 200 0.132294276598 -1 0
116 117 0.081633463685 122 0.134789976244 141 0.141928517839 151 0.039605387718 152 0.096268177719 153 0.083445737690 165 0.052813236262 186 0.142920151139 205 0.109755635334 -1 0
117 122 0.064566360740 151 0.055717535085 153 0.094820322934 158 0.106667780114 165 0.132629357479 203 0.111571786915 204 0.131504143575 209 0.105218011635 -1 0
118 132 0.098371526527 174 0.053102024450 207 0.128654858414 -1 0
119 123 0.091037486056 142 0.094637078303 144 0.097351277181 154 0.033267204139 187 0.102359421873 198 0.127006769479 -1 0
120 125 0.104003718191 136 0.126441332751 145 0.079223221039 172 0.021758415575 202 0.110284675974 -1 0
121 126 0.066145496821 159 0.087916201518 160 0.119228054475 182 0.127186395564 183 0.128908249485 201 0.124560454628 -1 0
122 151 0.118421534723 153 0.103279419839 158 0.044384868149 203 0.141306583821 204 0.067162808800 209 0.099786656939 -1 0
123 142 0.049300397977 144 0.115420085723 154 0.120762763161 187 0.013197987400 192 0.124141197554 198 0.040352091407 -1 0
124 126 0.085668063623 -1 0
125 136 0.072178045085 145 0.105293188937 150 0.092326956828 168 0.135128915745 172 0.121425441065 188 0.103612171966 -1 0
126 159 0.107643571783 183 0.124236888158 -1 0
127 134 0.081524174928 162 0.140872836712 190 0.061384527105 194 0.118910033434 -1 0
128 137 0.114343746146 140 0.120396883405 155 0.071272359814 169 0.091085423498 170 0.100623281018 177 0.119506026158 188 0.119459293417 -1 0
129 146 0.059011300804 173 0.080127921579 177 0.122490195758 178 0.047042089823 185 0.094507260303 -1 0
130 136 0.105839356552 148 0.114244470570 149 0.122121253128 150 0.130827489884 164 0.025802712503 167 0.019843313844 193 0.096365169358 199 0.097156092589 208 0.093934779478 -1 0
131 133 0.115147935230 143 0.127958387090 147 0.111634158395 191 0.099560997831 -1 0
132 184 0.055745823656 207 0.061182968358 -1 0
133 135 0.145197611088 191 0.131960940304 -1 0
134 190 0.083597487508 194 0.056144595647 -1 0
135 138 0.086758198174 157 0.110469222647 163 0.047905388658 189 0.028348005796 191 0.125982384593 196 0.119097392089 -1 0
136 145 0.074956981433 149 0.088421630104 150 0.097790491465 164 0.106156487190 167 0.106528342352 193 0.130964344636 202 0.122337102511 -1 0
137 155 0.140483143093 156 0.120937019283 170 0.093619211101 173 0.111516214908 177 0.059406711483 178 0.135740162184 185 0.081984027161 -1 0
138 157 0.067921627747 163 0.081193862492 189 0.092817196844 196 0.104474668148 -1 0
139 175 0.039522652491 195 0.092868878196 204 0.130389174587 -1 0
140 150 0.122642613533 155 0.049711469766 168 0.038591264609 176 0.120050298210 177 0.122714203789 185 0.133997062024 188 0.084805129350 -1 0
141 153 0.072459722646 165 0.131510358767 190 0.106278622936 205 0.047991466267 -1 0
142 154 0.127903861835 187 0.059277875120 198 0.051366325595 200 0.130526639880 -1 0
143 147 0.054589777009 199 0.108893700343 -1 0
144 154 0.093491032797 187 0.116689548236 192 0.070638670643 -1 0
145 149 0.067238473098 172 0.098910770707 202 0.054831445860 206 0.139187819574 -1 0
146 173 0.041901789955 177 0.114001044820 178 0.031230312225 185 0.082532716149 -1 0
147 191 0.122774603839 -1 0
148 149 0.081010336839 164 0.139628646449 167 0.133900986505 202 0.134403953956 208 0.078108568588 -1 0
149 164 0.139698172404 167 0.136099137589 197 0.145611265823 202 0.065358728316 206 0.145582167693 208 0.144171747396 -1 0
150 164 0.111098980936 167 0.116141685520 168 0.085399043676 176 0.065839866581 188 0.127026475634 193 0.072847802402 -1 0
151 152 0.123304458135 153 0.102634482646 165 0.091277925066 186 0.121738859653 203 0.130478568619 205 0.144505109530 -1 0
152 165 0.062603499720 182 0.086355140282 205 0.143892259308 -1 0
153 158 0.113875470341 165 0.099204972331 204 0.140572466888 205 0.069204382319 -1 0
154 187 0.130986833847 -1 0
155 168 0.084833129575 177 0.111795094876 185 0.133616482631 188 0.075477159153 -1 0
156 170 0.145574909058 -1 0
157 163 0.131345674304 189 0.130908652321 -1 0
158 175 0.115366522986 204 0.028038210954 209 0.131669178747 -1 0
159 160 0.101364320128 183 0.051092831381 201 0.050324416458 -1 0
160 179 0.104279693110 197 0.143460593723 201 0.077928937127 -1 0
161 179 0.097998155433 197 0.131065343576 200 0.103592579567 202 0.135561711593 206 0.059893460217 -1 0
162 -1 0
163 189 0.025711135621 195 0.124039235668 196 0.072094364050 -1 0
164 167 0.006069500379 176 0.128601559122 193 0.070614757741 199 0.087262985039 208 0.116761866211 -1 0
165 205 0.087289993162 -1 0
166 203 0.107073455343 208 0.121074032247 209 0.096386757554 -1 0
167 176 0.134657745841 193 0.076660313000 199 0.088035695763 208 0.110913385500 -1 0
168 176 0.084453530336 188 0.090416595719 193 0.135347495775 -1 0
169 170 0.089375155441 184 0.135768213480 207 0.144160142662 -1 0
170 177 0.142923552872 -1 0
171 181 0.124871679140 -1 0
172 202 0.123677681444 -1 0
173 177 0.076037104807 178 0.033113305064 185 0.046354828353 -1 0
174 -1 0
175 195 0.097453753930 204 0.091377699570 -1 0
176 180 0.095524688130 193 0.059963004748 -1 0
177 178 0.088783300946 185 0.031607036977 -1 0
178 185 0.057439188227 -1 0
179 197 0.047642785026 202 0.138567659212 206 0.065842837702 -1 0
180 181 0.127204640551 193 0.106203555609 199 0.132647332493 -1 0
181 -1 0
182 -1 0
183 201 0.077264029450 -1 0
184 188 0.130671138868 207 0.096614488687 -1 0
185 -1 0
186 203 0.145421126934 -1 0
187 192 0.117724982246 198 0.036827220856 -1 0
188 -1 0
189 191 0.130774014467 195 0.136279461624 196 0.097179317208 -1 0
190 194 0.087528322513 205 0.104283486408 -1 0
191 -1 0
192 -1 0
193 199 0.101608628534 -1 0
194 -1 0
195 196 0.097751285932 -1 0
196 -1 0
197 202 0.119655700872 206 0.079880872182 -1 0
198 -1 0
199 208 0.133386857173 -1 0
200 -1 0
201 -1 0
202 206 0.088631354935 -1 0
203 209 0.067845852665 -1 0
204 209 0.138361984472 -1 0
205 -1 0
206 -1 0
207 -1 0
208 -1 0
209 -1 0
