0.000000
1.000000
210
15
0.146200
0.000000
0.061034057755 0.526527801529
0.918212762102 0.478621308226
0.606711399276 0.629048294388
0.513156186324 0.829229531810
0.012683173176 0.207611240912
0.350694149267 0.856700247619
0.268976255786 0.653543329798
0.697121704463 0.741762013175
0.834245976061 0.940579007380
0.569128408097 0.902614512481
0.251649077982 0.688081189524
0.288274450228 0.762886130717
0.714678366669 0.663064295892
0.231227394659 0.471024717204
0.531084078830 0.542121721432
0 1 0.145770929598  11 0.007600956475  31 0.053258973245  74 0.041509206629  133 0.131422365902  134 0.140488247184  143 0.115619313282  147 0.032967267214  157 0.109097160668  160 0.017202656311  162 0.073069582402  167 0.127152333259  187 0.058444690467  194 0.144619278091  205 0.075349383636  -1 0
1 28 0.097865284646  48 0.065102427432  83 0.106202877546  90 0.084698570158  128 0.076467940696  159 0.080870318400  172 0.130896856455  182 0.133578024657  206 0.106246582713  -1 0
2 81 0.093777511721  105 0.077559617058  111 0.130852482129  123 0.019230233332  137 0.144013593446  146 0.119703381651  154 0.051532097400  168 0.038244267233  175 0.071636144835  180 0.136890162626  191 0.099751564191  197 0.079990989923  -1 0
3 7 0.038666568602  38 0.098135586123  62 0.087176629398  78 0.108991571056  81 0.129321760628  85 0.109390932112  91 0.113014985841  111 0.105378010806  144 0.100115727695  145 0.048515648073  151 0.121277205021  189 0.111589271281  -1 0
4 29 0.140274276268  87 0.131687929077  110 0.142290266960  158 0.071401428240  169 0.101618860836  198 0.134122379754  199 0.136202010806  -1 0
5 18 0.116074133630  20 0.111034596741  32 0.109257372169  38 0.099740583494  73 0.047544500996  85 0.086017484731  93 0.072079657561  117 0.101211377600  136 0.141639147072  141 0.102204068281  144 0.081582535678  171 0.061362742012  208 0.063472820230  -1 0
6 3 0.076719102569  14 0.078279576803  16 0.052467421489  20 0.114123556665  23 0.060490452487  30 0.017002297403  32 0.113674692942  63 0.135975541138  65 0.028664947016  107 0.091681618635  108 0.133143755549  143 0.131984294620  161 0.112307295518  167 0.122500422251  201 0.031599182555  -1 0
7 12 0.129748621434  81 0.117978832096  91 0.090965403858  98 0.042171821932  104 0.045815592794  118 0.114007748571  197 0.069230816527  -1 0
8 5 0.095403177608  34 0.112566719122  97 0.022390715556  121 0.130987015632  129 0.127996554131  176 0.050854848212  204 0.092172806114  -1 0
9 7 0.069702570624  15 0.100135607153  62 0.048283030850  66 0.059050230470  78 0.049323270574  85 0.142330062723  91 0.126621582908  118 0.124544415262  120 0.078523428193  144 0.142407704111  145 0.044949405089  151 0.034490424026  189 0.030769684018  -1 0
10 3 0.115346305677  14 0.040552952630  16 0.072435205881  20 0.085544329177  23 0.093584949823  30 0.023333312275  32 0.099549613840  65 0.014497718768  107 0.121271676078  133 0.141279811892  161 0.143900577296  167 0.123189206619  201 0.039480304364  -1 0
11 14 0.055392562446  16 0.103192483011  20 0.004095512177  23 0.138554141844  30 0.102569361161  32 0.043910855619  38 0.137920943441  65 0.097386783779  73 0.089601657403  93 0.144228518460  117 0.138538999616  201 0.085469271221  208 0.081887942980  -1 0
12 0 0.081059651558  81 0.144757489192  98 0.094011442495  104 0.124204076945  105 0.107295630802  123 0.123853767952  137 0.132640077109  154 0.118017946784  168 0.114296550654  197 0.047251294010  -1 0
13 3 0.132773224494  59 0.034033218836  60 0.123403487946  82 0.134054679348  99 0.104372295429  119 0.091974363606  143 0.114174039290  188 0.133139657398  -1 0
14 37 0.066887768978  77 0.036592739537  105 0.130980288663  109 0.137231521860  123 0.098809185099  126 0.045750459878  146 0.014867970107  153 0.103627515771  154 0.105454710811  168 0.105986569175  175 0.067528773526  180 0.073978445592  191 0.108890750471  193 0.144581550048  195 0.144525410934  -1 0
0 21 0.145787117724 28 0.102297093759 49 0.145852939921 90 0.121802073511 105 0.097367981429 113 0.129155506843 137 0.074718247731 154 0.125710928665 168 0.130709262895 197 0.120212354018 -1 0
1 2 0.003873441250 11 0.138442473220 25 0.142815935895 31 0.095661135289 74 0.138165019682 133 0.055160452272 135 0.073388400622 143 0.145571737232 160 0.131084251727 167 0.102059702665 184 0.094873909559 187 0.104940229352 192 0.059740986941 200 0.110454395460 205 0.072943695126 -1 0
2 11 0.141847639968 25 0.140988778587 31 0.098725187334 74 0.141939977578 133 0.055041223914 135 0.071542571311 160 0.134335932751 167 0.102250007794 184 0.093863339059 187 0.107515024199 192 0.057491940665 200 0.107554803616 205 0.076618552214 -1 0
3 16 0.083090964626 23 0.050791583923 30 0.092751382684 59 0.101354834385 63 0.071028382183 65 0.104113369439 99 0.125893449802 107 0.071296855336 108 0.123981775448 143 0.132882109715 161 0.075893953002 195 0.142172799806 201 0.094234788522 -1 0
4 47 0.126082808111 50 0.142513240701 103 0.110636977943 109 0.096006999438 166 0.066764482591 174 0.039939331549 178 0.141075610995 193 0.133564318675 209 0.066612909911 -1 0
5 12 0.086964247044 34 0.111911700071 97 0.114453268639 98 0.114579056726 100 0.142118308528 104 0.110263018017 118 0.107279610077 176 0.100075866269 204 0.036716393847 -1 0
6 10 0.075159448499 13 0.027278678176 26 0.021896901419 29 0.103065368558 42 0.070590138609 43 0.041605456309 69 0.051097546795 92 0.141129176501 114 0.078802277024 181 0.095230548444 199 0.080960403561 203 0.120253697535 207 0.083701437235 -1 0
7 38 0.116015499477 62 0.085603720712 66 0.127601896312 78 0.102776207990 85 0.086845966652 91 0.136111598819 111 0.143954749516 144 0.081933856775 145 0.039555736348 151 0.103330807949 189 0.096375834199 -1 0
8 9 0.028925995746 17 0.139575527092 22 0.136481073449 46 0.140108467877 67 0.145141911306 83 0.124628530818 96 0.119041654084 112 0.057951436827 116 0.043240944526 127 0.135471915391 128 0.103915566566 165 0.139496857551 172 0.144883529121 182 0.068678337243 202 0.046351808253 -1 0
9 17 0.138481087896 21 0.137792146496 83 0.115113516668 96 0.115425507086 112 0.068079321327 116 0.071730242029 128 0.082257921800 172 0.140186047526 182 0.040771908789 202 0.023916545166 -1 0
10 13 0.049015999041 26 0.053267197679 27 0.096801401180 42 0.049247481260 43 0.116752372628 69 0.025035210238 92 0.082794475131 173 0.100552974406 181 0.037359703937 203 0.091873545359 207 0.026093726683 -1 0
11 31 0.046897042624 74 0.037824198616 133 0.125449915087 143 0.114744312534 147 0.039899760260 157 0.115420870159 160 0.012937062739 162 0.080652155666 167 0.123320621747 187 0.054068089210 205 0.067775378936 -1 0
12 49 0.095233699088 54 0.127195725302 56 0.130862812371 76 0.099304242087 98 0.087653296502 100 0.077057665009 104 0.118438965160 176 0.145878464704 196 0.100659944306 204 0.074669429884 -1 0
13 26 0.007511143365 27 0.140013115736 29 0.130308569954 42 0.058224917807 43 0.068316354154 69 0.024239806115 92 0.122013427136 114 0.100470782361 181 0.068338215506 199 0.106895788856 203 0.110617483163 207 0.056551955416 -1 0
14 16 0.098226099510 20 0.056053730538 23 0.126759821767 30 0.063862079801 32 0.087537897224 65 0.054358496910 73 0.136193478810 201 0.067451166505 208 0.124402286241 -1 0
15 34 0.137621644095 62 0.137707340489 66 0.056197455984 78 0.123115114210 120 0.081170615887 129 0.118091340808 145 0.144375318040 151 0.088072270114 189 0.099500604305 -1 0
16 20 0.107176798030 23 0.035898788248 30 0.063538142057 32 0.085211621323 63 0.114675465558 65 0.072039830685 107 0.051953430633 108 0.082352260145 130 0.114702909562 161 0.075754182622 195 0.111088408985 201 0.033083466102 -1 0
17 21 0.071745485777 96 0.024613445181 103 0.076129190689 109 0.137000680657 112 0.085223110040 113 0.092196005608 116 0.142661877473 137 0.145261531858 164 0.135216440238 174 0.143854532072 180 0.132760884251 182 0.133066079724 183 0.047117382103 193 0.079283517748 202 0.119996111861 -1 0
18 73 0.126528793047 85 0.115206052779 93 0.077498323127 117 0.110368885973 136 0.029233263579 141 0.061163645909 144 0.125994855639 171 0.057652533609 177 0.123739641010 208 0.137628404241 -1 0
19 54 0.062398899144 55 0.031497844402 56 0.081476011252 72 0.064742979495 76 0.110074365126 100 0.112165607202 121 0.130567156898 176 0.119386735512 -1 0
20 23 0.142483620855 30 0.105269206693 32 0.047102720704 38 0.139431663920 65 0.099757020442 73 0.086574173284 93 0.140930090269 117 0.134678339682 201 0.089013638702 208 0.078434364604 -1 0
21 96 0.061379386439 103 0.131598682650 105 0.122051203642 112 0.117836734006 113 0.028526223111 137 0.074722369590 154 0.144603541532 180 0.118959424006 182 0.111973527152 183 0.068024363590 193 0.114162617826 202 0.114035593316 -1 0
22 36 0.117883961964 40 0.103912227159 41 0.109157383220 46 0.037472331218 58 0.105261032321 67 0.066389398118 71 0.129283293180 84 0.120138662575 95 0.098021020734 116 0.104174355037 127 0.103101475663 132 0.137991569997 148 0.057634693329 155 0.137866633728 165 0.124802653590 190 0.088919989833 -1 0
23 30 0.076695270034 32 0.120446042691 63 0.081359292125 65 0.087812295557 107 0.032771283129 108 0.082268922357 130 0.113960074692 161 0.051835250957 195 0.106419011277 201 0.059462498673 -1 0
24 35 0.130087270439 44 0.104586037647 47 0.104520026244 52 0.050083903982 53 0.135325229431 140 0.102752662269 150 0.060964939560 185 0.135460943227 186 0.142727677390 -1 0
25 79 0.132109134888 135 0.069448910785 163 0.118513276273 184 0.054302342099 192 0.084115635714 200 0.054843923425 -1 0
26 27 0.146150021696 29 0.124738698991 42 0.055730582691 43 0.063485870528 69 0.029370231803 92 0.122461764928 114 0.098257788254 181 0.075107923523 199 0.100013150652 203 0.107754525475 207 0.063070646169 -1 0
27 42 0.138853377971 69 0.117049443958 92 0.116504755497 173 0.016234678966 181 0.073329741888 207 0.083747947049 -1 0
28 90 0.036674298573 128 0.124311463960 137 0.122388449444 182 0.120998527724 -1 0
29 43 0.062909218863 114 0.065957905035 125 0.094012380522 158 0.109567689002 199 0.044119285883 -1 0
30 32 0.111613943154 65 0.011675566337 107 0.107033238239 108 0.145711681302 133 0.141143419579 143 0.131517813658 161 0.128336971905 167 0.115595251520 201 0.035131452563 -1 0
31 74 0.065886307219 133 0.078703326599 143 0.091625471420 147 0.076171186053 160 0.036771221229 162 0.123005044698 167 0.083524879693 187 0.020865026937 205 0.036306939068 -1 0
32 38 0.101616302128 65 0.110972773457 73 0.105199257881 107 0.124248450257 108 0.118060830611 130 0.139325179773 161 0.145815644054 195 0.144235383751 201 0.082542725025 208 0.104090012242 -1 0
33 49 0.105747291455 54 0.119109641503 56 0.097021855463 76 0.093428555660 100 0.115001124520 196 0.094136414001 206 0.111482671194 -1 0
34 66 0.111193781967 78 0.128666522100 97 0.111061434278 118 0.095386784591 120 0.080486663816 129 0.039373942124 151 0.123274430315 189 0.129356693812 204 0.141687970089 -1 0
35 53 0.108249089950 186 0.109654908183 -1 0
36 41 0.119767300581 44 0.077591426728 51 0.128820103004 52 0.127818015358 67 0.052650063173 84 0.072149848547 112 0.137244388927 116 0.116302007010 127 0.023420253518 148 0.063135567427 150 0.124918962809 164 0.070343540144 165 0.026892199874 185 0.044759424351 190 0.100686173698 -1 0
37 63 0.099327309631 77 0.049628593204 107 0.141522817558 108 0.135144925221 126 0.022439694863 130 0.125025231758 146 0.075359671611 153 0.051554523139 161 0.118030287602 175 0.103731305248 180 0.129573662725 188 0.141743248849 191 0.121194083817 195 0.114443838517 -1 0
38 73 0.135496880762 85 0.107803120405 108 0.134667597869 111 0.113259876295 130 0.131834502455 144 0.093506317493 145 0.144759078728 195 0.143941874335 -1 0
39 45 0.089532805665 79 0.113887994649 117 0.121267454353 141 0.129632744209 149 0.111870073878 163 0.145127280191 170 0.095435531542 177 0.061676800832 -1 0
40 46 0.077476081198 57 0.064363216581 58 0.072653967656 71 0.041110751590 95 0.119971600337 124 0.059404958718 131 0.080595476273 132 0.084641388719 -1 0
41 46 0.137109866506 51 0.081854272811 58 0.097680076688 67 0.091149941465 84 0.056988564715 95 0.040971623967 127 0.126335536677 142 0.130358803816 148 0.084943339634 155 0.033533827991 156 0.059201697097 165 0.144307618054 179 0.097540276915 185 0.118255142188 190 0.023854298875 -1 0
42 43 0.106623715705 64 0.145503599914 69 0.050583203643 70 0.122080602363 92 0.073191519584 173 0.138679208909 181 0.086566296643 199 0.121603415486 203 0.052423927730 207 0.074776534308 -1 0
43 69 0.092471247566 114 0.046392227915 125 0.127355257008 158 0.137080869098 181 0.134470483073 199 0.053180447155 207 0.123680128433 -1 0
44 51 0.127734854166 52 0.054864263664 67 0.127401276291 84 0.106389763650 127 0.098435196481 148 0.136754810076 150 0.047656847596 164 0.061998554321 165 0.085068450551 185 0.046606885611 -1 0
45 79 0.067157060328 117 0.119873875348 149 0.025824695943 163 0.056443638972 170 0.039228427235 177 0.098006525552 200 0.138491355515 -1 0
46 57 0.126758553731 58 0.104061685098 67 0.103599402976 71 0.111023982652 95 0.116336880010 116 0.117584410419 124 0.135954498514 127 0.137965910824 131 0.118428669427 132 0.100521238312 148 0.095086349631 190 0.119878860274 -1 0
47 52 0.130753367537 61 0.075003149209 101 0.125393836986 140 0.040519097793 150 0.122547730760 166 0.119079016447 -1 0
48 83 0.075785694803 128 0.089889913722 159 0.079240551744 172 0.086210852701 206 0.126903566179 -1 0
49 54 0.131367240372 56 0.118868560475 76 0.082911172703 90 0.142464210905 98 0.142567470456 100 0.082008724414 196 0.011861131736 -1 0
50 60 0.066299695417 75 0.049948190402 82 0.116190869069 86 0.032723414597 88 0.128432360443 99 0.094194410994 101 0.122328212185 106 0.111939084452 119 0.104866872982 138 0.090934988106 153 0.128282532166 166 0.092134035813 178 0.050429831585 188 0.063301515341 209 0.075995375043 -1 0
51 52 0.126194779836 53 0.100962748152 67 0.133913252181 84 0.064865377319 95 0.120784450048 142 0.071846785646 148 0.134222589761 150 0.142619607740 155 0.081025685907 156 0.047154269135 179 0.114691313104 185 0.098185963083 186 0.105076818520 190 0.092826378618 -1 0
52 53 0.146152744525 84 0.132773107992 140 0.141728950112 150 0.021066832457 164 0.113308141812 165 0.139128799623 185 0.087063409806 -1 0
53 142 0.064953195023 156 0.125386513809 186 0.007769247318 -1 0
54 55 0.093536308075 56 0.022101706401 72 0.125311665259 76 0.048511580194 100 0.056480652314 176 0.143152068614 196 0.123748484328 204 0.135964446978 -1 0
55 56 0.111647862746 72 0.040687982078 76 0.141498860955 100 0.143439672317 121 0.108820681730 176 0.124308613040 -1 0
56 72 0.145614428007 76 0.037996249091 100 0.054631340851 196 0.109997633726 -1 0
57 58 0.131007991078 71 0.080427251050 124 0.042698276693 131 0.040002216253 132 0.065524215475 -1 0
58 67 0.142841004562 71 0.055202717558 95 0.056784160305 115 0.134481882687 124 0.105604404348 148 0.132103190656 155 0.099743791474 156 0.140807202931 179 0.127433592764 190 0.100291686507 -1 0
59 63 0.141544857514 99 0.105403959935 119 0.120224349740 143 0.093269045119 167 0.139477554787 188 0.138274604310 -1 0
60 64 0.146021795040 75 0.061857919861 82 0.056350316738 86 0.053733040340 88 0.072719209361 99 0.088820530267 101 0.128766835650 106 0.103267069215 119 0.039908813891 122 0.119050455575 138 0.062867454185 166 0.143839472073 178 0.071068348805 188 0.079469488701 209 0.138584400682 -1 0
61 64 0.113561673971 92 0.110208102311 101 0.090001935772 106 0.118680839235 140 0.060501053722 166 0.141125503077 -1 0
62 66 0.084957921672 78 0.023003043220 81 0.142618909724 91 0.079267913991 104 0.133509449201 118 0.090249236722 120 0.085294166054 145 0.046129225765 151 0.050547140499 189 0.038660501045 -1 0
63 99 0.103327383174 107 0.068417173688 108 0.101069890456 126 0.121731780413 130 0.117385034323 153 0.102042898515 161 0.049433634962 188 0.121324966979 195 0.104242044999 201 0.140776691499 -1 0
64 70 0.126274719261 75 0.117860553758 82 0.113721668765 86 0.135245113633 88 0.099115606814 89 0.117920248247 92 0.105952475668 101 0.068066172113 106 0.057213331130 122 0.123024213129 138 0.084145765804 152 0.145312832743 178 0.119379854689 203 0.093162083838 -1 0
65 107 0.117562165999 133 0.134843409917 143 0.133171015339 161 0.139254379598 167 0.112803036099 201 0.041051739311 -1 0
66 78 0.067872777022 118 0.116086269075 120 0.033871895131 129 0.108595718618 145 0.102929175214 151 0.034458817339 189 0.046383365983 -1 0
67 84 0.069121651256 95 0.106768207005 112 0.144414239322 116 0.102522139320 127 0.043768252757 148 0.010912687155 155 0.124669404758 156 0.139852065029 164 0.120179717228 165 0.065983193356 185 0.085674436860 190 0.067682242107 -1 0
68 80 0.060841753667 87 0.095009051363 89 0.131143528077 94 0.102877400394 102 0.009385255985 110 0.083960641040 122 0.122088425613 134 0.012076473202 139 0.102750092789 147 0.119764668384 152 0.099337292319 157 0.096319117140 162 0.078582487437 169 0.131636981191 194 0.047146544809 198 0.074279516419 -1 0
69 92 0.103166782028 114 0.123782250300 173 0.122692871160 181 0.047775043911 199 0.128405199522 203 0.101159554910 207 0.035134096360 -1 0
70 80 0.125180491979 88 0.142411382866 89 0.071969400233 122 0.110056698486 139 0.078964244211 152 0.100205792493 158 0.093547174750 169 0.076835450334 198 0.118733723290 199 0.127006902928 203 0.099667827551 -1 0
71 95 0.111537535473 115 0.125433829482 124 0.050436383760 131 0.110042973090 132 0.121160196522 -1 0
72 121 0.068140484409 176 0.105174853225 -1 0
73 85 0.131524608306 93 0.055735472072 117 0.065119943270 136 0.145499727086 141 0.088326870597 144 0.128517466244 170 0.130005773456 171 0.070136683342 177 0.126893471939 208 0.016423260724 -1 0
74 133 0.140199072712 147 0.072053266192 157 0.115986079378 160 0.047832753674 162 0.100251806088 187 0.081493307065 205 0.066000806062 -1 0
75 82 0.088473881845 86 0.018335032415 88 0.094831424297 99 0.130466274715 101 0.076268387865 106 0.062083967290 119 0.099110185222 138 0.046474724510 166 0.086179237869 178 0.009768843999 188 0.105851143537 209 0.091859271030 -1 0
76 100 0.023644707673 196 0.075281159883 204 0.134621380834 -1 0
77 109 0.111449803800 123 0.135108908879 126 0.028815000348 146 0.035199415326 153 0.070939381621 154 0.138446326532 168 0.140504459517 175 0.100412128533 180 0.080755719768 191 0.135479873110 193 0.132720437964 -1 0
78 91 0.091515317562 104 0.129988018710 118 0.076225394550 120 0.063166943904 129 0.145613726144 145 0.064622794448 151 0.035425132837 189 0.025468517263 -1 0
79 149 0.083732685284 163 0.075877739133 170 0.106376639801 200 0.127741742339 -1 0
80 87 0.089163324020 89 0.090320519224 94 0.117171475812 102 0.057987413118 110 0.084450415576 122 0.099477145411 134 0.068957617527 139 0.047866421070 152 0.068192105772 157 0.137028622012 158 0.137314018344 162 0.136816362169 169 0.071047936585 194 0.078043294958 198 0.015918953339 -1 0
81 91 0.075429359627 104 0.140971864557 111 0.064883126670 123 0.111134748053 154 0.144866604354 168 0.131623462449 175 0.118275643628 191 0.101095649440 197 0.097703099773 -1 0
82 86 0.091911062068 88 0.018425622686 89 0.096753724664 99 0.138549401824 101 0.124683358681 106 0.092655811868 119 0.047679014684 122 0.063947961746 138 0.053567660054 139 0.138076932530 152 0.095050507633 178 0.097796414407 188 0.134971005350 -1 0
83 128 0.059663571410 132 0.137662429216 172 0.031996995807 182 0.126967950842 202 0.133142490359 -1 0
84 95 0.094750551690 127 0.086385542402 142 0.134578316637 148 0.070190672401 150 0.141194461774 155 0.082251425062 156 0.079693157260 164 0.133786237418 165 0.098884892276 179 0.141606382031 185 0.061436746149 190 0.048809504707 -1 0
85 93 0.128527684760 136 0.143984440036 141 0.143901415121 144 0.014411411255 145 0.125754488204 171 0.096594644256 -1 0
86 88 0.101385969400 99 0.113310881353 101 0.094216858824 106 0.080141454333 119 0.093258031343 138 0.058952003068 166 0.090106947542 178 0.022670318906 188 0.087706271647 209 0.087893855647 -1 0
87 94 0.038318422846 102 0.101710482277 110 0.012438203963 134 0.090082945437 139 0.130400599045 157 0.086960008637 162 0.125423317057 169 0.120485817793 194 0.056591087672 198 0.084433916168 -1 0
88 89 0.081909212256 101 0.118826844506 106 0.086392172291 119 0.065774361898 122 0.053379066181 138 0.053194345882 139 0.126132457003 152 0.085272982521 178 0.103473133207 -1 0
89 102 0.123195221160 106 0.142568063508 119 0.134437145585 122 0.038668784407 134 0.142850416806 138 0.126860472737 139 0.049624564066 152 0.033597345935 158 0.144777016695 169 0.091698412801 198 0.093650814831 203 0.144332986820 -1 0
90 128 0.133518571243 159 0.131496025146 196 0.143000980074 206 0.120626098440 -1 0
91 98 0.124004603113 104 0.087638467982 111 0.118165410308 118 0.096414944615 145 0.103840590125 151 0.126530934847 189 0.115415436596 197 0.119578222866 -1 0
92 173 0.107822653185 181 0.107505570029 203 0.053262171972 207 0.102522161780 -1 0
93 117 0.041340051493 136 0.091794845670 141 0.033047911624 144 0.131695946290 170 0.124586214758 171 0.034404023268 177 0.088791107351 208 0.062831267230 -1 0
94 102 0.111484491546 110 0.034958952511 134 0.094050488715 157 0.055590125278 162 0.106172328440 194 0.055964930793 198 0.116159443365 -1 0
95 148 0.097504763219 155 0.048746376426 156 0.088557568565 179 0.098217251592 190 0.048129550133 -1 0
96 103 0.100736333545 112 0.068624778060 113 0.086840356171 116 0.127563085270 137 0.135990961137 164 0.144844588156 182 0.108463121376 183 0.063645873752 193 0.101959492072 202 0.096043729777 -1 0
97 121 0.130342257343 129 0.119535836626 176 0.068541594951 204 0.114129924468 -1 0
98 104 0.045942794613 118 0.113912791885 197 0.101782293504 204 0.130551862491 -1 0
99 119 0.096103472032 153 0.109777379639 178 0.135962465989 188 0.034320579918 -1 0
100 196 0.077392723918 204 0.112043543446 -1 0
101 106 0.032435743937 138 0.072982749446 140 0.137564447335 166 0.093999897946 178 0.072453939066 209 0.124428182339 -1 0
102 110 0.091078845672 122 0.113001838719 134 0.021251727057 139 0.097146345443 147 0.124702663002 152 0.090962420347 157 0.105627678180 162 0.085407552252 169 0.129024169124 194 0.056043075039 198 0.072470180612 -1 0
103 109 0.068618230936 113 0.139558749468 164 0.130790679242 174 0.070795148078 180 0.118839019299 183 0.066233410134 193 0.037223792484 -1 0
104 118 0.071246937616 197 0.114311087580 204 0.137274320241 -1 0
105 113 0.093902903370 123 0.068154668984 137 0.067012540610 146 0.126177904450 154 0.032064971832 168 0.042334235457 175 0.126647537990 180 0.105955296509 197 0.107181881749 -1 0
106 119 0.127719667363 122 0.131242131449 138 0.042819026887 166 0.110417791854 178 0.062521391560 209 0.133824354452 -1 0
107 108 0.052893274829 130 0.082969264419 161 0.023863086681 195 0.074402558792 201 0.083505744689 -1 0
108 111 0.133169826997 130 0.032632660381 161 0.054710290944 175 0.143510601882 191 0.107059841450 195 0.029527184929 201 0.114482952308 -1 0
109 126 0.135728595209 146 0.125078348418 153 0.126005951221 166 0.136343189138 174 0.070985649467 180 0.102811952775 183 0.106587254988 193 0.060389713687 209 0.106017294599 -1 0
110 134 0.078405640589 139 0.128160595444 157 0.077563237179 162 0.113349247946 169 0.123217365628 194 0.044193426183 198 0.081890210300 -1 0
111 123 0.142568511326 130 0.105482824679 145 0.142511538956 175 0.116553550836 191 0.075562662259 195 0.117508150200 -1 0
112 116 0.058997576739 127 0.117972323562 164 0.128850072053 165 0.112477328521 182 0.086611769135 183 0.131010912951 202 0.061795462294 -1 0
113 137 0.054680805009 154 0.116092291068 168 0.129313641490 180 0.100398438375 182 0.135490010371 183 0.073325349845 193 0.115184974153 202 0.140394155154 -1 0
114 125 0.088825876631 199 0.084580848690 -1 0
115 124 0.139858308171 -1 0
116 127 0.093071544103 128 0.144699027395 148 0.106114419156 164 0.139424070313 165 0.099460476033 182 0.109496762442 202 0.084532800539 -1 0
117 136 0.116436402069 141 0.050691721643 149 0.116772594181 170 0.083246168580 171 0.075729270226 177 0.061874633758 208 0.061230132223 -1 0
118 120 0.087853197157 129 0.129287576812 145 0.136357974253 151 0.099141815103 189 0.095514170627 204 0.143532825507 -1 0
119 122 0.096680729460 138 0.084907899696 152 0.122514310890 178 0.108731982637 188 0.100737928652 -1 0
120 129 0.086238338122 145 0.116561548630 151 0.044567565112 189 0.053204329149 -1 0
121 176 0.107056312716 -1 0
122 134 0.134156496886 138 0.105194748603 139 0.074159652380 152 0.031895955423 169 0.123160566419 198 0.108325777465 -1 0
123 126 0.140161222923 137 0.135116322259 146 0.102114145630 154 0.038055927169 168 0.025868750155 175 0.064807651491 180 0.117711329326 191 0.101319366010 197 0.095530825007 -1 0
124 131 0.081693417068 132 0.103444174232 -1 0
125 199 0.136840025383 -1 0
126 130 0.135905448029 146 0.053107122118 153 0.061463705837 161 0.138252744312 175 0.092989047163 180 0.107416420404 191 0.119087848882 195 0.126723827718 -1 0
127 148 0.054586370945 150 0.146080228149 164 0.077868644652 165 0.022421341807 185 0.068172423199 190 0.104757335066 -1 0
128 172 0.091660529533 182 0.076729654279 202 0.091595543731 -1 0
129 151 0.130597742476 189 0.139401551809 -1 0
130 161 0.078309784550 175 0.113814124613 191 0.074730575703 195 0.013472898626 -1 0
131 132 0.029707999519 172 0.136653274109 -1 0
132 172 0.111634273574 -1 0
133 135 0.123183496670 143 0.094367951367 160 0.114383785400 167 0.047450000662 187 0.076284949192 192 0.107707528862 205 0.079143792637 -1 0
134 139 0.112851167153 147 0.111389634101 152 0.111268779152 157 0.084393971875 162 0.068327941258 169 0.138802786380 194 0.038118876828 198 0.081139598602 -1 0
135 163 0.128750767464 184 0.029133383220 192 0.015995970604 200 0.047841852265 205 0.136929902698 -1 0
136 141 0.065986694062 171 0.080872638013 177 0.114331322025 -1 0
137 154 0.098012116688 168 0.109254593237 180 0.130094965846 183 0.127220047106 -1 0
138 152 0.136828456951 166 0.124827900154 178 0.053466309237 188 0.133852415086 209 0.136990276239 -1 0
139 152 0.044943359685 158 0.115316193269 169 0.050725253600 194 0.125902615383 198 0.046270611145 -1 0
140 150 0.139336008974 -1 0
141 170 0.126145857695 171 0.048768516645 177 0.070459384946 208 0.093592627901 -1 0
142 155 0.110254075772 156 0.071541180068 179 0.099486545056 186 0.063384876531 -1 0
143 147 0.109820222956 160 0.102396501897 167 0.050262834285 187 0.071087158432 205 0.122912683175 -1 0
144 145 0.121445330892 171 0.101555936044 208 0.144759792740 -1 0
145 151 0.072785818132 189 0.063377498968 -1 0
146 153 0.105853151416 154 0.103266973962 168 0.105661292663 175 0.079399390149 180 0.059667544591 183 0.144245406823 191 0.122698421256 193 0.129907407112 -1 0
147 157 0.097803681656 160 0.041779636968 162 0.047909689953 167 0.134094664643 187 0.072588718016 194 0.121217452596 205 0.104911628770 -1 0
148 155 0.118421888183 156 0.136433936660 164 0.131074469036 165 0.076857354390 185 0.093873026011 190 0.061135635867 -1 0
149 163 0.043068463760 170 0.034361824744 177 0.108755128812 200 0.125585911133 208 0.143546846860 -1 0
150 164 0.099281860696 165 0.132284729030 185 0.088658635167 -1 0
151 189 0.011924555688 -1 0
152 169 0.095506401099 194 0.136418986760 198 0.076456402994 -1 0
153 161 0.138649337746 180 0.145310133694 188 0.095354581996 209 0.143441150603 -1 0
154 168 0.013292631580 175 0.094621283230 180 0.098054750133 191 0.136804536916 197 0.104279962816 -1 0
155 156 0.041071399410 179 0.064044606278 185 0.142867080127 190 0.057286392531 -1 0
156 179 0.069036922044 185 0.132041232892 186 0.126896415251 190 0.079877078746 -1 0
157 160 0.126084249533 162 0.059318627144 194 0.058992433418 198 0.142268948140 -1 0
158 169 0.067623009041 198 0.122618933403 199 0.084699010951 -1 0
159 206 0.051107582656 -1 0
160 162 0.086893202472 167 0.110512527865 187 0.041432727527 205 0.063142770054 -1 0
161 191 0.141890199566 195 0.066999632554 201 0.106842163048 -1 0
162 187 0.120497778542 194 0.073342188737 -1 0
163 170 0.077273079921 184 0.142854375916 192 0.129255658310 200 0.083095585536 -1 0
164 165 0.055828456445 174 0.137403167003 185 0.077842273241 -1 0
165 185 0.065223474215 190 0.123870261533 -1 0
166 174 0.104085756915 178 0.076488228350 209 0.038356011192 -1 0
167 187 0.069399357745 205 0.102423665428 -1 0
168 175 0.086620632720 180 0.107265669733 191 0.126476881840 197 0.095728607252 -1 0
169 194 0.138131768999 198 0.057664709251 199 0.145297710918 -1 0
170 177 0.077638953446 208 0.117160111823 -1 0
171 177 0.117092965367 208 0.082929925127 -1 0
172 -1 0
173 181 0.082342313803 207 0.091356188520 -1 0
174 183 0.135953235972 193 0.096098634171 209 0.093355861676 -1 0
175 180 0.125691626704 191 0.048896467818 195 0.114026188880 -1 0
176 204 0.077822134154 -1 0
177 208 0.122641711531 -1 0
178 188 0.109701098694 209 0.083679178868 -1 0
179 190 0.121151070155 -1 0
180 183 0.085743507018 193 0.081642256083 -1 0
181 203 0.127165164235 207 0.012808702924 -1 0
182 202 0.026316381370 -1 0
183 193 0.046577675328 -1 0
184 192 0.044393334205 200 0.060005510014 -1 0
185 190 0.106371301999 -1 0
186 -1 0
187 205 0.055719640949 -1 0
188 209 0.126707906744 -1 0
189 -1 0
190 -1 0
191 195 0.079472761963 -1 0
192 200 0.053533537773 205 0.126919902108 -1 0
193 -1 0
194 198 0.083991277046 -1 0
195 201 0.143591809232 -1 0
196 -1 0
197 -1 0
198 -1 0
199 -1 0
200 -1 0
201 -1 0
202 -1 0
203 207 0.117560992212 -1 0
204 -1 0
205 -1 0
206 -1 0
207 -1 0
208 -1 0
209 -1 0
