0.000000
1.000000
210
15
0.146200
0.000000
0.418359478004 0.129229941871
0.748935613781 0.881188240834
0.540042710025 0.165452406742
0.368767002597 0.375521485228
0.502080366481 0.294750298839
0.642758719623 0.731553072575
0.845215521753 0.998342058621
0.487665866967 0.929706817027
0.047466133256 0.252156527713
0.766334291082 0.487278719433
0.292000141926 0.051995919552
0.077040787321 0.824171565007
0.881008173339 0.176686152350
0.891081513837 0.749380426947
0.045673697721 0.133530570660
0 36 0.042654851111  39 0.108607751682  57 0.098611043099  61 0.062289054160  68 0.130976439067  76 0.141032506855  82 0.054821218969  83 0.140946941468  103 0.080242472121  114 0.064268108774  128 0.079853745750  167 0.131677975421  179 0.058405547771  188 0.139764657048  208 0.111080385624  -1 0
1 6 0.087585686950  8 0.037553292593  15 0.050561013456  18 0.073162812361  21 0.028822770799  73 0.122185591847  75 0.115548157357  78 0.073598063126  79 0.057839923729  94 0.121680302291  100 0.070054097772  110 0.130634326982  129 0.071206400679  138 0.020291510027  151 0.109991814786  160 0.118343595433  182 0.113037999965  190 0.061286483510  -1 0
2 36 0.105169452179  42 0.142435088445  61 0.098477250803  68 0.033008609775  82 0.088601100666  89 0.058671969509  103 0.093075068617  114 0.071502015439  115 0.137205245956  128 0.129968856967  133 0.109979127029  171 0.111930436031  179 0.127431938038  181 0.090119483873  191 0.097560067955  196 0.047144364165  -1 0
3 1 0.120631432287  17 0.089376508891  27 0.129563628350  46 0.089406258787  48 0.053688101955  84 0.060785957501  106 0.108395270060  123 0.109587956395  130 0.144220171186  148 0.107398370893  154 0.118341160665  167 0.121152704108  188 0.116218205704  -1 0
4 48 0.127947512852  53 0.102201547143  68 0.101749286619  103 0.105250197897  114 0.129873053375  115 0.117262484930  133 0.025052745710  148 0.056073811196  167 0.129764641206  181 0.109915774901  188 0.090681997291  191 0.047062547991  196 0.106005666175  -1 0
5 3 0.047573807023  31 0.109030172347  62 0.083208034594  75 0.112087426214  121 0.129315496998  137 0.081435746368  192 0.141068405322  202 0.136420172135  206 0.102467373232  -1 0
6 6 0.144975091922  8 0.145148785246  18 0.083591273315  21 0.135364178804  63 0.145620553286  78 0.086206680765  95 0.145271969580  100 0.089506056724  129 0.081502672647  151 0.137244968265  190 0.128054137620  -1 0
7 28 0.078140558206  32 0.108346161675  55 0.071241984489  81 0.054426705575  119 0.098368494812  134 0.033609892674  136 0.145031051138  149 0.118322310480  176 0.078047964762  187 0.021127983668  200 0.044563707195  202 0.120571886777  203 0.093904462130  -1 0
8 20 0.066617264633  33 0.126636010509  64 0.029014065318  74 0.118381723382  93 0.104354270431  102 0.096201673369  118 0.119607351114  146 0.101416540792  155 0.065291883199  185 0.053129104216  189 0.117757508505  198 0.133920194977  -1 0
9 0 0.085400670485  12 0.078277643042  37 0.068594356571  45 0.124569010576  66 0.057752787927  67 0.108420729853  96 0.062064272970  126 0.092721964604  152 0.050474356296  159 0.097832383228  165 0.081834622334  174 0.058360023547  175 0.109582618028  192 0.141073430989  194 0.063462487843  -1 0
10 4 0.123640772206  39 0.117205152231  51 0.056767365512  76 0.059923633112  80 0.144912606891  108 0.072249989985  112 0.090629437957  127 0.120188493697  132 0.076998121910  208 0.123039807038  -1 0
11 5 0.068371845093  23 0.123792818610  54 0.041521156841  88 0.070545234850  116 0.016631452224  122 0.075094742365  141 0.026838971451  161 0.117312336358  163 0.098197987956  177 0.109943426952  205 0.132730427058  -1 0
12 34 0.094545802581  43 0.123211169240  58 0.114701244191  60 0.083426693134  86 0.057359035653  90 0.055198993923  91 0.099875275140  97 0.130506941575  104 0.140360449371  117 0.033867617403  142 0.139771892621  143 0.043021084448  156 0.126546026659  173 0.110796012770  178 0.094517673094  180 0.112549821101  184 0.096653881065  197 0.133037641214  199 0.117465098382  209 0.123094629253  -1 0
13 6 0.120021321030  29 0.060304652736  40 0.102108679597  69 0.113142231738  73 0.090939801988  77 0.105763830839  79 0.136723911210  87 0.094266370393  94 0.072173340148  110 0.089732222609  113 0.007706769022  121 0.140332105664  151 0.117248881694  172 0.023579648293  -1 0
14 4 0.136671015387  20 0.052116259071  64 0.103293271372  74 0.006115303314  93 0.038500081996  102 0.070757070240  189 0.077502646541  -1 0
0 9 0.141309929393 11 0.088479841484 12 0.019386695490 13 0.138173219632 66 0.133145444669 67 0.048081546471 85 0.115064826521 96 0.126554357918 98 0.133647060676 152 0.111303564304 165 0.053307032308 174 0.097152700285 175 0.112115281918 194 0.081327704141 195 0.098551497399 -1 0
1 17 0.091818276453 27 0.108902104922 46 0.031372957774 84 0.076389367010 106 0.115201327235 130 0.034576390624 131 0.128499400628 154 0.095194700711 -1 0
2 10 0.061849742870 23 0.145820913989 24 0.122574145979 25 0.031924969794 28 0.125417371322 47 0.140070321966 59 0.066808916540 92 0.116965361945 99 0.087996047234 105 0.019900773667 120 0.100008322806 150 0.108828762576 170 0.056606192474 176 0.121928302092 -1 0
3 13 0.135057315856 30 0.130671062087 31 0.085884001389 50 0.131584020181 62 0.035644160940 71 0.128656837116 75 0.135978126913 137 0.043844672934 183 0.113512996510 202 0.140208353740 206 0.054922912632 -1 0
4 51 0.080375287536 74 0.142711440235 76 0.100740180698 80 0.093945033430 102 0.104733540496 108 0.114186184578 112 0.074495576474 127 0.057224932742 132 0.081613312639 189 0.082958778414 -1 0
5 54 0.102602907348 88 0.109633280905 116 0.078697110306 122 0.076104304559 141 0.045430688845 161 0.146113359893 163 0.095032654846 177 0.132629396143 -1 0
6 8 0.050213793922 15 0.134802118468 18 0.108516274109 21 0.060764786920 73 0.087446703477 77 0.107418961227 78 0.067718785595 79 0.049490888513 87 0.126276291586 94 0.055603359289 100 0.066242628566 110 0.096785428909 113 0.112829713536 129 0.082335107266 138 0.106740311398 151 0.026141859851 172 0.098004558153 190 0.030792469673 -1 0
7 34 0.099866384076 66 0.140179075830 86 0.132515090875 90 0.113860773613 96 0.122615012588 126 0.112756331342 142 0.117309621881 143 0.114332853849 147 0.020309365908 152 0.127688883538 169 0.039258359671 175 0.085982938212 184 0.081045117820 194 0.122925912477 197 0.089978626151 -1 0
8 15 0.086533621993 18 0.081459665697 21 0.015278977861 73 0.097251741001 75 0.145860192594 78 0.059164144527 79 0.030334727457 94 0.087436978802 100 0.055738548378 110 0.106601933839 129 0.065423298433 138 0.057260055844 151 0.073700378810 172 0.135773600192 182 0.146028170551 190 0.027568005733 -1 0
9 11 0.122511418079 12 0.134105619455 13 0.046309948199 30 0.090700452199 31 0.086008022317 50 0.037603241613 56 0.029512394016 67 0.098195316385 71 0.049485167734 98 0.113605897061 137 0.122512706472 153 0.045140736685 165 0.122609740351 166 0.111076502350 195 0.044156539750 206 0.143225666133 -1 0
10 24 0.142797277381 25 0.049542309929 28 0.104196059779 35 0.093531905527 47 0.124655545457 59 0.023384528532 81 0.144401812751 92 0.057142986810 99 0.074844409827 105 0.045544091120 119 0.087104029941 134 0.136991022933 135 0.145260469922 150 0.126506723926 158 0.127555549776 162 0.118858860301 170 0.078929318454 176 0.098945050531 -1 0
11 12 0.100545720962 53 0.076129775044 56 0.125328326834 67 0.093705065678 85 0.080055061194 98 0.049381315530 153 0.118051751615 165 0.122975068667 195 0.100298383491 -1 0
12 13 0.125337461512 50 0.139414588942 66 0.131100865451 67 0.036367240425 85 0.134068728130 96 0.127384745822 98 0.142402578014 152 0.112285253201 159 0.131173062831 165 0.034063578817 174 0.080121708102 175 0.124996349473 194 0.088923819925 195 0.090153921618 -1 0
13 30 0.104077111642 31 0.049280338884 50 0.017562220466 56 0.074293527795 62 0.129892588727 67 0.090163392346 71 0.059332851019 137 0.094405665658 153 0.091188358795 165 0.103103948868 174 0.140878316230 192 0.135038335228 195 0.048397471941 206 0.126785804654 -1 0
14 44 0.142229585787 65 0.039386979707 101 0.022762932600 144 0.054969457884 157 0.144552201892 161 0.140622916644 164 0.048201104940 201 0.130829043362 204 0.112108504757 -1 0
15 18 0.072798956168 21 0.074063668764 26 0.095940765596 32 0.126724833077 75 0.103275095568 78 0.099505846420 79 0.108251931736 100 0.096811275930 129 0.088979894391 136 0.107591677278 138 0.030392625806 149 0.117678002721 160 0.078227969897 182 0.064081950406 190 0.105559344902 -1 0
16 19 0.062144667481 47 0.145798836357 54 0.122098017381 116 0.140759716863 135 0.122315303334 205 0.057114420521 -1 0
17 46 0.071936906257 48 0.143007293006 84 0.100214284972 125 0.099070226500 130 0.126286126311 154 0.029230876905 166 0.139726795139 201 0.143763678284 -1 0
18 21 0.067196472379 26 0.144064142373 78 0.044951622824 79 0.111794004234 100 0.044689367440 129 0.028805656257 138 0.070412495326 151 0.117070634444 182 0.097443343961 190 0.079478424262 -1 0
19 23 0.135649030312 47 0.090673864993 54 0.124766892162 99 0.140136893984 135 0.067951542634 158 0.122856053219 162 0.086812885956 205 0.033299772331 -1 0
20 64 0.054800725578 74 0.052334366453 93 0.048011907362 102 0.056045963635 155 0.128908134162 185 0.109897176095 189 0.075188426003 -1 0
21 73 0.112273251140 75 0.143056394807 78 0.051107383442 79 0.045076954648 94 0.102209717824 100 0.047496224055 110 0.121553642314 129 0.054177291407 138 0.046375937137 151 0.081741899351 182 0.131784639329 190 0.032683449474 -1 0
22 44 0.093224406473 70 0.144598001497 111 0.032095368890 145 0.128747271732 157 0.091553393106 161 0.129618434166 163 0.135099408695 177 0.127222765311 186 0.063293351140 204 0.112252612030 -1 0
23 47 0.068035828364 54 0.099799376706 59 0.137853305792 88 0.122954754280 99 0.087264539068 105 0.137283742729 116 0.116359767860 135 0.077172417999 150 0.037076088753 162 0.130655597443 205 0.118237365730 -1 0
24 25 0.101623215454 28 0.084729095992 62 0.123396857012 105 0.135006758961 120 0.068505485331 134 0.125444740716 170 0.068374894596 176 0.087635627619 183 0.100039866034 202 0.141591148599 206 0.117402366991 -1 0
25 28 0.093556870994 35 0.142893677464 59 0.065207131480 92 0.106308236406 99 0.103145885876 105 0.035202105511 119 0.126202789404 120 0.097926859415 134 0.138200363800 150 0.136004697644 170 0.033395924887 176 0.090010935597 -1 0
26 32 0.047932491544 55 0.100248348791 75 0.131587242281 136 0.012704565996 138 0.125984904110 149 0.038367380602 160 0.063141981190 182 0.047565837814 187 0.140907803421 200 0.113676293942 202 0.134361405086 203 0.085109692810 -1 0
27 46 0.104307752721 48 0.127745938120 49 0.043307411047 84 0.074916838108 106 0.027721698094 123 0.069260521902 130 0.095654132742 131 0.041997187400 198 0.094947941473 207 0.068514084280 -1 0
28 55 0.114231744546 59 0.127458983976 81 0.113356939057 92 0.132333134850 105 0.125324241440 119 0.109530956627 120 0.137025630018 134 0.048512590345 170 0.079650183472 176 0.005669067397 187 0.099063107798 200 0.104222203995 202 0.122662733555 -1 0
29 40 0.095936299567 45 0.126434573092 69 0.054847076460 73 0.129776676475 87 0.138414665494 94 0.126645852480 107 0.112875651648 110 0.124525471741 113 0.067997701906 121 0.139604210942 172 0.080649271665 -1 0
30 31 0.096830410300 50 0.086846719755 56 0.081758783188 62 0.100605437122 71 0.045569689168 137 0.094172812663 153 0.092660311511 166 0.085827958803 183 0.062667826421 195 0.132632865273 206 0.083220818949 -1 0
31 50 0.048733076339 56 0.107258974921 62 0.084538030478 67 0.133921895150 71 0.065890850647 137 0.047099322657 153 0.125546173336 165 0.139028124777 183 0.125284702462 192 0.127993657128 195 0.097625412103 206 0.085819437409 -1 0
32 55 0.055269300813 75 0.122512253365 81 0.141607459355 134 0.121448771762 136 0.038279372495 149 0.010064377143 160 0.061365854916 182 0.093402564036 187 0.094406755750 200 0.065745745377 202 0.104317572541 203 0.054796566775 -1 0
33 70 0.091466347870 118 0.078900728834 131 0.128896290528 146 0.026682141459 155 0.093786144772 185 0.118060103867 198 0.143552279433 207 0.135506865736 -1 0
34 86 0.113809956443 90 0.039760815589 91 0.124564514197 97 0.058301653766 117 0.079387701614 140 0.084324740309 143 0.075222981953 147 0.094896072808 169 0.138247931682 184 0.019818470886 197 0.138994412009 -1 0
35 47 0.118966338133 59 0.085645485286 81 0.125182480919 92 0.036679384907 99 0.104326570278 105 0.132713964091 119 0.063478413226 135 0.126608534764 158 0.038774964517 162 0.067535134780 -1 0
36 57 0.139584931529 61 0.019664766956 68 0.119512788059 82 0.017332310345 83 0.107160583170 89 0.141226690499 103 0.095716912642 114 0.065599125791 128 0.044079118346 179 0.027846105556 -1 0
37 45 0.111433992191 66 0.037514070188 96 0.057401181253 126 0.062698951221 139 0.122290666750 152 0.063255319598 159 0.111921926102 174 0.102938677048 175 0.139252593238 194 0.104755041505 -1 0
38 43 0.110474996917 52 0.037823148441 58 0.119615504020 109 0.080439742617 124 0.070481643011 156 0.112937508604 178 0.135063094307 180 0.125171882439 209 0.120040682782 -1 0
39 49 0.130727505645 57 0.059874001134 76 0.067761387008 103 0.141912733435 123 0.119258669320 132 0.074709129742 167 0.107893070611 188 0.142201524392 208 0.006021577142 -1 0
40 45 0.087093567685 69 0.102418184858 73 0.082180643430 94 0.113202077024 110 0.072616918523 113 0.105815380896 121 0.043671550527 159 0.111133242782 172 0.099745592315 192 0.097802992347 -1 0
41 126 0.145769617129 139 0.054637258704 140 0.126597221245 193 0.088651505208 -1 0
42 68 0.139376698941 85 0.127880941767 89 0.121873933179 115 0.063979629908 142 0.085729075949 171 0.032328132421 173 0.123050134831 181 0.069396053273 191 0.131095696847 196 0.106336560065 197 0.103598737422 -1 0
43 52 0.097472019352 58 0.009175612977 60 0.040196556699 86 0.084488134195 109 0.046086465274 124 0.046364383570 142 0.104415589508 143 0.122979319392 156 0.063832971668 173 0.048356768469 178 0.029366158876 180 0.015266784949 197 0.123433695244 209 0.069562803537 -1 0
44 65 0.145274579828 88 0.082402322670 101 0.134763992077 111 0.067541726540 122 0.092389994951 141 0.142668017575 157 0.119315599379 161 0.037377344025 163 0.075909208453 177 0.040509589424 186 0.029945865105 204 0.030352008124 -1 0
45 66 0.142657547222 69 0.089065546922 121 0.098690558767 159 0.046251255778 174 0.093214554934 192 0.081477372774 -1 0
46 48 0.130165628576 49 0.143136383342 84 0.051604928743 106 0.102868712579 123 0.135820287999 130 0.060275766631 131 0.132996948147 154 0.084280094484 -1 0
47 54 0.128786305271 59 0.101274245370 92 0.115902023891 99 0.053395091463 105 0.123978052780 135 0.023494807846 150 0.068478646796 158 0.115456007161 162 0.062658436316 205 0.090361906644 -1 0
48 49 0.128674285649 57 0.115587606045 84 0.084757934691 103 0.143701251371 106 0.100795696895 123 0.079949692809 133 0.138983719887 148 0.095148615749 167 0.067741023485 188 0.065634056336 -1 0
49 57 0.127828513913 84 0.104110472887 106 0.042455777315 123 0.051411138155 130 0.138902655670 131 0.058181338384 167 0.126582128873 198 0.077330489351 207 0.060130183902 208 0.125311862532 -1 0
50 56 0.062148747837 62 0.121953740771 67 0.103510752275 71 0.041827754199 137 0.088896165085 153 0.079995988524 165 0.119135149817 166 0.134443325339 183 0.136693591545 195 0.055806797245 206 0.116527132138 -1 0
51 76 0.078699048021 80 0.089314203848 108 0.040941340077 112 0.034659840504 127 0.063653076492 132 0.079413212115 -1 0
52 58 0.106380527487 60 0.137668541092 89 0.117377243127 109 0.083812209682 124 0.071234856672 156 0.121289616614 173 0.130156385287 178 0.125801960185 180 0.110126339875 209 0.129063470605 -1 0
53 85 0.104095292360 98 0.049859254991 115 0.138238361061 133 0.124702540752 148 0.083395574592 153 0.136581099307 191 0.127620817777 -1 0
54 88 0.097741107346 116 0.025650374045 122 0.114906668939 135 0.116530887714 141 0.067509506402 150 0.136693883373 161 0.144140689817 163 0.137284666115 177 0.140369845990 205 0.091848280000 -1 0
55 75 0.108587773771 81 0.119613307522 134 0.072180435863 136 0.092614195419 149 0.062930930984 160 0.077507799778 176 0.117569161796 182 0.140505918100 187 0.067515278800 200 0.029909744572 202 0.065553806909 203 0.081691426472 -1 0
56 67 0.121560147119 71 0.052982987825 98 0.104545327090 137 0.136740357036 153 0.018292037174 166 0.082771131609 183 0.144271856562 195 0.069196715166 -1 0
57 76 0.126937422598 103 0.094922915858 106 0.138116567403 114 0.115993032028 123 0.093680570990 132 0.134387409520 167 0.050303761399 188 0.082387024633 208 0.056072765097 -1 0
58 60 0.031392290556 86 0.075324715972 109 0.053001922933 124 0.054582540889 142 0.099315295501 143 0.113805276106 156 0.065933412507 173 0.042081927163 178 0.022112710744 180 0.007578241304 197 0.117023142922 209 0.070898992195 -1 0
59 92 0.052608227517 99 0.052232931608 105 0.047240910402 119 0.095617202077 135 0.121942130754 150 0.107518694878 158 0.115231645046 162 0.099019410615 170 0.097401882529 176 0.122160094798 -1 0
60 86 0.047593645546 90 0.122426052345 109 0.075112050915 117 0.117290132325 124 0.080506672169 142 0.097177477824 143 0.084388321290 156 0.072319140864 173 0.042955816418 178 0.015045476818 180 0.029333545703 197 0.108038570154 199 0.141947303061 209 0.074213390030 -1 0
61 68 0.117776151999 82 0.015589471358 83 0.095124988500 89 0.127573708738 103 0.106897618059 114 0.073783372080 128 0.034801175395 179 0.029255148570 196 0.144200196536 -1 0
62 71 0.108231060946 137 0.037947883318 183 0.077872080610 206 0.019594550477 -1 0
63 72 0.035766872684 77 0.106574766480 87 0.125099079540 95 0.050621015119 168 0.032978116828 -1 0
64 74 0.101708625681 93 0.081712823486 102 0.099757743069 118 0.132485294619 146 0.125831032214 155 0.076589503139 185 0.055445356942 189 0.121366404387 -1 0
65 101 0.019630830451 144 0.075326812040 145 0.127196121293 157 0.115750397960 164 0.063178571191 201 0.130467244401 204 0.117677455390 -1 0
66 96 0.019899602678 126 0.036965872679 139 0.143357912633 147 0.128659620674 152 0.027858148544 159 0.133417306110 165 0.139343766420 169 0.133553227183 174 0.109532969143 175 0.102077907911 194 0.071195511323 -1 0
67 71 0.140807625506 98 0.125837064117 153 0.128177887827 159 0.136856615304 165 0.032849371266 174 0.091333259902 192 0.141464815398 194 0.125251647754 195 0.054072194999 -1 0
68 82 0.105012626023 89 0.085530679932 103 0.076469494881 114 0.067736296754 115 0.119563573405 133 0.076980265093 171 0.112704079848 179 0.145051277531 181 0.076040339228 188 0.135879079012 191 0.066235615570 196 0.033079309611 -1 0
69 107 0.096594848973 113 0.120801375703 121 0.141129177699 159 0.135316744728 172 0.130668161264 193 0.131445664829 -1 0
70 118 0.094650856519 145 0.111600499206 146 0.106126368143 155 0.145549951901 157 0.128201481337 -1 0
71 137 0.085402810044 153 0.069747634939 166 0.101360574246 183 0.101129885563 195 0.088314032188 206 0.096701603682 -1 0
72 77 0.086869323553 87 0.099237441838 95 0.081813770088 151 0.146198141915 168 0.003409837317 -1 0
73 79 0.067275746216 94 0.044684644354 100 0.144824664182 110 0.009662469415 113 0.088200176864 121 0.091486901595 138 0.140923429627 151 0.105154977030 172 0.070898280091 190 0.103924171548 -1 0
74 93 0.033158491966 102 0.075562055268 189 0.083140728603 -1 0
75 136 0.135208519570 138 0.106347320134 149 0.120110070562 160 0.068632499556 182 0.137838158761 200 0.138309340548 202 0.059686207077 -1 0
76 108 0.114169942867 112 0.109241449054 127 0.125635689276 132 0.023590564372 208 0.072685973094 -1 0
77 87 0.027960371264 94 0.110275272124 113 0.099631602521 151 0.083882099470 168 0.086373586725 172 0.102334350057 190 0.132982805753 -1 0
78 79 0.086204109871 94 0.122791155821 100 0.003625974414 129 0.016195097767 138 0.082736980540 151 0.072610599385 182 0.139329168550 190 0.043497981971 -1 0
79 94 0.064826802428 100 0.083070668747 110 0.076495503924 113 0.131037505129 129 0.094597512165 138 0.077859321357 151 0.075601986211 172 0.113163276533 190 0.045522583323 -1 0
80 108 0.085386035235 112 0.054658993366 127 0.038561688969 -1 0
81 92 0.121381105108 119 0.067192008749 134 0.082538816369 176 0.110765119377 187 0.052167248270 200 0.089871355342 203 0.105711340784 -1 0
82 83 0.110713459359 89 0.124012277743 103 0.091429820854 114 0.058195495702 128 0.049867790745 179 0.040038691150 196 0.132938046751 -1 0
83 128 0.063120094299 179 0.082975734876 -1 0
84 106 0.061655953560 123 0.086171687436 130 0.090258359741 131 0.113924725288 154 0.122414052247 167 0.136480462973 207 0.143422575223 -1 0
85 98 0.115033728618 115 0.083032551387 175 0.120896910087 181 0.129377604555 191 0.138799915574 194 0.135484569470 -1 0
86 90 0.079108020215 109 0.122705624070 117 0.087851764061 124 0.127778018901 142 0.083752355456 143 0.039082881003 147 0.145559676606 156 0.116032090149 173 0.056685295241 178 0.062607559914 180 0.070247101911 184 0.105298270707 197 0.081952304691 209 0.116185958886 -1 0
87 94 0.117276388094 113 0.089579486665 151 0.105242044103 168 0.099654413863 172 0.097137823535 -1 0
88 116 0.082730220449 122 0.050396809062 141 0.070709648018 161 0.047144682464 163 0.060101581820 177 0.042894361256 186 0.109057811729 204 0.086897940282 -1 0
89 114 0.126883344569 115 0.143752355058 171 0.089875095450 181 0.099671627951 191 0.137265628412 196 0.076152644185 -1 0
90 91 0.109101303962 97 0.086041319476 117 0.047230471202 140 0.119960680840 142 0.140824633716 143 0.040244703894 147 0.115728806264 173 0.134371811476 178 0.136345639568 184 0.042483049216 197 0.123993099584 -1 0
91 97 0.111139288243 104 0.133517023212 117 0.070949948105 143 0.131947783865 184 0.140753575122 199 0.117501375574 -1 0
92 99 0.085297900245 105 0.098376718918 119 0.054205117996 135 0.129770056880 158 0.073167922992 162 0.081919533438 170 0.133118551178 176 0.126671686435 -1 0
93 102 0.093040962311 185 0.133915454951 189 0.106237324737 -1 0
94 100 0.121005014862 110 0.051575619321 113 0.066261530317 121 0.132632860304 129 0.136639747725 138 0.141944477213 151 0.065665001361 172 0.048603487846 190 0.081663363615 -1 0
95 168 0.079953997749 -1 0
96 126 0.033023206328 147 0.112537747416 152 0.015253937689 165 0.140405169053 169 0.113994623095 174 0.118580365836 175 0.082675441937 194 0.056110088326 -1 0
97 117 0.102563196816 140 0.041530242048 143 0.126200160870 147 0.137876574006 184 0.076681782968 -1 0
98 148 0.127313262032 153 0.091315509766 166 0.142930191625 195 0.110065951947 -1 0
99 105 0.070936664942 119 0.137953855595 135 0.076325241476 150 0.061922151656 158 0.118640351952 162 0.079543215169 170 0.136386379464 205 0.143534331610 -1 0
100 129 0.016417009202 138 0.079472196325 151 0.072427126251 182 0.137889308561 190 0.040985497480 -1 0
101 144 0.070487577582 145 0.140087672944 157 0.123005096481 161 0.139145339103 164 0.060481566722 201 0.136966481134 204 0.105770598796 -1 0
102 189 0.021776720943 198 0.115000272782 207 0.142514410556 -1 0
103 114 0.035016567221 128 0.139314044608 133 0.086191982268 148 0.140949710017 167 0.092582895786 179 0.122947879204 181 0.145686716242 188 0.078232173071 191 0.103294894771 196 0.108003092625 208 0.140846942987 -1 0
104 117 0.144875309517 156 0.124388917688 199 0.022897348281 209 0.116589596469 -1 0
105 119 0.132582266476 120 0.118810334454 150 0.101073151627 162 0.140008677169 170 0.066862458418 176 0.121162665965 -1 0
106 123 0.044689345750 130 0.109932987761 131 0.068195786114 167 0.120531461586 198 0.112413579322 207 0.088800503565 -1 0
107 139 0.130192839941 193 0.085338965165 -1 0
108 112 0.043891281522 127 0.077558529392 132 0.118783561157 -1 0
109 124 0.012776110674 156 0.037957846021 173 0.094429375643 178 0.060115418699 180 0.060454478636 209 0.045799012338 -1 0
110 113 0.087785361742 121 0.082524477662 151 0.113836426670 172 0.071329882886 190 0.113586640536 -1 0
111 122 0.145897731749 145 0.117803301992 157 0.075058090961 161 0.104909197966 163 0.123991342463 177 0.105602513568 186 0.039484448575 204 0.082136193867 -1 0
112 127 0.034403502407 132 0.104801392911 -1 0
113 121 0.142743547032 151 0.109618722350 172 0.018274897482 190 0.142739280085 -1 0
114 128 0.107527393970 133 0.107384035987 167 0.124158482606 179 0.093443532458 181 0.143497406124 188 0.113148149826 191 0.115857767004 196 0.100683668051 -1 0
115 133 0.112618320899 142 0.142023138661 171 0.071332220875 181 0.047480902352 191 0.082815524997 196 0.090610605482 -1 0
116 122 0.091625490115 135 0.141527095090 141 0.041872908375 161 0.129871426835 163 0.114616831520 177 0.123746130784 205 0.116177069963 -1 0
117 140 0.143037416198 143 0.061125251881 173 0.143278667213 178 0.128164318857 184 0.088240414459 199 0.122654581508 -1 0
118 146 0.064854653452 155 0.055938743272 185 0.079184762414 -1 0
119 134 0.107967330527 158 0.098942078439 162 0.128563470679 170 0.142692146465 176 0.104486994837 187 0.108464450481 200 0.142538351270 -1 0
120 144 0.144018036423 170 0.073432565095 176 0.137685982270 183 0.094768223735 201 0.134733310638 206 0.141491075753 -1 0
121 159 0.103590003621 172 0.133099023436 192 0.070180944777 -1 0
122 141 0.056826940009 161 0.072485448531 163 0.023520675068 177 0.057661762583 186 0.108730360595 204 0.111130993979 -1 0
123 131 0.102892905613 167 0.078553239460 188 0.110068584644 198 0.127878722277 207 0.111426402386 208 0.113241712418 -1 0
124 156 0.050729882000 173 0.094023531907 178 0.065910324322 180 0.061548723418 209 0.058570705903 -1 0
125 144 0.121191561915 154 0.074728843542 164 0.117700671728 166 0.099652981714 201 0.046089985171 -1 0
126 139 0.132242233049 147 0.098238702111 152 0.048153859238 169 0.115167118521 175 0.098746226061 194 0.084656129953 -1 0
127 132 0.114953489759 189 0.126552689086 -1 0
128 179 0.021789023335 -1 0
129 138 0.076449042710 151 0.088700787483 182 0.124367842030 190 0.055570172273 -1 0
130 131 0.104739756521 145 0.134111015554 154 0.129164696209 207 0.140148604799 -1 0
131 146 0.137114000166 198 0.063753064331 207 0.035760666273 -1 0
132 189 0.143483091887 208 0.078334593981 -1 0
133 148 0.079407153028 167 0.128137471954 181 0.095519236545 188 0.090721075998 191 0.031710053715 196 0.084129068911 -1 0
134 149 0.130743747984 170 0.127866481742 176 0.049980262880 187 0.052893457559 200 0.056649868753 202 0.102832308299 203 0.120159503671 -1 0
135 150 0.086821491918 158 0.115693663983 162 0.062485987215 205 0.067214036634 -1 0
136 138 0.137392353123 149 0.029687872740 160 0.066688489082 182 0.060076446536 187 0.129394369090 200 0.103627888213 202 0.132308324321 203 0.072409630465 -1 0
137 183 0.096529534530 195 0.142521889886 206 0.043942776038 -1 0
138 149 0.145399750807 151 0.128084806283 160 0.100207499805 182 0.093665492750 190 0.078943630175 -1 0
139 193 0.046324113783 -1 0
140 147 0.137423704148 184 0.097770408271 -1 0
141 161 0.113669803669 163 0.080286036451 177 0.103099899702 -1 0
142 143 0.106508131835 147 0.137047087223 169 0.110614354163 171 0.108654600184 173 0.057797870474 178 0.106474173904 180 0.091850000538 184 0.143960699843 197 0.027409418732 -1 0
143 147 0.122931711423 169 0.140704979737 173 0.094196309241 178 0.098925969002 180 0.109086989598 184 0.068814258954 197 0.094609933602 209 0.145073529266 -1 0
144 164 0.013452625091 201 0.083607270097 -1 0
145 157 0.044784945622 -1 0
146 155 0.068057293993 185 0.091694992111 198 0.139524251848 207 0.136774704261 -1 0
147 152 0.119718538138 169 0.053386252154 175 0.091175148689 184 0.077952393404 194 0.121934302212 197 0.109651583647 -1 0
148 167 0.126050511101 188 0.090914073170 191 0.102456099902 -1 0
149 160 0.055918413121 182 0.083368018616 187 0.104469553042 200 0.075435544794 202 0.107034556266 203 0.061489099824 -1 0
150 162 0.125316049263 205 0.142517433521 -1 0
151 168 0.144030905992 172 0.097906825807 190 0.049165179825 -1 0
152 159 0.141983269436 165 0.126301363207 169 0.114337624447 174 0.108428748031 175 0.076620614521 194 0.043403348936 -1 0
153 166 0.074918688636 195 0.078864057900 -1 0
154 166 0.134683037106 201 0.117461282206 -1 0
155 185 0.026114820920 -1 0
156 173 0.106197164532 178 0.059113572163 180 0.072923170243 199 0.113706118309 209 0.007841198594 -1 0
157 186 0.102968180449 204 0.114037372820 -1 0
158 162 0.053537223790 -1 0
159 165 0.105410433455 174 0.051739181438 192 0.053420136962 -1 0
160 182 0.079408408412 187 0.140688626154 200 0.104147584647 202 0.079934864770 203 0.116157602680 -1 0
161 163 0.064995709678 177 0.016231378812 186 0.066587710881 204 0.041004393663 -1 0
162 205 0.107466557436 -1 0
163 177 0.048786256931 186 0.088121274652 204 0.098993366974 -1 0
164 201 0.084006741014 -1 0
165 174 0.058517107120 192 0.116805333836 194 0.113008137695 195 0.079462225114 -1 0
166 183 0.132851899958 201 0.121876625233 -1 0
167 188 0.039174938760 208 0.103206803286 -1 0
168 -1 0
169 175 0.053467293713 184 0.118964039847 194 0.097214636271 197 0.086136898494 -1 0
170 176 0.077910014010 -1 0
171 173 0.134160626874 181 0.053381501929 191 0.117529409863 196 0.080448860940 197 0.130219361310 -1 0
172 190 0.127182182254 -1 0
173 178 0.049477525713 180 0.034511622189 197 0.075100338233 209 0.110133077508 -1 0
174 192 0.084281418245 194 0.116814912362 195 0.131976948039 -1 0
175 194 0.046614903102 197 0.132376800845 -1 0
176 187 0.099116382080 200 0.106302233978 202 0.127892884036 -1 0
177 186 0.066165010174 204 0.053622129832 -1 0
178 180 0.023800051290 197 0.119779315486 199 0.139675884512 209 0.061900317706 -1 0
179 -1 0
180 197 0.109448122532 209 0.077610794867 -1 0
181 191 0.064230781761 196 0.044526242370 -1 0
182 203 0.131928542888 -1 0
183 206 0.059022838657 -1 0
184 197 0.121132949064 -1 0
185 -1 0
186 204 0.053081888017 -1 0
187 200 0.037708267144 202 0.125366840714 203 0.073580792234 -1 0
188 191 0.121784972050 208 0.138136654897 -1 0
189 198 0.118088868539 207 0.146181310884 -1 0
190 -1 0
191 196 0.061124420130 -1 0
192 -1 0
193 -1 0
194 -1 0
195 -1 0
196 -1 0
197 -1 0
198 207 0.028116386708 -1 0
199 209 0.105885784515 -1 0
200 202 0.091536498325 203 0.068839506930 -1 0
201 -1 0
202 203 0.145253117412 -1 0
203 -1 0
204 -1 0
205 -1 0
206 -1 0
207 -1 0
208 -1 0
209 -1 0
