0.000000
1.000000
506
23
0.093100
0.000000
0.547502545640 0.630637591705
0.724558433983 0.714631167706
0.800149399322 0.660651950166
0.604640073143 0.363470007200
0.732518771198 0.323531412054
0.980149106123 0.335212275852
0.138120629359 0.842803682201
0.436827891506 0.563191148452
0.253601653501 0.476586650126
0.319194228388 0.665491394233
0.173500059638 0.421853605192
0.817384420894 0.933616554830
0.635964978021 0.020843660459
0.696480520535 0.793001583312
0.978253773879 0.998956736177
0.860347306821 0.525756319519
0.629594327882 0.584905740805
0.240387487225 0.429743727669
0.245557690971 0.845027560834
0.793213734869 0.978076462168
0.168558972888 0.773362840991
0.313288738485 0.306679602247
0.616166523192 0.750116629992
0 17 0.068064745204  26 0.089728723795  83 0.076263512889  217 0.041157716357  267 0.075980412685  292 0.063493546420  332 0.032845391042  346 0.058567491208  400 0.074355381322  441 0.081156391502  -1 0
1 22 0.083297963463  73 0.067048761782  135 0.089130484081  173 0.060375855055  189 0.006993883467  213 0.084041204339  310 0.052504673882  345 0.091514055134  427 0.085397761105  461 0.057734045510  473 0.074404369049  -1 0
2 8 0.077369299134  88 0.092958921597  99 0.082830812711  173 0.051727661150  189 0.089644813212  314 0.061328961430  339 0.089224638174  345 0.034019006699  395 0.055200545317  414 0.086475131500  480 0.085289546173  -1 0
3 2 0.078504724341  3 0.012514883413  77 0.088340725476  94 0.070496711863  96 0.030650060804  125 0.061154829423  169 0.071650886276  215 0.072571499840  229 0.041985326267  302 0.031156795006  343 0.065394403085  406 0.087650250939  430 0.083513414883  -1 0
4 15 0.042583682272  21 0.077570519643  38 0.089550712099  43 0.038644552200  59 0.055443266778  77 0.045688053654  194 0.047960275000  231 0.063050821527  342 0.035693224586  343 0.072043164271  352 0.079170263848  411 0.067669999845  425 0.085929633045  430 0.065425238385  452 0.055743866281  491 0.058994448368  -1 0
5 37 0.038774805550  104 0.052917257246  138 0.081699417753  360 0.057955675498  415 0.085148059669  -1 0
6 68 0.043219065196  79 0.034081174513  111 0.066090815067  152 0.059156976493  186 0.043029396595  256 0.056808929122  262 0.076256619696  289 0.022187527179  358 0.062020305899  416 0.043676604497  472 0.060464827197  489 0.063581866754  493 0.074985347421  -1 0
7 50 0.050134269820  89 0.065669977434  166 0.093042744531  185 0.086912612906  273 0.029514820778  319 0.058381448770  353 0.046864793209  386 0.071029704541  400 0.087055250659  -1 0
8 65 0.039751851736  86 0.062711529613  109 0.075100463168  250 0.041580385646  265 0.014665194235  348 0.084175114005  350 0.035814163268  351 0.054250070686  364 0.034557801018  373 0.067827203605  385 0.089491229365  498 0.078164013503  500 0.077020163038  -1 0
9 23 0.041525859051  81 0.049463759478  166 0.084583383556  174 0.032749791401  192 0.015973145250  238 0.061303469777  240 0.079172087373  253 0.048041897996  264 0.090467051621  270 0.078079373553  282 0.067608584664  287 0.061925296962  325 0.058876101392  356 0.089770472651  381 0.025688928722  391 0.091912182157  413 0.069366420091  423 0.059802044194  481 0.074575217102  484 0.009863922800  -1 0
10 33 0.012710829648  58 0.067680856232  65 0.069489660753  175 0.073352529711  222 0.038316698284  250 0.090661980712  254 0.051501976468  265 0.091762136757  286 0.083449547617  304 0.063263054655  309 0.079275178287  348 0.061435649652  351 0.055289784491  373 0.057833600571  433 0.092586704442  492 0.087110992998  500 0.023531456724  501 0.064815777187  -1 0
11 0 0.082652466071  76 0.060737999920  108 0.056267902361  190 0.067370379534  212 0.018626353814  321 0.039560503078  334 0.086107939798  362 0.092545973808  401 0.021679383498  460 0.036571961035  -1 0
12 13 0.019245350724  143 0.088471074717  165 0.049080889906  299 0.065020540717  307 0.074542552083  316 0.088914965271  439 0.080234141712  -1 0
13 22 0.057761130134  91 0.065864457171  100 0.052337304598  145 0.088712492595  158 0.066933482151  189 0.082904695187  218 0.059296696179  310 0.039624599345  461 0.033632032062  473 0.082504577716  -1 0
14 51 0.021076294826  140 0.028420398399  204 0.044875881536  257 0.037279339969  313 0.014234851719  349 0.024397173460  446 0.065796627813  -1 0
15 61 0.047428993357  88 0.084039007609  151 0.058812065243  159 0.087195048133  172 0.042076901423  181 0.028806011843  184 0.079189970684  209 0.053467632759  424 0.013458408641  467 0.073951003332  478 0.079687994806  485 0.082293164779  494 0.080990640702  -1 0
16 41 0.082215385312  45 0.074384132620  112 0.064434492743  135 0.083664107416  170 0.020227799490  217 0.052866973017  263 0.050499477126  267 0.017990261007  284 0.045476202247  292 0.034132849267  370 0.088064404949  427 0.077242674001  -1 0
17 33 0.076808621981  65 0.055402036922  109 0.085062704663  203 0.076694358294  222 0.065203106895  250 0.073441792585  265 0.035919380557  348 0.035524196749  350 0.083867124067  351 0.057631149498  364 0.083111573954  373 0.019582832133  500 0.043820304867  -1 0
18 111 0.085247969803  146 0.089868141996  179 0.047646868905  186 0.073832392482  234 0.052230338085  283 0.060710214951  289 0.090189389708  355 0.090579020645  404 0.066620363157  416 0.074234081074  418 0.032059255634  493 0.044221936098  -1 0
19 108 0.043669752970  212 0.044326846567  321 0.031097750022  401 0.071203321433  460 0.084675834705  -1 0
20 10 0.090634832441  68 0.034395366949  127 0.086444072796  146 0.062144275847  152 0.024622178330  186 0.048716545581  239 0.077337552583  281 0.089192970654  289 0.083488642347  374 0.073436335440  416 0.047466133450  490 0.048481724278  -1 0
21 4 0.063222580684  29 0.075696274916  102 0.071912391003  110 0.035750576118  128 0.067564674057  161 0.068036791172  203 0.070607653838  274 0.047122325711  369 0.070891487387  372 0.060836422177  399 0.086866040131  443 0.033458918485  487 0.088564981547  502 0.062153679975  -1 0
22 83 0.072331988783  84 0.030786924925  135 0.090507345633  213 0.049685125035  297 0.076881605387  310 0.073696207118  387 0.021361021381  448 0.065832660669  -1 0
0 76 0.051746244539 87 0.059193962709 190 0.045877230205 199 0.066939519394 233 0.083756587390 236 0.063382828288 362 0.015207076633 388 0.028793238772 401 0.061490110092 460 0.058788451029 495 0.081854365477 -1 0
1 34 0.031933262839 48 0.022683121149 93 0.066878212112 121 0.023672220440 128 0.080319435785 161 0.092172156703 357 0.061886535482 397 0.067212282704 417 0.076766216212 496 0.058231332645 -1 0
2 3 0.089365417435 60 0.074606205078 163 0.064553118829 169 0.041682871951 215 0.009408693561 229 0.079621802780 241 0.068108258207 261 0.055427322015 280 0.043394806338 291 0.042023589191 302 0.058484266546 306 0.071324961344 330 0.076741918449 426 0.087861288404 436 0.086989701338 -1 0
3 77 0.079773052779 94 0.059240009480 96 0.018367411259 125 0.054683881173 169 0.084165721519 215 0.082847200436 229 0.051712794938 302 0.036884740314 343 0.059329092009 406 0.075705224160 430 0.071866647576 -1 0
4 27 0.092030675556 53 0.063300169546 55 0.047551788718 110 0.090757291275 128 0.050683418287 161 0.030778113925 201 0.082721041415 247 0.069157469885 274 0.022790536079 369 0.008284590112 421 0.070935989962 429 0.041649298822 443 0.030032293248 465 0.079516749702 -1 0
5 18 0.081812585438 30 0.030143359116 101 0.090449262162 118 0.040173303508 122 0.078680676462 178 0.049322990155 187 0.046636476216 294 0.058183149172 300 0.091514841114 318 0.082245978851 340 0.085493359937 479 0.058451309682 -1 0
6 80 0.081503868560 232 0.052318972613 258 0.031078885393 315 0.052151974510 366 0.059433496740 433 0.062312942943 450 0.073339009753 476 0.048883748498 492 0.091888241647 -1 0
7 64 0.067204681965 79 0.089034722252 157 0.050301571580 183 0.033263020038 323 0.061745585702 358 0.062874452690 367 0.086866901883 405 0.046307991165 472 0.072252290117 489 0.074205663341 -1 0
8 209 0.082462648797 219 0.088321756649 275 0.090726984377 314 0.030776324334 326 0.026420175227 345 0.072324625866 395 0.063942009001 480 0.079436871431 485 0.068133929809 -1 0
9 18 0.086619120086 42 0.040057525562 66 0.092316060542 71 0.069145763209 123 0.090297686796 164 0.042012739334 235 0.057412830524 300 0.051820670517 318 0.069803441721 363 0.026870451041 378 0.048731185601 383 0.031563628855 407 0.025526987944 428 0.064924522244 -1 0
10 19 0.059626068012 40 0.068539213448 68 0.091509096940 85 0.083678253299 113 0.076576987801 124 0.062377692652 126 0.056121203935 152 0.078842972271 160 0.080347379611 193 0.043719656392 205 0.030662022057 239 0.058440760223 249 0.088461073930 281 0.025817340721 376 0.084598972908 379 0.086436916778 -1 0
11 87 0.092519195101 131 0.071463706619 136 0.007470371238 233 0.081911607502 236 0.030503473268 362 0.078670432108 446 0.056392544891 -1 0
12 78 0.082658343951 144 0.079143983566 165 0.089269365249 230 0.024731702007 237 0.056909694847 251 0.025633791661 299 0.071840794947 307 0.073839295981 316 0.070606567434 331 0.092401252786 338 0.079255858613 375 0.028003494299 380 0.077153007299 396 0.038440476832 442 0.085773845652 447 0.046971779163 458 0.058098523254 503 0.088051328975 -1 0
13 143 0.069470479266 165 0.033852670788 299 0.060634752140 307 0.073576946208 316 0.071650753198 447 0.080494298008 -1 0
14 27 0.054272952488 66 0.091084721975 201 0.090510560961 247 0.058719422112 248 0.055431426395 320 0.057829087289 335 0.091020223751 341 0.033370280339 359 0.059294342994 382 0.075385328812 421 0.048522949884 434 0.013707144252 436 0.082090155663 465 0.028491495927 -1 0
15 21 0.087215095848 43 0.028579995025 59 0.027224054006 77 0.088262469615 194 0.061531581649 231 0.024984397128 342 0.037867999993 352 0.063774578529 411 0.062940569002 452 0.053693360783 468 0.087886699862 491 0.023548417639 -1 0
16 44 0.049560078675 64 0.086825681086 98 0.043656682906 180 0.039283818931 262 0.084784497169 266 0.075266481769 337 0.034059175787 408 0.009989762481 412 0.013181041982 -1 0
17 26 0.038695649108 129 0.088556765368 211 0.073487885616 221 0.086177866718 224 0.078933776167 296 0.085863382512 332 0.035374117743 398 0.053684663020 441 0.023475897433 -1 0
18 42 0.046561597321 97 0.063725949158 118 0.061521151382 123 0.023715903774 164 0.059298971691 178 0.033355042792 187 0.036523778532 188 0.046164647188 201 0.083667810525 235 0.079257881043 260 0.088717104195 294 0.023820346180 300 0.059611709325 311 0.068624743553 318 0.020486465518 340 0.042058733627 383 0.066188384626 407 0.062957413715 -1 0
19 40 0.008922108494 85 0.025625865152 113 0.060690729396 124 0.013819793465 126 0.026584882480 160 0.028847389179 193 0.062448015814 205 0.051504834081 249 0.072855103516 281 0.079161382118 367 0.085499823630 376 0.070341345895 379 0.067681434190 -1 0
20 49 0.086465778251 92 0.025892165603 102 0.043251855292 109 0.055930012673 168 0.029804932664 176 0.052005382847 196 0.022176633320 210 0.061491596687 214 0.057645570100 252 0.090422527213 255 0.077999154600 276 0.082805709971 329 0.066009367881 372 0.043962034859 497 0.080682618885 502 0.065155654963 -1 0
21 59 0.068710399684 74 0.069414775984 77 0.092467781986 106 0.058152276871 142 0.079412463100 194 0.029744702028 231 0.083642376333 259 0.084010476570 322 0.033674900969 342 0.050447176096 352 0.046625292164 425 0.024009773476 452 0.034527593108 462 0.079146834469 466 0.082678779325 -1 0
22 91 0.056559077580 99 0.088337885352 100 0.043289077415 145 0.042450110124 158 0.011795639689 189 0.078434843199 199 0.072243239566 218 0.061892973579 310 0.075101900039 334 0.082917773234 339 0.075741532545 384 0.046982125204 461 0.037138306474 473 0.031631334493 -1 0
23 81 0.044828369304 166 0.069238496159 174 0.072308069695 185 0.086564682364 192 0.044570455692 238 0.027889020625 253 0.025101676541 269 0.067217408139 270 0.043424445792 287 0.068741104649 325 0.088895052626 381 0.045967758586 391 0.052663804514 423 0.065795619554 438 0.084854110904 470 0.059786534027 481 0.033179711592 484 0.032953419087 -1 0
24 26 0.090081473393 63 0.047767573535 82 0.082409702473 114 0.092574357420 129 0.038429470776 171 0.053927301190 211 0.057170527826 221 0.087313189930 224 0.058015399574 278 0.051285230309 288 0.065104856044 296 0.027744379682 356 0.087683640379 392 0.092338580153 398 0.083466580243 422 0.089914499952 431 0.064217485938 445 0.086739024031 459 0.088373925279 -1 0
25 41 0.058703029871 57 0.045996649296 74 0.081645198679 88 0.047841428995 142 0.075027900356 263 0.090027905101 370 0.067610846936 414 0.078974594992 466 0.063440542368 467 0.037719575335 478 0.043876075781 -1 0
26 63 0.058573875916 82 0.091678122965 129 0.057252095518 211 0.038879923434 224 0.077190891405 288 0.081435432886 296 0.063185260665 332 0.059830007722 398 0.015001154364 441 0.057252066599 -1 0
27 53 0.092177169828 55 0.088704329737 66 0.082938584212 123 0.091822135774 188 0.092470912616 201 0.038481101616 247 0.022876733749 335 0.089129677091 341 0.061391439797 369 0.090588047715 421 0.024675730202 434 0.047411610648 465 0.052552584690 -1 0
28 103 0.073518548833 153 0.023076722916 206 0.075711073091 208 0.035104360562 220 0.037157166528 223 0.065245906401 237 0.091488545930 242 0.072597338976 347 0.059719164769 442 0.080456657139 457 0.065640895333 488 0.073202138097 -1 0
29 48 0.088978159635 54 0.072997097879 69 0.083799561687 110 0.054000890409 119 0.032078497299 121 0.072749072501 128 0.054876682571 156 0.055807920041 161 0.075646746691 203 0.077479073265 336 0.043625027004 399 0.037354301114 417 0.082707848146 440 0.079926382038 443 0.080079284308 464 0.058413893124 487 0.053708294091 -1 0
30 118 0.052192396666 122 0.059131281167 141 0.085935919920 178 0.073655798632 187 0.074356958099 294 0.084406985206 479 0.028455188259 -1 0
31 45 0.052540790282 112 0.074353970492 167 0.017606696780 169 0.067561085020 182 0.035556264949 229 0.088605079429 241 0.046110926567 261 0.082867606538 284 0.058388208199 368 0.080514141517 426 0.091185256389 499 0.073224226919 -1 0
32 46 0.074716212338 47 0.070098615438 56 0.072416297963 155 0.045241556519 200 0.078379632355 290 0.061748969538 324 0.062665556214 454 0.053076163864 -1 0
33 54 0.092788014417 58 0.073539258163 65 0.082191718999 69 0.085098343924 175 0.060750342888 222 0.034776316914 232 0.087364321658 254 0.043215692060 286 0.089370652021 304 0.051204036273 309 0.077923283897 348 0.065473366633 351 0.067856285030 373 0.064923269153 433 0.082516072954 464 0.092855780838 492 0.081093203277 500 0.033656744863 501 0.059436698666 -1 0
34 48 0.053694153564 93 0.058730167659 119 0.089180304508 121 0.045870751422 357 0.057011181878 397 0.091935770956 409 0.083657840164 417 0.052587579636 496 0.084860179519 -1 0
35 58 0.069474702523 70 0.050150787368 250 0.089829529920 277 0.046217560372 286 0.055772695146 365 0.048793898244 419 0.030539624720 432 0.078083577795 451 0.084196342630 498 0.059852491822 505 0.050503432475 -1 0
36 62 0.077310204814 105 0.091502190740 177 0.049373697886 195 0.070513850628 216 0.035228644397 225 0.059695164806 227 0.000871411288 295 0.056439844198 297 0.082441471020 328 0.052270070811 377 0.020453676410 390 0.079066258095 403 0.058442032787 410 0.087911426223 475 0.042505078703 477 0.058390908686 -1 0
37 104 0.031512390244 133 0.074655007212 138 0.081566378343 317 0.081056773047 327 0.091731658179 360 0.044658841571 -1 0
38 43 0.070400601586 78 0.086897755668 144 0.032250652588 147 0.060818707535 149 0.092269302921 230 0.087780503255 251 0.091357521310 331 0.069434641957 338 0.034377111606 375 0.086527677420 396 0.070893160406 406 0.083866779223 411 0.039753443211 430 0.076699528758 458 0.074340217531 491 0.089065442307 503 0.076146347168 -1 0
39 207 0.018371974699 305 0.072053390327 -1 0
40 85 0.017615741339 113 0.063399550025 124 0.015399936016 126 0.031208475460 160 0.024143065168 193 0.069080870526 205 0.059518058973 249 0.074030829197 281 0.087737904245 367 0.083900254690 376 0.071897066341 379 0.069408618551 -1 0
41 57 0.050683287762 74 0.085075487836 112 0.036949700478 142 0.074752692720 167 0.092367445097 170 0.085079096818 263 0.065961089195 284 0.085018913545 368 0.081638881105 370 0.072376099640 414 0.091382907375 466 0.087244776961 478 0.092818915231 -1 0
42 123 0.052701056342 164 0.026653165728 178 0.071116821074 187 0.065370838722 188 0.081662588057 201 0.092868648694 235 0.053036894508 294 0.058701284926 300 0.034964241814 318 0.030795664118 340 0.087849054299 363 0.066434430070 378 0.088787987940 383 0.026397403118 407 0.017831549817 428 0.069482443367 -1 0
43 59 0.055333524446 77 0.078639675351 144 0.087141527892 194 0.077363207513 231 0.052875731966 331 0.082843712245 338 0.085677858058 342 0.056090458144 352 0.090667523824 411 0.036089878096 430 0.084472801533 452 0.075805528480 491 0.027013012063 503 0.091099547713 -1 0
44 98 0.064707504987 180 0.032370552635 262 0.082195539722 266 0.026629368865 337 0.029463451014 408 0.051683552263 412 0.036714604431 486 0.066145202346 -1 0
45 89 0.082075718833 112 0.084491767121 167 0.057955370762 182 0.047534678494 217 0.071669230750 241 0.074899722005 267 0.069662436155 284 0.036849604970 292 0.081508114328 346 0.055569066035 400 0.052384664415 426 0.092523880130 499 0.056353025953 -1 0
46 75 0.048750491229 132 0.048812025212 154 0.072217257478 191 0.088614193852 200 0.010704147820 228 0.080628345210 290 0.067792793625 324 0.028629532345 455 0.051781388978 474 0.064694090414 -1 0
47 56 0.026351425279 130 0.086228295383 155 0.027811024206 454 0.019615836580 -1 0
48 53 0.088437151156 55 0.086603764650 93 0.085502602512 121 0.018993797538 128 0.062848136336 161 0.071606954751 357 0.079618249284 397 0.062617468798 417 0.092047226665 429 0.075646124201 496 0.051932820925 -1 0
49 92 0.066111361235 163 0.050751661381 168 0.062976397303 176 0.039629776126 210 0.062161642849 214 0.056930913866 252 0.068142203513 255 0.089617249683 261 0.085845375175 273 0.090062553707 276 0.073047820540 280 0.091976138235 291 0.077896226369 306 0.056893713088 329 0.035953537241 330 0.064404930701 353 0.074648816689 386 0.070099669834 426 0.077753140833 497 0.045286464772 -1 0
50 81 0.066902367748 166 0.042909113106 185 0.039675783284 252 0.086302124100 270 0.086152165989 273 0.059205831402 287 0.052785422567 319 0.011874475652 353 0.082023627433 381 0.088300837007 385 0.079797372578 386 0.070634647195 423 0.054333921950 456 0.062041962255 -1 0
51 140 0.012599041689 204 0.061394523308 257 0.047918436782 313 0.014052365570 349 0.003321793154 446 0.062238267454 -1 0
52 62 0.056711459401 67 0.051633397302 114 0.071568386407 139 0.091664781552 162 0.016511592291 195 0.048330738893 197 0.068735011456 268 0.052244442696 285 0.066811281358 298 0.034294562418 312 0.028895270969 333 0.013826123781 392 0.080377503731 410 0.085419369248 422 0.075109718077 445 0.077629535039 453 0.050648369846 469 0.092094139792 -1 0
53 55 0.015771162222 97 0.038748563338 123 0.078768370413 128 0.082446689563 161 0.064599287345 188 0.051803403010 201 0.059037996021 247 0.076422408287 260 0.086859160837 274 0.084973806090 311 0.031299931983 340 0.072380040213 369 0.055094812723 397 0.089947780458 421 0.085690409355 429 0.026511463859 443 0.091867132737 496 0.084160088478 -1 0
54 69 0.010888041212 80 0.063358048086 119 0.048072753589 156 0.025665560332 175 0.058470634685 203 0.091636954718 222 0.068511551158 304 0.051667332673 336 0.034435956718 348 0.090945679480 399 0.047841642904 417 0.079723400035 440 0.012724973685 464 0.043587820594 487 0.051928568860 -1 0
55 97 0.054274043938 123 0.090919249018 128 0.070157896054 161 0.050768555629 188 0.065531226120 201 0.060489061546 247 0.070173385638 274 0.069399226750 311 0.046603811577 340 0.087905392412 369 0.039331840254 421 0.078240142910 429 0.013896810840 443 0.076149484236 496 0.091511239326 -1 0
56 130 0.061826212727 155 0.028472305117 226 0.088295007615 454 0.037824177731 483 0.090688480372 -1 0
57 74 0.039615355771 88 0.090961451668 112 0.080132563995 142 0.030899974440 322 0.085849877452 368 0.080367338607 425 0.090435064308 466 0.036669451541 467 0.066741819389 478 0.053290610279 -1 0
58 65 0.073637112823 70 0.032045163329 250 0.081324841200 254 0.068856285903 271 0.073524380584 277 0.060140765668 286 0.015847291941 309 0.043738015293 351 0.060277873977 365 0.071337783663 402 0.083386028244 419 0.077609471647 451 0.080649588109 492 0.073262866870 498 0.083485119883 500 0.079861598576 501 0.059183887223 505 0.073690727041 -1 0
59 106 0.086277767721 133 0.091991737203 194 0.049629069860 231 0.015126164230 342 0.029468386932 352 0.037112520304 411 0.090164613400 425 0.089676281116 452 0.034351788971 491 0.046648403028 -1 0
60 163 0.075498255565 210 0.064584056180 215 0.072000191345 248 0.048851062274 280 0.031802358652 291 0.080490498575 320 0.036785006593 359 0.083380102557 382 0.043163938322 436 0.012923578305 -1 0
61 106 0.084569273872 151 0.089457080053 159 0.063397410840 172 0.073906243307 181 0.038730748222 198 0.054784550717 259 0.055185108212 327 0.068238782859 424 0.038386135238 462 0.060842546494 463 0.080956137966 478 0.092295954969 494 0.088821277596 -1 0
62 114 0.049041213336 162 0.071033812624 171 0.082755589632 177 0.086451763726 195 0.024989370284 197 0.086568804460 225 0.088966695018 227 0.078138159824 268 0.051505950496 298 0.046728236394 312 0.054745129567 328 0.087200056934 333 0.051718041148 390 0.078685752372 392 0.043373303292 422 0.049643279604 431 0.082757766433 445 0.053119395383 469 0.041902760342 -1 0
63 82 0.046108576877 129 0.012803943165 171 0.065891959521 211 0.019946380380 224 0.077725035377 288 0.029597470646 296 0.035657027880 392 0.090526685459 398 0.046338393907 431 0.085045335270 448 0.069799429161 469 0.087967778623 -1 0
64 79 0.071126243469 98 0.053954095680 111 0.092919356879 157 0.017336613304 180 0.087174805931 183 0.083702192571 256 0.065965169530 262 0.070183537786 337 0.089118948651 358 0.067511493160 408 0.077615894424 472 0.039583653303 489 0.035057790849 -1 0
65 86 0.087883742587 250 0.022360313898 265 0.045110880560 286 0.081592728636 348 0.083801487157 350 0.064523410609 351 0.016228058212 364 0.060689316371 373 0.067723821251 419 0.081457991410 498 0.058708925146 500 0.056539063627 -1 0
66 71 0.041344145719 72 0.056409656051 115 0.028444881762 335 0.010737118601 341 0.061298701125 354 0.089797035009 359 0.071201070814 378 0.090273909730 434 0.077639162637 -1 0
67 139 0.077007242978 162 0.043711496952 195 0.092313113988 244 0.076818384422 285 0.086562973053 298 0.081845262268 312 0.058991264874 333 0.055432720760 410 0.091539373268 453 0.000989560244 -1 0
68 79 0.070887651633 146 0.091970911906 152 0.016438372426 186 0.034918512502 205 0.085079257931 289 0.055905774878 358 0.091908781721 416 0.034183404527 490 0.082855211785 493 0.091464893506 -1 0
69 80 0.055018238639 119 0.058768953126 156 0.035355382779 175 0.047599123787 222 0.063875702922 304 0.041390250454 336 0.045011443203 348 0.090529181022 399 0.057127924956 417 0.086034700686 440 0.013427778246 464 0.049806702427 476 0.086194302532 487 0.058851758831 -1 0
70 254 0.091880996254 271 0.072320040653 277 0.028097598841 286 0.017197953973 309 0.051273570783 351 0.086677039485 365 0.039299905371 402 0.082946441786 419 0.070092517983 451 0.053838219245 492 0.082668178716 498 0.087497363707 501 0.076575730053 505 0.041646093742 -1 0
71 72 0.083303347063 115 0.041188606991 335 0.045683150715 363 0.060939580985 378 0.050995119203 407 0.083010100482 420 0.090314167055 -1 0
72 94 0.087669350779 115 0.042215173267 125 0.069317819886 149 0.076313834355 150 0.059943741205 335 0.045830492942 341 0.064119595796 354 0.043060841757 359 0.042684740384 434 0.087025601250 -1 0
73 83 0.064878768187 135 0.023061621639 170 0.078574807167 173 0.078081056416 189 0.073880337662 213 0.045574698020 263 0.078096325304 292 0.088939588043 310 0.082538773761 370 0.087007994990 387 0.083123986035 414 0.079790079745 427 0.020909755581 -1 0
74 142 0.010397281116 322 0.051409836347 368 0.074697014224 425 0.050852613871 466 0.029471450907 467 0.089396304114 478 0.068079173945 -1 0
75 132 0.008705326995 154 0.051882262441 191 0.072821274284 200 0.046419948992 228 0.038108939404 324 0.068602091773 366 0.087672026622 455 0.055578397950 474 0.062319473087 -1 0
76 91 0.086800109387 145 0.060503736214 158 0.091155352677 190 0.008623242167 199 0.042444788932 212 0.064231176120 321 0.085058638810 334 0.064309334259 362 0.066884961761 384 0.077777891072 388 0.060087636183 401 0.049457203178 460 0.024166331430 -1 0
77 94 0.089319132604 96 0.073694510657 194 0.069752295683 342 0.072207580862 343 0.028161939174 406 0.087801272226 425 0.088354621358 430 0.035931789107 452 0.086680853717 -1 0
78 103 0.074772016548 107 0.032274069882 144 0.060675303247 230 0.082069906836 237 0.064444255672 242 0.071871523305 251 0.057570211099 331 0.021372402283 338 0.056731737560 375 0.084652787582 396 0.071342281722 411 0.076039690037 442 0.053366221460 503 0.012877437258 -1 0
79 111 0.077640623694 152 0.084546199394 157 0.066898768342 186 0.077110091195 256 0.055956164026 262 0.075706337833 289 0.047592712167 323 0.067175501628 358 0.029544780038 405 0.079306242102 416 0.077754684606 472 0.031547379820 489 0.036583050454 -1 0
80 156 0.076421075568 175 0.041501186963 232 0.063429866726 254 0.092046270769 258 0.069324876945 304 0.053170364389 315 0.050647003824 336 0.088636126757 433 0.078637524298 440 0.053008563228 476 0.041078978104 -1 0
81 166 0.035381737367 174 0.061712490042 185 0.056239310348 192 0.063639092094 238 0.072301704910 253 0.068800653744 270 0.046658834416 287 0.024863248505 319 0.065549385191 381 0.028159862584 391 0.090333025080 413 0.070805234688 423 0.021914776832 456 0.092249243174 470 0.070814080370 481 0.066805172963 484 0.049474429340 -1 0
82 84 0.075869389703 114 0.082399596210 129 0.058327920563 171 0.065447485572 177 0.088065144431 211 0.060723992974 225 0.079401835963 288 0.017789860820 296 0.080283458630 297 0.074629420914 328 0.085720187581 390 0.049643032632 392 0.067084728922 398 0.076761057635 422 0.078297105330 431 0.085086695603 445 0.077893130029 448 0.035477094981 469 0.053918549926 -1 0
83 135 0.044548159038 170 0.085664353795 213 0.044361766945 217 0.073283753360 267 0.084938368544 292 0.067046961816 332 0.085643533811 387 0.051299394811 427 0.062798141446 -1 0
84 177 0.080900417537 213 0.080430594713 225 0.070860394233 288 0.089166260296 297 0.047830431427 310 0.090304905989 328 0.078037651033 387 0.048836870969 390 0.065974803256 448 0.040392875777 -1 0
85 113 0.078263876712 124 0.022429007927 126 0.048170895788 160 0.013976393529 193 0.076549819741 205 0.077007791445 249 0.069709641206 367 0.092626182788 376 0.068419329645 379 0.083117632077 -1 0
86 109 0.091691821917 166 0.082602102840 185 0.073941812659 250 0.071849616669 255 0.082461935261 265 0.074790272804 269 0.074790922286 270 0.060724270960 350 0.026906661592 364 0.028722593878 385 0.051163689264 391 0.082572844229 456 0.064115804796 470 0.041288801058 481 0.076619917009 498 0.081179685570 -1 0
87 131 0.081918970484 190 0.087975529619 199 0.082282121818 233 0.031201763899 236 0.071961489046 362 0.054705903935 388 0.036584504344 495 0.039047166239 -1 0
88 209 0.069392965867 370 0.077634220361 395 0.063315195077 414 0.077377304151 424 0.085014484732 467 0.034862587582 478 0.058331380064 -1 0
89 163 0.091719979168 182 0.071691289943 241 0.083553183255 261 0.077472756222 273 0.060304223075 306 0.072796363503 330 0.061733308927 346 0.063107849596 353 0.045115175542 400 0.048213075569 426 0.045784343241 499 0.032786540661 -1 0
90 271 0.061706057509 277 0.083475658085 309 0.083608420456 365 0.082246109757 402 0.062561398320 450 0.073977899798 451 0.045530488620 492 0.086924542598 505 0.081230786729 -1 0
91 100 0.015809333430 145 0.046310141108 158 0.053102360313 190 0.090772806217 199 0.081395168890 218 0.012585026934 334 0.034663086788 384 0.081543177991 461 0.074645628414 473 0.086579563011 -1 0
92 102 0.065660031807 109 0.049837405383 168 0.003948412822 176 0.027976916210 196 0.033002179697 210 0.061761655127 214 0.032228923427 252 0.065417372640 255 0.058121350927 276 0.058841658586 329 0.040751534991 372 0.069854034395 386 0.084876049099 497 0.054800457716 502 0.086798692712 -1 0
93 117 0.090076560993 121 0.090367191246 226 0.086595546219 246 0.089618451228 303 0.052568420689 344 0.072580252855 357 0.007269920060 371 0.045930373353 389 0.059631306680 397 0.078199059257 409 0.034168473329 482 0.081310925780 496 0.078345341284 -1 0
94 96 0.041669124081 125 0.035362339026 147 0.058868768004 149 0.051042112985 150 0.040520104947 302 0.073933395664 343 0.087150296150 354 0.048402594393 406 0.019999736824 420 0.088674346108 430 0.058249416393 -1 0
95 131 0.085435185241 202 0.062405865475 219 0.078221122876 275 0.082207437034 -1 0
96 125 0.045128521139 149 0.092710221186 150 0.080331647256 229 0.069252165753 302 0.046953037525 343 0.059139642271 354 0.083255018977 406 0.057409082111 430 0.058386844287 -1 0
97 118 0.081231765243 123 0.049805301225 178 0.076426099439 187 0.088204671733 188 0.021226294871 201 0.064938717644 260 0.059406111068 294 0.076964030476 311 0.008072383813 318 0.083803927923 340 0.033640244281 397 0.086712208893 429 0.064861453105 496 0.085593151923 -1 0
98 111 0.071738499375 157 0.071216304991 180 0.033295649444 256 0.058101788130 262 0.045224726139 266 0.080998850147 337 0.035244416671 408 0.033825992563 412 0.047494643113 472 0.074388463975 489 0.068256503594 -1 0
99 158 0.086797158383 199 0.091352532396 339 0.012714648773 345 0.049043389875 384 0.062223778345 473 0.057652249215 480 0.022966461130 495 0.066528842194 -1 0
100 145 0.045098703664 158 0.042252267564 199 0.082445582452 218 0.018630073436 310 0.087836985215 334 0.049632757792 384 0.075515087402 461 0.058837512491 473 0.074456443469 -1 0
101 164 0.071813993054 187 0.087236051607 235 0.047000225943 272 0.024788833098 300 0.062832106058 383 0.077409047003 393 0.067482245542 428 0.039875110935 449 0.017630314281 -1 0
102 110 0.090785679737 168 0.069037631169 176 0.085149562675 196 0.060266028787 210 0.057444014315 248 0.081611355899 372 0.028433750040 382 0.071248983321 502 0.021937722188 -1 0
103 107 0.048874545798 153 0.075366861524 206 0.026603042080 237 0.074083919159 242 0.004750606258 331 0.092582091055 442 0.041253056877 457 0.019021273077 503 0.085299121303 -1 0
104 133 0.070511154574 137 0.082146640035 138 0.053262129731 317 0.050072227695 360 0.014523996022 -1 0
105 116 0.044998689412 216 0.057811319689 227 0.090852595913 295 0.069483471148 377 0.071928333157 403 0.033603228716 475 0.087209878245 477 0.039087166667 -1 0
106 133 0.068578771876 194 0.079066571164 259 0.029445786073 322 0.045252660368 327 0.056208486666 342 0.087933217018 352 0.049227685190 425 0.075463239285 452 0.067253001144 462 0.023829797572 463 0.039610495983 466 0.088714596707 -1 0
107 144 0.091602339463 206 0.068883063062 237 0.073193613904 242 0.047399838130 251 0.084859300930 331 0.045310972962 338 0.087509308729 442 0.047034630446 457 0.066618820909 468 0.074625012171 503 0.039252445490 -1 0
108 212 0.064466328486 321 0.066363409487 401 0.066995708952 460 0.091495308404 -1 0
109 168 0.050595314587 176 0.068524838682 196 0.036639616058 214 0.052302567079 252 0.069558700486 255 0.040420998051 265 0.068688594111 276 0.058060081758 329 0.072933346261 350 0.078597632446 364 0.082613988411 372 0.085284308423 385 0.069577178305 386 0.091967070283 456 0.083172969555 497 0.075670863238 -1 0
110 119 0.079805355777 128 0.073908951818 161 0.084230966384 203 0.040185956947 274 0.079709940377 336 0.085736028800 348 0.091430795203 372 0.069242540663 399 0.053276788499 443 0.061657940763 464 0.062567035657 487 0.052942545250 502 0.088512060197 -1 0
111 180 0.074125018675 186 0.074497938875 234 0.046777464959 256 0.028404245085 262 0.026910188957 266 0.091977234160 289 0.045420425098 337 0.080302764077 416 0.075762778110 472 0.076637471262 486 0.072812733831 489 0.073923476887 493 0.041245337951 -1 0
112 167 0.057796813663 170 0.075769720466 263 0.073927726798 267 0.079476241591 284 0.051057115663 368 0.071580294821 -1 0
113 124 0.074450655578 126 0.034761126820 160 0.087535503152 205 0.046492991461 323 0.048351976812 358 0.078822218406 367 0.041779523531 379 0.009864200422 405 0.063299864620 -1 0
114 120 0.092318022070 162 0.077035418833 171 0.038869016148 195 0.070579069413 197 0.052260754125 268 0.023898830660 285 0.072527651126 288 0.081296421193 298 0.038770789081 312 0.087506463513 333 0.076365206114 392 0.017915682637 422 0.004133710629 431 0.033915437349 445 0.006063921510 459 0.065152928674 469 0.040898880936 -1 0
115 149 0.081537546152 150 0.075308663818 335 0.020992859008 341 0.076767668541 354 0.064984725609 359 0.073540305609 378 0.091307563423 420 0.079855979541 -1 0
116 403 0.077506088355 477 0.084062001793 -1 0
117 122 0.066852669875 134 0.049289252058 141 0.044085598027 245 0.038921855111 246 0.089923173340 260 0.089169989323 303 0.038276190515 344 0.032036728741 357 0.087340535933 371 0.068033933961 397 0.079100810147 482 0.021968853732 483 0.091261007061 496 0.089321075273 -1 0
118 122 0.064080035546 123 0.077781976464 134 0.080298124295 178 0.031596114011 187 0.040926378162 188 0.079117528191 245 0.092814899719 260 0.056158631886 294 0.043977467831 311 0.089248192593 318 0.071845705710 340 0.048707831717 479 0.071401480519 -1 0
119 121 0.078831227473 128 0.082107709778 156 0.025604256679 203 0.091293487935 336 0.013907970333 399 0.037978175554 417 0.057628405654 440 0.051671698226 464 0.054499184117 487 0.055241194166 -1 0
120 139 0.071749307619 197 0.044425377751 243 0.030249141367 268 0.079558858828 285 0.041711368844 298 0.087220806100 431 0.077859668800 459 0.034926386554 504 0.050160463082 -1 0
121 128 0.057660714308 161 0.071774975298 336 0.091439176398 357 0.085525150672 397 0.080746694586 417 0.075504026467 429 0.084808593666 496 0.070311247732 -1 0
122 134 0.045471449384 141 0.033438893214 245 0.052893156113 260 0.062139986536 479 0.047178325056 482 0.088023770457 -1 0
123 164 0.073172071530 178 0.054341933886 187 0.059790793281 188 0.029006211944 201 0.060089027254 260 0.090565702297 294 0.046821362416 300 0.076293529925 311 0.052465182102 318 0.038688778872 340 0.042061929828 383 0.077408710784 407 0.064833060628 -1 0
124 126 0.040072434168 160 0.018611568924 193 0.055276542111 205 0.060664059102 249 0.059400590405 281 0.078182022237 376 0.057049960716 379 0.081501055402 471 0.086644262182 -1 0
125 147 0.089054633303 149 0.070622610625 150 0.051114086371 302 0.049540935986 354 0.045633500443 359 0.087912919155 406 0.054125796518 430 0.088426986741 -1 0
126 160 0.054865434422 193 0.076258399506 205 0.034881909670 281 0.080634657283 323 0.083066572843 367 0.066078831157 379 0.042722308352 -1 0
127 146 0.067321309056 238 0.088309873655 239 0.064548212069 253 0.085790049327 264 0.043977687257 374 0.040140819042 438 0.041411384856 444 0.050527657876 490 0.039952177367 -1 0
128 161 0.021977131298 274 0.061966712502 369 0.050578604676 399 0.089968283802 429 0.056565285256 443 0.047373358051 -1 0
129 171 0.067441935289 211 0.019755275864 224 0.065177111721 278 0.088173805080 288 0.041194339605 296 0.022870848886 398 0.047501598371 431 0.085128784997 448 0.082515632833 -1 0
130 155 0.086819592471 226 0.077264437273 246 0.048949143268 389 0.082147256999 483 0.040767678425 -1 0
131 136 0.077417390061 202 0.023439897608 233 0.051959031339 236 0.081720324088 -1 0
132 154 0.043241678967 191 0.064172112385 200 0.044608625192 228 0.033283745253 324 0.065362590036 366 0.087205162155 455 0.047921970439 474 0.053969388982 -1 0
133 198 0.082299743197 231 0.091269671358 259 0.074870206454 317 0.080341181268 327 0.044229921312 352 0.072368241063 360 0.079796788136 462 0.072198157092 463 0.035326575905 -1 0
134 141 0.053013954553 245 0.012604016344 260 0.039907470956 303 0.069251775307 340 0.088083295444 344 0.077303796833 397 0.052489123563 479 0.092359090831 482 0.069816823218 496 0.063232295882 -1 0
135 170 0.066052239892 213 0.041877742750 217 0.087979769277 263 0.076217712790 267 0.080789855380 292 0.068900394740 387 0.074719947323 414 0.091891832464 427 0.019401710974 -1 0
136 140 0.088303697866 233 0.089381972919 236 0.034891865220 257 0.092265528737 362 0.083133070895 446 0.050437717264 -1 0
137 138 0.054403985980 305 0.084975214655 317 0.032629489845 360 0.071323586719 468 0.037963561989 -1 0
138 305 0.060713915874 317 0.040603483293 360 0.038756600488 415 0.060966441481 468 0.092247115852 -1 0
139 162 0.075207238161 197 0.077185669247 244 0.033455367626 285 0.054256780971 453 0.077083241343 -1 0
140 204 0.060687800412 257 0.044020818764 313 0.015430045423 349 0.011642891836 446 0.050820359113 -1 0
141 245 0.052568384030 260 0.085031746038 303 0.082197751316 344 0.073272802805 479 0.064982168591 482 0.061821080491 -1 0
142 322 0.061662572712 368 0.069197781114 425 0.059939994192 466 0.031382925323 467 0.086847013477 478 0.067078014343 -1 0
143 165 0.058456947704 316 0.048052614224 447 0.072975130740 -1 0
144 147 0.079999378490 230 0.060908826292 251 0.059682817148 331 0.048260633070 338 0.004186205845 375 0.060614169509 396 0.043359956582 411 0.051120280735 458 0.058867499505 503 0.052522099846 -1 0
145 158 0.031112239819 190 0.060281767256 199 0.037555499689 218 0.058095473879 334 0.053677460704 339 0.087545729767 384 0.038037265442 388 0.091921541740 460 0.080026633255 461 0.078022949334 473 0.058608478798 -1 0
146 152 0.086455993110 186 0.083634677081 264 0.045179369425 325 0.078759601846 374 0.029362313809 404 0.066745895253 416 0.082651758664 418 0.072279485016 490 0.039685852350 -1 0
147 149 0.031459279772 150 0.049494872996 338 0.083966429087 354 0.067087659757 406 0.039781916163 420 0.046239026099 430 0.074514313473 458 0.073846411823 -1 0
148 151 0.075268420221 159 0.049196099745 172 0.079467226355 181 0.080398869074 184 0.077663211227 198 0.091749383389 301 0.078351352595 361 0.054251255731 394 0.056995028437 494 0.032120295476 -1 0
149 150 0.021554464837 354 0.037703124066 406 0.039985486441 420 0.037917215099 430 0.090320385580 458 0.091873144424 -1 0
150 335 0.092119590333 354 0.017682874161 406 0.038682630892 420 0.056122341712 430 0.091556080484 -1 0
151 159 0.086072542579 172 0.016950310942 181 0.050729503377 184 0.020877872621 209 0.055754287364 301 0.088777046138 326 0.088268840606 394 0.074863555911 424 0.071294732243 485 0.036957304220 494 0.043199367918 -1 0
152 186 0.047325106821 205 0.077037371436 239 0.082796214155 281 0.084354656087 289 0.072301305685 416 0.046339929599 490 0.071037788630 -1 0
153 206 0.085058163385 208 0.028916459794 220 0.040477238885 223 0.075726995474 237 0.073408167412 242 0.073049866905 347 0.081157702722 442 0.069824340694 457 0.073250450253 488 0.071938515009 -1 0
154 191 0.020941001692 200 0.062706767315 228 0.036260312952 290 0.090459306242 324 0.071373265139 366 0.091870313945 455 0.030352459915 474 0.023757114518 -1 0
155 226 0.091219776528 290 0.083422107309 454 0.020184196445 -1 0
156 175 0.081808457935 222 0.091907918544 304 0.076741816049 336 0.012223466885 399 0.044572005988 417 0.057617678603 440 0.026372108269 464 0.051762779605 487 0.056810609513 -1 0
157 183 0.069860009913 256 0.075432204164 262 0.083126172269 323 0.084262813432 358 0.056485245279 405 0.079554454183 472 0.037265581329 489 0.035154186828 -1 0
158 189 0.088779846812 190 0.090107264961 199 0.060669132767 218 0.060591621842 310 0.086705994539 334 0.075573466493 339 0.074082907427 384 0.038132739273 461 0.048819406942 473 0.033753893984 -1 0
159 172 0.079953569103 181 0.058981433556 198 0.042941878289 327 0.086689989213 361 0.043313686384 424 0.087431063283 494 0.055033410900 -1 0
160 193 0.066498048731 205 0.078982164875 249 0.055741432914 376 0.054504429127 471 0.082105480360 -1 0
161 274 0.047129049711 369 0.029158812251 429 0.038088253047 443 0.039005222516 -1 0
162 195 0.064729127262 197 0.062015197762 244 0.092387811063 268 0.054790774179 285 0.055213977785 298 0.038279737707 312 0.043183556432 333 0.029418804064 392 0.088630086823 422 0.080935670695 445 0.082935758206 453 0.042802167393 -1 0
163 169 0.088583657297 176 0.089283242475 210 0.083209709745 215 0.071585079789 241 0.076865311481 261 0.040024956810 280 0.056328681247 291 0.027253993929 306 0.019572302467 329 0.086639845160 330 0.031675042990 353 0.089872274094 426 0.050033417649 436 0.086628682971 499 0.089053692095 -1 0
164 178 0.072513220979 187 0.062471842494 235 0.026384888558 272 0.076274412236 294 0.061125216769 300 0.010486428351 318 0.038932334668 363 0.062263614151 378 0.085757987731 383 0.010663089539 407 0.035070914348 428 0.043306985880 449 0.081601304118 -1 0
165 299 0.040284969688 307 0.056708831054 316 0.040603978898 447 0.046644596043 -1 0
166 185 0.020889430622 238 0.092548509781 270 0.043496895592 287 0.039895626099 319 0.036483726327 381 0.063136008072 385 0.069181520806 423 0.038838960110 456 0.057347600504 470 0.062439038891 481 0.077019580557 484 0.083529275979 -1 0
167 169 0.078001935455 182 0.052501870397 229 0.089044200900 241 0.063121875004 284 0.052061241456 368 0.067393253300 499 0.088774895565 -1 0
168 176 0.024360478571 196 0.036348120212 210 0.062192061876 214 0.028636786637 252 0.061893287607 255 0.055992483275 276 0.055648876894 329 0.036845271151 372 0.073765089663 386 0.081112735976 497 0.050878037226 502 0.090002216444 -1 0
169 182 0.069888126019 215 0.046203056076 229 0.050869144285 241 0.045301061721 261 0.058900065198 280 0.084770479611 291 0.061332238651 302 0.068972034538 306 0.086055193712 330 0.085513753818 426 0.088350878642 -1 0
170 217 0.060533140449 263 0.036696868386 267 0.029421163332 284 0.065439456562 292 0.036236608417 370 0.074009601339 414 0.085228424920 427 0.057689257668 -1 0
171 197 0.071479187981 211 0.085071323622 268 0.058777689390 278 0.085793115081 288 0.056464379433 296 0.074390537286 298 0.076038296381 392 0.039579130483 422 0.036026077174 431 0.020407615603 445 0.032927321613 459 0.063532993030 469 0.054245529172 -1 0
172 181 0.035522459108 184 0.037760462490 209 0.050457982570 394 0.088955125196 424 0.054380499078 485 0.048577486842 494 0.048117383629 -1 0
173 189 0.060977118739 345 0.072660102477 370 0.068222327905 414 0.048984457187 427 0.083893533139 -1 0
174 192 0.042327528625 221 0.069337606518 240 0.054768462073 253 0.080721455410 282 0.040158166928 287 0.060839885618 325 0.063760195011 356 0.060903035999 381 0.034289982056 413 0.041720785856 423 0.060103193881 484 0.042613379342 -1 0
175 222 0.061952782778 232 0.053946707700 254 0.056831528788 304 0.015307410368 315 0.085368850117 336 0.092355947028 433 0.062054161375 440 0.055789179904 464 0.087044880670 476 0.047286349562 492 0.086773514516 500 0.089626882732 501 0.076166854948 -1 0
176 196 0.060654972616 210 0.059628261848 214 0.023377293576 252 0.051116453169 255 0.058890738552 276 0.049455719876 329 0.015202256875 386 0.065618398350 497 0.032962497314 -1 0
177 216 0.078023429643 225 0.010721842140 227 0.049211969986 295 0.061781186608 297 0.033127675360 328 0.002978059896 377 0.065515829120 390 0.038426925699 403 0.091416134438 448 0.075724152987 469 0.078453028984 475 0.039146329778 477 0.085152548946 -1 0
178 187 0.013568986313 188 0.066181992075 235 0.083097665502 260 0.075911664437 294 0.012415549722 300 0.067818752432 311 0.083518648682 318 0.040382759839 340 0.043970982255 383 0.082188707904 407 0.088904078671 -1 0
179 234 0.087611191815 243 0.084293629906 283 0.014168446809 404 0.047287058792 418 0.033859321596 493 0.089739283828 504 0.058449053480 -1 0
180 256 0.073217726129 262 0.054000326891 266 0.048130690541 337 0.006190339226 408 0.034695506249 412 0.032817118203 486 0.071756231344 -1 0
181 184 0.071121014230 198 0.075903476506 209 0.071955554094 424 0.033070548265 485 0.083938087734 494 0.057323358805 -1 0
182 241 0.027641473329 261 0.056966072024 284 0.073521765923 291 0.078152511645 306 0.079570319121 330 0.069793055574 346 0.084868415586 400 0.073184803370 426 0.057098606199 499 0.039104501362 -1 0
183 323 0.092291705585 405 0.074282694150 -1 0
184 209 0.065832927385 219 0.092526236949 275 0.089087059191 301 0.072021602819 314 0.089913527685 326 0.075124245193 394 0.061611215128 424 0.091919031948 485 0.028012311550 494 0.048160865497 -1 0
185 252 0.081017100535 255 0.084599629454 270 0.052703807643 273 0.086489912428 276 0.083105032246 287 0.058395847263 319 0.028937807665 381 0.084017825073 385 0.050168212736 386 0.075352973559 423 0.057885948484 456 0.036777970380 470 0.065065795926 481 0.088186741574 -1 0
186 234 0.085897543793 256 0.081448127540 289 0.039492854241 416 0.001265452973 418 0.089199472755 490 0.090400154153 493 0.057671091161 -1 0
187 188 0.076052360126 235 0.070559151248 260 0.089152523569 294 0.013022931571 300 0.056599940103 318 0.036052781127 340 0.056677345676 383 0.072647645477 407 0.083129978691 428 0.087167046862 -1 0
188 201 0.054761428907 247 0.088789403291 260 0.072522185317 294 0.063629412158 311 0.023505020084 318 0.065222855588 340 0.031421341184 407 0.092980385519 429 0.078116094776 -1 0
189 213 0.090655323523 310 0.054910199099 339 0.090439889165 345 0.086209224524 427 0.091977779075 461 0.055328939184 473 0.067968230689 -1 0
190 199 0.037043159842 212 0.072114999591 334 0.070696242673 362 0.061081573275 384 0.073283504883 388 0.051801384828 401 0.054080534745 460 0.031111348501 495 0.091497201756 -1 0
191 200 0.078377869144 228 0.052937560685 290 0.092488494216 315 0.092625719838 324 0.082043495186 455 0.039380583492 474 0.027091532397 -1 0
192 238 0.057220563851 240 0.078881064105 253 0.042051911533 264 0.074530671080 270 0.085839593193 282 0.069972494096 287 0.077740966255 325 0.046377530618 356 0.092152746322 381 0.041588525198 391 0.089417529904 413 0.082327096026 423 0.075544082536 481 0.075520799417 484 0.014675425230 -1 0
193 205 0.068221533068 239 0.066576439251 249 0.048643083876 279 0.068638782017 281 0.037667717384 308 0.085051910369 376 0.044809735694 432 0.084116794687 471 0.066274340986 -1 0
194 231 0.064484912809 322 0.063380306356 342 0.023688702251 343 0.083956387217 352 0.046083012570 425 0.043215798083 452 0.020242429116 491 0.085006316066 -1 0
195 227 0.071385232550 268 0.066200517575 298 0.054913782619 312 0.034706060280 333 0.038053298742 377 0.083438809441 392 0.067747169166 410 0.070132818234 422 0.071987967859 445 0.075453463903 453 0.091364021043 469 0.066318436080 -1 0
196 203 0.092972093950 210 0.083096884453 214 0.057362332224 252 0.086813425257 255 0.067055993361 276 0.077201064616 329 0.071901692334 372 0.050395741665 497 0.082799061378 502 0.081845495060 -1 0
197 243 0.067929241151 268 0.035553904157 285 0.022949723360 298 0.043278053049 333 0.080886206401 392 0.070172752953 422 0.055758971984 431 0.052047090417 445 0.054907093729 459 0.034809335873 469 0.092937192152 -1 0
198 259 0.070934565719 327 0.044382393443 361 0.065078497937 424 0.091520810845 462 0.074594899314 463 0.066225191458 -1 0
199 334 0.076276348745 339 0.082042390325 362 0.080101833772 384 0.036545034240 388 0.054507057883 401 0.091100894565 460 0.066564063043 473 0.073550822700 495 0.069717791096 -1 0
200 228 0.074520960764 290 0.062295035329 324 0.023518138289 455 0.041112633778 474 0.054067900455 -1 0
201 247 0.035437543589 311 0.059334550509 340 0.086072904896 369 0.077981054022 421 0.046067263283 429 0.073421719533 434 0.085411537534 465 0.080459996211 -1 0
202 233 0.063021057528 -1 0
203 222 0.079013202132 336 0.091074653900 348 0.052134207641 372 0.070729981920 373 0.065033182039 399 0.054076292100 464 0.048081161130 487 0.040703237170 -1 0
204 257 0.020407603842 313 0.047639092527 349 0.064198672243 446 0.060372977715 -1 0
205 239 0.085959951476 281 0.056204361807 323 0.087834901032 367 0.087734881126 379 0.056287829504 -1 0
206 242 0.031142716244 442 0.067526225189 457 0.012596086388 -1 0
207 305 0.053689075052 415 0.084269036093 -1 0
208 220 0.016227589410 223 0.052434403258 347 0.074084392636 488 0.043022270024 -1 0
209 314 0.057288708613 326 0.081463114314 395 0.043978836076 424 0.064948766956 467 0.083242812299 485 0.049797156816 -1 0
210 214 0.081788796756 248 0.061993216681 280 0.083155924902 320 0.077887680739 329 0.071873257060 372 0.082580497142 382 0.042058946883 436 0.062417749425 497 0.089907666232 502 0.065719238792 -1 0
211 224 0.069879541212 288 0.046605154194 296 0.035334523527 398 0.027876212109 441 0.085713819440 448 0.076577086208 -1 0
212 321 0.023372085233 334 0.073862168648 401 0.038087449621 460 0.041652900571 -1 0
213 310 0.067786641332 387 0.037929559727 427 0.058407173837 -1 0
214 252 0.033274792997 255 0.035551108919 276 0.028093941648 329 0.021156911365 385 0.074006393413 386 0.052914382458 456 0.076536054950 497 0.025656850931 -1 0
215 229 0.078368010722 241 0.076648585393 261 0.064787172133 280 0.042212362853 291 0.050562114330 302 0.050361470483 306 0.079699923069 330 0.085625155620 436 0.083886009091 -1 0
216 225 0.088741124740 227 0.034736373028 295 0.051037359374 328 0.080989844153 377 0.014791650879 403 0.027256263758 410 0.084845829889 475 0.052331600988 477 0.032835340485 -1 0
217 267 0.034891895547 284 0.068960534171 292 0.025415088513 332 0.073387155620 346 0.063247185329 400 0.076620702957 -1 0
218 295 0.084940537968 334 0.042602518313 384 0.091964038009 461 0.073625890631 473 0.093079025711 -1 0
219 275 0.005582720674 301 0.076806909304 326 0.065274774259 394 0.092315610503 485 0.087155154543 -1 0
220 223 0.036567931586 347 0.060849228502 488 0.036149201552 -1 0
221 224 0.031012301712 240 0.066058630615 278 0.083038672033 282 0.056789959822 296 0.074678011042 356 0.051016111544 381 0.093048322110 413 0.040661918931 441 0.069315641049 -1 0
222 254 0.073141337373 304 0.047133432316 348 0.039501611035 351 0.083452094276 373 0.047243870481 399 0.079833856578 440 0.077219101695 464 0.058962846543 487 0.065681334753 500 0.037415048217 501 0.091981170747 -1 0
223 293 0.092742139716 347 0.049297424168 435 0.087059406863 488 0.037243440996 -1 0
224 240 0.077572069801 278 0.067627059458 282 0.074195417438 296 0.043702460422 356 0.059196774908 398 0.080935397516 413 0.071673476208 441 0.069972468049 -1 0
225 227 0.059578187195 295 0.070063436552 297 0.023508866015 328 0.007751315297 377 0.076207576902 390 0.030230582934 448 0.065210670736 469 0.075683703312 475 0.047988921244 -1 0
226 246 0.049008176672 290 0.054835060811 371 0.062987622576 389 0.033319062962 409 0.052490627128 483 0.056355765361 -1 0
227 295 0.055576450411 297 0.082250106339 328 0.052119637151 377 0.019986135671 390 0.079241909389 403 0.057747588686 410 0.088455412094 475 0.041745498988 477 0.057604172505 -1 0
228 258 0.084303335315 315 0.078618586002 324 0.091673991183 366 0.059656809419 455 0.059842433320 474 0.058312216945 -1 0
229 241 0.089996804062 302 0.062520638909 343 0.071194745816 368 0.069559499811 -1 0
230 237 0.075489380251 251 0.028957171401 299 0.079992912056 307 0.076669997518 331 0.086036912917 338 0.062043353605 375 0.003844397394 380 0.066178276689 396 0.017548936228 447 0.068509391464 458 0.034263454692 503 0.083847456188 -1 0
231 342 0.043133741635 352 0.048272621467 411 0.084921622729 452 0.049417984753 468 0.079609839291 491 0.037198646147 -1 0
232 254 0.052146016650 258 0.068417734985 271 0.075225358148 304 0.067010792393 309 0.082045765561 315 0.072569346989 402 0.069378297390 433 0.016817442908 450 0.057495715863 476 0.024941646976 492 0.052808307705 501 0.057755065165 -1 0
233 236 0.071489863922 362 0.074879264581 388 0.066250210826 495 0.059529623909 -1 0
234 256 0.075180007437 262 0.068777557956 266 0.088341750365 289 0.077152199383 355 0.058399870102 416 0.086940347104 418 0.083837811291 437 0.089455916637 486 0.050608895580 493 0.028231651667 -1 0
235 272 0.049946663159 294 0.073917086481 300 0.020326139791 318 0.059144518065 363 0.068566581457 378 0.090390609344 383 0.030472747822 393 0.072043715436 407 0.059328699833 428 0.018581856088 449 0.055359926040 -1 0
236 362 0.048291205455 388 0.074175398427 446 0.062066210901 -1 0
237 242 0.069333430590 251 0.049757260172 316 0.079540464219 331 0.084183062840 375 0.079333493972 396 0.079081336742 442 0.033596929941 447 0.070649737082 457 0.088597624965 503 0.076237640705 -1 0
238 253 0.015769497009 264 0.084453075925 269 0.048656445290 270 0.056853168897 325 0.092883212545 381 0.072402628833 391 0.032448576113 438 0.057930987087 444 0.074904318791 470 0.063041204553 481 0.026416010436 484 0.051462904809 -1 0
239 279 0.060741078950 281 0.035513776551 374 0.090348998878 432 0.075473000947 438 0.087863540332 444 0.078332546015 490 0.065207607632 -1 0
240 278 0.064108611002 282 0.016025730263 325 0.060953862645 356 0.018598862528 381 0.088889093150 404 0.092028775251 413 0.071823860463 484 0.087641380463 -1 0
241 261 0.036879685182 291 0.055010441181 306 0.064668731526 330 0.058054381407 426 0.052409283396 499 0.054967679085 -1 0
242 331 0.090231465520 442 0.036542542539 457 0.022659349884 503 0.082753266756 -1 0
243 278 0.080384259029 283 0.075568625831 285 0.070962810009 431 0.083678568156 459 0.041890249220 504 0.032796902964 -1 0
244 285 0.086138172891 453 0.077305385146 -1 0
245 260 0.050936692691 303 0.056659292509 344 0.065264766131 357 0.090106134150 371 0.091787072083 397 0.049989205937 482 0.058381257128 496 0.061009156838 -1 0
246 303 0.072227143637 344 0.058938935003 371 0.045900519495 389 0.036657520420 409 0.064650313942 482 0.067954461009 483 0.009844541289 -1 0
247 274 0.072329829809 311 0.088294725975 341 0.076119645165 369 0.067878392135 421 0.010892677403 429 0.079128274194 434 0.057073346875 443 0.091843385373 465 0.045095184626 -1 0
248 280 0.080652583599 320 0.026320045253 341 0.075457525769 359 0.077017695040 382 0.020246576875 434 0.067231372445 436 0.036199808683 465 0.062025782373 502 0.070633461114 -1 0
249 279 0.090958063731 281 0.086289761082 308 0.062364628720 376 0.003888586968 471 0.027244253756 -1 0
250 265 0.052784837514 286 0.085340815033 350 0.052637509481 351 0.035464862109 364 0.047970834085 373 0.088051031845 419 0.066646923326 498 0.039541273663 500 0.078869554729 -1 0
251 316 0.091099992348 331 0.066805132169 338 0.058815835704 375 0.032543600958 396 0.029326225030 442 0.070715311804 447 0.069714101071 458 0.060130914363 503 0.062439455707 -1 0
252 255 0.032439628239 273 0.068043835696 276 0.011636915570 319 0.078791632219 329 0.038973436351 353 0.072018065303 385 0.054309143829 386 0.022576088942 456 0.049973728142 497 0.023053946363 -1 0
253 264 0.074442402916 269 0.064402374349 270 0.064250050169 287 0.091581480096 325 0.077397359058 381 0.063080910884 391 0.048183771549 423 0.088709098303 438 0.062223072844 444 0.081787782886 470 0.074801451274 481 0.039626935194 484 0.038233124850 -1 0
254 271 0.062647612535 286 0.081931555375 304 0.058465854619 309 0.047927354250 402 0.064708367926 433 0.042363082653 450 0.072186443701 476 0.069775532987 492 0.039311170277 500 0.075023257374 501 0.020914544076 -1 0
255 276 0.021152799983 319 0.093015592196 329 0.054209304963 350 0.081893403285 364 0.086827856242 385 0.040350653373 386 0.053497848040 456 0.047866555837 497 0.047265855151 -1 0
256 262 0.020308173288 289 0.043239578031 337 0.078827252785 358 0.078867395810 408 0.091228735914 416 0.082648712673 472 0.048822949126 489 0.045700913497 493 0.066369800322 -1 0
257 313 0.033970157501 349 0.050140190273 446 0.041856949056 -1 0
258 315 0.025100760315 366 0.038814750243 433 0.082762472059 476 0.052795908469 -1 0
259 322 0.061789964408 327 0.043831855241 352 0.077979007021 424 0.082093510234 462 0.005660098588 463 0.039588564292 466 0.088715600544 -1 0
260 294 0.084970361246 311 0.066058170762 340 0.048731830134 397 0.057260445876 496 0.064003665264 -1 0
261 280 0.074508985678 291 0.022174380525 306 0.029205222246 330 0.026622494050 426 0.032768488917 499 0.061386570904 -1 0
262 266 0.084459723051 289 0.060248842443 337 0.059853540132 408 0.075999941153 412 0.083744498801 472 0.063824861183 486 0.078753232240 489 0.059413624117 493 0.068032991096 -1 0
263 267 0.065055923771 284 0.087353237419 292 0.072655408355 370 0.037745657908 414 0.051458894588 427 0.059747605941 -1 0
264 325 0.055968620870 374 0.021649761479 404 0.088576620675 438 0.066892548348 444 0.085114997451 484 0.086068728048 490 0.050503351839 -1 0
265 348 0.071294703696 350 0.048100071457 351 0.056899356468 364 0.047712604908 373 0.055467510001 498 0.091025942654 500 0.070043806877 -1 0
266 337 0.048375664794 355 0.069862804435 408 0.075953677421 412 0.062832581763 437 0.086132751640 486 0.042804831300 -1 0
267 284 0.049089493795 292 0.018583788480 346 0.086428158880 427 0.078615341798 -1 0
268 285 0.051930901605 298 0.017960658177 312 0.073495696895 333 0.060063291301 392 0.039737183756 422 0.028030529429 431 0.046564523078 445 0.029229341166 459 0.060196343283 469 0.060552991154 -1 0
269 270 0.062701304901 350 0.090151185291 364 0.087664519151 391 0.016222768317 419 0.077747624537 438 0.067457445273 444 0.070664147751 470 0.048935118348 481 0.035375703852 498 0.067720739300 -1 0
270 287 0.068205204858 319 0.078347835955 350 0.087382112811 364 0.088384833916 381 0.068457579920 385 0.077587285364 391 0.056871270549 423 0.065658578418 456 0.075683527303 470 0.024159587684 481 0.035519573804 484 0.072113524925 -1 0
271 277 0.082650996687 286 0.075199023885 309 0.030927362366 365 0.089323645386 402 0.010631651502 433 0.058669172660 450 0.035246753674 451 0.064125235387 492 0.025690394115 501 0.042576646856 505 0.090089619173 -1 0
272 300 0.069665447491 383 0.078673948560 393 0.042924999536 428 0.034452764747 449 0.012192346515 -1 0
273 276 0.079410932445 319 0.062260224054 329 0.087411324542 353 0.022863566499 386 0.045506418363 426 0.087203228051 456 0.083112194129 497 0.071431381773 499 0.092561957716 -1 0
274 369 0.030904977855 421 0.070606592554 429 0.064406912107 443 0.020397925826 465 0.068752236205 502 0.074496179554 -1 0
275 301 0.071225794741 326 0.066857919478 394 0.086855369519 485 0.085240431264 -1 0
276 319 0.084731002275 329 0.040092582383 353 0.083614715327 385 0.049328974047 386 0.033910011415 456 0.048995134970 497 0.028297994452 -1 0
277 286 0.044954948727 308 0.086177084334 309 0.070613744002 365 0.011209880543 402 0.092631762373 419 0.074599105844 451 0.038209104843 505 0.013551748645 -1 0
278 282 0.075051002034 296 0.070185931189 356 0.053565999903 431 0.083576953065 459 0.080185646224 -1 0
279 281 0.070558702452 308 0.071243742926 376 0.088912520251 432 0.017042797513 438 0.089515087407 444 0.068890283821 471 0.086051837120 -1 0
280 291 0.052617816617 302 0.081060177115 306 0.073019783660 320 0.066026581302 330 0.083480754663 382 0.073235528569 436 0.044597463788 -1 0
281 376 0.082467913341 432 0.087571467170 -1 0
282 325 0.062254574509 356 0.022282649858 381 0.074446395596 413 0.056477718975 484 0.076729336317 -1 0
283 404 0.043245862915 418 0.041289438404 504 0.053919734863 -1 0
284 292 0.066320033161 346 0.083721728008 400 0.085289714271 499 0.092322401466 -1 0
285 298 0.052346403810 333 0.080398837407 392 0.090160436834 422 0.076340498556 431 0.074946830088 445 0.075996692757 453 0.086011439847 459 0.050043446684 504 0.090524530412 -1 0
286 309 0.048639919017 351 0.070151175842 365 0.056077792345 402 0.085650749168 419 0.068463936579 451 0.069484934353 492 0.080105253960 498 0.079914119315 501 0.069559884263 505 0.058481781095 -1 0
287 319 0.055733472179 381 0.036263774117 413 0.054336868370 423 0.002966953866 470 0.091835974301 481 0.091552929332 484 0.065454069956 -1 0
288 296 0.062698794107 297 0.092247427602 390 0.067086649574 392 0.068621281606 398 0.067075180522 422 0.077183393396 431 0.076843531075 445 0.076001698727 448 0.049568529647 469 0.061172684942 -1 0
289 358 0.077136408574 416 0.040602742179 472 0.065085190717 489 0.066223868314 493 0.053969105382 -1 0
290 324 0.039259792011 389 0.084988709500 409 0.091794101917 455 0.060751166741 474 0.067743811746 -1 0
291 306 0.029330972022 330 0.035412002170 426 0.049329828933 499 0.082745809467 -1 0
292 346 0.086486863956 427 0.070810133391 -1 0
293 347 0.076635341153 435 0.051451280175 -1 0
294 300 0.057289949833 311 0.083374823140 318 0.027978179707 340 0.047042022959 383 0.070493929497 407 0.076490036131 428 0.091611484427 -1 0
295 297 0.081809010780 328 0.063887713040 377 0.050992022493 403 0.043652744955 475 0.022872157809 477 0.032668327189 -1 0
296 356 0.091204843616 398 0.058356158197 431 0.088500554391 441 0.088937331986 -1 0
297 328 0.030314675981 390 0.034154059896 448 0.050878955941 469 0.086731694675 475 0.062531540086 -1 0
298 312 0.056513644254 333 0.042495925730 392 0.051057844458 422 0.042656175748 431 0.064524959571 445 0.044705794648 453 0.080914744953 459 0.073770790758 469 0.068177588242 -1 0
299 307 0.016687343945 316 0.062975878538 375 0.079677942188 380 0.057312802765 439 0.087512438377 447 0.049864325269 458 0.091088973599 -1 0
300 318 0.039248388062 363 0.070296881949 383 0.020275132475 393 0.091493903908 407 0.045309968652 428 0.038747368937 449 0.073854600918 -1 0
301 394 0.021692159327 485 0.090770877223 494 0.075505825838 -1 0
302 -1 0
303 344 0.024261622464 357 0.050805754631 371 0.035130642048 389 0.064839126093 397 0.070746867378 409 0.062022015356 482 0.029880312318 483 0.077483228391 496 0.077971350872 -1 0
304 336 0.086097054134 348 0.085428067555 399 0.089488818476 433 0.072834530309 440 0.052339746508 464 0.074183051155 476 0.062484176839 487 0.083708616981 492 0.092982854124 500 0.077084555302 501 0.079098769106 -1 0
305 317 0.092800936864 415 0.055620233168 -1 0
306 329 0.090853186444 330 0.012138622863 353 0.076427394499 426 0.030502941326 499 0.069706621563 -1 0
307 316 0.078218786597 375 0.075566678240 380 0.041752797645 396 0.092963030420 439 0.079812667328 447 0.062082558494 458 0.081546631921 -1 0
308 365 0.075057593664 376 0.063708831056 432 0.069592045464 451 0.089074188514 471 0.037844483457 505 0.072910251761 -1 0
309 365 0.080050925212 402 0.040070768042 433 0.065786495765 450 0.061949790202 451 0.067870574146 492 0.031714575359 501 0.028307543008 505 0.081584546335 -1 0
310 387 0.083057674732 461 0.038006046508 473 0.086943776191 -1 0
311 318 0.088272024439 340 0.041376301464 369 0.085336192617 397 0.088782081876 429 0.057679111135 496 0.086670288718 -1 0
312 333 0.015398394887 392 0.091095894729 410 0.057175244585 422 0.090250426682 453 0.058087901875 -1 0
313 349 0.016616157579 446 0.053874988805 -1 0
314 326 0.046045822740 345 0.070483671146 395 0.033275694370 485 0.062045438527 -1 0
315 366 0.052289471613 433 0.088936769155 476 0.050385240227 -1 0
316 447 0.025228419177 -1 0
317 360 0.040820327192 468 0.065921342116 -1 0
318 340 0.062034660928 383 0.046396296746 407 0.048536916413 428 0.077724850584 -1 0
319 353 0.084543366963 381 0.089515988155 385 0.068123158744 386 0.065430677624 423 0.056716832672 456 0.050536883481 -1 0
320 341 0.065381439784 359 0.056348710950 382 0.038233052765 434 0.065618857636 436 0.025259746624 465 0.074868509362 -1 0
321 334 0.078872298898 401 0.060678763217 460 0.063942154994 -1 0
322 342 0.082752505573 352 0.064462875611 425 0.036888991321 452 0.064133750796 462 0.058312211585 463 0.084849548679 466 0.054039286630 478 0.084891141111 -1 0
323 358 0.040971743435 367 0.043403056658 379 0.040889843463 405 0.020081362783 472 0.075508759480 489 0.081154061766 -1 0
324 455 0.042780902218 474 0.055090858859 -1 0
325 356 0.079181126084 374 0.072770855116 381 0.082682538726 404 0.072239992094 484 0.060968505428 -1 0
326 395 0.077256156984 485 0.051415444327 -1 0
327 352 0.088381399871 462 0.044374745568 463 0.022012613103 -1 0
328 377 0.068493298282 390 0.036131356050 448 0.072837506450 469 0.077719138730 475 0.041403515710 477 0.087796873640 -1 0
329 353 0.080577594153 385 0.089320310087 386 0.051027528340 456 0.088248366770 497 0.018324646020 -1 0
330 353 0.070620553345 426 0.018366325715 499 0.057608113243 -1 0
331 338 0.044074555434 375 0.087841252621 396 0.071943804758 411 0.054729280146 442 0.074670097548 468 0.089006104037 491 0.079307528844 503 0.008494987885 -1 0
332 346 0.079606214727 398 0.073034246272 441 0.051250217923 -1 0
333 392 0.082357714733 410 0.072488648273 422 0.079487212626 445 0.082370854403 453 0.054455129503 469 0.090725560987 -1 0
334 384 0.091380194683 401 0.091551178768 460 0.067413909798 -1 0
335 341 0.059379392332 354 0.079379924243 359 0.064162366472 434 0.078023204220 -1 0
336 399 0.037132529548 417 0.058794422044 440 0.037822303834 464 0.048902639989 487 0.052013023430 -1 0
337 408 0.030523909312 412 0.026780014134 486 0.075388183685 -1 0
338 375 0.061998455008 396 0.044543303080 411 0.049588084372 458 0.061996135290 503 0.048389400268 -1 0
339 345 0.056487724225 384 0.050796073141 473 0.045379867555 480 0.034921962284 495 0.067630997421 -1 0
340 -1 0
341 359 0.034565313484 421 0.068589837274 434 0.022914408577 436 0.090286920902 465 0.060587371477 -1 0
342 343 0.092801846534 352 0.043604142697 411 0.091762413469 425 0.066803975341 452 0.020889063367 491 0.061380400738 -1 0
343 406 0.091932134698 425 0.088898783264 430 0.049427858834 -1 0
344 357 0.072289748659 371 0.038857962812 389 0.064629799847 397 0.091523981757 409 0.072302690183 482 0.011502623956 483 0.061600710538 -1 0
345 395 0.079169278718 473 0.085708565718 480 0.052204989142 -1 0
346 400 0.015809663118 499 0.062077272132 -1 0
347 435 0.045659359814 488 0.083174671921 -1 0
348 351 0.080176774397 373 0.016814800634 399 0.079546123749 464 0.060484466750 487 0.061624105302 500 0.043091670826 -1 0
349 446 0.062228646484 -1 0
350 351 0.080743901559 364 0.004983414431 385 0.062561726485 456 0.079253406377 470 0.066546440136 498 0.074156224458 -1 0
351 364 0.076915586399 373 0.065532020954 419 0.083232184938 498 0.065598654479 500 0.046154745762 -1 0
352 425 0.070610808533 452 0.026728839261 462 0.072329833923 463 0.066393742773 491 0.083640355696 -1 0
353 386 0.051629697177 400 0.088783803650 426 0.064810966410 497 0.067859580027 499 0.075024421986 -1 0
354 359 0.080745932702 406 0.052667894115 420 0.067143959881 -1 0
355 437 0.031910520304 486 0.033387110634 493 0.086189454747 -1 0
356 413 0.066129071509 -1 0
357 371 0.049248609178 389 0.065539428784 397 0.071055606377 409 0.041101725321 482 0.080273394239 496 0.071080924074 -1 0
358 367 0.084354908734 379 0.074779961762 405 0.050260573087 472 0.035800032422 489 0.041816550487 -1 0
359 434 0.054161126398 436 0.076733441638 465 0.087665495799 -1 0
360 415 0.083639582093 -1 0
361 494 0.079276051324 -1 0
362 388 0.033529248747 401 0.070911136896 460 0.072318082692 495 0.083788735085 -1 0
363 378 0.023512451882 383 0.051793305874 393 0.085122646328 407 0.052358914232 428 0.068860859127 439 0.075322236564 -1 0
364 385 0.067255861952 456 0.083752573028 470 0.066803263019 498 0.069274971827 -1 0
365 419 0.078721027379 451 0.036910041645 505 0.002496362879 -1 0
366 476 0.091602939507 -1 0
367 379 0.032696557953 405 0.043472909448 -1 0
368 425 0.092952643126 -1 0
369 421 0.070915378569 429 0.033513498868 443 0.037484111359 465 0.082993941371 -1 0
370 414 0.019276230024 427 0.075432597160 -1 0
371 389 0.029714382376 409 0.034041750756 482 0.050242547906 483 0.054029053969 -1 0
372 443 0.090637437101 502 0.041816377060 -1 0
373 464 0.077261177546 487 0.078395592967 500 0.035704856001 -1 0
374 404 0.087408903411 438 0.074641365702 444 0.088983833391 490 0.030286191600 -1 0
375 380 0.063236093279 396 0.017563632561 447 0.070632373912 458 0.030541410970 503 0.085969031751 -1 0
376 471 0.029808461511 -1 0
377 403 0.039771899464 410 0.083838679934 475 0.045725863700 477 0.042254337058 -1 0
378 383 0.075304869232 393 0.092206056263 407 0.073421226637 428 0.088012977704 439 0.067213635855 -1 0
379 405 0.054351685625 -1 0
380 396 0.077133804857 420 0.073194758037 439 0.091809108158 447 0.089447117405 458 0.052934970799 -1 0
381 413 0.054924791253 423 0.034221347351 470 0.091850934403 481 0.077041952391 484 0.030337736835 -1 0
382 434 0.087422420177 436 0.033335280735 465 0.078843743082 502 0.065524149956 -1 0
383 393 0.091040470097 407 0.028916252347 428 0.044444926065 449 0.085347571969 -1 0
384 388 0.081083858967 461 0.081792836271 473 0.037997461920 480 0.079436305334 495 0.070431402163 -1 0
385 386 0.063956044234 456 0.018178372323 470 0.073031171515 497 0.076687168946 -1 0
386 456 0.053163397894 497 0.032732266293 -1 0
387 448 0.076578039853 -1 0
388 401 0.086223686227 460 0.076021719350 495 0.053091876073 -1 0
389 409 0.029259524916 482 0.076046084420 483 0.046494064128 -1 0
390 392 0.075763945132 422 0.090439710891 445 0.091984171029 448 0.043609400628 469 0.052795081347 475 0.077526390068 -1 0
391 419 0.092611913223 438 0.059686479170 444 0.067792546115 470 0.049498240021 481 0.023717793941 484 0.082283074606 498 0.083930179572 -1 0
392 422 0.014707990294 431 0.043589318903 445 0.016668878538 459 0.081059544943 469 0.023195660260 -1 0
393 428 0.053746770292 439 0.054296251573 449 0.053680455819 -1 0
394 485 0.085138579108 494 0.054897512249 -1 0
395 467 0.092516616689 485 0.074872217266 -1 0
396 447 0.084619362433 458 0.032800703983 503 0.070953690591 -1 0
397 482 0.090446421108 496 0.011020072356 -1 0
398 441 0.071511939469 448 0.080587741268 -1 0
399 440 0.058814938343 464 0.021077946225 487 0.018023661371 -1 0
400 426 0.083373755764 499 0.046835865440 -1 0
401 460 0.027911498271 -1 0
402 433 0.053410159575 450 0.024694843423 451 0.071685504006 492 0.025536926190 501 0.046140522632 -1 0
403 475 0.056554698938 477 0.011828470288 -1 0
404 418 0.034561110478 -1 0
405 472 0.080116413720 489 0.084996806366 -1 0
406 420 0.075155349296 430 0.052936291830 -1 0
407 428 0.072839318910 -1 0
408 412 0.018815996522 -1 0
409 482 0.083409622058 483 0.074422999544 -1 0
410 453 0.091066795806 -1 0
411 430 0.086819247588 491 0.049784007896 503 0.063195790613 -1 0
412 -1 0
413 423 0.055713457646 441 0.086880862708 484 0.078432685187 -1 0
414 427 0.072635697225 -1 0
415 -1 0
416 418 0.089165972534 490 0.089166459530 493 0.058709849204 -1 0
417 440 0.072873621757 -1 0
418 493 0.075096010297 504 0.092268648113 -1 0
419 432 0.089071699433 498 0.030995306440 505 0.080587508086 -1 0
420 458 0.065408504555 -1 0
421 429 0.086081289433 434 0.048199126349 443 0.090738357117 465 0.034399178712 -1 0
422 431 0.033154264521 445 0.003485761266 459 0.066969701266 469 0.037894807714 -1 0
423 470 0.089387643080 481 0.088639495876 484 0.063047916394 -1 0
424 462 0.087380206389 467 0.069378573957 478 0.071377423051 494 0.089314892780 -1 0
425 452 0.055497685441 466 0.070709381169 -1 0
426 499 0.039413093719 -1 0
427 -1 0
428 439 0.090925323255 449 0.042554158452 -1 0
429 443 0.067698326277 496 0.087448774569 -1 0
430 -1 0
431 445 0.029706721082 459 0.044014012100 469 0.063993559805 -1 0
432 438 0.087416223363 444 0.065637349109 471 0.091477849895 -1 0
433 450 0.044923751760 476 0.041671968430 492 0.036014501134 501 0.043160250005 -1 0
434 436 0.090661646263 465 0.038003128281 -1 0
435 -1 0
436 -1 0
437 486 0.060703606249 -1 0
438 444 0.021974915579 481 0.075669116413 490 0.081334085468 -1 0
439 -1 0
440 464 0.056217987438 476 0.088790051961 487 0.064358014557 -1 0
441 -1 0
442 457 0.057533342773 503 0.066195905599 -1 0
443 465 0.088374661687 502 0.078625020370 -1 0
444 481 0.087883340386 490 0.088816041439 -1 0
445 459 0.064456678976 469 0.039769545344 -1 0
446 -1 0
447 -1 0
448 469 0.077966033945 -1 0
449 -1 0
450 476 0.080352955874 492 0.036372580851 501 0.058530655093 -1 0
451 492 0.087439057893 505 0.036114752146 -1 0
452 462 0.091066328844 463 0.091742630949 491 0.076797771577 -1 0
453 -1 0
454 -1 0
455 474 0.013097577343 -1 0
456 470 0.076899104847 497 0.073007063246 -1 0
457 -1 0
458 -1 0
459 504 0.073619751845 -1 0
460 -1 0
461 473 0.052490986894 -1 0
462 463 0.037247354448 466 0.088588058770 -1 0
463 -1 0
464 487 0.009648302826 500 0.091098805887 -1 0
465 502 0.080137244227 -1 0
466 467 0.062089268888 478 0.039495920727 -1 0
467 478 0.023661625491 -1 0
468 491 0.070605126501 503 0.090506126783 -1 0
469 -1 0
470 481 0.036786489640 484 0.091604037619 498 0.090241613372 -1 0
471 -1 0
472 489 0.006158214573 -1 0
473 480 0.080297819411 -1 0
474 -1 0
475 477 0.048192011829 -1 0
476 492 0.077489258542 501 0.079856135261 -1 0
477 -1 0
478 -1 0
479 -1 0
480 495 0.060806266695 -1 0
481 484 0.065613362406 -1 0
482 483 0.069450105216 -1 0
483 -1 0
484 -1 0
485 494 0.075191115067 -1 0
486 493 0.077462557400 -1 0
487 -1 0
488 -1 0
489 -1 0
490 -1 0
491 503 0.086531940877 -1 0
492 501 0.022414968396 -1 0
493 -1 0
494 -1 0
495 -1 0
496 -1 0
497 -1 0
498 -1 0
499 -1 0
500 501 0.087831915674 -1 0
501 -1 0
502 -1 0
503 -1 0
504 -1 0
505 -1 0
