0.000000
1.000000
210
15
0.146200
0.000000
0.137723194901 0.113591206260
0.409825027455 0.554013322573
0.829322064295 0.289475379512
0.915130709298 0.967677737586
0.840017343871 0.659396767151
0.801293606870 0.835890009999
0.067142474931 0.591413253453
0.794420399703 0.062918221578
0.615379905794 0.033717243001
0.340816317592 0.462020936888
0.841456412338 0.923480710015
0.273332832847 0.212005145848
0.609417431522 0.874797811266
0.124660268892 0.609980381560
0.998831496108 0.346450917423
0 0 0.067787825144  5 0.138841244318  49 0.145901612476  108 0.129484482174  128 0.115884429629  129 0.107292048961  143 0.135146902892  -1 0
1 1 0.086348757700  58 0.143892206423  64 0.137558098212  69 0.121221306543  76 0.132565342461  95 0.119654314450  116 0.058373477375  137 0.134481193152  174 0.040441052858  201 0.116597909982  -1 0
2 2 0.138754095265  21 0.041119497604  31 0.039543111122  32 0.088756511072  33 0.143075998171  42 0.048134107914  61 0.145657398991  77 0.087474442177  78 0.124120188250  85 0.085785231483  88 0.090083783208  110 0.125618328320  144 0.134273734708  158 0.019310463934  171 0.109736834698  176 0.080134700010  194 0.092988963432  202 0.105903592006  -1 0
3 14 0.100353403728  15 0.114242839056  36 0.068783363892  80 0.013856962011  81 0.130267213141  109 0.089127441982  127 0.121914942910  132 0.094495521764  187 0.031593355055  190 0.077414153172  -1 0
4 3 0.085686584408  20 0.088997041633  24 0.145919732411  26 0.080081566385  41 0.108316273891  87 0.072985889720  106 0.138006369395  162 0.049404781996  165 0.138609140384  167 0.133727807349  169 0.106831240425  177 0.049709992187  200 0.023307402988  -1 0
5 14 0.086464191669  15 0.116905754980  24 0.047155752857  29 0.103524230629  41 0.078465378739  59 0.137942997772  81 0.134018341234  82 0.121712840238  94 0.085090698197  106 0.112350446763  109 0.103269751272  117 0.009331857730  162 0.143132618025  167 0.047449099352  169 0.073942620852  175 0.013514403648  177 0.136191386347  181 0.071251475684  190 0.097831941871  -1 0
6 25 0.088622406809  66 0.123971541847  84 0.118777176429  122 0.093622694014  133 0.124628934640  142 0.128716737150  147 0.120305583547  159 0.085852236387  168 0.109351938843  185 0.102763029846  189 0.043684892627  -1 0
7 10 0.087418563368  40 0.057473774225  54 0.131833971510  62 0.099929165754  96 0.054248723555  99 0.075873685016  110 0.111599611837  121 0.061536832217  138 0.069031296190  141 0.101407630551  144 0.104771155519  153 0.040985488417  179 0.050309350909  196 0.088600794355  197 0.043366441332  209 0.111893186935  -1 0
8 10 0.140435822747  11 0.055199702855  38 0.112642718322  62 0.131617269204  68 0.125248472791  79 0.038455417369  99 0.129789347489  102 0.145585190786  121 0.132687143862  141 0.144588439858  161 0.112924744105  163 0.110134029371  186 0.034596943611  -1 0
9 1 0.121193004557  30 0.090548559884  50 0.140385307188  58 0.089193536456  63 0.135623907683  69 0.039767348934  70 0.072070507715  71 0.097029536728  116 0.114344539454  125 0.139562896501  148 0.096419869704  160 0.111796230101  174 0.095453439218  182 0.139242967610  201 0.050400759609  -1 0
10 14 0.061932620834  15 0.049265079697  24 0.143515283746  36 0.064980962889  59 0.108562673540  80 0.099443380103  81 0.072559296609  109 0.014093981942  117 0.104440107856  167 0.134566706478  175 0.083339938622  181 0.143326179113  187 0.106488504157  190 0.036911664365  -1 0
11 8 0.132902373339  12 0.080811218401  51 0.112886008858  60 0.130043165996  74 0.006374407057  83 0.126690602444  93 0.110035461043  112 0.020655753980  120 0.135243791570  125 0.145639230493  129 0.128230275637  134 0.047820140266  155 0.142973067386  170 0.120386745265  172 0.073094084249  192 0.121994556713  -1 0
12 29 0.094248895688  37 0.141108972966  45 0.074573795042  82 0.075107462967  91 0.145346848651  94 0.116452081751  126 0.047112928183  150 0.048909595407  154 0.105274986315  181 0.127622805237  -1 0
13 4 0.132422302958  25 0.135024205332  66 0.132605992381  84 0.137771154089  122 0.110183065992  133 0.065104584947  142 0.134071568246  147 0.071888000311  149 0.102253866713  152 0.131962925786  159 0.064712258787  168 0.048958893706  180 0.111106945461  182 0.123195659699  185 0.062637923036  189 0.035295021341  207 0.145169459554  -1 0
14 28 0.051726906837  33 0.043856428654  61 0.114900659208  77 0.130342709107  130 0.074263941683  139 0.037739119946  171 0.113880463259  176 0.098728231651  -1 0
0 16 0.140414823081 35 0.136720706553 113 0.141316231136 128 0.053004562451 129 0.110317473908 143 0.093387209496 -1 0
1 50 0.089628354415 76 0.127526805737 116 0.139014002202 124 0.075278411688 146 0.135778769416 160 0.099933433631 174 0.050542840503 198 0.131883040142 205 0.103333887148 -1 0
2 7 0.061344745950 31 0.106716375025 32 0.091465291341 42 0.093878796852 48 0.126622035128 78 0.016578930186 85 0.053132303350 88 0.075711886250 118 0.048934351136 123 0.094597487264 158 0.138264173643 183 0.131234852848 194 0.068194784020 202 0.056071528401 -1 0
3 20 0.060133935883 44 0.125740439312 75 0.145809780214 87 0.025746911218 100 0.137050772186 107 0.092174953475 162 0.092214756314 165 0.091208937121 177 0.127497698485 200 0.108974921410 -1 0
4 9 0.124370498666 30 0.113424454396 58 0.097047700797 64 0.060625570263 69 0.137321609489 70 0.132308035792 71 0.133845212822 95 0.081257256435 116 0.105496661773 133 0.083017153697 147 0.082020134938 149 0.062738065506 168 0.085455710831 180 0.079194958858 182 0.071175984676 185 0.104246570233 201 0.124399705066 207 0.056276257317 -1 0
5 49 0.007799766623 89 0.090093582240 108 0.066251951646 112 0.135517932364 155 0.141153908195 157 0.025817345365 172 0.102995845075 -1 0
6 8 0.086134239431 12 0.134291348471 23 0.074280621228 27 0.107888726406 34 0.055356103637 50 0.063672629733 51 0.127132005640 63 0.075726616263 83 0.094442534109 103 0.127475369147 124 0.119709245150 136 0.103848132206 140 0.144916854080 148 0.121367862975 160 0.061965289993 170 0.140876235126 193 0.109123195553 -1 0
7 18 0.104108476533 23 0.145135283864 27 0.140597470560 32 0.112605142862 48 0.065958644322 62 0.137704436630 68 0.119823215513 78 0.067657489368 85 0.105920344032 88 0.101648497502 103 0.130437980927 118 0.070426480539 123 0.087943542474 136 0.142361266577 140 0.116962611418 141 0.131717545264 163 0.130904613253 194 0.128836237381 202 0.081428604113 -1 0
8 12 0.064514477810 23 0.125414010422 27 0.116208369354 34 0.048162284548 50 0.146176507223 51 0.086293036061 63 0.068768775421 74 0.127878023457 83 0.008558698911 103 0.131075684500 112 0.134941396188 148 0.118676700692 155 0.138194081178 160 0.128427713361 170 0.062279690915 172 0.141985964463 173 0.126955609932 193 0.097014227201 -1 0
9 19 0.078175885414 55 0.107380119214 64 0.094703524568 65 0.117290168154 95 0.106260960688 104 0.141116177819 105 0.041059552018 133 0.133700124419 145 0.101251734951 207 0.069449408736 208 0.080644034302 -1 0
10 11 0.136267654738 32 0.118352939994 40 0.122532839929 48 0.129311178041 62 0.013965605682 88 0.127856779993 96 0.073715540948 99 0.112220178670 110 0.122543608133 121 0.034349236205 138 0.123825547740 141 0.015296940983 144 0.121419639134 153 0.123222512662 179 0.127748342111 186 0.105901566470 197 0.068185880151 202 0.131709146107 -1 0
11 62 0.132511234603 79 0.077707245417 99 0.083360089239 121 0.115641170983 141 0.145728389796 186 0.058332657001 -1 0
12 34 0.111309422850 51 0.044876602033 60 0.129782315575 63 0.074876946852 74 0.077650354818 83 0.061974386153 93 0.098122252088 112 0.090718296766 125 0.118463254992 134 0.103009428453 148 0.097101374045 170 0.090978373771 172 0.120326455326 192 0.122820841406 -1 0
13 20 0.127772999778 22 0.067521808084 28 0.113397361068 61 0.051652665990 107 0.124185251045 130 0.123571847429 139 0.128054425784 171 0.076143363496 176 0.141843635650 -1 0
14 15 0.110083333367 24 0.126645545357 36 0.117606109508 41 0.143711693276 80 0.109552426847 81 0.133480456035 106 0.093302188556 109 0.076016050658 117 0.095718925409 127 0.118729712524 132 0.125324691603 167 0.103443554180 169 0.128277816105 175 0.074400661421 187 0.102656389233 190 0.029813444246 -1 0
15 36 0.059147065807 59 0.063327720167 80 0.127911139376 81 0.023410853599 82 0.143976449111 109 0.035743491729 117 0.122403797694 175 0.106708153791 181 0.139427101969 187 0.141670458918 190 0.086144313314 -1 0
16 35 0.110699314178 39 0.048743014210 113 0.116371012316 128 0.137976705547 129 0.140911670020 131 0.144080847042 -1 0
17 37 0.113321998599 64 0.139930988794 65 0.084903728414 72 0.062316030186 73 0.039577047899 95 0.118879831779 137 0.084668611483 191 0.083952643147 199 0.084151849074 208 0.088956458872 -1 0
18 23 0.096383284960 27 0.053359576101 34 0.128701148632 48 0.069717506484 68 0.062151718016 103 0.035093732533 118 0.142349919123 123 0.116695377727 136 0.137210599944 140 0.016549010008 163 0.077359968578 193 0.068778461951 -1 0
19 52 0.091571241722 55 0.143179244426 65 0.089942429386 101 0.080954186762 104 0.063855670279 105 0.061394496642 114 0.124669387149 115 0.101368155178 145 0.033670862915 208 0.083219539546 -1 0
20 22 0.098430128775 87 0.077951848858 100 0.144968938575 107 0.081720436543 162 0.122307442285 177 0.138704976256 200 0.108399838558 -1 0
21 31 0.071343989633 32 0.112367066010 33 0.111532752066 42 0.089058408229 77 0.046355655196 85 0.124738228146 88 0.118588061023 110 0.110865904052 139 0.135914252673 144 0.118771674512 158 0.039190040195 171 0.111067317932 176 0.058507493663 194 0.134105267882 202 0.137496814945 -1 0
22 28 0.144733438051 61 0.102825626459 107 0.138594526124 130 0.131181983425 171 0.136366335626 -1 0
23 27 0.057234238386 34 0.077266975120 50 0.108142981390 63 0.145670662983 83 0.131093452669 103 0.073019663662 118 0.133284659206 123 0.085598779149 124 0.132833064312 136 0.059766536349 140 0.085602432633 146 0.129477989946 160 0.127285937545 193 0.076484587712 198 0.132926617944 -1 0
24 29 0.097097439177 41 0.037692500906 44 0.133064348303 82 0.123696137474 94 0.074296708342 106 0.119491584654 117 0.039472655394 162 0.102702779482 167 0.035603102804 169 0.044548026650 175 0.060344792350 177 0.108309659166 181 0.065265796736 190 0.142706151636 200 0.140562901307 -1 0
25 67 0.099092269479 122 0.062938756722 152 0.139550139210 178 0.088697155182 185 0.141215480418 189 0.131178874191 -1 0
26 41 0.133050370427 106 0.089242270099 162 0.108250169276 167 0.135092984529 169 0.118885662492 177 0.064317036333 200 0.057904523798 -1 0
27 34 0.075875374508 48 0.121549757266 68 0.111154652086 83 0.118437176144 103 0.019591120225 123 0.116599713370 136 0.112865798403 140 0.037617777456 163 0.125106949379 170 0.122399211712 173 0.140360769375 193 0.027308147097 -1 0
28 33 0.071733305275 61 0.065035962145 77 0.143069109638 130 0.047019111305 139 0.019565078175 171 0.073572162178 176 0.089871068489 -1 0
29 41 0.128560312642 44 0.144631300266 59 0.123270592362 82 0.030287155237 94 0.022945735745 117 0.096309080499 126 0.102188311852 150 0.096174136520 154 0.128578289428 167 0.129718365564 169 0.141021877477 175 0.111890595891 181 0.033428770845 -1 0
30 46 0.129775897096 58 0.021186898452 69 0.052535888151 70 0.022257138899 71 0.023845490214 116 0.122939037314 125 0.144275215749 147 0.102637261094 149 0.077708261752 152 0.086163484288 180 0.063086517734 182 0.054934795507 184 0.107981045550 185 0.112052393704 201 0.048329464713 -1 0
31 32 0.050201271389 42 0.036538067770 77 0.114436217143 78 0.090843847361 85 0.056838523063 88 0.050546126440 110 0.114277177216 144 0.122846312982 158 0.032156804321 176 0.119190441109 194 0.078428803529 202 0.067162588968 -1 0
32 42 0.074966826031 62 0.120534897145 78 0.075369937853 85 0.063407264250 88 0.016120652283 96 0.121595672776 110 0.104029546370 118 0.140032758911 141 0.107374073764 144 0.111109745324 158 0.076107253047 194 0.099169989802 197 0.129762884542 202 0.035966765934 -1 0
33 61 0.119667005928 77 0.086609600288 130 0.110041568914 139 0.052174220555 171 0.104981731581 176 0.065840865695 -1 0
34 50 0.118890011018 51 0.123564581174 63 0.086441119799 83 0.053959525398 103 0.093681406383 136 0.130364400985 140 0.112374095323 148 0.140585035761 160 0.113464087161 170 0.088825744270 173 0.140625044788 193 0.064901729575 -1 0
35 39 0.071413335095 46 0.142632575050 60 0.113633297332 93 0.135971334045 113 0.006222926164 120 0.081150899399 129 0.050319536554 131 0.084634865870 134 0.114746206402 188 0.125494542234 192 0.113745622545 -1 0
36 59 0.114346394540 80 0.080566721041 81 0.067300316406 109 0.056243368156 187 0.100119668177 190 0.087812212261 -1 0
37 72 0.088691028368 73 0.073745069066 111 0.119632775751 126 0.096418069886 137 0.108787140754 150 0.098243271820 154 0.056806724580 166 0.106220300236 191 0.068399779836 199 0.029630697516 -1 0
38 68 0.120255001304 79 0.087838641773 90 0.054877695941 102 0.035430493574 155 0.137751110592 161 0.050324438494 163 0.109204130588 173 0.125387964361 186 0.137454317629 206 0.057195267765 -1 0
39 67 0.140462670857 113 0.076039045729 120 0.135329090662 129 0.113046397936 131 0.096032370883 178 0.144717582076 -1 0
40 54 0.074370185087 62 0.136481751092 96 0.053197272905 99 0.131279143805 110 0.076060371928 121 0.108564537248 138 0.015835983486 141 0.132651990865 144 0.067453460261 153 0.076811053606 156 0.142991839597 179 0.020385121113 196 0.067840890597 197 0.054677345165 209 0.054927651820 -1 0
41 44 0.121886199170 87 0.128172134076 94 0.105721890219 106 0.109120657368 117 0.072965698986 162 0.065563060159 165 0.133595547486 167 0.040300663437 169 0.020670336571 175 0.089970430126 177 0.073467207482 181 0.099315370364 200 0.104079709636 -1 0
42 77 0.135317367845 78 0.080883785693 85 0.041250284286 88 0.067477551307 118 0.135455346731 158 0.055409879323 171 0.131761252704 176 0.122051710292 194 0.045928097851 202 0.074792214469 -1 0
43 66 0.053063704520 84 0.050636006206 142 0.053733890077 159 0.126748312207 164 0.073452186576 -1 0
44 87 0.107695442973 94 0.133754269524 111 0.122785338300 154 0.121374346521 162 0.115572425869 165 0.038692736941 166 0.071599896083 169 0.142032467399 181 0.141349610506 -1 0
45 57 0.085566837897 82 0.122118608256 91 0.079217174769 126 0.117458655417 150 0.121176079574 203 0.136869418309 -1 0
46 51 0.144471228534 60 0.059136149033 67 0.119494808265 70 0.121426412837 71 0.106067723555 93 0.081937255187 113 0.137334351654 120 0.071454053891 125 0.059772041570 131 0.081188302436 148 0.135782413635 152 0.105278987658 184 0.061081961490 188 0.028767236044 192 0.066969601800 -1 0
47 56 0.010347821117 86 0.044221344193 101 0.110177231466 104 0.134478740015 114 0.092166449453 115 0.081043325971 145 0.143143992482 195 0.081531426711 -1 0
48 62 0.116303675128 68 0.056048635175 78 0.130312929091 103 0.104533220147 118 0.131417008640 123 0.130709001405 140 0.086245042394 141 0.116939556502 163 0.065452567358 186 0.132636311511 193 0.138441740762 202 0.130726626482 -1 0
49 89 0.082811568116 108 0.072224786148 112 0.134493147788 155 0.134236835800 157 0.028753049984 172 0.099387877095 -1 0
50 63 0.110580230205 124 0.063776022789 136 0.100036751141 146 0.114373843603 148 0.134190394204 160 0.037878050903 174 0.128317190023 198 0.113595320635 205 0.131456843652 -1 0
51 60 0.109082953881 63 0.052873337415 74 0.111647459239 83 0.088119050907 93 0.077468233716 112 0.127472624448 120 0.138142171319 125 0.084704602846 134 0.118305910985 148 0.053582513518 160 0.128102030867 170 0.130570751105 188 0.125426220427 192 0.103959786553 -1 0
52 65 0.089151937507 72 0.118579672527 101 0.086746090630 104 0.065947548547 115 0.115758930447 145 0.096542865992 191 0.123144528625 195 0.131426280311 203 0.104309432832 208 0.120643025636 -1 0
53 114 0.132549111237 119 0.079446189397 164 0.095345083254 -1 0
54 77 0.132583140837 96 0.112495758709 98 0.135899423837 110 0.084976288138 138 0.065256514498 144 0.079170188621 151 0.078384180346 153 0.144964009567 156 0.074863484872 179 0.086128226698 196 0.099773170866 197 0.119882644396 209 0.022127644812 -1 0
55 66 0.139911606342 105 0.085979231461 114 0.113211839422 133 0.115189795771 142 0.133170991708 145 0.139623615421 159 0.113997456698 164 0.118234531263 168 0.136940867445 207 0.123262796837 -1 0
56 86 0.033884716013 101 0.120506623098 104 0.144817786763 114 0.098126455913 115 0.091390662967 195 0.089223238892 -1 0
57 91 0.009233954364 203 0.084088388604 -1 0
58 64 0.134382568077 69 0.049430502403 70 0.035446299520 71 0.045026979965 95 0.141554612357 116 0.102862168663 147 0.101177867679 149 0.072387722575 152 0.101903049596 168 0.144125644792 180 0.062313800584 182 0.050059162018 184 0.128035458049 185 0.114372097099 201 0.040338386081 -1 0
59 81 0.047120105726 82 0.104578291832 94 0.131793275886 109 0.096807539783 117 0.139398984099 175 0.133018876701 181 0.125923552898 190 0.144617417148 -1 0
60 74 0.134228926337 93 0.032260745362 113 0.107468456156 120 0.033123973983 125 0.044279699110 129 0.128611139755 131 0.092665062273 134 0.092833129901 148 0.122960674178 184 0.119665303754 188 0.030377148752 192 0.008102362501 -1 0
61 130 0.088529010669 139 0.077501070553 171 0.036232444054 176 0.096927681166 -1 0
62 68 0.143660944435 88 0.128519151112 96 0.087509207410 99 0.117555874747 110 0.134446693962 121 0.042830612465 138 0.137754337740 141 0.013376514154 144 0.133790393376 153 0.134309638076 163 0.139299067532 179 0.141438978961 186 0.097037941025 197 0.082150340091 202 0.130084521013 -1 0
63 83 0.075286481033 93 0.127801291081 125 0.125763929143 148 0.054196160364 160 0.079382872316 170 0.129053991763 -1 0
64 95 0.024113199500 105 0.135324937645 116 0.085449569430 133 0.127846251157 147 0.142592347753 149 0.122035942059 168 0.137912569322 180 0.136505789264 182 0.125685671038 207 0.055847784908 208 0.108177223607 -1 0
65 72 0.060426086392 73 0.097701536006 95 0.139039381597 104 0.122961655433 105 0.131565328685 145 0.119590891692 191 0.083855696095 199 0.123052982728 208 0.042875711533 -1 0
66 84 0.022557235531 142 0.007775426875 159 0.073839938119 164 0.081119565617 189 0.101069782597 -1 0
67 122 0.081409347923 131 0.083793779802 152 0.109596048477 178 0.075322575979 184 0.086190788431 188 0.137834910508 -1 0
68 79 0.138642148720 102 0.125558137999 103 0.091563554302 140 0.074489594652 163 0.015539017819 186 0.117700342267 193 0.117156219528 -1 0
69 70 0.038071070245 71 0.064161965755 116 0.100414497357 125 0.143190765895 148 0.122544072963 149 0.121779905920 152 0.136001921296 174 0.114602673109 180 0.111210528606 182 0.099475742571 201 0.013231169918 -1 0
70 71 0.026109603214 116 0.125831746043 125 0.127711391903 147 0.124646011276 148 0.130904757693 149 0.099942736441 152 0.098354355546 180 0.085200944705 182 0.077130472849 184 0.110715904349 185 0.133156754576 188 0.140544149013 201 0.039482113570 -1 0
71 116 0.145719599074 125 0.124204143041 147 0.109965040544 148 0.143442205213 149 0.090094400302 152 0.072528703811 180 0.072484017350 182 0.068857580490 184 0.086400696379 185 0.114910159892 188 0.128733602621 201 0.064399975299 -1 0
72 73 0.048613155517 137 0.125168012648 154 0.142595388995 191 0.028092148754 199 0.062931549906 208 0.093242793214 -1 0
73 111 0.132668004679 137 0.076601154879 154 0.130089321179 191 0.057530734350 199 0.044688741952 208 0.116275015572 -1 0
74 83 0.121492789357 93 0.113153773911 112 0.017690410945 120 0.140461058568 129 0.134517477110 134 0.053909655117 155 0.137121816186 170 0.114099220851 172 0.068688797097 192 0.126150946401 -1 0
75 92 0.088914635668 97 0.065370775188 100 0.029322897713 107 0.089347575190 135 0.103149143143 146 0.130299319036 183 0.106905470719 198 0.128777475852 204 0.087395728649 205 0.116015282097 -1 0
76 97 0.123857173436 111 0.070387233848 137 0.074774845403 166 0.128001144179 174 0.137305888564 204 0.078315909621 205 0.106700862259 -1 0
77 110 0.111049242748 139 0.126364206769 144 0.116845793672 151 0.122688865560 158 0.082994838163 171 0.129627171446 176 0.064343109985 -1 0
78 85 0.039633531790 88 0.059468230172 118 0.065485010673 123 0.110961183658 158 0.122643169385 183 0.145364077907 194 0.062343887111 202 0.040589753652 -1 0
79 90 0.129010566260 102 0.123040285392 161 0.076718366827 163 0.123129569680 186 0.072868272285 206 0.135047900514 -1 0
80 81 0.143506933798 109 0.102948105488 127 0.116733674917 132 0.085982747090 187 0.023559186181 190 0.088626844173 -1 0
81 82 0.141289205363 109 0.058824570785 117 0.138498177698 175 0.125028389780 190 0.109361782829 -1 0
82 94 0.051795069536 117 0.115945267614 126 0.096461662174 150 0.091988638487 154 0.135635739802 175 0.127597420833 181 0.058431409895 -1 0
83 103 0.132412271008 112 0.127881139080 148 0.123655570234 155 0.130265306604 160 0.136856945984 170 0.054478715367 172 0.133612132806 173 0.119843804167 193 0.097772591913 -1 0
84 142 0.030056059666 159 0.085618691155 164 0.098088791895 189 0.103818561711 -1 0
85 88 0.049022481189 118 0.097670744996 123 0.145685172300 158 0.086854142004 194 0.037127843134 202 0.044147277000 -1 0
86 114 0.120648822450 115 0.125251413978 119 0.127665923970 195 0.118148675173 -1 0
87 107 0.117806664570 162 0.068724580210 165 0.077425330993 169 0.138207614466 177 0.108325497791 200 0.095336581713 -1 0
88 96 0.136748080855 110 0.119956674561 118 0.124464351022 141 0.115731665405 144 0.127130266562 158 0.080418144360 194 0.085678934805 197 0.144480667417 202 0.021397903028 -1 0
89 90 0.103887171161 102 0.131124859390 108 0.134415799953 155 0.103210783519 157 0.091176054488 172 0.125265357624 173 0.125529304759 206 0.098903123968 -1 0
90 102 0.048106861315 155 0.118245967292 161 0.058512406214 173 0.117640257087 206 0.008464222696 -1 0
91 203 0.092331121151 -1 0
92 97 0.050714549715 100 0.106453116250 118 0.125488688919 123 0.119291381133 124 0.098304852911 135 0.016810016928 136 0.106784168900 146 0.042188206246 183 0.033687442440 198 0.041668208495 204 0.112153844902 205 0.067583682693 -1 0
93 112 0.130520542113 113 0.129758116896 120 0.060987448492 125 0.037393762056 129 0.140604499677 131 0.124845548984 134 0.082501933268 148 0.098484960971 184 0.142688769327 188 0.055742551159 192 0.026509741141 -1 0
94 117 0.077091917389 126 0.119841151471 150 0.113315433008 154 0.138109007501 167 0.107476175105 169 0.118092777736 175 0.094934151690 181 0.014260659990 -1 0
95 116 0.073314584123 149 0.140074234964 182 0.140697628706 207 0.078838303314 208 0.100870115205 -1 0
96 99 0.123805791046 110 0.062201279711 121 0.070578090637 138 0.050918864356 141 0.081591524034 144 0.057312495842 153 0.093519281574 179 0.065321588803 196 0.116460653770 197 0.012431286937 209 0.098914053073 -1 0
97 100 0.092582827907 124 0.112080190653 135 0.067265336357 146 0.080520603495 183 0.083175268889 198 0.077194587810 204 0.061599204053 205 0.050678747214 -1 0
98 156 0.103811884545 196 0.112947512473 209 0.131303479172 -1 0
99 121 0.078535128508 138 0.144293068319 141 0.126953101605 153 0.064614670257 179 0.118586030018 186 0.111792901025 196 0.134621584128 197 0.111412368021 -1 0
100 107 0.065543817748 135 0.118207414632 183 0.116900412062 204 0.115580100696 205 0.143124335184 -1 0
101 104 0.024419422067 105 0.124628694584 114 0.103860934021 115 0.029547760675 145 0.053674735231 195 0.071995752393 -1 0
102 155 0.102344888986 161 0.077123622066 163 0.118158015858 173 0.090605300698 206 0.044778159457 -1 0
103 123 0.119530773923 136 0.124519452001 140 0.018693521236 163 0.105556775551 170 0.129240435679 173 0.137594669387 193 0.035228902523 -1 0
104 105 0.115941682005 114 0.118895785135 115 0.053542791143 145 0.044944524528 195 0.091726669328 208 0.135210374768 -1 0
105 114 0.114049995065 115 0.133806338767 145 0.071774338531 207 0.102398325512 208 0.104480498955 -1 0
106 117 0.117042018279 127 0.135305977726 162 0.132755869294 167 0.083906653742 169 0.088460338784 175 0.110522147556 177 0.091156184538 190 0.123113496199 200 0.116820042094 -1 0
107 -1 0
108 157 0.046962698618 -1 0
109 117 0.110731659610 167 0.144024615651 175 0.090830265509 181 0.143873887918 187 0.112752763925 190 0.050554650737 -1 0
110 121 0.129883302599 138 0.061312417718 141 0.124187816126 144 0.008718967987 151 0.142743711649 153 0.145473214705 158 0.106702200895 179 0.096296137410 196 0.141209447531 197 0.074538736376 202 0.139623368791 209 0.084274158018 -1 0
111 137 0.075637686926 154 0.129964792314 165 0.123922265283 166 0.057858574772 199 0.124130309710 204 0.099418759142 -1 0
112 129 0.138582979011 134 0.065689484671 155 0.125772835147 170 0.112640339816 172 0.052845795333 173 0.142973536919 192 0.142613698278 -1 0
113 120 0.075062904946 129 0.050474225954 131 0.081793430941 134 0.110077297582 188 0.119708427606 192 0.107535213033 -1 0
114 115 0.084548677492 145 0.096163585394 195 0.134949197961 -1 0
115 145 0.069309825923 195 0.060605735301 -1 0
116 149 0.139262029992 174 0.088592207591 180 0.143177879033 182 0.128035159581 201 0.090351054847 207 0.136214541268 -1 0
117 162 0.138261604270 167 0.045997161480 169 0.070710216910 175 0.022605471361 177 0.134316637839 181 0.063518400979 190 0.107047474705 -1 0
118 123 0.048536467573 135 0.110994228212 136 0.101840922268 146 0.123013248904 183 0.091871654193 194 0.098505838511 198 0.127894192679 202 0.104247462824 -1 0
119 -1 0
120 125 0.076870804491 129 0.102213166760 131 0.069416782640 134 0.090800542376 184 0.125226789941 188 0.047436589072 192 0.035214893958 -1 0
121 138 0.114111710614 141 0.049562442752 144 0.126485686507 153 0.092275584218 179 0.108567888447 186 0.100132104512 197 0.060361323778 -1 0
122 147 0.111914914388 149 0.133881573599 152 0.076847616929 168 0.140280824363 178 0.118871592660 180 0.124909571275 182 0.139702818506 184 0.095922141430 185 0.090319523233 189 0.123376485058 -1 0
123 124 0.143971396315 135 0.102579251839 136 0.057045049631 140 0.118338329225 146 0.100635782215 183 0.090182571725 193 0.143581173061 198 0.105668447919 -1 0
124 135 0.095787339744 136 0.092925519038 146 0.064189717768 160 0.098447338856 174 0.125701321126 183 0.113386629472 198 0.061301345369 205 0.068004791676 -1 0
125 131 0.125270507795 134 0.119857761826 148 0.082903383451 184 0.115959350358 188 0.044226904490 192 0.045748242055 -1 0
126 150 0.007281036160 154 0.058582299781 181 0.133502478230 191 0.134564101808 199 0.122351224671 -1 0
127 132 0.040945099809 187 0.093238712554 190 0.127774098810 -1 0
128 143 0.057614802251 -1 0
129 131 0.130317391617 134 0.088894903578 192 0.125511738511 -1 0
130 139 0.062145175863 171 0.110973340437 176 0.136883194587 -1 0
131 152 0.146112302931 178 0.137657812476 184 0.099884631316 188 0.081298945115 192 0.098640238125 -1 0
132 187 0.063097313569 190 0.124640975576 -1 0
133 147 0.072098698867 149 0.087034606732 159 0.083084376634 168 0.023396392617 180 0.104528254811 182 0.109479858558 185 0.082689220729 189 0.088467333436 207 0.081076421620 -1 0
134 172 0.117915945628 188 0.123026491711 192 0.085380903749 -1 0
135 136 0.091521603189 146 0.033505221513 183 0.021277440954 198 0.034972975353 204 0.128465444005 205 0.077415937715 -1 0
136 140 0.131735073718 146 0.071155179501 160 0.132881564746 183 0.091381197778 193 0.135289075314 198 0.075100050996 205 0.133517968911 -1 0
137 166 0.119029568822 191 0.130770062636 199 0.094203289869 -1 0
138 141 0.132448928194 144 0.052615955337 151 0.142812692595 153 0.092090009918 156 0.137418293445 179 0.036049167734 196 0.080418707343 197 0.055935635212 209 0.048751699094 -1 0
139 171 0.077346739934 176 0.078037731011 -1 0
140 163 0.089041917264 170 0.143275458448 173 0.144270816059 193 0.052367379911 -1 0
141 144 0.124134075086 153 0.138067893485 163 0.145918101634 179 0.139462685994 186 0.110050822548 197 0.077977682712 202 0.118166545532 -1 0
142 159 0.073364918428 164 0.074376510998 189 0.103619049512 -1 0
143 -1 0
144 151 0.140568273872 153 0.137735646308 158 0.115387521273 179 0.087731656210 196 0.132495165450 197 0.069411023654 209 0.076931544252 -1 0
145 195 0.124654197762 208 0.116810178780 -1 0
146 183 0.049252551973 198 0.005064145189 204 0.136316254118 205 0.067506985903 -1 0
147 149 0.031503239731 152 0.086008486241 159 0.129511472617 168 0.051750573688 180 0.039640614482 182 0.051327817772 184 0.134495720052 185 0.022276784124 189 0.107127553552 201 0.141318352128 207 0.120400592570 -1 0
148 160 0.096547235738 188 0.126772181309 192 0.121107447706 201 0.135774980384 -1 0
149 152 0.089196325420 168 0.072325147734 180 0.019426946394 182 0.022900829843 184 0.134902772528 185 0.050851082124 189 0.137537534113 201 0.111806122164 207 0.111823653378 -1 0
150 154 0.056468866824 166 0.142289737115 181 0.127082399435 191 0.139476491053 199 0.125028771884 -1 0
151 156 0.046147138921 209 0.099196307579 -1 0
152 168 0.134937387826 180 0.072147584735 182 0.082886749424 184 0.048557067935 185 0.075836717279 188 0.134025925908 201 0.134107710417 -1 0
153 179 0.059582064617 196 0.070601603917 197 0.083641079655 209 0.123052066461 -1 0
154 166 0.090432625796 191 0.118503421614 199 0.086434640883 -1 0
155 170 0.075938243164 172 0.079680731402 173 0.028340838394 193 0.140842447499 206 0.109793405906 -1 0
156 196 0.138384100869 209 0.088765542962 -1 0
157 172 0.128088007197 -1 0
158 171 0.127066882879 176 0.090074623604 194 0.101311849730 202 0.098632181635 -1 0
159 164 0.128490433106 168 0.085665762363 185 0.125461633734 189 0.044594996799 -1 0
160 174 0.125311988336 -1 0
161 186 0.145169202002 206 0.066238704861 -1 0
162 165 0.106717378469 167 0.099284918243 169 0.071203425818 177 0.047920601665 200 0.056814675675 -1 0
163 186 0.104316642695 193 0.129248127597 -1 0
164 -1 0
165 166 0.086649196999 -1 0
166 199 0.123985246240 204 0.138624215261 -1 0
167 169 0.028120937898 175 0.055716513942 177 0.088754501791 181 0.096642385680 190 0.124921617298 200 0.123148471629 -1 0
168 180 0.087804934505 182 0.095225723320 185 0.059788194289 189 0.078781385654 207 0.097265051914 -1 0
169 175 0.083377357649 177 0.064744756852 181 0.109741580035 200 0.098227225765 -1 0
170 172 0.096998330193 173 0.066542358020 193 0.095646425906 -1 0
171 176 0.065710644348 -1 0
172 173 0.102312002016 -1 0
173 193 0.114714694541 206 0.109559867269 -1 0
174 201 0.114460783691 -1 0
175 177 0.143515818260 181 0.080793132497 190 0.084450285344 -1 0
176 -1 0
177 200 0.034563267147 -1 0
178 -1 0
179 196 0.051222977122 197 0.063090378526 209 0.064668986130 -1 0
180 182 0.015274058247 184 0.116454827568 185 0.052380026149 189 0.146165232799 201 0.102647857734 207 0.130470884033 -1 0
181 -1 0
182 184 0.124373808184 185 0.066657253426 201 0.090026942970 207 0.125191436831 -1 0
183 194 0.141379128677 198 0.052186086687 204 0.144756841557 205 0.098566500461 -1 0
184 185 0.123920268423 188 0.089422416175 192 0.127647964445 -1 0
185 189 0.096379656857 207 0.140420832553 -1 0
186 -1 0
187 190 0.087397244047 -1 0
188 192 0.038265451496 -1 0
189 -1 0
190 -1 0
191 199 0.048965470620 208 0.120145097830 -1 0
192 -1 0
193 -1 0
194 202 0.080693345235 -1 0
195 -1 0
196 197 0.113305331134 209 0.079131379934 -1 0
197 209 0.104673063482 -1 0
198 204 0.132110884440 205 0.062506842652 -1 0
199 -1 0
200 -1 0
201 -1 0
202 -1 0
203 -1 0
204 205 0.079939628828 -1 0
205 -1 0
206 -1 0
207 208 0.124211403607 -1 0
208 -1 0
209 -1 0
