0.000000
1.000000
210
15
0.146200
0.000000
0.129144459963 0.108624075539
0.400149074383 0.874969097320
0.544876746833 0.340509260073
0.990353155416 0.475687870290
0.814132845961 0.167472231202
0.805842598435 0.022629993036
0.349470539019 0.568744305521
0.540086172987 0.220696782228
0.418200146407 0.288901947439
0.176773284096 0.842340398580
0.050526571926 0.224232728127
0.586852057371 0.018056820612
0.366513920482 0.583170849830
0.045588223264 0.332079765853
0.294671839103 0.623611765914
0 36 0.064781320054  43 0.132613205332  56 0.068792006670  79 0.079560680606  132 0.124509261619  140 0.056494653531  142 0.108808687226  174 0.111871443461  190 0.120067174623  193 0.145216637087  -1 0
1 11 0.103565945407  18 0.050740484228  25 0.139676679163  40 0.094930309705  69 0.100138575871  72 0.125074269154  90 0.105836735460  94 0.101781761166  97 0.130322529536  110 0.048455208158  133 0.139830601603  171 0.082518435818  188 0.130922545592  191 0.119487279043  192 0.102010850029  202 0.113826542341  208 0.073481188530  -1 0
2 20 0.142891958643  28 0.074318658532  39 0.100750675880  54 0.096930128318  88 0.120903815474  91 0.134555384719  113 0.032047973020  122 0.122076148665  154 0.104135285660  161 0.094603624814  162 0.094839590816  170 0.035683264447  179 0.086251758199  187 0.131600873034  195 0.077127699945  -1 0
3 17 0.104432431252  33 0.116788929248  48 0.112129163354  80 0.090945951622  86 0.084985565857  100 0.100369720076  120 0.145610508450  124 0.045130311155  134 0.099602304647  147 0.044688555024  184 0.097956159812  204 0.116378163177  -1 0
4 19 0.067451318002  23 0.013650282923  45 0.061943042966  76 0.125241358374  81 0.067683808990  93 0.115478385276  107 0.068502421242  114 0.137223551772  148 0.119199243723  150 0.122086931434  163 0.048051875096  165 0.144546650105  175 0.104060987360  178 0.064150047665  196 0.121530363681  197 0.050819696132  207 0.135802680966  -1 0
5 19 0.115713014500  23 0.131431119902  81 0.080282399713  175 0.101801311919  178 0.140632167474  207 0.052133114386  -1 0
6 5 0.107615366900  10 0.111168061070  24 0.132721336448  35 0.138428019846  50 0.083932357684  51 0.111009592101  65 0.121363760546  70 0.112992612790  98 0.138674259634  105 0.067919702441  109 0.099095485762  131 0.067588498551  145 0.125873378089  149 0.023926935953  157 0.078564722408  182 0.143683698646  183 0.139243117747  209 0.073105360319  -1 0
7 9 0.084199887578  28 0.066861810269  39 0.141391420042  54 0.128205850940  88 0.111256276416  91 0.022684351259  113 0.124853844163  154 0.077758517182  156 0.137421012650  161 0.108568213622  164 0.127513108325  170 0.091436568853  195 0.121893954863  -1 0
8 2 0.119995297410  15 0.078889404350  39 0.045551661389  54 0.041671307282  88 0.028416494785  95 0.119511299328  96 0.092219453470  113 0.108836700858  122 0.128095951468  156 0.077080011247  158 0.077470668400  161 0.043895911675  162 0.132575780767  170 0.109031109638  177 0.033722479666  179 0.088233271840  187 0.120010958285  -1 0
9 14 0.051433736782  22 0.060150805285  26 0.088551382313  30 0.073878178740  44 0.130910336359  49 0.145497133380  60 0.136180819228  66 0.063628022659  67 0.043411976257  119 0.107756841264  133 0.090534420317  155 0.082461874332  167 0.135939527288  202 0.138312692115  205 0.139595302379  -1 0
10 7 0.133690523145  36 0.129250744987  37 0.077412063425  79 0.063692145553  125 0.118116764080  140 0.145448018691  168 0.049003534178  190 0.075111242669  193 0.063670054807  198 0.055601550924  -1 0
11 82 0.140127318124  159 0.133957089230  164 0.101992917836  -1 0
12 5 0.093375892594  10 0.092393473540  35 0.118254354327  50 0.083584986335  51 0.093866711595  65 0.099061598393  70 0.119861575657  105 0.061796702979  109 0.082848574336  131 0.081650426768  145 0.143215994543  149 0.019927393408  157 0.076343056475  182 0.129098811301  209 0.095415346117  -1 0
13 7 0.081813639302  31 0.071765261931  37 0.059485929338  41 0.117819793038  84 0.141244552475  87 0.089604061882  125 0.067756362656  127 0.102849454208  136 0.056313587223  168 0.071117465457  193 0.101148593397  198 0.094615799726  -1 0
14 10 0.105549451733  25 0.133972628983  57 0.098232271088  60 0.123013395442  64 0.072637397895  75 0.102302214764  105 0.038716632617  131 0.137778870437  146 0.073578301594  149 0.062518397105  151 0.126498870453  157 0.025269079245  169 0.121095104868  182 0.109670028413  209 0.104711425742  -1 0
0 7 0.126520944810 24 0.138505522616 73 0.088927009907 84 0.085288896140 98 0.062023419463 103 0.045948608394 125 0.143203455956 145 0.118415892802 153 0.069550257428 185 0.127898370156 189 0.057400837010 209 0.124185333455 -1 0
1 21 0.145578464837 52 0.087252644372 53 0.139774052174 62 0.080114844396 63 0.108679827079 71 0.104241082387 77 0.141323697882 85 0.113062209777 116 0.066136845437 129 0.107042583492 130 0.100544938224 138 0.082093535371 144 0.140563970468 181 0.090223097067 200 0.132478677850 -1 0
2 15 0.089771750644 43 0.120985012719 73 0.096078214460 88 0.144337965385 92 0.079389629405 96 0.074684709455 153 0.106607887992 156 0.122047745443 158 0.042572884639 177 0.086388640022 180 0.052453814342 189 0.144310153171 -1 0
3 33 0.073747116746 45 0.132477662072 76 0.118901192252 78 0.017403754363 107 0.129833739948 114 0.072427632837 204 0.106590048892 -1 0
4 6 0.053820655682 12 0.065981639734 27 0.046465666006 62 0.140065455559 89 0.093946645417 115 0.069636713499 116 0.090415144879 117 0.103265485031 118 0.136789315487 135 0.063546394592 138 0.121812193259 144 0.080341072267 200 0.089532497773 -1 0
5 10 0.133438924604 35 0.056385772324 50 0.063075897904 51 0.018665897127 65 0.085029236907 70 0.105317818289 105 0.145913095437 109 0.015143037146 122 0.145269546920 128 0.121233492859 131 0.112797037073 149 0.112866650055 183 0.144363899728 206 0.089157638721 -1 0
6 12 0.103104028842 27 0.076974499575 34 0.134357342239 59 0.110411041563 89 0.069420640043 101 0.143883808360 115 0.059269779982 116 0.137083242225 118 0.142558053565 135 0.050063191588 144 0.131734710337 200 0.096454256583 -1 0
7 31 0.105704596714 37 0.057057481647 41 0.128934319163 73 0.094800685112 84 0.109540935708 87 0.115004881530 125 0.017087424371 127 0.136022861518 136 0.100280758459 153 0.100853949789 168 0.085107151669 193 0.083718569490 -1 0
8 31 0.143424321997 41 0.105919860740 87 0.126963593490 108 0.067768990691 112 0.075415547814 123 0.037876790706 127 0.111486980840 141 0.065744910508 185 0.098901269775 194 0.030957188523 203 0.137529631175 -1 0
9 20 0.133685645421 28 0.083188169118 91 0.064750019751 93 0.088961749646 148 0.078911052095 150 0.079728154997 154 0.056214314692 164 0.087522567801 170 0.145020923449 178 0.138980346588 195 0.111338895227 -1 0
10 25 0.075413620172 35 0.113706068228 40 0.138620060215 51 0.120214977030 60 0.136642277768 65 0.064976133118 105 0.068120317192 109 0.118300128182 146 0.121994387333 149 0.089314534683 151 0.071110693683 157 0.080784336562 182 0.048292207724 201 0.101366981807 -1 0
11 18 0.083009078567 69 0.095844761444 72 0.090932517892 90 0.059094152060 110 0.143578575959 152 0.127807949736 171 0.058967271272 188 0.073715083308 192 0.109127356023 208 0.117944308893 -1 0
12 13 0.145080675534 27 0.026357049485 42 0.103789629614 46 0.127447511306 62 0.135572276792 89 0.096124428877 115 0.070729978107 116 0.120055945438 117 0.054305069357 118 0.089440571336 121 0.124802426414 135 0.128827251686 144 0.051035446053 173 0.142931682981 -1 0
13 29 0.037318809535 42 0.056220292619 47 0.072210690029 62 0.131739360099 94 0.108035513419 97 0.081871020456 117 0.094870038148 121 0.098339914154 144 0.118993776135 172 0.053387703261 173 0.128828837751 191 0.100771874082 201 0.080283194648 -1 0
14 22 0.044143212437 26 0.069618960628 30 0.044643517552 44 0.095382599307 49 0.094847049858 61 0.115301373104 66 0.069184619154 67 0.093687953621 119 0.131149138556 133 0.136190389918 139 0.127479076060 155 0.071977907511 160 0.118761015730 167 0.087295855950 205 0.098061040476 -1 0
15 24 0.093819599320 39 0.086607387477 54 0.095897417330 70 0.132840714726 73 0.138326542067 88 0.106681124014 95 0.075685431480 96 0.118078445846 98 0.145011438620 122 0.112302976906 145 0.105150745145 153 0.134926913636 156 0.135958517540 158 0.062639595466 161 0.111561062888 162 0.134099469501 177 0.064174694311 179 0.104498752932 180 0.141854901406 183 0.094393587389 187 0.097176731842 189 0.115947226652 -1 0
16 36 0.132392947436 43 0.079917365408 74 0.145231802330 92 0.112499733433 126 0.084943599766 132 0.109975863396 140 0.116439046272 142 0.053303035563 166 0.033292446805 180 0.141636612263 -1 0
17 48 0.030812639592 53 0.115996366261 80 0.042830844846 86 0.082237500551 100 0.084348314723 111 0.137803545279 120 0.090649745843 124 0.062567904983 134 0.111936257213 147 0.104213369436 184 0.020493092093 186 0.075030645744 -1 0
18 40 0.117068511833 69 0.125819578530 72 0.141441788328 90 0.060510641150 104 0.126786868234 110 0.067854733933 119 0.145885258442 133 0.115847403263 171 0.094645930169 188 0.084238735085 192 0.132686951130 202 0.075730845156 208 0.114712511272 -1 0
19 23 0.059694684136 45 0.064563593002 81 0.045162770445 107 0.110576696737 114 0.123101536270 163 0.112184181656 175 0.037952116568 178 0.116523286746 197 0.040992726404 207 0.132185624370 -1 0
20 28 0.116528602387 93 0.105694382794 99 0.083659270541 148 0.115775933174 154 0.100347689290 165 0.086641774869 176 0.121439026799 195 0.069118331670 196 0.121912979890 -1 0
21 52 0.069368465434 58 0.144436178687 63 0.127080423496 71 0.041376350228 77 0.041759963679 85 0.140822091007 99 0.081242138158 128 0.124542451581 129 0.103607257890 130 0.095974355280 137 0.086690395819 181 0.070776557697 -1 0
22 26 0.029396939881 30 0.088771373785 44 0.071914362473 49 0.104603900396 66 0.106579199102 67 0.100611152317 139 0.103746581290 155 0.028175716354 160 0.101378355097 167 0.089675331859 169 0.140191892872 205 0.137103518777 -1 0
23 45 0.067862557044 76 0.138752825152 81 0.054369933376 93 0.121595869942 107 0.081414219868 114 0.143333157218 148 0.123797763818 150 0.121975743551 163 0.052528821366 175 0.094645801261 178 0.061829752014 196 0.135085953170 197 0.052106033216 207 0.123254173462 -1 0
24 39 0.143289361589 50 0.097000290149 70 0.057851906410 95 0.054274755408 98 0.086831962191 103 0.126375929125 122 0.095750618325 131 0.065946156726 145 0.022684477448 162 0.126863941679 179 0.129289282039 183 0.030033977092 187 0.082772949384 189 0.082506494629 209 0.101148477033 -1 0
25 40 0.063445279794 57 0.125021101656 60 0.086021876185 65 0.132582152360 94 0.136925830037 105 0.110637730199 110 0.106438067254 146 0.102959949512 151 0.007474336641 157 0.111396348599 182 0.029995572881 201 0.131618482774 -1 0
26 30 0.113555232701 44 0.050081823988 49 0.101858264722 66 0.135356461645 67 0.126956974739 75 0.143780537125 139 0.079284765095 155 0.013484299332 160 0.080881604166 167 0.083773114755 169 0.129884625121 203 0.133174297644 -1 0
27 42 0.129963865035 46 0.125995136246 89 0.075751592859 115 0.048827047682 116 0.119221361940 117 0.078528101299 118 0.092695685896 135 0.106273165109 144 0.068013933442 200 0.135997429317 -1 0
28 39 0.143526522035 54 0.133502699737 88 0.136356494908 91 0.071499097934 93 0.142599840791 113 0.095035956696 148 0.139878400874 154 0.033397855089 161 0.119743305454 170 0.065376141081 195 0.055291388031 -1 0
29 35 0.111362673156 42 0.093522819866 47 0.063058969779 62 0.136439038818 63 0.142539663390 65 0.110985551601 94 0.118717342169 97 0.099836596467 117 0.124962106877 121 0.132979473325 144 0.145160138918 172 0.073358729536 191 0.121996697338 201 0.053054916559 206 0.126330065043 -1 0
30 44 0.131358530375 49 0.106332459007 61 0.079835833867 66 0.044229961678 67 0.105214427625 102 0.139154305401 119 0.106496277673 133 0.134489326758 155 0.116598989890 167 0.106964952237 205 0.066919865215 -1 0
31 37 0.119514296405 41 0.048053325557 84 0.093321456335 87 0.018201956335 112 0.085948412367 123 0.138617996587 125 0.102249432026 127 0.033036029827 136 0.016225453147 141 0.136990121593 168 0.139202695766 185 0.121327786456 -1 0
32 175 0.134925583851 -1 0
33 78 0.091150859673 114 0.146009110054 147 0.117162084558 204 0.069893197027 -1 0
34 38 0.076768731795 55 0.073433182788 59 0.065732223727 83 0.065802027955 101 0.036326230978 106 0.062161837531 111 0.143110839617 135 0.134967697281 143 0.054466305828 -1 0
35 47 0.125328150426 50 0.118063355456 51 0.038739723173 63 0.144624256008 65 0.049742380155 109 0.050267161986 128 0.112836535418 149 0.133914662534 201 0.096673579873 206 0.068014397926 -1 0
36 43 0.083844438188 56 0.131096556939 79 0.068896489951 92 0.110262219425 140 0.019815069603 142 0.080173392046 166 0.122594746156 168 0.137559154451 180 0.126394559580 190 0.145645988492 193 0.105709251195 -1 0
37 73 0.140161109188 79 0.109910533893 87 0.134843263260 125 0.040853527531 136 0.107147272087 168 0.028418147525 193 0.043396885763 198 0.098075887957 -1 0
38 55 0.112162932941 59 0.101814190958 83 0.023679284401 101 0.098497726566 106 0.014859769153 143 0.088886909612 -1 0
39 54 0.013602706284 88 0.050374538134 95 0.093220727369 96 0.137355264645 113 0.069754489739 122 0.088143400476 156 0.119932680160 158 0.112663432671 161 0.034050658341 162 0.088025790512 170 0.081091585133 177 0.073656102428 179 0.043272926093 183 0.124403149287 187 0.083621034450 -1 0
40 57 0.140723547089 60 0.088978902748 67 0.126868036702 94 0.138575408423 110 0.050348099124 133 0.108149311840 146 0.131638905406 151 0.068869367908 182 0.092907465815 202 0.121765466053 -1 0
41 84 0.065631207684 87 0.030175954072 108 0.106797313376 112 0.038658869230 123 0.093692062452 125 0.131388240391 127 0.034135909836 136 0.064218384761 141 0.089244656374 185 0.074629389065 194 0.124059735446 -1 0
42 47 0.112272954514 62 0.145874745791 94 0.113241825218 97 0.081926687004 117 0.067627848710 118 0.129334664655 121 0.051804273812 144 0.097009886586 172 0.063857955504 173 0.083495858079 191 0.088924306381 192 0.139701032466 201 0.130309677476 208 0.140751015946 -1 0
43 92 0.041615288867 96 0.118726751483 126 0.136354463726 140 0.078878882878 142 0.041382616795 166 0.053209212915 180 0.069899129426 -1 0
44 49 0.071601206981 139 0.032572391689 155 0.062977140115 160 0.030805202817 167 0.052166963064 203 0.143791370809 -1 0
45 76 0.109822774931 78 0.116482629244 81 0.098441769356 107 0.054589646177 114 0.075546183692 163 0.105870445907 175 0.097626919554 178 0.126005517367 196 0.123356418959 197 0.024435937947 -1 0
46 89 0.093339468573 115 0.102702875688 118 0.040730343460 121 0.140213507730 152 0.132233127955 173 0.128277962919 199 0.103088937728 -1 0
47 62 0.076422796028 63 0.085472412853 116 0.144651067455 117 0.105222243114 128 0.123720032587 144 0.113292836250 172 0.124855484986 201 0.111502512514 206 0.103667614410 -1 0
48 53 0.099058983665 58 0.132308156616 80 0.025665426026 85 0.122671202004 86 0.063704158778 100 0.060952359515 120 0.059837172275 124 0.067007385053 134 0.091268939287 147 0.098942524930 184 0.050736192940 186 0.045943990350 -1 0
49 61 0.109840835732 102 0.139478926430 139 0.084202608826 155 0.114519426149 160 0.065524725858 167 0.019608871989 205 0.091616950162 -1 0
50 51 0.079352699534 65 0.133610785287 70 0.046058720577 95 0.107203509180 105 0.145379569282 109 0.068222350562 122 0.105578484084 131 0.054702027910 145 0.105810116263 149 0.101601830759 162 0.124398449902 183 0.084570198199 187 0.107091309568 209 0.116755706486 -1 0
51 65 0.067589345566 70 0.122996015032 105 0.140549867390 109 0.012886522408 128 0.120568049728 131 0.125886572076 149 0.112284076035 201 0.130892111159 206 0.083121809407 -1 0
52 62 0.112428019388 63 0.067896037995 71 0.037245274341 77 0.054292287060 85 0.135061414897 116 0.145288459121 128 0.098986434313 129 0.105011765928 130 0.094863007138 137 0.100328621962 181 0.005523843205 206 0.136642975279 -1 0
53 80 0.121105907548 85 0.126862815590 100 0.135157586535 111 0.127168093689 116 0.138227226607 120 0.090501185893 135 0.124904300984 138 0.067340897193 184 0.133720561000 186 0.069625590755 200 0.080713757104 -1 0
54 88 0.039346717853 95 0.106822949986 96 0.133628777697 113 0.067644175361 122 0.100171152256 156 0.111538199307 158 0.114966481028 161 0.020447963795 162 0.097296374095 170 0.073292167264 177 0.073378359952 179 0.052782181068 183 0.138004400497 187 0.096552704988 -1 0
55 59 0.138871794342 83 0.116564698307 101 0.041179384038 106 0.099728272282 111 0.078976932431 143 0.023883931738 -1 0
56 79 0.141986462460 132 0.093663611529 140 0.118091271544 174 0.059147588520 -1 0
57 60 0.052221172632 64 0.047379349660 67 0.144357647812 75 0.021689168691 105 0.116699242726 146 0.031546300526 151 0.119730586029 155 0.139394584849 157 0.100187379270 169 0.053706647660 182 0.121487940629 203 0.134867555481 -1 0
58 71 0.132224323760 80 0.119128463683 85 0.050713727536 86 0.088900956923 100 0.078971268338 120 0.083853892747 124 0.142028241215 129 0.058361484606 130 0.068136704196 134 0.065886641815 147 0.121315627113 176 0.143366294691 186 0.110456050777 204 0.133588802499 -1 0
59 83 0.079051546745 89 0.116503327670 101 0.099405981888 106 0.092901000637 115 0.133860357728 135 0.135319262521 143 0.120049966808 -1 0
60 64 0.096274032873 67 0.114989187197 75 0.072958453055 105 0.125579361132 110 0.136387303430 133 0.133236289355 146 0.052602496044 151 0.082896208067 157 0.113778312403 169 0.102952423794 182 0.093835559456 -1 0
61 66 0.110825541245 102 0.059567631335 167 0.123334426399 205 0.019984205803 -1 0
62 63 0.077830156879 116 0.071874151270 117 0.098618063456 128 0.142726021480 138 0.136196239453 144 0.084946196114 181 0.111207334631 -1 0
63 71 0.104351802025 77 0.093045145881 116 0.139862817150 128 0.066262095675 137 0.108304483494 181 0.063335127905 206 0.083829255456 -1 0
64 75 0.037327120123 105 0.104107008347 146 0.050729711602 149 0.135135044451 151 0.146107078018 157 0.086207282209 169 0.048524600383 182 0.140282179991 203 0.116640181997 -1 0
65 105 0.113963337331 109 0.071559012453 149 0.108825790367 151 0.130247999204 157 0.130963383395 182 0.110359138730 201 0.073556232501 206 0.116435526607 -1 0
66 67 0.076370116436 104 0.125616996249 119 0.063831325742 133 0.093989962424 155 0.134121213345 202 0.123571127463 205 0.103408184532 -1 0
67 110 0.139713110510 119 0.091366795278 133 0.050316278444 155 0.118403446719 202 0.100946641922 -1 0
68 74 0.033593800105 82 0.043909521914 126 0.093534724614 156 0.135457297729 159 0.070721016604 -1 0
69 72 0.032176992775 90 0.144253988302 94 0.099856967053 97 0.106066121236 121 0.106333023866 152 0.071576818320 171 0.038130407561 172 0.131766471873 173 0.082922034354 191 0.083214638750 192 0.014249369444 199 0.125645497866 208 0.046341220078 -1 0
70 95 0.061682772855 98 0.133116578661 109 0.112879249024 122 0.071206229561 131 0.054125614114 145 0.073372287692 149 0.134828169612 162 0.097412388843 179 0.119662276148 183 0.039119275277 187 0.067589948178 189 0.137771666450 209 0.117233781300 -1 0
71 77 0.052315549595 85 0.114941102224 99 0.115996736962 128 0.123507187874 129 0.080008325552 130 0.070415245572 137 0.105666451640 181 0.041166244582 -1 0
72 94 0.131030185431 97 0.134045881223 121 0.119404085693 152 0.045304171678 171 0.046809328413 173 0.090542547475 191 0.110856254316 192 0.042920287982 199 0.098236443874 208 0.078510870878 -1 0
73 84 0.139988887807 92 0.137809745490 98 0.129343972998 103 0.132328813660 125 0.109764862347 153 0.020226234424 158 0.129741946406 180 0.111405983301 189 0.098400232429 193 0.141309002065 -1 0
74 82 0.056025388742 126 0.060329839058 156 0.121355886443 159 0.082058199623 166 0.144197036105 -1 0
75 105 0.126737254226 146 0.047862241258 151 0.140777185096 155 0.131267969328 157 0.109271722795 169 0.032286943426 182 0.141216619335 203 0.113412957621 -1 0
76 78 0.115066697628 107 0.060001388715 114 0.126323151181 163 0.131776543106 165 0.067899097557 176 0.062847930978 196 0.033971895920 197 0.129818443155 204 0.123583066195 -1 0
77 99 0.117041082838 128 0.082791968029 129 0.131190894440 130 0.121980451874 137 0.053362197586 181 0.052250776191 206 0.128379526797 -1 0
78 107 0.118330359554 114 0.055124813970 197 0.139380844805 204 0.120329814860 -1 0
79 125 0.143418240966 140 0.083031016068 168 0.088413445197 190 0.083303819453 193 0.071027120296 198 0.118216473089 -1 0
80 85 0.119425797075 86 0.040160970224 100 0.041649724929 120 0.061578369769 124 0.046549394662 134 0.069406005842 147 0.073541397419 184 0.057364156240 186 0.058684537585 -1 0
81 107 0.130875577336 163 0.097122138702 175 0.059077217724 178 0.089561303062 197 0.074448885051 207 0.087633409734 -1 0
82 126 0.099519676711 159 0.027378115515 -1 0
83 101 0.094547340381 106 0.021688352676 143 0.092680900703 -1 0
84 87 0.082837874658 98 0.136990841433 103 0.101440245599 108 0.114921100721 112 0.073773622976 123 0.119988286529 125 0.120183378266 127 0.097250237156 136 0.105007322002 141 0.099856799706 153 0.128028583009 185 0.063276101959 189 0.142325058052 -1 0
85 86 0.104491260856 100 0.089735733429 120 0.063257326299 129 0.037253252549 130 0.045270347833 134 0.094259253771 138 0.124875917775 181 0.140579498639 186 0.085935900472 -1 0
86 100 0.015596991492 120 0.064903573515 124 0.053487836622 129 0.135089614562 130 0.145018377341 134 0.029914787196 147 0.049620039691 184 0.093814582529 186 0.077418074781 204 0.120706757880 -1 0
87 108 0.136249976380 112 0.067757080006 123 0.120638165989 125 0.113859135616 127 0.021408458200 136 0.034416865255 141 0.118823545757 185 0.104309854179 -1 0
88 91 0.133701457421 95 0.138680915678 96 0.104186877183 113 0.096965064810 122 0.138511182854 156 0.073806680240 158 0.102438267092 161 0.027548035308 162 0.136610861590 170 0.089306322331 177 0.058703596735 179 0.092124069843 187 0.133356945945 -1 0
89 115 0.027211145865 118 0.085418132513 135 0.119317514350 144 0.143650804229 -1 0
90 104 0.103757911590 110 0.127934645004 171 0.106328076750 188 0.025256140733 202 0.095974422233 -1 0
91 113 0.143210270132 148 0.143547373251 150 0.140652337955 154 0.072032833043 161 0.131175444934 164 0.105935332708 170 0.109349809097 195 0.123599114779 -1 0
92 96 0.087857856500 140 0.111369416732 142 0.082704629427 156 0.136673778603 158 0.108084732149 166 0.080426230136 177 0.142210421675 180 0.029484337269 -1 0
93 107 0.131220967456 148 0.014820440705 150 0.056445920487 154 0.109501995731 163 0.069209663087 164 0.140226736431 165 0.107009832577 178 0.077573585082 195 0.134016174351 196 0.117263733608 -1 0
94 97 0.031320018798 110 0.124146956670 121 0.098966739846 151 0.143293153645 171 0.120237989275 172 0.056008602199 173 0.106316061162 191 0.035183976748 192 0.088148147754 201 0.102924752292 208 0.057625214816 -1 0
95 98 0.139174416240 113 0.130094053299 122 0.047744547177 131 0.103227558759 145 0.076602675572 158 0.137368712402 161 0.127270585778 162 0.077762509808 177 0.124659563158 179 0.075022765217 183 0.031189986493 187 0.032105560069 189 0.127143921912 -1 0
96 126 0.133661522684 156 0.052115222401 158 0.059244165821 161 0.130552497146 166 0.121940345776 177 0.067177026090 180 0.083573378191 -1 0
97 121 0.072836404536 171 0.134050675674 172 0.028518927139 173 0.087235380898 191 0.023194690742 192 0.092389765875 201 0.098495653042 208 0.073263709522 -1 0
98 103 0.039614004410 131 0.100986313036 145 0.064403555531 153 0.109530656719 183 0.116613785863 189 0.036546836518 209 0.068744445636 -1 0
99 129 0.136842955164 130 0.134681594700 137 0.141205548848 165 0.117311753649 176 0.115788005166 195 0.124101334808 -1 0
100 120 0.050236690174 124 0.066469888838 129 0.121500762398 130 0.131294432807 134 0.031123404066 147 0.064864600823 184 0.098620700638 186 0.065532004175 204 0.130075403945 -1 0
101 106 0.083890805607 111 0.106791849604 135 0.131272131462 143 0.031156894196 -1 0
102 205 0.073810257310 -1 0
103 131 0.132248163459 145 0.103849114401 153 0.112265844200 185 0.120803494716 189 0.063579165069 209 0.082680545451 -1 0
104 119 0.063768945214 133 0.110970751862 188 0.093156794116 202 0.077501129587 -1 0
105 109 0.132532439684 131 0.135270967715 146 0.086453998115 149 0.045058144904 151 0.103446039639 157 0.017925360168 182 0.082494251431 209 0.120885360001 -1 0
106 143 0.076084709423 -1 0
107 114 0.101399964149 148 0.141643325870 163 0.089679786230 165 0.102159378415 176 0.119202359091 178 0.118506462790 196 0.068828065240 197 0.071193853792 -1 0
108 112 0.068496183853 123 0.031432603907 127 0.130424260222 141 0.017639746469 185 0.052099125394 194 0.051970015423 203 0.102718418742 -1 0
109 128 0.130867996747 131 0.113277372939 149 0.101770965167 201 0.138821673164 206 0.095080140108 -1 0
110 133 0.103365056956 151 0.113126137789 171 0.130769512460 182 0.136336395680 202 0.094157166080 208 0.114782902553 -1 0
111 143 0.102638094282 184 0.138616051707 -1 0
112 123 0.056060414730 127 0.063480990531 136 0.102171337599 141 0.051130360229 185 0.047037254300 194 0.088210625989 -1 0
113 122 0.096850580075 154 0.127547334881 161 0.069508647628 162 0.073808862297 170 0.033906677218 177 0.141018442122 179 0.055509680705 187 0.104150900390 195 0.108313740184 -1 0
114 175 0.141804703166 197 0.094386567369 -1 0
115 117 0.125031236918 118 0.083420645988 135 0.105916391498 144 0.116837679638 -1 0
116 117 0.113522106008 135 0.113057267364 138 0.071298438846 144 0.085546380860 200 0.092821726203 -1 0
117 118 0.125389218451 121 0.108167238339 144 0.029432106825 172 0.127558492373 173 0.135371701193 -1 0
118 121 0.110905020142 144 0.136535026669 152 0.137303183290 173 0.107070440663 199 0.123644045317 -1 0
119 133 0.070411674222 188 0.145753727059 202 0.071970786380 -1 0
120 124 0.104939654021 129 0.100443609161 130 0.108451269231 134 0.074671667526 138 0.122526085859 147 0.114473673797 184 0.110362465562 186 0.026602331619 -1 0
121 144 0.136495697707 152 0.116642337859 171 0.144096100763 172 0.073954770985 173 0.031816539271 191 0.065010474843 192 0.093603520426 208 0.104689944432 -1 0
122 131 0.124577724582 145 0.118306909074 161 0.118879316680 162 0.031126309755 170 0.128942674380 177 0.144514577840 179 0.050651314423 183 0.066283530688 187 0.016174946853 -1 0
123 127 0.110657092833 141 0.028093292339 185 0.064135872936 194 0.034029439747 203 0.121125548135 -1 0
124 134 0.078440402116 147 0.045350891843 184 0.061698948128 186 0.105203764646 204 0.135419998911 -1 0
125 127 0.134124258668 136 0.094407569147 153 0.117061922993 168 0.069211397080 193 0.072463662044 198 0.135410524098 -1 0
126 142 0.130228089276 156 0.128852162547 159 0.117558688863 166 0.087254925436 -1 0
127 136 0.046706441999 141 0.113691853581 185 0.106377095673 194 0.135830577805 -1 0
128 137 0.061099092750 181 0.093531640308 206 0.045925523563 -1 0
129 130 0.010149202823 134 0.118939257896 138 0.142637301829 181 0.110485303569 186 0.123022432783 -1 0
130 134 0.129087033642 138 0.141742581855 181 0.100337494971 186 0.130167197616 -1 0
131 145 0.063590935241 149 0.091379985978 157 0.144341701775 183 0.072401994520 187 0.118694627339 189 0.119184116104 209 0.065430702503 -1 0
132 140 0.139195724567 142 0.122384857671 166 0.139105750867 174 0.143782120561 -1 0
133 202 0.051233491562 -1 0
134 147 0.056347555605 184 0.123698208344 186 0.094436966412 204 0.101548263193 -1 0
135 138 0.102557433097 144 0.139856734044 200 0.047681490561 -1 0
136 168 0.125204430602 185 0.136972808175 198 0.145922893139 -1 0
137 162 0.143847876406 181 0.096466992190 206 0.103108923584 -1 0
138 186 0.114049342767 200 0.057869183097 -1 0
139 155 0.090971614693 160 0.019123658572 167 0.067687721553 203 0.141022618408 -1 0
140 142 0.066149860695 166 0.110350969279 180 0.131316212721 193 0.125348909425 -1 0
141 185 0.038888348883 194 0.058210906445 203 0.120351998248 -1 0
142 166 0.044836889434 180 0.111279334276 -1 0
143 -1 0
144 -1 0
145 153 0.139064059620 183 0.052213612140 187 0.105456576832 189 0.064446523245 209 0.083484512594 -1 0
146 149 0.128507290299 151 0.096725594111 157 0.070821348192 169 0.078973477129 182 0.094255175227 -1 0
147 184 0.106519408232 186 0.124719789118 204 0.090173593609 -1 0
148 150 0.042611452553 154 0.106484997058 163 0.071455229881 164 0.125517861423 165 0.121822769173 178 0.073644792664 195 0.137184296820 196 0.131570783440 -1 0
149 151 0.142852494129 157 0.057821548453 182 0.119872066528 209 0.090831267233 -1 0
150 154 0.125413189150 163 0.076785193130 164 0.092071326344 178 0.060907988510 207 0.137743488114 -1 0
151 157 0.103966155016 182 0.024040732582 201 0.133447157865 -1 0
152 171 0.091875959758 173 0.084828513671 191 0.132115565532 192 0.076339503878 199 0.054076610387 208 0.115176769748 -1 0
153 158 0.135712429303 180 0.128394994617 189 0.079777260300 -1 0
154 164 0.141556633463 170 0.098735053923 195 0.057580251540 -1 0
155 160 0.093760118643 167 0.096767011480 169 0.118817361841 203 0.128962286398 -1 0
156 158 0.093105371080 161 0.101106157039 177 0.072132969789 180 0.135500850520 -1 0
157 169 0.132963392107 182 0.085637753944 209 0.121671242360 -1 0
158 161 0.121282216301 177 0.043996375787 180 0.087074237763 -1 0
159 -1 0
160 167 0.049986478172 -1 0
161 162 0.112875023334 170 0.065219643474 177 0.077616594853 179 0.069662996970 187 0.116272076300 -1 0
162 170 0.107510241220 179 0.044785252827 183 0.097290505971 187 0.045681042062 -1 0
163 165 0.126684624070 175 0.146119367933 178 0.030889968643 196 0.115448585512 197 0.098540758926 207 0.135621978564 -1 0
164 178 0.142797777413 -1 0
165 176 0.051450306650 196 0.036494424067 -1 0
166 180 0.109146543289 -1 0
167 205 0.104157957328 -1 0
168 190 0.124035670738 193 0.036470379978 198 0.075934578600 -1 0
169 203 0.081168286446 -1 0
170 177 0.142738494452 179 0.083061634777 187 0.134569129630 195 0.092675481811 -1 0
171 173 0.120991894104 188 0.127100571825 191 0.112738067883 192 0.050554497106 199 0.143529107479 208 0.062714988816 -1 0
172 173 0.097038310473 191 0.048987988035 192 0.117722090257 201 0.082886789090 208 0.101609322270 -1 0
173 191 0.071341982719 192 0.072245620586 199 0.118512711335 208 0.093938513992 -1 0
174 190 0.142589284055 -1 0
175 178 0.145460947436 197 0.076319931003 207 0.132682554853 -1 0
176 196 0.055812156128 204 0.117322057822 -1 0
177 179 0.112776157589 180 0.126043546994 187 0.133437884389 -1 0
178 196 0.145787697412 197 0.113559669099 207 0.108903069021 -1 0
179 183 0.104011612804 187 0.052427763121 -1 0
180 -1 0
181 206 0.131134342104 -1 0
182 201 0.124571050425 -1 0
183 187 0.054419748988 189 0.111669140721 209 0.122411551396 -1 0
184 186 0.095507891686 -1 0
185 194 0.096638998618 -1 0
186 -1 0
187 -1 0
188 202 0.105032763769 -1 0
189 209 0.102291113756 -1 0
190 193 0.130889578647 198 0.094469219751 -1 0
191 192 0.069388676841 201 0.121280936860 208 0.054461921930 -1 0
192 199 0.129754049783 208 0.038845990519 -1 0
193 198 0.107102454498 -1 0
194 203 0.106581868441 -1 0
195 -1 0
196 197 0.139136080571 -1 0
197 -1 0
198 -1 0
199 -1 0
200 -1 0
201 206 0.139298271534 -1 0
202 -1 0
203 -1 0
204 -1 0
205 -1 0
206 -1 0
207 -1 0
208 -1 0
209 -1 0
