0.000000
1.000000
506
23
0.093100
0.000000
0.025285178795 0.610196705908
0.699065186083 0.818194441497
0.015921558719 0.711169025861
0.555721672717 0.742755179293
0.121523479000 0.192148816306
0.835682766046 0.340888108592
0.961205644533 0.113672776613
0.752420727629 0.309997873846
0.311564925127 0.774673284031
0.400457172655 0.888435465749
0.138138446491 0.544590735808
0.823431290220 0.000524775591
0.609630965162 0.933761121705
0.915199960116 0.386512837838
0.330617730506 0.262167771347
0.763257484883 0.355902909301
0.872364477254 0.462322671432
0.174097350799 0.888286036439
0.173491697293 0.729819023516
0.631041215733 0.295015176758
0.921967839822 0.466723982245
0.635903285351 0.883173484355
0.580396758858 0.388324012980
0 30 0.066966308349  34 0.019758743250  62 0.093006180439  64 0.066342106322  202 0.040668899092  324 0.085936737763  360 0.084046323462  401 0.043588521877  434 0.080554672822  -1 0
1 23 0.061313599536  103 0.064052061658  116 0.055114110370  126 0.046903938926  165 0.086286776469  205 0.057980457851  354 0.085021427466  356 0.064118766940  422 0.056007625779  449 0.014115237206  478 0.063531528362  491 0.039112178829  492 0.069809104622  -1 0
2 30 0.037635536247  34 0.088458065219  64 0.064828726257  74 0.047304228139  112 0.052460048116  163 0.062755505658  265 0.062344304706  358 0.085484827598  401 0.075647790378  406 0.084971282672  -1 0
3 20 0.051533562189  63 0.012427426871  88 0.083542748000  138 0.056427714503  172 0.058918477959  190 0.071497936137  244 0.080451525843  254 0.081132821435  276 0.067922649648  284 0.043618842568  443 0.080799111202  -1 0
4 45 0.085207359423  47 0.087633475703  81 0.090461413021  107 0.035201215498  118 0.051958169877  129 0.005418392626  147 0.091849471293  187 0.032906280597  274 0.058449883171  476 0.071203681936  499 0.051307413826  -1 0
5 2 0.068093684738  27 0.062478263857  29 0.013743999350  54 0.080923330452  58 0.077436730204  140 0.056857917080  145 0.073337554875  242 0.064734479014  273 0.088758986746  282 0.078903454642  361 0.041544628555  378 0.091052871154  383 0.018317984005  394 0.057495922074  456 0.084077718695  -1 0
6 227 0.090032452051  280 0.080196586810  295 0.075890470060  325 0.081403852902  329 0.015641069306  366 0.065400499812  466 0.040612396657  500 0.049910266967  -1 0
7 2 0.029346508277  27 0.055211278099  29 0.075479063912  54 0.077699327996  68 0.093033316478  307 0.087202976974  344 0.066202943961  441 0.072727153172  448 0.053953015062  -1 0
8 4 0.028593239822  18 0.083678348132  44 0.082847713843  56 0.045710717078  71 0.032887891398  82 0.052872000217  94 0.079181476794  136 0.087927891246  153 0.092043198651  177 0.077958224107  182 0.069156478913  196 0.060362161931  211 0.084902498438  217 0.088899877137  288 0.031293230229  298 0.077585720319  326 0.037645680986  411 0.062162355514  412 0.036389221633  417 0.081434401210  458 0.083786586062  -1 0
9 7 0.079106132690  18 0.088947973888  31 0.075722030942  37 0.070361638284  55 0.059861733751  66 0.016052487597  82 0.092602635292  86 0.038659142792  98 0.016762781646  117 0.025295912899  146 0.065233238817  148 0.019237805079  161 0.027138206331  167 0.020349967009  184 0.062727365404  211 0.086429631167  299 0.056856524534  330 0.072585057326  332 0.092360493111  355 0.082014339128  369 0.043412777043  496 0.039361679807  -1 0
10 1 0.054978794024  3 0.059237759280  19 0.092638702185  286 0.075337611660  306 0.046477380436  321 0.067791487657  324 0.071368849920  360 0.049601959451  403 0.090471470280  431 0.087584155244  434 0.051302266464  445 0.019354867592  457 0.084252319851  465 0.076885784125  505 0.016223206048  -1 0
11 12 0.049723574715  16 0.020378090751  38 0.050800188115  75 0.060975946379  78 0.082392091104  83 0.091288330788  120 0.092612334241  199 0.025597635724  225 0.038487661419  249 0.037474202984  334 0.082245834381  345 0.084957035176  495 0.072442298866  -1 0
12 24 0.085273943775  156 0.084061311239  198 0.075964542127  210 0.050421053988  243 0.063833191957  322 0.073562400305  442 0.012582424736  455 0.088821692242  482 0.027154821358  486 0.061283155064  -1 0
13 58 0.090234803410  110 0.084993049048  140 0.074195543857  145 0.029132225386  238 0.046240195613  239 0.033463774975  257 0.034901645248  270 0.027868133025  282 0.040696502903  302 0.028809729316  361 0.068645842370  374 0.040249630152  383 0.074881057823  394 0.068101271762  426 0.026935311566  451 0.062372752279  456 0.052528342851  504 0.025935557221  -1 0
14 183 0.031586265372  195 0.065404650335  357 0.086974460867  395 0.074288513347  396 0.085445772453  419 0.082665200108  437 0.089247682934  440 0.057314543591  -1 0
15 2 0.057386501556  27 0.013484061901  29 0.064990538082  39 0.089128814183  113 0.085147291056  206 0.054880460055  339 0.087755041016  344 0.063136393409  361 0.087191453223  378 0.048663587304  383 0.083964378032  463 0.069118462534  464 0.064648829682  -1 0
16 110 0.009424100914  113 0.075846601677  132 0.018330752459  145 0.070449161872  200 0.059619603705  238 0.093015873500  253 0.061679113164  255 0.032120236391  282 0.056416183146  285 0.042102676029  290 0.087023049833  291 0.080176973238  302 0.058280293874  339 0.079871366007  361 0.085325427817  371 0.068331655421  374 0.046866168013  392 0.066039976578  426 0.092814612885  450 0.078182367757  456 0.045686064000  460 0.052671607693  498 0.041778847727  -1 0
17 0 0.019424936121  6 0.044519310564  11 0.049306008647  25 0.051012769467  152 0.073264494748  215 0.042485595161  221 0.029452540661  222 0.090131101838  353 0.068875386630  368 0.031294678228  391 0.055360596037  423 0.055443350932  477 0.015290109932  488 0.055688726534  -1 0
18 44 0.065230940103  49 0.068072417332  50 0.013653722354  52 0.069857917593  122 0.025301168154  142 0.050731995305  143 0.071839203310  152 0.088649164227  153 0.059267118227  294 0.051082935898  340 0.010754713779  358 0.077363344411  382 0.022079347758  406 0.091434654133  -1 0
19 22 0.036724264588  68 0.085983148753  134 0.041615851707  203 0.078259007668  307 0.037447324910  308 0.060005869988  312 0.017503777597  344 0.088979670415  365 0.023590750922  384 0.014592158824  405 0.029062834912  429 0.055145927355  446 0.066137627196  448 0.089252546271  -1 0
20 110 0.057319773673  132 0.067736840020  141 0.074847646353  145 0.081293825256  200 0.034352545123  238 0.060372830458  239 0.085572186029  255 0.027133111624  282 0.073681041633  285 0.048685128784  290 0.042493525279  291 0.043767527230  302 0.058389955119  374 0.051264755291  392 0.022911749548  426 0.070723252579  430 0.091436589181  456 0.070631003317  498 0.091255542867  -1 0
21 23 0.059276269060  126 0.078639447339  156 0.091674465826  210 0.053800581961  244 0.085536496271  322 0.069411098492  354 0.078879675604  422 0.060422214232  442 0.068738992504  455 0.089321937286  478 0.055084787214  482 0.039112555060  491 0.083880692336  -1 0
22 22 0.076473341070  26 0.062101245656  134 0.068062875969  154 0.075582354861  160 0.056591334141  169 0.074450318394  203 0.061693316551  248 0.050830022898  342 0.092892534319  405 0.088261716363  429 0.051993666639  432 0.092521879958  453 0.057380729356  -1 0
0 6 0.063424647058 11 0.068520452742 25 0.031949344808 152 0.075165476692 215 0.029569917441 221 0.020623528686 222 0.079709163019 353 0.088238702796 368 0.012419478509 391 0.074407716510 402 0.083959203667 423 0.061709892901 477 0.029492029711 488 0.075022978260 -1 0
1 3 0.026795315083 19 0.039749849242 97 0.060374559633 125 0.038366329769 286 0.022711409048 304 0.052985664412 306 0.046263939780 321 0.068336947766 324 0.054514991567 360 0.081855164638 428 0.054711569424 434 0.079570097383 445 0.063147032914 465 0.047624149276 505 0.044712090839 -1 0
2 27 0.058866753938 29 0.054364331317 54 0.051055058279 242 0.068281989303 273 0.070431762488 383 0.085901734039 441 0.082784845702 448 0.071137284638 -1 0
3 19 0.057697639105 97 0.041054490684 125 0.046761465229 286 0.026230889844 294 0.082388687457 304 0.072202690514 306 0.027354070623 321 0.092713042912 324 0.027856700769 360 0.067505188204 428 0.070710596250 434 0.063803625270 445 0.073789215028 465 0.074405650213 505 0.055992996795 -1 0
4 44 0.064360897959 56 0.044946518969 71 0.045306091665 82 0.079403990194 143 0.090172028396 153 0.071980948819 177 0.063580269351 196 0.033614852603 288 0.050144803108 298 0.082770825653 326 0.052973178347 411 0.090477405101 412 0.064681556623 458 0.072836945082 -1 0
5 65 0.044517675846 77 0.031847839557 164 0.091250670188 173 0.072240255164 234 0.064198652280 237 0.076356698761 256 0.084539296376 269 0.068422013445 300 0.068651731553 303 0.026709028592 308 0.079056879714 342 0.089899107050 352 0.074378750659 372 0.059639249561 400 0.077137195726 503 0.050515808466 -1 0
6 11 0.006816505361 152 0.075981237808 215 0.085452626676 220 0.067648674779 221 0.064452847298 264 0.075623752835 353 0.031673434476 368 0.075660704316 391 0.027157909837 423 0.074855102059 477 0.036191703176 488 0.013868267865 -1 0
7 31 0.059612717883 53 0.085461587543 55 0.082283724364 66 0.071375389163 98 0.089392531469 117 0.061253906557 148 0.084414827514 159 0.090013135055 184 0.035220837976 322 0.091298112621 369 0.048729020047 443 0.092340052453 496 0.045986484864 -1 0
8 135 0.054032672897 144 0.085432468205 150 0.049289876129 178 0.077575100610 316 0.075265526269 385 0.089354500210 414 0.092202442890 419 0.074874750914 427 0.081462517064 439 0.091773803325 -1 0
9 13 0.069867647077 36 0.065022859033 61 0.067846234281 105 0.082716339297 144 0.065995226066 241 0.077477274721 247 0.033135611357 260 0.045161252874 346 0.091285046304 348 0.075525354881 404 0.063367147603 413 0.081777216931 419 0.086515351721 438 0.028417891665 468 0.037406828756 -1 0
10 96 0.072838084259 123 0.033055448835 175 0.059302800161 261 0.078222461115 304 0.093044208023 321 0.034580743413 338 0.092777097702 346 0.091238507635 388 0.044135132160 403 0.032336414376 433 0.055173887903 445 0.087405260373 457 0.070095715721 465 0.054253052507 480 0.078442854572 505 0.087793720273 -1 0
11 152 0.082385282946 215 0.089152629774 220 0.068305399467 221 0.070685454136 264 0.072156564617 353 0.024868684664 368 0.080594436098 391 0.021788710023 423 0.074470889680 477 0.042229846274 488 0.007153464138 -1 0
12 15 0.080096797942 16 0.039058670689 38 0.057974141516 75 0.012651719389 78 0.065324965643 83 0.084851673068 120 0.075642586434 199 0.037631888056 207 0.066234456622 225 0.052664266412 227 0.059572042617 249 0.044860941627 295 0.073307763195 334 0.055665788721 345 0.074251986502 435 0.087765048867 495 0.075714430740 -1 0
13 36 0.019675173421 41 0.088018093613 51 0.092849148760 61 0.073162234912 105 0.082850373405 175 0.082282204705 241 0.064004018933 247 0.058132692762 260 0.069636939703 275 0.072187613645 346 0.046968039974 351 0.072950675593 385 0.075888641959 404 0.079111338643 433 0.075713308541 438 0.042650110265 468 0.042217415940 479 0.068663384085 480 0.042233211151 484 0.072592174936 -1 0
14 174 0.079616118111 287 0.087271671761 296 0.081845289736 364 0.075678209575 424 0.054084179693 467 0.048244856130 471 0.056518081597 -1 0
15 75 0.068221482987 227 0.045510067284 295 0.049484090888 323 0.059672911464 349 0.080911452589 435 0.032547171040 -1 0
16 38 0.032945038071 75 0.051625443750 78 0.062104336142 83 0.072300282598 120 0.072422669740 199 0.005219548577 207 0.076571834508 225 0.021601423826 249 0.018079360869 334 0.062036245073 345 0.065221832595 495 0.084952124497 -1 0
17 48 0.048005950418 67 0.042053507149 91 0.081653626770 193 0.051913976076 197 0.040183581674 216 0.072173012235 235 0.064775088320 331 0.016233232470 337 0.031664796378 367 0.082277954910 501 0.084284923367 -1 0
18 82 0.058365390138 86 0.060229956364 94 0.041971452043 98 0.077670349606 146 0.079185433541 148 0.092241199012 161 0.062675833075 167 0.069227408248 182 0.031694536659 211 0.002527248131 288 0.067771326747 326 0.071236650795 330 0.088142686664 355 0.032795859490 402 0.077852151508 411 0.023253713313 412 0.054207204628 459 0.084263466537 -1 0
19 97 0.069207834186 125 0.019629737218 143 0.080964950847 261 0.074414743569 286 0.032793410790 294 0.081542002858 304 0.014541100322 306 0.083217831105 321 0.078997754155 324 0.083172374836 428 0.015143334424 465 0.043407831559 505 0.079636199429 -1 0
20 35 0.090421597443 63 0.055038811982 88 0.039091675220 126 0.088774142836 138 0.080955728012 172 0.053519793967 190 0.044010354364 205 0.069467961822 244 0.092637752697 272 0.090967048993 276 0.076603280044 284 0.070807013914 347 0.083409746057 356 0.068267050244 454 0.078808092777 491 0.091711077864 -1 0
21 43 0.077252886637 72 0.039230195507 89 0.089959136365 93 0.069541024777 127 0.067613910798 171 0.065645020596 309 0.057571984054 311 0.063263636137 318 0.061584817839 359 0.065508227640 370 0.036525272271 393 0.060547415647 474 0.024547332807 -1 0
22 26 0.077229577495 134 0.032426361052 203 0.070927720867 256 0.078001821528 300 0.071807699646 307 0.072841262364 308 0.078129398105 312 0.053282679671 342 0.064308901656 365 0.054556707217 384 0.042594725904 405 0.040602588659 429 0.025301748512 453 0.091681669360 -1 0
23 126 0.023357048216 172 0.056684523208 205 0.044366950063 210 0.087046524048 244 0.059903548253 284 0.086012630292 322 0.086612827635 356 0.034163705159 422 0.076394983748 449 0.071164456784 478 0.077985570584 491 0.031942638676 -1 0
24 156 0.047969860821 191 0.092012030133 442 0.076943754527 455 0.059042336372 482 0.082015788442 494 0.066776293748 -1 0
25 94 0.080853628888 215 0.024715245217 221 0.040756279034 222 0.063633761614 368 0.019718756472 402 0.052150255208 423 0.075865715508 459 0.078985204199 477 0.060997491555 -1 0
26 154 0.033709008790 160 0.041554040755 164 0.062083398026 173 0.088035845904 248 0.076613008794 256 0.050694933030 300 0.064801980520 342 0.043663956037 429 0.068054439780 453 0.019648501302 -1 0
27 29 0.054882810189 39 0.083562266195 113 0.076204786125 206 0.053410442681 339 0.079891175716 344 0.076359766576 361 0.073707675181 371 0.088077755100 378 0.044638302581 383 0.071224355561 463 0.077124967221 464 0.065789857641 -1 0
28 42 0.048339881668 59 0.037242549913 192 0.079045596235 213 0.073865003728 226 0.070303057846 259 0.085861244837 278 0.078200256937 350 0.042695216832 357 0.080977172036 410 0.057010443347 472 0.056567622299 -1 0
29 54 0.071168922319 58 0.083695729453 140 0.065284191692 145 0.086812882707 242 0.060035027008 273 0.081376569785 282 0.091732153754 361 0.052675888526 378 0.089046962994 383 0.031691635358 394 0.066942441797 -1 0
30 34 0.051809687215 64 0.032550809379 74 0.080423155084 112 0.082100477095 163 0.061286189692 265 0.047947556031 358 0.090207112359 401 0.038204772487 -1 0
31 55 0.034046485821 66 0.080397727244 98 0.074067603976 117 0.050711452558 136 0.078458235811 148 0.092086822316 161 0.088529757838 167 0.091070432900 184 0.080895886421 217 0.086675522400 254 0.061492086183 297 0.086467755400 369 0.079143885254 417 0.085046995510 443 0.062458080962 473 0.037310759162 496 0.071844151593 -1 0
32 68 0.057509336225 111 0.066727153545 119 0.054126544903 124 0.073183916557 158 0.021300858009 166 0.047773830047 180 0.040834235561 268 0.072447095495 305 0.049031416415 333 0.046545153909 400 0.082622514206 409 0.054956378382 421 0.055399449187 441 0.070849422611 446 0.064876946101 -1 0
33 70 0.069823391300 108 0.079143157120 410 0.052068582566 416 0.087395346146 487 0.011610172116 -1 0
34 64 0.046730420684 202 0.051516140372 265 0.078932644512 306 0.088701781154 324 0.074867712471 360 0.086419366814 401 0.023844720606 434 0.082012587086 -1 0
35 88 0.054424915470 91 0.090106748430 128 0.081490986753 190 0.051256577617 250 0.066370506842 251 0.027050673548 272 0.055630453339 276 0.079507416438 331 0.092657670235 347 0.017297010364 373 0.009354338221 454 0.022916433918 490 0.092566977329 501 0.085052585869 -1 0
36 41 0.088875156253 51 0.079966666927 61 0.053995488797 105 0.063206414001 241 0.044362994014 247 0.044770438938 260 0.077267962878 275 0.053801116807 346 0.066373780369 351 0.055566583587 385 0.093061749474 404 0.060688793358 438 0.036689481773 468 0.030239495090 479 0.086603280965 480 0.060933546408 484 0.071074693329 -1 0
37 66 0.059117231935 86 0.063548165749 98 0.083922610392 117 0.090000554284 146 0.043426656481 148 0.051154949632 161 0.083138795859 167 0.071175000901 184 0.077595730479 267 0.067786932383 299 0.017704534512 320 0.045621241345 330 0.038681274592 332 0.025692709564 369 0.064294982280 375 0.059704185384 377 0.040058787530 459 0.092424267168 496 0.069670924549 -1 0
38 75 0.069623610976 78 0.037508146432 83 0.040743969108 120 0.045854020714 133 0.083420591784 199 0.028918127843 207 0.059262044396 225 0.012374977834 249 0.015514415563 334 0.045176343387 345 0.036046865944 -1 0
39 80 0.058442189628 99 0.091836752793 110 0.085782508010 113 0.025521999023 132 0.076589194427 185 0.086419596398 206 0.038854214177 253 0.090149117550 271 0.056306376969 339 0.016918478927 361 0.090754212905 371 0.026193364498 378 0.040638735515 460 0.041570495216 463 0.081509601000 464 0.043405558505 498 0.054663683604 -1 0
40 263 0.051745978619 277 0.090835251712 386 0.076399877828 470 0.079542476466 502 0.068254790059 -1 0
41 46 0.064090014187 51 0.064632775843 57 0.077039549559 96 0.063203887848 123 0.079363511091 137 0.082176744113 162 0.047291440031 176 0.089984573857 188 0.058524913606 224 0.088946618275 275 0.090807486967 338 0.027973523883 343 0.083496910598 351 0.083955711541 480 0.085060564009 484 0.019308479530 -1 0
42 59 0.023436693136 87 0.053357497340 106 0.064891772266 192 0.036164215795 229 0.084121817232 246 0.063309845555 259 0.041320518515 278 0.031291820914 317 0.085237055265 319 0.082218673175 350 0.091034658756 357 0.052681721950 380 0.064181184474 395 0.065571118337 410 0.093085511030 472 0.093048282985 -1 0
43 79 0.083071112059 93 0.054884489813 157 0.065771527359 223 0.046244142319 240 0.083589061093 310 0.083845773782 311 0.074737521064 318 0.089280966112 393 0.056563984373 415 0.042298174697 474 0.052767413174 -1 0
44 50 0.070734223141 52 0.065159946231 56 0.047924944474 122 0.044323984770 143 0.046552103047 153 0.010254082415 196 0.039427243578 288 0.078982647919 326 0.074291206451 340 0.060093220237 382 0.087310282879 -1 0
45 84 0.080340409994 102 0.062056124283 107 0.058866894938 129 0.080993594685 139 0.061476210273 214 0.092301639369 228 0.041536419463 231 0.050821098194 281 0.076497486115 414 0.073953072338 439 0.075915453394 452 0.092101984004 481 0.076571439981 499 0.083696722327 -1 0
46 51 0.021768619541 57 0.077365336374 105 0.091308103255 137 0.046582280749 176 0.091113540645 201 0.080623842603 224 0.038751989139 241 0.083434835171 275 0.064213265991 338 0.089334060757 343 0.082116758133 351 0.056712528410 379 0.089387136825 397 0.073189961970 461 0.082177728048 484 0.056808069483 -1 0
47 81 0.061185728508 118 0.073541530593 129 0.093015736071 187 0.054835064109 204 0.077238832000 245 0.038321015164 274 0.076024601365 277 0.048094191303 386 0.082107748817 470 0.080728318358 499 0.092145061928 502 0.072454016048 -1 0
48 67 0.076525942331 193 0.031314230129 197 0.045885072536 235 0.074997734359 271 0.078798068857 331 0.053034271920 337 0.074121905655 367 0.067892805030 462 0.078494384860 501 0.086390324228 -1 0
49 50 0.057673332807 74 0.087825539861 112 0.076565197522 122 0.082852318386 131 0.090350130065 142 0.047019325119 152 0.092576552554 163 0.059711992043 220 0.040503133463 264 0.073425404901 265 0.079216154050 294 0.084937594369 340 0.068483745687 358 0.030388362466 382 0.051608695342 406 0.028417890592 -1 0
50 52 0.062142072850 122 0.026802053553 142 0.050236157527 143 0.083701169221 152 0.077786070706 153 0.066411295250 220 0.083243780122 294 0.060176237203 340 0.010858458721 358 0.071411240659 382 0.022004503795 406 0.082976848545 -1 0
51 61 0.079254395087 105 0.070868813724 137 0.068319014922 201 0.068050131783 224 0.059733162919 241 0.061797897485 275 0.042799019393 338 0.092246826480 341 0.091569755145 351 0.035146970062 397 0.086063518285 404 0.089624386988 461 0.073006956493 484 0.051394404960 -1 0
52 56 0.062672338817 94 0.089289710588 122 0.049636648466 152 0.029175810895 153 0.070183309238 221 0.080469527745 288 0.083636913425 326 0.075621750988 340 0.059103415275 382 0.083812926338 477 0.088922561591 -1 0
53 95 0.047884971702 159 0.022142606222 184 0.067453117985 198 0.085012696565 243 0.072968259502 299 0.092543744702 320 0.059047870886 369 0.082434851238 375 0.046089932429 486 0.079096246637 496 0.088506334738 -1 0
54 58 0.092452729113 124 0.082391841089 140 0.091573597197 242 0.033008288280 273 0.019963127084 323 0.083126637835 349 0.070295976984 -1 0
55 66 0.070705732861 82 0.079546485087 86 0.089228077996 98 0.051304589005 117 0.040991968419 136 0.050148769980 148 0.078899567777 161 0.062898595279 167 0.069003290677 184 0.091588875703 217 0.062111357425 254 0.077677504672 297 0.077986647516 369 0.081990693327 417 0.056129423243 443 0.091529163017 473 0.037233045615 496 0.074459092975 -1 0
56 71 0.077930845553 82 0.091734690294 94 0.071582757709 122 0.077744691527 143 0.091660529330 152 0.086310477897 153 0.058178354553 182 0.069994655028 196 0.050652039499 288 0.031506560527 326 0.026366304683 411 0.083409595417 412 0.071584169227 -1 0
57 73 0.078575403619 137 0.043280648979 151 0.023895388987 162 0.071234782968 176 0.014489193533 188 0.059263575088 224 0.061876643199 266 0.070427721306 283 0.079397307321 338 0.079066243543 343 0.006476868210 379 0.054739913166 458 0.092425653874 484 0.089598612652 -1 0
58 92 0.086817377541 140 0.023537109303 242 0.059502940233 257 0.082667461407 270 0.087708622837 273 0.082382863638 376 0.080252865654 381 0.034933273865 383 0.077994648209 394 0.027235105437 451 0.055532447708 504 0.080533826110 -1 0
59 87 0.062928787303 106 0.083654463297 192 0.059503394776 213 0.069834019066 246 0.085608292303 259 0.050206732644 278 0.053323668318 350 0.077607799222 357 0.044861442195 380 0.087555274274 395 0.061786913968 410 0.091598277510 472 0.071234800986 -1 0
60 62 0.066553942603 155 0.065239925477 233 0.091415292638 289 0.055704245344 328 0.085875513732 336 0.016587461536 362 0.033950637536 363 0.013320240650 425 0.079692833161 431 0.055196562619 485 0.022223341640 -1 0
61 105 0.014924918651 181 0.056837834548 201 0.061224631902 241 0.019019113574 247 0.035386393954 275 0.036464619305 341 0.064679348894 348 0.075363141708 351 0.044228580512 404 0.010704266869 438 0.054728722506 461 0.075298880683 468 0.042095362313 -1 0
62 202 0.067608437691 336 0.079845985757 360 0.092521508061 362 0.033389356413 363 0.079685957034 431 0.092997472634 485 0.066143270590 -1 0
63 88 0.082334111872 138 0.044019284068 172 0.070550008544 190 0.066605439267 244 0.092818541368 254 0.084207775393 276 0.056533756532 284 0.055685952768 443 0.088924625890 -1 0
64 97 0.071096146354 142 0.081312462501 163 0.053296228624 202 0.092743323373 265 0.032280845084 294 0.088220690394 324 0.073712055420 358 0.081451045854 401 0.023095086343 -1 0
65 77 0.013931839064 164 0.068602734403 173 0.042231412666 189 0.081114786924 213 0.083456172257 234 0.038324002300 237 0.036800238514 256 0.075596429415 269 0.025655365743 300 0.067832037271 303 0.053978130942 342 0.087003521600 372 0.086619635490 396 0.089044689187 503 0.088253138842 -1 0
66 86 0.045397323545 98 0.032814427826 117 0.030928160833 146 0.063793523922 148 0.013390837606 161 0.041759457425 167 0.032302205870 184 0.049552930633 299 0.043748625821 320 0.079750103756 330 0.069329677684 332 0.082983754467 355 0.090121829912 369 0.029330429674 375 0.088511306623 496 0.027128201858 -1 0
67 91 0.071545135124 127 0.085178307879 193 0.091298665382 197 0.082226546301 216 0.052456499550 235 0.038260210598 331 0.056099937367 337 0.016284962001 367 0.071718201099 475 0.069539021496 -1 0
68 119 0.092523052693 124 0.079133962296 158 0.071809753854 180 0.085193198764 305 0.089777491626 307 0.057889497297 308 0.080702886319 312 0.072034112971 333 0.052975179496 365 0.077894136890 384 0.081104972998 441 0.026035478954 446 0.028885438116 448 0.039275248285 -1 0
69 85 0.057543891983 114 0.039402466347 128 0.088497362927 169 0.056112351982 186 0.048715344092 208 0.089639163952 230 0.072421423332 250 0.073486701272 258 0.024008685139 293 0.030897558637 432 0.049911492513 490 0.047162198561 501 0.068051653411 -1 0
70 226 0.089728863152 252 0.079161055328 313 0.059187948378 410 0.088248792863 416 0.025594713325 487 0.080418518232 -1 0
71 73 0.079939667175 82 0.045235611385 136 0.060838725985 177 0.059155026071 179 0.092037216641 182 0.091454419883 196 0.077942738906 217 0.058437822027 288 0.062231924220 298 0.044873518544 326 0.069459289942 411 0.072806504731 412 0.041885276273 417 0.054131138481 458 0.060635658843 -1 0
72 103 0.071305894085 127 0.038736967643 165 0.063333074472 171 0.073989092111 309 0.036053374243 311 0.090963824017 318 0.082417303671 359 0.067845458254 370 0.023290370408 393 0.089688734128 474 0.063542225626 475 0.071152386008 -1 0
73 90 0.070691219681 151 0.058379547231 176 0.064088467540 177 0.035662543266 179 0.044710165233 217 0.081907640235 266 0.019851760855 297 0.080344591240 298 0.050451981963 301 0.061877295704 343 0.072772566348 379 0.085584974786 458 0.024468964479 -1 0
74 112 0.011284383802 131 0.064063055551 163 0.065880613917 264 0.081274967366 265 0.079572956019 358 0.072060745161 406 0.059700441906 -1 0
75 78 0.072472919704 120 0.082244565622 199 0.050283581814 207 0.069179283357 225 0.065026096589 227 0.047511627494 249 0.057130907457 295 0.061462389401 334 0.060762683015 345 0.082381433889 435 0.078543269738 495 0.075174869160 -1 0
76 100 0.002890925801 107 0.090899264758 147 0.039881640799 183 0.092813067631 195 0.053002876062 335 0.054651772785 427 0.028005222288 437 0.074139319592 476 0.039821484109 -1 0
77 164 0.077630379319 173 0.052765023075 213 0.088721933752 234 0.038629610435 237 0.045234422247 256 0.080523823864 269 0.039535723949 300 0.069839501609 303 0.040276220783 342 0.090375895875 352 0.091329497818 372 0.073608896546 503 0.074340156950 -1 0
78 83 0.023133729939 120 0.010759518780 133 0.080604920611 199 0.056919126953 207 0.024835797645 225 0.047902774395 249 0.045507282773 334 0.015897214952 345 0.011838411821 409 0.087083015981 -1 0
79 115 0.083562403897 157 0.020560776787 223 0.092206049830 287 0.016862141794 415 0.078649205091 424 0.056891466643 -1 0
80 99 0.034288419803 113 0.082390730123 185 0.029306810920 206 0.052494207489 271 0.017077773439 339 0.074779174857 371 0.084620432185 378 0.064571572969 462 0.047261296140 463 0.047977619050 464 0.037520278028 493 0.046561056649 -1 0
81 187 0.066925734360 245 0.025546269035 263 0.080569624534 277 0.075701187369 386 0.056578078794 499 0.059308428801 502 0.067012766748 -1 0
82 86 0.087480131142 94 0.081742603988 98 0.075957481437 136 0.050023991732 161 0.069049892623 167 0.081037045478 182 0.067074784842 211 0.057954817315 217 0.059591997375 288 0.063035074209 298 0.071110055867 326 0.070848229840 355 0.086567292779 411 0.037315925292 412 0.020499751445 417 0.045642559255 -1 0
83 120 0.019168503170 133 0.057471827926 199 0.067570184770 207 0.044532792009 225 0.053100095208 249 0.054235155958 334 0.038906969403 345 0.011466616012 409 0.091924544731 -1 0
84 155 0.057532860164 228 0.076402718933 231 0.073508388780 233 0.028356506374 279 0.087786224959 281 0.042465616176 328 0.067585732557 414 0.089332957887 425 0.058061447592 439 0.088535761134 -1 0
85 128 0.045519841681 186 0.009387211605 208 0.090195433890 230 0.078335219522 250 0.074270947770 258 0.057587625844 293 0.056452125047 397 0.073771623353 432 0.069779685486 436 0.084481734958 490 0.061087534316 501 0.088325765706 -1 0
86 98 0.038355850476 117 0.063154171927 146 0.035228895823 148 0.033803109320 161 0.027320445412 167 0.020799693206 182 0.091794570430 211 0.057800093949 267 0.080557607839 299 0.059369711945 330 0.044990294539 332 0.076534401635 355 0.044726935399 369 0.073636713757 411 0.073096923075 459 0.081010785715 496 0.072455151114 -1 0
87 106 0.036608270464 183 0.078944899970 192 0.053400143446 229 0.062647078200 246 0.055493031607 259 0.012766027895 278 0.041353240215 317 0.046935914860 335 0.077145402307 357 0.040689217201 380 0.069705534085 395 0.035406144912 437 0.054177779121 440 0.050630734384 -1 0
88 91 0.091121112900 138 0.090001986281 172 0.090931576809 190 0.027021225085 205 0.088327959664 251 0.077479170526 272 0.055203730129 276 0.075547867339 347 0.044871915752 356 0.092909348887 373 0.059583829497 454 0.039910923433 -1 0
89 93 0.059624256663 109 0.074364547523 127 0.079524926871 171 0.024527710745 310 0.067278061640 387 0.078303241218 390 0.053675485502 393 0.056814305421 399 0.070370560226 418 0.080295530469 474 0.089737137018 -1 0
90 138 0.081526685397 151 0.079481829899 176 0.092011985543 179 0.041632711450 262 0.070140776329 266 0.053804468880 297 0.065676180705 298 0.089249791786 301 0.008878126703 379 0.064406694753 -1 0
91 127 0.077490127116 165 0.071614331459 216 0.022453862086 272 0.038201183033 331 0.081470687780 337 0.061537446339 347 0.074796662265 454 0.071966593649 475 0.032666433266 -1 0
92 280 0.028260128737 349 0.082040981434 376 0.075159270079 381 0.075121826470 466 0.068451713265 -1 0
93 109 0.080188359950 171 0.050648951214 223 0.067902610350 310 0.043454935280 390 0.053892555257 393 0.009624150972 399 0.082352537961 415 0.075286947584 474 0.053189591421 -1 0
94 152 0.091073711780 182 0.014729464321 211 0.044478729345 221 0.082337518604 288 0.050907367814 326 0.049339492151 355 0.061516496554 368 0.090241461869 402 0.076035205678 411 0.047356876548 412 0.067057583836 -1 0
95 159 0.027520277079 198 0.039121291006 243 0.047703703134 375 0.091876417914 486 0.044268321724 -1 0
96 123 0.042207530388 162 0.028508692192 188 0.042127209715 261 0.035473303146 283 0.059858883076 338 0.035508073597 465 0.085963653644 484 0.079769176307 -1 0
97 125 0.050102091642 142 0.073994607426 163 0.088499633075 265 0.073746433341 286 0.042038481538 294 0.045438015542 304 0.081922804752 306 0.059138239909 324 0.038081856152 382 0.086613478490 401 0.077729356127 428 0.075565324120 434 0.091007888520 -1 0
98 117 0.029106155197 136 0.080149543277 146 0.070922514790 148 0.033551352387 161 0.015534938324 167 0.017751537390 184 0.077550292484 211 0.075213127191 299 0.071926425672 330 0.079587516447 355 0.076516169659 369 0.059128266877 411 0.079457272586 412 0.092107443082 417 0.083006831940 473 0.088525023839 496 0.054209450763 -1 0
99 114 0.076897783421 169 0.077388562237 185 0.005616582933 203 0.083646637074 206 0.076739695253 271 0.045712117854 344 0.090431745477 378 0.088915581532 462 0.035576154157 463 0.045110073823 464 0.060783879891 493 0.021281006588 -1 0
100 107 0.088104075438 147 0.038488061825 195 0.055889245289 335 0.055132249024 427 0.030221164069 437 0.075320825209 476 0.037144952649 -1 0
101 104 0.021909038617 109 0.080019811965 141 0.068472889767 168 0.053776470248 170 0.064239146883 290 0.087622148382 291 0.084983400787 315 0.010345261725 399 0.081682235751 418 0.070908435737 430 0.041040889618 -1 0
102 107 0.075787292699 135 0.084517410403 139 0.001334605922 228 0.026447905099 281 0.067394644286 414 0.024051887524 427 0.092528178903 439 0.026972307637 -1 0
103 126 0.092344938562 127 0.090794186319 165 0.026628676178 205 0.084819087023 309 0.045295957582 359 0.072355573002 370 0.065552884724 449 0.049945418767 475 0.084725484204 491 0.082910258941 492 0.073127329058 -1 0
104 109 0.079361448435 141 0.088569884505 168 0.054168887255 170 0.047785258276 315 0.029906242371 399 0.083079009400 418 0.074947184987 430 0.061970560129 -1 0
105 181 0.051779042315 201 0.046374003191 241 0.020157550571 247 0.050302359473 275 0.029746688805 341 0.051836781616 348 0.081944437947 351 0.037466831729 404 0.021556737899 436 0.084318368071 438 0.069048186889 461 0.060447136765 468 0.056060715523 -1 0
106 192 0.041446838540 229 0.026107514440 246 0.024161901845 259 0.042216925653 278 0.035956639615 317 0.021257507186 335 0.077837629016 357 0.075737750638 380 0.041748237893 389 0.073854860860 395 0.071983344461 408 0.057257970021 437 0.064045466257 440 0.078996121322 497 0.070976230384 -1 0
107 118 0.076345730295 129 0.029805705256 139 0.074495084388 147 0.088555987170 187 0.068100073532 228 0.075783279233 274 0.081660545575 476 0.063153654502 499 0.068736588298 -1 0
108 319 0.031597278493 380 0.091281347694 410 0.078228710470 469 0.026531942254 487 0.071359001186 -1 0
109 141 0.088523730993 168 0.026273563708 170 0.058231927118 171 0.091966746352 310 0.040922669283 315 0.074145419728 387 0.079763810321 390 0.027200645863 393 0.086780347802 399 0.008071675105 418 0.017759323751 430 0.082224443605 -1 0
110 113 0.067129460557 132 0.014904159060 145 0.065737757952 200 0.069012254357 253 0.064148150031 255 0.041424955489 282 0.051182038826 285 0.050904237627 291 0.089436633626 302 0.056570039321 339 0.071590027545 361 0.077070639714 371 0.060197289229 374 0.045485594395 392 0.074747503899 450 0.080979261957 456 0.039517625994 460 0.044485500671 498 0.036421033749 -1 0
111 119 0.012790983486 158 0.046467306580 166 0.071866046785 305 0.018330790062 308 0.079687611414 352 0.074911065651 372 0.086671935488 400 0.038628104417 421 0.040504130380 444 0.069638095963 446 0.087545653181 503 0.068103741544 -1 0
112 131 0.060658578050 163 0.058656446108 220 0.087112239267 264 0.074167477102 265 0.074522776357 358 0.061767802993 406 0.048511339965 -1 0
113 132 0.061321685324 145 0.091732299457 206 0.048079315519 253 0.089119297304 271 0.081689952011 282 0.080316796640 339 0.008979326354 361 0.066403218893 371 0.011881730471 378 0.042732142723 383 0.087758541050 456 0.070407546555 460 0.024134933169 464 0.059191250223 498 0.044160457007 -1 0
114 169 0.041700496490 185 0.081850136399 186 0.086647822815 193 0.081706031331 197 0.092779036674 250 0.086107273643 258 0.055338961915 293 0.062561892046 432 0.076341266707 462 0.054945880831 490 0.062390128874 493 0.056476278246 501 0.068204250696 -1 0
115 157 0.070726297895 311 0.048204660733 318 0.056010500879 327 0.091186752425 359 0.084657141616 364 0.048984778695 -1 0
116 354 0.048067990004 359 0.091948688348 422 0.042068419491 449 0.060260902644 478 0.049156371183 491 0.091647743348 492 0.041884074999 -1 0
117 136 0.085399806609 146 0.090348957502 148 0.041578241759 161 0.044590179053 167 0.043081248405 184 0.056316612000 299 0.074157766215 369 0.042568663557 417 0.090107282733 473 0.075094570260 496 0.035465875247 -1 0
118 129 0.054572430980 147 0.068536269663 187 0.045859021261 204 0.089096157270 274 0.006724045574 389 0.059838757444 476 0.062641305777 -1 0
119 158 0.033688541037 166 0.061285448192 180 0.085901113610 305 0.005642435427 308 0.081160240384 352 0.087692799303 400 0.044423452812 409 0.086966247311 421 0.033144670294 444 0.080786276910 446 0.081150854302 503 0.080222026001 -1 0
120 133 0.074941216385 166 0.091419153876 199 0.067270806609 207 0.025483427562 225 0.057053073587 249 0.055409286355 334 0.022700682280 345 0.011696537417 409 0.079068835522 -1 0
121 133 0.082339471404 209 0.015585190396 212 0.036257567297 252 0.063106654760 313 0.059044530794 444 0.081939570623 -1 0
122 142 0.075123196808 143 0.066068845582 152 0.073544948234 153 0.041215866243 196 0.083674236287 294 0.074481046632 340 0.016843239674 382 0.046043431303 -1 0
123 162 0.066637529420 175 0.072627322823 188 0.082988893459 261 0.058761288839 321 0.064078539819 338 0.059850833354 346 0.092409540796 388 0.067424756107 403 0.063448380194 433 0.063941706654 465 0.068383105781 480 0.071877034315 484 0.088676205158 -1 0
124 180 0.053347284816 268 0.043695548412 273 0.086753061015 323 0.067599834210 333 0.029877200715 409 0.074051392496 435 0.084287251153 441 0.064586490624 448 0.085565461427 -1 0
125 143 0.081911870319 261 0.092728573268 286 0.020707916117 294 0.063865298862 304 0.031839791056 306 0.073968122065 324 0.068839943403 428 0.026407695459 465 0.059994163512 505 0.082766949059 -1 0
126 172 0.060453249635 205 0.024205612232 244 0.076567498734 356 0.020563272911 422 0.079540153227 449 0.053398540836 478 0.083459888469 491 0.009547170060 -1 0
127 165 0.071706398962 171 0.062770658267 216 0.062931889456 309 0.070296730831 337 0.090825822203 370 0.061944111921 474 0.087894401014 475 0.044936744835 -1 0
128 186 0.047994310254 250 0.058130198359 251 0.055513133884 262 0.079992492439 276 0.083868191763 373 0.072264220308 397 0.086085142028 490 0.063286457136 501 0.082423263590 -1 0
129 147 0.090021492095 187 0.038317629601 274 0.060891827223 476 0.068451482237 499 0.053275710619 -1 0
130 236 0.084171305603 314 0.058225642064 420 0.067708937035 423 0.089151052325 -1 0
131 220 0.070855668359 264 0.030155195210 353 0.088173971941 406 0.074796257711 -1 0
132 145 0.078817844284 200 0.072961125783 253 0.050950362533 255 0.047107015126 282 0.064015146208 285 0.049502510764 302 0.071260582465 339 0.064122519640 361 0.084536689723 371 0.052440247051 374 0.060288287593 392 0.082416278445 450 0.067844221659 456 0.051696333590 460 0.037285062914 498 0.023537043091 -1 0
133 209 0.078967934968 212 0.078290973610 345 0.068875831475 -1 0
134 203 0.040115633112 307 0.064751919814 312 0.050043195029 342 0.092728164218 344 0.077796298097 365 0.044046034805 384 0.054932923288 405 0.020434027826 429 0.025576189485 -1 0
135 139 0.085672779242 150 0.068830327093 178 0.069340906102 219 0.046709306531 232 0.073317286003 279 0.063264653672 281 0.092708500322 316 0.079756816906 328 0.089370201441 414 0.066637909266 439 0.064615010352 -1 0
136 161 0.083083662894 179 0.077437067205 217 0.015698338122 254 0.090061634431 297 0.054561161372 298 0.047225303165 411 0.085670855972 412 0.068084222511 417 0.006708111658 458 0.091673053020 473 0.053398542282 -1 0
137 151 0.053525784421 176 0.053455334184 188 0.093046226309 224 0.018692274389 343 0.045258040070 379 0.043764693652 397 0.067447243328 484 0.085711041343 -1 0
138 190 0.064676694605 262 0.051171323273 276 0.023074046881 301 0.090356654569 -1 0
139 228 0.026581223150 281 0.068361013968 414 0.025379726022 427 0.091985562826 439 0.028300875164 -1 0
140 145 0.075738928368 239 0.091223115340 242 0.059673384280 257 0.075398498999 270 0.078328836799 273 0.086414119961 282 0.089082079384 361 0.075281819128 381 0.052417430453 383 0.055067706007 394 0.006121570442 451 0.058100594785 504 0.070736913163 -1 0
141 168 0.074352087061 200 0.041978272732 255 0.067836228610 285 0.057468329184 290 0.050497848037 291 0.035407311471 315 0.058888940474 387 0.069067970757 392 0.055109569384 399 0.083732994119 418 0.070881610775 430 0.027921425426 -1 0
142 163 0.045759459749 220 0.087259500122 265 0.053505997300 294 0.039866546062 340 0.058395670267 358 0.034844667805 382 0.029080080155 406 0.055289399064 -1 0
143 153 0.037737511095 196 0.056571205270 261 0.089835177120 283 0.091130221009 294 0.085200009591 304 0.072718328943 340 0.073845187259 382 0.090002183956 428 0.066238718433 -1 0
144 150 0.078223980865 260 0.043106262564 385 0.081169414976 419 0.021190578823 438 0.085278414680 479 0.087883766833 -1 0
145 238 0.068496781063 239 0.062267578115 255 0.088106672006 257 0.063090743149 270 0.056773238445 282 0.014860228171 302 0.023758060170 361 0.042000579105 374 0.030388009244 383 0.055122143824 394 0.070369131081 426 0.052797000975 451 0.084461589081 456 0.027519130370 460 0.083187527904 498 0.091529305540 504 0.053664549626 -1 0
146 148 0.050526727349 161 0.062239624211 167 0.053433543844 211 0.077279765864 267 0.047118617101 299 0.049765033672 320 0.088907494049 330 0.010096214787 332 0.045978427210 355 0.050301997710 369 0.084900481309 377 0.065620398836 402 0.078913813131 459 0.057362687568 496 0.086870821372 -1 0
147 195 0.079638297009 274 0.066039095591 317 0.084027693269 335 0.034304443566 389 0.072268868296 427 0.067119053460 437 0.059928974842 476 0.025909001396 -1 0
148 161 0.037324542805 167 0.025783960571 184 0.060276336249 211 0.089734829427 299 0.038375081429 320 0.079140646348 330 0.056445020975 332 0.073286757754 355 0.078294233460 369 0.039869827682 375 0.089565566714 377 0.090681779885 496 0.039242895265 -1 0
149 204 0.065772214302 218 0.026397727320 292 0.049687597083 407 0.006959039639 408 0.081687414019 483 0.022387156466 497 0.063503211281 -1 0
150 175 0.080568855710 178 0.037466190407 260 0.071856845965 316 0.027779111773 346 0.077602863712 385 0.041495789702 388 0.092831665282 419 0.080485335731 433 0.089729583812 479 0.050698718726 -1 0
151 162 0.090937611288 176 0.012673582909 177 0.081161974095 179 0.084291688405 188 0.076493479794 224 0.071462605290 266 0.047495679739 283 0.087154225811 301 0.074311005986 343 0.017423920332 379 0.043551569370 458 0.075990262552 -1 0
152 220 0.078999081007 221 0.055869839469 326 0.092849855102 340 0.078405033824 368 0.082902217037 477 0.060152644720 488 0.088467664506 -1 0
153 196 0.043876235815 288 0.089192479473 326 0.084544478404 340 0.055568282013 382 0.081199897826 -1 0
154 160 0.025230862040 164 0.074870940446 181 0.068186496965 208 0.092640552645 248 0.065653722699 256 0.074550401564 300 0.091664462870 342 0.072369023329 348 0.074885160694 453 0.020224814539 -1 0
155 233 0.031343434427 279 0.088602671530 281 0.078322371427 289 0.087706559109 328 0.061477538416 336 0.061805797699 363 0.052863929252 425 0.047812034125 485 0.061575719837 -1 0
156 191 0.073465621912 354 0.058954429817 422 0.082911527212 442 0.082412684735 455 0.011137155813 478 0.075642485194 482 0.066024988674 494 0.024156958921 -1 0
157 223 0.083386979782 287 0.037274878814 311 0.082506684278 415 0.070242429762 424 0.073913030197 -1 0
158 166 0.041764740440 180 0.053748886165 268 0.086930184949 305 0.028309732225 308 0.092195014290 333 0.067793879704 400 0.068397556644 409 0.059944588931 421 0.036615900454 441 0.089121888051 446 0.071143100942 -1 0
159 184 0.080170972688 198 0.063039291162 243 0.053284583003 320 0.081189346451 375 0.068118419449 486 0.057662696050 -1 0
160 181 0.071183236580 208 0.073852425176 230 0.081390453849 248 0.040730356321 256 0.090884961361 341 0.086179174954 342 0.085154320146 429 0.090728319894 432 0.093018634563 453 0.022023099099 -1 0
161 167 0.012129778913 184 0.089865420944 211 0.060188288627 299 0.073956389327 330 0.071712644592 355 0.061336276780 369 0.070406483589 411 0.066548933732 412 0.082878551276 417 0.084770145219 496 0.066494962733 -1 0
162 176 0.078264845341 188 0.017938632228 261 0.056052966002 283 0.051450637800 338 0.022726778570 343 0.076201905537 484 0.066384304738 -1 0
163 265 0.021753676364 294 0.075754289024 358 0.029338012701 382 0.073949116542 401 0.076254551267 406 0.042934090707 -1 0
164 173 0.027218588696 189 0.067516842880 237 0.090463570558 256 0.026262614801 269 0.054767914073 300 0.039437458011 342 0.039905788207 396 0.086001738379 453 0.076481228878 -1 0
165 205 0.092136197282 216 0.078770349173 272 0.089930118655 309 0.051484411158 359 0.088175673800 370 0.066786721981 449 0.072404830316 475 0.058530076526 -1 0
166 180 0.041613136721 207 0.090196704561 268 0.068746377967 305 0.056190344915 333 0.079249814715 409 0.029218343898 421 0.034720214863 -1 0
167 184 0.081633311908 211 0.066700621899 299 0.061838341308 330 0.062375520077 332 0.089128987647 355 0.062001351546 369 0.061589710459 411 0.076070173806 496 0.058609220489 -1 0
168 170 0.046112607630 310 0.062787754910 315 0.048326203176 387 0.087374724457 390 0.053179959291 399 0.028960918833 418 0.021921107434 430 0.061383039176 -1 0
169 185 0.083001141018 203 0.086796016493 230 0.080652429275 248 0.073677851024 258 0.053623101686 293 0.057827438557 432 0.060296908956 462 0.074439420472 493 0.064225133786 -1 0
170 310 0.069332726037 315 0.066527274597 390 0.074848924696 399 0.065445844887 418 0.065406927980 -1 0
171 310 0.074176828902 370 0.090240045723 390 0.067340449653 393 0.044310469228 399 0.089454266826 474 0.067656652225 -1 0
172 205 0.056159349215 244 0.040373525853 284 0.036619543068 356 0.044477120505 443 0.086875791966 491 0.068149323648 -1 0
173 189 0.059768553008 234 0.077028090956 237 0.063891310927 256 0.042786803547 269 0.028225580996 300 0.045232362192 303 0.091117308124 342 0.056899784356 396 0.075257696307 -1 0
174 296 0.076749514276 467 0.056742296517 471 0.026969413530 -1 0
175 178 0.057565497954 316 0.053830893540 321 0.081308736597 346 0.039464477732 385 0.051386000660 388 0.024236711162 403 0.047041714611 433 0.011278404128 457 0.062929234140 479 0.044109463061 480 0.043633167991 -1 0
176 177 0.081784340430 188 0.063923838911 224 0.072087223107 266 0.056408695341 283 0.076821579769 301 0.086630880822 338 0.089140332723 343 0.008997010829 379 0.053304624425 458 0.078482419128 -1 0
177 179 0.074002301434 196 0.076193171368 217 0.086681079826 266 0.055101638812 283 0.078492663557 298 0.053150530528 343 0.090691837039 417 0.092846874068 458 0.012535184648 -1 0
178 219 0.073838056130 232 0.090903159758 316 0.018301983295 346 0.073384647413 385 0.047731172494 388 0.061725269503 403 0.078426666003 433 0.068606131566 457 0.060075438447 479 0.051752160261 480 0.092740965987 -1 0
179 217 0.061965616251 254 0.091815196989 266 0.039088130415 297 0.039994744495 298 0.047671873445 301 0.034238041816 379 0.090250729002 417 0.076930902806 458 0.061505486343 473 0.088885689510 -1 0
180 207 0.088334166051 268 0.033212527386 305 0.080264195860 333 0.043293834776 409 0.023757591975 421 0.070964516656 441 0.087083312858 -1 0
181 201 0.057321303660 208 0.071481648041 230 0.088511818711 241 0.071493337672 247 0.080373986001 248 0.085438673690 275 0.079487888113 341 0.038138263790 348 0.056616466521 351 0.086411289518 404 0.050716895066 436 0.071628153369 453 0.085217869136 461 0.065912395968 -1 0
182 211 0.034191574338 288 0.044187043932 326 0.044936842655 355 0.057655658193 402 0.083250424476 411 0.032868563886 412 0.053039598584 -1 0
183 195 0.050184895507 259 0.085713746894 335 0.074569828175 357 0.074483507826 395 0.057821011516 427 0.087436567502 437 0.057701165448 440 0.028928629011 -1 0
184 299 0.060617744984 320 0.066492584796 369 0.020428523554 375 0.066988731998 496 0.023409310643 -1 0
185 203 0.085967339287 206 0.071211116302 271 0.041832336479 344 0.088637977959 378 0.083410612518 462 0.037898775621 463 0.041535270225 464 0.055236442878 493 0.025672972803 -1 0
186 208 0.090523800325 230 0.077329799376 250 0.068366556664 251 0.092617827906 258 0.051035191673 293 0.050879206163 397 0.083061479875 432 0.066065714532 436 0.087523868185 490 0.053029230295 501 0.080535199692 -1 0
187 245 0.063373030568 274 0.052129119462 476 0.091890964532 499 0.053114734317 -1 0
188 261 0.060692270355 283 0.038497642865 338 0.038733542591 343 0.063341664522 484 0.077775655579 -1 0
189 237 0.071667256366 269 0.055603186979 396 0.019185659640 413 0.055920001654 -1 0
190 251 0.066389740935 272 0.075401861493 276 0.048664136521 347 0.050551756956 373 0.052106291002 454 0.048473237160 -1 0
191 455 0.071763670424 489 0.051004924537 494 0.055936244508 -1 0
192 229 0.052447465663 246 0.029623843445 259 0.047587683069 278 0.012437799776 317 0.062426103058 319 0.063897650154 357 0.075609256029 380 0.028058602747 395 0.081643529897 408 0.077481028917 497 0.072857485473 -1 0
193 197 0.023456143200 250 0.080098090197 271 0.087748755189 331 0.046768306058 337 0.083399294313 462 0.069709003066 490 0.080299099767 493 0.088328376570 501 0.055485283014 -1 0
194 226 0.067302784937 252 0.051418144394 303 0.072846420727 313 0.087958743598 352 0.032685828235 372 0.039811651568 444 0.039817976869 503 0.060466873474 -1 0
195 335 0.068213093821 419 0.080739201866 427 0.038716797279 437 0.069354859114 440 0.067205274099 476 0.090718629963 -1 0
196 283 0.091521839592 288 0.071956810417 326 0.071248199662 458 0.088062969939 -1 0
197 250 0.066297911837 331 0.028935979819 337 0.070980796642 462 0.091196386006 490 0.073867578662 501 0.046368129947 -1 0
198 243 0.041312259004 442 0.065484502837 486 0.026968864776 -1 0
199 207 0.071446709753 225 0.018454059171 249 0.013587013567 334 0.056878098877 345 0.060237982697 495 0.088622505786 -1 0
200 238 0.092955343192 253 0.081207863448 255 0.027799973360 285 0.030020906789 290 0.034898474980 291 0.021912442902 302 0.090328511853 374 0.081475556491 387 0.089230466961 392 0.021648298324 430 0.063248529683 450 0.090640874996 -1 0
201 208 0.061496918229 230 0.075747492671 241 0.059781912122 275 0.051534866388 341 0.024366502448 351 0.054008749118 397 0.090098472148 404 0.065416126658 436 0.040683188691 461 0.014074837809 -1 0
202 306 0.073710078934 324 0.075887470432 360 0.048799683639 362 0.092160232380 401 0.070656762345 434 0.046981050850 -1 0
203 307 0.088742368874 312 0.080848519461 344 0.064090223082 365 0.070879189678 384 0.092603622514 405 0.049944172560 429 0.053061055331 463 0.076438056666 -1 0
204 218 0.063027086495 274 0.085271478906 277 0.092451456484 292 0.045186027717 389 0.069309427513 407 0.060733241183 408 0.068523147624 483 0.074350874878 497 0.079089701439 -1 0
205 244 0.084130743586 284 0.092778182326 356 0.014191975786 449 0.058745876039 491 0.023265296919 -1 0
206 271 0.061676225904 339 0.045352052790 344 0.084299627523 361 0.092004110004 371 0.056924385140 378 0.012318722595 460 0.071822481586 463 0.049592185341 464 0.016020183294 498 0.089800273606 -1 0
207 225 0.067545355890 249 0.062993391163 268 0.073954574724 334 0.014757205670 345 0.035037783470 409 0.070471335181 435 0.076874927180 -1 0
208 230 0.017308557895 248 0.047820860462 258 0.065822120987 293 0.058743192867 341 0.047157887406 432 0.041027899181 436 0.026278563286 461 0.053194545821 -1 0
209 212 0.049591682856 252 0.067113224393 313 0.071144855836 421 0.086610917197 444 0.077025173699 -1 0
210 243 0.073971969322 244 0.071287728283 322 0.023358896701 442 0.061004482377 482 0.060193865644 486 0.081776119560 -1 0
211 288 0.069693663357 326 0.073316826800 330 0.086331633222 355 0.031706481772 402 0.078364159032 411 0.023787778686 412 0.054701921115 459 0.083922617507 -1 0
212 252 0.086658461457 313 0.064089730796 -1 0
213 226 0.087241220625 234 0.052306030809 237 0.047893129918 269 0.082176486424 350 0.080779821787 357 0.076055737741 395 0.090793105806 396 0.088273227390 472 0.035341861246 -1 0
214 231 0.048525665096 447 0.010119086736 452 0.019460858360 481 0.018051918624 499 0.081577855338 -1 0
215 221 0.048141205460 222 0.050169788258 368 0.021461208491 391 0.088584637468 402 0.069472763164 423 0.051610259043 477 0.056573046038 -1 0
216 235 0.088378786026 272 0.059189821130 331 0.076382550763 337 0.045899306906 347 0.093087811045 454 0.091126849138 475 0.023713197434 -1 0
217 254 0.087241965358 266 0.090393737228 297 0.043272580006 298 0.033957236798 412 0.075196589511 417 0.015332243138 458 0.078951258184 473 0.056217171566 -1 0
218 229 0.082617344865 246 0.088945703474 292 0.065612264521 380 0.081111577733 407 0.029898542928 408 0.057230023547 483 0.048757692275 497 0.037168305587 -1 0
219 232 0.026766454774 279 0.040690638757 281 0.092945003545 289 0.073733370865 316 0.090925160239 328 0.065861739835 414 0.092336062116 425 0.079624390186 431 0.086306511979 439 0.089536301832 457 0.077303089971 -1 0
220 264 0.044316302178 340 0.092624037479 353 0.077465541887 358 0.066935700166 382 0.085856522489 391 0.086454150768 406 0.052647852018 477 0.090217791278 488 0.067998968130 -1 0
221 368 0.027042259716 391 0.082000655305 402 0.088237130668 423 0.081097243798 477 0.028569777955 488 0.077760603895 -1 0
222 368 0.070871822818 402 0.073734342352 423 0.066540759217 459 0.083994843671 -1 0
223 240 0.040455942565 310 0.069726258248 390 0.092058685282 393 0.075305927106 415 0.013558574327 -1 0
224 343 0.063948174181 379 0.052898129710 397 0.050809014220 484 0.088450019967 -1 0
225 249 0.008040516562 334 0.052918693574 345 0.047901363247 -1 0
226 234 0.089207194749 350 0.028833709904 372 0.087860226770 410 0.068770855878 472 0.051985830980 -1 0
227 295 0.014195946767 325 0.085477120592 435 0.073454630738 495 0.075983184106 -1 0
228 231 0.084787543831 281 0.050794891616 414 0.032436284664 439 0.034382409776 -1 0
229 246 0.023143765136 259 0.068009204559 278 0.052881582519 317 0.027207111511 335 0.085995059704 380 0.036497353393 389 0.056965396417 408 0.031212160459 437 0.079341611003 497 0.048194355289 -1 0
230 248 0.047753618437 258 0.048546112592 293 0.041528974442 341 0.063854473479 432 0.023853461641 436 0.036427246590 461 0.065611208102 -1 0
231 447 0.054077688493 452 0.056932619346 481 0.030553096026 499 0.086900639165 -1 0
232 279 0.044523886444 289 0.048397321603 328 0.061279034948 336 0.085959186409 425 0.073222535649 431 0.059776163291 457 0.075082383220 -1 0
233 279 0.075404600156 281 0.049289027902 328 0.050188111739 336 0.083811822917 363 0.078198553016 425 0.037416419176 485 0.091606367203 -1 0
234 237 0.024645954393 269 0.051441109981 303 0.055601373277 372 0.076230202814 472 0.056666607460 503 0.088652499741 -1 0
235 253 0.092482726221 331 0.081006602066 337 0.052844958774 367 0.037568853205 387 0.085964319259 450 0.076249876824 -1 0
236 314 0.048451220660 420 0.065910994975 -1 0
237 269 0.035734616252 303 0.075035214316 396 0.071366038617 472 0.066882817537 -1 0
238 239 0.029186210744 255 0.085113707083 257 0.047744529409 270 0.040796473689 282 0.072842966853 290 0.081899813264 302 0.050442816220 374 0.056057696663 392 0.074143559065 426 0.020533278387 451 0.083561614199 456 0.079948199584 504 0.047533182199 -1 0
239 257 0.018634305240 270 0.012931121056 282 0.072078430665 302 0.053931512534 374 0.063750928097 381 0.091797124862 394 0.085324295920 398 0.074336379415 426 0.015736990122 451 0.054386285345 456 0.082604976669 504 0.020489704155 -1 0
240 415 0.041371696750 -1 0
241 247 0.044532978818 275 0.019601718845 341 0.070148890911 351 0.026736754875 404 0.029695162038 438 0.057888388801 461 0.073330380819 468 0.044438593357 484 0.083395314246 -1 0
242 273 0.027733024245 349 0.070758307799 381 0.092300140674 383 0.078466034407 394 0.065471280280 -1 0
243 322 0.085646008453 442 0.059366025491 482 0.090961235828 486 0.015306774095 -1 0
244 284 0.038141211768 322 0.054858919092 356 0.070025805922 443 0.063462390518 491 0.086045696994 -1 0
245 263 0.072440862278 277 0.052182415527 386 0.052549756409 470 0.089612775583 499 0.075482885293 502 0.053463799718 -1 0
246 259 0.056534176767 278 0.032286123607 317 0.040109229699 319 0.076858182934 357 0.089849900038 380 0.017826628155 389 0.080107918859 395 0.090070176736 408 0.048767991378 437 0.088015977239 497 0.051805991586 -1 0
247 260 0.070178244470 275 0.063867832061 348 0.072196377653 351 0.070285424974 404 0.033072073918 438 0.022929236322 468 0.015956031418 -1 0
248 258 0.076045751713 293 0.072020782266 341 0.081624533871 432 0.053692519646 436 0.073782783613 453 0.059527219084 -1 0
249 334 0.048238675398 345 0.047484368539 -1 0
250 251 0.045583934400 331 0.083042923000 347 0.080111313742 373 0.061309725115 454 0.086356231810 490 0.026479877923 501 0.026540913671 -1 0
251 272 0.081362899768 276 0.077567975113 347 0.044182462439 373 0.018726302011 454 0.049957641699 490 0.070071982328 501 0.069058514137 -1 0
252 313 0.040188461583 352 0.072051981897 372 0.086636340315 416 0.079828575337 444 0.043657117367 -1 0
253 255 0.069230929461 285 0.051604971832 339 0.086561003847 367 0.059340541301 371 0.077274727204 387 0.070349538313 450 0.016896922955 460 0.069153517614 498 0.048139041117 -1 0
254 284 0.073536733348 297 0.056684704236 443 0.038443646805 473 0.042266358364 -1 0
255 282 0.076711038469 285 0.023431874497 290 0.055988761698 291 0.048064098053 302 0.068798498079 374 0.058544663190 392 0.035636016662 426 0.092016708899 430 0.090884482704 450 0.082628549781 456 0.069341406840 460 0.083948767089 498 0.069635688187 -1 0
256 269 0.070157687521 300 0.018370618621 342 0.014433705417 429 0.085203994611 453 0.069068491834 -1 0
257 270 0.008738353107 282 0.075547777956 302 0.061750640469 374 0.072768502140 376 0.091187679356 381 0.073239714820 394 0.069751046517 398 0.065494078075 426 0.031291170335 451 0.036066640613 456 0.087422100510 504 0.009537644119 -1 0
258 293 0.007407717717 432 0.025949806583 436 0.078313209319 490 0.068809670752 501 0.091606791174 -1 0
259 278 0.035150128804 317 0.056457756738 335 0.089873515440 357 0.033827983131 380 0.068248792258 395 0.034608276661 437 0.066597010283 440 0.058658577464 -1 0
260 316 0.078016349860 346 0.064048017550 385 0.052256265998 419 0.062818275281 438 0.050686228633 468 0.064105487032 479 0.055202641009 480 0.085342452199 -1 0
261 283 0.053846643760 304 0.060891628286 321 0.090480257517 338 0.070077772617 428 0.067702696344 465 0.066536369079 -1 0
262 276 0.054189868033 301 0.077794796218 379 0.070321808959 397 0.084065559095 -1 0
263 277 0.058356705061 386 0.024770362709 470 0.070940230958 502 0.022903492258 -1 0
264 353 0.065866128168 358 0.088366895421 391 0.080587644258 406 0.067349936477 488 0.067568492116 -1 0
265 294 0.072357958188 324 0.090951708827 358 0.049173045823 382 0.082497642430 401 0.055375745625 406 0.064645121373 -1 0
266 297 0.078740841123 298 0.062920494443 301 0.045344318500 343 0.064089585045 379 0.067321126107 458 0.044298757454 -1 0
267 299 0.082770915676 330 0.040044858767 332 0.049079639283 355 0.072306283736 377 0.058969289335 402 0.061316783403 459 0.033426022164 -1 0
268 323 0.073377282087 333 0.054057304108 334 0.088288772668 409 0.040841162747 435 0.063917358689 -1 0
269 300 0.068833598086 303 0.079611700772 342 0.083777586209 396 0.064912632785 -1 0
270 282 0.068492762875 302 0.053562730865 374 0.064430015362 381 0.080765496131 394 0.072452799866 398 0.073153291402 426 0.023002923228 451 0.044136071027 456 0.080054576051 504 0.007608896416 -1 0
271 339 0.073224834804 371 0.081485890666 378 0.072854403953 462 0.045462982852 463 0.064984308659 464 0.048832004161 493 0.051501293793 -1 0
272 331 0.086782213695 337 0.085513850209 347 0.038852206342 373 0.064984644091 454 0.034901958940 475 0.069755017509 -1 0
273 323 0.071241140615 349 0.052037244602 394 0.092371301417 -1 0
274 335 0.089539859405 389 0.053122314966 476 0.062739873160 -1 0
275 341 0.068064648980 351 0.007874279545 404 0.046910407723 436 0.092093936822 438 0.075161136018 461 0.063476224119 468 0.061937062858 484 0.072284064458 -1 0
276 347 0.087994794106 373 0.074375053189 454 0.088668091769 -1 0
277 292 0.089310107074 386 0.057498233646 470 0.037529295017 502 0.037041454198 -1 0
278 317 0.057158844755 319 0.075967067490 357 0.063935045974 380 0.036860912335 395 0.069285344929 408 0.080990953275 437 0.090425894915 440 0.091939140433 497 0.080886790050 -1 0
279 281 0.055445892694 289 0.067209086863 328 0.027160814988 336 0.088523692289 414 0.072526557295 425 0.041049287122 431 0.084222294245 439 0.069636047926 -1 0
280 329 0.065246722480 349 0.088572832399 466 0.040377217280 -1 0
281 328 0.047250517408 414 0.050677230285 425 0.047121911653 439 0.049201833619 -1 0
282 302 0.022712868813 339 0.088587610565 361 0.041602862591 371 0.081074253042 374 0.023132001978 383 0.060681182462 394 0.083960977669 426 0.060340918723 456 0.012713504123 460 0.069619584842 498 0.076879977329 504 0.066371721763 -1 0
283 338 0.074176491506 343 0.080659617986 458 0.086724060460 -1 0
284 322 0.087862587986 356 0.080808614881 443 0.052764503319 -1 0
285 290 0.064823380225 291 0.051322274511 302 0.090567477386 374 0.079753165821 387 0.076643135554 392 0.048482176985 430 0.084112071231 450 0.062547209100 456 0.086271372932 460 0.085949356522 498 0.067441550486 -1 0
286 294 0.070678075564 304 0.047272657114 306 0.053295658150 321 0.087997065712 324 0.050398334764 360 0.092993113527 428 0.044761810317 434 0.089594361911 445 0.085359329743 465 0.060625473207 505 0.066793425347 -1 0
287 415 0.090691854908 424 0.042987731717 -1 0
288 326 0.008046260946 411 0.052031020569 412 0.042536325465 -1 0
289 328 0.062978377612 336 0.040773743065 362 0.080507352543 363 0.053399612758 425 0.066791381856 431 0.017524540026 485 0.077256617281 -1 0
290 291 0.017366298735 315 0.082211709433 374 0.092831252242 392 0.021104751219 430 0.055687940651 -1 0
291 315 0.077890562900 392 0.021398728176 430 0.047695546581 -1 0
292 407 0.042732884759 470 0.074702573818 483 0.043264871256 -1 0
293 432 0.019848394681 436 0.070912510139 490 0.074189674043 -1 0
294 304 0.088530629641 324 0.083423854581 340 0.061828733751 358 0.074002072896 382 0.042316429701 428 0.079095881356 -1 0
295 325 0.079286739562 329 0.082487810859 435 0.080370024711 466 0.083749583629 495 0.079002950938 -1 0
296 327 0.064629326441 364 0.085987216975 467 0.036036184155 471 0.080782025787 489 0.070064554014 -1 0
297 298 0.054844600096 301 0.062539760893 417 0.057455945700 458 0.089978830261 473 0.049182137848 -1 0
298 301 0.081509939228 412 0.078981542509 417 0.042996838441 458 0.044994653713 473 0.086724658925 -1 0
299 320 0.043899701721 330 0.048394071819 332 0.043396285022 369 0.046603882045 375 0.056515212735 377 0.056697064078 496 0.051993249437 -1 0
300 308 0.093077252051 342 0.021402471310 384 0.092489620537 429 0.084276359606 453 0.084086432727 -1 0
301 343 0.091244741688 379 0.064231419332 458 0.084753918920 -1 0
302 361 0.063084384354 374 0.011442030081 383 0.078739265801 392 0.080993733851 394 0.089581340009 426 0.040196902443 451 0.091182070420 456 0.029900279223 460 0.086299012880 498 0.088999792060 504 0.053701802942 -1 0
303 352 0.051661169519 372 0.034851871384 400 0.079046182449 444 0.088642099518 503 0.035091899193 -1 0
304 321 0.080727754430 428 0.009907352177 465 0.043765052546 505 0.089817837649 -1 0
305 308 0.083636103636 400 0.048745202447 409 0.081486297849 421 0.029863264244 444 0.085174989902 446 0.080067828441 503 0.085851531216 -1 0
306 324 0.025285320713 360 0.040272963891 401 0.087729638894 434 0.036451861106 445 0.064966731570 465 0.090821664247 505 0.051137260952 -1 0
307 308 0.074265794142 312 0.019950736127 344 0.070285489988 365 0.020733260746 384 0.042061908258 405 0.044536531937 429 0.086118720004 441 0.067197914854 446 0.049801804512 448 0.052214138701 -1 0
308 312 0.064731711334 365 0.076459788124 384 0.045420785974 400 0.044106331718 405 0.089068216036 446 0.051875872761 503 0.082802957400 -1 0
309 311 0.081967182954 318 0.067980369697 359 0.040831826290 370 0.021144416366 449 0.087221623241 474 0.080079378823 475 0.087973136756 492 0.072651370567 -1 0
310 390 0.022406828485 393 0.051893999634 399 0.045661077529 415 0.082222981691 418 0.058366827837 -1 0
311 318 0.017252314133 359 0.051620276323 364 0.093031685461 370 0.071840906442 474 0.058110154109 492 0.092277597063 -1 0
312 344 0.078281279734 365 0.011820924967 384 0.024532538950 405 0.031729978915 429 0.068620708659 441 0.085202818874 446 0.056358657539 448 0.071943087852 -1 0
313 416 0.048189036058 444 0.083033121924 -1 0
314 420 0.019908336113 -1 0
315 399 0.074965205753 418 0.063422159877 430 0.032070499184 -1 0
316 346 0.059749516060 385 0.030030056342 388 0.065059823022 403 0.085218160513 433 0.063728744671 457 0.073924674243 479 0.035433996462 480 0.081843820407 -1 0
317 335 0.060376471592 357 0.087598917811 380 0.057584350816 389 0.055939643918 395 0.079723929994 408 0.052474095973 437 0.052139414396 440 0.076483415534 497 0.075090421166 -1 0
318 359 0.034612541214 370 0.061136838702 474 0.063258934700 492 0.075915862377 -1 0
319 380 0.059684954689 410 0.087722289218 469 0.035463647710 497 0.077518251527 -1 0
320 330 0.084186045232 332 0.058738670691 369 0.065817077806 375 0.014206799317 377 0.056860749746 496 0.073395398561 -1 0
321 388 0.058971101529 403 0.036176801094 428 0.089583831691 433 0.081206855668 445 0.054245289856 457 0.060765968756 465 0.036977367254 505 0.053217265841 -1 0
322 442 0.083665109284 443 0.080147489772 482 0.082803389530 -1 0
323 349 0.038415982096 435 0.044027903277 -1 0
324 360 0.058119600971 401 0.068299878220 434 0.053022464902 445 0.089302013678 505 0.073979783576 -1 0
325 366 0.059530031151 495 0.052431004430 500 0.074463202890 -1 0
326 411 0.057441104784 412 0.050368108350 -1 0
327 364 0.044283175683 467 0.079131852603 489 0.058287614263 -1 0
328 336 0.071231601236 363 0.074144431115 414 0.082796681239 425 0.013951522384 431 0.080361498888 439 0.080207562753 -1 0
329 366 0.078541674561 466 0.026977706854 500 0.060437301616 -1 0
330 332 0.036867200439 355 0.058068607967 369 0.087829676171 377 0.056204508248 402 0.079885211785 459 0.055891880225 496 0.090589042604 -1 0
331 337 0.043075324544 347 0.090647015571 501 0.069623082184 -1 0
332 369 0.089984152095 375 0.072502424805 377 0.019873749033 459 0.079074670018 -1 0
333 409 0.067048690453 441 0.046146587469 446 0.077536125879 448 0.070374534644 -1 0
334 345 0.027729389252 409 0.084649660873 435 0.084148757294 -1 0
335 389 0.073435202485 395 0.089901425470 427 0.073969912316 437 0.025632886285 440 0.060593649472 476 0.059741768428 -1 0
336 362 0.048801271827 363 0.013295980436 425 0.066583245242 431 0.043805927368 485 0.036688604681 -1 0
337 367 0.083093124795 475 0.066754689542 -1 0
338 343 0.084970386788 480 0.089403141165 484 0.045816198744 -1 0
339 361 0.075323353357 371 0.011683691059 378 0.042300068772 456 0.078298449187 460 0.027200704002 463 0.092769204826 464 0.054500332458 498 0.044511784671 -1 0
340 358 0.081780842730 382 0.029335337486 -1 0
341 351 0.072499992695 404 0.064895828446 432 0.087671597757 436 0.036543992122 461 0.028659629085 -1 0
342 429 0.070770782538 453 0.063145795553 -1 0
343 379 0.051037803099 458 0.087479407469 -1 0
344 365 0.067086527775 378 0.087784308415 405 0.066940718679 448 0.082823387037 463 0.051469862190 464 0.080995990834 -1 0
345 409 0.090204109749 -1 0
346 385 0.036409526197 388 0.063652305792 403 0.085944782717 433 0.037272969642 438 0.073239459479 468 0.080105423816 479 0.026912178475 480 0.025873836572 -1 0
347 373 0.026517108690 454 0.006253965470 -1 0
348 404 0.064669070971 413 0.053784198738 438 0.091010999919 468 0.088107565343 -1 0
349 435 0.077870419920 -1 0
350 410 0.048263977872 472 0.047860966228 -1 0
351 404 0.054729336427 438 0.080046583765 461 0.064872325637 468 0.067084867602 484 0.065749358671 -1 0
352 372 0.018322535576 400 0.073960626376 444 0.037137166856 503 0.028895231354 -1 0
353 391 0.016014478920 420 0.080543733079 423 0.076676498297 477 0.065076724793 488 0.018181180892 -1 0
354 422 0.032714495773 455 0.048342470965 478 0.030026324221 482 0.080780064684 492 0.088336968551 494 0.049785300428 -1 0
355 402 0.055949776854 411 0.055351792144 412 0.086045430493 459 0.054296961159 -1 0
356 449 0.067590872348 491 0.025298611156 -1 0
357 395 0.018157838236 437 0.080596848909 440 0.055537669109 -1 0
358 382 0.055971871296 406 0.021649897403 -1 0
359 370 0.044632828266 474 0.078731347635 492 0.050177145072 -1 0
360 431 0.082755250116 434 0.005551333658 445 0.067188787661 505 0.063790530474 -1 0
361 371 0.073165567146 374 0.064669415808 378 0.080076122268 383 0.025808541553 394 0.072401450490 456 0.043817318758 460 0.069380476300 498 0.086239707464 504 0.089071668186 -1 0
362 363 0.046732904327 431 0.073140384824 485 0.033852135416 -1 0
363 425 0.067102151927 431 0.057091683707 485 0.025933977098 -1 0
364 467 0.080794570747 -1 0
365 384 0.034568338016 405 0.023988309873 429 0.065675910369 441 0.087876778131 446 0.065581691499 448 0.071688730858 -1 0
366 500 0.023388396497 -1 0
367 387 0.080050267561 450 0.045180818561 -1 0
368 391 0.085233735271 402 0.071861185408 423 0.064156523519 477 0.041864307106 488 0.086970352671 -1 0
369 375 0.070531384833 496 0.007621875077 -1 0
370 474 0.059629362172 475 0.090117136911 492 0.087194528113 -1 0
371 374 0.091790177157 378 0.053150593483 450 0.090260649898 456 0.070035286473 460 0.015711878233 464 0.066125433759 498 0.033243165097 -1 0
372 400 0.077633733252 444 0.055185862930 503 0.025145341384 -1 0
373 454 0.031869195676 490 0.086978710930 501 0.082039225148 -1 0
374 383 0.083274820421 392 0.074169486488 426 0.049149907584 456 0.025027714702 460 0.077916681261 498 0.078901472401 504 0.064939776932 -1 0
375 377 0.068900184648 496 0.078128974821 -1 0
376 381 0.045636587547 398 0.050924737425 451 0.059528747296 -1 0
377 459 0.091630532318 -1 0
378 383 0.091324822414 460 0.066862453498 463 0.059156133959 464 0.028314113554 498 0.086386616835 -1 0
379 397 0.077662825102 -1 0
380 389 0.091717172446 408 0.053276343200 469 0.088203978282 497 0.044798942841 -1 0
381 394 0.052661165422 398 0.072588505085 451 0.037720875224 504 0.075290241195 -1 0
382 406 0.071704920841 -1 0
383 394 0.053721791213 456 0.066386065848 504 0.089206068028 -1 0
384 400 0.088998767696 405 0.043653045911 429 0.064782562112 446 0.057807447277 448 0.090846764429 -1 0
385 388 0.071609786176 433 0.057160672150 438 0.085859411054 479 0.009778358608 480 0.061836053351 -1 0
386 470 0.081912923478 502 0.023475609164 -1 0
387 390 0.086073305135 399 0.071707435980 418 0.067673537211 430 0.088795113025 450 0.060208447572 -1 0
388 403 0.023346344789 433 0.029220838827 457 0.043210163028 465 0.092122712352 479 0.065862963782 480 0.064034723382 -1 0
389 408 0.046007354594 437 0.084722580901 476 0.086879677826 497 0.077874393175 -1 0
390 393 0.059897300746 399 0.028468025596 418 0.041874290925 -1 0
391 420 0.085223820357 423 0.061413135664 477 0.054104894034 488 0.018883189747 -1 0
392 426 0.088255334544 430 0.068998292077 456 0.093068234738 -1 0
393 399 0.088262822676 415 0.081642830377 474 0.045836486417 -1 0
394 426 0.089727937174 451 0.054320206402 504 0.064850942491 -1 0
395 437 0.064275383187 440 0.037383109025 -1 0
396 413 0.059695837337 -1 0
397 436 0.085864653421 461 0.080008566209 -1 0
398 426 0.090000586946 451 0.054085803141 504 0.074604862184 -1 0
399 418 0.013410762964 430 0.079798568485 -1 0
400 421 0.077379913920 444 0.086948566825 446 0.070951034508 503 0.053048301806 -1 0
401 434 0.090843049749 -1 0
402 459 0.028013034496 -1 0
403 433 0.049557373935 445 0.072400520236 457 0.038010556413 465 0.071115467085 479 0.089172638661 480 0.082538261847 505 0.079512973871 -1 0
404 438 0.054835189575 461 0.079331700991 468 0.043524694072 -1 0
405 429 0.044230936998 446 0.088077298485 -1 0
406 -1 0
407 408 0.082652085405 483 0.020118341126 497 0.066938962045 -1 0
408 497 0.032271869309 -1 0
409 421 0.063714608024 -1 0
410 487 0.057844201522 -1 0
411 412 0.030957552497 417 0.082099470738 -1 0
412 417 0.062834606840 -1 0
413 -1 0
414 425 0.089495925980 439 0.002924437089 -1 0
415 -1 0
416 -1 0
417 458 0.086770774814 473 0.059944584004 -1 0
418 430 0.066431672643 -1 0
419 -1 0
420 -1 0
421 444 0.087028262923 -1 0
422 449 0.068511538311 455 0.073975000213 478 0.008514776561 482 0.078041355779 491 0.077705942680 492 0.082663858894 494 0.079975636752 -1 0
423 477 0.068488309503 488 0.076425236832 -1 0
424 471 0.090309360692 -1 0
425 431 0.083465285572 439 0.087128149222 485 0.088952138585 -1 0
426 451 0.067134628102 456 0.069779534181 504 0.028549510190 -1 0
427 437 0.087254011273 476 0.066785889090 -1 0
428 465 0.052773756491 -1 0
429 453 0.078109247151 -1 0
430 -1 0
431 434 0.088297955194 445 0.087431426054 485 0.077414468807 -1 0
432 436 0.057950447807 461 0.087207322860 -1 0
433 457 0.071135322377 479 0.048731824154 480 0.034966859968 -1 0
434 445 0.069531668541 505 0.064682093013 -1 0
435 -1 0
436 461 0.029333370377 -1 0
437 440 0.037352607177 476 0.085192624123 -1 0
438 468 0.013456795789 479 0.082955419762 480 0.080428575000 -1 0
439 -1 0
440 -1 0
441 446 0.053971217571 448 0.024565319727 -1 0
442 455 0.088588614333 482 0.035060648174 486 0.054054228056 -1 0
443 473 0.066093377529 -1 0
444 503 0.060570541561 -1 0
445 457 0.065041111565 465 0.071959724541 505 0.018588493529 -1 0
446 448 0.059508562511 -1 0
447 452 0.009852674152 481 0.025009731894 499 0.073991164231 -1 0
448 -1 0
449 478 0.076377850181 491 0.044379568466 492 0.065793901624 -1 0
450 460 0.083821144353 498 0.063496725051 -1 0
451 504 0.039758088602 -1 0
452 481 0.030712905412 499 0.064691469062 -1 0
453 -1 0
454 -1 0
455 478 0.067147980163 482 0.068144302101 494 0.017249295158 -1 0
456 460 0.057766579493 498 0.064192017253 504 0.078407351978 -1 0
457 479 0.092750709547 505 0.079719299610 -1 0
458 -1 0
459 -1 0
460 464 0.081693874895 498 0.021502259469 -1 0
461 -1 0
462 463 0.079228940035 464 0.083985468408 493 0.019086997918 -1 0
463 464 0.038379142185 493 0.066344364949 -1 0
464 493 0.079247478699 -1 0
465 505 0.060770785238 -1 0
466 500 0.087335973977 -1 0
467 471 0.050324584545 -1 0
468 479 0.092926059016 480 0.083286072446 -1 0
469 497 0.090252694045 -1 0
470 502 0.058442069824 -1 0
471 -1 0
472 -1 0
473 -1 0
474 -1 0
475 -1 0
476 -1 0
477 488 0.049258647849 -1 0
478 482 0.070018905714 491 0.082481146002 492 0.090351090705 494 0.074400307239 -1 0
479 480 0.052121552720 -1 0
480 484 0.077621316687 -1 0
481 499 0.081578382311 -1 0
482 486 0.088102691725 494 0.085211396814 -1 0
483 497 0.085888689265 -1 0
484 -1 0
485 -1 0
486 -1 0
487 -1 0
488 -1 0
489 -1 0
490 501 0.027637539350 -1 0
491 -1 0
492 -1 0
493 -1 0
494 -1 0
495 -1 0
496 -1 0
497 -1 0
498 -1 0
499 -1 0
500 -1 0
501 -1 0
502 -1 0
503 -1 0
504 -1 0
505 -1 0
