0.000000
1.000000
210
15
0.146200
0.000000
0.430508321151 0.695211216342
0.107883169781 0.537804447114
0.707221325021 0.436157159973
0.880362956319 0.203309097793
0.883383532055 0.554943682160
0.881674990989 0.454843761865
0.411283570342 0.520619701594
0.888978269417 0.568279999308
0.250175866764 0.346457038540
0.994148069061 0.322943443432
0.859612883069 0.502331697382
0.381994803902 0.776257425081
0.461886330973 0.910683227237
0.928130059503 0.588242008816
0.457453035749 0.588081344031
0 12 0.141022048717  26 0.037501942311  34 0.014259331044  54 0.100359105641  68 0.018490560475  74 0.028567031856  77 0.080812061736  106 0.142420034040  134 0.131968040567  162 0.051377129805  167 0.055170108124  182 0.137579155535  195 0.056779003111  -1 0
1 24 0.133567992880  30 0.123065149338  51 0.095984899490  75 0.038531086469  98 0.116931289549  114 0.085688055463  124 0.069014569721  136 0.132635331329  144 0.115652762840  156 0.124752729393  178 0.126118727944  193 0.040670761718  -1 0
2 23 0.090489244633  47 0.123344066869  115 0.099641264654  116 0.040116767358  118 0.045570369931  165 0.090423945125  176 0.060612457381  183 0.139824922302  194 0.145622981185  199 0.143856895323  208 0.109019894213  -1 0
3 5 0.129258682907  16 0.142338945527  110 0.117061469238  133 0.077090067414  138 0.118108535484  142 0.119320000889  148 0.113027063234  157 0.031152067886  158 0.031687928417  166 0.099819246919  185 0.106026750198  197 0.108225954113  203 0.043541631760  209 0.087435159107  -1 0
4 23 0.135409690513  57 0.077724726854  62 0.053276333777  72 0.130420741154  105 0.066514546210  126 0.088024470219  140 0.086241757772  160 0.126532545625  165 0.129257071258  206 0.110879326745  -1 0
5 23 0.139925184715  62 0.092237901341  118 0.142023794279  126 0.028464058109  140 0.040818565797  160 0.026659312625  165 0.129373882114  206 0.013582531919  -1 0
6 11 0.080236906474  13 0.083589452592  19 0.128395414636  53 0.066717322070  56 0.125559248759  70 0.083454444601  77 0.114893108629  106 0.118849132869  134 0.044867758782  137 0.094200463472  153 0.017822625363  161 0.063418466672  162 0.144324435169  167 0.124800549381  200 0.065909613182  -1 0
7 23 0.145250431107  57 0.063420522724  62 0.064447904756  72 0.119060542087  105 0.053440110249  126 0.099879043042  140 0.096909142086  160 0.140213143402  165 0.139773804810  206 0.124763166537  -1 0
8 3 0.077576573596  18 0.066565623396  30 0.139621677291  39 0.047931430625  42 0.087549317956  52 0.054002835338  56 0.138008696035  96 0.051771295772  97 0.027360944019  102 0.037689670064  104 0.142242274557  122 0.002478449400  136 0.145940849787  145 0.038021874182  149 0.082028239269  169 0.096392822594  172 0.094104414232  205 0.100286776471  207 0.138794418457  -1 0
9 110 0.056309391038  142 0.052595978427  166 0.066010571124  185 0.141005568122  203 0.131834568949  -1 0
10 23 0.105642493896  57 0.135269822251  62 0.040517657771  105 0.122188652100  118 0.144774270738  126 0.056527323943  140 0.063262851478  160 0.075837764725  165 0.096414640455  183 0.141524979122  206 0.059243655364  -1 0
11 1 0.143403995813  12 0.145769669192  14 0.143206869594  26 0.091906167049  29 0.095474992537  34 0.081046705761  54 0.132848136658  64 0.096423995460  68 0.106806304020  73 0.138850228988  74 0.121410930598  77 0.144840313651  162 0.113161647890  171 0.075557178245  179 0.107989996776  182 0.086799708773  195 0.050117306812  -1 0
12 2 0.087622066420  12 0.128765499932  14 0.075145764438  29 0.095833342157  35 0.128723101943  38 0.132845158557  41 0.124488831865  113 0.124787600108  139 0.136229446752  151 0.060799626559  171 0.123761860923  179 0.063868930545  182 0.080186271045  -1 0
13 57 0.034161331643  62 0.108292183142  72 0.075113609495  105 0.013752619714  126 0.120477113427  140 0.113321892266  -1 0
14 7 0.145608625361  11 0.125852869113  13 0.134046474009  19 0.113187171928  26 0.115797927434  34 0.124721040086  53 0.107884370293  54 0.131885174291  68 0.095984627502  74 0.090009283615  77 0.087973912718  78 0.119801055757  106 0.057353776208  112 0.141749434828  134 0.040849406880  153 0.064983736468  161 0.133037577060  162 0.100987741523  167 0.055327308966  200 0.051599183510  -1 0
0 8 0.079947241853 9 0.129158053892 27 0.040435471698 48 0.134779982607 58 0.058219460998 93 0.144485155583 99 0.144938729015 101 0.127172633633 119 0.038696740238 131 0.063339585337 152 0.086858900912 184 0.086393268612 202 0.136755852169 -1 0
1 14 0.111054479154 29 0.091595241975 37 0.132390776213 38 0.085856633517 64 0.125362421110 73 0.107737046575 79 0.040017004744 85 0.060069582513 117 0.009368399791 130 0.102381225208 139 0.107018569111 159 0.123450444889 171 0.079662046676 179 0.121646231136 187 0.134935568551 -1 0
2 14 0.080905188411 29 0.129662243950 35 0.142350299689 38 0.100057813679 41 0.133654476884 85 0.130782406015 139 0.088099907541 151 0.106770615786 179 0.110708444617 -1 0
3 18 0.050258424947 25 0.113651704498 39 0.060119675334 42 0.012269559845 52 0.128320311577 59 0.118391259282 96 0.072177684234 97 0.073117074398 100 0.116115329521 102 0.098248917535 111 0.120875892674 122 0.079864723059 129 0.096618999231 145 0.112570512236 169 0.139575325829 172 0.092559477790 207 0.063762840702 -1 0
4 33 0.143704708946 36 0.096389438176 60 0.113547567009 89 0.125619147361 96 0.108064517730 102 0.126943774586 104 0.107068752587 111 0.140981331551 125 0.139676731813 129 0.133160386988 169 0.082849469179 172 0.070802668908 180 0.052398037826 205 0.136618272553 -1 0
5 32 0.119024202301 66 0.058040866307 76 0.076759889608 133 0.082119910804 148 0.130223607636 157 0.107752205340 177 0.035143891334 197 0.054024370015 209 0.120668876967 -1 0
6 21 0.092673982018 22 0.092681002573 44 0.137368414488 81 0.076004751262 87 0.138277157056 91 0.005869338448 94 0.114490042553 109 0.040528499240 150 0.081861003333 163 0.139624151118 176 0.142543025999 186 0.080516658911 199 0.037426116721 -1 0
7 19 0.066192787567 40 0.099816918808 45 0.135970210204 47 0.102707358264 71 0.129192111590 78 0.096881269436 106 0.089588456068 112 0.061960316810 115 0.062814489304 116 0.142110040071 170 0.145558667216 176 0.139816403841 183 0.143748236419 194 0.053146594416 198 0.016505080363 200 0.121722911538 208 0.074336115324 -1 0
8 9 0.050793925566 27 0.118444558824 43 0.075600496668 48 0.107150898567 55 0.117539126497 58 0.057528907053 61 0.114190574600 65 0.095514468943 93 0.066869343448 99 0.067014928807 101 0.112486536468 107 0.074826017438 119 0.105251598729 131 0.141630576913 152 0.142727045761 164 0.115608775586 189 0.137397395934 202 0.130474038149 204 0.091701567105 -1 0
9 43 0.028598034120 48 0.131548361970 55 0.103733547773 58 0.105035803987 61 0.063573093301 65 0.100572773935 93 0.016232596711 99 0.016241272008 101 0.143214627447 107 0.055730618283 123 0.101140330135 164 0.130743377327 189 0.116623924599 204 0.050257963857 -1 0
10 37 0.041058295763 64 0.118821164652 73 0.080033222064 79 0.134128146953 103 0.106085626237 128 0.111342090179 141 0.144979737868 144 0.111547098178 154 0.013466153856 168 0.118422194898 187 0.096307951084 -1 0
11 26 0.145679304176 51 0.141326432263 53 0.017990292309 54 0.098749574121 56 0.085710408190 63 0.107416763699 70 0.034863788159 77 0.091362010610 83 0.079962537394 98 0.114794383031 127 0.090950347662 134 0.088650493297 136 0.120937399633 137 0.071301714361 153 0.080462797975 156 0.105402306427 161 0.041080823964 162 0.124075135723 167 0.138842653732 200 0.137865674696 -1 0
12 34 0.133391145710 69 0.081074514437 74 0.141153414484 84 0.100139036395 88 0.102759644000 108 0.085807605915 113 0.033878480946 151 0.136883582838 170 0.142573581610 182 0.083671412566 196 0.140202698023 -1 0
13 19 0.095290950978 20 0.108573830234 47 0.122718040042 87 0.126760604854 106 0.136331098013 134 0.115341536241 137 0.138607253090 153 0.095150077628 161 0.127235931826 163 0.125516165428 194 0.119527632644 200 0.086179286072 208 0.142422761424 -1 0
14 29 0.049609331447 38 0.060346815759 85 0.081679303277 117 0.109713758835 130 0.136036385547 139 0.070227410617 151 0.131106190435 171 0.078853211494 179 0.041537285121 182 0.107296288699 -1 0
15 17 0.073479745224 36 0.067537787675 60 0.082521602224 89 0.132975407512 125 0.127565528022 135 0.047188362059 173 0.065177011911 180 0.110159815054 -1 0
16 110 0.135929769725 118 0.106329612368 138 0.034315940136 142 0.139744537788 158 0.112780332301 160 0.124529743762 166 0.143323242154 185 0.050702487138 199 0.126113423108 206 0.135893330515 -1 0
17 36 0.105834603772 60 0.136004168654 104 0.096653948342 135 0.116607539369 173 0.136986814054 175 0.123647727351 180 0.129485501736 -1 0
18 39 0.021497953205 42 0.050397751109 52 0.101413306968 56 0.123254002196 59 0.130302830891 96 0.093792217162 97 0.045195278170 102 0.101429686608 122 0.067732588804 137 0.124825581995 145 0.088206870104 149 0.135659815848 172 0.127996405803 207 0.087743996220 -1 0
19 20 0.110833614988 40 0.144297980846 47 0.081550277422 78 0.129359123168 87 0.141020470122 106 0.074497464048 112 0.112421006027 115 0.115917319097 134 0.126210813867 153 0.125915832426 163 0.145910908898 194 0.037822413580 198 0.080486167175 200 0.071177292143 208 0.075765622294 -1 0
20 44 0.123569132747 47 0.049830792485 87 0.030419891761 109 0.136632333643 116 0.115517897253 163 0.036626430765 176 0.095382122674 194 0.096644379824 208 0.083956225127 -1 0
21 22 0.092167169175 28 0.101130455995 44 0.098761280970 49 0.085575380786 81 0.021014525086 90 0.109787667899 91 0.090545771523 94 0.096542218873 109 0.071904203384 121 0.113544583069 150 0.118281838316 174 0.109190502624 186 0.018607847602 188 0.127148831656 199 0.129942627595 201 0.133335824509 -1 0
22 32 0.130454160475 81 0.074024850544 91 0.096301754696 94 0.023807614337 95 0.124966742424 109 0.111642735645 150 0.039872279566 186 0.074401654441 199 0.113256923345 201 0.126076982309 209 0.124193772945 -1 0
23 62 0.082492941521 71 0.121198026058 115 0.100199210380 116 0.124609232746 118 0.101203145619 165 0.010749619566 176 0.143250394407 183 0.062077195361 206 0.136764979861 -1 0
24 75 0.095115582120 124 0.111862128958 144 0.085794209544 -1 0
25 28 0.136751302889 42 0.112325613879 59 0.136859443033 80 0.118397464674 90 0.134760668880 96 0.142097614810 100 0.041429230364 111 0.017358551885 121 0.124204681274 129 0.025149169027 172 0.120963851067 174 0.131011997124 181 0.109380412891 188 0.116296750859 192 0.083934600463 207 0.103543147475 -1 0
26 34 0.040800751656 53 0.135466177138 54 0.064014136333 64 0.127290467349 68 0.030309540975 74 0.059371543018 77 0.055429874936 134 0.125602252488 162 0.022197703609 167 0.065208204260 195 0.042536337536 -1 0
27 58 0.096544654830 119 0.051298478845 131 0.023209996842 146 0.120902717392 152 0.092036938758 184 0.057687260473 -1 0
28 44 0.080115741167 49 0.016023382582 50 0.143935773304 59 0.105068479169 81 0.121985804615 90 0.024041485507 100 0.098082119272 121 0.012621516300 155 0.137982105507 174 0.013990031917 186 0.119707581248 188 0.039245228769 192 0.079874055245 207 0.135325413225 -1 0
29 38 0.087206805083 64 0.145049925579 79 0.123375554022 85 0.092860493620 117 0.094534366613 139 0.105572632354 171 0.030723807860 179 0.032180396964 182 0.084450171200 195 0.145531172151 -1 0
30 52 0.094812329940 102 0.129369080278 104 0.135829419342 114 0.040078107360 122 0.137362800722 136 0.126873644615 145 0.108014510690 149 0.060362131550 169 0.144098690554 175 0.089018810488 178 0.051271929554 193 0.093094838053 205 0.089681901501 -1 0
31 82 0.087796101653 103 0.133116101918 128 0.134636900257 141 0.114777062074 168 0.121038407376 -1 0
32 66 0.089610108475 76 0.066692379083 94 0.115687200446 95 0.055003114765 133 0.114247809203 150 0.141032710918 177 0.127192365111 197 0.089620535006 201 0.142281296041 209 0.119789362768 -1 0
33 36 0.112734153935 60 0.082659968691 89 0.031004704661 92 0.100501333671 125 0.037270013688 180 0.111559463173 191 0.123649778020 -1 0
34 54 0.104791491086 68 0.031360092165 74 0.040496524487 77 0.090565208528 134 0.145789588586 162 0.058979916926 167 0.069429367661 182 0.124297986027 195 0.047653413506 -1 0
35 41 0.009638920915 84 0.132557054975 146 0.070147823789 151 0.069759078656 184 0.140141890653 -1 0
36 60 0.034530989757 89 0.082056209662 104 0.128487033182 125 0.084599310402 135 0.096529492366 169 0.145807630841 173 0.102163290074 180 0.045145452229 -1 0
37 64 0.097269745968 73 0.048724042496 79 0.093070193682 103 0.092123974645 117 0.138344738247 128 0.122249974676 154 0.045169377231 168 0.104506855983 187 0.075032322506 -1 0
38 79 0.125026899632 85 0.030736959322 117 0.079731213181 130 0.075786599763 139 0.022693844284 159 0.138414661847 171 0.104098602727 179 0.097246192759 -1 0
39 42 0.064134770778 52 0.079987424101 56 0.115125861589 96 0.084135966387 97 0.024000341644 102 0.084698565915 122 0.048683625558 127 0.146053105861 136 0.143541400097 137 0.122260410972 145 0.066717071710 149 0.114177261763 169 0.141753615699 172 0.122450336653 207 0.107280795704 -1 0
40 45 0.090629336036 46 0.127941138156 69 0.121464349694 71 0.108031333645 74 0.144586268578 78 0.027491941151 106 0.101682243125 108 0.140492617500 112 0.038116472767 115 0.136951616857 120 0.102825969113 170 0.049488142114 196 0.146081367266 198 0.085477900036 -1 0
41 84 0.139522965850 146 0.079677878006 151 0.067236820859 -1 0
42 52 0.136711885100 59 0.106270433478 96 0.084440482567 97 0.080156645712 100 0.110486925971 102 0.110018614921 111 0.121162488033 122 0.089746810491 129 0.097573287011 145 0.121224736638 172 0.103526482063 207 0.052100743685 -1 0
43 48 0.135533897723 55 0.122226969232 58 0.124640933469 61 0.041619800715 65 0.096369577119 93 0.020959885737 99 0.019337626513 107 0.045176084566 123 0.092274564510 164 0.129525135759 189 0.130860694511 204 0.056407466551 -1 0
44 49 0.071395567327 59 0.085286566377 81 0.112146140233 87 0.095314684407 90 0.063619156769 91 0.131909358023 109 0.096865296273 121 0.088160237959 163 0.087412447597 174 0.073477826815 186 0.112957071499 188 0.119072256781 207 0.138952986471 -1 0
45 46 0.069838728298 69 0.144956248332 71 0.030068748015 78 0.117573166034 101 0.140874760688 112 0.095658392464 115 0.129832530061 120 0.023387452654 170 0.080030240609 183 0.091122736622 196 0.126286573450 198 0.120065743457 202 0.124327776349 -1 0
46 48 0.095011673857 58 0.144018190766 65 0.139607901103 69 0.111602021802 71 0.094107891064 88 0.110244131171 101 0.081765006321 108 0.111975524200 120 0.047015201224 152 0.127917895268 164 0.106215247762 170 0.088509834234 196 0.066940757086 202 0.062474844377 -1 0
47 87 0.076818118029 115 0.106055111170 116 0.087880481139 163 0.084696309963 176 0.071689577531 194 0.054503846331 198 0.118428324030 208 0.034128064514 -1 0
48 58 0.077254642253 65 0.048240191813 93 0.144043904328 99 0.142975454328 101 0.020174384646 107 0.094180377023 119 0.125775551008 120 0.126106432682 152 0.125696029036 164 0.024258841453 196 0.124141567718 202 0.037130804613 -1 0
49 59 0.110269169857 81 0.106326977525 90 0.029380882844 100 0.113633031032 109 0.130707950445 121 0.028641703715 155 0.139711716054 174 0.024500410316 186 0.104179796056 188 0.052036939683 192 0.094466092640 207 0.145654704451 -1 0
50 67 0.141643004285 80 0.074356683227 86 0.107418847767 121 0.140139084539 132 0.081388439887 143 0.144163728431 155 0.046284459846 181 0.079188221964 188 0.109540784558 190 0.087396209196 192 0.099621066601 201 0.137417009413 -1 0
51 56 0.134970571465 63 0.075334159693 70 0.141548964376 75 0.114374756600 83 0.067338133559 98 0.051176329915 114 0.131950851666 124 0.072564738564 127 0.092376989875 136 0.088291359708 144 0.116832163574 156 0.039541361828 193 0.128653575391 -1 0
52 56 0.112099239071 96 0.099932140875 97 0.057738857896 98 0.137184062531 102 0.067838164446 114 0.107801158184 122 0.051528035138 127 0.118474849497 136 0.099983718236 137 0.137509588404 145 0.016060772974 149 0.034535239894 169 0.118228467120 172 0.140479863782 178 0.144669858814 205 0.093447344454 -1 0
53 54 0.095170724804 56 0.099273604707 63 0.118715044482 68 0.140525535079 70 0.046497142996 77 0.080167317018 83 0.097807436069 98 0.132759344515 127 0.108291475828 134 0.070807392999 136 0.138370998832 137 0.080180658621 153 0.064461898642 156 0.122847323243 161 0.044368616538 162 0.113423307430 167 0.122939695678 200 0.121038547183 -1 0
54 63 0.090559800841 64 0.117720316967 68 0.087478561818 70 0.132938377647 74 0.115805772436 77 0.044009007869 83 0.136018200248 134 0.120590411595 153 0.135241371679 156 0.146124152600 161 0.138355457437 162 0.051027857343 167 0.102089997078 195 0.087016233063 -1 0
55 61 0.125227091591 93 0.101678784017 99 0.103342974009 123 0.103185123391 189 0.024023857280 204 0.070994434580 -1 0
56 70 0.052902217203 83 0.074028286678 97 0.115913516234 98 0.085991112574 122 0.136565144927 127 0.043032946674 136 0.062778112210 137 0.032723665456 145 0.116588723235 149 0.132007036228 153 0.136991959592 156 0.097303648184 161 0.064894837809 -1 0
57 62 0.124654029039 72 0.072423394777 105 0.021695463142 -1 0
58 65 0.094159587383 93 0.121193515620 99 0.120979945817 101 0.072460587832 107 0.104496051713 119 0.061038799652 131 0.117851945584 152 0.088029128374 164 0.096138696624 184 0.126948956935 196 0.135351317097 202 0.085835789317 -1 0
59 87 0.139074366806 90 0.081790184066 100 0.101925886762 121 0.102185993829 129 0.142546156169 163 0.130189407607 174 0.091125889436 188 0.128626241066 192 0.144424120462 207 0.055907691804 -1 0
60 89 0.051722769211 125 0.051018322349 135 0.094581769342 173 0.092550018040 180 0.062156537271 -1 0
61 65 0.131385983445 93 0.048133779135 99 0.047642345487 107 0.080405809955 123 0.059410919580 189 0.126093019546 204 0.054795192901 -1 0
62 105 0.117688155492 126 0.096080077052 140 0.101178227743 160 0.113833677365 165 0.076006781788 183 0.104926045361 206 0.097358470455 -1 0
63 64 0.138199238938 70 0.126156456592 77 0.126126618295 83 0.078389879053 98 0.096711624043 124 0.125111952934 127 0.116830253203 136 0.131520222155 144 0.145829843861 156 0.071847244202 161 0.143445084100 162 0.141528041402 -1 0
64 73 0.051383624823 79 0.106329156336 117 0.134649096691 154 0.130488517415 162 0.137279027236 171 0.114331939516 195 0.099247691611 -1 0
65 93 0.109510177409 99 0.108140960986 101 0.067807586809 107 0.051567591134 164 0.034051068809 202 0.085303428582 -1 0
66 76 0.025744511491 95 0.136367046158 133 0.117519255853 177 0.043775584525 197 0.080513096374 -1 0
67 80 0.080150199001 86 0.063347939764 92 0.058543580544 111 0.143203520389 132 0.085733178733 143 0.023260307354 147 0.010397332466 181 0.083397425782 190 0.083758711281 191 0.030746124917 -1 0
68 74 0.029495070775 77 0.063316929710 106 0.133326272273 134 0.114621171455 153 0.140487451417 162 0.036664720239 167 0.041160227213 195 0.063200279747 -1 0
69 78 0.132634584591 84 0.092698743803 88 0.045684491509 108 0.021150746960 113 0.075924797817 120 0.134314680097 152 0.125918225685 170 0.078462553168 196 0.064420110497 -1 0
70 77 0.125549552892 83 0.074481775962 98 0.104027503893 127 0.069826586621 134 0.107291529212 136 0.099350240459 137 0.036848906610 153 0.090792556250 156 0.102409121708 161 0.021420350986 -1 0
71 78 0.133058059709 112 0.102507945733 115 0.109984677679 120 0.047882451224 165 0.130813687393 170 0.107305691698 183 0.061222792208 198 0.114765788038 202 0.141042121055 -1 0
72 105 0.067671111864 -1 0
73 79 0.075388267620 103 0.131554994802 117 0.115802788434 154 0.089052061054 168 0.142995917947 171 0.130846407335 187 0.110710005479 -1 0
74 77 0.086094193349 78 0.121352144706 106 0.115391724847 134 0.118092867576 153 0.145076402550 162 0.064800901958 167 0.038099581414 195 0.085298677259 200 0.140232458264 -1 0
75 114 0.122306735549 124 0.059841344066 144 0.091070132676 193 0.066611977334 -1 0
76 95 0.110932077327 133 0.119606547404 177 0.069013233435 197 0.082968588222 209 0.144450343295 -1 0
77 106 0.142910438947 134 0.081064582225 153 0.100247228951 161 0.123975769084 162 0.033288549385 167 0.062597738563 195 0.094748133257 200 0.131262489553 -1 0
78 106 0.077165661728 112 0.043455152636 115 0.144720436300 120 0.130313075084 167 0.124621990141 170 0.070744697596 194 0.141022593924 198 0.085604143283 200 0.134012809778 -1 0
79 85 0.097303146773 103 0.121575075361 117 0.045300546385 130 0.126835925243 139 0.145408939104 154 0.136928741599 159 0.126473940056 168 0.128324992665 171 0.103857929596 187 0.099573750547 -1 0
80 86 0.081756734508 92 0.136828105702 100 0.126691330615 111 0.114980447104 121 0.145377546394 129 0.139230087701 132 0.075164557437 143 0.092156077966 147 0.090538958576 155 0.118358561876 181 0.009087961048 188 0.115456698125 190 0.079040974073 191 0.104621888108 192 0.078908260309 -1 0
81 90 0.129737026002 91 0.074780092747 94 0.081874632106 109 0.063317797444 121 0.134443832914 150 0.097673296053 174 0.129681133602 186 0.004588094795 199 0.112576201056 201 0.135651404564 -1 0
82 103 0.081880880291 128 0.127406024365 141 0.130256637507 159 0.088626194592 168 0.070633609577 187 0.091646375029 -1 0
83 98 0.035742473456 124 0.139883406441 127 0.038443191819 136 0.057149337698 137 0.091928744827 156 0.027947307457 161 0.095869955263 -1 0
84 88 0.061066306077 108 0.074213549375 113 0.066845418977 119 0.131209657586 146 0.107931618609 151 0.119568147934 152 0.091467528193 184 0.101866432388 196 0.102072138292 -1 0
85 117 0.052500557243 130 0.061521225215 139 0.048421000810 159 0.114512241613 171 0.100785775656 179 0.111516104211 -1 0
86 92 0.110819889168 132 0.029146509535 143 0.050022487779 147 0.067487965469 181 0.090012058297 190 0.024517463267 191 0.092160308645 -1 0
87 91 0.132754040877 109 0.109647513731 116 0.124482644593 163 0.009019575789 176 0.104051688572 194 0.126599437656 208 0.110246906993 -1 0
88 101 0.144065509851 108 0.025027244538 113 0.081685880725 119 0.129961688966 120 0.146184703697 152 0.081687714519 170 0.112710974371 184 0.131606940072 196 0.044700222304 202 0.129221783476 -1 0
89 92 0.127302293604 125 0.017179138602 135 0.135652573716 173 0.126916638894 180 0.086224588038 -1 0
90 100 0.093846097993 109 0.143251398895 121 0.026393520484 174 0.011439793030 186 0.128214992804 188 0.058033378410 192 0.092487974483 207 0.116584031929 -1 0
91 94 0.117651537626 109 0.035046402538 150 0.087092677151 163 0.133982740218 176 0.139959907603 186 0.079341227507 199 0.040613119820 -1 0
92 125 0.137559631001 132 0.137947809188 143 0.061029816266 147 0.049020021184 181 0.138680138080 190 0.134579361939 191 0.033089848544 -1 0
93 99 0.001664193248 107 0.060703789866 123 0.085826946956 164 0.141217915412 189 0.111474806254 204 0.039357908270 -1 0
94 95 0.103409449520 109 0.129132251409 150 0.060848441742 186 0.080914289096 199 0.136828048808 201 0.104008780575 209 0.131798106503 -1 0
95 197 0.143708006189 201 0.091187894386 -1 0
96 97 0.073633046179 102 0.038589451899 104 0.122023935279 111 0.140255377849 122 0.053657953358 129 0.117642316997 145 0.085444864440 149 0.119137420234 169 0.067435958815 172 0.042333525879 205 0.100058801282 207 0.134205654258 -1 0
97 102 0.065033030307 122 0.027326332043 127 0.140776746988 136 0.133470986673 137 0.129157763664 145 0.043454811915 149 0.091291844749 169 0.123717235108 172 0.115050160428 205 0.124832312048 207 0.127603906867 -1 0
98 114 0.115554786978 124 0.118674085928 127 0.042974790306 136 0.038529650387 137 0.112302333859 149 0.135242835857 156 0.024877623046 161 0.125201049874 193 0.137027238230 -1 0
99 107 0.059171663254 123 0.086510271764 164 0.139949276735 189 0.113103515529 204 0.040789112225 -1 0
100 111 0.058440910137 121 0.085848892823 129 0.059655309736 174 0.090939375701 181 0.117824069713 188 0.084571483530 192 0.065601023593 207 0.082685387794 -1 0
101 107 0.110999193094 119 0.113040111456 120 0.118231196135 152 0.107759067557 164 0.043420257047 196 0.104489919520 202 0.019759024848 -1 0
102 104 0.105181848877 122 0.037801186759 145 0.056157754163 149 0.081757160576 169 0.059047261744 172 0.074262996709 205 0.068772621801 -1 0
103 128 0.067651250875 141 0.090526395184 154 0.096119000312 159 0.138092636173 168 0.012575386679 187 0.022715238445 -1 0
104 122 0.141905650056 145 0.145144515483 149 0.133995416017 169 0.055164176288 172 0.120187043976 175 0.092937163886 178 0.141849539208 180 0.116137184230 205 0.055895660534 -1 0
105 126 0.134229663354 140 0.127032116529 -1 0
106 112 0.087696640763 134 0.090839300168 153 0.106567575092 167 0.094279126093 194 0.103769424735 198 0.091639035252 200 0.056852490552 208 0.141900811978 -1 0
107 123 0.136375179988 164 0.085268694538 202 0.130349635725 204 0.099791312718 -1 0
108 113 0.071909730914 120 0.141252230527 152 0.106401492338 170 0.095156222321 196 0.054401108918 202 0.142117565675 -1 0
109 150 0.113342730784 163 0.108974523750 176 0.142816997789 186 0.067608974140 199 0.072926236117 -1 0
110 138 0.102272498090 142 0.003905606435 157 0.133697589681 158 0.116390593569 160 0.140863130560 166 0.022624517388 185 0.087306480846 203 0.093090795249 -1 0
111 121 0.139241627844 129 0.024678571063 172 0.114518504509 181 0.106239272019 188 0.128847222832 191 0.142861379990 192 0.092915508983 207 0.118092068188 -1 0
112 115 0.101897000652 120 0.114281681719 170 0.084139388755 183 0.142580417134 194 0.112891896401 198 0.047361829162 200 0.140259503901 208 0.136004137460 -1 0
113 151 0.117712414206 182 0.101777662984 196 0.124117996668 -1 0
114 127 0.133542359250 136 0.103516008349 145 0.123334550064 149 0.077819258934 156 0.136861942150 175 0.123162693115 178 0.069826967591 193 0.062938270485 205 0.127825607425 -1 0
115 116 0.099869259747 118 0.141821263128 165 0.109554098596 176 0.106027152697 183 0.097324761174 194 0.084436368720 198 0.063679063051 208 0.072294576593 -1 0
116 118 0.077067917483 163 0.133265393117 165 0.126489638692 176 0.020495692366 194 0.120358387480 199 0.128999930152 208 0.081537456943 -1 0
117 130 0.093012962770 139 0.100236088540 159 0.115789324968 171 0.085331096313 179 0.123502142893 187 0.136125499098 -1 0
118 138 0.135686316422 160 0.132061043383 165 0.096191572180 176 0.095678648646 199 0.133190005802 206 0.130671200891 -1 0
119 131 0.066090613346 146 0.138218863802 152 0.048286323870 184 0.066006917134 196 0.123391664104 202 0.117401426937 -1 0
120 164 0.129514048879 170 0.080329104836 183 0.105333449369 196 0.107273166496 198 0.142332599007 202 0.101261519177 -1 0
121 129 0.145250284108 155 0.138300371464 174 0.015120374500 181 0.139479442209 186 0.132096317703 188 0.031667773730 192 0.069033156927 207 0.127702338882 -1 0
122 136 0.143769926562 145 0.035553753764 149 0.079630068975 169 0.096715526944 172 0.095975793709 205 0.099221776097 207 0.140883936010 -1 0
123 189 0.092912941992 204 0.058128346600 -1 0
124 144 0.053876001558 156 0.112003537028 193 0.109562281895 -1 0
125 135 0.124785604158 173 0.114114215054 180 0.096797750755 -1 0
126 140 0.012383569587 160 0.050254531333 206 0.041626377362 -1 0
127 136 0.030125188261 137 0.070426654858 145 0.128065066526 149 0.127375112674 156 0.056151505441 161 0.089426596632 -1 0
128 141 0.034032670693 154 0.097906119632 168 0.069243749160 187 0.085236549598 -1 0
129 172 0.095885622774 181 0.130397699442 188 0.139988040539 192 0.109027441358 207 0.100575981216 -1 0
130 139 0.074421012408 159 0.069323759470 -1 0
131 146 0.099688453675 152 0.098170520057 184 0.044756963710 -1 0
132 143 0.076959829702 147 0.091919485328 155 0.122363181786 181 0.084219768314 190 0.006027711936 191 0.116115376705 -1 0
133 150 0.134534155553 157 0.076989395391 158 0.080655169840 177 0.116001664301 197 0.037165520617 203 0.116067725499 209 0.040087894620 -1 0
134 137 0.128918397665 153 0.027049009249 161 0.092232835091 162 0.105898464638 167 0.080037490809 200 0.055041674939 -1 0
135 173 0.021788941909 180 0.141658717086 -1 0
136 137 0.094397708954 145 0.112119988493 149 0.102569904070 156 0.061574065017 161 0.118187766691 193 0.142094063230 -1 0
137 145 0.139221622425 153 0.106903977804 156 0.118566029974 161 0.038304126851 -1 0
138 142 0.106128593884 158 0.091844351682 160 0.120329719927 166 0.109013471313 185 0.016568802584 203 0.131913626192 206 0.134482886435 209 0.143189339391 -1 0
139 159 0.142048341093 171 0.125080628116 179 0.110580388909 -1 0
140 160 0.061453087915 206 0.053856366048 -1 0
141 154 0.131517206875 168 0.087783945853 187 0.111319199053 -1 0
142 157 0.135238393968 158 0.119415356840 160 0.142496639534 166 0.022819971191 185 0.091197900086 203 0.094144682509 -1 0
143 147 0.020787505045 181 0.097180648886 190 0.073554103584 191 0.044259753158 -1 0
144 154 0.112067137655 -1 0
145 149 0.047884990727 169 0.110623745815 172 0.126732055229 205 0.093628847586 -1 0
146 151 0.120061093423 152 0.134268390950 184 0.072340845581 -1 0
147 181 0.093777730012 190 0.089399514108 191 0.024676054972 -1 0
148 157 0.085369570003 158 0.144557066960 166 0.143795013372 203 0.088077088697 -1 0
149 169 0.117960979316 175 0.129024433080 178 0.110182972122 193 0.140731750761 205 0.078118885376 -1 0
150 186 0.099678054004 199 0.089225056423 209 0.097683003081 -1 0
151 179 0.124634070790 182 0.124546974373 -1 0
152 184 0.073082729222 196 0.079344219530 202 0.103646176295 -1 0
153 161 0.072720997617 162 0.128421611579 167 0.106993335005 200 0.058064908918 -1 0
154 168 0.108209403866 187 0.088533127682 -1 0
155 181 0.121827415623 188 0.112803445428 190 0.128133315108 192 0.120580586288 201 0.091283961677 -1 0
156 161 0.123780603191 -1 0
157 158 0.062147088881 166 0.113505321572 177 0.139974035129 185 0.135966410409 197 0.099378860241 203 0.043465317676 209 0.100327850583 -1 0
158 166 0.104077271200 185 0.082210150383 197 0.116706335340 203 0.067855612537 209 0.075324996766 -1 0
159 168 0.132678393876 187 0.132403998679 -1 0
160 165 0.138330943373 185 0.124664006369 206 0.016607125835 -1 0
161 200 0.128973158514 -1 0
162 167 0.056938416066 195 0.063176757781 -1 0
163 176 0.112864690758 194 0.133270574005 208 0.118390191060 -1 0
164 196 0.144344696895 202 0.056736786674 -1 0
165 176 0.145739134754 183 0.070838569840 206 0.126061909763 -1 0
166 185 0.092842817273 203 0.071696263111 -1 0
167 195 0.103716313741 200 0.106868305403 -1 0
168 187 0.032615294594 -1 0
169 172 0.067970645027 175 0.134053491387 180 0.116307770848 205 0.055724399410 -1 0
170 196 0.096669075947 198 0.129987580293 -1 0
171 179 0.060215820583 182 0.094477347450 195 0.123965047912 -1 0
172 180 0.122606441677 205 0.117939411817 207 0.145042814568 -1 0
173 -1 0
174 186 0.127781283660 188 0.046781827305 192 0.082852477514 207 0.122125677176 -1 0
175 178 0.062472015739 205 0.088341967515 -1 0
176 194 0.110894941441 199 0.125734457911 208 0.072226784219 -1 0
177 197 0.084183919774 -1 0
178 193 0.086741422455 205 0.112518172851 -1 0
179 182 0.066755432590 -1 0
180 -1 0
181 188 0.110192905820 190 0.088037608183 191 0.105999067002 192 0.071983281004 -1 0
182 195 0.124366301721 -1 0
183 198 0.134325818424 -1 0
184 -1 0
185 203 0.116633552923 206 0.139772226383 209 0.140660734993 -1 0
186 188 0.144918130936 199 0.116999860988 201 0.131556621069 -1 0
187 -1 0
188 192 0.043839660716 207 0.144787095645 -1 0
189 204 0.075477204634 -1 0
190 191 0.113822091086 -1 0
191 -1 0
192 207 0.143524622857 -1 0
193 -1 0
194 198 0.069647776488 200 0.108986183101 208 0.038935221324 -1 0
195 -1 0
196 202 0.087717111273 -1 0
197 203 0.142089953626 209 0.069777638002 -1 0
198 200 0.130259695185 208 0.088822735906 -1 0
199 -1 0
200 -1 0
201 -1 0
202 -1 0
203 209 0.130834464708 -1 0
204 -1 0
205 -1 0
206 -1 0
207 -1 0
208 -1 0
209 -1 0
