0.000000
1.000000
60
4
0.300000
0.200000
0.050000000000 0.050000000000
0.050000000000 0.950000000000
0.950000000000 0.050000000000
0.950000000000 0.950000000000
0 18 0.105641407055  22 0.068944926655  23 0.312602959826  30 0.145636088584  47 0.313610887655  48 0.268455742898  54 0.039015577466  55 0.162283939040  -1 0
1 8 0.278152360284  10 0.198633584648  11 0.221292666170  21 0.313244882175  26 0.073270039919  36 0.146087590066  38 0.054841599506  45 0.222756934319  -1 0
2 0 0.318326941392  24 0.185384757666  25 0.186561225777  28 0.256178150202  29 0.183363666667  41 0.119528384289  -1 0
3 2 0.222313989465  19 0.173634447428  33 0.179935823844  49 0.173062763822  -1 0
0 4 0.179119447558 7 0.076228916973 9 0.205872234865 17 0.078604108352 24 0.190142516065 25 0.338290300311 27 0.076833629863 28 0.260929727195 29 0.082575394151 32 0.234055750406 37 0.142219282939 41 0.229753521855 44 0.168433230407 50 0.164409560060 59 0.212854288104 -1 0
1 3 0.148184603361 8 0.181988823916 11 0.243228356666 12 0.244237928749 13 0.096499828263 15 0.213465099816 16 0.115022406718 20 0.113698451283 23 0.242841562414 40 0.287558873950 42 0.018774026316 45 0.251687851438 53 0.247261436887 57 0.134339981133 58 0.232652942918 -1 0
2 6 0.276570825435 9 0.160334484913 19 0.171043756977 33 0.163664158044 49 0.160061175142 50 0.266846747597 -1 0
3 8 0.156716810999 11 0.200039478050 13 0.230600373819 15 0.208069357125 16 0.257055634377 20 0.120108879621 23 0.260888838669 40 0.205116614818 42 0.127691635345 45 0.257156388262 57 0.126044929423 -1 0
4 7 0.134630042979 14 0.161001641120 17 0.304311213437 24 0.158749667074 25 0.248139987244 27 0.159277840665 28 0.137551831741 29 0.249453388410 32 0.219876179710 37 0.125321954812 41 0.230265679171 44 0.101219108073 51 0.156983361325 52 0.232127291207 53 0.285139920336 59 0.057006783353 -1 0
5 6 0.218921580267 7 0.281266666302 13 0.204405450880 16 0.245947874228 27 0.243486682843 31 0.007035600525 32 0.047379777802 34 0.241674707249 35 0.165320199557 37 0.201724870886 39 0.243205504310 44 0.196205764136 53 0.187806515463 58 0.044215213566 -1 0
6 9 0.240986842247 19 0.243385976581 31 0.202797450360 32 0.228652956719 33 0.235180140003 34 0.232445458012 35 0.112508636815 39 0.216181354388 49 0.134299682239 58 0.169949388481 -1 0
7 9 0.260442731514 17 0.177701924001 24 0.155109517994 25 0.233968615190 27 0.053420397116 28 0.179730280736 29 0.177415652872 31 0.262739547410 32 0.209077293639 37 0.067941083718 41 0.301788685222 44 0.099455493086 50 0.190146820812 51 0.265229190379 59 0.179908286286 -1 0
8 10 0.206565023809 11 0.020507714306 12 0.258148814557 13 0.305221992457 20 0.233307772215 26 0.263222176970 36 0.246353019628 38 0.226290511043 42 0.188317862362 45 0.149557274853 57 0.094324174851 -1 0
9 17 0.215411741467 19 0.305114101583 27 0.215739091721 29 0.322292742012 32 0.246859897760 33 0.302318726348 49 0.284206931079 50 0.129585611486 -1 0
10 11 0.231388916509 12 0.113107024231 21 0.137777497664 26 0.266684947386 34 0.336476105183 36 0.077924815246 38 0.183095312598 43 0.191719582948 45 0.079355992906 46 0.172836422668 57 0.242899122130 -1 0
11 12 0.243766264354 13 0.295716197001 20 0.268790559754 26 0.233024031391 36 0.254894545317 38 0.234781798086 42 0.196498961088 45 0.150398248508 57 0.096762561375 -1 0
12 13 0.296164091063 21 0.131285744377 34 0.204303631686 35 0.341861674518 36 0.165900751780 39 0.256558873989 42 0.320457549932 43 0.164587236134 45 0.129587007277 46 0.072992159847 57 0.215601568084 -1 0
13 15 0.276948475931 16 0.062911571190 20 0.145068635054 31 0.257097098997 32 0.294377986727 34 0.235698318308 35 0.332707270366 42 0.116922081526 45 0.229580526234 46 0.308611489406 53 0.151930486253 57 0.209827815252 58 0.180605673652 -1 0
14 24 0.304723909512 25 0.313553365730 28 0.191238666803 37 0.340540368484 41 0.257171341073 44 0.248386059388 47 0.237161770416 48 0.262003251262 51 0.068368623335 52 0.187548359845 56 0.182816055464 59 0.160326755892 -1 0
15 16 0.219134315757 20 0.092222623565 22 0.277655937338 23 0.097003233716 30 0.232337804942 40 0.188293446558 42 0.175758618291 48 0.169305439571 52 0.221541640021 53 0.219790564910 55 0.207521400489 57 0.343150606678 -1 0
16 20 0.129918461708 23 0.306771336922 31 0.232939169381 32 0.227291675521 34 0.311497914772 42 0.110676188728 53 0.132492324250 57 0.244825713968 58 0.196521793291 -1 0
17 24 0.277843752103 27 0.152158394531 29 0.116927994158 32 0.316614003909 37 0.232212010765 44 0.290473909938 50 0.093084672378 -1 0
18 22 0.085307460630 23 0.230663806577 30 0.104342369834 47 0.161023736714 48 0.166886831883 52 0.201674488957 54 0.095019231649 55 0.105872712109 56 0.217142876891 -1 0
19 33 0.031327056497 35 0.270656326746 39 0.272071600501 49 0.064889288995 -1 0
20 23 0.189847331802 40 0.188923351165 42 0.088216983667 48 0.317617115728 53 0.207974501057 57 0.176948519605 -1 0
21 34 0.278209828992 36 0.121324066785 39 0.237248555272 43 0.049214659566 45 0.209896454720 46 0.154374678898 -1 0
22 23 0.207816835777 30 0.044461282602 40 0.281499915561 47 0.190960990146 48 0.191723494788 52 0.250343457528 54 0.069387958420 55 0.065446549570 56 0.222838290287 -1 0
23 30 0.159509028214 40 0.254488844897 42 0.289192578310 47 0.252875170270 48 0.080089167930 52 0.157250158916 53 0.261755455668 54 0.280256476848 55 0.120335991588 56 0.298570993259 -1 0
24 25 0.120251289763 27 0.203086536029 28 0.074457880009 29 0.173683059471 37 0.211044630865 41 0.092789901450 44 0.230078876356 51 0.234298859666 59 0.191784524037 -1 0
25 28 0.103416251950 29 0.290253505295 41 0.047521043618 51 0.308687297282 59 0.259743872880 -1 0
26 36 0.166735042080 38 0.013375447471 45 0.273971929271 -1 0
27 28 0.247730059952 29 0.168855353335 31 0.207655588524 32 0.160060334234 37 0.061814023251 44 0.105254492661 50 0.222210950643 53 0.263964732468 58 0.288259797048 59 0.229485705294 -1 0
28 29 0.277274165188 37 0.251631218123 41 0.093670041022 44 0.221936339541 51 0.182535381719 59 0.171721919152 -1 0
29 37 0.249470478124 41 0.208446892824 44 0.234930096431 50 0.173488970375 -1 0
30 40 0.296603806201 47 0.181636129672 48 0.153760528780 52 0.205885569796 54 0.129853066570 55 0.031800277633 56 0.260396656746 -1 0
31 32 0.055716416806 34 0.265069551366 35 0.215175564819 37 0.181920833192 39 0.327085217602 44 0.209345022998 53 0.196607160559 58 0.045373381591 -1 0
32 34 0.311584160040 35 0.256777885120 37 0.140274437108 44 0.216935333246 53 0.154209423056 58 0.127340405689 59 0.271396507724 -1 0
33 35 0.240816417921 49 0.059850920717 -1 0
34 35 0.097423817286 39 0.089545456533 43 0.205022965358 45 0.296374759106 46 0.093216286349 58 0.185889330183 -1 0
35 39 0.089891995778 46 0.186253354916 49 0.203862991674 58 0.181353080252 -1 0
36 38 0.144583632485 43 0.184645706641 45 0.159820371990 46 0.246941195277 -1 0
37 44 0.043548997768 50 0.262836080146 51 0.243860444161 53 0.213493464656 58 0.301288071889 59 0.133058796178 -1 0
38 45 0.193496143706 -1 0
39 43 0.239795737508 46 0.141920620811 49 0.261027621293 58 0.247047109734 -1 0
40 42 0.249967873816 48 0.311886499843 55 0.265320229508 57 0.267494670799 -1 0
41 59 0.266271689695 -1 0
42 45 0.269564830702 53 0.220396148512 57 0.130872506194 58 0.310042991814 -1 0
43 45 0.264151987462 46 0.156301201890 -1 0
44 51 0.187033778513 52 0.297818944914 53 0.191710219508 58 0.272046305741 59 0.099498927379 -1 0
45 46 0.152492032155 57 0.162651839916 -1 0
46 58 0.272044146979 -1 0
47 48 0.144970961786 51 0.178438106201 52 0.182566151542 54 0.244375989338 55 0.164762889152 56 0.054412368365 -1 0
48 51 0.277310606782 52 0.063993531928 53 0.276856137521 54 0.279867821548 55 0.142296727217 56 0.236994914936 -1 0
49 -1 0
50 -1 0
51 52 0.154348162316 53 0.297105018197 56 0.187599210367 59 0.113269696857 -1 0
52 53 0.185549178026 55 0.200275559039 56 0.166554213415 59 0.268984863846 -1 0
53 58 0.216056456001 59 0.223662228058 -1 0
54 55 0.124342346271 56 0.344652587755 -1 0
55 56 0.222959676260 -1 0
56 59 0.246231245091 -1 0
57 -1 0
58 -1 0
59 -1 0
