0.000000
1.000000
60
4
0.300000
0.200000
0.050000000000 0.050000000000
0.050000000000 0.950000000000
0.950000000000 0.050000000000
0.950000000000 0.950000000000
0 0 0.306634941351  18 0.183977127171  26 0.245612819524  32 0.092141189456  34 0.277911135636  39 0.119536221009  40 0.303174037527  52 0.263891339074  -1 0
1 15 0.187251815482  23 0.249410224030  28 0.239634738243  44 0.266926806688  -1 0
2 13 0.192524097089  19 0.146274372216  22 0.209376873126  41 0.281799935897  48 0.235885894014  -1 0
3 4 0.025150309161  10 0.329877108261  21 0.129705062760  51 0.163701062381  55 0.173799458157  -1 0
0 14 0.110466566065 18 0.268462533121 32 0.186419606507 33 0.181505726043 34 0.035233229853 36 0.225461001992 39 0.201492126258 45 0.131031642144 50 0.087099954418 52 0.095559295176 59 0.278600628902 -1 0
1 5 0.204647982309 12 0.317182129866 21 0.209369679325 31 0.187167775999 43 0.162265694962 44 0.346598882944 46 0.253976432272 51 0.226279364794 55 0.199450714044 -1 0
2 3 0.303373683952 7 0.166846155956 9 0.193288225110 11 0.159811128043 16 0.268771016218 18 0.277282718488 20 0.087089544281 25 0.111115459360 26 0.226369975875 28 0.254060051366 29 0.192767110596 33 0.212301601408 35 0.131186987708 37 0.164477887313 38 0.213345563909 40 0.211072256616 52 0.312585039997 53 0.226884226871 58 0.207139862128 59 0.115809467745 -1 0
3 6 0.172518620424 7 0.085185365681 17 0.182302931893 24 0.185636798694 29 0.300931731394 30 0.274331546117 33 0.209612844463 35 0.195474051297 36 0.215158982236 37 0.152381869671 38 0.275632912935 42 0.229137087496 49 0.258434037510 56 0.216984351410 59 0.262465209315 -1 0
4 21 0.184240641963 51 0.219093147219 55 0.200001453048 -1 0
5 6 0.322750133186 10 0.246491444343 21 0.258888912677 29 0.230761255051 30 0.309377636551 38 0.237628744418 42 0.116552165667 43 0.198153579095 51 0.235350286113 55 0.253013129888 56 0.301389215809 -1 0
6 7 0.217219451014 8 0.299617557371 10 0.258172516982 17 0.061057023232 22 0.277572849093 24 0.084425117114 27 0.251665999784 30 0.081355002509 37 0.335242958718 42 0.125736637525 49 0.165405797298 54 0.161480931069 56 0.094270662676 57 0.343411873162 -1 0
7 11 0.350948799025 17 0.260584991764 20 0.233545075493 24 0.286277687896 25 0.258558979480 29 0.197241640785 33 0.171369848402 35 0.114473039876 36 0.280625198973 37 0.066081270874 38 0.211191164209 59 0.153502409709 -1 0
8 10 0.203372593410 17 0.178537265884 22 0.239044940102 24 0.217667648824 27 0.064582483024 30 0.149550335016 42 0.246774581348 47 0.055824757167 48 0.151298482058 49 0.232961270386 54 0.105358592778 56 0.152869153490 57 0.047872273954 -1 0
9 11 0.068209483353 16 0.272169229279 18 0.160350639754 20 0.085664014698 25 0.128714754144 26 0.103162849567 28 0.228059153901 33 0.239003449173 35 0.290253872628 37 0.326338440345 40 0.092596086415 58 0.034255350226 59 0.230639197849 -1 0
10 17 0.336921088678 21 0.171907253904 30 0.171727005644 42 0.153425716996 47 0.204672974916 51 0.298965868760 54 0.228843470612 55 0.216954741774 56 0.232648951531 57 0.289013853279 -1 0
11 16 0.269981830795 18 0.150758027570 20 0.072926234020 25 0.207645776744 26 0.097719558301 32 0.231073265105 33 0.222771375924 35 0.283401772672 37 0.221082030282 39 0.253856933813 40 0.100994293505 52 0.205979893098 58 0.093679682611 59 0.171992971594 -1 0
12 15 0.202872151805 16 0.254080444043 23 0.058569478432 28 0.188292840412 29 0.226124762245 31 0.096498535692 38 0.165841551144 43 0.144868708124 44 0.051458971254 46 0.012618056282 53 0.168864782012 -1 0
13 19 0.086658458103 22 0.256999528587 41 0.116241727721 49 0.298732628693 -1 0
14 33 0.187918885463 34 0.116758167939 36 0.106041941331 41 0.241017805278 45 0.014420382076 50 0.053176557274 52 0.244750897803 -1 0
15 16 0.126642655567 23 0.182351228047 25 0.224860829006 28 0.116951729870 44 0.225507937523 46 0.253719855058 53 0.170377793442 -1 0
16 20 0.257856853878 23 0.197994374057 25 0.126365275586 28 0.035192545910 29 0.267714398859 35 0.268772583288 38 0.273726641422 44 0.260833149051 46 0.249466099854 53 0.140182349721 58 0.246177364394 -1 0
17 22 0.222131951101 24 0.031395826748 27 0.196092553975 30 0.092023595035 42 0.184443855720 47 0.275018845356 48 0.211645281678 49 0.179179352427 54 0.126564919428 56 0.078148719016 57 0.243389260829 -1 0
18 20 0.166765644720 26 0.128854924880 32 0.132989865444 33 0.172093787962 34 0.263023338248 37 0.292102658663 39 0.109166839760 40 0.126122918622 52 0.171159628438 58 0.196878376309 59 0.193930195595 -1 0
19 22 0.171898913992 24 0.258778166489 36 0.239596618382 41 0.113646197108 48 0.209715186989 49 0.185234043726 -1 0
20 25 0.140129143910 26 0.175260851316 28 0.307192463378 29 0.227121590100 33 0.164997701057 35 0.202732859347 37 0.230456458461 39 0.251727935206 40 0.170647504863 52 0.268018924341 53 0.312674459519 58 0.141048560706 59 0.111460294240 -1 0
21 42 0.303115144943 51 0.058696362759 55 0.015594586183 -1 0
22 24 0.186511851385 27 0.135506839659 30 0.224173052037 41 0.251366576624 47 0.236499652861 48 0.074785378444 49 0.131154061844 54 0.168820202704 56 0.262625348212 57 0.213332889258 -1 0
23 25 0.258974506423 28 0.141082256026 29 0.180089341219 31 0.173968290636 35 0.303788257764 38 0.184795600204 43 0.185672245642 44 0.081434922714 46 0.083190166192 53 0.094931400402 -1 0
24 27 0.221171996090 30 0.112408401267 36 0.279259981456 41 0.307636346385 42 0.224342216555 47 0.239171879873 48 0.201896344761 49 0.144358514012 54 0.112002789837 56 0.123393154667 57 0.267482491969 -1 0
25 26 0.280663881880 28 0.153414797508 29 0.209049228322 35 0.174331224515 37 0.252193961443 38 0.284587837745 40 0.248937886355 53 0.139922556314 58 0.140746632718 59 0.195515525897 -1 0
26 32 0.228238507843 33 0.249470196386 39 0.271585175003 40 0.011851295618 52 0.233272696677 58 0.101355470084 59 0.234863371728 -1 0
27 30 0.221287422362 47 0.120283793473 48 0.089338819454 49 0.262114013247 54 0.110474907950 56 0.176874476705 57 0.078584049064 -1 0
28 29 0.232649993308 35 0.222102343359 38 0.249721437215 44 0.239317702293 46 0.198047526523 53 0.114871504546 58 0.310601704661 -1 0
29 31 0.277282310290 35 0.109478817836 37 0.259679860065 38 0.055250277462 42 0.342786547578 43 0.250952314226 44 0.210000172239 46 0.194620897037 53 0.101026251334 59 0.239393074905 -1 0
30 42 0.164846400219 47 0.246897032065 48 0.223623289226 49 0.227897885910 54 0.097321973731 56 0.002177610205 57 0.220343238506 -1 0
31 38 0.205128357674 43 0.106600048295 44 0.101420380663 46 0.070857532035 53 0.227481081201 -1 0
32 33 0.224130701208 34 0.168350552504 39 0.037194915965 40 0.254972643775 50 0.305770160709 52 0.122460092928 -1 0
33 34 0.168057697714 35 0.259155238711 36 0.238216759402 37 0.105913264662 39 0.255697542207 40 0.331803847462 45 0.199393114711 50 0.200980326962 52 0.132570911234 59 0.092771828020 -1 0
34 36 0.227373461262 37 0.225344428333 39 0.195746349076 45 0.132372919475 50 0.067196706388 52 0.103517269809 59 0.263203231035 -1 0
35 37 0.127657624164 38 0.174797999891 53 0.149527360516 58 0.247322468721 59 0.174587883393 -1 0
36 37 0.259686978482 41 0.156028379179 45 0.129048873991 49 0.205696022834 50 0.134666392625 52 0.226762920802 59 0.248478552701 -1 0
37 38 0.340742422577 50 0.286001523404 52 0.211200009955 59 0.092358270035 -1 0
38 42 0.265160710668 43 0.188154843636 44 0.191505056360 46 0.216585982777 53 0.157567923813 -1 0
39 40 0.279085017581 50 0.261408035237 52 0.139994127963 59 0.239402346780 -1 0
40 52 0.261069986293 58 0.116048511725 59 0.285603244015 -1 0
41 45 0.240119525552 49 0.198189030252 50 0.281716903686 -1 0
42 54 0.202923590970 55 0.247870143493 56 0.144348287229 -1 0
43 44 0.157735928807 46 0.116142262949 53 0.217907114177 -1 0
44 46 0.041814806995 53 0.163626337268 -1 0
45 50 0.051375152424 52 0.189604475963 -1 0
46 53 0.156291215795 -1 0
47 48 0.180211319742 54 0.137944851528 56 0.217098377388 57 0.020868288079 -1 0
48 49 0.180856583695 54 0.164112991613 56 0.282232539573 57 0.186816787808 -1 0
49 54 0.210019606689 56 0.227742643948 -1 0
50 52 0.170213513132 -1 0
51 55 0.049020472380 -1 0
52 59 0.205575135971 -1 0
53 -1 0
54 56 0.086200924644 57 0.114950823590 -1 0
55 -1 0
56 57 0.221147248640 -1 0
57 -1 0
58 59 0.256471202730 -1 0
59 -1 0
