0.000000
1.000000
60
4
0.300000
0.100000
0.050000000000 0.050000000000
0.050000000000 0.950000000000
0.950000000000 0.050000000000
0.950000000000 0.950000000000
0 5 0.176817633191  33 0.226516755958  52 0.068592900105  55 0.042838797091  -1 0
1 14 0.087318331357  23 0.120965007162  26 0.264457660060  29 0.207586275198  31 0.041217755499  32 0.256293543994  39 0.259254109962  46 0.196491207798  -1 0
2 2 0.122624609358  3 0.157353992069  4 0.300991782518  13 0.147618205407  27 0.149089243846  35 0.220398014099  37 0.293415667824  45 0.108596140645  54 0.266646190704  56 0.081113245000  58 0.090989347247  -1 0
3 10 0.109371102713  12 0.157942321561  18 0.295671690209  22 0.209198481974  -1 0
0 9 0.308718851905 11 0.143333103388 15 0.198812130396 19 0.250219115093 24 0.137498169438 29 0.282373684618 36 0.076359108697 38 0.295967277584 39 0.246942233405 40 0.070404820249 47 0.118520792251 53 0.122592086674 59 0.182473147103 -1 0
1 6 0.240512240517 15 0.286615846253 17 0.227812859262 19 0.218623549344 20 0.238251094868 21 0.265295035198 24 0.202607224284 25 0.102364276047 30 0.061626653795 34 0.274300827123 37 0.257140618710 48 0.211510772935 49 0.233932961416 53 0.257773829045 57 0.139015135491 59 0.175790954454 -1 0
2 3 0.173045882371 4 0.186042703586 13 0.111043115523 17 0.174796875308 27 0.077389308351 35 0.097991797729 37 0.147566871866 43 0.205089574796 45 0.026527489335 48 0.199496999324 49 0.167934717942 54 0.180120990416 56 0.087419698683 58 0.046897476455 -1 0
3 6 0.290261882996 13 0.244812028997 17 0.245456307464 27 0.107064487908 35 0.188298000294 37 0.306154670703 41 0.230107779665 45 0.136330770352 48 0.244231821875 49 0.269684025337 50 0.301849444060 54 0.147198802313 56 0.196983214356 58 0.138402468257 -1 0
4 13 0.163661384836 17 0.195994160861 25 0.283330649010 27 0.283811126695 35 0.202854207548 37 0.131600264754 43 0.062754986622 45 0.224213598970 48 0.253945092630 49 0.207494326974 51 0.273581658547 56 0.223898722735 58 0.229406183780 -1 0
5 15 0.190547568696 33 0.078671758638 52 0.090168813894 53 0.283076975364 55 0.193935950884 -1 0
6 7 0.204575187060 8 0.195920799431 17 0.215348316408 20 0.179636769725 21 0.091549767024 25 0.245717147223 27 0.248837844826 30 0.207099177660 35 0.209793163649 37 0.227582979814 41 0.166389510989 48 0.114262168462 49 0.183051851001 50 0.172743053383 54 0.120628708084 -1 0
7 8 0.102403474838 10 0.323621350629 12 0.301966127075 18 0.135400446938 20 0.242614630069 21 0.177876970322 22 0.203744668610 41 0.081434325475 50 0.044757917527 54 0.238219748668 -1 0
8 10 0.278472319087 12 0.222139097896 18 0.113504959119 20 0.139970766535 21 0.115389811229 22 0.207468690474 28 0.242104277084 41 0.171345625783 50 0.104379762295 54 0.278769192146 -1 0
9 11 0.143946989938 16 0.110357642149 19 0.117936292612 24 0.272595920942 26 0.175197432326 28 0.243300032916 29 0.223508908976 32 0.174887003379 34 0.117490651973 36 0.226217657615 38 0.074207579940 40 0.255189100948 42 0.121882977742 44 0.155204629123 46 0.286846134609 59 0.275394588795 -1 0
10 12 0.071352548389 18 0.142491102960 22 0.085530556180 -1 0
11 15 0.284900627888 16 0.248574065143 19 0.132047098354 24 0.157964758490 26 0.255116809203 29 0.237777032170 32 0.196734833028 34 0.178475279235 36 0.106400593868 38 0.145360847504 40 0.125520365795 42 0.246413315025 47 0.206870874240 53 0.163996698707 59 0.208705696791 -1 0
12 18 0.141855961721 22 0.107513487941 28 0.271020003067 -1 0
13 17 0.228880512070 27 0.184030559156 35 0.184262706350 37 0.180347534203 43 0.200089532967 45 0.128211901171 48 0.280871400195 49 0.236753238432 54 0.286488049576 56 0.071917413224 58 0.118332593412 -1 0
14 16 0.300229684362 23 0.094622607015 26 0.150937103248 29 0.120110301083 31 0.084202280880 32 0.168821667139 38 0.255247418991 39 0.218817820520 46 0.141172491755 -1 0
15 24 0.153393648388 25 0.303888644133 33 0.145390845591 36 0.288831757152 40 0.256954464289 47 0.250712548304 51 0.243276263658 52 0.286144914098 53 0.111835076416 57 0.208649279529 59 0.159391764642 -1 0
16 19 0.248756957014 26 0.108332582166 29 0.221276909869 32 0.112914326629 34 0.211574146439 36 0.307423167101 38 0.103941781464 42 0.043701921831 44 0.162388026648 46 0.184963438021 -1 0
17 21 0.296988121408 25 0.149124395952 27 0.174985777761 30 0.242077772510 35 0.096425998875 37 0.059581195998 43 0.150278476899 45 0.199684744643 48 0.078259236863 49 0.001713029229 54 0.159128541765 56 0.258658955743 57 0.245913503422 58 0.202516716679 -1 0
18 20 0.233039094818 21 0.231190901755 22 0.072093914446 28 0.287205441032 41 0.239107074933 50 0.182032328426 -1 0
19 20 0.266205157495 24 0.202239023840 28 0.272395400471 30 0.195523204507 32 0.252058032679 34 0.058579806156 36 0.240883328415 38 0.179267033737 40 0.244048898361 42 0.249102614421 44 0.208436755961 53 0.222947895358 59 0.183770751025 -1 0
20 21 0.097865290928 28 0.132215127661 30 0.193805934958 34 0.252152671036 41 0.276026490119 44 0.303871660387 48 0.296343164288 50 0.229058535865 54 0.263695976752 -1 0
21 28 0.242419644381 30 0.216708872719 41 0.178816103664 48 0.224049883388 49 0.307364837382 50 0.131401291297 54 0.185491810010 -1 0
22 41 0.305958250710 50 0.236550699888 -1 0
23 26 0.221157467494 29 0.152815794699 31 0.139945673587 32 0.252715713267 39 0.172470926195 46 0.240840216723 -1 0
24 25 0.256664604696 30 0.242121822297 33 0.290070784356 34 0.251271759682 36 0.202237759579 38 0.276816625912 40 0.219229793871 47 0.234391186113 53 0.049666290127 57 0.190132686047 59 0.049142101696 -1 0
25 30 0.149827012040 35 0.259302839232 37 0.180609768101 43 0.213816761975 48 0.193887763269 49 0.160829008267 51 0.233797067604 53 0.260030962954 54 0.299403739462 57 0.084604680802 59 0.231109898879 -1 0
26 29 0.119244940920 31 0.222271465986 32 0.059813139041 34 0.305018342030 36 0.266040810349 38 0.144342357801 42 0.153017168296 44 0.276620753714 46 0.096872889965 -1 0
27 35 0.093745601635 37 0.178280972722 41 0.281208827511 43 0.262331849252 45 0.057641965887 48 0.184953507315 49 0.174254377674 54 0.151878560664 56 0.119281578942 58 0.070113650116 -1 0
28 30 0.266062464965 34 0.217224026221 42 0.280562454001 44 0.157061168209 -1 0
29 31 0.228928274809 32 0.090158502160 36 0.202288978072 38 0.144143929994 39 0.216027691047 40 0.195325936609 42 0.257779752003 46 0.175144496340 47 0.264229396425 -1 0
30 34 0.203339408219 37 0.290727672488 48 0.220797798573 49 0.228876773039 53 0.264771284086 57 0.181176138858 59 0.205873459273 -1 0
31 32 0.236375629939 46 0.148023729187 -1 0
32 34 0.245818062524 36 0.228600673265 38 0.099805403338 39 0.258845913040 40 0.261863516232 42 0.161915410244 44 0.268497903384 46 0.164442630747 -1 0
33 51 0.243737456793 52 0.131139053750 53 0.232370592579 55 0.208694622818 57 0.269340124796 59 0.313532853793 -1 0
34 36 0.300673826640 38 0.183824208038 42 0.213557457334 44 0.183815252253 53 0.277580267475 59 0.247159013703 -1 0
35 37 0.088236416162 43 0.213997320929 45 0.100463018507 48 0.106717222469 49 0.086317908561 54 0.133910744858 56 0.169373497879 58 0.127248311670 -1 0
36 38 0.188018247461 39 0.218415796374 40 0.032345159894 47 0.143906252991 53 0.189084630637 59 0.256390315902 -1 0
37 43 0.115062647084 45 0.190291258123 48 0.134829594010 49 0.052772897125 51 0.287713762021 54 0.215682224217 56 0.229592568498 57 0.265374808053 58 0.197532205830 -1 0
38 40 0.227610008048 42 0.143829762480 44 0.209284909394 46 0.215458666122 -1 0
39 40 0.184940421387 47 0.160667767529 -1 0
40 47 0.094926535273 53 0.200162706196 59 0.236527508090 -1 0
41 48 0.280882694061 50 0.060151494761 54 0.171026697903 -1 0
42 44 0.125713482143 46 0.197340002503 -1 0
43 45 0.240875349241 48 0.252387614320 49 0.164311794610 51 0.201929710498 56 0.261729065471 57 0.273996108377 58 0.272829261123 -1 0
44 -1 0
45 48 0.216342216370 49 0.190780715681 54 0.189887078206 56 0.078598421984 58 0.026410270429 -1 0
46 -1 0
47 53 0.247620946472 -1 0
48 49 0.074727009439 50 0.278707202729 54 0.102098736716 56 0.258563155357 57 0.280657492022 58 0.224511609282 -1 0
49 54 0.164714388533 56 0.247966503493 57 0.239687837701 58 0.209371005078 -1 0
50 54 0.201802099289 -1 0
51 57 0.177296505858 59 0.276087650413 -1 0
52 55 0.093468616439 -1 0
53 57 0.235816342969 59 0.079594464397 -1 0
54 56 0.251630368184 58 0.218152603129 -1 0
55 -1 0
56 58 0.057250096012 -1 0
57 59 0.161263942881 -1 0
58 -1 0
59 -1 0
