0.000000
1.000000
60
4
0.300000
0.200000
0.050000000000 0.050000000000
0.050000000000 0.950000000000
0.950000000000 0.050000000000
0.950000000000 0.950000000000
0 6 0.272965347391  15 0.146665936373  -1 0
1 14 0.302806782004  16 0.300651272614  17 0.220040064956  25 0.223883636992  30 0.155234705232  40 0.281962237981  43 0.279825736658  48 0.048473839620  56 0.171551835317  -1 0
2 11 0.124064662489  18 0.181446371821  35 0.025982370191  54 0.246067514589  57 0.206393256160  -1 0
3 24 0.048535252047  29 0.270072105606  44 0.021133921872  46 0.252979253232  -1 0
0 3 0.088258460705 4 0.120623125988 22 0.071052574606 27 0.185684144366 28 0.235788572026 32 0.261028215578 37 0.084839067158 38 0.217223350833 39 0.284258942377 47 0.299788316826 49 0.099236623658 54 0.156315521735 57 0.159832398803 59 0.107947862131 -1 0
1 2 0.128271224457 6 0.275560394431 9 0.154114096916 11 0.303417877441 13 0.200923372083 18 0.200606061578 23 0.149925765867 26 0.201766822743 28 0.298706785399 32 0.197506433328 36 0.181296941649 38 0.238536536136 45 0.059380498396 51 0.086551280215 54 0.274458642974 55 0.213600896834 57 0.254873883603 58 0.116647012551 -1 0
2 9 0.200288346747 11 0.203480930198 18 0.136807630671 23 0.286378747304 26 0.216537703736 45 0.171406102085 51 0.134829717092 58 0.155259311347 -1 0
3 4 0.034793755134 22 0.171048692635 27 0.183345395703 28 0.187121395365 32 0.222040446821 37 0.105373527860 38 0.211689030261 39 0.176022966839 46 0.228564263087 47 0.207357258805 49 0.034703936623 54 0.183347387687 57 0.249163525901 59 0.154351775201 -1 0
4 22 0.220231954352 27 0.245045209782 28 0.172473582158 32 0.184935838615 36 0.253689905489 37 0.119308694481 38 0.176994170797 39 0.157683665437 46 0.271345121069 47 0.183760789275 49 0.081624947334 54 0.239928904144 57 0.198044373090 59 0.170717417261 -1 0
5 14 0.262978077284 17 0.252859935928 20 0.124157223635 21 0.230709310290 29 0.196028420587 34 0.226883116241 39 0.244557794602 41 0.115070351960 46 0.241923874265 50 0.021924772725 53 0.030075094751 -1 0
6 9 0.107160917447 13 0.144157754995 15 0.213913098991 23 0.154820478563 26 0.085189387486 51 0.195668588707 55 0.114036591170 58 0.145929682381 -1 0
7 8 0.280256231085 10 0.059296421034 12 0.116344140843 31 0.112583953211 42 0.066203044813 43 0.246124350282 52 0.121024104961 -1 0
8 10 0.214270294212 12 0.139599118193 14 0.221165553299 16 0.206711066622 17 0.268555838498 19 0.095124471536 31 0.269233244483 33 0.194276643201 34 0.180005521488 42 0.232948998551 43 0.157440593873 52 0.172377788536 -1 0
9 13 0.127547132019 18 0.265803673468 23 0.113460347438 26 0.074902729262 36 0.229829085013 45 0.188987142102 51 0.055598069640 55 0.136244635557 58 0.056904462077 -1 0
10 12 0.111192097641 31 0.061531571827 33 0.290999171315 42 0.079704065141 43 0.249140093417 52 0.062767743516 -1 0
11 18 0.122494518297 35 0.131043638999 45 0.225513845003 54 0.242813926788 57 0.235044130761 -1 0
12 16 0.219567936989 19 0.179956077331 31 0.144459017023 33 0.196536174292 42 0.084719100884 43 0.176041551730 52 0.076041733331 -1 0
13 15 0.237963585029 23 0.037728427853 26 0.105346033587 32 0.320734678701 33 0.205925820384 36 0.189571987863 45 0.267064664056 51 0.164953455843 55 0.058518706719 58 0.218140944585 -1 0
14 16 0.096571172166 17 0.054163210800 19 0.321856596922 21 0.110478941015 25 0.148591026768 30 0.086517683433 34 0.260496059819 40 0.150134701173 43 0.116470247892 48 0.190116685855 50 0.317922659084 56 0.140477124211 -1 0
15 23 0.244430257249 26 0.282153145166 31 0.297659134782 33 0.236832761079 55 0.195389237004 -1 0
16 17 0.115321057374 19 0.238441641048 21 0.220352318415 25 0.203267992402 30 0.126787482514 34 0.220905215383 40 0.233811608181 42 0.297594294814 43 0.040444058202 48 0.212659903315 56 0.169815004713 -1 0
17 20 0.278250349009 21 0.094254366733 25 0.125223508138 30 0.071267530845 34 0.285457116375 40 0.078479419453 43 0.181939211770 48 0.265641311499 50 0.273839685673 56 0.103756169927 -1 0
18 32 0.320006539587 35 0.215041583022 36 0.332964792089 38 0.324651916743 45 0.158473385017 51 0.252708211833 54 0.152949462508 57 0.158528319769 58 0.281964858872 -1 0
19 31 0.263499735572 33 0.160110644896 34 0.169009538300 41 0.316126620418 42 0.255906495085 43 0.193412305747 47 0.278358305130 52 0.253871996786 -1 0
20 21 0.172880282976 29 0.186505601408 34 0.304483724459 40 0.312111591903 41 0.215931547595 50 0.121852680511 53 0.153384263803 -1 0
21 25 0.108017705291 30 0.160931490381 34 0.333920348888 40 0.073178945808 43 0.273727692506 48 0.344366810615 50 0.206727220311 53 0.247060659695 56 0.139616474163 -1 0
22 27 0.139416826602 28 0.291159939545 37 0.110589770656 38 0.320905184353 49 0.176776966527 54 0.163829894602 57 0.184317112763 59 0.117801320842 -1 0
23 26 0.120474930887 28 0.276268742045 32 0.203636942939 33 0.206384283806 36 0.145803164826 38 0.291095426967 45 0.189601475644 47 0.290593219865 51 0.167390355011 55 0.107336640327 58 0.177987056256 -1 0
24 29 0.233299925762 44 0.036283751292 46 0.276741571012 -1 0
25 30 0.110399916673 40 0.030605057537 43 0.303531764186 48 0.243787881220 56 0.080153795533 -1 0
26 36 0.287181097574 45 0.276988356676 51 0.132069847801 55 0.038233057538 58 0.122888954221 -1 0
27 37 0.062317900846 46 0.244848947868 49 0.175262077961 59 0.057601778166 -1 0
28 32 0.043894518479 36 0.155296709929 38 0.017352171589 39 0.202043499992 45 0.217426177258 47 0.078342573923 49 0.258822656823 54 0.207781286980 57 0.247105524905 -1 0
29 41 0.288479665818 44 0.260212579459 46 0.276244407002 50 0.206433747583 53 0.187521871529 -1 0
30 40 0.112767786907 43 0.204875218130 48 0.178469019689 56 0.050822430068 -1 0
31 33 0.263149306098 42 0.113911185019 52 0.042398711692 -1 0
32 36 0.113678838130 38 0.043892020202 39 0.211596102246 45 0.204430722521 47 0.115174246789 49 0.264700941405 51 0.302023374790 54 0.192905346412 57 0.238412448488 -1 0
33 34 0.325813804286 36 0.286020943176 42 0.311840632847 52 0.218541514260 55 0.253836195673 -1 0
34 39 0.194812418835 41 0.126678663883 43 0.293041946734 47 0.213232159772 50 0.167567170837 53 0.188859499952 -1 0
35 54 0.213682710025 57 0.242807475072 -1 0
36 38 0.135700580318 45 0.158993771953 47 0.173882469469 51 0.267706943225 55 0.205648786381 57 0.284841526911 58 0.228129197327 -1 0
37 38 0.274962867912 39 0.276561203937 46 0.219166954236 49 0.080608846287 54 0.246597301900 57 0.238540755904 59 0.046201920595 -1 0
38 39 0.215419123605 45 0.221050119909 47 0.090367720221 49 0.252350025957 54 0.263325611655 57 0.162203434397 -1 0
39 41 0.131326063041 46 0.180530562355 47 0.151889922781 49 0.205927645462 50 0.217436595953 53 0.201243491994 -1 0
40 43 0.206803435428 48 0.269414686709 50 0.256667676739 56 0.075801991097 -1 0
41 46 0.246272399155 47 0.255743098055 50 0.109666025183 53 0.098522153251 -1 0
42 43 0.212776948855 52 0.107614460471 -1 0
43 48 0.222915040822 52 0.290487776744 56 0.259826089413 -1 0
44 46 0.222238513368 -1 0
45 47 0.230741588322 51 0.149560168103 54 0.213610907825 55 0.287881844864 57 0.180364222981 58 0.201310530852 -1 0
46 49 0.186730645993 50 0.333244306473 53 0.264514938616 59 0.331230431796 -1 0
47 49 0.241131432615 57 0.270271041458 -1 0
48 56 0.130776869156 -1 0
49 54 0.230856718750 57 0.258665752147 59 0.133968729315 -1 0
50 53 0.049036938440 -1 0
51 55 0.197126057090 58 0.051579637744 -1 0
52 -1 0
53 -1 0
54 57 0.027471713756 59 0.194498092935 -1 0
55 58 0.175590615497 -1 0
56 -1 0
57 59 0.251248545286 -1 0
58 -1 0
59 -1 0
