0.000000
1.000000
60
4
0.300000
0.100000
0.050000000000 0.050000000000
0.050000000000 0.950000000000
0.950000000000 0.050000000000
0.950000000000 0.950000000000
0 25 0.248096790640  35 0.112206604521  57 0.248849344383  -1 0
1 3 0.162553769689  14 0.249710562096  29 0.188784368398  44 0.105487710725  50 0.092261505339  51 0.216568586744  56 0.036046669365  -1 0
2 1 0.231690628171  2 0.271360008385  16 0.204610044659  40 0.228982678421  48 0.250714846326  49 0.154580778234  -1 0
3 6 0.291132127911  12 0.170968289863  20 0.159661430483  26 0.111097293580  27 0.175482019739  36 0.265522210820  41 0.305235437679  -1 0
0 1 0.249335503177 2 0.255164290764 31 0.118536011479 46 0.296963000025 48 0.238497444455 -1 0
1 2 0.073280504464 16 0.125899912614 31 0.137330767216 33 0.208450180901 40 0.286524463422 45 0.316487894648 46 0.245448054469 48 0.030926019056 49 0.099932086760 -1 0
2 13 0.266299380293 16 0.091335901222 21 0.326051593566 31 0.145000313968 32 0.270237179774 33 0.152171921560 40 0.275195940266 45 0.239755741614 46 0.171670808878 48 0.042196474329 49 0.149255378662 -1 0
3 4 0.247016657910 14 0.073566618610 18 0.276414006086 19 0.175810445704 29 0.123796266584 30 0.182928905287 34 0.276093870228 38 0.306337609489 42 0.267973005725 44 0.061374460964 50 0.090507565869 51 0.169948619050 56 0.210157945083 59 0.179540816709 -1 0
4 5 0.248547930687 14 0.177222802760 15 0.183706692664 18 0.144385653967 19 0.091864780317 29 0.162755550321 30 0.123603666400 34 0.104485061275 38 0.275523994944 43 0.266651624372 44 0.249737093367 50 0.267543862187 51 0.168008085327 52 0.227377598019 53 0.225061874381 54 0.098698642541 58 0.184883634467 -1 0
5 6 0.109655598765 15 0.221130776378 18 0.236833297261 20 0.210257573526 26 0.244551626651 27 0.273369619447 34 0.232313397354 37 0.300628288581 41 0.103955694448 43 0.040635756729 52 0.005899263361 53 0.038296516316 54 0.171326114400 58 0.061964350557 -1 0
6 12 0.250328037033 15 0.248979092892 20 0.129459882032 22 0.265768297493 26 0.180396571030 27 0.170415988856 28 0.321364326826 36 0.188884977485 37 0.231124237011 41 0.020612286951 43 0.068069618938 52 0.101885142037 53 0.151728240885 54 0.219662777796 58 0.164685962785 -1 0
7 8 0.100112047475 11 0.166085934381 13 0.244527649513 16 0.292680819454 17 0.148054003875 21 0.301244096069 22 0.231318811123 23 0.162123272038 28 0.281739302447 32 0.042390133693 36 0.319292704107 40 0.139894979363 45 0.196930256565 -1 0
8 11 0.091542166470 13 0.180128836080 16 0.284967879594 17 0.046252727529 21 0.193097167537 22 0.148085595825 23 0.140599600686 28 0.193507118648 32 0.107665749723 33 0.265414774022 36 0.227643216262 37 0.243371122147 40 0.229103718425 45 0.119266490322 -1 0
9 10 0.236113400676 13 0.193232846208 15 0.220095437008 21 0.176892803411 28 0.240199367696 33 0.218475284862 37 0.234280609254 38 0.189302273794 39 0.242734437013 45 0.277513113015 46 0.180861328215 47 0.054666760846 55 0.192310713428 -1 0
10 14 0.282215676304 24 0.201393551565 25 0.222070119371 30 0.279202096609 38 0.112888063258 39 0.097639759747 42 0.119135502156 47 0.266270390257 55 0.067558915439 57 0.225439119507 59 0.239696804237 -1 0
11 12 0.247081571141 13 0.203018166906 17 0.046628833780 21 0.187753668666 22 0.068733572560 23 0.114541825978 27 0.232517982974 28 0.143748951469 32 0.176154170811 36 0.179328916807 37 0.172826730073 41 0.275354313233 45 0.155043599766 -1 0
12 20 0.196018085138 22 0.267041505677 23 0.174240238234 26 0.127863900446 27 0.071598910823 36 0.107497598295 41 0.250488754806 -1 0
13 16 0.290538168906 17 0.170384402390 21 0.051633640154 22 0.195040710218 23 0.308105406794 28 0.109435879166 32 0.254635651636 33 0.125639899980 37 0.173827610563 45 0.061919616602 46 0.152899223360 47 0.170650823832 48 0.260985372804 -1 0
14 15 0.293541282109 18 0.282930014521 19 0.104117329995 29 0.126578499625 30 0.111104520722 34 0.229136709153 38 0.234143915255 42 0.206529061167 44 0.136148475516 50 0.145144577442 51 0.207158095795 54 0.246368153361 56 0.272740907767 59 0.152401600470 -1 0
15 18 0.278385991143 19 0.194869819338 21 0.262509475281 22 0.282605736507 28 0.250171297770 30 0.187637328573 34 0.283692247720 37 0.171688714389 38 0.225566160760 41 0.246671431444 43 0.223811010664 47 0.196808044109 52 0.234245465851 53 0.222907338375 54 0.085226398109 58 0.177597065644 -1 0
16 31 0.226603905371 32 0.251165189637 33 0.196412683365 40 0.197421412313 45 0.238455519604 46 0.254929269508 48 0.087229213286 49 0.102896265291 -1 0
17 21 0.179518393026 22 0.104534313691 23 0.146217247465 27 0.291224643418 28 0.148754624561 32 0.152530870345 33 0.293461547939 36 0.204072926664 37 0.204443724620 40 0.255404752366 45 0.131910650120 47 0.267354979432 -1 0
18 19 0.225106472736 29 0.165304597824 30 0.267488722073 34 0.032574285796 43 0.273507210190 51 0.134822849350 52 0.223301738141 53 0.171820164972 54 0.200779136703 58 0.161678489177 -1 0
19 29 0.143018922255 30 0.046086002791 34 0.168874237136 38 0.203069767710 42 0.232134688563 44 0.230607810115 50 0.250756414630 51 0.211456513233 53 0.283713463131 54 0.135856027841 58 0.246984954216 59 0.249231260167 -1 0
20 26 0.079359339008 27 0.131420533094 36 0.199535230365 41 0.152358209922 43 0.180827200056 52 0.182363211439 53 0.221027067666 58 0.263652981257 -1 0
21 22 0.153754659855 23 0.302709979621 28 0.072502211145 32 0.289854920354 33 0.174378483700 37 0.127264192893 45 0.110226211244 46 0.167385971836 47 0.118313084416 -1 0
22 23 0.162409529090 27 0.234598622160 28 0.093861450975 32 0.251203310546 36 0.155192529155 37 0.126247407442 41 0.266912243051 43 0.288015300161 45 0.175601213727 47 0.239419834717 -1 0
23 26 0.292576206712 27 0.203995738457 28 0.229331281302 32 0.216442606246 36 0.130776365650 37 0.292185071022 45 0.243183259208 -1 0
24 25 0.082871791498 35 0.219310749233 38 0.294568962739 39 0.152387746060 42 0.201391144032 55 0.205585551517 57 0.242998301144 59 0.252699923572 -1 0
25 35 0.146814288883 39 0.150598699400 42 0.251527679187 55 0.273120293306 57 0.176891104348 -1 0
26 27 0.088510626591 36 0.176260894662 41 0.182987284732 43 0.243933827431 52 0.263575053144 53 0.299542948932 -1 0
27 36 0.083186062830 37 0.291673464516 41 0.163466736274 43 0.242679306225 52 0.293660070033 -1 0
28 32 0.260531766865 33 0.241957490464 36 0.237666925915 37 0.078632024119 41 0.257795847317 45 0.152704946132 46 0.255783691234 47 0.153729249322 -1 0
29 30 0.184358072545 34 0.148554908370 44 0.121638655749 50 0.154580808181 51 0.066830832693 54 0.244554238284 56 0.182161476728 59 0.269113114221 -1 0
30 34 0.215847407639 38 0.141725380672 42 0.204430101020 44 0.234178732170 50 0.246410221595 51 0.253631872980 54 0.151271527769 58 0.296292057518 59 0.244652893577 -1 0
31 33 0.201441894468 46 0.201029580029 48 0.145677947024 49 0.217982594696 -1 0
32 40 0.119711247566 45 0.185337287822 -1 0
33 45 0.142765715707 46 0.050341755479 47 0.226387899658 48 0.178143808325 49 0.301253239444 -1 0
34 43 0.272356489748 44 0.249904907943 50 0.263582427225 51 0.119882876490 52 0.228563297941 53 0.184996275301 54 0.192453401651 56 0.324392359274 58 0.193860215234 -1 0
35 39 0.250264744624 57 0.194069022645 -1 0
36 37 0.234555010451 41 0.201696527826 43 0.243424222302 -1 0
37 41 0.229185615601 43 0.228872501895 45 0.221938296724 47 0.183697040192 52 0.279351676924 54 0.246656171422 58 0.260053015776 -1 0
38 39 0.192196993613 42 0.127145117937 47 0.219965571848 54 0.257340051348 55 0.137599008514 59 0.247753541581 -1 0
39 42 0.195570478418 55 0.083471827498 57 0.141977747842 59 0.307477219101 -1 0
40 45 0.251967714849 48 0.266305003519 49 0.277757856500 -1 0
41 43 0.070686758047 52 0.121250151771 53 0.162465653074 54 0.242673924366 58 0.140512493514 -1 0
42 55 0.192494288746 59 0.118712875451 -1 0
43 52 0.047777953623 53 0.089347191244 54 0.170700129502 58 0.079086554157 -1 0
44 50 0.023286782088 51 0.173582106059 56 0.121880009120 59 0.189442330144 -1 0
45 46 0.191056168834 47 0.225421492194 48 0.281581475603 -1 0
46 47 0.189083780204 48 0.247132683571 -1 0
47 54 0.321984476138 55 0.249344968386 -1 0
48 49 0.105721749023 -1 0
49 -1 0
50 51 0.183142191544 56 0.098710305586 59 0.218581568681 -1 0
51 54 0.258245745353 56 0.174712198984 -1 0
52 53 0.034376717754 54 0.181537697782 58 0.062691225368 -1 0
53 54 0.170557062770 58 0.044973566248 -1 0
54 58 0.111240548760 -1 0
55 57 0.182045331082 59 0.281954175215 -1 0
56 -1 0
57 -1 0
58 -1 0
59 -1 0
