0.000000
1.000000
60
4
0.300000
0.200000
0.050000000000 0.050000000000
0.050000000000 0.950000000000
0.950000000000 0.050000000000
0.950000000000 0.950000000000
0 1 0.214756200221  13 0.024634074404  16 0.281143046550  20 0.045500086138  53 0.088915683252  -1 0
1 2 0.223919419801  3 0.093585981489  22 0.151127971871  23 0.249751926531  26 0.073911395005  27 0.235586087859  33 0.273596002208  37 0.033941300167  54 0.232600514480  55 0.032978146943  58 0.057857905417  -1 0
2 12 0.103420819079  41 0.065944962085  42 0.185199279024  51 0.320540092029  -1 0
3 14 0.088511924141  15 0.225279750181  18 0.055600969390  29 0.130260355807  36 0.291984778835  40 0.051063096989  43 0.063180720436  45 0.257926327181  48 0.220095170288  56 0.198641076086  -1 0
0 10 0.249105727876 12 0.238860786013 17 0.253161475811 28 0.109624569080 32 0.138910624653 38 0.248657414018 42 0.148388552020 46 0.122519317024 51 0.195007452915 57 0.283110546918 -1 0
1 6 0.293981325718 13 0.193125094640 16 0.224875139425 20 0.200376425221 49 0.183756696465 53 0.156115499351 -1 0
2 3 0.237762463158 7 0.178987830360 9 0.322099435960 22 0.098136011119 23 0.223687549604 24 0.156028011926 25 0.149299415963 26 0.196172713128 27 0.078556044229 30 0.066697217969 33 0.117764775382 34 0.206490703046 37 0.205754061660 44 0.299541549961 52 0.140907503386 55 0.304779843031 58 0.189824904403 59 0.297621362483 -1 0
3 22 0.130587038814 23 0.177911119814 24 0.332854597088 26 0.074611794359 27 0.276367141671 30 0.324133959086 33 0.233444633665 37 0.060679918025 54 0.130062203436 55 0.105679891120 58 0.127917417080 -1 0
4 5 0.041859613192 6 0.112164872829 8 0.297364200602 10 0.285546708144 11 0.241781794670 12 0.315974892863 16 0.288410099416 38 0.137669566901 46 0.252308020588 49 0.252239298101 51 0.156374506560 -1 0
5 6 0.129475878962 10 0.319830665983 11 0.320272422606 12 0.230280154981 16 0.315008946321 38 0.132794152814 46 0.274449930668 49 0.206265945791 51 0.146877451572 -1 0
6 8 0.332770301115 11 0.255030495897 16 0.171707182529 38 0.203139250530 49 0.090551039256 51 0.322666127334 -1 0
7 9 0.266691322211 19 0.199983558063 22 0.267089753188 23 0.141089143715 24 0.086456104029 30 0.197663476073 31 0.231300813938 33 0.116996553275 34 0.138837944354 35 0.121639285674 47 0.227500928673 50 0.189005438048 52 0.205127427481 54 0.339385357970 59 0.190272258638 -1 0
8 10 0.131183778194 11 0.043578246380 19 0.058353873707 21 0.143650970384 31 0.226783726960 34 0.285293444992 35 0.305233343420 38 0.210560889203 46 0.255673506791 47 0.157065547462 49 0.221441578429 50 0.187690245597 51 0.339760340213 59 0.270305148672 -1 0
9 19 0.291063435449 21 0.167552430796 24 0.207460197234 25 0.225378369862 30 0.205910479541 31 0.076680354891 33 0.300373862662 34 0.092115452074 36 0.215091321428 39 0.261796183435 44 0.181622287616 45 0.254646018214 47 0.115970111749 48 0.262186711892 50 0.151906403258 52 0.173238971208 56 0.233159549214 59 0.063713301069 -1 0
10 11 0.145296263515 19 0.184045158553 21 0.135821445704 31 0.302826704973 32 0.222029548549 38 0.189699329045 46 0.163377335414 47 0.238592541057 50 0.233309148223 51 0.183401591303 -1 0
11 19 0.090151192577 21 0.151821925073 31 0.345034174100 38 0.269712912022 46 0.232704760994 47 0.234572075418 49 0.181038435280 50 0.211246418099 51 0.241084369977 59 0.340258174392 -1 0
12 38 0.234717220914 41 0.088112016433 42 0.131542894552 46 0.219329022543 51 0.209929612852 -1 0
13 16 0.281503552018 20 0.044479245147 53 0.072743039010 -1 0
14 15 0.242385188630 18 0.043114936801 29 0.130463994212 36 0.172710892051 39 0.295395466701 40 0.082532681989 43 0.144478337373 45 0.169191476708 48 0.193260817794 56 0.115351758455 -1 0
15 17 0.113953153568 18 0.206995638303 29 0.162138475534 31 0.266266635390 32 0.291366992836 36 0.159007794653 40 0.255451424269 43 0.178828935057 45 0.195692688561 48 0.078810039883 56 0.246043828084 57 0.148075679428 -1 0
16 20 0.213220451272 49 0.144674991342 53 0.160760927288 -1 0
17 28 0.290523662246 29 0.244132058520 32 0.135506887395 36 0.249604981029 43 0.329492183469 48 0.226398503367 57 0.058273862720 -1 0
18 29 0.095123644944 36 0.225100976469 40 0.061677223102 43 0.084395470841 45 0.170611576888 48 0.229955504278 56 0.205724962447 -1 0
19 21 0.176330157922 24 0.303605882515 31 0.205500084061 34 0.191474431677 35 0.206928271366 47 0.158321421734 49 0.307351791276 50 0.120334272504 59 0.219993897505 -1 0
20 53 0.037328452564 -1 0
21 31 0.114713913106 32 0.239096214372 34 0.181431490794 46 0.281950953432 47 0.076228883443 50 0.112487722051 59 0.167238109892 -1 0
22 23 0.157460494931 24 0.213365181326 25 0.204614716239 26 0.069584002024 27 0.124217976572 30 0.180067698776 33 0.145683988078 34 0.326468597038 37 0.143081933855 52 0.220051828064 54 0.215768229690 55 0.183083524213 58 0.101049440782 -1 0
23 24 0.116339434966 26 0.253335983919 27 0.273224376878 30 0.212758211742 33 0.103122406251 34 0.287759662990 35 0.151614777487 37 0.259048163402 52 0.248994111738 54 0.155460512366 58 0.306576280465 -1 0
24 25 0.243907972672 26 0.264918089882 27 0.239742243751 30 0.097840076945 31 0.264953435448 33 0.050940578568 34 0.152944017921 35 0.230364240154 47 0.215735483703 50 0.194234988300 52 0.097310220620 54 0.325273449892 59 0.202001724355 -1 0
25 27 0.094939939605 30 0.132483024073 33 0.203494538319 34 0.201496397031 39 0.218079491064 44 0.154607515650 52 0.143885583958 59 0.279520188277 -1 0
26 27 0.211812857545 30 0.275239927281 33 0.174182968805 37 0.048760949780 54 0.158852159126 55 0.086871845034 58 0.045364086374 -1 0
27 30 0.119975144407 33 0.164191213622 34 0.318083308077 37 0.249872537726 39 0.234458384089 44 0.254254258252 52 0.215602724730 55 0.250443863156 58 0.211753162066 -1 0
28 32 0.173773263891 42 0.154884892463 46 0.244530667981 57 0.248390097022 -1 0
29 36 0.236145657868 40 0.177978796440 43 0.039332504273 45 0.257522814490 48 0.162174019852 56 0.238553721354 57 0.218041202062 -1 0
30 31 0.242678758098 33 0.079109839169 34 0.147808551016 37 0.336025700007 44 0.225612636088 47 0.300349811980 50 0.294832690992 52 0.071913559140 58 0.233177713522 59 0.279465771924 -1 0
31 34 0.154272832798 36 0.257913387262 44 0.287285957557 45 0.291839834582 47 0.076787497305 48 0.236740765129 50 0.092208186257 52 0.219947563866 56 0.283744580336 59 0.072939620499 -1 0
32 42 0.244809119974 46 0.211258268497 51 0.356698992066 57 0.173841947448 -1 0
33 34 0.166878922088 35 0.250329781693 37 0.283911986806 50 0.245006580435 52 0.123367696972 54 0.262113722906 55 0.283178890043 58 0.235404942215 59 0.297417928749 -1 0
34 35 0.268892199329 44 0.252877693445 47 0.123687579952 50 0.155198176138 52 0.086502512189 59 0.084537121408 -1 0
35 50 0.294082222565 -1 0
36 39 0.179439787298 40 0.252502906259 43 0.235769498255 44 0.217663534437 45 0.080099710432 47 0.288480020677 48 0.041782206049 56 0.109995356933 57 0.355900632077 59 0.231894645504 -1 0
37 54 0.168807781312 55 0.041907385735 58 0.061063688707 -1 0
38 41 0.295383296588 42 0.182492044269 46 0.100558298412 51 0.047227796996 -1 0
39 44 0.055922218821 45 0.179649284042 48 0.215835303907 52 0.287356057244 56 0.130018093740 -1 0
40 43 0.136271329902 45 0.241242993630 48 0.310474603555 56 0.224689646530 -1 0
41 42 0.133160804177 46 0.313150396651 51 0.273284596891 -1 0
42 46 0.177726554387 51 0.170205685586 -1 0
43 45 0.213974916690 48 0.256617531569 56 0.214844520196 57 0.273066806560 -1 0
44 45 0.159519220159 48 0.272277273419 52 0.208403420864 56 0.150075781597 59 0.263233244929 -1 0
45 48 0.122002603517 56 0.024123531331 -1 0
46 51 0.067052281881 -1 0
47 50 0.053395957702 52 0.228913393110 59 0.062478510452 -1 0
48 56 0.153525637982 57 0.295251718173 -1 0
49 53 0.259242419840 -1 0
50 52 0.255667179466 59 0.100180167111 -1 0
51 -1 0
52 59 0.198819396459 -1 0
53 -1 0
54 55 0.255228994553 58 0.221182847486 -1 0
55 58 0.091171251112 -1 0
56 -1 0
57 -1 0
58 -1 0
59 -1 0
