0.000000
1.000000
60
4
0.300000
0.100000
0.050000000000 0.050000000000
0.050000000000 0.950000000000
0.950000000000 0.050000000000
0.950000000000 0.950000000000
0 12 0.050235662043  18 0.286010614723  41 0.282533211706  58 0.169013703905  59 0.099648759397  -1 0
1 6 0.252020336870  10 0.004248324730  23 0.083997279611  -1 0
2 39 0.158980743998  44 0.262408448519  47 0.244355692374  49 0.093499436287  50 0.263195545037  52 0.122963171279  54 0.143940087900  -1 0
3 11 0.237815504544  14 0.292487077164  16 0.170400763361  24 0.229926719151  31 0.222079021540  37 0.248387253579  45 0.139520646615  57 0.223018400426  -1 0
0 1 0.184127727007 15 0.077764201437 18 0.070062263615 21 0.050313736582 28 0.092797883464 29 0.215756801247 32 0.134274168389 34 0.150210681115 35 0.114978465363 41 0.303286968380 43 0.205409533609 51 0.128412306678 53 0.069489086787 58 0.252018609761 59 0.246951829703 -1 0
1 8 0.240126250871 15 0.225270079358 18 0.195294907262 21 0.256278609908 28 0.213901488461 32 0.067835146116 34 0.050292605256 51 0.243835286193 53 0.259582369065 58 0.200823436219 59 0.301880874901 -1 0
2 3 0.075351351515 9 0.258599958400 11 0.293917722435 13 0.246398269681 14 0.228110760730 26 0.178325119890 30 0.116146112767 33 0.181517882380 39 0.254469341501 42 0.182481118293 44 0.136256116317 46 0.059309430796 47 0.242342834513 48 0.275427802145 54 0.290531800226 56 0.180896694698 57 0.222990302601 -1 0
3 9 0.194933320124 11 0.273951429375 13 0.204283175656 14 0.212135771371 16 0.321856297955 24 0.259867067381 26 0.132328188590 30 0.132889867109 33 0.106771203506 36 0.273871632017 40 0.236452357003 42 0.189312165513 44 0.206799806803 46 0.069977515851 47 0.257168099542 48 0.184673842323 56 0.110677972188 57 0.213662242002 -1 0
4 6 0.193509345194 7 0.038585409154 9 0.238252219138 17 0.088793308966 19 0.127272421865 22 0.118636059708 25 0.170253081392 27 0.129343454524 36 0.164858172054 37 0.300143507205 38 0.057205864621 40 0.244699400393 48 0.276331128273 55 0.230998118867 -1 0
5 19 0.323768151213 20 0.180808146040 22 0.281190597455 29 0.206198241374 41 0.252417429447 43 0.201606550976 -1 0
6 7 0.149593989971 10 0.262535018216 17 0.111227378947 19 0.180694831133 22 0.128647179976 23 0.235155398095 38 0.132004712805 -1 0
7 9 0.309664881605 17 0.071000906809 19 0.101156865604 22 0.089143894228 25 0.201338491758 27 0.163430908549 36 0.215911617649 38 0.028763366080 40 0.306941008007 55 0.251225784863 -1 0
8 34 0.302143390616 47 0.284328196413 49 0.214743873089 50 0.174364041344 52 0.219911741024 -1 0
9 11 0.173230221521 13 0.247695052294 24 0.213944587254 25 0.201899781207 26 0.221531621941 27 0.178132732002 31 0.299201628328 33 0.103454727497 36 0.089917612956 40 0.098201595883 42 0.281467071846 46 0.258249647338 48 0.033977533045 55 0.174375594434 56 0.094414973092 57 0.262361143891 -1 0
10 23 0.080208339952 -1 0
11 14 0.233449966863 16 0.176664767894 24 0.029170084861 25 0.189427453547 27 0.189232186191 30 0.271250096067 31 0.163458031067 33 0.151517931470 36 0.227151312005 37 0.181635848751 40 0.246789658624 42 0.227964776808 45 0.148208558583 46 0.220537270682 48 0.183249957438 56 0.224708039365 57 0.135417186108 -1 0
12 58 0.159878157522 59 0.154239028153 -1 0
13 26 0.059032446858 28 0.270216510711 33 0.224403903534 39 0.289074160734 40 0.202618537187 44 0.247440910197 46 0.252438957738 47 0.186679950753 48 0.226722338883 50 0.194024804414 51 0.269451596625 52 0.277023760070 55 0.259014629899 56 0.172323315420 -1 0
14 16 0.116083151027 24 0.241268384606 30 0.106625579505 33 0.220010336720 42 0.036826820346 45 0.316094266294 46 0.148741859486 56 0.286168768975 57 0.083774722232 -1 0
15 18 0.143938875860 21 0.051019188469 28 0.042828599539 29 0.230819524544 32 0.194647439278 34 0.178009914964 35 0.093364947506 43 0.267068865326 51 0.051554215800 53 0.137442423252 55 0.302326329101 -1 0
16 24 0.153141813695 30 0.217981825716 31 0.264061024878 33 0.258262283834 37 0.309197678172 42 0.121375177035 45 0.191452609766 46 0.243629483653 57 0.072980462904 -1 0
17 19 0.143994130672 22 0.104082925452 25 0.236016821686 27 0.182405778393 36 0.257672164680 38 0.039386836245 55 0.308844258027 -1 0
18 21 0.114492941489 28 0.181448925405 29 0.190089282795 32 0.134069743997 34 0.148744557253 35 0.167359097370 41 0.217454057197 43 0.181510973873 51 0.190240220642 53 0.048519760212 58 0.162477496943 59 0.169933429810 -1 0
19 22 0.040082950970 25 0.265693103172 27 0.263260827359 36 0.231444669863 38 0.123311603971 40 0.285873684085 55 0.201349907767 -1 0
20 29 0.161190544463 41 0.114199098839 43 0.163469312945 53 0.283829791129 -1 0
21 28 0.091734332132 29 0.170675442618 32 0.178230502169 34 0.197086243223 35 0.065575499937 41 0.275280562593 43 0.200119206259 51 0.117981478645 53 0.080987389893 58 0.298166238518 59 0.272880104521 -1 0
22 25 0.299887937149 27 0.261525766599 36 0.278528303115 38 0.098003400177 55 0.245336165714 -1 0
23 -1 0
24 25 0.173571961217 27 0.211905665890 30 0.298564738101 31 0.140037566066 33 0.175803111799 36 0.241023553658 37 0.164429876025 40 0.269289633843 42 0.232241558718 45 0.121660204225 46 0.278095502147 48 0.229683847206 56 0.247390207783 57 0.140803498162 -1 0
25 27 0.050519728800 31 0.133476153580 33 0.248297974441 36 0.171697993242 37 0.116256876461 38 0.183995388619 40 0.307477840952 45 0.205659245618 48 0.248782117401 55 0.315389987804 -1 0
26 30 0.269945404391 33 0.202070035843 36 0.264647959268 39 0.262742601016 40 0.182838335539 44 0.215427593466 46 0.185826884330 47 0.166798493463 48 0.188759056281 50 0.221742157354 52 0.277142347968 55 0.296295078148 56 0.138662892015 -1 0
27 31 0.175098697623 33 0.275936084585 36 0.150144581361 37 0.166970437452 38 0.165827182681 40 0.255473043890 45 0.259647153802 48 0.221322995420 55 0.252487648565 56 0.301737922074 -1 0
28 29 0.272762352529 32 0.169076193264 34 0.163023799637 35 0.133234552661 43 0.295369823765 51 0.035933127515 53 0.161491667447 55 0.321497650394 -1 0
29 35 0.163087855578 41 0.155856889570 43 0.038799787598 51 0.259588509390 53 0.159505934435 59 0.276195415950 -1 0
30 33 0.199266719424 42 0.080908146670 44 0.256036318249 46 0.066669881210 48 0.281957708491 56 0.245897396734 57 0.160001900668 -1 0
31 36 0.304220688475 37 0.030516514926 45 0.084301831322 57 0.274551420047 -1 0
32 34 0.021615476573 35 0.278214001302 51 0.209485876631 53 0.175353238265 58 0.147721468810 59 0.243912544615 -1 0
33 36 0.173266168295 40 0.156134754049 42 0.189552705807 45 0.303840555291 46 0.150991346920 48 0.086829642020 55 0.261334292293 56 0.062994887842 57 0.176030824819 -1 0
34 35 0.256736118172 51 0.189921674494 53 0.183536849641 58 0.169482165808 59 0.278917350052 -1 0
35 41 0.274162493017 43 0.171795700438 51 0.116788755281 53 0.120374723676 55 0.250731857830 -1 0
36 37 0.324636547908 38 0.250695949644 40 0.110934834093 48 0.108864062182 55 0.130944995620 56 0.197398124959 -1 0
37 45 0.104973967055 -1 0
38 55 0.280264060520 -1 0
39 44 0.122761652911 47 0.116324434623 49 0.185389436362 50 0.211224385670 52 0.096919558801 54 0.040739198899 -1 0
40 46 0.325967753619 48 0.083436249261 51 0.287062860547 55 0.109234752945 56 0.129342915714 -1 0
41 43 0.101636646685 53 0.229381448686 59 0.232229251760 -1 0
42 46 0.118501575764 56 0.247603601823 57 0.079929386525 -1 0
43 51 0.276678294567 53 0.160336076992 59 0.239064125369 -1 0
44 46 0.191956181015 47 0.150394266312 49 0.293228218886 50 0.248877372392 52 0.192724356182 54 0.148046806735 56 0.264590861393 -1 0
45 57 0.238029961399 -1 0
46 48 0.212763701325 56 0.151392893759 57 0.177128689144 -1 0
47 49 0.219073883098 50 0.105377999536 52 0.119675848609 54 0.142606680897 -1 0
48 55 0.185692484691 56 0.077598335234 57 0.268320645387 -1 0
49 50 0.204053102022 52 0.086518209785 54 0.183079452472 -1 0
50 52 0.143218425080 54 0.259574817195 -1 0
51 53 0.191098554183 55 0.277917843945 -1 0
52 54 0.123482820295 -1 0
53 58 0.218434176634 59 0.197415570598 -1 0
54 -1 0
55 56 0.231973211496 -1 0
56 57 0.252745351530 -1 0
57 -1 0
58 59 0.115051227247 -1 0
59 -1 0
