0.000000
1.000000
180
20
0.180000
0.100000
0.599500000477 0.837100028992
0.963599979877 0.671899974346
0.797200024128 0.807699978352
0.501699984074 0.990999996662
0.949800014496 0.846400022507
0.719799995422 0.850499987602
0.804899990559 0.649900019169
0.927999973297 0.555999994278
0.645799994469 0.548699975014
0.698700010777 0.666700005531
0.972100019455 0.919300019741
0.629199981689 0.521399974823
0.502900004387 0.787199974060
0.871999979019 0.903400003910
0.818799972534 0.625599980354
0.572200000286 0.825800001621
0.972999989986 0.907899975777
0.965099990368 0.654999971390
0.634400010109 0.768199980259
0.581600010395 0.605499982834
0 0 0.013950000051  3 0.054999999702  6 0.120749998838  7 0.045350000262  18 0.149250000715  21 0.078599996865  24 0.110650002956  25 0.132350001484  26 0.085700001568  29 0.200550004840  30 0.098449997604  34 0.135850004852  60 0.148800000548  -1 0
1 2 0.137550003827  4 0.097950000316  9 0.148950003088  10 0.009250000119  13 0.084449999034  14 0.153049997985  15 0.082449998707  16 0.156999997795  19 0.055649999529  20 0.184500001371  27 0.099750000983  31 0.114100001752  36 0.022450000048  -1 0
2 2 0.161300003529  3 0.156450003386  9 0.079050000757  11 0.174750000238  12 0.142400003970  13 0.145350001752  16 0.087099999189  26 0.124150004238  -1 0
3 6 0.096850000322  18 0.157050006092  24 0.089050002396  25 0.050100000575  30 0.091400001198  74 0.165100000799  75 0.153300002217  79 0.134349998087  -1 0
4 9 0.116200000048  11 0.172149993479  13 0.163800001144  16 0.068350002170  20 0.027049999684  36 0.151600003242  39 0.098600000143  -1 0
5 0 0.100650001317  3 0.065099999309  6 0.149150006473  7 0.142299994826  9 0.174599997699  11 0.176150001585  12 0.121700000018  16 0.155050002038  18 0.155349999666  26 0.049300000072  -1 0
6 2 0.028349999338  8 0.182549998164  9 0.134199999273  10 0.180550001562  13 0.083149999380  14 0.080150000751  16 0.180249996483  19 0.172299996018  22 0.114149998873  32 0.091550000012  33 0.174250006676  36 0.159599997103  37 0.108100000769  -1 0
7 2 0.135200001299  4 0.049599999562  10 0.124850001186  13 0.146200001240  14 0.072000000626  15 0.058400001377  19 0.081049997360  27 0.059200000018  31 0.070050001144  32 0.114149998873  36 0.144599996507  37 0.185300000012  41 0.140550002456  47 0.119300000370  52 0.083749998361  53 0.183000005782  59 0.165200002491  -1 0
8 1 0.131750002503  5 0.114349998534  8 0.062350001186  17 0.064799999818  22 0.080050002784  23 0.060449998826  28 0.112549997866  32 0.181000001729  33 0.023399999365  34 0.158500000834  35 0.114849999547  37 0.115550000221  38 0.140050001442  40 0.081299997866  57 0.185149997473  -1 0
9 2 0.150799997151  8 0.095400001854  13 0.195350006223  22 0.061850002035  23 0.155349999666  28 0.112849999219  32 0.155749998987  33 0.109449997544  34 0.088650003076  35 0.130899999291  37 0.143449999392  -1 0
10 11 0.139050006866  16 0.121449999511  20 0.080149997026  39 0.051149999723  -1 0
11 1 0.128299996257  5 0.101100001484  8 0.094549998641  17 0.044549999759  22 0.119500000030  23 0.049750000238  28 0.136649999768  33 0.050249999389  34 0.168350003660  35 0.113399997354  37 0.130849998444  38 0.134250000119  40 0.044449999928  55 0.152399994433  57 0.171350002289  -1 0
12 0 0.108400002122  1 0.171850003302  3 0.143650002778  7 0.065849998966  21 0.028749999590  24 0.093649998307  25 0.133499998599  28 0.153750002384  29 0.116750001907  30 0.101649999619  34 0.129850000143  35 0.185249999166  60 0.050649998710  61 0.090300001204  65 0.165550000966  -1 0
13 9 0.143949992955  11 0.080099999905  12 0.094750002027  16 0.096099998802  20 0.133750006557  39 0.062349997461  -1 0
14 2 0.035350000486  4 0.149999998510  9 0.161399997771  10 0.165449999273  13 0.084649998695  14 0.060450000688  15 0.170950002968  19 0.146449998021  22 0.118249997497  27 0.175500005484  32 0.055900000036  33 0.193850003183  36 0.143399998546  37 0.123950000852  52 0.158599995077  -1 0
15 0 0.035749999806  3 0.081050001085  6 0.139449998736  7 0.020600000396  18 0.168650001287  21 0.052700001746  24 0.093800000846  25 0.145050004125  26 0.110949996859  28 0.177799999714  29 0.183650001884  30 0.094650000334  34 0.144849993289  60 0.121400002390  61 0.141649998724  -1 0
16 9 0.170599997044  11 0.145850002766  16 0.129900000989  20 0.070299997926  39 0.058199999854  -1 0
17 2 0.130399998277  4 0.087050002068  9 0.174249999225  10 0.011950000189  13 0.093399997801  14 0.143599994481  15 0.055450001732  16 0.164049997926  19 0.044750001281  27 0.088950000703  31 0.107700001448  32 0.203400000930  36 0.045749999583  -1 0
18 0 0.059750000015  3 0.086699999869  7 0.076349999756  8 0.172899998724  21 0.116949997842  22 0.162050001323  26 0.103399999440  28 0.127049997449  29 0.138300001621  30 0.163350000978  34 0.082100000232  35 0.158550001681  60 0.155500002205  -1 0
19 1 0.058600001037  5 0.060499999672  8 0.059550000355  17 0.093949999660  22 0.105750001967  23 0.071050001308  28 0.050549998879  29 0.080050002784  33 0.080199997872  34 0.100349999964  35 0.020400000736  38 0.079199999571  40 0.103599999100  60 0.158150002360  73 0.174750000238  -1 0
0 3 0.066950000823 6 0.129850000143 7 0.046299999580 18 0.173950001597 21 0.081949997693 24 0.115000002086 25 0.142999999225 26 0.077350001782 28 0.175999999046 29 0.192699998617 30 0.123700000346 34 0.116650000215 60 0.156149998307 -1 0
1 5 0.056499999017 8 0.101050000638 17 0.113399997354 22 0.190250001848 23 0.086449999362 28 0.066500000656 29 0.067249998450 33 0.127250004560 34 0.136450000107 35 0.045350000262 38 0.036799998954 40 0.128099996597 60 0.147399999201 73 0.125850003213 -1 0
2 4 0.188150003552 9 0.127750001848 10 0.123999997973 13 0.047950001433 14 0.078949999064 15 0.149050004780 16 0.166900001466 19 0.158650003374 22 0.146999999881 27 0.161550000310 32 0.095850002021 36 0.132100000978 37 0.148199997842 52 0.173999994993 -1 0
3 6 0.117599997669 7 0.083650000393 12 0.148700006306 18 0.130349993706 21 0.108199998736 24 0.150900002569 25 0.182499997318 26 0.025200000033 30 0.155100002885 34 0.157949998975 -1 0
4 10 0.086100000888 13 0.168549999595 14 0.127999998629 15 0.033100000583 19 0.050799999386 27 0.014850000385 31 0.024799999781 32 0.179600000381 36 0.140749998391 41 0.179200001061 47 0.182549998164 52 0.112849999219 -1 0
5 8 0.127550002187 17 0.070350002497 22 0.148849993944 23 0.058150000870 28 0.104000002146 29 0.118799999356 33 0.122500002384 34 0.150699995458 35 0.072550002486 38 0.029699999839 40 0.093449998647 73 0.120400000364 85 0.166200004518 168 0.155450001359 -1 0
6 7 0.165600001812 18 0.070050001144 21 0.172200001776 24 0.089749999344 25 0.078150000423 26 0.126750003546 30 0.094399999827 -1 0
7 21 0.041249999776 24 0.105300001800 25 0.139049999416 26 0.113250002265 28 0.158699996769 29 0.146750003099 30 0.096400000155 34 0.127650000155 60 0.103299997747 61 0.138549998403 -1 0
8 17 0.112900000066 22 0.061749998480 23 0.092099998146 28 0.065600002185 29 0.135600000620 33 0.052500000224 34 0.092749997973 35 0.068999998271 37 0.140349999070 38 0.126699998975 40 0.115200001746 -1 0
9 10 0.135850004852 12 0.170800000429 13 0.083650000393 16 0.049900000915 20 0.136999998242 36 0.135899998248 39 0.163649998605 -1 0
10 13 0.097449999303 14 0.134849999100 15 0.068050000817 16 0.144749999046 19 0.052249999717 20 0.162849999964 27 0.084300000221 31 0.117999996990 36 0.030949999578 -1 0
11 12 0.071150001138 16 0.155149996281 39 0.071699999273 -1 0
12 16 0.168349996209 18 0.162100002170 26 0.136700004339 39 0.116200000048 -1 0
13 14 0.108350001276 15 0.118700001389 16 0.125250000507 19 0.124450001866 27 0.158649995923 32 0.145250000060 36 0.085949998349 -1 0
14 15 0.112649999559 19 0.104649998248 22 0.172699995339 27 0.122049998492 31 0.125449996442 32 0.049200000241 36 0.127700001001 37 0.109549999237 41 0.148800000548 47 0.138700000942 52 0.092000000179 59 0.161849997938 -1 0
15 19 0.015050000511 27 0.023400000297 31 0.047450000420 32 0.154750004411 36 0.098149999976 52 0.146450005472 -1 0
16 20 0.094399999827 36 0.134700000286 39 0.133700001985 -1 0
17 22 0.151700004935 23 0.026949999854 28 0.146900005639 29 0.184299997985 33 0.094250001013 35 0.104400001466 37 0.201850004494 38 0.097900003195 40 0.021250000224 55 0.155949994922 73 0.164250001311 85 0.158050000668 168 0.177200004458 -1 0
18 24 0.154249995947 25 0.163249999285 26 0.135900005698 30 0.147950001061 -1 0
19 27 0.039550000802 31 0.064300000668 32 0.166000001132 36 0.083850000054 52 0.154600001872 -1 0
20 36 0.159649997950 39 0.121099997312 -1 0
21 24 0.102150000632 25 0.143799997866 26 0.152150005102 28 0.144649997354 29 0.119049999863 30 0.113150000572 34 0.146349996328 60 0.071049999446 61 0.128250002861 -1 0
22 23 0.134949997067 28 0.119500000030 32 0.125400003046 33 0.061800001189 34 0.128299996257 35 0.146049998701 37 0.086199998856 40 0.149849995971 -1 0
23 28 0.121749997139 29 0.163199998438 33 0.066750001162 34 0.154600001872 35 0.072999998927 37 0.159150004387 38 0.089999999851 40 0.039799999446 73 0.165899999440 85 0.187449999154 -1 0
24 25 0.043549999595 26 0.173399999738 30 0.011649999768 60 0.162699997425 61 0.103550001979 74 0.121950000525 75 0.175549998879 76 0.192999996245 79 0.155850000679 -1 0
25 30 0.044800000265 61 0.162550002337 74 0.157249994576 75 0.160050004721 79 0.176950000226 -1 0
26 30 0.163800001144 34 0.180700004101 -1 0
27 31 0.025750000030 32 0.186849996448 36 0.142049998045 52 0.130400002003 -1 0
28 29 0.066250000149 33 0.125150002539 34 0.045299999416 35 0.040749998763 38 0.104599997401 40 0.150350004435 60 0.135049998760 -1 0
29 33 0.184149995446 34 0.093399997801 35 0.077449999750 38 0.098200000823 60 0.067900002003 61 0.173749998212 -1 0
30 60 0.138650000095 61 0.116899996996 74 0.160099998116 75 0.199349999428 79 0.191849999130 -1 0
31 36 0.148300006986 52 0.152549996972 -1 0
32 33 0.166649997234 37 0.064499998465 41 0.122599996626 47 0.130450002849 52 0.112250000238 57 0.155149996281 59 0.170999996364 -1 0
33 34 0.116999998689 35 0.106800001115 37 0.103700000793 38 0.148299999535 40 0.090399999171 -1 0
34 35 0.083299998194 38 0.157850004733 60 0.135200001299 -1 0
35 38 0.077899999917 40 0.115649998188 60 0.146749995649 73 0.164949998260 -1 0
36 -1 0
37 40 0.160150006413 41 0.143299996853 47 0.135000005364 52 0.130700007081 57 0.134199999273 59 0.160199999809 -1 0
38 40 0.127749998122 60 0.158550001681 73 0.102200001478 85 0.171400003135 168 0.185049995780 -1 0
39 -1 0
40 55 0.136250000447 73 0.156149998307 85 0.141999997199 -1 0
41 47 0.012000000104 52 0.051750000566 53 0.044849999249 56 0.186599999666 57 0.099599998444 58 0.114450000226 59 0.032750001177 -1 0
42 48 0.174949996173 49 0.137450002134 55 0.161299996078 57 0.156300000846 -1 0
43 44 0.057000000030 48 0.171649999917 49 0.082250002772 54 0.072850000113 126 0.143899999559 134 0.191799998283 139 0.180300004780 -1 0
44 46 0.154749996960 48 0.151150003076 49 0.037049999461 50 0.157150000334 54 0.013749999925 104 0.170199997723 117 0.168850004673 126 0.151950001717 134 0.147150002420 139 0.145449999720 156 0.171149998903 170 0.183399997652 -1 0
45 48 0.173449993134 51 0.136849999428 -1 0
46 49 0.153350003064 50 0.015949999914 54 0.139499999583 82 0.074850000441 89 0.095399998128 94 0.066750001162 96 0.128949996084 100 0.074900001287 101 0.163399994373 104 0.027650000528 109 0.155449993908 117 0.061999998987 123 0.142049998045 124 0.156050004065 125 0.098349999636 126 0.138700000942 130 0.141600005329 132 0.134350001812 133 0.097049999982 134 0.129799999297 138 0.162349998951 139 0.099500000477 140 0.150249995291 147 0.115599997342 148 0.092700000852 156 0.061599997804 159 0.189199998975 165 0.126500003040 170 0.024799999781 172 0.122749999166 175 0.045800000429 -1 0
47 52 0.055050000548 53 0.047900000587 57 0.077150002122 58 0.115650001913 59 0.035000000149 -1 0
48 49 0.152000002563 51 0.041899999604 54 0.177000001073 -1 0
49 50 0.164449997246 54 0.041500000283 -1 0
50 54 0.150100000203 82 0.071099996567 89 0.078600000590 90 0.154200002551 94 0.068700000644 96 0.133900001645 100 0.064099999145 101 0.174550004303 104 0.032499998808 109 0.133350003511 117 0.076950002462 123 0.124299999326 124 0.142799995840 125 0.116000000387 126 0.144749999046 130 0.175999999046 132 0.166499994695 133 0.082699999213 134 0.144649997354 138 0.141999997199 139 0.112950000912 140 0.117200002074 147 0.119750000536 148 0.116050001234 156 0.073850002140 165 0.118149999529 170 0.017800000031 172 0.126550000161 175 0.039149999619 -1 0
51 -1 0
52 53 0.092550002038 57 0.138849996030 58 0.150499999523 59 0.084199998528 -1 0
53 56 0.137400001287 57 0.096049997956 58 0.071650002152 59 0.029849999584 -1 0
54 94 0.176550000906 104 0.156000003219 117 0.172049999237 126 0.135599996895 134 0.140050001442 139 0.144050002098 148 0.135350003839 156 0.154449999332 170 0.168950006366 172 0.155749998987 -1 0
55 57 0.141249999404 85 0.152999997139 123 0.191699996591 138 0.180550001562 -1 0
56 58 0.092149998993 59 0.180050000548 -1 0
57 58 0.165250003338 59 0.052850000560 -1 0
58 59 0.097349997610 -1 0
59 -1 0
60 61 0.100199997425 65 0.141699999571 -1 0
61 65 0.096100002527 74 0.106049999595 75 0.178099997342 76 0.104699999094 79 0.166299998760 -1 0
62 63 0.122500002384 66 0.062300002202 72 0.103649999946 76 0.166149996221 77 0.115499999374 -1 0
63 66 0.138099998236 67 0.152400001884 72 0.063400000334 76 0.169950000942 77 0.029200000688 -1 0
64 68 0.141049996018 69 0.089849997312 70 0.118250001222 78 0.083299998194 88 0.114700000733 145 0.095550000668 149 0.108699999750 152 0.084100000560 154 0.105849999934 161 0.125949997455 163 0.067149998620 -1 0
65 74 0.164049997926 76 0.119950003922 -1 0
66 67 0.154399998486 72 0.106049999595 77 0.102600000799 -1 0
67 77 0.154250003397 -1 0
68 70 0.092149998993 71 0.087749999017 78 0.084350001067 145 0.139100000262 149 0.125000000000 163 0.188699997962 -1 0
69 73 0.096400000155 78 0.154699996114 85 0.163749992847 88 0.114799998701 99 0.190700002015 108 0.134250000119 143 0.121999997646 145 0.152450002730 149 0.150449998677 152 0.027599999681 154 0.027750000358 161 0.043100001290 163 0.078400000930 168 0.125399999321 169 0.127749998122 -1 0
70 71 0.188450001180 78 0.109400000423 145 0.143749997020 149 0.194350004196 -1 0
71 78 0.162600003183 145 0.158749997616 -1 0
72 74 0.177349999547 75 0.182700000703 76 0.131850000471 77 0.043500000611 79 0.198049999774 -1 0
73 85 0.089049998671 99 0.141450002789 108 0.110500000417 138 0.165950000286 143 0.117699999362 152 0.143600001931 154 0.092500001192 161 0.101599998772 168 0.068349998444 169 0.166650004685 -1 0
74 75 0.050749998540 76 0.058749999851 79 0.057450000197 -1 0
75 76 0.115800000727 79 0.005649999948 -1 0
76 77 0.194949999452 79 0.120799999684 -1 0
77 -1 0
78 88 0.119999997318 113 0.157299995422 145 0.042900001630 149 0.066499998793 152 0.123650003225 153 0.178850002587 154 0.156750001013 163 0.092400003225 -1 0
79 -1 0
80 81 0.034600000829 83 0.058600001037 87 0.078549999744 91 0.167599998415 93 0.059700001031 95 0.049550000578 97 0.176100000739 98 0.085999999195 102 0.048350000754 103 0.102650001645 105 0.096849996597 107 0.181450001895 111 0.147100001574 112 0.151600003242 116 0.158900000155 120 0.109450001270 122 0.125149998814 128 0.076799999923 129 0.073250003159 131 0.170450001955 135 0.062449999154 136 0.130649995059 137 0.124150000513 144 0.136400006711 146 0.145400002599 155 0.078800000250 158 0.118999999017 160 0.062950000167 164 0.130449995399 166 0.138850003481 167 0.062099998817 171 0.145399995148 173 0.070999998599 174 0.132049996406 177 0.175499998033 178 0.088550001383 -1 0
81 83 0.085849996656 87 0.056099999696 91 0.171750001609 93 0.103599999100 95 0.083949998021 98 0.121650002897 102 0.041600000113 103 0.148249998689 105 0.126499995589 111 0.145750001073 112 0.177349999547 120 0.087600000203 122 0.166699998081 128 0.107049997896 129 0.046949999407 135 0.042800001800 136 0.155200004578 137 0.167899996042 144 0.176500000060 155 0.081900000572 158 0.138000000268 160 0.048849999905 164 0.160800002515 166 0.138849996030 167 0.092550002038 171 0.146849997342 173 0.027149999514 174 0.095800001174 178 0.123650003225 -1 0
82 84 0.153349995613 89 0.035450000316 90 0.114349998534 94 0.037049999461 96 0.107949998230 100 0.032899999991 101 0.124450001866 104 0.048049999401 109 0.100949998945 115 0.154050000012 117 0.066300000995 119 0.148049995303 123 0.128049999475 124 0.128650002182 125 0.037249999121 126 0.160700000823 130 0.122500002384 132 0.145750001073 133 0.058350000530 134 0.149750001729 138 0.140799999237 139 0.122899997979 140 0.063149999827 142 0.150949999690 147 0.054899999872 148 0.107350002974 156 0.072299998254 159 0.141900002956 165 0.082899998873 170 0.054599998519 172 0.118450004607 175 0.053200000897 179 0.157949998975 -1 0
83 86 0.184250004590 87 0.138750001788 91 0.150250002742 93 0.018799999729 95 0.038149999455 97 0.135300002992 98 0.033250000328 102 0.094749998301 103 0.091249998659 105 0.112700000405 106 0.183750003576 107 0.115100000054 111 0.127050001174 112 0.117849998176 114 0.188000001013 116 0.125649999827 118 0.151900000870 120 0.152249999344 121 0.176150001585 122 0.083200000226 127 0.165349997580 128 0.017799999565 129 0.135600000620 131 0.153250001371 135 0.106449998915 136 0.083900000900 137 0.081950001419 142 0.137699998915 144 0.080650001764 146 0.104350000620 155 0.115450002253 158 0.104799997061 160 0.115749999881 162 0.150650002062 164 0.057749999687 166 0.179899998009 167 0.055199999362 173 0.121899995953 174 0.162200003862 177 0.129650004208 178 0.038850000128 -1 0
84 85 0.150550000370 86 0.128000002354 88 0.198950000107 89 0.100150000304 90 0.021800000221 97 0.151100002229 99 0.091650001705 100 0.115100000054 107 0.156000003219 108 0.103649999946 109 0.058000000194 110 0.076949998736 112 0.203599996865 115 0.085900001228 119 0.090099997818 123 0.089549999684 124 0.074749998748 125 0.116849999875 127 0.132550001144 133 0.105799999088 138 0.080849997699 140 0.137050002813 142 0.164149999619 143 0.074199996889 147 0.147500000894 152 0.155500002205 153 0.189300000668 154 0.167849995196 157 0.109950002283 161 0.137299999595 165 0.184349998832 168 0.122750002891 169 0.057299999520 170 0.167500004172 175 0.132750004530 177 0.164800003171 -1 0
85 90 0.114050000906 99 0.044950000942 108 0.057599999011 109 0.108800001442 123 0.112399999052 124 0.097350001335 133 0.162650004029 138 0.093150001019 143 0.073999997228 152 0.152350001037 154 0.145800001919 161 0.141200006008 168 0.055700000376 169 0.135650001466 -1 0
86 88 0.125950001180 90 0.178350001574 95 0.134100005031 97 0.084599997848 98 0.135849997401 103 0.088399998844 105 0.103300001472 107 0.061950001866 110 0.047000000253 112 0.048200000077 113 0.128850001842 115 0.066899999976 119 0.075850000605 127 0.050300000235 128 0.155900001526 136 0.120450001210 137 0.123349998146 142 0.135049998760 146 0.132550001144 149 0.161200001836 152 0.174500003457 153 0.069899998605 155 0.129249997437 157 0.024550000206 158 0.082949999720 163 0.152750000358 164 0.143500000238 166 0.153099998832 167 0.138300001621 169 0.122150000185 171 0.199000000954 177 0.106150001287 -1 0
87 93 0.135949999094 95 0.119099996984 98 0.168849997222 102 0.072700001299 103 0.146749995649 105 0.101950000972 112 0.172649994493 113 0.164950005710 120 0.049650000408 128 0.144850000739 129 0.003299999982 135 0.076099999249 155 0.072949998081 158 0.169050000608 160 0.086249999702 166 0.087050002068 167 0.122599996626 171 0.101499997079 173 0.034150000662 174 0.060049999505 178 0.177550002933 -1 0
88 105 0.174600005150 110 0.146050006151 112 0.172300003469 113 0.107049997896 115 0.166499994695 119 0.196950003505 127 0.146250002086 143 0.168349996209 145 0.064849998802 149 0.051999999210 152 0.080900002271 153 0.070999998599 154 0.128350004554 157 0.125599998981 161 0.109299998730 163 0.042249999940 166 0.172399997711 169 0.136499993503 171 0.174449995160 -1 0
89 90 0.105550002307 94 0.080249998719 96 0.146250002086 97 0.168300002813 99 0.154500000179 100 0.016150000505 101 0.161899998784 104 0.085549999028 108 0.164750002325 109 0.069499999285 110 0.149850003421 115 0.133400000632 117 0.108599998057 119 0.120050001889 123 0.082550000399 124 0.095799997449 125 0.036000000313 127 0.159950003028 130 0.170299999416 132 0.168049998581 133 0.024949999526 138 0.106750000268 139 0.129200004041 140 0.073350001127 142 0.152049995959 143 0.168200001121 147 0.066250000149 148 0.143300004303 156 0.112349998206 165 0.090750001371 169 0.152949996293 170 0.067149998620 172 0.149400003254 175 0.046749999747 -1 0
90 97 0.166400000453 99 0.071300003678 100 0.117150001228 107 0.170999996364 108 0.081750001758 109 0.036900000647 110 0.113400001079 115 0.112549997866 119 0.114300001413 123 0.063800001517 124 0.043550001457 125 0.105000000447 127 0.131650000811 133 0.095999997109 138 0.066200003028 140 0.147400006652 143 0.061899999157 147 0.134949997067 152 0.185500003397 154 0.179600000381 157 0.142549999058 161 0.149749994278 165 0.191849999130 168 0.114750001580 169 0.059949999675 170 0.172899998724 175 0.134950004518 -1 0
91 93 0.145350001752 102 0.127050001174 111 0.059800000861 116 0.104000002146 118 0.107599999756 131 0.095499999821 135 0.140300005674 160 0.108300000429 173 0.186750002205 178 0.167950004339 -1 0
92 101 0.166299998760 106 0.061349999160 114 0.047100000083 116 0.139750003815 118 0.161200001836 121 0.027999999933 122 0.131099998951 130 0.200649999082 131 0.168099999428 132 0.174800001085 137 0.163550004363 141 0.021250000224 142 0.157449997962 144 0.111400000751 146 0.156200006604 150 0.030450000428 151 0.113299999386 159 0.134150005877 162 0.048550000414 164 0.159549996257 176 0.026350000873 178 0.149499997497 179 0.148900002241 -1 0
93 95 0.055649999529 97 0.170850001276 98 0.055150000378 102 0.089699998498 103 0.108399998397 105 0.141649998724 106 0.187349997461 107 0.137649998069 111 0.101100001484 112 0.152699999511 114 0.188249997795 116 0.120750002563 118 0.117699999362 120 0.181299999356 121 0.166900001466 122 0.078649997711 128 0.035700000823 129 0.127999994904 131 0.135649997741 135 0.089399997145 136 0.093400001526 137 0.100999999791 142 0.161250002682 144 0.078850001097 146 0.131349995732 155 0.126800000668 158 0.118049997836 160 0.089600000530 162 0.161200001836 164 0.080299999565 167 0.066750001162 173 0.100749999285 174 0.187100000679 177 0.133100003004 178 0.034849999472 -1 0
94 96 0.073449999094 100 0.070650000125 101 0.096600003541 104 0.034750001505 109 0.139049999416 117 0.034450000152 123 0.140799999237 124 0.180500000715 125 0.074450001121 126 0.125200003386 130 0.088549997658 132 0.100800000131 133 0.095199998468 134 0.110600002110 138 0.197399996221 139 0.071800000966 140 0.080400001258 142 0.159949995577 147 0.073649998754 148 0.066950000823 151 0.182450003922 156 0.035900000483 159 0.118350002915 165 0.067100001499 170 0.056949999183 172 0.070950001478 175 0.072299998254 179 0.138149999082 -1 0
95 97 0.142549999058 98 0.046350000426 102 0.091699998826 103 0.055700000376 105 0.069000001997 107 0.119550000876 111 0.158449999988 112 0.101050000638 113 0.179099999368 115 0.181999996305 116 0.184999994934 120 0.151300005615 122 0.109649997205 127 0.161600001156 128 0.036449998617 129 0.111850000918 135 0.096650000662 136 0.071200001985 137 0.099449999630 142 0.155449993908 144 0.114450003952 146 0.119799997658 153 0.159350000322 155 0.086500000209 157 0.165500000119 158 0.086100000888 160 0.105549998581 164 0.074099998921 166 0.128899998963 167 0.013350000139 171 0.169750005007 173 0.110249999911 174 0.141049996018 177 0.126549996436 178 0.078300002962 -1 0
96 100 0.140649996698 101 0.031899998896 104 0.099399998784 106 0.151799999177 117 0.056549999863 125 0.122899997979 126 0.077500000596 130 0.018449999392 132 0.024250000715 133 0.168250001967 134 0.059899998829 139 0.063400000334 140 0.117549996823 142 0.162900000811 147 0.106100000441 148 0.027100000530 150 0.158950001001 151 0.090800002217 156 0.075599998236 159 0.055050000548 165 0.061450000852 170 0.117199998349 172 0.025700000115 175 0.148549996316 176 0.174400001764 179 0.056749999523 -1 0
97 98 0.096599999815 103 0.061699999496 105 0.143250003457 106 0.145300000906 107 0.021599999629 110 0.090750001371 112 0.075199998915 115 0.073049999774 119 0.068849999458 122 0.116999998689 125 0.163199998438 127 0.048550000414 128 0.125199999660 136 0.048750000075 137 0.054650001228 140 0.137550003827 142 0.051899999380 144 0.101350001991 146 0.043850000948 147 0.111400000751 153 0.127500001341 155 0.165200002491 157 0.085850000381 158 0.056049998850 162 0.173599995673 164 0.083099998534 165 0.160500004888 167 0.129149995744 169 0.156400002539 177 0.016499999911 178 0.141049996018 -1 0
98 102 0.138549998403 103 0.062649998814 105 0.111699998379 106 0.152499996126 107 0.098200000823 110 0.167649999261 111 0.166349999607 112 0.111699998379 114 0.168649993837 115 0.164849996567 116 0.166549995542 118 0.183249995112 119 0.170800000429 120 0.186949998140 121 0.146750003099 122 0.074549999088 127 0.152049995959 128 0.022149999626 129 0.165899999440 131 0.144900001585 135 0.154149994254 136 0.049350000918 137 0.040149999782 142 0.125899996608 144 0.076349999756 146 0.069700000808 150 0.156049996614 153 0.187950000167 155 0.108500000089 157 0.154399998486 158 0.071400001645 160 0.156999997795 162 0.159099996090 164 0.033250000328 166 0.176800005138 167 0.043999999762 173 0.141099996865 174 0.170249998569 177 0.094300001860 178 0.046449998394 -1 0
99 100 0.139150001109 108 0.032349999994 109 0.083249997348 110 0.176699995995 119 0.171900004148 123 0.074200000614 124 0.057749999687 125 0.169050000608 133 0.120149999857 138 0.038199998438 143 0.045900000259 152 0.162900000811 154 0.142900004983 161 0.107599999756 168 0.061549998820 169 0.094599999487 175 0.167300000787 -1 0
100 101 0.164050005376 104 0.063500000164 108 0.153900004923 109 0.074849996716 110 0.175700001419 115 0.152350001037 117 0.108049999923 119 0.116599999368 123 0.097500000149 124 0.085699997842 125 0.045700000599 130 0.146799996495 132 0.173050001264 133 0.027950000018 134 0.159749999642 138 0.115400001407 139 0.181199997663 140 0.074200000614 142 0.167700000107 143 0.184750005603 147 0.067850001156 148 0.125400003046 156 0.104449998587 159 0.168150000274 165 0.100749999285 169 0.172299996018 170 0.053950000554 172 0.141150005162 175 0.032250000164 -1 0
101 104 0.137649998069 106 0.145649999380 117 0.092999998480 125 0.134050004184 126 0.078299999237 130 0.016900000162 132 0.012200000230 134 0.085749998689 139 0.084950000048 140 0.129149995744 141 0.180650003254 142 0.163400001824 147 0.132350005209 148 0.058200001717 150 0.145899996161 151 0.074049998075 156 0.092950001359 159 0.021249999292 162 0.160549998283 165 0.079399999231 170 0.161249995232 172 0.052700001746 175 0.187600001693 176 0.144699998200 179 0.030999999493 -1 0
102 103 0.154100000858 105 0.148300006986 111 0.104550000280 116 0.164299994707 118 0.161249995232 120 0.116349998862 122 0.169399999082 128 0.108849998564 129 0.074749998748 131 0.183049999177 135 0.009200000204 136 0.175450004637 137 0.197699993849 144 0.162699997425 155 0.136050000787 158 0.162799999118 160 0.011299999896 164 0.158250004053 166 0.168799996376 167 0.112549997866 171 0.160649999976 173 0.050550000742 174 0.141000002623 178 0.116650000215 -1 0
103 105 0.079949997365 106 0.168150000274 107 0.055449999869 110 0.116599999368 112 0.042700000107 113 0.157700002193 115 0.107999999076 119 0.107400000095 120 0.153949998319 122 0.102499999106 127 0.080850001425 128 0.071550000459 129 0.162749998271 135 0.161300003529 136 0.046000000089 137 0.060949999839 142 0.112550001591 144 0.101849999279 146 0.076000001281 153 0.119549997151 155 0.100099999458 157 0.108349997550 158 0.014149999712 160 0.185500003397 164 0.079200003296 166 0.144099995494 167 0.063549999148 171 0.186350002885 173 0.172800004482 174 0.168150000274 177 0.071049999446 178 0.098049998283 -1 0
104 109 0.153400003910 117 0.047600001097 123 0.134300000966 124 0.155499994755 125 0.094399999827 126 0.118700001389 130 0.128399997950 132 0.138799995184 133 0.094399999827 134 0.108249999583 138 0.162050001323 139 0.086550001055 140 0.115350000560 147 0.096500001848 148 0.075150001794 156 0.034549999982 159 0.155649997294 165 0.107900001109 170 0.030700000003 172 0.099750000983 175 0.066500000656 179 0.167899996042 -1 0
105 107 0.119849998504 110 0.151000000536 112 0.079199999571 113 0.110799998045 115 0.169650003314 119 0.182450003922 120 0.087000001222 122 0.156050004065 127 0.149450004101 128 0.106249999255 129 0.094300001860 135 0.145549997687 136 0.108800001442 137 0.147549998015 144 0.174950003624 146 0.172600001097 149 0.167249999940 153 0.106050003320 155 0.021350000054 157 0.134449996054 158 0.090999998152 160 0.150899998844 164 0.139799997211 166 0.066050000489 167 0.070149999112 171 0.095300000161 173 0.108449999243 174 0.072350000963 177 0.142049998045 178 0.156750001013 -1 0
106 107 0.160750001669 114 0.096349999309 116 0.187049999833 118 0.182499997318 121 0.059150001034 122 0.084099996835 128 0.154699996114 130 0.156399995089 132 0.146949999034 136 0.143899999559 137 0.123950000852 140 0.143950000405 141 0.071299999952 142 0.105250000954 144 0.073600001633 146 0.096499998122 147 0.158999994397 150 0.037249999121 151 0.136249996722 158 0.171800002456 159 0.122350003570 162 0.028400000185 164 0.121999997646 165 0.145700003952 176 0.050249999389 177 0.125300001353 178 0.126600001007 179 0.120500002056 -1 0
107 110 0.071299999952 112 0.050200000405 115 0.058399999514 119 0.070900000632 122 0.134449996054 125 0.160550005734 127 0.034099999815 128 0.142449997365 136 0.058550000191 137 0.066300000995 140 0.157099999487 142 0.073849998415 144 0.149449996650 146 0.066150002182 147 0.158150002360 153 0.120500002056 155 0.157800003886 157 0.071950003505 158 0.039800001308 164 0.105200000107 165 0.193149998784 167 0.107099998742 169 0.180100001395 177 0.037149999291 178 0.150100000203 -1 0
108 109 0.094650000334 110 0.169649995863 115 0.189449995756 119 0.166949994862 123 0.109249997884 124 0.086050000042 133 0.151450000703 138 0.072850000113 143 0.026499999687 152 0.140699997544 154 0.126350000501 161 0.091350000352 168 0.040149999782 169 0.088599998504 -1 0
109 110 0.137900002301 115 0.141900002956 117 0.168549999595 119 0.130500003695 123 0.037000000477 124 0.018949999474 125 0.101400002837 127 0.159900002182 133 0.051400000229 138 0.040249999613 140 0.133450001478 143 0.098650000989 147 0.128950003535 157 0.173900000751 165 0.166900001466 168 0.157200001180 169 0.092550002038 170 0.107650000602 175 0.096850000322 -1 0
110 112 0.078150000423 113 0.165150001645 115 0.027199999429 119 0.036599999294 123 0.192150004208 124 0.183200001717 125 0.139649994671 127 0.035450000316 133 0.180599994957 136 0.134100001305 137 0.153400003910 138 0.183049999177 140 0.152399994433 142 0.118250001222 143 0.142900001258 146 0.129650004208 147 0.144900001585 152 0.167450003326 153 0.102099999785 157 0.028199999593 158 0.101550001651 161 0.170700006187 163 0.171350002289 164 0.176399998367 167 0.179900005460 169 0.104400001466 177 0.104249998927 -1 0
111 114 0.141150005162 116 0.061100000516 118 0.066150002182 121 0.170649997890 122 0.142949998379 128 0.130750004202 131 0.050950000063 135 0.104399997741 144 0.142150007188 160 0.118599999696 164 0.158650003374 167 0.178300000727 173 0.159000001848 178 0.120049998164 -1 0
112 113 0.139100000262 115 0.092500001192 119 0.105099998415 120 0.154199995100 122 0.156299993396 127 0.050200000405 128 0.103000000119 129 0.158200003207 136 0.079849999398 137 0.080699998885 142 0.131899997592 144 0.178649999201 146 0.094399999827 149 0.167350001633 153 0.081549998373 155 0.111250001937 157 0.066349999979 158 0.032949999906 164 0.115949999541 166 0.133900001645 167 0.094849999994 169 0.155100002885 171 0.155549995601 174 0.151950001717 177 0.079050000757 178 0.157999999821 -1 0
113 120 0.115749999881 127 0.168099999428 129 0.157300002873 145 0.097199998796 149 0.079800002277 153 0.062149999663 155 0.102649997920 157 0.132250003517 158 0.167800001800 163 0.138250000775 166 0.063599999994 167 0.156300000846 171 0.078200001270 174 0.119649998844 -1 0
114 116 0.093800000846 118 0.103999998420 121 0.034250000492 122 0.123500000685 128 0.190800003707 131 0.097099997103 137 0.177299998701 141 0.030249999836 144 0.105599999428 146 0.186749994755 150 0.064699999988 151 0.198049999774 162 0.058199999854 164 0.160800002515 176 0.079849999398 178 0.126349996775 -1 0
115 119 0.012550000101 123 0.163150005043 124 0.159400001168 125 0.115200005472 127 0.029849999584 128 0.172400005162 133 0.135549999774 136 0.113850001246 137 0.131499998271 138 0.156499996781 140 0.118000000715 142 0.096800003201 143 0.134950004518 146 0.112050000578 147 0.115700002760 153 0.120700001717 157 0.051899999380 158 0.101400002837 164 0.134750001132 165 0.154100000858 167 0.162399999797 169 0.113150000572 177 0.080249998719 -1 0
116 118 0.021650000475 121 0.120000001043 122 0.110400002450 128 0.151900000870 131 0.017200000584 135 0.165799997747 141 0.122699998319 144 0.113950002939 150 0.148649998009 160 0.177699998021 162 0.137900002301 164 0.146899998188 176 0.153749994934 178 0.112050000578 -1 0
117 125 0.112449999899 126 0.078199997544 130 0.078499998897 132 0.082699999213 133 0.127600003034 134 0.071249999106 139 0.051800001413 140 0.112399999052 147 0.101649999619 148 0.044400000945 151 0.143199995160 156 0.009249999654 159 0.115350000560 165 0.083850000054 170 0.069350000471 172 0.046850001439 175 0.105800002813 179 0.130800001323 -1 0
118 121 0.118350002915 122 0.146099999547 128 0.157700002193 131 0.016150000505 141 0.121700003743 144 0.154899999499 150 0.138799995184 160 0.179700002074 162 0.142499998212 164 0.169699996710 176 0.164099998772 178 0.133849997073 -1 0
119 123 0.169349998236 124 0.140950001776 125 0.116200003773 127 0.038300000131 133 0.129300002009 136 0.126350000501 137 0.121350001544 138 0.170850001276 140 0.117550000548 142 0.083650000393 143 0.160500004888 146 0.101500000805 147 0.114499997348 153 0.136849999428 157 0.069949999452 158 0.112250000238 164 0.188900001347 165 0.146849997342 167 0.165449999273 169 0.125250004232 175 0.204099997878 177 0.077800001949 -1 0
120 128 0.161199994385 129 0.044150000438 135 0.116349998862 153 0.169500000775 155 0.058149999008 158 0.173900000751 160 0.137149997056 166 0.041400000453 167 0.105100002140 171 0.049099998549 173 0.086500000209 174 0.006700000027 -1 0
121 122 0.094500001520 128 0.177900001407 131 0.123449999839 136 0.176600001752 137 0.153149999678 141 0.015149999876 142 0.150049999356 144 0.082449998707 146 0.156799994409 150 0.039000000805 151 0.147799998522 159 0.170499995351 162 0.035399999470 164 0.140450000763 176 0.052149999887 177 0.157250002027 178 0.135849997401 179 0.161749996245 -1 0
122 127 0.156750001013 128 0.069949999452 131 0.138099998236 135 0.183100000024 136 0.074500001967 137 0.062250001356 141 0.112799998373 142 0.099150002003 144 0.004600000102 146 0.084449999034 150 0.100949998945 158 0.093100000173 160 0.169200003147 162 0.078200001270 164 0.041649999097 167 0.122000005096 176 0.110700000077 177 0.120850000530 178 0.045649999753 -1 0
123 124 0.026700000279 125 0.118599999696 133 0.067299999297 138 0.024499999359 140 0.168150000274 143 0.112750001252 147 0.152199998498 168 0.128049999475 169 0.128549996763 170 0.106650002301 175 0.084699999541 -1 0
124 125 0.121150001884 133 0.056199999526 138 0.021850000136 140 0.147349998355 143 0.083599999547 147 0.139100000262 161 0.166349999607 168 0.122000001371 169 0.100700002164 170 0.126349996775 175 0.079650003463 -1 0
125 127 0.152100004256 130 0.139049999416 132 0.143399998546 133 0.053300000727 134 0.169399999082 138 0.128249999136 139 0.166699998081 140 0.037499999627 142 0.128400001675 146 0.166100002825 147 0.034100000747 148 0.130649998784 156 0.110800001770 157 0.172299996018 159 0.155550003052 165 0.062850000337 169 0.172899998724 170 0.087500002235 172 0.135699998587 175 0.069199997932 177 0.148299999535 179 0.175500005484 -1 0
126 130 0.068550001830 132 0.083699997514 134 0.014800000004 139 0.035049999133 147 0.204400002956 148 0.060750000179 151 0.131800003350 156 0.093200001866 159 0.120699997991 165 0.161599993706 170 0.141149997711 172 0.061349999160 179 0.122999999672 -1 0
127 128 0.162999995053 133 0.174500003457 136 0.096349999309 137 0.097199998796 140 0.139049999416 142 0.099550001323 144 0.171850003302 146 0.094799999148 147 0.140050001442 153 0.122999995947 155 0.162749998271 157 0.049850000069 158 0.069000000134 164 0.135849997401 165 0.184249997139 167 0.127599999309 169 0.137999996543 177 0.065100001171 178 0.169900000095 -1 0
128 129 0.150400005281 131 0.150249995291 135 0.107200000435 136 0.064550001174 137 0.067600000650 142 0.133599996567 144 0.083250001073 146 0.099399998784 155 0.105149999261 157 0.186700001359 158 0.079749997705 160 0.129000000656 162 0.150399997830 164 0.041100000963 166 0.161300003529 167 0.046949999407 173 0.138149999082 174 0.149349994957 177 0.106200002134 178 0.044150000438 -1 0
129 135 0.093699999154 155 0.072299998254 158 0.179849997163 160 0.093100000173 166 0.098399996758 167 0.113099999726 171 0.092899996787 173 0.037149999291 174 0.053649999201 178 0.167850002646 -1 0
130 132 0.008149999660 134 0.059000000358 139 0.070399999619 140 0.143449999392 142 0.178349994123 147 0.118900001049 148 0.044099999592 150 0.169050000608 151 0.083749998361 156 0.083700001240 159 0.052649999037 162 0.178249999881 165 0.079950001091 170 0.144149996340 172 0.031699999236 175 0.172499999404 176 0.155050002038 179 0.049450000748 -1 0
131 135 0.170400001109 141 0.127600003034 144 0.111749999225 150 0.165849998593 160 0.143500000238 162 0.149499997497 164 0.163000002503 178 0.130050003529 -1 0
132 134 0.070849999785 139 0.067499998957 140 0.108149997890 142 0.184750005603 147 0.133000001311 148 0.044800000265 150 0.150199994445 151 0.084000002593 156 0.078949999064 159 0.037599999458 162 0.137600000948 165 0.081600002944 170 0.154500000179 172 0.040699999779 175 0.162950001657 176 0.153249993920 179 0.040350001305 -1 0
133 138 0.077849999070 140 0.093049999326 142 0.170100003481 143 0.157449997962 147 0.086600001901 148 0.168250001967 156 0.137800000608 165 0.132299996912 169 0.148999996483 170 0.070500001311 172 0.193849995732 175 0.044250000268 -1 0
134 139 0.021550000645 140 0.172400005162 147 0.164300002158 148 0.042649999261 151 0.120349999517 156 0.075600001961 159 0.108799997717 165 0.131599999964 170 0.140650000423 172 0.039900001138 175 0.184849999845 179 0.099099997431 -1 0
135 144 0.171949997544 155 0.132249996066 160 0.005050000036 164 0.168350003660 166 0.181899994612 167 0.123399998993 171 0.193750001490 173 0.045399999246 174 0.131099998951 178 0.133699998260 -1 0
136 137 0.011350000277 140 0.175750002265 142 0.070250000805 144 0.070999998599 146 0.040400000289 147 0.188700005412 150 0.159800000489 153 0.196549996734 155 0.136100001633 157 0.123300001025 158 0.048499999568 162 0.141949996352 164 0.038550000638 167 0.075650002807 176 0.143200002611 177 0.040549999103 178 0.082150001079 -1 0
137 140 0.167949996889 141 0.180100001395 142 0.068849999458 144 0.063899999484 146 0.029499999247 147 0.176950000226 150 0.161100000143 153 0.182950004935 155 0.163350000978 157 0.129399996251 158 0.055500000715 162 0.130249999464 164 0.034799999557 167 0.086449999362 176 0.191849999130 177 0.040049999952 178 0.072349999100 -1 0
138 140 0.164899997413 143 0.076400000602 147 0.168200001121 161 0.166000001132 168 0.105399999768 169 0.113749995828 170 0.140300005674 175 0.100500002503 -1 0
139 140 0.142450001091 147 0.137400001287 148 0.034149998799 151 0.138249993324 156 0.053500000387 159 0.107500001788 165 0.103500001132 170 0.123399995267 172 0.032250000164 175 0.132399998605 179 0.107549998909 -1 0
140 142 0.089049998671 146 0.138549998403 147 0.009649999905 148 0.126850001514 156 0.120699997991 157 0.171200007200 159 0.117650002241 165 0.040149999782 170 0.118550002575 172 0.124150000513 175 0.104499999434 177 0.131850004196 179 0.136599998921 -1 0
141 142 0.168750002980 144 0.124600000679 146 0.155149996281 150 0.038050001487 151 0.138299994171 159 0.137850001454 162 0.043700000271 164 0.164849996567 176 0.045900000259 178 0.140349999070 179 0.136849999428 -1 0
142 144 0.107400000095 146 0.039200000465 147 0.093600001186 150 0.148100003600 157 0.125250004232 158 0.098250001669 159 0.150600001216 162 0.105900000781 164 0.091599997133 165 0.116949997842 167 0.173800006509 176 0.129000000656 177 0.044900000095 178 0.134699996561 179 0.149700000882 -1 0
143 152 0.123200003058 154 0.107349999249 157 0.182800002396 161 0.084400001913 163 0.170100003481 168 0.048849999905 169 0.051899999380 -1 0
144 146 0.073000002652 150 0.101649999619 158 0.112599998713 160 0.155900001526 162 0.086800001562 164 0.037999998778 167 0.121700000018 176 0.121050003916 177 0.093299999833 178 0.050249999389 -1 0
145 149 0.027449999936 152 0.130100004375 153 0.114649999887 154 0.177699998021 161 0.190549999475 163 0.065349999815 166 0.152300000191 171 0.166349999607 -1 0
146 147 0.165700003505 150 0.132749997079 155 0.169900000095 157 0.121399998665 158 0.074500000104 162 0.117450002581 164 0.057700000703 165 0.149849995971 167 0.114699997008 176 0.146700002253 177 0.026000000536 178 0.103949997574 -1 0
147 148 0.125800002366 156 0.107499998063 159 0.125100001693 165 0.039799999446 170 0.107499998063 172 0.131949998438 175 0.092599999160 177 0.130449999124 179 0.156750001013 -1 0
148 151 0.118599999696 156 0.046799998730 159 0.085200000554 165 0.077500000596 170 0.115800000727 172 0.006300000008 175 0.148550003767 179 0.098050002009 -1 0
149 152 0.116000000387 153 0.094199996442 154 0.135949999094 157 0.151199996471 161 0.150650002062 163 0.056400001049 166 0.147450000048 171 0.148300006986 -1 0
150 151 0.121349997818 159 0.124849997461 162 0.026850000024 164 0.152699999511 165 0.164499998093 176 0.015399999917 177 0.157899998128 178 0.145250000060 179 0.114750001580 -1 0
151 156 0.168749995530 159 0.061999998987 162 0.138199999928 165 0.142849996686 172 0.103900000453 176 0.101149998605 179 0.046450000256 -1 0
152 153 0.156150005758 154 0.040800001472 157 0.157650001347 161 0.044500000775 163 0.053850000724 168 0.121749997139 169 0.099999997765 -1 0
153 155 0.127700001001 157 0.078250002116 158 0.123100001365 161 0.174850001931 163 0.120949998498 166 0.108350001276 167 0.156049996614 169 0.156850002706 171 0.138949997723 174 0.160450004041 177 0.181549996138 -1 0
154 161 0.024249999784 163 0.106049999595 168 0.104299999774 169 0.118149999529 -1 0
155 157 0.133549995720 158 0.134949997067 160 0.137000001967 164 0.146949999034 166 0.052850000560 167 0.080250002444 171 0.066399998963 173 0.106949999928 174 0.054500000551 177 0.175099998713 178 0.187049999833 -1 0
156 159 0.122749999166 165 0.100900001824 170 0.079799998552 172 0.050400000066 175 0.099849998951 179 0.131599999964 -1 0
157 158 0.090700000525 161 0.168150000274 163 0.172500006855 164 0.175699993968 166 0.167700000107 167 0.158799998462 169 0.121449999511 177 0.122400000691 -1 0
158 164 0.074500001967 166 0.162199996412 167 0.070449996740 171 0.166349999607 173 0.194799996912 174 0.162750005722 177 0.061049999669 178 0.113200001419 -1 0
159 162 0.140899997205 165 0.085200000554 170 0.179300002754 172 0.079200003296 176 0.111749999225 179 0.014750000089 -1 0
160 164 0.164149999619 166 0.149449996650 167 0.113350000232 173 0.057500001043 174 0.168250001967 178 0.130149997771 -1 0
161 163 0.096249997616 168 0.075600001961 169 0.097349997610 -1 0
162 164 0.122249998152 165 0.157249994576 176 0.043650001287 177 0.152899995446 178 0.119100000709 179 0.129250001162 -1 0
163 169 0.145549997687 -1 0
164 167 0.090349998325 173 0.186899997294 176 0.165200002491 177 0.075849998742 178 0.043999999762 -1 0
165 170 0.107449997216 172 0.082400001585 175 0.130549997091 176 0.176300004125 177 0.149250000715 179 0.098900001496 -1 0
166 167 0.140950001776 171 0.028799999505 173 0.116550002247 174 0.042850000784 -1 0
167 171 0.142650000751 173 0.122699998319 174 0.133900001645 177 0.116100002080 178 0.088400002569 -1 0
168 169 0.101800002158 -1 0
169 -1 0
170 172 0.115199998021 175 0.026049999520 -1 0
171 173 0.145750001073 174 0.042200000957 -1 0
172 175 0.147099994123 179 0.082800000906 -1 0
173 174 0.088799998164 178 0.156750001013 -1 0
174 -1 0
175 -1 0
176 177 0.164700001478 178 0.160750001669 179 0.105650000274 -1 0
177 178 0.130749996752 -1 0
178 -1 0
179 -1 0
