0
1
180
20
    200   3722
0.9501 0.2311
0.6068 0.4860
0.8913 0.7621
0.4565 0.0185
0.8214 0.4447
0.6154 0.7919
0.9218 0.7382
0.1763 0.4057
0.9355 0.9169
0.4103 0.8936
0.0579 0.3529
0.8132 0.0099
0.1389 0.2028
0.1987 0.6038
0.2722 0.1988
0.4660 0.4186
0.8462 0.5252
0.0498 0.0784
0.0648 0.9883
0.0153 0.7468
0.2026 0.6721
0.4451 0.9318
0.8381 0.0196
0.6813 0.3795
0.8318 0.5028
0.7095 0.4289
0.3046 0.1897
0.1934 0.6822
0.3028 0.5417
0.1509 0.6979
0.3784 0.8600
0.8537 0.5936
0.4966 0.8998
0.8216 0.6449
0.8180 0.6602
0.3420 0.2897
0.3412 0.5341
0.7271 0.3093
0.8385 0.5681
0.3704 0.7027
0.5466 0.4449
0.6946 0.6213
0.7948 0.9568
0.5226 0.8801
0.1730 0.9797
0.2714 0.2523
0.8757 0.7373
0.1365 0.0118
0.8939 0.1991
0.2987 0.6614
0.2844 0.4692
0.5828 0.4235
0.5155 0.3340
0.4329 0.2259
0.5798 0.7604
0.5298 0.6405
0.2091 0.3798
0.7833 0.6808
0.4611 0.5678
0.7942 0.0592
0.6029 0.0503
0.4154 0.3050
0.8744 0.0150
0.7680 0.9708
0.9901 0.7889
0.4387 0.4983
0.2140 0.6435
0.3200 0.9601
0.7266 0.4120
0.7446 0.2679
0.4399 0.9334
0.6833 0.2126
0.8392 0.6288
0.1338 0.2071
0.6072 0.6299
0.3705 0.5751
0.4514 0.0439
0.0272 0.3127
0.0129 0.3840
0.6831 0.0928
0.0353 0.6124
0.6085 0.0158
0.0164 0.1901
0.5869 0.0576
0.3676 0.6315
0.7176 0.6927
0.0841 0.4544
0.4418 0.3533
0.1536 0.6756
0.6992 0.7275
0.4784 0.5548
0.1210 0.4508
0.7159 0.8928
0.2731 0.2548
0.8656 0.2324
0.8049 0.9084
0.2319 0.2393
0.6408 0.1909
0.8439 0.1739
0.1708 0.9943
0.4398 0.3400
0.3142 0.3651
0.3932 0.5915
0.1197 0.0381
0.4586 0.8699
0.9342 0.2644
0.1603 0.8729
0.2379 0.6458
0.9669 0.6649
0.8704 0.0099
0.1370 0.8188
0.4302 0.8903
0.7349 0.6873
0.3461 0.1660
0.1556 0.1911
0.4225 0.8560
0.4902 0.8159
0.4608 0.4574
0.4507 0.4122
0.9016 0.0056
0.2974 0.0492
0.6932 0.6501
0.9830 0.5527
0.4001 0.1988
0.6252 0.7334
0.3759 0.0099
0.4199 0.7537
0.7939 0.9200
0.8447 0.3678
0.6208 0.7313
0.1939 0.9048
0.5692 0.6318
0.2344 0.5488
0.9316 0.3352
0.6555 0.3919
0.6273 0.6991
0.3972 0.4136
0.6552 0.8376
0.3716 0.4253
0.5947 0.5657
0.7165 0.5113
0.7764 0.4893
0.1859 0.7006
0.9827 0.8066
0.7036 0.4850
0.1146 0.6649
0.3654 0.1400
0.5668 0.8230
0.6739 0.9994
0.9616 0.0589
0.3603 0.5485
0.2618 0.5973
0.0493 0.5711
0.7009 0.9623
0.7505 0.7400
0.4319 0.6343
0.8030 0.0839
0.9455 0.9159
0.6020 0.2536
0.8735 0.5134
0.7327 0.4222
0.9614 0.0721
0.5534 0.2920
0.8580 0.3358
0.6802 0.0534
0.3567 0.4983
0.4344 0.5625
0.6166 0.1133
0.8983 0.7546
0.7911 0.8150
0.6700 0.2009
0.2731 0.6262
0.5369 0.0595
0.0890 0.2713
0.4091 0.4740
0.9090 0.5962
0.3290 0.4782
0.5972 0.1614
0.8295 0.9561
0.5955 0.0287
0.8121 0.6101
0.7015 0.0922
0.4249 0.3756
0.1662 0.8332
0.8386 0.4516
0.9566 0.1472
0.8699 0.7694
0.4442 0.6206
0.9517 0.6400
0.2473 0.3527
0.1879 0.4906
0.4093 0.4635
0.6109 0.0712
0.3143 0.6084
0.1750 0.6210
0.2460 0.5874
0.5061 0.4648
0.5414 0.9423
0.3418 0.4018
0.3077 0.4116
   0   48 0.0714
   0   94 0.0881
   0   98 0.1205
   0  105 0.0406
   0  128 0.1761
   0  133 0.1038
   0  149 0.1590
   0  161 0.1485
   0  163 0.1203
   0  185 0.0780
   1   15 0.1541
   1   23 0.1335
   1   25 0.1346
   1   40 0.0891
   1   41 0.1477
   1   51 0.0640
   1   52 0.1901
   1   55 0.1786
   1   58 0.1817
   1   65 0.1653
   1   68 0.1397
   1   74 0.1502
   1   90 0.1415
   1  117 0.1401
   1  118 0.1469
   1  131 0.1316
   1  134 0.0960
   1  139 0.0942
   1  140 0.1223
   1  141 0.1711
   1  144 0.0967
   1  160 0.1675
   1  196 0.1209
   2    6 0.0333
   2    8 0.1635
   2   31 0.1974
   2   33 0.1489
   2   34 0.1024
   2   46 0.0283
   2   57 0.1327
   2   64 0.0962
   2   72 0.1476
   2   95 0.1545
   2  108 0.1649
   2  112 0.1526
   2  143 0.1162
   2  154 0.1415
   2  157 0.1500
   2  168 0.0107
   2  169 0.1102
   2  175 0.2136
   2  180 0.1991
   2  186 0.0179
   2  188 0.1280
   3   60 0.1603
   3   76 0.0263
   3   81 0.1592
   3   83 0.1491
   3  120 0.1689
   3  125 0.0745
   3  146 0.1668
   3  172 0.0781
   3  179 0.1557
   3  192 0.1585
   4   16 0.1015
   4   23 0.1420
   4   24 0.0538
   4   25 0.1117
   4   31 0.1428
   4   37 0.1724
   4   38 0.1052
   4   68 0.0960
   4  128 0.0831
   4  133 0.1471
   4  134 0.1654
   4  140 0.1172
   4  141 0.0623
   4  144 0.1191
   4  159 0.0832
   4  160 0.1043
   4  163 0.1026
   4  175 0.2196
   4  180 0.1436
   4  184 0.0177
   5   32 0.1841
   5   43 0.1378
   5   54 0.0478
   5   55 0.1621
   5   74 0.1314
   5   85 0.1336
   5   89 0.1103
   5   92 0.1349
   5  104 0.1967
   5  112 0.1672
   5  116 0.1404
   5  121 0.1737
   5  124 0.0460
   5  129 0.0591
   5  131 0.1775
   5  135 0.1001
   5  137 0.0647
   5  147 0.0524
   5  154 0.1318
   5  169 0.1523
   5  197 0.1722
   6    2 0.0413
   6    8 0.1692
   6   31 0.1425
   6   33 0.1270
   6   34 0.1470
   6   46 0.0536
   6   57 0.1645
   6   64 0.0906
   6   72 0.1033
   6  108 0.0803
   6  143 0.0924
   6  154 0.1641
   6  157 0.1732
   6  168 0.0290
   6  169 0.1552
   6  175 0.1392
   6  180 0.1465
   6  186 0.0572
   6  188 0.1044
   7   10 0.1197
   7   50 0.1467
   7   56 0.0414
   7   77 0.1600
   7   78 0.1499
   7   86 0.1034
   7   91 0.0724
   7   93 0.1692
   7   96 0.1917
   7  101 0.1609
   7  132 0.1508
   7  173 0.1798
   7  176 0.1896
   7  189 0.0909
   7  190 0.0829
   7  198 0.1698
   7  199 0.1449
   8    2 0.1727
   8    6 0.1910
   8   42 0.1276
   8   63 0.1717
   8   64 0.1436
   8   95 0.1339
   8  127 0.1472
   8  143 0.1202
   8  157 0.0105
   8  168 0.1764
   8  169 0.1922
   8  178 0.1235
   8  186 0.1632
   9   21 0.0468
   9   30 0.0487
   9   32 0.0868
   9   43 0.1151
   9   67 0.1068
   9   70 0.0521
   9  104 0.0557
   9  111 0.0178
   9  115 0.0442
   9  116 0.1039
   9  126 0.1580
   9  147 0.1468
   9  197 0.1380
  10    7 0.1206
  10   12 0.1683
  10   56 0.1566
  10   73 0.1868
  10   77 0.0468
  10   78 0.0626
  10   82 0.1776
  10   86 0.0980
  10   91 0.1297
  10  173 0.1045
  11   22 0.0228
  11   59 0.0503
  11   62 0.0552
  11   79 0.1499
  11   98 0.1823
  11  109 0.0602
  11  119 0.0951
  11  149 0.1386
  11  156 0.0768
  11  161 0.1508
  11  164 0.1468
  11  181 0.1282
  12   10 0.1745
  12   14 0.1504
  12   17 0.1186
  12   26 0.1767
  12   45 0.1569
  12   73 0.0055
  12   77 0.1488
  12   82 0.1375
  12   93 0.1547
  12   96 0.0933
  12  103 0.1505
  12  114 0.0214
  12  173 0.0884
  13   20 0.0623
  13   27 0.0746
  13   28 0.0946
  13   29 0.1055
  13   36 0.1774
  13   49 0.1322
  13   50 0.1445
  13   66 0.0506
  13   75 0.2012
  13   80 0.1812
  13   84 0.1793
  13   88 0.0949
  13   91 0.1606
  13  107 0.0598
  13  132 0.0736
  13  142 0.0896
  13  145 0.1240
  13  150 0.1996
  13  151 0.0649
  13  152 0.1409
  13  171 0.0800
  13  190 0.1279
  13  193 0.1141
  13  194 0.0270
  13  195 0.0548
  14   12 0.1154
  14   26 0.0349
  14   35 0.1169
  14   45 0.0572
  14   53 0.1472
  14   61 0.1581
  14   73 0.1724
  14   93 0.0618
  14   96 0.0486
  14  101 0.1636
  14  113 0.0737
  14  114 0.1121
  14  120 0.1748
  14  123 0.1298
  14  146 0.1018
  14  189 0.1700
  15    1 0.1719
  15   35 0.1789
  15   36 0.1662
  15   40 0.0869
  15   51 0.1230
  15   52 0.0916
  15   58 0.1603
  15   61 0.1500
  15   65 0.0894
  15   87 0.0774
  15   90 0.1394
  15  100 0.0736
  15  101 0.1586
  15  117 0.0385
  15  118 0.0156
  15  136 0.0655
  15  138 0.1093
  15  150 0.1660
  15  162 0.1701
  15  165 0.1464
  15  166 0.1580
  15  174 0.0816
  15  176 0.1339
  15  182 0.0694
  15  191 0.0670
  15  196 0.0660
  15  198 0.1377
  15  199 0.1805
  16    4 0.0872
  16   24 0.0310
  16   25 0.1823
  16   31 0.0651
  16   33 0.1335
  16   34 0.1459
  16   38 0.0448
  16   41 0.2129
  16   57 0.1847
  16   68 0.1660
  16   72 0.0954
  16  122 0.1652
  16  128 0.1256
  16  140 0.1255
  16  141 0.0918
  16  144 0.1478
  16  159 0.0300
  16  160 0.1433
  16  175 0.1087
  16  180 0.1066
  16  184 0.0826
  16  188 0.1405
  17   12 0.1365
  17   47 0.1333
  17   73 0.1396
  17   82 0.0985
  17  103 0.0807
  17  114 0.1313
  18   44 0.1200
  18   99 0.1178
  18  106 0.1947
  18  130 0.1574
  19   29 0.1560
  19   80 0.1253
  19   88 0.1339
  19  110 0.1580
  19  142 0.1848
  19  145 0.1113
  19  152 0.1624
  19  183 0.1687
  20   13 0.0553
  20   27 0.0143
  20   28 0.1621
  20   29 0.0578
  20   39 0.1953
  20   49 0.0881
  20   66 0.0297
  20   80 0.1945
  20   84 0.1577
  20   88 0.0403
  20  107 0.0399
  20  110 0.1547
  20  132 0.1120
  20  142 0.0377
  20  145 0.0716
  20  151 0.1108
  20  171 0.0907
  20  183 0.1281
  20  193 0.1249
  20  194 0.0590
  20  195 0.0921
  21    9 0.0453
  21   30 0.0929
  21   32 0.0614
  21   43 0.0818
  21   67 0.1499
  21   70 0.0056
  21  104 0.0585
  21  111 0.0373
  21  115 0.0928
  21  116 0.1228
  21  126 0.1476
  21  147 0.1578
  21  197 0.1143
  22   11 0.0193
  22   59 0.0541
  22   62 0.0372
  22   79 0.1635
  22   98 0.1688
  22  109 0.0353
  22  119 0.0611
  22  149 0.0990
  22  156 0.0756
  22  161 0.1340
  22  164 0.1824
  22  181 0.1593
  22  185 0.1717
  23    1 0.1359
  23    4 0.1804
  23   25 0.0622
  23   37 0.0887
  23   40 0.1767
  23   51 0.1050
  23   52 0.1615
  23   68 0.0459
  23   69 0.1404
  23   71 0.1590
  23  128 0.1645
  23  134 0.0315
  23  140 0.1420
  23  141 0.1361
  23  144 0.1164
  23  158 0.1355
  23  160 0.0680
  23  162 0.1555
  23  170 0.1603
  23  184 0.1960
  24    4 0.0563
  24   16 0.0251
  24   25 0.1308
  24   31 0.0849
  24   33 0.1746
  24   34 0.1544
  24   38 0.0525
  24   68 0.1404
  24   72 0.1288
  24  122 0.1180
  24  128 0.1629
  24  140 0.1243
  24  141 0.0613
  24  144 0.1461
  24  159 0.0423
  24  160 0.1132
  24  163 0.1433
  24  175 0.1030
  24  180 0.0929
  24  184 0.0538
  25    1 0.1164
  25    4 0.1144
  25   16 0.1708
  25   23 0.0672
  25   24 0.1622
  25   37 0.1372
  25   40 0.1527
  25   51 0.1473
  25   68 0.0272
  25   69 0.1477
  25  128 0.1395
  25  134 0.0616
  25  139 0.1858
  25  140 0.0667
  25  141 0.0928
  25  144 0.0656
  25  160 0.0283
  25  163 0.1857
  25  184 0.1188
  26   12 0.1552
  26   14 0.0337
  26   35 0.1072
  26   45 0.0714
  26   53 0.1408
  26   61 0.1697
  26   73 0.1775
  26   93 0.0683
  26   96 0.0937
  26  101 0.1844
  26  113 0.0467
  26  114 0.1633
  26  120 0.1270
  26  123 0.0741
  26  146 0.0824
  26  189 0.1991
  27   13 0.0793
  27   20 0.0159
  27   28 0.1824
  27   29 0.0458
  27   39 0.1243
  27   49 0.1091
  27   66 0.0469
  27   80 0.1929
  27   88 0.0485
  27  107 0.0485
  27  110 0.1266
  27  132 0.1694
  27  142 0.0163
  27  145 0.0765
  27  151 0.0956
  27  171 0.1045
  27  183 0.1479
  27  193 0.1539
  27  194 0.0660
  27  195 0.1084
  28   13 0.1161
  28   20 0.1604
  28   27 0.1683
  28   36 0.0436
  28   39 0.2033
  28   49 0.1002
  28   50 0.0721
  28   58 0.1569
  28   65 0.1632
  28   66 0.1440
  28   75 0.0774
  28   84 0.1247
  28   90 0.1844
  28  101 0.1984
  28  102 0.1060
  28  107 0.1191
  28  117 0.1999
  28  132 0.0570
  28  136 0.1453
  28  138 0.1491
  28  150 0.0563
  28  151 0.0690
  28  155 0.1643
  28  165 0.0716
  28  166 0.1274
  28  171 0.1037
  28  174 0.1244
  28  176 0.0688
  28  187 0.1769
  28  190 0.1179
  28  191 0.1357
  28  193 0.0725
  28  194 0.1469
  28  195 0.0772
  28  198 0.1648
  28  199 0.1102
  29   13 0.0940
  29   19 0.1455
  29   20 0.0633
  29   27 0.0406
  29   49 0.1439
  29   66 0.0820
  29   80 0.1415
  29   88 0.0240
  29  106 0.1705
  29  107 0.0998
  29  110 0.1164
  29  132 0.1481
  29  142 0.0260
  29  145 0.0427
  29  151 0.1487
  29  152 0.1812
  29  171 0.1361
  29  183 0.1228
  29  194 0.0751
  29  195 0.1461
  30    9 0.0446
  30   21 0.1043
  30   32 0.1210
  30   39 0.1797
  30   43 0.1401
  30   67 0.1239
  30   70 0.0957
  30  104 0.0887
  30  111 0.0589
  30  115 0.0492
  30  116 0.1018
  30  126 0.1118
  31    2 0.1736
  31    4 0.1331
  31    6 0.1629
  31   16 0.0592
  31   24 0.0959
  31   33 0.0574
  31   34 0.0777
  31   38 0.0318
  31   41 0.1545
  31   46 0.1343
  31   57 0.1073
  31   72 0.0406
  31   85 0.1629
  31  108 0.1327
  31  112 0.1412
  31  121 0.1884
  31  122 0.1358
  31  140 0.1431
  31  141 0.1257
  31  154 0.1938
  31  159 0.0761
  31  168 0.1627
  31  175 0.0546
  31  180 0.0349
  31  184 0.1692
  31  186 0.1689
  31  188 0.1137
  32    5 0.1751
  32    9 0.0884
  32   21 0.0662
  32   30 0.1263
  32   43 0.0324
  32   54 0.1651
  32   70 0.0735
  32  104 0.0430
  32  111 0.0802
  32  115 0.0741
  32  116 0.0842
  32  126 0.1581
  32  137 0.1555
  32  147 0.1103
  32  197 0.0606
  33    2 0.1166
  33    6 0.1111
  33   16 0.0958
  33   24 0.1499
  33   31 0.0627
  33   34 0.0136
  33   38 0.0801
  33   41 0.1081
  33   46 0.1184
  33   57 0.0542
  33   72 0.0243
  33   85 0.0927
  33   89 0.1425
  33  108 0.1253
  33  112 0.1026
  33  121 0.1207
  33  140 0.1659
  33  141 0.1425
  33  154 0.1220
  33  159 0.1304
  33  168 0.1424
  33  169 0.1521
  33  175 0.1027
  33  180 0.0370
  33  186 0.1331
  33  188 0.1236
  34    2 0.1150
  34    6 0.1377
  34   16 0.1204
  34   24 0.1439
  34   31 0.0736
  34   33 0.0155
  34   38 0.1013
  34   41 0.1448
  34   46 0.0831
  34   57 0.0399
  34   72 0.0383
  34   85 0.0998
  34   89 0.1302
  34  108 0.1525
  34  112 0.0925
  34  121 0.1050
  34  141 0.1588
  34  154 0.1090
  34  159 0.1628
  34  168 0.1308
  34  169 0.1648
  34  175 0.1017
  34  180 0.0527
  34  186 0.1103
  34  188 0.1537
  35   14 0.1177
  35   15 0.1721
  35   26 0.1317
  35   45 0.0884
  35   52 0.1688
  35   53 0.0991
  35   56 0.1591
  35   61 0.0805
  35   87 0.1150
  35   93 0.0821
  35   96 0.1259
  35  100 0.1160
  35  101 0.0743
  35  113 0.1298
  35  118 0.1730
  35  123 0.1116
  35  136 0.1413
  35  138 0.1214
  35  146 0.1740
  35  182 0.1214
  35  189 0.1058
  35  198 0.0992
  35  199 0.1158
  36   13 0.1958
  36   15 0.1705
  36   28 0.0402
  36   39 0.1801
  36   49 0.1292
  36   50 0.0960
  36   58 0.1273
  36   65 0.0910
  36   66 0.1652
  36   75 0.0562
  36   84 0.1043
  36   90 0.1240
  36  101 0.1714
  36  102 0.0717
  36  107 0.1522
  36  117 0.1139
  36  118 0.1680
  36  132 0.1107
  36  136 0.1267
  36  138 0.1212
  36  150 0.0205
  36  151 0.1006
  36  155 0.1322
  36  165 0.0400
  36  166 0.0987
  36  171 0.1108
  36  174 0.0964
  36  176 0.0561
  36  182 0.2067
  36  187 0.1089
  36  190 0.1706
  36  191 0.1005
  36  193 0.0947
  36  195 0.1095
  36  196 0.1794
  36  198 0.1254
  36  199 0.1278
  37    4 0.2055
  37   23 0.0876
  37   25 0.1240
  37   68 0.0998
  37   69 0.0402
  37   71 0.1023
  37   94 0.1717
  37   97 0.1566
  37   98 0.1570
  37  128 0.1289
  37  134 0.1065
  37  144 0.1868
  37  158 0.1347
  37  160 0.0971
  37  162 0.1774
  37  163 0.1326
  37  170 0.1395
  38    4 0.1344
  38   16 0.0433
  38   24 0.0717
  38   31 0.0301
  38   33 0.0868
  38   34 0.1082
  38   41 0.1510
  38   46 0.1940
  38   57 0.1325
  38   72 0.0577
  38   85 0.2074
  38  108 0.1913
  38  112 0.1591
  38  121 0.1572
  38  122 0.1566
  38  140 0.1496
  38  141 0.1065
  38  144 0.1805
  38  159 0.0700
  38  175 0.0715
  38  180 0.0480
  38  184 0.0943
  38  188 0.1292
  39   20 0.1750
  39   27 0.1760
  39   28 0.1616
  39   30 0.1754
  39   36 0.1703
  39   49 0.0871
  39   55 0.1584
  39   58 0.1479
  39   66 0.1450
  39   75 0.0976
  39   84 0.0778
  39  102 0.0992
  39  107 0.1393
  39  115 0.1456
  39  116 0.1672
  39  126 0.0646
  39  150 0.1762
  39  151 0.1614
  39  155 0.0846
  39  166 0.1439
  39  171 0.1421
  39  187 0.1162
  39  193 0.0993
  39  195 0.1552
  40    1 0.0707
  40   15 0.0685
  40   23 0.1773
  40   25 0.1444
  40   51 0.0481
  40   52 0.1196
  40   58 0.1359
  40   65 0.1363
  40   87 0.1456
  40   90 0.1194
  40  100 0.1593
  40  117 0.0877
  40  118 0.1146
  40  134 0.1079
  40  136 0.1710
  40  138 0.1734
  40  139 0.1088
  40  144 0.1710
  40  162 0.1658
  40  166 0.1848
  40  174 0.1482
  40  182 0.1565
  40  191 0.1163
  40  196 0.0398
  41    1 0.1627
  41   16 0.1972
  41   31 0.1435
  41   33 0.1374
  41   34 0.1140
  41   38 0.1782
  41   55 0.1487
  41   57 0.1020
  41   72 0.1475
  41   74 0.1034
  41   85 0.0728
  41   89 0.1037
  41  112 0.0735
  41  121 0.0282
  41  124 0.1356
  41  129 0.1562
  41  131 0.1266
  41  135 0.0954
  41  139 0.1259
  41  140 0.1328
  41  141 0.1525
  41  144 0.1112
  41  154 0.1139
  41  180 0.1240
  42    8 0.1319
  42   63 0.0310
  42   92 0.0853
  42   95 0.0497
  42  127 0.0434
  42  148 0.1285
  42  153 0.0916
  42  157 0.1756
  42  169 0.1465
  42  178 0.0406
  43    5 0.1207
  43    9 0.1038
  43   21 0.0850
  43   30 0.1371
  43   32 0.0363
  43   54 0.0981
  43   70 0.1132
  43  104 0.0655
  43  111 0.0813
  43  115 0.1104
  43  116 0.0727
  43  124 0.1909
  43  126 0.1826
  43  129 0.1682
  43  137 0.1119
  43  147 0.0911
  43  197 0.0679
  44   18 0.1099
  44   67 0.1657
  44   99 0.0155
  44  106 0.1027
  44  110 0.1565
  44  130 0.0750
  44  183 0.1379
  45   12 0.1471
  45   14 0.0552
  45   26 0.0654
  45   35 0.0685
  45   53 0.1550
  45   56 0.1515
  45   61 0.1482
  45   73 0.1238
  45   93 0.0028
  45   96 0.0414
  45  101 0.1215
  45  113 0.1229
  45  114 0.1335
  45  123 0.1332
  45  146 0.1337
  45  189 0.0974
  45  198 0.1762
  45  199 0.1873
  46    2 0.0307
  46    6 0.0500
  46   31 0.1186
  46   33 0.1060
  46   34 0.1059
  46   38 0.2086
  46   57 0.1283
  46   64 0.1266
  46   72 0.1142
  46   85 0.1658
  46   89 0.1895
  46  108 0.1181
  46  112 0.1414
  46  143 0.1341
  46  154 0.1231
  46  168 0.0271
  46  169 0.1217
  46  175 0.1580
  46  180 0.1585
  46  186 0.0320
  46  188 0.1300
  47   17 0.1160
  47  103 0.0250
  47  120 0.1825
  48    0 0.0651
  48   59 0.1724
  48   69 0.1645
  48   94 0.0447
  48   98 0.0425
  48  105 0.0807
  48  128 0.1695
  48  133 0.1491
  48  149 0.1693
  48  156 0.1711
  48  161 0.1307
  48  163 0.1504
  48  185 0.0768
  49   13 0.1357
  49   20 0.1066
  49   27 0.1212
  49   28 0.1346
  49   29 0.1523
  49   36 0.1278
  49   39 0.1098
  49   66 0.0774
  49   75 0.1015
  49   84 0.0764
  49   88 0.1612
  49  102 0.1246
  49  107 0.0702
  49  126 0.1468
  49  132 0.1363
  49  142 0.1214
  49  150 0.1344
  49  151 0.0581
  49  155 0.1406
  49  165 0.1751
  49  166 0.1634
  49  171 0.0397
  49  187 0.1502
  49  193 0.0575
  49  194 0.1253
  49  195 0.0905
  50    7 0.1180
  50   13 0.1689
  50   28 0.0923
  50   36 0.0925
  50   56 0.1110
  50   65 0.1869
  50   75 0.1236
  50   91 0.1434
  50  101 0.1125
  50  102 0.1748
  50  117 0.2075
  50  118 0.1693
  50  132 0.0894
  50  136 0.1134
  50  138 0.0999
  50  150 0.0941
  50  151 0.1187
  50  165 0.0762
  50  166 0.1963
  50  171 0.1465
  50  174 0.1492
  50  176 0.0379
  50  182 0.1641
  50  189 0.1248
  50  190 0.1094
  50  191 0.1237
  50  193 0.1610
  50  195 0.1377
  50  198 0.0921
  50  199 0.0628
  51    1 0.0741
  51   15 0.1052
  51   23 0.1027
  51   25 0.1324
  51   40 0.0443
  51   52 0.0990
  51   65 0.1936
  51   68 0.1444
  51   87 0.1430
  51   90 0.1764
  51  100 0.1454
  51  117 0.1348
  51  118 0.1352
  51  134 0.0789
  51  139 0.1276
  51  140 0.1843
  51  144 0.1396
  51  158 0.1749
  51  160 0.1642
  51  162 0.1344
  51  182 0.1494
  51  191 0.1587
  51  196 0.0969
  52    1 0.1741
  52   15 0.1013
  52   23 0.2101
  52   35 0.2134
  52   40 0.1136
  52   51 0.1149
  52   53 0.1528
  52   61 0.1123
  52   87 0.0853
  52  100 0.0713
  52  117 0.1624
  52  118 0.1210
  52  123 0.1805
  52  134 0.1349
  52  136 0.1488
  52  138 0.1778
  52  158 0.1146
  52  162 0.0574
  52  174 0.1770
  52  182 0.1118
  52  191 0.1447
  52  196 0.1323
  53   14 0.1483
  53   26 0.1328
  53   35 0.1122
  53   45 0.1506
  53   52 0.1335
  53   61 0.0777
  53   87 0.1265
  53   93 0.1655
  53  100 0.1090
  53  113 0.1001
  53  123 0.0410
  53  146 0.1084
  53  158 0.1927
  53  162 0.1478
  53  177 0.1619
  53  182 0.1556
  54    5 0.0536
  54   32 0.1607
  54   43 0.1475
  54   55 0.1400
  54   74 0.1321
  54   85 0.1512
  54   89 0.1205
  54  104 0.1759
  54  112 0.1483
  54  116 0.0903
  54  121 0.1391
  54  124 0.0445
  54  126 0.1422
  54  129 0.0545
  54  131 0.1433
  54  135 0.0734
  54  137 0.1041
  54  147 0.0711
  54  154 0.1968
  55    1 0.1619
  55    5 0.1524
  55   39 0.1452
  55   41 0.1453
  55   54 0.1284
  55   58 0.1003
  55   65 0.1374
  55   74 0.0597
  55   75 0.1791
  55   84 0.1336
  55   90 0.0979
  55  102 0.1588
  55  116 0.1850
  55  121 0.1835
  55  124 0.1337
  55  126 0.1369
  55  129 0.1355
  55  131 0.0435
  55  135 0.1105
  55  139 0.1043
  55  155 0.1026
  55  166 0.1501
  55  187 0.0888
  55  196 0.1738
  56    7 0.0405
  56   10 0.1360
  56   35 0.1582
  56   45 0.1308
  56   50 0.0952
  56   86 0.1626
  56   91 0.1023
  56   93 0.1467
  56   96 0.1271
  56  101 0.1252
  56  132 0.1808
  56  138 0.1638
  56  173 0.1604
  56  176 0.1273
  56  189 0.0492
  56  190 0.1053
  56  198 0.1395
  56  199 0.1102
  57    2 0.1272
  57    6 0.1750
  57   16 0.1655
  57   31 0.0905
  57   33 0.0518
  57   34 0.0452
  57   38 0.1438
  57   41 0.1175
  57   46 0.1095
  57   72 0.0716
  57   85 0.0847
  57   89 0.1069
  57  112 0.0506
  57  121 0.0958
  57  124 0.1898
  57  129 0.1897
  57  135 0.1486
  57  154 0.0691
  57  168 0.1420
  57  169 0.1410
  57  175 0.1552
  57  180 0.0781
  57  186 0.1346
  57  188 0.1687
  58    1 0.1701
  58   15 0.1511
  58   28 0.1368
  58   36 0.1408
  58   39 0.1603
  58   40 0.1605
  58   55 0.1052
  58   65 0.0829
  58   74 0.1424
  58   75 0.0797
  58   84 0.1153
  58   90 0.0237
  58  102 0.0650
  58  117 0.1109
  58  118 0.1571
  58  131 0.1072
  58  136 0.1472
  58  138 0.1908
  58  139 0.1541
  58  150 0.1009
  58  155 0.0686
  58  165 0.1327
  58  166 0.0296
  58  174 0.0975
  58  176 0.1416
  58  187 0.0585
  58  191 0.1034
  58  193 0.1501
  58  196 0.1150
  59   11 0.0526
  59   22 0.0585
  59   48 0.1832
  59   62 0.0766
  59   79 0.0977
  59   98 0.1117
  59  109 0.0887
  59  119 0.1213
  59  149 0.1520
  59  156 0.0275
  59  161 0.1665
  59  164 0.1159
  59  181 0.0956
  60    3 0.1523
  60   76 0.1353
  60   79 0.0886
  60   81 0.0323
  60   83 0.0137
  60   97 0.1401
  60  164 0.0736
  60  167 0.0684
  60  170 0.1736
  60  172 0.0794
  60  177 0.1153
  60  179 0.0266
  60  181 0.1024
  60  192 0.0224
  61   14 0.1808
  61   15 0.1306
  61   26 0.1412
  61   35 0.0829
  61   45 0.1578
  61   52 0.1234
  61   53 0.0843
  61   87 0.0518
  61   93 0.1488
  61  100 0.0395
  61  101 0.1118
  61  113 0.1568
  61  117 0.1639
  61  118 0.1068
  61  123 0.1293
  61  136 0.1014
  61  138 0.1180
  61  146 0.1599
  61  162 0.1396
  61  174 0.1799
  61  182 0.0669
  61  189 0.1664
  61  191 0.1419
  61  198 0.1024
  61  199 0.1465
  62   11 0.0634
  62   22 0.0340
  62   59 0.1073
  62   98 0.1794
  62  109 0.0060
  62  119 0.0244
  62  149 0.0952
  62  156 0.0762
  62  161 0.1102
  62  185 0.1380
  63    8 0.1804
  63   42 0.0309
  63   92 0.0894
  63   95 0.0619
  63  127 0.0642
  63  137 0.1485
  63  148 0.1111
  63  153 0.0690
  63  169 0.1675
  63  178 0.0621
  64    2 0.1052
  64    6 0.0728
  64    8 0.1577
  64   46 0.1107
  64  108 0.1252
  64  143 0.0207
  64  157 0.1282
  64  168 0.1133
  64  186 0.1299
  64  188 0.1509
  65    1 0.1745
  65   15 0.0598
  65   28 0.1535
  65   36 0.1036
  65   40 0.1113
  65   50 0.1516
  65   51 0.1593
  65   55 0.1810
  65   58 0.0815
  65   75 0.1003
  65   84 0.1364
  65   87 0.1579
  65   90 0.0673
  65  100 0.1680
  65  102 0.1017
  65  117 0.0443
  65  118 0.0870
  65  136 0.0956
  65  138 0.0937
  65  139 0.1581
  65  150 0.1094
  65  155 0.1578
  65  165 0.0676
  65  166 0.0685
  65  174 0.0432
  65  176 0.1104
  65  182 0.1023
  65  187 0.1237
  65  191 0.0348
  65  193 0.1748
  65  196 0.0633
  65  198 0.1503
  65  199 0.1540
  66   13 0.0474
  66   20 0.0340
  66   27 0.0432
  66   28 0.1339
  66   29 0.0859
  66   36 0.1784
  66   39 0.1705
  66   49 0.0888
  66   75 0.1708
  66   84 0.1330
  66   88 0.0673
  66  107 0.0244
  66  132 0.0860
  66  142 0.0607
  66  145 0.0958
  66  150 0.1928
  66  151 0.0670
  66  152 0.1710
  66  171 0.0562
  66  190 0.1456
  66  193 0.1218
  66  194 0.0359
  66  195 0.0639
  67    9 0.1205
  67   21 0.1297
  67   30 0.1115
  67   44 0.1428
  67   70 0.1329
  67   99 0.1645
  67  104 0.1527
  67  111 0.1196
  67  115 0.1525
  67  130 0.1232
  68    1 0.1188
  68    4 0.0900
  68   16 0.1902
  68   23 0.0448
  68   24 0.1510
  68   25 0.0215
  68   37 0.0837
  68   51 0.1336
  68   69 0.1371
  68  128 0.1183
  68  134 0.0891
  68  140 0.1111
  68  141 0.0915
  68  144 0.0729
  68  159 0.2081
  68  160 0.0139
  68  163 0.1324
  68  184 0.1021
  69   23 0.1008
  69   25 0.1783
  69   37 0.0448
  69   48 0.1600
  69   68 0.1396
  69   71 0.0928
  69   94 0.1360
  69   97 0.1240
  69   98 0.1246
  69  128 0.1702
  69  134 0.1482
  69  158 0.1657
  69  160 0.1521
  69  163 0.1204
  69  170 0.0864
  70    9 0.0490
  70   21 0.0046
  70   30 0.0971
  70   32 0.0566
  70   43 0.1045
  70   67 0.1112
  70  104 0.0727
  70  111 0.0521
  70  115 0.0873
  70  116 0.1400
  70  147 0.1788
  70  197 0.1139
  71   23 0.1831
  71   37 0.1144
  71   69 0.0890
  71   79 0.1050
  71   97 0.0530
  71   98 0.1731
  71  156 0.1569
  71  158 0.1094
  71  162 0.1204
  71  164 0.1637
  71  167 0.1297
  71  170 0.0125
  71  177 0.0991
  71  181 0.1246
  71  192 0.1618
  72    2 0.1588
  72    6 0.1276
  72   16 0.0978
  72   24 0.1208
  72   31 0.0408
  72   33 0.0238
  72   34 0.0408
  72   38 0.0634
  72   41 0.1412
  72   46 0.1179
  72   57 0.0748
  72   85 0.1470
  72   89 0.1785
  72  108 0.1451
  72  112 0.1282
  72  121 0.1383
  72  122 0.1791
  72  140 0.1601
  72  141 0.1691
  72  154 0.1496
  72  159 0.1112
  72  168 0.1450
  72  175 0.0729
  72  180 0.0317
  72  184 0.1881
  72  186 0.1383
  72  188 0.1085
  73   10 0.1447
  73   12 0.0078
  73   14 0.1267
  73   17 0.1272
  73   26 0.1885
  73   45 0.1827
  73   77 0.1757
  73   82 0.1034
  73   93 0.1316
  73   96 0.1017
  73  103 0.1602
  73  114 0.0201
  73  173 0.0885
  74    1 0.1480
  74    5 0.1473
  74   41 0.0912
  74   54 0.1390
  74   55 0.0782
  74   58 0.1722
  74   85 0.1228
  74   89 0.1315
  74   90 0.1696
  74  112 0.1078
  74  121 0.0903
  74  124 0.1051
  74  129 0.0967
  74  131 0.0395
  74  135 0.0839
  74  139 0.0599
  74  140 0.1426
  74  144 0.1710
  74  155 0.2057
  74  187 0.1657
  75   13 0.2174
  75   28 0.0865
  75   36 0.0494
  75   39 0.1460
  75   49 0.1102
  75   50 0.1376
  75   55 0.1785
  75   58 0.1025
  75   65 0.1121
  75   66 0.1671
  75   84 0.0533
  75   90 0.1102
  75  102 0.0305
  75  107 0.1450
  75  117 0.1565
  75  132 0.1752
  75  136 0.1676
  75  138 0.1771
  75  150 0.0277
  75  151 0.1024
  75  155 0.0907
  75  165 0.0764
  75  166 0.0661
  75  171 0.1224
  75  174 0.1147
  75  176 0.1153
  75  187 0.0827
  75  191 0.1280
  75  193 0.0726
  75  195 0.1444
  75  196 0.1590
  75  198 0.1491
  75  199 0.1604
  76    3 0.0279
  76   60 0.1292
  76   81 0.1774
  76   83 0.1068
  76  113 0.1542
  76  120 0.1793
  76  123 0.1646
  76  125 0.0836
  76  146 0.1511
  76  167 0.1964
  76  172 0.0942
  76  179 0.1635
  76  192 0.1495
  77    7 0.1636
  77   10 0.0491
  77   12 0.1557
  77   73 0.1548
  77   78 0.0866
  77   82 0.1342
  77   86 0.1546
  77   91 0.1722
  77  114 0.1702
  77  173 0.0681
  78    7 0.1613
  78   10 0.0570
  78   77 0.0710
  78   86 0.0979
  78   91 0.1218
  78  173 0.1113
  79   11 0.1733
  79   22 0.1379
  79   59 0.1151
  79   60 0.1033
  79   71 0.1320
  79   81 0.1000
  79   83 0.1049
  79   97 0.1004
  79  156 0.1054
  79  164 0.0355
  79  167 0.0659
  79  170 0.1238
  79  172 0.1442
  79  177 0.1173
  79  179 0.0950
  79  181 0.0194
  79  192 0.0930
  80   13 0.1511
  80   19 0.1319
  80   20 0.1808
  80   27 0.1588
  80   29 0.1791
  80   86 0.1619
  80   88 0.1460
  80  142 0.2012
  80  145 0.1069
  80  152 0.0424
  80  194 0.1408
  81    3 0.1885
  81   60 0.0373
  81   76 0.1693
  81   79 0.0972
  81   83 0.0492
  81   97 0.1815
  81  164 0.0730
  81  167 0.1030
  81  172 0.0876
  81  177 0.1433
  81  179 0.0183
  81  181 0.1112
  81  192 0.0559
  82   10 0.1752
  82   12 0.1388
  82   17 0.1166
  82   73 0.1396
  82   77 0.1155
  82  114 0.1422
  82  173 0.0983
  83    3 0.1302
  83   60 0.0179
  83   76 0.1519
  83   79 0.1150
  83   81 0.0374
  83   97 0.1133
  83  164 0.0867
  83  167 0.0686
  83  170 0.1516
  83  172 0.0454
  83  177 0.0866
  83  179 0.0261
  83  181 0.1196
  83  192 0.0243
  84   13 0.1717
  84   20 0.1872
  84   28 0.1067
  84   36 0.0859
  84   39 0.0767
  84   49 0.0639
  84   55 0.1788
  84   58 0.1022
  84   65 0.1719
  84   66 0.1600
  84   75 0.0571
  84   90 0.1374
  84  102 0.0416
  84  107 0.1375
  84  126 0.1303
  84  132 0.1288
  84  150 0.0798
  84  151 0.1368
  84  155 0.0678
  84  165 0.1317
  84  166 0.0951
  84  171 0.1005
  84  174 0.1825
  84  176 0.1476
  84  187 0.0836
  84  191 0.2076
  84  193 0.0444
  84  195 0.1263
  85    5 0.1228
  85   31 0.1641
  85   33 0.1010
  85   34 0.1079
  85   38 0.1648
  85   41 0.0811
  85   46 0.1721
  85   54 0.1455
  85   57 0.0758
  85   72 0.1102
  85   74 0.1180
  85   89 0.0372
  85  112 0.0192
  85  121 0.0476
  85  124 0.0874
  85  129 0.1084
  85  131 0.1752
  85  135 0.0854
  85  137 0.1629
  85  139 0.1799
  85  154 0.0600
  85  169 0.1320
  85  180 0.1278
  85  186 0.1459
  86    7 0.1208
  86   10 0.0993
  86   56 0.1471
  86   77 0.1486
  86   78 0.1030
  86   80 0.1592
  86   91 0.0344
  86  132 0.1677
  86  152 0.1179
  86  190 0.1178
  87   15 0.0729
  87   35 0.1214
  87   40 0.1337
  87   51 0.1583
  87   52 0.0843
  87   53 0.1072
  87   61 0.0655
  87   65 0.1276
  87  100 0.0133
  87  101 0.1249
  87  117 0.1050
  87  118 0.0557
  87  123 0.1600
  87  136 0.0826
  87  138 0.0967
  87  162 0.0974
  87  165 0.2088
  87  174 0.1143
  87  176 0.1856
  87  182 0.0294
  87  191 0.1258
  87  196 0.1515
  87  198 0.1278
  87  199 0.1615
  88   13 0.0833
  88   19 0.1494
  88   20 0.0496
  88   27 0.0392
  88   29 0.0224
  88   49 0.1216
  88   66 0.0790
  88   80 0.1352
  88  107 0.0789
  88  110 0.1365
  88  132 0.1669
  88  142 0.0421
  88  145 0.0366
  88  151 0.1434
  88  152 0.1465
  88  171 0.1301
  88  183 0.1632
  88  193 0.1827
  88  194 0.0625
  88  195 0.1223
  89    5 0.0887
  89   33 0.1288
  89   34 0.1196
  89   41 0.1084
  89   46 0.2017
  89   54 0.1160
  89   57 0.1040
  89   72 0.1833
  89   74 0.1264
  89   85 0.0435
  89   92 0.1477
  89  112 0.0465
  89  121 0.0871
  89  124 0.0817
  89  129 0.0720
  89  131 0.1638
  89  135 0.0823
  89  137 0.1284
  89  147 0.1885
  89  154 0.0539
  89  169 0.1307
  89  180 0.1780
  89  186 0.1827
  90    1 0.1136
  90   15 0.1264
  90   28 0.1672
  90   36 0.1236
  90   40 0.1201
  90   51 0.1570
  90   55 0.0967
  90   58 0.0208
  90   65 0.0768
  90   74 0.1470
  90   75 0.0796
  90   84 0.1379
  90  102 0.1007
  90  117 0.0996
  90  118 0.1527
  90  131 0.1118
  90  136 0.1654
  90  138 0.1988
  90  139 0.1126
  90  150 0.1341
  90  155 0.0833
  90  165 0.1571
  90  166 0.0518
  90  174 0.1097
  90  176 0.1738
  90  187 0.0836
  90  191 0.1045
  90  193 0.1583
  90  196 0.1092
  91    7 0.0697
  91   10 0.1160
  91   13 0.1754
  91   50 0.1403
  91   56 0.0998
  91   77 0.1730
  91   78 0.1324
  91   86 0.0313
  91  132 0.1378
  91  152 0.1425
  91  189 0.1572
  91  190 0.0813
  91  194 0.1619
  92    5 0.1387
  92   42 0.0849
  92   63 0.0759
  92   89 0.1513
  92   95 0.0857
  92  127 0.0819
  92  137 0.0629
  92  147 0.1924
  92  148 0.1270
  92  153 0.0746
  92  154 0.1552
  92  169 0.1142
  92  178 0.1330
  93    7 0.1781
  93   12 0.1477
  93   14 0.0582
  93   26 0.0770
  93   35 0.0751
  93   45 0.0034
  93   53 0.2006
  93   56 0.1477
  93   61 0.1483
  93   73 0.1896
  93   96 0.0381
  93  101 0.1287
  93  113 0.0939
  93  114 0.1438
  93  123 0.1260
  93  146 0.1287
  93  189 0.0996
  93  198 0.1828
  93  199 0.1246
  94    0 0.0734
  94   37 0.1543
  94   48 0.0451
  94   69 0.1205
  94   98 0.0635
  94  105 0.0804
  94  128 0.1286
  94  133 0.1245
  94  156 0.1846
  94  163 0.1093
  94  185 0.1183
  95    2 0.1594
  95    8 0.1519
  95   42 0.0529
  95   63 0.0666
  95   92 0.0896
  95  127 0.0168
  95  137 0.1729
  95  148 0.1636
  95  153 0.0939
  95  154 0.1860
  95  157 0.1341
  95  168 0.1792
  95  169 0.1038
  95  178 0.0588
  95  186 0.1537
  96    7 0.1709
  96   12 0.0948
  96   14 0.0561
  96   26 0.1084
  96   35 0.0979
  96   45 0.0444
  96   56 0.1488
  96   73 0.1084
  96   93 0.0467
  96  101 0.1433
  96  113 0.1259
  96  114 0.0895
  96  123 0.1514
  96  146 0.1413
  96  173 0.1381
  96  189 0.1124
  97   37 0.1243
  97   60 0.1258
  97   69 0.1259
  97   71 0.0485
  97   79 0.1286
  97   81 0.1795
  97   83 0.1405
  97  158 0.0738
  97  162 0.1402
  97  164 0.1330
  97  167 0.0879
  97  170 0.0296
  97  172 0.1688
  97  177 0.0546
  97  179 0.1992
  97  181 0.1084
  97  192 0.1152
  98    0 0.1028
  98   11 0.1530
  98   22 0.1730
  98   37 0.1862
  98   48 0.0639
  98   59 0.1246
  98   62 0.1697
  98   69 0.1469
  98   71 0.1886
  98   94 0.0578
  98  105 0.1241
  98  109 0.1781
  98  119 0.1827
  98  149 0.1286
  98  156 0.1123
  98  161 0.1625
  98  163 0.1733
  98  170 0.1915
  98  181 0.1671
  98  185 0.1187
  99   18 0.1024
  99   44 0.0141
  99   67 0.1477
  99  106 0.1201
  99  110 0.1818
  99  130 0.0953
  99  183 0.1332
 100   15 0.0999
 100   35 0.1119
 100   40 0.1521
 100   51 0.1533
 100   52 0.0718
 100   53 0.1129
 100   61 0.0448
 100   65 0.1425
 100   87 0.0153
 100  101 0.1436
 100  117 0.1214
 100  118 0.0760
 100  123 0.1381
 100  136 0.0898
 100  138 0.1050
 100  162 0.1302
 100  165 0.1510
 100  174 0.1576
 100  176 0.1860
 100  182 0.0371
 100  191 0.1351
 100  196 0.1318
 100  198 0.1134
 100  199 0.1374
 101    7 0.1681
 101   14 0.1847
 101   15 0.1935
 101   26 0.1868
 101   28 0.1964
 101   35 0.0730
 101   36 0.1813
 101   45 0.1337
 101   50 0.1063
 101   56 0.1115
 101   61 0.1335
 101   87 0.1311
 101   93 0.1283
 101   96 0.1398
 101  100 0.1277
 101  117 0.1692
 101  118 0.1666
 101  136 0.0991
 101  138 0.0728
 101  165 0.1575
 101  174 0.1485
 101  176 0.1126
 101  182 0.1058
 101  189 0.0709
 101  190 0.1992
 101  191 0.1358
 101  198 0.0408
 101  199 0.0492
 102   28 0.1001
 102   36 0.0722
 102   39 0.1334
 102   49 0.1157
 102   50 0.1773
 102   55 0.1260
 102   58 0.0682
 102   65 0.1325
 102   75 0.0287
 102   84 0.0429
 102   90 0.0954
 102  107 0.1607
 102  117 0.1423
 102  126 0.1584
 102  132 0.1729
 102  136 0.1583
 102  138 0.1423
 102  150 0.0486
 102  151 0.1241
 102  155 0.0562
 102  165 0.0939
 102  166 0.0472
 102  171 0.1217
 102  174 0.1298
 102  176 0.1277
 102  187 0.0634
 102  191 0.1023
 102  193 0.0907
 102  195 0.1309
 102  196 0.1663
 103   12 0.1710
 103   17 0.0796
 103   47 0.0342
 103   73 0.1409
 103  114 0.1526
 103  120 0.1647
 104    5 0.1635
 104    9 0.0526
 104   21 0.0661
 104   30 0.0744
 104   32 0.0513
 104   43 0.0566
 104   54 0.1374
 104   67 0.1599
 104   70 0.0660
 104  111 0.0386
 104  115 0.0336
 104  116 0.0604
 104  126 0.1323
 104  147 0.1232
 104  197 0.1219
 105    0 0.0370
 105   48 0.0866
 105   94 0.0838
 105   98 0.1042
 105  128 0.1057
 105  133 0.0695
 105  163 0.0941
 105  185 0.1205
 106   18 0.1262
 106   29 0.1539
 106   44 0.1076
 106   99 0.1208
 106  110 0.0773
 106  130 0.0409
 106  142 0.1942
 106  183 0.0411
 107   13 0.0581
 107   20 0.0448
 107   27 0.0531
 107   28 0.1477
 107   29 0.0934
 107   36 0.1387
 107   39 0.1321
 107   49 0.0568
 107   66 0.0225
 107   75 0.1281
 107   84 0.1548
 107   88 0.0744
 107  102 0.1582
 107  132 0.0980
 107  142 0.0693
 107  145 0.1409
 107  150 0.1676
 107  151 0.0560
 107  171 0.0423
 107  190 0.1891
 107  193 0.0792
 107  194 0.0626
 107  195 0.0578
 108    2 0.1332
 108    6 0.0977
 108   31 0.1268
 108   33 0.1376
 108   34 0.1452
 108   38 0.1448
 108   46 0.1087
 108   64 0.1226
 108   72 0.1160
 108  122 0.1031
 108  143 0.1209
 108  159 0.1807
 108  168 0.1029
 108  175 0.0941
 108  180 0.1700
 108  186 0.1269
 108  188 0.0266
 109   11 0.0516
 109   22 0.0265
 109   59 0.0613
 109   62 0.0066
 109   98 0.1576
 109  119 0.0256
 109  149 0.1035
 109  156 0.0706
 109  161 0.1093
 109  185 0.1639
 110   19 0.1236
 110   20 0.1453
 110   27 0.1484
 110   29 0.1205
 110   44 0.1547
 110   88 0.1440
 110   99 0.1697
 110  106 0.0658
 110  130 0.1122
 110  142 0.1315
 110  145 0.1482
 110  183 0.0321
 111    9 0.0228
 111   21 0.0421
 111   30 0.0660
 111   32 0.0677
 111   43 0.0926
 111   67 0.1346
 111   70 0.0427
 111  104 0.0398
 111  115 0.0340
 111  116 0.0994
 111  126 0.1223
 111  147 0.1527
 111  197 0.1274
 112    2 0.1885
 112    5 0.1571
 112   31 0.1440
 112   33 0.0866
 112   34 0.0631
 112   38 0.1559
 112   41 0.0646
 112   46 0.1522
 112   54 0.1662
 112   57 0.0470
 112   72 0.1299
 112   74 0.1481
 112   85 0.0154
 112   89 0.0469
 112  121 0.0657
 112  124 0.1167
 112  129 0.1085
 112  131 0.1470
 112  135 0.1010
 112  137 0.1902
 112  140 0.1774
 112  154 0.0511
 112  168 0.1661
 112  169 0.1366
 112  180 0.1165
 112  186 0.1803
 113   14 0.0774
 113   26 0.0441
 113   35 0.1265
 113   45 0.1168
 113   53 0.1087
 113   61 0.1447
 113   76 0.1644
 113   93 0.1291
 113   96 0.1502
 113  120 0.1545
 113  123 0.0593
 113  125 0.1440
 113  146 0.0375
 114   12 0.0232
 114   14 0.1350
 114   17 0.1657
 114   26 0.1278
 114   45 0.1527
 114   73 0.0311
 114   77 0.1319
 114   82 0.1421
 114   93 0.1333
 114   96 0.0676
 114  103 0.1453
 114  173 0.1089
 115    9 0.0364
 115   21 0.0718
 115   30 0.0464
 115   32 0.0976
 115   39 0.1827
 115   43 0.1125
 115   67 0.1648
 115   70 0.0651
 115  104 0.0399
 115  111 0.0292
 115  116 0.0792
 115  126 0.0997
 115  147 0.1635
 115  197 0.1513
 116    5 0.1317
 116    9 0.1038
 116   21 0.1201
 116   30 0.1166
 116   32 0.0873
 116   39 0.1761
 116   43 0.0718
 116   54 0.0949
 116   55 0.1643
 116   70 0.1334
 116  104 0.0553
 116  111 0.0990
 116  115 0.0793
 116  124 0.1330
 116  126 0.0875
 116  129 0.1710
 116  137 0.1583
 116  147 0.0706
 116  197 0.1298
 117    1 0.1761
 117   15 0.0433
 117   28 0.1732
 117   36 0.1134
 117   40 0.0899
 117   50 0.1748
 117   51 0.1189
 117   52 0.1447
 117   58 0.1085
 117   61 0.1733
 117   65 0.0369
 117   75 0.1402
 117   87 0.0968
 117   90 0.0950
 117  100 0.1212
 117  101 0.1906
 117  102 0.1399
 117  118 0.0527
 117  136 0.0634
 117  138 0.1022
 117  139 0.1670
 117  150 0.1394
 117  155 0.1631
 117  165 0.1138
 117  166 0.1005
 117  174 0.0603
 117  176 0.1499
 117  182 0.1109
 117  187 0.1546
 117  191 0.0473
 117  196 0.0470
 117  198 0.1324
 117  199 0.1562
 118    1 0.1528
 118   15 0.0149
 118   35 0.1797
 118   36 0.1572
 118   40 0.1097
 118   50 0.1644
 118   51 0.1259
 118   52 0.1048
 118   58 0.1382
 118   61 0.1080
 118   65 0.0844
 118   87 0.0637
 118   90 0.1364
 118  100 0.0719
 118  101 0.1469
 118  117 0.0427
 118  136 0.0559
 118  138 0.0811
 118  150 0.1380
 118  162 0.1337
 118  165 0.1203
 118  166 0.1449
 118  174 0.0774
 118  176 0.1485
 118  182 0.0462
 118  191 0.0646
 118  196 0.0754
 118  198 0.1172
 118  199 0.1363
 119   11 0.0820
 119   22 0.0671
 119   59 0.1011
 119   62 0.0273
 119   98 0.1657
 119  109 0.0305
 119  149 0.0806
 119  156 0.1319
 119  161 0.0849
 119  185 0.1608
 120    3 0.1714
 120   14 0.1363
 120   26 0.1557
 120   47 0.1631
 120   76 0.1379
 120  103 0.1863
 120  113 0.1360
 120  125 0.0935
 120  146 0.1305
 121    5 0.1407
 121   31 0.2009
 121   33 0.1088
 121   34 0.1293
 121   38 0.1672
 121   41 0.0264
 121   54 0.1761
 121   55 0.1588
 121   57 0.0809
 121   72 0.1558
 121   74 0.0900
 121   85 0.0492
 121   89 0.0971
 121  112 0.0509
 121  124 0.1144
 121  129 0.1063
 121  131 0.1211
 121  135 0.0885
 121  139 0.1138
 121  140 0.1489
 121  144 0.1579
 121  154 0.0987
 121  180 0.1274
 122   16 0.1261
 122   24 0.1347
 122   31 0.1491
 122   38 0.1614
 122   72 0.1843
 122  108 0.1032
 122  159 0.1039
 122  175 0.0783
 122  184 0.1466
 122  188 0.1039
 123   14 0.1300
 123   26 0.1060
 123   35 0.1056
 123   45 0.1386
 123   52 0.1598
 123   53 0.0425
 123   61 0.0975
 123   76 0.1598
 123   87 0.1510
 123   93 0.1285
 123   96 0.1381
 123  100 0.1358
 123  113 0.0663
 123  146 0.0791
 123  162 0.1863
 123  182 0.1878
 124    5 0.0665
 124   41 0.1223
 124   43 0.1338
 124   54 0.0557
 124   55 0.1371
 124   57 0.1765
 124   74 0.1073
 124   85 0.1057
 124   89 0.0753
 124  112 0.1227
 124  116 0.1718
 124  121 0.1251
 124  129 0.0059
 124  131 0.1100
 124  135 0.0323
 124  137 0.1008
 124  139 0.1402
 124  147 0.1056
 124  154 0.1369
 125    3 0.0725
 125   76 0.0903
 125  113 0.1413
 125  120 0.0864
 125  146 0.1181
 125  172 0.1668
 126    9 0.1196
 126   21 0.2025
 126   30 0.1413
 126   32 0.1735
 126   39 0.0753
 126   43 0.1553
 126   49 0.1543
 126   54 0.1477
 126   55 0.1699
 126   84 0.1380
 126  102 0.1666
 126  104 0.1048
 126  111 0.1256
 126  115 0.0935
 126  116 0.0933
 126  147 0.1494
 126  155 0.1089
 126  187 0.1071
 126  193 0.1703
 127    8 0.1443
 127   42 0.0351
 127   63 0.0576
 127   92 0.0965
 127   95 0.0180
 127  137 0.1749
 127  148 0.1714
 127  153 0.0894
 127  157 0.1416
 127  169 0.1083
 127  178 0.0535
 127  186 0.1976
 128    0 0.1446
 128    4 0.0807
 128   16 0.1438
 128   23 0.1524
 128   24 0.1255
 128   25 0.1399
 128   37 0.1157
 128   48 0.1627
 128   68 0.1386
 128   69 0.1499
 128   94 0.1310
 128  105 0.1493
 128  133 0.0831
 128  141 0.1530
 128  159 0.1659
 128  160 0.1256
 128  163 0.0398
 128  184 0.0748
 129    5 0.0566
 129   41 0.1381
 129   43 0.1959
 129   54 0.0460
 129   55 0.1050
 129   57 0.1661
 129   74 0.0989
 129   85 0.0958
 129   89 0.0905
 129  112 0.1315
 129  116 0.1643
 129  121 0.1218
 129  124 0.0045
 129  131 0.0927
 129  135 0.0329
 129  137 0.1066
 129  139 0.1916
 129  147 0.1244
 129  154 0.1282
 130   18 0.1724
 130   44 0.0778
 130   67 0.1214
 130   99 0.1035
 130  106 0.0491
 130  110 0.0950
 130  183 0.0846
 131    1 0.1724
 131    5 0.1843
 131   41 0.1317
 131   54 0.1300
 131   55 0.0378
 131   58 0.1194
 131   74 0.0359
 131   85 0.1556
 131   89 0.1861
 131   90 0.1223
 131  112 0.1652
 131  121 0.1230
 131  124 0.1226
 131  129 0.1042
 131  135 0.0765
 131  139 0.0699
 131  155 0.1455
 131  166 0.1531
 131  187 0.1376
 131  196 0.1748
 132    7 0.1587
 132   13 0.0735
 132   20 0.1541
 132   27 0.1350
 132   28 0.0628
 132   29 0.1712
 132   36 0.1079
 132   49 0.1507
 132   50 0.0693
 132   56 0.1850
 132   66 0.0874
 132   75 0.1495
 132   84 0.1338
 132   86 0.1891
 132   88 0.1222
 132   91 0.1586
 132  102 0.1579
 132  107 0.0946
 132  142 0.1305
 132  145 0.1682
 132  150 0.1211
 132  151 0.0540
 132  165 0.1321
 132  171 0.0801
 132  176 0.1100
 132  190 0.0666
 132  193 0.1208
 132  194 0.0875
 132  195 0.0421
 132  199 0.1725
 133    0 0.1096
 133    4 0.1663
 133   48 0.1533
 133   94 0.1222
 133  105 0.0738
 133  128 0.1066
 133  163 0.0766
 133  184 0.1544
 134    1 0.1091
 134    4 0.1911
 134   23 0.0252
 134   25 0.0697
 134   37 0.1110
 134   40 0.1299
 134   51 0.0771
 134   52 0.1513
 134   68 0.0843
 134   69 0.1879
 134  140 0.1239
 134  141 0.1486
 134  144 0.1056
 134  158 0.1176
 134  160 0.0807
 134  162 0.1490
 134  196 0.1718
 135    5 0.0827
 135   41 0.1063
 135   54 0.0906
 135   55 0.1171
 135   57 0.1331
 135   74 0.0734
 135   85 0.0814
 135   89 0.0766
 135  112 0.1045
 135  121 0.0789
 135  124 0.0424
 135  129 0.0369
 135  131 0.0784
 135  137 0.1387
 135  139 0.1292
 135  147 0.1226
 135  154 0.1268
 136   15 0.0544
 136   28 0.1411
 136   35 0.1577
 136   36 0.1223
 136   40 0.1338
 136   50 0.1195
 136   52 0.1560
 136   58 0.1508
 136   61 0.1134
 136   65 0.0929
 136   75 0.1512
 136   87 0.0665
 136   90 0.1889
 136  100 0.0843
 136  101 0.1034
 136  102 0.1786
 136  117 0.0917
 136  118 0.0535
 136  138 0.0270
 136  150 0.1558
 136  165 0.1071
 136  166 0.1886
 136  174 0.0452
 136  176 0.0933
 136  182 0.0519
 136  189 0.1508
 136  191 0.0494
 136  196 0.1224
 136  198 0.0476
 136  199 0.0898
 137    5 0.0629
 137   32 0.1682
 137   43 0.1529
 137   54 0.0958
 137   63 0.1957
 137   85 0.1641
 137   89 0.1212
 137   92 0.0788
 137   95 0.1316
 137  112 0.1314
 137  116 0.1362
 137  124 0.1096
 137  127 0.1747
 137  129 0.1207
 137  135 0.1564
 137  147 0.0899
 137  148 0.1430
 137  153 0.1448
 137  154 0.1268
 137  169 0.1754
 137  197 0.1591
 138   15 0.0904
 138   28 0.1382
 138   35 0.1566
 138   36 0.1097
 138   40 0.1532
 138   50 0.0884
 138   52 0.1767
 138   56 0.1646
 138   58 0.1391
 138   61 0.1226
 138   65 0.1039
 138   75 0.1732
 138   87 0.1068
 138   90 0.1776
 138  100 0.1089
 138  101 0.0991
 138  102 0.1559
 138  117 0.0877
 138  118 0.1036
 138  136 0.0261
 138  150 0.1262
 138  165 0.0816
 138  166 0.1590
 138  174 0.0522
 138  176 0.0541
 138  182 0.0669
 138  189 0.1504
 138  191 0.0502
 138  196 0.1497
 138  198 0.0336
 138  199 0.0608
 139    1 0.0814
 139   25 0.1911
 139   40 0.1319
 139   41 0.1122
 139   51 0.1309
 139   55 0.1037
 139   58 0.1447
 139   65 0.1763
 139   74 0.0655
 139   85 0.2019
 139   90 0.1396
 139  117 0.1649
 139  121 0.1323
 139  124 0.1830
 139  129 0.1876
 139  131 0.0767
 139  135 0.1643
 139  140 0.1310
 139  144 0.1382
 139  155 0.1953
 139  166 0.1881
 139  187 0.1569
 139  196 0.1462
 140    1 0.1226
 140    4 0.1322
 140   16 0.1300
 140   23 0.1133
 140   24 0.1071
 140   25 0.0877
 140   31 0.1853
 140   33 0.1328
 140   38 0.1492
 140   41 0.1130
 140   51 0.1587
 140   68 0.0932
 140   72 0.1392
 140   74 0.1661
 140  112 0.2011
 140  121 0.1168
 140  134 0.1322
 140  139 0.1404
 140  141 0.0655
 140  144 0.0292
 140  159 0.1353
 140  160 0.0878
 140  180 0.1314
 140  184 0.1563
 141    1 0.1771
 141    4 0.0582
 141   16 0.0795
 141   23 0.1535
 141   24 0.0661
 141   25 0.0969
 141   31 0.1448
 141   33 0.1789
 141   34 0.1947
 141   38 0.1049
 141   41 0.1600
 141   68 0.0895
 141   72 0.1557
 141  128 0.1426
 141  134 0.1571
 141  140 0.0659
 141  144 0.0631
 141  159 0.0943
 141  160 0.0756
 141  163 0.1666
 141  175 0.1636
 141  180 0.1358
 141  184 0.0770
 142   13 0.1188
 142   19 0.1433
 142   20 0.0356
 142   27 0.0193
 142   29 0.0311
 142   49 0.1147
 142   66 0.0634
 142   80 0.2264
 142   88 0.0401
 142  106 0.1857
 142  107 0.0847
 142  110 0.1128
 142  132 0.1776
 142  145 0.0778
 142  151 0.1107
 142  171 0.1297
 142  183 0.1143
 142  193 0.1911
 142  194 0.0723
 142  195 0.1455
 143    2 0.0832
 143    6 0.0893
 143    8 0.1048
 143   46 0.1236
 143   64 0.0189
 143  108 0.1468
 143  157 0.1250
 143  168 0.0967
 143  186 0.1235
 143  188 0.2075
 144    1 0.1037
 144    4 0.1249
 144   16 0.1396
 144   23 0.1047
 144   24 0.1325
 144   25 0.0613
 144   37 0.2032
 144   38 0.1433
 144   40 0.1720
 144   41 0.1354
 144   51 0.1236
 144   68 0.0774
 144   74 0.1459
 144  121 0.1724
 144  134 0.1067
 144  139 0.1299
 144  140 0.0274
 144  141 0.0760
 144  159 0.1572
 144  160 0.0666
 144  180 0.1534
 144  184 0.0990
 145   13 0.0946
 145   19 0.1233
 145   20 0.0926
 145   27 0.0654
 145   29 0.0493
 145   66 0.0815
 145   80 0.0967
 145   88 0.0386
 145  107 0.1252
 145  110 0.1461
 145  132 0.1564
 145  142 0.0719
 145  151 0.1719
 145  152 0.1013
 145  171 0.1575
 145  183 0.1984
 145  194 0.0725
 145  195 0.1577
 146    3 0.1743
 146   14 0.1353
 146   26 0.0725
 146   35 0.1719
 146   45 0.1485
 146   53 0.0978
 146   61 0.1963
 146   76 0.1191
 146   93 0.1483
 146   96 0.1568
 146  113 0.0289
 146  120 0.1103
 146  123 0.0715
 146  125 0.1361
 147    5 0.0628
 147    9 0.1782
 147   21 0.1759
 147   32 0.1104
 147   43 0.0574
 147   54 0.0644
 147   70 0.1778
 147   89 0.1510
 147   92 0.1425
 147  104 0.1244
 147  111 0.1502
 147  115 0.1452
 147  116 0.0782
 147  124 0.1134
 147  126 0.1382
 147  129 0.1197
 147  135 0.1373
 147  137 0.0989
 147  197 0.1104
 148   42 0.1306
 148   63 0.1038
 148   92 0.1085
 148   95 0.1789
 148  127 0.1530
 148  137 0.1801
 148  153 0.0398
 148  178 0.1573
 148  197 0.1371
 149    0 0.1789
 149   11 0.1406
 149   22 0.1265
 149   48 0.1708
 149   59 0.1759
 149   62 0.0883
 149   98 0.1597
 149  109 0.1209
 149  119 0.0649
 149  156 0.1563
 149  161 0.0108
 149  185 0.0976
 150   13 0.1469
 150   15 0.1602
 150   28 0.0650
 150   36 0.0238
 150   39 0.1691
 150   49 0.1059
 150   50 0.0930
 150   58 0.0925
 150   65 0.0979
 150   66 0.1420
 150   75 0.0311
 150   84 0.0850
 150   90 0.1221
 150  102 0.0510
 150  107 0.1522
 150  117 0.1272
 150  118 0.1622
 150  132 0.1480
 150  136 0.1342
 150  138 0.1109
 150  151 0.1077
 150  155 0.1111
 150  165 0.0440
 150  166 0.0780
 150  171 0.0910
 150  174 0.0749
 150  176 0.0843
 150  187 0.1308
 150  191 0.0996
 150  193 0.0776
 150  195 0.0993
 150  196 0.1830
 150  198 0.1631
 150  199 0.1590
 151   13 0.0599
 151   20 0.1121
 151   27 0.0956
 151   28 0.0709
 151   29 0.1472
 151   36 0.0943
 151   39 0.1691
 151   49 0.0821
 151   50 0.1156
 151   66 0.0762
 151   75 0.1151
 151   84 0.1274
 151   88 0.1348
 151  102 0.1461
 151  107 0.0540
 151  132 0.0664
 151  142 0.1367
 151  145 0.1392
 151  150 0.1252
 151  155 0.2036
 151  165 0.1131
 151  166 0.1680
 151  171 0.0300
 151  176 0.1249
 151  190 0.1351
 151  193 0.0553
 151  194 0.0940
 151  195 0.0229
 152   13 0.1301
 152   19 0.1819
 152   29 0.1648
 152   66 0.1480
 152   80 0.0433
 152   86 0.1247
 152   88 0.1434
 152   91 0.1397
 152  145 0.1151
 152  190 0.1579
 152  194 0.1399
 153   42 0.1026
 153   63 0.0490
 153   92 0.0567
 153   95 0.1240
 153  127 0.0961
 153  137 0.1387
 153  148 0.0539
 153  169 0.1728
 153  178 0.1213
 153  197 0.1362
 154    2 0.1234
 154    5 0.1293
 154    6 0.1899
 154   31 0.1716
 154   33 0.1168
 154   34 0.0958
 154   41 0.1430
 154   46 0.1107
 154   54 0.1879
 154   57 0.0697
 154   72 0.1458
 154   85 0.0563
 154   89 0.0415
 154   92 0.1619
 154   95 0.1654
 154  112 0.0524
 154  121 0.1178
 154  124 0.1295
 154  129 0.1385
 154  135 0.1574
 154  137 0.1204
 154  168 0.1456
 154  169 0.0937
 154  180 0.1448
 154  186 0.1093
 155   28 0.1637
 155   36 0.1383
 155   39 0.0830
 155   49 0.1498
 155   55 0.0940
 155   58 0.0711
 155   65 0.1250
 155   74 0.1663
 155   75 0.0728
 155   84 0.0652
 155   90 0.0974
 155  102 0.0613
 155  117 0.1786
 155  126 0.1433
 155  131 0.1327
 155  139 0.2001
 155  150 0.1139
 155  151 0.1780
 155  165 0.1447
 155  166 0.0670
 155  171 0.1770
 155  174 0.1409
 155  187 0.0148
 155  191 0.1620
 155  193 0.1015
 156   11 0.0651
 156   22 0.0704
 156   48 0.1370
 156   59 0.0193
 156   62 0.0966
 156   71 0.1740
 156   79 0.1191
 156   94 0.1608
 156   98 0.0906
 156  109 0.1183
 156  119 0.1293
 156  149 0.1680
 156  161 0.1609
 156  164 0.1405
 156  170 0.1764
 156  181 0.0923
 156  185 0.1826
 157    2 0.1509
 157    6 0.1580
 157    8 0.0080
 157   42 0.1746
 157   64 0.1517
 157   95 0.1108
 157  127 0.1837
 157  143 0.1384
 157  168 0.1779
 157  178 0.1193
 157  186 0.1605
 158   23 0.1482
 158   37 0.1282
 158   51 0.1878
 158   52 0.1424
 158   53 0.1774
 158   69 0.1622
 158   71 0.0894
 158   97 0.0728
 158  134 0.1729
 158  162 0.0552
 158  167 0.1345
 158  170 0.0834
 158  177 0.0967
 159    4 0.0943
 159   16 0.0330
 159   24 0.0452
 159   31 0.0943
 159   33 0.1341
 159   34 0.1753
 159   38 0.0677
 159   68 0.1591
 159   72 0.1243
 159  108 0.1561
 159  122 0.1298
 159  128 0.1821
 159  140 0.1703
 159  141 0.1013
 159  144 0.2115
 159  160 0.1899
 159  163 0.1580
 159  175 0.0995
 159  180 0.1020
 159  184 0.0698
 159  188 0.1439
 160    1 0.1385
 160    4 0.0908
 160   16 0.1580
 160   23 0.0714
 160   24 0.1121
 160   25 0.0188
 160   37 0.1271
 160   51 0.1412
 160   68 0.0109
 160   69 0.1586
 160  128 0.1302
 160  134 0.0909
 160  140 0.0870
 160  141 0.0887
 160  144 0.0668
 160  159 0.1746
 160  163 0.1427
 160  184 0.1019
 161    0 0.1734
 161   11 0.1667
 161   22 0.1217
 161   48 0.1487
 161   59 0.1522
 161   62 0.0954
 161   98 0.1725
 161  109 0.1163
 161  119 0.0835
 161  149 0.0118
 161  156 0.1434
 161  185 0.0769
 162   15 0.1626
 162   23 0.1394
 162   37 0.1876
 162   40 0.1399
 162   51 0.1353
 162   52 0.0572
 162   53 0.1548
 162   61 0.1321
 162   71 0.1397
 162   87 0.1376
 162   97 0.1356
 162  100 0.1115
 162  118 0.1714
 162  123 0.2011
 162  134 0.1491
 162  158 0.0554
 162  170 0.1386
 162  177 0.1274
 162  182 0.1493
 162  196 0.1597
 163    0 0.1389
 163    4 0.1186
 163   24 0.1529
 163   25 0.1678
 163   37 0.1374
 163   48 0.1428
 163   68 0.1275
 163   69 0.1329
 163   94 0.0872
 163   98 0.1554
 163  105 0.0931
 163  128 0.0339
 163  133 0.0744
 163  141 0.2207
 163  159 0.1898
 163  160 0.1493
 163  184 0.1346
 164   11 0.1231
 164   22 0.1840
 164   59 0.1084
 164   60 0.0874
 164   71 0.1746
 164   79 0.0349
 164   81 0.0859
 164   83 0.0889
 164   97 0.1335
 164  156 0.1142
 164  167 0.0829
 164  170 0.1559
 164  172 0.1533
 164  177 0.1625
 164  179 0.0905
 164  181 0.0467
 164  192 0.0875
 165   15 0.1230
 165   28 0.0675
 165   36 0.0359
 165   49 0.1524
 165   50 0.0747
 165   58 0.1336
 165   65 0.0702
 165   75 0.0893
 165   84 0.1413
 165   87 0.1743
 165   90 0.1386
 165  100 0.1746
 165  101 0.1386
 165  102 0.1214
 165  117 0.1208
 165  118 0.1325
 165  132 0.1411
 165  136 0.0990
 165  138 0.0716
 165  150 0.0569
 165  151 0.1138
 165  155 0.1650
 165  166 0.1098
 165  171 0.1300
 165  174 0.0608
 165  176 0.0353
 165  182 0.1294
 165  187 0.1720
 165  190 0.1786
 165  191 0.0665
 165  193 0.1029
 165  195 0.1517
 165  196 0.1605
 165  198 0.1024
 165  199 0.1059
 166   15 0.1389
 166   28 0.1355
 166   36 0.0913
 166   39 0.1304
 166   40 0.1630
 166   49 0.1991
 166   50 0.1421
 166   55 0.1072
 166   58 0.0280
 166   65 0.0595
 166   75 0.0597
 166   84 0.1036
 166   90 0.0426
 166  102 0.0496
 166  117 0.0997
 166  118 0.1695
 166  131 0.1726
 166  136 0.1342
 166  138 0.1640
 166  139 0.1551
 166  150 0.0738
 166  151 0.1627
 166  155 0.0847
 166  165 0.1090
 166  171 0.1572
 166  174 0.1036
 166  176 0.1379
 166  187 0.0697
 166  191 0.1093
 166  193 0.1172
 166  196 0.1038
 167   60 0.0678
 167   71 0.1271
 167   76 0.1752
 167   79 0.0765
 167   81 0.1099
 167   83 0.0662
 167   97 0.0805
 167  158 0.1402
 167  164 0.0932
 167  170 0.0868
 167  172 0.1003
 167  177 0.0559
 167  179 0.0796
 167  181 0.0795
 167  192 0.0405
 168    2 0.0077
 168    6 0.0294
 168    8 0.1401
 168   31 0.1684
 168   33 0.1525
 168   34 0.1129
 168   46 0.0317
 168   57 0.1585
 168   64 0.1081
 168   72 0.1619
 168   95 0.1639
 168  108 0.1290
 168  112 0.1771
 168  143 0.1048
 168  154 0.1441
 168  157 0.2022
 168  169 0.1381
 168  175 0.1757
 168  180 0.1887
 168  186 0.0346
 168  188 0.1214
 169    2 0.1078
 169    5 0.1399
 169    6 0.1648
 169    8 0.1866
 169   33 0.1719
 169   34 0.1591
 169   42 0.1186
 169   46 0.1152
 169   57 0.1170
 169   63 0.1737
 169   85 0.1744
 169   89 0.1373
 169   92 0.1203
 169   95 0.1082
 169  112 0.1406
 169  127 0.1132
 169  137 0.1196
 169  153 0.2122
 169  154 0.0830
 169  168 0.1092
 169  178 0.1329
 169  186 0.0865
 170   23 0.1787
 170   37 0.1236
 170   60 0.1660
 170   69 0.0966
 170   71 0.0184
 170   79 0.1167
 170   83 0.1745
 170   97 0.0285
 170   98 0.1422
 170  156 0.2119
 170  158 0.0782
 170  162 0.1316
 170  164 0.1548
 170  167 0.0897
 170  177 0.0774
 170  181 0.1245
 170  192 0.1405
 171   13 0.0742
 171   20 0.0903
 171   27 0.0687
 171   28 0.0765
 171   29 0.1165
 171   36 0.1054
 171   39 0.1055
 171   49 0.0462
 171   50 0.1456
 171   66 0.0643
 171   75 0.1241
 171   84 0.0976
 171   88 0.1291
 171  102 0.1361
 171  107 0.0388
 171  132 0.0940
 171  142 0.1153
 171  145 0.1876
 171  150 0.1143
 171  151 0.0337
 171  155 0.1583
 171  165 0.1801
 171  166 0.1627
 171  176 0.1620
 171  187 0.1595
 171  190 0.1399
 171  193 0.0450
 171  194 0.0987
 171  195 0.0452
 172    3 0.0851
 172   60 0.0668
 172   76 0.0805
 172   79 0.1279
 172   81 0.0492
 172   83 0.0491
 172   97 0.1637
 172  125 0.1600
 172  164 0.1521
 172  167 0.1041
 172  177 0.1217
 172  179 0.0577
 172  181 0.1263
 172  192 0.0731
 173    7 0.1682
 173   10 0.1005
 173   12 0.0798
 173   56 0.1806
 173   73 0.0672
 173   77 0.0748
 173   78 0.1283
 173   82 0.1112
 173   96 0.1389
 173  114 0.1072
 173  189 0.1792
 174   15 0.0855
 174   28 0.1052
 174   36 0.0857
 174   40 0.1151
 174   50 0.1397
 174   52 0.1554
 174   58 0.0848
 174   61 0.1537
 174   65 0.0380
 174   75 0.0932
 174   84 0.1440
 174   87 0.1195
 174   90 0.0940
 174  100 0.1437
 174  101 0.1440
 174  102 0.1285
 174  117 0.0500
 174  118 0.0692
 174  136 0.0714
 174  138 0.0586
 174  150 0.1024
 174  155 0.1518
 174  165 0.0610
 174  166 0.0943
 174  176 0.0794
 174  182 0.0944
 174  187 0.1785
 174  191 0.0088
 174  193 0.1208
 174  196 0.1014
 174  198 0.1084
 174  199 0.1128
 175    2 0.1418
 175    4 0.1736
 175    6 0.1355
 175   16 0.0945
 175   24 0.1286
 175   31 0.0564
 175   33 0.0959
 175   34 0.1057
 175   38 0.0723
 175   46 0.1669
 175   57 0.1443
 175   72 0.0631
 175  108 0.1027
 175  122 0.0747
 175  141 0.1716
 175  159 0.0869
 175  168 0.1659
 175  180 0.0979
 175  184 0.1647
 175  186 0.1892
 175  188 0.0723
 176    7 0.1558
 176   15 0.1229
 176   28 0.0726
 176   36 0.0592
 176   50 0.0387
 176   56 0.1339
 176   58 0.1431
 176   65 0.1118
 176   75 0.0826
 176   84 0.1536
 176   87 0.1222
 176   90 0.1892
 176  100 0.1906
 176  101 0.1121
 176  102 0.1231
 176  117 0.1280
 176  118 0.1523
 176  132 0.1282
 176  136 0.1059
 176  138 0.0813
 176  150 0.0663
 176  151 0.1321
 176  165 0.0347
 176  166 0.1263
 176  171 0.1393
 176  174 0.0872
 176  182 0.1460
 176  189 0.1475
 176  190 0.1149
 176  191 0.0743
 176  193 0.1375
 176  195 0.1388
 176  196 0.1707
 176  198 0.0696
 176  199 0.0727
 177   53 0.1796
 177   60 0.1260
 177   71 0.0852
 177   79 0.1116
 177   81 0.1618
 177   83 0.1051
 177   97 0.0541
 177  158 0.0979
 177  162 0.1363
 177  164 0.1310
 177  167 0.0606
 177  170 0.0777
 177  172 0.1057
 177  179 0.1418
 177  181 0.1314
 177  192 0.0803
 178    8 0.1358
 178   42 0.0338
 178   63 0.0634
 178   92 0.1548
 178   95 0.0546
 178  127 0.0481
 178  148 0.1486
 178  153 0.1017
 178  157 0.1259
 178  169 0.1390
 179    3 0.1291
 179   60 0.0234
 179   76 0.1324
 179   79 0.0939
 179   81 0.0173
 179   83 0.0294
 179   97 0.1727
 179  164 0.0791
 179  167 0.0817
 179  172 0.0645
 179  177 0.1276
 179  181 0.1577
 179  192 0.0481
 180    2 0.1556
 180    4 0.1576
 180    6 0.1648
 180   16 0.0847
 180   24 0.1204
 180   31 0.0450
 180   33 0.0338
 180   34 0.0516
 180   38 0.0483
 180   41 0.1178
 180   46 0.1140
 180   57 0.0770
 180   72 0.0350
 180   85 0.1251
 180   89 0.1498
 180  108 0.1737
 180  112 0.1229
 180  121 0.1316
 180  140 0.1242
 180  141 0.1266
 180  144 0.1846
 180  154 0.1426
 180  159 0.1178
 180  168 0.1827
 180  175 0.0904
 180  184 0.1806
 180  186 0.1837
 180  188 0.1239
 181   11 0.1339
 181   22 0.1561
 181   59 0.1023
 181   60 0.1034
 181   71 0.1174
 181   79 0.0179
 181   81 0.1354
 181   83 0.1022
 181   97 0.1324
 181   98 0.1838
 181  156 0.0810
 181  164 0.0457
 181  167 0.0896
 181  170 0.1234
 181  172 0.1775
 181  177 0.1357
 181  179 0.1143
 181  192 0.0912
 182   15 0.0599
 182   35 0.1244
 182   36 0.1935
 182   40 0.1389
 182   50 0.1537
 182   51 0.1287
 182   52 0.1022
 182   53 0.1261
 182   61 0.0659
 182   65 0.1412
 182   87 0.0283
 182  100 0.0329
 182  101 0.1172
 182  117 0.1002
 182  118 0.0366
 182  123 0.1619
 182  136 0.0489
 182  138 0.0715
 182  162 0.1183
 182  165 0.1305
 182  174 0.1040
 182  176 0.1599
 182  189 0.1764
 182  191 0.0909
 182  196 0.1343
 182  198 0.0894
 182  199 0.1226
 183   19 0.1949
 183   20 0.1627
 183   27 0.1475
 183   29 0.1124
 183   44 0.1608
 183   88 0.1644
 183   99 0.1495
 183  106 0.0482
 183  110 0.0314
 183  130 0.0643
 183  142 0.1230
 183  145 0.1930
 184    4 0.0197
 184   16 0.0778
 184   23 0.1962
 184   24 0.0450
 184   25 0.1382
 184   31 0.1456
 184   38 0.1115
 184   68 0.1105
 184   72 0.1788
 184  122 0.2093
 184  128 0.0956
 184  133 0.1379
 184  140 0.1459
 184  141 0.0781
 184  144 0.1285
 184  159 0.0756
 184  160 0.0952
 184  163 0.1265
 184  175 0.1535
 184  180 0.1523
 185    0 0.0836
 185   22 0.1972
 185   48 0.0888
 185   62 0.1541
 185   94 0.1241
 185   98 0.1299
 185  105 0.1010
 185  109 0.1683
 185  119 0.1603
 185  149 0.0813
 185  156 0.1731
 185  161 0.0792
 186    2 0.0243
 186    6 0.0604
 186    8 0.1522
 186   31 0.2122
 186   33 0.1322
 186   34 0.1065
 186   46 0.0342
 186   57 0.1241
 186   64 0.1258
 186   72 0.1432
 186   85 0.1860
 186   89 0.1601
 186   95 0.1613
 186  108 0.1621
 186  112 0.1641
 186  127 0.1753
 186  143 0.1205
 186  154 0.1026
 186  157 0.1579
 186  168 0.0334
 186  169 0.0903
 186  175 0.1886
 186  180 0.1225
 186  188 0.1617
 187   28 0.1449
 187   36 0.1691
 187   39 0.1051
 187   49 0.1407
 187   55 0.0818
 187   58 0.0496
 187   65 0.0998
 187   74 0.1796
 187   75 0.0880
 187   84 0.0736
 187   90 0.0617
 187  102 0.0640
 187  117 0.1511
 187  126 0.1312
 187  131 0.1301
 187  139 0.1475
 187  150 0.0980
 187  155 0.0173
 187  165 0.1422
 187  166 0.0615
 187  171 0.1784
 187  174 0.1605
 187  191 0.1778
 187  193 0.1443
 187  196 0.1607
 188    2 0.1533
 188    6 0.0949
 188   16 0.1557
 188   31 0.1033
 188   33 0.1421
 188   34 0.1538
 188   38 0.1309
 188   46 0.1049
 188   57 0.1595
 188   64 0.1690
 188   72 0.1178
 188  108 0.0291
 188  122 0.0856
 188  143 0.1841
 188  159 0.1557
 188  168 0.1145
 188  175 0.0581
 188  180 0.1308
 188  186 0.1575
 189    7 0.0998
 189   14 0.1498
 189   26 0.1766
 189   35 0.1136
 189   45 0.0971
 189   50 0.1239
 189   56 0.0393
 189   61 0.1374
 189   91 0.1374
 189   93 0.1040
 189   96 0.1463
 189  101 0.0640
 189  136 0.1869
 189  138 0.1259
 189  173 0.1519
 189  176 0.1435
 189  182 0.1648
 189  190 0.1460
 189  198 0.0905
 189  199 0.0730
 190    7 0.0853
 190   13 0.0888
 190   28 0.1147
 190   36 0.1736
 190   50 0.1024
 190   56 0.1138
 190   66 0.1287
 190   86 0.1105
 190   91 0.0715
 190  101 0.1774
 190  107 0.1499
 190  132 0.0878
 190  151 0.1327
 190  152 0.1535
 190  165 0.1433
 190  171 0.1868
 190  176 0.1449
 190  189 0.1380
 190  193 0.1863
 190  194 0.1329
 190  195 0.1050
 190  198 0.1806
 190  199 0.1141
 191   15 0.0570
 191   28 0.1182
 191   36 0.1119
 191   40 0.1015
 191   50 0.1488
 191   51 0.1784
 191   52 0.1697
 191   58 0.1070
 191   61 0.1327
 191   65 0.0543
 191   75 0.1081
 191   84 0.2258
 191   87 0.1196
 191   90 0.1098
 191  100 0.1571
 191  101 0.1230
 191  102 0.1391
 191  117 0.0532
 191  118 0.0651
 191  136 0.0455
 191  138 0.0503
 191  150 0.0963
 191  155 0.1807
 191  165 0.0600
 191  166 0.0885
 191  174 0.0101
 191  176 0.0797
 191  182 0.0917
 191  187 0.1490
 191  193 0.2033
 191  196 0.0866
 191  198 0.0892
 191  199 0.1191
 192    3 0.1673
 192   60 0.0229
 192   71 0.1359
 192   76 0.1870
 192   79 0.0826
 192   81 0.0518
 192   83 0.0286
 192   97 0.1186
 192  164 0.0621
 192  167 0.0401
 192  170 0.1406
 192  172 0.0848
 192  177 0.0809
 192  179 0.0479
 192  181 0.1010
 193   13 0.1016
 193   20 0.1289
 193   27 0.1339
 193   28 0.0569
 193   36 0.0701
 193   39 0.1110
 193   49 0.0578
 193   50 0.1253
 193   58 0.1683
 193   65 0.1713
 193   66 0.1121
 193   75 0.0576
 193   84 0.0640
 193   88 0.1708
 193   90 0.1704
 193  102 0.0837
 193  107 0.0738
 193  126 0.1805
 193  132 0.1146
 193  142 0.1300
 193  150 0.0776
 193  151 0.0622
 193  155 0.1240
 193  165 0.1211
 193  166 0.1227
 193  171 0.0492
 193  174 0.1529
 193  176 0.1466
 193  187 0.1205
 193  190 0.1618
 193  191 0.1681
 193  194 0.1489
 193  195 0.0624
 194   13 0.0296
 194   20 0.0457
 194   27 0.0783
 194   28 0.1358
 194   29 0.0728
 194   49 0.1235
 194   66 0.0498
 194   80 0.1373
 194   88 0.0591
 194   91 0.1822
 194  107 0.0650
 194  132 0.0943
 194  142 0.0825
 194  145 0.0859
 194  151 0.0862
 194  152 0.1191
 194  171 0.1026
 194  190 0.1482
 194  193 0.1079
 194  195 0.0693
 195   13 0.0543
 195   20 0.0892
 195   27 0.1071
 195   28 0.0795
 195   29 0.1602
 195   36 0.1107
 195   39 0.1455
 195   49 0.0831
 195   50 0.1031
 195   66 0.0682
 195   75 0.1208
 195   84 0.1179
 195   88 0.1320
 195  102 0.1264
 195  107 0.0500
 195  132 0.0451
 195  142 0.1297
 195  145 0.1624
 195  150 0.1317
 195  151 0.0174
 195  165 0.1476
 195  171 0.0374
 195  176 0.1600
 195  190 0.0935
 195  193 0.0902
 195  194 0.0878
 196    1 0.0988
 196   15 0.0618
 196   36 0.1695
 196   40 0.0424
 196   51 0.0906
 196   52 0.1299
 196   55 0.1590
 196   58 0.1225
 196   65 0.0621
 196   75 0.1626
 196   87 0.1151
 196   90 0.0998
 196  100 0.1424
 196  102 0.1827
 196  117 0.0444
 196  118 0.0650
 196  131 0.1988
 196  134 0.1381
 196  136 0.1250
 196  138 0.1362
 196  139 0.1312
 196  150 0.2062
 196  162 0.1815
 196  165 0.1505
 196  166 0.1165
 196  174 0.1046
 196  176 0.1941
 196  182 0.1217
 196  187 0.1534
 196  191 0.0889
 196  198 0.1758
 197    5 0.1310
 197    9 0.1315
 197   21 0.0983
 197   32 0.0636
 197   43 0.0716
 197   70 0.1102
 197  104 0.1013
 197  111 0.1302
 197  115 0.1564
 197  116 0.1370
 197  137 0.1437
 197  147 0.1151
 197  148 0.1422
 197  153 0.1490
 198    7 0.1482
 198   15 0.1202
 198   28 0.1385
 198   35 0.1215
 198   36 0.1094
 198   45 0.1671
 198   50 0.0833
 198   56 0.1286
 198   61 0.1359
 198   65 0.1249
 198   75 0.1794
 198   87 0.1206
 198   93 0.1422
 198  100 0.1286
 198  101 0.0445
 198  117 0.1285
 198  118 0.0999
 198  136 0.0539
 198  138 0.0416
 198  150 0.1423
 198  165 0.1047
 198  174 0.1054
 198  176 0.0766
 198  182 0.0933
 198  189 0.1157
 198  190 0.1701
 198  191 0.0982
 198  196 0.1690
 198  199 0.0362
 199    7 0.1279
 199   15 0.1925
 199   28 0.1190
 199   35 0.1339
 199   36 0.1315
 199   45 0.1353
 199   50 0.0604
 199   56 0.0933
 199   61 0.1470
 199   65 0.1282
 199   75 0.1827
 199   87 0.1553
 199   93 0.1646
 199  100 0.1578
 199  101 0.0499
 199  117 0.1455
 199  118 0.1466
 199  132 0.1602
 199  136 0.0768
 199  138 0.0747
 199  150 0.1364
 199  165 0.1070
 199  174 0.1219
 199  176 0.0724
 199  182 0.1335
 199  189 0.0872
 199  190 0.1589
 199  191 0.1201
 199  198 0.0362
