10
90
0.227500
0 0.260117745958 0.996260327287
1 0.934730978683 0.115155419335
2 0.611570381559 0.527026269119
3 0.243315731175 0.449334491976
4 0.689578398131 0.879195250571
5 0.225016685203 0.693638944067
6 0.209786405787 0.273957494646
7 0.878006805200 0.214651608840
8 0.647304565180 0.207371691708
9 0.283554003574 0.017705811188
10 0.329761386849 0.565562978387
11 0.810933039989 0.689753240906
12 0.703939399216 0.701059731655
13 0.990089754108 0.193603619933
14 0.877630529460 0.591947206762
15 0.216717886273 0.137748275418
16 0.588207534049 0.151448864955
17 0.252903694753 0.199777915608
18 0.678475134075 0.496219425928
19 0.649112408049 0.368053532206
20 0.375414676499 0.874129093252
21 0.061692476738 0.585201082285
22 0.148086587898 0.939699281938
23 0.799852691591 0.795391153079
24 0.147070973646 0.083406695165
25 0.813096964732 0.476832360961
26 0.648969673552 0.624030004721
27 0.166585601866 0.352909072768
28 0.325089736842 0.156675355975
29 0.546512692701 0.202720266301
30 0.748622562736 0.763230578974
31 0.340468541719 0.336830097251
32 0.914679443929 0.593372236472
33 0.536608012859 0.593154578004
34 0.089591662399 0.185720420908
35 0.961208110675 0.465006338898
36 0.059849514626 0.022900587413
37 0.050207421184 0.207936102524
38 0.962599869352 0.850060112774
39 0.003327256069 0.109670843463
40 0.933466807939 0.816424220800
41 0.586503204424 0.582436481491
42 0.440454225522 0.753088806290
43 0.935345554259 0.765543962363
44 0.909764162265 0.481858247425
45 0.968264228664 0.658386725467
46 0.245088826399 0.308732770383
47 0.995216822717 0.159768270794
48 0.902105006855 0.531824835576
49 0.752922848798 0.991696669254
50 0.717545256950 0.714130959474
51 0.456703008153 0.777394771576
52 0.737031546887 0.506910429802
53 0.985330874100 0.699631416705
54 0.356970542576 0.988658130169
55 0.809302260168 0.290437350981
56 0.805082350969 0.395805464592
57 0.872873832472 0.245536576957
58 0.148894270882 0.808219387196
59 0.011080539320 0.058658433147
60 0.290077634621 0.979344768450
61 0.717045158613 0.535166461021
62 0.288077538833 0.712261981331
63 0.694934731815 0.190182546154
64 0.244086817373 0.447857581079
65 0.181879215408 0.961632074323
66 0.161988540553 0.638582224026
67 0.739026845898 0.899020087905
68 0.145492653828 0.724357719999
69 0.598651504610 0.502463196404
70 0.713015850633 0.407953764778
71 0.792900547385 0.518098201603
72 0.803759229369 0.665774380323
73 0.763634778559 0.952653500251
74 0.473993767519 0.774715318345
75 0.011311933398 0.764071402140
76 0.754060086794 0.728357092477
77 0.299237863161 0.042137625627
78 0.440619073808 0.994172595441
79 0.232320171781 0.684705891181
80 0.442030176520 0.414199387655
81 0.646337965503 0.604018717073
82 0.052781611681 0.385364811402
83 0.503038804978 0.198274265509
84 0.109722531866 0.101690309588
85 0.700737461913 0.822738382500
86 0.509644074365 0.493638009764
87 0.340836584102 0.313403303735
88 0.159412390087 0.104471363127
89 0.266056803986 0.633406157605
90 0.879186681472 0.277368737850
91 0.397477559745 0.633246768266
92 0.005725830328 0.696715422906
93 0.675384393893 0.446344904136
94 0.690888018347 0.907704566140
95 0.131050795782 0.132918194868
96 0.321903953794 0.777388761286
97 0.736936912406 0.374685565475
98 0.162753573153 0.239975717384
99 0.572959830984 0.272476105019
