10
90
0.227500
0 0.677519661840 0.054296416230
1 0.758968040813 0.649086159654
2 0.283584204502 0.645624691620
3 0.663694350980 0.132462376729
4 0.865362202283 0.706290869042
5 0.039695050102 0.350949165411
6 0.770798126701 0.569136036094
7 0.806971931364 0.202566108666
8 0.190166914370 0.842047738843
9 0.252175805625 0.314175407402
10 0.883198353462 0.496599505655
11 0.400548374280 0.020415256266
12 0.172779172193 0.311124688014
13 0.729951749090 0.163257766515
14 0.620560291223 0.373071855865
15 0.626114589628 0.298079953529
16 0.427368272096 0.385082630441
17 0.947166113183 0.710952476598
18 0.030707322061 0.610860464163
19 0.843414853793 0.896069524344
20 0.317151333205 0.883109903894
21 0.247018690221 0.087949459907
22 0.452245939989 0.053990621585
23 0.290515568573 0.642412854359
24 0.896038360428 0.542691374663
25 0.956588262226 0.779236713890
26 0.039290880319 0.357136636507
27 0.799651970156 0.212070052512
28 0.668261324521 0.529603719711
29 0.375327819027 0.288821616210
30 0.902675575577 0.001442408655
31 0.586901569739 0.330043848138
32 0.386525039561 0.534067682922
33 0.040996324737 0.417232361622
34 0.144928147085 0.884411178529
35 0.313301886432 0.462079480756
36 0.767521082889 0.560320576653
37 0.550028940663 0.219767022878
38 0.614311198238 0.840544509701
39 0.862179877702 0.510349559132
40 0.383235884365 0.818768139929
41 0.289586273022 0.422526764683
42 0.175904776435 0.089238243643
43 0.634596817661 0.844166101422
44 0.618841963354 0.009924636688
45 0.132987717632 0.521517538931
46 0.011367045809 0.719889287371
47 0.851561387070 0.397892085370
48 0.253956970293 0.892557712272
49 0.815124446992 0.398885117378
50 0.776968890801 0.128426333424
51 0.860964598134 0.544489973690
52 0.688746910077 0.410993539263
53 0.764256997034 0.303058108781
54 0.251538048964 0.626436874736
55 0.813407667913 0.634773933329
56 0.445205014665 0.102993940935
57 0.057300698012 0.621109791100
58 0.192232184578 0.691897515673
59 0.465275892522 0.811074147932
60 0.701822152827 0.598263610154
61 0.332591687329 0.713189198636
62 0.318152897526 0.184153074399
63 0.111081284005 0.572109867819
64 0.076710786670 0.926205730997
65 0.970994985662 0.853679677937
66 0.054632064886 0.831959583797
67 0.398169651628 0.743378974963
68 0.242953123059 0.162426648661
69 0.046437083744 0.494491172023
70 0.788863523398 0.859844751656
71 0.129265105352 0.234068538062
72 0.962838693056 0.186565803830
73 0.855178329628 0.155070877634
74 0.878463319503 0.320454222150
75 0.966145026032 0.580285472330
76 0.918717832770 0.298736713361
77 0.293474670965 0.236870730296
78 0.482889787760 0.404555954970
79 0.808980598580 0.559600574896
80 0.330761686433 0.779975584242
81 0.413280252833 0.385393751319
82 0.611935168039 0.811449904460
83 0.128772726282 0.854888291564
84 0.973876553588 0.175209810492
85 0.349379463587 0.762740076985
86 0.035054562148 0.478644569404
87 0.996808615513 0.997893255204
88 0.665210373234 0.851986945141
89 0.152964133304 0.543673692737
90 0.172441167291 0.119109159335
91 0.123959165532 0.091159000061
92 0.417845872696 0.417433836497
93 0.328029730823 0.900735660456
94 0.821989791933 0.137010329403
95 0.460336235352 0.152751478367
96 0.916985913645 0.873616488185
97 0.538145229686 0.528921081685
98 0.685066393111 0.666917955969
99 0.383809373248 0.658942946699
