10
90
0.227500
0 0.227145745885 0.347657029517
1 0.084138310514 0.865394555498
2 0.362097281963 0.249277936295
3 0.398093883414 0.400803044904
4 0.378702311777 0.496959145647
5 0.481965668034 0.007686136756
6 0.214202716015 0.867162703536
7 0.309277142398 0.082338068169
8 0.958029452711 0.220096300356
9 0.457758824807 0.805768960621
10 0.452207739931 0.854497659951
11 0.547870224342 0.633212264162
12 0.094563718420 0.041946475860
13 0.596039613709 0.944297310896
14 0.922461336479 0.393518847879
15 0.605020435993 0.149607082363
16 0.741175877396 0.689158746507
17 0.015001637861 0.103273159359
18 0.938436682802 0.413095521275
19 0.504076204263 0.317138995044
20 0.910054666921 0.986041872296
21 0.324825131800 0.124257383402
22 0.853204575833 0.634102274198
23 0.206595451571 0.811234028544
24 0.854198575020 0.664354276378
25 0.617002989631 0.306406314950
26 0.518851936329 0.164873213973
27 0.939618579578 0.613415654749
28 0.206819689833 0.535658193287
29 0.557712965645 0.129281026311
30 0.929177041166 0.162733402103
31 0.278888108674 0.670352918562
32 0.851892148610 0.293889747001
33 0.773626077920 0.790328831878
34 0.706985268276 0.277702282183
35 0.107467826921 0.617039935663
36 0.263744154479 0.432292958722
37 0.741297319066 0.116948730312
38 0.066395233385 0.947892770637
39 0.928182759322 0.920593808405
40 0.612247047015 0.545185748953
41 0.227000123356 0.131098983809
42 0.710058962926 0.166618702933
43 0.744514638558 0.916878653225
44 0.702276896220 0.302227604669
45 0.046159679536 0.631453937385
46 0.464961006772 0.325047788676
47 0.301806855947 0.316853155382
48 0.618937535677 0.075432933867
49 0.107181987260 0.325922803953
50 0.353135216050 0.214649814181
51 0.942962739617 0.616879370529
52 0.646942773368 0.684260058682
53 0.733828101307 0.713338006753
54 0.632152829319 0.662010860629
55 0.633931815159 0.244399876799
56 0.207196609583 0.860931938514
57 0.375498860609 0.917255572509
58 0.027550641913 0.120013499167
59 0.834134225734 0.729827538133
60 0.422241103835 0.880293905735
61 0.361281475984 0.887202110607
62 0.205341694411 0.663088331930
63 0.204055266455 0.824279230088
64 0.738521266263 0.311237253714
65 0.150202034041 0.091656482313
66 0.525887068361 0.093164774124
67 0.708535853308 0.172829841729
68 0.777424832806 0.442363954615
69 0.886167848483 0.409577662591
70 0.104374815244 0.520099663641
71 0.653977539390 0.311571424827
72 0.381031602155 0.029476399999
73 0.228826997336 0.408582244068
74 0.149489899166 0.062961223535
75 0.138409782667 0.571731003467
76 0.943255129270 0.499691258650
77 0.458933114074 0.148596823681
78 0.162779590581 0.662988380529
79 0.972876053769 0.901300856844
80 0.974225634709 0.123078087810
81 0.992957339622 0.500112703070
82 0.216242861934 0.701493192930
83 0.672942544799 0.993667695206
84 0.143857147545 0.559110393282
85 0.403245357797 0.248231962789
86 0.079210056923 0.057222897187
87 0.559803387616 0.460241659079
88 0.086699297186 0.788630384952
89 0.868823903613 0.236189196352
90 0.851591608487 0.007233686280
91 0.807920199819 0.794846737757
92 0.506924944930 0.266853314359
93 0.943443561438 0.669704535510
94 0.929841694888 0.916319615208
95 0.571005392820 0.904067329597
96 0.039397703484 0.563962732442
97 0.404180032667 0.255640565418
98 0.265455925371 0.077122577466
99 0.249308260623 0.409313072916
