10
90
0.227500
0 0.280971582513 0.038513720501
1 0.471811118536 0.698403580114
2 0.154070155229 0.595733781345
3 0.707343620248 0.513568004593
4 0.725868433714 0.891640465707
5 0.354851623531 0.184828297235
6 0.688332534395 0.199035769328
7 0.197346856352 0.543135818094
8 0.130940008443 0.712288320996
9 0.469662830234 0.535786782857
10 0.976771702990 0.445302180946
11 0.783315978944 0.946292378474
12 0.588762989268 0.289152397308
13 0.309099660255 0.541885703802
14 0.100999515038 0.649280137382
15 0.076703086495 0.381971098017
16 0.687793857884 0.548514205031
17 0.080374678131 0.841864013579
18 0.144247986376 0.787718298379
19 0.355432018172 0.870116420090
20 0.679358764086 0.710283642169
21 0.054944717791 0.367691298947
22 0.909319411498 0.252291574143
23 0.910827117041 0.040259419940
24 0.964579895139 0.380489947740
25 0.576046203263 0.941351598594
26 0.825792128686 0.359362182207
27 0.887643977068 0.414555117954
28 0.648514579982 0.196743637323
29 0.956440821756 0.749514095020
30 0.846023774706 0.033143908251
31 0.131485193036 0.533817632589
32 0.581658113282 0.211859871168
33 0.375681646168 0.725906100124
34 0.999578169547 0.731113664806
35 0.596022520214 0.678936934099
36 0.441397306975 0.650967238005
37 0.046628233045 0.350716718473
38 0.903258812148 0.957455350086
39 0.390976138413 0.867838707753
40 0.337945297826 0.967022341676
41 0.809190306347 0.163737426512
42 0.326384524349 0.696834283415
43 0.578292544466 0.974899104331
44 0.893577920739 0.534733366687
45 0.724413199350 0.739601695444
46 0.567877274938 0.855898392852
47 0.273419328034 0.149535388686
48 0.067758264020 0.649100974668
49 0.875441488810 0.067336434033
50 0.380214639474 0.471464009024
51 0.746273368131 0.821611946449
52 0.122431247495 0.792901601177
53 0.172328664921 0.025690059643
54 0.750356951263 0.563304803334
55 0.893528767396 0.088302249555
56 0.530327145476 0.702719073743
57 0.252039676066 0.856711669825
58 0.399553357158 0.830332220998
59 0.831610774156 0.293131277896
60 0.365065587685 0.556023973506
61 0.032732973341 0.932942862622
62 0.411922366358 0.306152301840
63 0.082478251308 0.479680630844
64 0.955253276508 0.957919740118
65 0.547017064877 0.335467915982
66 0.429383749608 0.293290433008
67 0.157079862431 0.551814997103
68 0.086192034185 0.329408527352
69 0.577505056746 0.836548985448
70 0.892713330686 0.471033824608
71 0.924851235002 0.423040476162
72 0.173752898350 0.176890911534
73 0.279752145987 0.573306255974
74 0.007223132532 0.111362920143
75 0.866437533870 0.372288720217
76 0.667386894114 0.899170507677
77 0.305231582839 0.079309260473
78 0.205322809517 0.387709834613
79 0.558989891317 0.160576086026
80 0.345629574731 0.106006956194
81 0.496044002008 0.775013324339
82 0.399297389202 0.653123864438
83 0.326828321442 0.485489423387
84 0.982532391790 0.904333378654
85 0.322038409300 0.875245722476
86 0.375367203262 0.246889644302
87 0.298286199104 0.549120101612
88 0.423780555837 0.578038345091
89 0.122426357586 0.431003688369
90 0.689401265699 0.988863891922
91 0.803292408586 0.356788159814
92 0.888034399599 0.108523991890
93 0.436097420286 0.093357209116
94 0.496233826503 0.995087312069
95 0.253933295142 0.841863401234
96 0.101094268262 0.749977297150
97 0.616876726039 0.500391657930
98 0.403101161588 0.943705047481
99 0.985881081317 0.385633553378
