10
90
0.227500
0 0.278527870774 0.095617465675
1 0.160041082650 0.657169214915
2 0.339247680269 0.540105096996
3 0.705936301965 0.212496756576
4 0.506154970266 0.840216715820
5 0.450511840638 0.440362038091
6 0.937865588348 0.557208009530
7 0.085472247098 0.983798648696
8 0.189093530178 0.300641137641
9 0.409218754619 0.797729705926
10 0.167329024523 0.476133599412
11 0.886793012265 0.102467608172
12 0.375769251026 0.475125173572
13 0.153672057670 0.676151342690
14 0.476585685741 0.240287980065
15 0.469215668272 0.755113556515
16 0.335905445740 0.629256750923
17 0.412282771431 0.675153126474
18 0.169361847918 0.118219073862
19 0.887649883050 0.675516818184
20 0.958435789682 0.338161723688
21 0.115878856275 0.896301378030
22 0.895369733218 0.201351103373
23 0.880100026727 0.084463263396
24 0.501992241014 0.289318781812
25 0.882192969322 0.669321266003
26 0.765452381223 0.768985981587
27 0.771788874175 0.141221632250
28 0.244111155160 0.925460931845
29 0.817372975405 0.720696841367
30 0.165748912375 0.286588643678
31 0.475810397882 0.501654358115
32 0.915845394600 0.888093169779
33 0.176807484590 0.085207242519
34 0.006312243640 0.064457368106
35 0.760724060703 0.964748033322
36 0.402619091794 0.876602917444
37 0.861049411353 0.297988825478
38 0.077954020817 0.741149438079
39 0.382452088874 0.579946262296
40 0.030468219891 0.264645058662
41 0.249267528299 0.795920601580
42 0.033631040249 0.021056402475
43 0.937142233830 0.277742195874
44 0.946517334320 0.754515209235
45 0.998439037241 0.112266246695
46 0.041103852913 0.474249435123
47 0.613920605276 0.956949247513
48 0.362342604902 0.790728089865
49 0.042156490032 0.368654848542
50 0.855185457971 0.802880551200
51 0.333402881864 0.257804550231
52 0.679483468644 0.194452293217
53 0.555793375708 0.757437489461
54 0.935601731762 0.938245464582
55 0.337383751757 0.966069951653
56 0.202890523244 0.586651280057
57 0.761990553234 0.236521563958
58 0.607707682531 0.699132787529
59 0.514263759833 0.554225017317
60 0.453647996765 0.512702797074
61 0.666491264012 0.494751850143
62 0.986952232197 0.280411869287
63 0.451701097656 0.349294837564
64 0.071139959618 0.493857588153
65 0.717949686106 0.926325417589
66 0.296738139354 0.051352568436
67 0.184129967820 0.976221607998
68 0.245804861654 0.739923343528
69 0.733659097459 0.181406593416
70 0.678168808576 0.071042849682
71 0.147476545535 0.881059331819
72 0.657694129739 0.909467098769
73 0.117580895778 0.265401812736
74 0.608599886298 0.631844655611
75 0.819626830053 0.062247883528
76 0.144547452684 0.486118094064
77 0.556999733672 0.131499685347
78 0.766529963817 0.008700831328
79 0.480794522911 0.837669923436
80 0.502558419481 0.198744209018
81 0.763995341025 0.799296558835
82 0.250096777454 0.948125309311
83 0.775518166833 0.495901639573
84 0.688048652839 0.509177264757
85 0.677308232989 0.366217461415
86 0.580220114440 0.824784778524
87 0.247276793700 0.237914244179
88 0.734251877759 0.364857689478
89 0.503316056915 0.342851764057
90 0.996702345554 0.322942886967
91 0.405099647585 0.141249798238
92 0.809060981497 0.962099381257
93 0.272749483585 0.575590945315
94 0.970800213050 0.753544006497
95 0.413260868751 0.473358632531
96 0.952288215980 0.177256209776
97 0.272655191831 0.202384993434
98 0.125381519087 0.048173358664
99 0.698286633007 0.813430172391
