10
90
0.227500
0 0.331863122992 0.151224500500
1 0.292435384821 0.800743879285
2 0.696167142596 0.127012231853
3 0.988545081113 0.696474464145
4 0.156943165231 0.681071662810
5 0.198224011809 0.745977910701
6 0.016385498457 0.069010701962
7 0.715047348756 0.602177198976
8 0.065571788698 0.790175601840
9 0.930875462014 0.838580416515
10 0.782886421308 0.169122280553
11 0.182458743453 0.703280970454
12 0.516972751357 0.341537777334
13 0.840682936367 0.920839119237
14 0.713631805032 0.610006249975
15 0.900222772267 0.045494928025
16 0.761230750475 0.192658157088
17 0.846238807775 0.457397893071
18 0.319670388941 0.834783888888
19 0.153872357216 0.476613554172
20 0.515855551697 0.352096369024
21 0.222591464873 0.532241050154
22 0.421107071452 0.937638814095
23 0.134418249130 0.486678860150
24 0.727814415935 0.065293711144
25 0.325259276666 0.510700837243
26 0.234415992163 0.507718020584
27 0.213981808163 0.751388743520
28 0.849255797919 0.054664744530
29 0.672227862757 0.562887602951
30 0.664670994505 0.572450635023
31 0.608382531442 0.425901745446
32 0.765108792111 0.454621339217
33 0.883299638517 0.084779181518
34 0.289405228104 0.037171996199
35 0.561392735690 0.805260779802
36 0.389268365223 0.783984201029
37 0.337501829956 0.810375436675
38 0.721623015124 0.471920079086
39 0.297054296825 0.449437431060
40 0.537213790230 0.622313573956
41 0.960138268303 0.771629782394
42 0.130031594541 0.174120076466
43 0.523018525913 0.979287392460
44 0.228784821462 0.195246388670
45 0.542174995411 0.893455815967
46 0.767697023693 0.150557526853
47 0.319357561413 0.532805816270
48 0.605178866070 0.202657200396
49 0.617584997788 0.894584094174
50 0.239829196595 0.178977733478
51 0.699844873976 0.629097561818
52 0.962961934507 0.037346703932
53 0.439472998958 0.684584949631
54 0.509266783018 0.736527295783
55 0.134022380691 0.046480573714
56 0.358840869740 0.094160649460
57 0.818110356107 0.488872464281
58 0.268280725926 0.341128882486
59 0.468159856740 0.497065547388
60 0.536375271156 0.010334852617
61 0.390521363821 0.304072295316
62 0.160892379470 0.709878925234
63 0.836878111586 0.766071246006
64 0.912536125630 0.454463109374
65 0.660655340180 0.152365322225
66 0.633440842852 0.360500214621
67 0.781462884508 0.596402777825
68 0.397846918553 0.220935883466
69 0.280987727456 0.907113702036
70 0.957463179249 0.415010108612
71 0.953594275750 0.316304049455
72 0.509170758072 0.771704631858
73 0.805176513735 0.777451483998
74 0.112833514344 0.273336370941
75 0.274517031852 0.649208785966
76 0.283671223558 0.665038395673
77 0.953281081282 0.444563603029
78 0.374917320907 0.790159192868
79 0.210634849034 0.287453447003
80 0.244622302242 0.871290189680
81 0.439818769228 0.878063145094
82 0.231790404301 0.221281653736
83 0.474465922918 0.629637322854
84 0.442217537202 0.755453650840
85 0.536751024891 0.399680716917
86 0.170463759452 0.490345300641
87 0.715984766372 0.679634517524
88 0.262049932964 0.521161280107
89 0.457086001523 0.374883447308
90 0.794497651048 0.731603033375
91 0.024092233274 0.078168874606
92 0.396641429048 0.977373314556
93 0.522732478101 0.771558750421
94 0.767532507423 0.733367327135
95 0.059012197424 0.012154809665
96 0.604657516815 0.498830966651
97 0.890217955224 0.836447921116
98 0.720112620853 0.364683878142
99 0.466085244436 0.162330158055
