10
90
0.227500
0 0.369550643023 0.600512538105
1 0.115091514774 0.231206675526
2 0.196167473681 0.327704267576
3 0.345357977785 0.832721125800
4 0.421962603927 0.716471423395
5 0.192944527604 0.819605911616
6 0.090243105777 0.843228400685
7 0.395244675223 0.752717787866
8 0.007948814426 0.291471373755
9 0.837143525016 0.193688751664
10 0.051229608711 0.351886820979
11 0.055763373617 0.003005810548
12 0.972439421341 0.265161351301
13 0.588563581929 0.540292699821
14 0.173443974461 0.541946696583
15 0.377778381109 0.542994617485
16 0.142459234688 0.492869895883
17 0.774201293010 0.338626708370
18 0.820574163459 0.119559271261
19 0.171347834170 0.242536767386
20 0.836030694656 0.364292362239
21 0.062142679002 0.926273800433
22 0.207520762924 0.457387354225
23 0.678991588298 0.215469577350
24 0.748858727980 0.516135113779
25 0.409158329014 0.800088336691
26 0.868021934759 0.464921703096
27 0.803094147239 0.840461356100
28 0.730083054397 0.391657729167
29 0.380754056387 0.903527028859
30 0.933604425751 0.758532437496
31 0.446521646343 0.076063660439
32 0.251402333379 0.220722939819
33 0.414690369274 0.071976496838
34 0.340282211080 0.586038203444
35 0.314513264690 0.176312905736
36 0.950330565684 0.376655943692
37 0.102586706169 0.157851328608
38 0.834043298382 0.781578294933
39 0.373320905957 0.582902026363
40 0.297713408712 0.782479235437
41 0.382990363520 0.165735343471
42 0.247400938533 0.186084510759
43 0.006196700037 0.977483992931
44 0.577742240392 0.386950756423
45 0.881011022255 0.511346666142
46 0.145483193919 0.327532668598
47 0.587410327047 0.396885527298
48 0.548255608417 0.002100696322
49 0.468862024136 0.888537819497
50 0.588138899766 0.783375288825
51 0.064850725234 0.538469465915
52 0.160031232983 0.167437431868
53 0.696320794523 0.994074531365
54 0.949015726801 0.069641700946
55 0.576976557728 0.246729135513
56 0.852120936383 0.959966921248
57 0.412464478984 0.099521874916
58 0.146051432472 0.418661179021
59 0.077005867846 0.723793672863
60 0.805611935444 0.958016890101
61 0.235140339006 0.951095129363
62 0.285549559165 0.822550666053
63 0.347980656661 0.833805167582
64 0.824651362374 0.816842681263
65 0.722342987545 0.412790262606
66 0.600217970088 0.787193712778
67 0.951259728521 0.760249203071
68 0.954631144647 0.647580523044
69 0.754323734436 0.903646871448
70 0.717222223990 0.331300292630
71 0.150376006961 0.569343160372
72 0.291267213877 0.562840486411
73 0.668865035288 0.437318646349
74 0.981501665432 0.745870903600
75 0.161112319212 0.787113601342
76 0.703887793701 0.396252658684
77 0.738208730705 0.989437352866
78 0.218803324737 0.086189387832
79 0.823242520913 0.043454687577
80 0.903032069094 0.545585508458
81 0.456244950183 0.503250039183
82 0.332779221237 0.407504678704
83 0.263499242719 0.287410366349
84 0.055085201748 0.017822977155
85 0.191057237796 0.772307426203
86 0.349123269785 0.341433245223
87 0.341650586575 0.640390484128
88 0.904273731634 0.010515622329
89 0.077709130477 0.885775397066
90 0.756386525929 0.238821450155
91 0.672888998408 0.460274319630
92 0.635074108839 0.411097729579
93 0.449711672962 0.853877433576
94 0.497287117410 0.272954193875
95 0.897332121152 0.400319186505
96 0.818539702334 0.353577071335
97 0.903569225688 0.151318923570
98 0.761081750039 0.167068468407
99 0.438729289919 0.816166952252
