10
90
0.250000
0 0.480000000000 0.000000000000
1 0.540000000000 0.103923000000
2 0.480000000000 0.207846000000
3 0.540000000000 0.311769000000
4 0.480000000000 0.415692000000
5 0.540000000000 0.519615000000
6 0.480000000000 0.623538000000
7 0.540000000000 0.727461000000
8 0.480000000000 0.831384000000
9 0.540000000000 0.935307000000
10 0.000000000000 0.000000000000
11 0.120000000000 0.000000000000
12 0.240000000000 0.000000000000
13 0.360000000000 0.000000000000
14 0.600000000000 0.000000000000
15 0.720000000000 0.000000000000
16 0.840000000000 0.000000000000
17 0.960000000000 0.000000000000
18 1.080000000000 0.000000000000
19 0.060000000000 0.103923000000
20 0.180000000000 0.103923000000
21 0.300000000000 0.103923000000
22 0.420000000000 0.103923000000
23 0.660000000000 0.103923000000
24 0.780000000000 0.103923000000
25 0.900000000000 0.103923000000
26 1.020000000000 0.103923000000
27 1.140000000000 0.103923000000
28 0.000000000000 0.207846000000
29 0.120000000000 0.207846000000
30 0.240000000000 0.207846000000
31 0.360000000000 0.207846000000
32 0.600000000000 0.207846000000
33 0.720000000000 0.207846000000
34 0.840000000000 0.207846000000
35 0.960000000000 0.207846000000
36 1.080000000000 0.207846000000
37 0.060000000000 0.311769000000
38 0.180000000000 0.311769000000
39 0.300000000000 0.311769000000
40 0.420000000000 0.311769000000
41 0.660000000000 0.311769000000
42 0.780000000000 0.311769000000
43 0.900000000000 0.311769000000
44 1.020000000000 0.311769000000
45 1.140000000000 0.311769000000
46 0.000000000000 0.415692000000
47 0.120000000000 0.415692000000
48 0.240000000000 0.415692000000
49 0.360000000000 0.415692000000
50 0.600000000000 0.415692000000
51 0.720000000000 0.415692000000
52 0.840000000000 0.415692000000
53 0.960000000000 0.415692000000
54 1.080000000000 0.415692000000
55 0.060000000000 0.519615000000
56 0.180000000000 0.519615000000
57 0.300000000000 0.519615000000
58 0.420000000000 0.519615000000
59 0.660000000000 0.519615000000
60 0.780000000000 0.519615000000
61 0.900000000000 0.519615000000
62 1.020000000000 0.519615000000
63 1.140000000000 0.519615000000
64 0.000000000000 0.623538000000
65 0.120000000000 0.623538000000
66 0.240000000000 0.623538000000
67 0.360000000000 0.623538000000
68 0.600000000000 0.623538000000
69 0.720000000000 0.623538000000
70 0.840000000000 0.623538000000
71 0.960000000000 0.623538000000
72 1.080000000000 0.623538000000
73 0.060000000000 0.727461000000
74 0.180000000000 0.727461000000
75 0.300000000000 0.727461000000
76 0.420000000000 0.727461000000
77 0.660000000000 0.727461000000
78 0.780000000000 0.727461000000
79 0.900000000000 0.727461000000
80 1.020000000000 0.727461000000
81 1.140000000000 0.727461000000
82 0.000000000000 0.831384000000
83 0.120000000000 0.831384000000
84 0.240000000000 0.831384000000
85 0.360000000000 0.831384000000
86 0.600000000000 0.831384000000
87 0.720000000000 0.831384000000
88 0.840000000000 0.831384000000
89 0.960000000000 0.831384000000
90 1.080000000000 0.831384000000
91 0.060000000000 0.935307000000
92 0.180000000000 0.935307000000
93 0.300000000000 0.935307000000
94 0.420000000000 0.935307000000
95 0.660000000000 0.935307000000
96 0.780000000000 0.935307000000
97 0.900000000000 0.935307000000
98 1.020000000000 0.935307000000
99 1.140000000000 0.935307000000
