23
506
0.093100
0 0.573171471246 0.426207571290
1 0.712601528503 0.359736886807
2 0.002454083413 0.465178979095
3 0.025244298857 0.595662494656
4 0.611468309071 0.042516724207
5 0.654798738658 0.894249606412
6 0.410591306165 0.503819643520
7 0.669098603074 0.007935363799
8 0.616929825861 0.650023499504
9 0.577068984509 0.287654959131
10 0.864793942776 0.557939203922
11 0.938139460981 0.617669418920
12 0.917651131749 0.200920060277
13 0.950883154757 0.300241370220
14 0.102081296034 0.093860201072
15 0.703712247312 0.675252767280
16 0.520067772828 0.416313775815
17 0.034989654087 0.522521856241
18 0.881492754910 0.060233952943
19 0.118184350897 0.492961064447
20 0.102750677615 0.772983089555
21 0.387210670859 0.513341983780
22 0.276802733541 0.056309274398
23 0.521277348045 0.893732559402
24 0.706332773902 0.098346332554
25 0.181387518533 0.571126716677
26 0.656285536475 0.119526979979
27 0.188796135597 0.573936668225
28 0.320447040256 0.139679290354
29 0.874178038444 0.422528336290
30 0.233539491426 0.577890286222
31 0.097781104036 0.753607264254
32 0.994204062037 0.132770758122
33 0.276129120961 0.875696817413
34 0.193004711531 0.394313471857
35 0.368657881860 0.295755389147
36 0.167296561878 0.755868552718
37 0.809097372927 0.444099295419
38 0.812177827116 0.330374720972
39 0.337831854820 0.518510601018
40 0.428721053526 0.519219373818
41 0.089637317695 0.085006590001
42 0.638746353798 0.278433453292
43 0.658943258226 0.959193394054
44 0.418112743646 0.533121297136
45 0.381721730344 0.651652235538
46 0.111011583358 0.479502834380
47 0.405259499792 0.105215645395
48 0.612273592968 0.681388620753
49 0.980912462808 0.805278304499
50 0.075702093076 0.349570344668
51 0.101033693645 0.242998654954
52 0.105438897852 0.910131066572
53 0.687097950373 0.917616724968
54 0.240505788010 0.024929805193
55 0.436127326451 0.669226841535
56 0.544149179012 0.525764644146
57 0.754233432002 0.182895532809
58 0.804198097903 0.413176690228
59 0.142088926863 0.222310841549
60 0.946297987364 0.523810657673
61 0.873963077087 0.057309570722
62 0.003313492052 0.279222577345
63 0.162525216583 0.615587085020
64 0.960611198097 0.143437679391
65 0.420865389518 0.036313291173
66 0.493008024525 0.521899083164
67 0.279311946128 0.598446922377
68 0.432030150201 0.966409896500
69 0.516063647345 0.672535938211
70 0.991339702159 0.952190973796
71 0.341762779746 0.535488881171
72 0.477955618408 0.095996211749
73 0.718384414446 0.282153716311
74 0.509172902443 0.860473341309
75 0.504464557860 0.455470889807
76 0.384283998981 0.378427635413
77 0.512780460995 0.387597491499
78 0.657650212757 0.675305677578
79 0.003184576519 0.618261410855
80 0.818743356969 0.424049966503
81 0.654574702494 0.311751381494
82 0.945949049667 0.933886648621
83 0.910198303871 0.377979199868
84 0.900296545587 0.426261951681
85 0.050515138078 0.891636247747
86 0.378452925477 0.392277918290
87 0.427125128917 0.856408543885
88 0.488274130039 0.145509543363
89 0.138562260196 0.997447032481
90 0.005982885137 0.643026818521
91 0.452917922754 0.390266884118
92 0.021454453934 0.965698383749
93 0.777864375617 0.679104666691
94 0.641004061326 0.781048952602
95 0.297366077546 0.459747418296
96 0.205098919105 0.951940780040
97 0.771498800255 0.151047968771
98 0.885827429127 0.681697104126
99 0.529027169105 0.786123974714
100 0.107959055807 0.579542307183
101 0.677760222461 0.486411981750
102 0.971820225473 0.104885351378
103 0.342820525635 0.460094355978
104 0.250394895207 0.481382786296
105 0.457541388460 0.256377780344
106 0.124409604818 0.910459311213
107 0.646644664463 0.145864058752
108 0.876157694962 0.424509040546
109 0.824968725443 0.517161756288
110 0.205557993148 0.122334802989
111 0.976909175050 0.410656912252
112 0.074275583494 0.748407975305
113 0.561704881024 0.960103012621
114 0.430105079431 0.090732050128
115 0.746226987336 0.538064135704
116 0.670274357777 0.423987209797
117 0.024476117454 0.642094583251
118 0.528872561175 0.367296643090
119 0.102188939229 0.779267456383
120 0.848679429386 0.559730328154
121 0.035645236727 0.973089034203
122 0.470189639367 0.682289901655
123 0.118953092955 0.346347334795
124 0.106798942201 0.943921818398
125 0.863509091083 0.312356935348
126 0.066256621853 0.840418266132
127 0.723013847601 0.140532205347
128 0.588826241437 0.284718728624
129 0.100635217968 0.018931321334
130 0.375450779218 0.846862205304
131 0.556995457038 0.045725136995
132 0.270849415101 0.581471574493
133 0.687819720246 0.799721976276
134 0.948768217582 0.790008659940
135 0.578989433125 0.797447647434
136 0.349738988094 0.614634669852
137 0.770536681637 0.819928627461
138 0.296924571507 0.889489775058
139 0.166275962256 0.403723513708
140 0.833411593456 0.029785053805
141 0.716080449056 0.899668215308
142 0.870203319937 0.439094296657
143 0.040200420655 0.459029561840
144 0.723813025746 0.140835638624
145 0.477960883174 0.099263804965
146 0.987697843928 0.034956340212
147 0.144988941960 0.258547259029
148 0.616427914705 0.832808662206
149 0.058269235771 0.565196132287
150 0.622817322146 0.637258668896
151 0.362643779721 0.972556310240
152 0.251893338747 0.133180461824
153 0.792484938167 0.548817910720
154 0.022670236882 0.958760900423
155 0.952541424427 0.856081830338
156 0.988545954227 0.668621873949
157 0.755750046112 0.858749274630
158 0.107716170605 0.795950466767
159 0.317778836470 0.831529196352
160 0.936786105856 0.795739719644
161 0.930793001316 0.924483949784
162 0.830696059857 0.075781943277
163 0.183031209279 0.447123974562
164 0.908590605948 0.241300445050
165 0.012320106849 0.531407928094
166 0.878559113946 0.374963887036
167 0.503964238800 0.130452452693
168 0.508144348860 0.296449176967
169 0.679270363413 0.530814585742
170 0.255210077390 0.631811788306
171 0.386896416079 0.243756032083
172 0.300433662254 0.142646462191
173 0.102505306713 0.408149832860
174 0.938596929424 0.420284143183
175 0.239679029677 0.875383035280
176 0.216023862828 0.170472030994
177 0.799866985064 0.046719922684
178 0.246253974736 0.982898194343
179 0.493843897246 0.154844580684
180 0.224198639393 0.506164004095
181 0.686252508778 0.102757753339
182 0.881127891131 0.190216747578
183 0.233210206497 0.389272239991
184 0.486665924545 0.912480569910
185 0.920086825732 0.741876002401
186 0.544292358216 0.306983242277
187 0.985632034484 0.844726020470
188 0.449629704468 0.088137341198
189 0.252875853796 0.388226633891
190 0.508421484381 0.492554883473
191 0.263609669171 0.724445347209
192 0.663026914466 0.063476654701
193 0.771165269893 0.909280889202
194 0.046374849044 0.265009167138
195 0.064125469886 0.270573488902
196 0.771173171233 0.750377979130
197 0.373331242241 0.652301062830
198 0.940594726708 0.606541448738
199 0.041573302820 0.427260651719
200 0.519022019114 0.961660129018
201 0.169136654120 0.063314377330
202 0.268643371295 0.154768688604
203 0.908040398266 0.718273075763
204 0.242906029802 0.160916252062
205 0.106499710120 0.751327514183
206 0.653471135534 0.370109379292
207 0.475772861391 0.316498050001
208 0.433586033992 0.246938131284
209 0.225778939668 0.479960883502
210 0.511947298422 0.289904409554
211 0.750534372404 0.283120469656
212 0.040282388683 0.123865614645
213 0.935421532486 0.980877115857
214 0.730407063849 0.976994835772
215 0.408137767576 0.249429082964
216 0.938654964790 0.577274421696
217 0.312743460294 0.207298336085
218 0.732043110300 0.220783858560
219 0.925571411848 0.974949140102
220 0.381700110622 0.032071121968
221 0.726276654284 0.035171246156
222 0.402180501726 0.202049515676
223 0.351669296622 0.835766535718
224 0.448987646960 0.577448236290
225 0.315727419220 0.960934945382
226 0.867352645844 0.066261791624
227 0.244055415038 0.907635034993
228 0.190127406735 0.179476947989
229 0.888512150850 0.920534470584
230 0.156471783761 0.296649918426
231 0.169963553548 0.095126748551
232 0.873924340121 0.482707013842
233 0.302425084636 0.605967450421
234 0.703490872867 0.227996496484
235 0.580916590523 0.085190983489
236 0.260067618918 0.307193244807
237 0.120362230111 0.662248120643
238 0.509242760483 0.472031526733
239 0.498014656361 0.958230407443
240 0.049479763024 0.813742076047
241 0.919165352825 0.916832408868
242 0.880003867671 0.163220767863
243 0.824467443861 0.070131274406
244 0.342697715852 0.712979594711
245 0.990665744990 0.499169499613
246 0.009629513137 0.160629298538
247 0.594296248164 0.883553853258
248 0.643336312845 0.896721332800
249 0.489521303680 0.346827185713
250 0.124717829749 0.070437894203
251 0.432018169202 0.384785448667
252 0.377631139010 0.552380399313
253 0.047033569310 0.886873899493
254 0.024411926046 0.545048225671
255 0.845104306936 0.073891689070
256 0.358790301718 0.764269659761
257 0.990724098403 0.238794169854
258 0.927490428090 0.815191542264
259 0.308925444260 0.270188143943
260 0.528171137441 0.299591189716
261 0.769357644022 0.537800650578
262 0.460220488254 0.363653892186
263 0.421354504302 0.103556801099
264 0.260375225451 0.910875807982
265 0.450383986812 0.385093055200
266 0.981313702650 0.882402156480
267 0.769878503866 0.358944841661
268 0.434782555792 0.816912073176
269 0.245818741620 0.459194482304
270 0.361960298847 0.090923048556
271 0.533086171374 0.720750601031
272 0.855192708783 0.523810269777
273 0.959544770885 0.782683136873
274 0.339001812506 0.268470215145
275 0.052871280815 0.867172949947
276 0.568061404862 0.822228924837
277 0.404973600525 0.028281893581
278 0.185882817488 0.826328104828
279 0.131838694680 0.446258042939
280 0.737203913275 0.582222681958
281 0.831351098139 0.718517615926
282 0.464624838438 0.601229602005
283 0.077462457586 0.899407394230
284 0.418141675182 0.323281199206
285 0.358601876535 0.780101974029
286 0.414204248227 0.891688048374
287 0.500852575060 0.269396957010
288 0.415498318151 0.460397345945
289 0.052080093883 0.754500130657
290 0.728867561556 0.104951374698
291 0.621673080605 0.296928966418
292 0.927180300001 0.026646681596
293 0.325210859999 0.113063117489
294 0.852974786423 0.457049555145
295 0.559321160428 0.590178699698
296 0.039272237103 0.390672258567
297 0.308696315624 0.503897075541
298 0.991901860572 0.386158773676
299 0.403304469772 0.410043535754
300 0.709439972881 0.761906346772
301 0.190145509783 0.123644221108
302 0.653594395146 0.690998085309
303 0.393041178118 0.069092713296
304 0.151395431254 0.445121272001
305 0.823592844419 0.880262992810
306 0.550072647166 0.445265925024
307 0.177191959694 0.477252947167
308 0.471912606619 0.502402819693
309 0.590316064656 0.324887393508
310 0.959452374838 0.149637225084
311 0.915066093206 0.998724611942
312 0.540309483651 0.223762409296
313 0.502621687483 0.532211344223
314 0.609921182971 0.905926157720
315 0.942254879978 0.319361155853
316 0.667832504492 0.132400389761
317 0.443005377427 0.321426899638
318 0.823398475070 0.836046555545
319 0.390519612934 0.974793906789
320 0.281167828012 0.214112457354
321 0.855056899600 0.831240475178
322 0.659378382843 0.032248859294
323 0.308493422344 0.131290989462
324 0.534651679453 0.898809487000
325 0.456178382970 0.494104054291
326 0.048446712084 0.371244476642
327 0.492828666698 0.588756195735
328 0.595006885938 0.995450354181
329 0.120967539959 0.204928068910
330 0.901376511902 0.063222419936
331 0.524289224762 0.569209016394
332 0.195622809697 0.967294602189
333 0.890635916032 0.019021285232
334 0.803341158200 0.281155529432
335 0.993815192021 0.084508986212
336 0.495267986786 0.848872091621
337 0.915749461390 0.154646369629
338 0.881120951381 0.224242883734
339 0.285937359557 0.415772630833
340 0.123052370735 0.742115742527
341 0.909876685124 0.171499082819
342 0.113360219169 0.402705351822
343 0.760255278554 0.708367105108
344 0.398155706469 0.881222818512
345 0.913295174018 0.299532218371
346 0.944445238449 0.437584399246
347 0.868741235230 0.140068048146
348 0.404879001435 0.759377151262
349 0.159089333378 0.208220159635
350 0.040532680694 0.152904525399
351 0.292729145847 0.535800667945
352 0.001776617486 0.208478607237
353 0.690447037574 0.882897568867
354 0.432721490972 0.976384397130
355 0.298670199700 0.555773861706
356 0.718500140123 0.208546884824
357 0.727272944525 0.831860359292
358 0.611252237111 0.487528223079
359 0.540227464866 0.009407943580
360 0.368751041591 0.453522638883
361 0.308940161951 0.313196280040
362 0.891107038129 0.177681397181
363 0.453264328651 0.295986040030
364 0.937058548909 0.612353662029
365 0.504206199665 0.977591229603
366 0.765258187894 0.796935345978
367 0.513391897548 0.767034805380
368 0.005413953215 0.203838935588
369 0.649932374246 0.438135444652
370 0.180223332718 0.948602573946
371 0.993909306359 0.898723472841
372 0.157149458770 0.721182251349
373 0.730583832599 0.768401695881
374 0.208710474428 0.270811297465
375 0.777809639461 0.577461516485
376 0.724333936349 0.086749801878
377 0.890657796524 0.615440974943
378 0.264431199059 0.343922125176
379 0.911427014973 0.201489747968
380 0.956275787670 0.415633214638
381 0.179080978036 0.721533975564
382 0.212568560615 0.692472875584
383 0.488568780944 0.217982514296
384 0.896311811171 0.138501155190
385 0.656117958948 0.076535144355
386 0.087103729136 0.650027265307
387 0.975258617196 0.244253187906
388 0.371209516656 0.705842449795
389 0.012654884253 0.579919991549
390 0.976653747261 0.790464523714
391 0.157381508034 0.700987684075
392 0.877214325592 0.048039304558
393 0.316428659018 0.141645525116
394 0.391961430199 0.227855673991
395 0.343135273084 0.348237217870
396 0.643488888629 0.522216251120
397 0.069771193434 0.856057449710
398 0.214689127170 0.558339974377
399 0.074039964005 0.111000938341
400 0.696841129567 0.730157922953
401 0.187536082696 0.783944858704
402 0.380185188260 0.162794700358
403 0.028198046610 0.751394705381
404 0.868637150154 0.040852930862
405 0.331314696930 0.845290897880
406 0.831317455042 0.488696204964
407 0.546278581955 0.708531780634
408 0.536735509522 0.862707240973
409 0.850177305751 0.928696939722
410 0.090562914964 0.193312579300
411 0.276934157591 0.734051803593
412 0.715528830420 0.346705351025
413 0.590109253302 0.930217957590
414 0.905045325402 0.664149217308
415 0.041218896396 0.601886454970
416 0.394307140261 0.228754979093
417 0.385831313673 0.774492328987
418 0.391549679451 0.414029360749
419 0.525887034368 0.260186830070
420 0.454882291611 0.857201731298
421 0.105477727950 0.286199746653
422 0.345897936262 0.651756309904
423 0.994731527753 0.882633445784
424 0.514463550877 0.844908833504
425 0.811330385972 0.605026465841
426 0.038221412804 0.088264543563
427 0.339078269433 0.753750243690
428 0.434969895054 0.929187523201
429 0.683968201280 0.340015220456
430 0.593336740509 0.725187097676
431 0.941901675891 0.987643881235
432 0.953942077234 0.327732989565
433 0.762136210222 0.345491756685
434 0.741762350313 0.288023244590
435 0.605678586755 0.196644642390
436 0.145224975888 0.711156314705
437 0.482844389044 0.491122912150
438 0.362912624609 0.477575916797
439 0.373756357934 0.877376175486
440 0.322484750766 0.185086743906
441 0.482402641326 0.360706163570
442 0.273351287935 0.821480911225
443 0.114456407260 0.708321182989
444 0.750668434426 0.798424609005
445 0.048336403444 0.344005174935
446 0.523611706682 0.990238079336
447 0.331649056170 0.477553783916
448 0.317971069366 0.093785266392
449 0.823045541067 0.059733419679
450 0.381808510982 0.428724127822
451 0.256378062069 0.527033486869
452 0.139880442992 0.739222451579
453 0.018156399019 0.502793067601
454 0.216798368376 0.391912757419
455 0.380169243552 0.539283119142
456 0.576999501325 0.862571884878
457 0.899989283178 0.850350789260
458 0.684052796103 0.014445690438
459 0.558671972249 0.434721230529
460 0.812870299444 0.607008376159
461 0.778726405930 0.336482006591
462 0.597246455494 0.110375462100
463 0.814035790507 0.915217524860
464 0.204160728958 0.637081331573
465 0.974950945005 0.585969239939
466 0.065805459861 0.231329007074
467 0.113002727274 0.205685902853
468 0.970551458653 0.131159126293
469 0.708478970453 0.187349827494
470 0.523071883712 0.088648214005
471 0.726632946637 0.100071385503
472 0.951220099349 0.626622229815
473 0.950422174763 0.635272895452
474 0.641067920718 0.509094147477
475 0.069994126447 0.453938220162
476 0.116102523636 0.848720532376
477 0.790420226753 0.713348979130
478 0.959095994476 0.604456017725
479 0.628566504456 0.163256723434
480 0.241537349299 0.603517449461
481 0.749225963838 0.307342809159
482 0.834846456535 0.862228691112
483 0.513028712012 0.805397915654
484 0.993387817405 0.221507682931
485 0.992747743148 0.516459701583
486 0.310155896936 0.719380689785
487 0.616531087086 0.261375996284
488 0.346002920065 0.566953261849
489 0.896648892201 0.987070840783
490 0.076047409326 0.966643018648
491 0.441009060945 0.192149932962
492 0.815363551024 0.231429288164
493 0.905498912558 0.774459545501
494 0.835885305889 0.534065417014
495 0.937716269400 0.077422655188
496 0.137582866475 0.686942233238
497 0.384765464813 0.972429323010
498 0.549170924351 0.897794176824
499 0.777827238664 0.542558741756
500 0.119301859755 0.770574981812
501 0.059018443339 0.429457757156
502 0.489955672063 0.675549530424
503 0.690833753441 0.835958592128
504 0.242502792738 0.587482645642
505 0.823029432911 0.318550202064
506 0.554125664290 0.264038493857
507 0.510700135492 0.369489215314
508 0.495467782021 0.416199048050
509 0.143948761281 0.331353087910
510 0.950264465064 0.081665030681
511 0.408775743563 0.087847331539
512 0.768607263919 0.793541208375
513 0.060276654549 0.317778188270
514 0.691335385200 0.838103893679
515 0.860336930025 0.810637245420
516 0.608678875491 0.919355373830
517 0.240095002577 0.098634547554
518 0.594904904254 0.930928756017
519 0.934593139682 0.837407696992
520 0.518411402125 0.757622572593
521 0.155957899522 0.072537066415
522 0.021661066916 0.666658035014
523 0.442026282195 0.517128848936
524 0.082857083064 0.585975043476
525 0.848481937312 0.033121548127
526 0.667640074156 0.257257680874
527 0.120968879666 0.436247338075
528 0.050798889250 0.181245534215
