7
42
0.341200
0 0.618179946672 0.072736546397
1 0.075569754001 0.691468896344
2 0.132700079121 0.410986223724
3 0.362762786914 0.906208890025
4 0.699552982580 0.405557218473
5 0.634655287955 0.668124763761
6 0.778899119236 0.520267650019
7 0.249279520474 0.583164009266
8 0.315812744200 0.515318694524
9 0.508259192575 0.186645881273
10 0.704387089238 0.272226464469
11 0.123286328744 0.236490284558
12 0.481726870406 0.168357265182
13 0.467600450851 0.336213310715
14 0.411685789470 0.356331308372
15 0.681302559096 0.029865736142
16 0.429067854770 0.756872313097
17 0.721334632952 0.561767933890
18 0.167858537287 0.084097419865
19 0.467976824380 0.867411519866
20 0.489654638804 0.102632112335
21 0.535536284093 0.268553758040
22 0.622899762355 0.784815804567
23 0.851717767771 0.938712507021
24 0.300134499092 0.359976960346
25 0.125358388294 0.004521588329
26 0.632203425281 0.248644717503
27 0.241011872888 0.113930295687
28 0.417001982685 0.708612324204
29 0.450143606402 0.828687772155
30 0.064943632577 0.131446165964
31 0.858553508297 0.494011487346
32 0.888318479061 0.579888141248
33 0.055779421702 0.056177016348
34 0.663985561579 0.523756246082
35 0.923588536680 0.153640200384
36 0.626388358418 0.459124820773
37 0.422193958424 0.249288120773
38 0.243940625340 0.273911726195
39 0.188000627793 0.544075124431
40 0.633888687007 0.313359016553
41 0.548596712761 0.266092112288
42 0.562003734056 0.789608585648
43 0.380022407975 0.979005716741
44 0.498220909853 0.830166014843
45 0.807693488896 0.563164542429
46 0.961612180807 0.666246997193
47 0.057176030241 0.849930659868
48 0.246135138907 0.112955451943
