23
506
0.093100
0 0.160326211248 0.636203300208
1 0.245872187428 0.839735628106
2 0.740212819073 0.877432435285
3 0.790829858743 0.284245845396
4 0.192165215034 0.049411244225
5 0.958724244963 0.308340473101
6 0.122919285670 0.738993872423
7 0.873673259281 0.500562715810
8 0.483249563724 0.341843141709
9 0.108431186527 0.104723185766
10 0.558938086499 0.330897064414
11 0.353997633327 0.198254518211
12 0.523240751587 0.738354287576
13 0.735433545429 0.428933519870
14 0.998394221533 0.566311114468
15 0.938520246185 0.158720432781
16 0.202514414676 0.184392434079
17 0.998456061352 0.942727234215
18 0.061824869365 0.789285920095
19 0.226973079611 0.253990084399
20 0.838697164319 0.185697324574
21 0.562330557499 0.961616449989
22 0.924691196997 0.436003816780
23 0.462179165799 0.407940761186
24 0.777846958954 0.570610352792
25 0.512663946953 0.336785045452
26 0.901507417206 0.866661580279
27 0.535039563663 0.424748169258
28 0.605015868321 0.270473109558
29 0.853681689128 0.603410089854
30 0.836784224026 0.792201935314
31 0.762130522635 0.039298638701
32 0.976594369393 0.760586583987
33 0.982025872916 0.038419239223
34 0.549872504082 0.208998952527
35 0.292409323622 0.388569668401
36 0.394696277101 0.854739881586
37 0.350186118390 0.319387474563
38 0.290743698366 0.812365284655
39 0.727328235749 0.068590657320
40 0.382975637447 0.239992182702
41 0.405375702772 0.284483054653
42 0.106653763447 0.940415266901
43 0.709231223911 0.711669631768
44 0.210888376459 0.562912913039
45 0.315079721622 0.047672600485
46 0.355114848819 0.077210244257
47 0.086971239187 0.331709218211
48 0.837796828710 0.068997112568
49 0.370128457434 0.387669332791
50 0.277996065095 0.662537781522
51 0.776239001658 0.672692342661
52 0.517277663108 0.126425120048
53 0.992079817224 0.808021361474
54 0.938790404703 0.719408052973
55 0.876612019259 0.321766042151
56 0.959400235675 0.281987722032
57 0.606249097269 0.066053999122
58 0.222402988933 0.315480321180
59 0.777723630890 0.433291365393
60 0.878393234685 0.092803352512
61 0.480963965878 0.233508083504
62 0.170013597235 0.567935205530
63 0.565217301715 0.007810425945
64 0.636932318099 0.935345759615
65 0.395479758736 0.914928383194
66 0.597883541137 0.171718760394
67 0.587620725855 0.115161204245
68 0.298143880907 0.579700543080
69 0.923182565719 0.236934285611
70 0.299108596053 0.799794584978
71 0.558700328227 0.258508832194
72 0.081782307476 0.164949425496
73 0.324562831316 0.304185296409
74 0.480429746676 0.102286462672
75 0.737476662267 0.358822981361
76 0.195089815184 0.218440628145
77 0.592331064865 0.365103412420
78 0.786375833675 0.157548367046
79 0.372913838364 0.423308151774
80 0.092894126661 0.768393597566
81 0.338236535434 0.690777667798
82 0.940112357959 0.925857261289
83 0.805938872043 0.238256238867
84 0.505557804834 0.729121437762
85 0.475190524943 0.804666400887
86 0.528916023206 0.033890853170
87 0.063175233081 0.610698330682
88 0.198840278666 0.387738064863
89 0.914883627091 0.679270025343
90 0.490024527535 0.652360289358
91 0.038093007170 0.685114342719
92 0.870800917968 0.630424072035
93 0.050217755605 0.657176751643
94 0.787972439080 0.423131593969
95 0.080484903883 0.880866565742
96 0.191525191534 0.418721439317
97 0.571644233540 0.131637549959
98 0.344578700606 0.377583105583
99 0.369893788826 0.850136505440
100 0.106704543810 0.845084313769
101 0.654802906793 0.635620567016
102 0.878975166939 0.717978139874
103 0.246318897698 0.077815445606
104 0.105716204736 0.161202524789
105 0.757085471414 0.595740732271
106 0.813562814612 0.795178478584
107 0.280855075456 0.684363732580
108 0.425602550618 0.331072831061
109 0.341540484224 0.213574990164
110 0.754204425029 0.422025388107
111 0.094441555906 0.945729617029
112 0.840746827424 0.666085789911
113 0.077367166989 0.185325528495
114 0.043668895494 0.447260955814
115 0.035462033935 0.150373439305
116 0.292345270049 0.690264940728
117 0.785994006321 0.171320436988
118 0.408243081067 0.032312904019
119 0.249135883059 0.513959285803
120 0.193515429273 0.006221354473
121 0.109700018540 0.007078243885
122 0.801399833057 0.390555093996
123 0.691441976465 0.227002383675
124 0.721627925057 0.032982460689
125 0.440577373840 0.475832350086
126 0.455007849261 0.535018930212
127 0.421561967116 0.295754676685
128 0.201104720123 0.498929134104
129 0.481080205180 0.244773615617
130 0.946190090384 0.516542239580
131 0.395147055387 0.238535360433
132 0.206807180308 0.181141061708
133 0.409855797421 0.615050261375
134 0.213453966193 0.658991680481
135 0.129009547643 0.406969395466
136 0.665213034954 0.238709566183
137 0.414047639351 0.466612868011
138 0.629264660180 0.105489615817
139 0.693615252152 0.350892585237
140 0.138472076505 0.134192625992
141 0.826724935323 0.593479925767
142 0.669211556204 0.248286902905
143 0.889234602917 0.870316276327
144 0.747216037009 0.370314808097
145 0.115089892410 0.693406127393
146 0.886857047677 0.510236947797
147 0.931941487826 0.093664228451
148 0.691378009506 0.341797285713
149 0.708714489825 0.904831975698
150 0.000788966194 0.837724037468
151 0.311801371165 0.666002001613
152 0.076433603652 0.725849010516
153 0.132614869624 0.705698263831
154 0.831338626333 0.826230121776
155 0.056590849068 0.969810703304
156 0.960422748234 0.883315784857
157 0.563290629070 0.629634304438
158 0.131602687761 0.452525231987
159 0.499950581230 0.878818724770
160 0.822840040550 0.615040473640
161 0.572224852629 0.709697088227
162 0.125277421437 0.504166340455
163 0.803361316677 0.816655430943
164 0.845963626169 0.512075806968
165 0.721487407107 0.846752592828
166 0.349799844436 0.033288778272
167 0.512754594442 0.426233448554
168 0.759137789253 0.645369464066
169 0.131931712385 0.590476415586
170 0.471599586308 0.188522561919
171 0.560287118889 0.432022334542
172 0.071838346776 0.123577748425
173 0.061656638980 0.203441034537
174 0.576102980413 0.561607220210
175 0.082259759307 0.398943020962
176 0.176647693850 0.654484611936
177 0.108640109655 0.301925115287
178 0.158650952857 0.912001426332
179 0.118580546696 0.004614579026
180 0.424077233300 0.840067953803
181 0.851367171854 0.773877078202
182 0.873356732074 0.364121766295
183 0.200110526755 0.632494521327
184 0.009491230827 0.332042239141
185 0.222970937379 0.481090817135
186 0.520564801060 0.783258056268
187 0.913113151677 0.592403147835
188 0.906835804693 0.974769790657
189 0.795844182372 0.482938785572
190 0.536377011333 0.878103942145
191 0.881881806534 0.713024705183
192 0.532588554081 0.990521916188
193 0.014949820936 0.691239506938
194 0.902523342986 0.133530367631
195 0.695854086429 0.326600576285
196 0.973598321434 0.547221258283
197 0.100477654487 0.846955053508
198 0.911343025044 0.300588181242
199 0.479449575301 0.920834255870
200 0.632630420849 0.702420512680
201 0.401925073005 0.153195221908
202 0.485678568948 0.315038224682
203 0.745598370209 0.392514374107
204 0.289808015339 0.541442552581
205 0.875453159679 0.826185026672
206 0.419546494726 0.757334966213
207 0.539209732320 0.952135049272
208 0.747856882866 0.554159553256
209 0.643374556210 0.650380225852
210 0.687689920887 0.339228642639
211 0.976980802137 0.661288242321
212 0.886449901387 0.077458457090
213 0.508243295830 0.797792926431
214 0.378046638332 0.987692871131
215 0.718627182301 0.010677059181
216 0.690113383811 0.120552255306
217 0.163872281555 0.175791953225
218 0.435590479989 0.909470651764
219 0.568306327332 0.725398495328
220 0.450913204346 0.443759487011
221 0.551583522465 0.870459699538
222 0.201094453223 0.090793254785
223 0.822594748810 0.948951336090
224 0.644952808041 0.465969305020
225 0.599331561942 0.332642728928
226 0.805197948124 0.576312364545
227 0.993930971250 0.691647849511
228 0.653770821635 0.502174267080
229 0.489440775942 0.031817459967
230 0.489867138676 0.208067958243
231 0.042494519614 0.179980522487
232 0.328620213550 0.206366801169
233 0.355772475712 0.764210693538
234 0.115837452933 0.924078803044
235 0.489609188866 0.566750657279
236 0.367838290054 0.041192711331
237 0.437210356817 0.568932743743
238 0.131985966116 0.259805105627
239 0.517884079833 0.776938774157
240 0.725774411112 0.117215642240
241 0.109581503086 0.530972359236
242 0.693528006785 0.103512474336
243 0.222620208748 0.347298828419
244 0.605686741881 0.712060984690
245 0.379116288386 0.095553880557
246 0.920128942933 0.421610808000
247 0.275534403045 0.248749156483
248 0.627977609169 0.631306879222
249 0.012959850021 0.743815062102
250 0.555385682266 0.502569038887
251 0.310565719847 0.923223972786
252 0.543761750683 0.747776076663
253 0.492156716529 0.675747716799
254 0.007581182756 0.010040796362
255 0.452686491422 0.733355593868
256 0.127256438602 0.562267994508
257 0.264327953104 0.820784445386
258 0.665780469310 0.486948161852
259 0.168083273806 0.271467211191
260 0.199009146541 0.547199562658
261 0.367021091748 0.119138089474
262 0.968810370658 0.642555494793
263 0.367887245957 0.596787980292
264 0.273862374015 0.380847095978
265 0.340603042394 0.829248056747
266 0.883416134864 0.651168762241
267 0.752472029533 0.427177885547
268 0.398944839370 0.244628746063
269 0.102925602812 0.406526022125
270 0.254669542424 0.555612094235
271 0.139881615993 0.381925981492
272 0.117880088743 0.404209569097
273 0.202710426878 0.783660558052
274 0.891157730948 0.370793701150
275 0.055127769243 0.090166877490
276 0.917993263807 0.422148860991
277 0.209304966964 0.886803634465
278 0.064704356249 0.577192212921
279 0.483591614757 0.338566730265
280 0.958039308898 0.824194657616
281 0.167814787012 0.841455443762
282 0.475363419857 0.920286816545
283 0.268633329775 0.874308259226
284 0.164915562607 0.371558932588
285 0.280834281351 0.419585105497
286 0.927171026822 0.420715897344
287 0.801511086989 0.045051115565
288 0.824925466441 0.004221513867
289 0.828711674083 0.716083197389
290 0.375015215017 0.883839443326
291 0.806250074878 0.293008478824
292 0.305988304783 0.015555041842
293 0.179812113754 0.370692661032
294 0.592747254763 0.663403728511
295 0.709259391297 0.550786563661
296 0.487598386128 0.877074178774
297 0.392242007889 0.962961806450
298 0.797360995319 0.660875337664
299 0.837270065676 0.962276558392
300 0.032434270252 0.118104347493
301 0.381861663889 0.959605297074
302 0.538820244838 0.183372750878
303 0.004656412639 0.363745711744
304 0.187594264746 0.833368086722
305 0.079828909133 0.562609480228
306 0.717207530513 0.886078984477
307 0.855617959052 0.023195835296
308 0.901634026319 0.035430072807
309 0.393888496328 0.494381281547
310 0.698833801784 0.103147887625
311 0.045167845208 0.186432187911
312 0.980222066399 0.437409853097
313 0.149393994361 0.777583062183
314 0.098285190761 0.986664060503
315 0.739859620575 0.130719461013
316 0.104768407997 0.121721284464
317 0.090324758086 0.643588652834
318 0.305094035342 0.094981171191
319 0.007334364578 0.492688300088
320 0.928349257912 0.087163274176
321 0.055297780316 0.645556788426
322 0.973242258653 0.910915739834
323 0.668752623722 0.874876284972
324 0.946345812641 0.062641120050
325 0.369257566519 0.645179614425
326 0.165789008141 0.414425412193
327 0.831611802801 0.146011074539
328 0.851835265290 0.981005797163
329 0.923594136722 0.950120456517
330 0.967669857666 0.663453757297
331 0.080839917529 0.072438265663
332 0.785175041761 0.171164676081
333 0.716026918963 0.090269077104
334 0.266145847272 0.723361283541
335 0.582957377657 0.194495105185
336 0.810524557717 0.638255157974
337 0.840051894076 0.783766816370
338 0.549170897808 0.508804517798
339 0.658643101808 0.495516710915
340 0.571445638314 0.027900668327
341 0.140696325339 0.737234646454
342 0.442326080520 0.972308128141
343 0.883245720994 0.294161346275
344 0.953313925769 0.806839858182
345 0.244281802792 0.920983783435
346 0.470293615479 0.325121720321
347 0.993422049563 0.255468657706
348 0.496286396403 0.709448968526
349 0.345737734810 0.762432243675
350 0.432810252067 0.928695112467
351 0.956927349325 0.243334810250
352 0.566950270906 0.796979243401
353 0.027101626620 0.116121168714
354 0.305783761200 0.685744728427
355 0.611637879629 0.877229399513
356 0.713645397220 0.752334205434
357 0.614464045968 0.155971477740
358 0.724642333575 0.497709767427
359 0.450132824015 0.677956259344
360 0.304549625609 0.694414626807
361 0.598940043245 0.774843241088
362 0.019536347594 0.592362092808
363 0.030311898794 0.515822743997
364 0.301811061334 0.376049634069
365 0.278254988138 0.734621313401
366 0.304744746536 0.235182337463
367 0.977956123650 0.871695017442
368 0.032161580864 0.005057750735
369 0.987816186622 0.337945342064
370 0.690802479163 0.599454066250
371 0.215174742043 0.404447876383
372 0.351788271684 0.829638788011
373 0.560419354588 0.076430605724
374 0.327348555438 0.010552178603
375 0.754386865068 0.631898181047
376 0.704966805875 0.353326908313
377 0.406741422601 0.724503153469
378 0.945689001121 0.437053321395
379 0.240325897466 0.247500062454
380 0.813102955464 0.518580885604
381 0.982121376321 0.117847702466
382 0.753763223067 0.960077499971
383 0.989542719908 0.785924803931
384 0.965135250706 0.977358906530
385 0.123870146461 0.655937730335
386 0.576812973246 0.339044888504
387 0.060385606717 0.928601244930
388 0.168683676515 0.620804961305
389 0.005031850655 0.496032232419
390 0.631357140373 0.759418716189
391 0.127930413466 0.336323946249
392 0.112745624501 0.534671836067
393 0.060827099718 0.058434626088
394 0.971725157928 0.301152997185
395 0.305934688542 0.784828113392
396 0.819733883254 0.288056064863
397 0.902675815858 0.573497106321
398 0.248133565299 0.892218536232
399 0.359421910718 0.213268816005
400 0.869577442762 0.483292057179
401 0.869206546340 0.446390416007
402 0.822336945683 0.929592153523
403 0.374991661403 0.991020622198
404 0.550397114828 0.380023512058
405 0.487052854616 0.181754255202
406 0.139442228246 0.614983268548
407 0.518078201450 0.252187853213
408 0.149655104615 0.578905301169
409 0.310622479301 0.121380262543
410 0.880058298819 0.616557167843
411 0.906208376400 0.699792182073
412 0.904613233171 0.808884192258
413 0.273289288394 0.152746798471
414 0.701102728490 0.632711199112
415 0.366015614476 0.570680171717
416 0.116003256291 0.235222161282
417 0.017070587724 0.938340201974
418 0.164814314805 0.392062249128
419 0.929360824637 0.715211429633
420 0.772085761651 0.416413679253
421 0.896965685301 0.911527989898
422 0.031396947801 0.415043886751
423 0.163715843111 0.181052052882
424 0.993949188385 0.474338322412
425 0.302432315424 0.874007487204
426 0.090895490721 0.208640691824
427 0.573799669277 0.995508723892
428 0.017524884548 0.847088957671
429 0.148255522363 0.718627613038
430 0.479800157249 0.514271136839
431 0.289307784755 0.595803413540
432 0.749493298121 0.306378372945
433 0.534143615980 0.914307612926
434 0.698440622073 0.463504440617
435 0.629519043025 0.470526383724
436 0.879918119870 0.526484728325
437 0.382054374088 0.911315068137
438 0.941528615076 0.545770217199
439 0.092367121018 0.935477803461
440 0.020108540077 0.394799436443
441 0.809485290665 0.111004030798
442 0.603440128732 0.383284959942
443 0.106512754690 0.620965013281
444 0.230373918079 0.254768277053
445 0.339592626318 0.710174075328
446 0.769039413892 0.628900411539
447 0.305977488868 0.518532712478
448 0.935278784484 0.840121104848
449 0.432840325404 0.633719406556
450 0.303625545464 0.062359368429
451 0.104245790746 0.183543665800
452 0.588844096754 0.486300164834
453 0.094858733937 0.530372712296
454 0.032070382033 0.187225854956
455 0.465850515757 0.052178922109
456 0.582025291398 0.275335806888
457 0.163182952907 0.185465420131
458 0.658620766830 0.269695707597
459 0.806430433411 0.888994684909
460 0.524463984650 0.146023060195
461 0.599168760236 0.293503399007
462 0.774923471734 0.905146249570
463 0.812036111485 0.710202256218
464 0.745267354418 0.244876436889
465 0.343921662774 0.048892900348
466 0.307235805783 0.448167453520
467 0.232436566148 0.896079902537
468 0.934467618354 0.327295300085
469 0.426452614833 0.966538000852
470 0.514521155041 0.892303131055
471 0.018716922961 0.096546446439
472 0.167638937943 0.181899876334
473 0.282011867035 0.826259704772
474 0.451595583931 0.088442300446
475 0.715254390147 0.976059569046
476 0.234465360641 0.314423150383
477 0.269562968053 0.009388832375
478 0.219569399953 0.081599079538
479 0.719591088593 0.964836754836
480 0.326475516427 0.063512751833
481 0.013729655184 0.633711322211
482 0.511680205353 0.246166221332
483 0.529791225214 0.446147824172
484 0.573461521417 0.956243840046
485 0.412685825024 0.087982676458
486 0.848546971101 0.431402747985
487 0.184529122896 0.016185909044
488 0.613302624319 0.466540989932
489 0.842445614282 0.064898208715
490 0.554983290844 0.557700004429
491 0.040957777761 0.789448651485
492 0.872123154812 0.310520745814
493 0.798837484326 0.091692555230
494 0.392119825352 0.518428572919
495 0.056529310066 0.718595341779
496 0.581941324752 0.070258965250
497 0.352306664456 0.093621530570
498 0.316425186582 0.882097889669
499 0.539769354742 0.889886707999
500 0.838341729715 0.952455179766
501 0.977869384456 0.686888701282
502 0.383857927751 0.162398507353
503 0.703074610326 0.997160552535
504 0.628939497750 0.545520224608
505 0.062058761250 0.183922788594
506 0.103220229037 0.103016539011
507 0.973371440079 0.975343384314
508 0.413537284825 0.772208924405
509 0.067035939544 0.805657110177
510 0.290637497790 0.123565249611
511 0.524252451956 0.872578822542
512 0.193824214861 0.876559116412
513 0.966200353112 0.510249401443
514 0.758657006081 0.505969707854
515 0.400136109442 0.596998736262
516 0.458424887620 0.378005493898
517 0.283887437545 0.842282815836
518 0.540404001251 0.986962047871
519 0.839443368372 0.169343499001
520 0.532482272945 0.901502129622
521 0.353266287595 0.635702501982
522 0.004518668633 0.326637728140
523 0.611045886297 0.418055953458
524 0.098846652545 0.678081825841
525 0.223713063635 0.389484150335
526 0.801647075452 0.747965515591
527 0.262062973343 0.995471290313
528 0.624524632469 0.228263326455
