7
42
0.341200
0 0.065302336589 0.931107981596
1 0.948077551555 0.412539606914
2 0.575167202856 0.146259328816
3 0.856686451007 0.876895389520
4 0.149695537053 0.010205622297
5 0.588985719718 0.987362208776
6 0.249296376947 0.060431981459
7 0.637460756581 0.272550342605
8 0.644949120004 0.054811532609
9 0.931222171057 0.579653943889
10 0.202593393624 0.928979219403
11 0.245451522991 0.753723000642
12 0.399086148478 0.631564706098
13 0.771058418322 0.328823926393
14 0.630679057445 0.692507906351
15 0.465523570310 0.695981394034
16 0.623615888413 0.413601122331
17 0.108521000948 0.198783091269
18 0.559860451147 0.965207452420
19 0.075678480789 0.709555988200
20 0.975413074717 0.664664200973
21 0.696918196976 0.224709451664
22 0.725096182432 0.334378954023
23 0.497259794269 0.370045302436
24 0.389190486632 0.428481965791
25 0.949699246790 0.591783880256
26 0.357461185195 0.195150769781
27 0.345506881364 0.756547333673
28 0.826715475880 0.116565299686
29 0.085371260066 0.457394533325
30 0.809073206503 0.550894830842
31 0.153375927359 0.432689094916
32 0.964495953172 0.261896928772
33 0.631472186185 0.524356404319
34 0.227104381192 0.707150666974
35 0.233912392519 0.202517455909
36 0.371814867947 0.930830589961
37 0.427226907574 0.096911050845
38 0.265209543984 0.924486701842
39 0.466956353281 0.654400030617
40 0.352968667634 0.416655600071
41 0.246183910873 0.710429852828
42 0.611806369852 0.591690792236
43 0.466977186501 0.438521846198
44 0.708256092388 0.552348447032
45 0.895916379523 0.517329298891
46 0.103243277874 0.049292307347
47 0.950018393807 0.067739231046
48 0.311189236119 0.581490579993
