15
210
0.146200
0 0.418359478004 0.129229941871
1 0.748935613781 0.881188240834
2 0.540042710025 0.165452406742
3 0.368767002597 0.375521485228
4 0.502080366481 0.294750298839
5 0.642758719623 0.731553072575
6 0.845215521753 0.998342058621
7 0.487665866967 0.929706817027
8 0.047466133256 0.252156527713
9 0.766334291082 0.487278719433
10 0.292000141926 0.051995919552
11 0.077040787321 0.824171565007
12 0.881008173339 0.176686152350
13 0.891081513837 0.749380426947
14 0.045673697721 0.133530570660
15 0.684158143587 0.464033175725
16 0.262760512531 0.433093757369
17 0.345221416559 0.802803222556
18 0.598546164110 0.713988419157
19 0.178324708249 0.100626530591
20 0.008738718461 0.821083427873
21 0.832179603167 0.853954240214
22 0.819425486960 0.319845470134
23 0.783661057241 0.866891620215
24 0.572001997847 0.549995348323
25 0.354170339648 0.864002139773
26 0.601991267875 0.431211126968
27 0.688173705246 0.482999441214
28 0.607897279784 0.579255219083
29 0.232379868161 0.653570977505
30 0.712785789743 0.916538011748
31 0.117604153231 0.975546302274
32 0.349631769117 0.462825569790
33 0.778349524830 0.948177933693
34 0.176813989412 0.956674233079
35 0.048804464284 0.185552707873
36 0.777757661417 0.880984067917
37 0.039506948087 0.597183148377
38 0.200829538051 0.823168005329
39 0.464074768592 0.772831536364
40 0.373163353652 0.818245108705
41 0.636833676137 0.975154621527
42 0.249456235673 0.325007381383
43 0.458154062741 0.857353515457
44 0.904262600467 0.690533930901
45 0.510924492963 0.617048390210
46 0.607071942650 0.628528646193
47 0.592594692484 0.956703711767
48 0.091354216449 0.370944217779
49 0.904881645460 0.268168205861
50 0.327618450858 0.953686110210
51 0.453720913734 0.105376112275
52 0.834670178127 0.493227861822
53 0.702559260651 0.035499716178
54 0.316395867150 0.166634029709
55 0.808331252541 0.689559220802
56 0.984879138414 0.445164929144
57 0.664713842329 0.234335374087
58 0.770172310527 0.122867905069
59 0.091688890010 0.674434911460
60 0.813401835971 0.602613382973
61 0.291483301669 0.420473778620
62 0.231142029632 0.884077994619
63 0.377177490387 0.322496246081
64 0.255022212397 0.282059136312
65 0.590664451942 0.582640663255
66 0.235745246522 0.044385365676
67 0.688016775995 0.070415424649
68 0.537613227498 0.390576036647
69 0.105915140826 0.854009094648
70 0.557210066356 0.914246393833
71 0.543568315450 0.542089204770
72 0.359411322977 0.208282157779
73 0.776424579322 0.129583633505
74 0.331150062848 0.868113469332
75 0.804018544964 0.144551898818
76 0.470726852305 0.095501847100
77 0.565025677439 0.701868881937
78 0.979579841718 0.942203167826
79 0.024365128018 0.234602054115
80 0.224262304138 0.615029579960
81 0.817242717370 0.460007550661
82 0.659414945636 0.505259493366
83 0.530422975309 0.197028173134
84 0.895835530479 0.636338116601
85 0.051037267782 0.453045596834
86 0.550584510434 0.594605583232
87 0.995134802070 0.909995833412
88 0.802887741011 0.771559381392
89 0.039579466917 0.134037803859
90 0.639672850724 0.843598012347
91 0.278589702677 0.110399703030
92 0.939099859446 0.843615380116
93 0.812268585432 0.918679701164
94 0.785818548407 0.836633713450
95 0.153281755280 0.010080852546
96 0.451663293876 0.970524472650
97 0.470088403672 0.111078239512
98 0.475783966482 0.000511378981
99 0.308106413111 0.371619496960
100 0.636849495582 0.359143680893
101 0.824665093794 0.187434006017
102 0.953749264590 0.819799895864
103 0.097429839429 0.756637005601
104 0.591359277256 0.137009306811
105 0.890674809925 0.231032127980
106 0.980607319158 0.169264512602
107 0.341431831475 0.919707178604
108 0.012879893184 0.153700416908
109 0.838386879768 0.798698441591
110 0.990334130358 0.991668635048
111 0.808779294137 0.441997424234
112 0.962193107698 0.278867697809
113 0.553075664211 0.437977074180
114 0.279379077256 0.861182077322
115 0.809596571140 0.916228572838
116 0.220325758215 0.634261665400
117 0.103662579320 0.174075022805
118 0.454061561264 0.201092418749
119 0.930712028872 0.045420838986
120 0.338101725560 0.821386838797
121 0.276452966966 0.318709044717
122 0.990651351400 0.617884798441
123 0.238416223321 0.003531244583
124 0.771585215349 0.076803103089
125 0.802229686175 0.761919346172
126 0.068471738137 0.611008980777
127 0.203916770406 0.030664846301
128 0.889876678586 0.756992434617
129 0.468641920481 0.169255755842
130 0.618174511939 0.278238492087
131 0.085484329145 0.838500270620
132 0.912500157487 0.189146908466
133 0.012575293425 0.366561718751
134 0.390239327215 0.943287322298
135 0.411982557736 0.728341053240
136 0.764674161095 0.688435525168
137 0.047050097957 0.755325512961
138 0.306320323609 0.285466321744
139 0.758856757544 0.077905539423
140 0.362269424833 0.561086444184
141 0.839824885596 0.430741163436
142 0.172095424961 0.043741656002
143 0.461406009737 0.061972103547
144 0.800734091084 0.930047930218
145 0.231227859855 0.418908603024
146 0.208286422305 0.316712189000
147 0.257408873644 0.120786579791
148 0.505859097466 0.269984167535
149 0.487348299008 0.896098424681
150 0.213271489833 0.899330856744
151 0.624439477921 0.977945651393
152 0.587766381912 0.671489576343
153 0.733271164354 0.894086705986
154 0.956955898087 0.492127921898
155 0.971992245410 0.319225322921
156 0.053214366082 0.811817131005
157 0.749966486357 0.225309791043
158 0.855558787007 0.211372496095
159 0.287281895056 0.656292878091
160 0.141420426778 0.518509754911
161 0.075201481581 0.349706849083
162 0.835221943911 0.332610355224
163 0.470493429340 0.341081041377
164 0.602594522759 0.957841728348
165 0.237179466058 0.815866013058
166 0.857172585092 0.861618944444
167 0.793811664451 0.444938967470
168 0.533108520787 0.527082828805
169 0.339025673456 0.490064418875
170 0.019210750703 0.311017918866
171 0.809289741796 0.072425117251
172 0.122835049871 0.559256228618
173 0.297734908294 0.978393836878
174 0.770628724713 0.585016803350
175 0.634686715435 0.912049151491
176 0.103526558261 0.709888197016
177 0.261756001040 0.938748502173
178 0.042498552240 0.732249430381
179 0.279829543550 0.645093075465
180 0.690091158729 0.517009010073
181 0.460959088523 0.547263743822
182 0.378627954517 0.254770752974
183 0.992202711292 0.911736475304
184 0.781853581779 0.331228384748
185 0.401800894178 0.801064332481
186 0.642246303614 0.211090635974
187 0.873489449732 0.765081353486
188 0.770346864592 0.171224358492
189 0.743475190829 0.540975589771
190 0.756241161842 0.378161906265
191 0.453024741262 0.859767720569
192 0.088050103281 0.714780742303
193 0.798516222741 0.130548655521
194 0.447030172683 0.078345766757
195 0.775641730987 0.137121331412
196 0.595354776829 0.236600819509
197 0.684385075700 0.973982731346
198 0.491371572483 0.676587786991
199 0.885719206650 0.273225154262
200 0.007816172205 0.287520100828
201 0.074289487209 0.650062475819
202 0.498610736802 0.947778936941
203 0.415143829770 0.268957601860
204 0.119003295433 0.158619020600
205 0.809933191631 0.875244457740
206 0.536780926865 0.262957932893
207 0.735012178309 0.624831030145
208 0.977738675661 0.533528401051
209 0.755379685666 0.424768848345
210 0.611874167807 0.531021417119
211 0.561890180223 0.207228944637
212 0.767622236628 0.246275255922
213 0.181211675983 0.258993809577
214 0.922863042913 0.066930882633
215 0.532218963839 0.930679215118
216 0.354450983461 0.606508451048
217 0.580741691403 0.853061720729
218 0.554287388455 0.995885521173
219 0.122019322589 0.673290683888
220 0.154504541773 0.931952514220
221 0.548535141628 0.691285468638
222 0.194910447113 0.283547319937
223 0.316116498783 0.172649122775
224 0.817075721454 0.071496184450
