7
42
0.341200
0 0.638072342146 0.027298228350
1 0.887954058591 0.776988785714
2 0.295353201218 0.947344929446
3 0.558720435016 0.382585742511
4 0.641972764861 0.744018151890
5 0.513684165198 0.550639183261
6 0.602395360358 0.934959514532
7 0.758560686838 0.742773870472
8 0.451312778518 0.414579308126
9 0.778416124173 0.707058194093
10 0.094285768922 0.339805957861
11 0.642172558233 0.968014284503
12 0.639583695214 0.843907971401
13 0.173502166755 0.455493668094
14 0.068995042704 0.853704550304
15 0.184568622150 0.707067384850
16 0.881002778653 0.072522680741
17 0.484056171030 0.176355980337
18 0.019867610186 0.042776606046
19 0.558941722848 0.661840375513
20 0.786794757936 0.072625888046
21 0.212479558773 0.389190118294
22 0.007585402578 0.971040246077
23 0.131963988766 0.458898181096
24 0.385619554203 0.910380112939
25 0.165956375655 0.479905323591
26 0.250186070800 0.808128933888
27 0.447919608094 0.889769766014
28 0.652036905289 0.621421774849
29 0.345263434108 0.721031947993
30 0.475126325153 0.529832056258
31 0.428099332843 0.356129104272
32 0.602354737464 0.912155503873
33 0.532485084608 0.622222347651
34 0.954932109918 0.091426807456
35 0.284062723164 0.741726867855
36 0.164052695502 0.496542282403
37 0.130916986149 0.171638098545
38 0.467582528479 0.262880974915
39 0.630536279641 0.853202082682
40 0.173261087853 0.796492655296
41 0.333107406273 0.423447159119
42 0.604621589184 0.781027014833
43 0.313216925133 0.256658494473
44 0.402448789682 0.658480359707
45 0.977690442465 0.877575115301
46 0.188312415965 0.405789775774
47 0.233704219572 0.790667153429
48 0.317945279647 0.766189304180
