15
210
0.146200
0 0.389499493875 0.681709564757
1 0.733501953073 0.640648144763
2 0.802598382812 0.002769588493
3 0.676715635695 0.520837245975
4 0.103906388395 0.999959194101
5 0.443031181581 0.123235356528
6 0.748161366209 0.976926755626
7 0.307798055001 0.545265681576
8 0.756550144404 0.919030893594
9 0.464541256893 0.983784826007
10 0.711249621585 0.964511438739
11 0.148361059371 0.144142338540
12 0.903840720654 0.424525990151
13 0.564400698524 0.592573800590
14 0.642142241821 0.523706902284
15 0.781628313009 0.031641735695
16 0.205416467041 0.515130266082
17 0.672289880924 0.008014849853
18 0.517899854574 0.349005516618
19 0.528852096293 0.621806242969
20 0.348964710720 0.971883277874
21 0.745041599497 0.097126077395
22 0.948810033500 0.052839654963
23 0.642391758971 0.705360177904
24 0.971870548557 0.106933015864
25 0.689145003911 0.683120170143
26 0.071444454603 0.837506063748
27 0.827262509149 0.975285175256
28 0.262032053899 0.391663207673
29 0.567858976312 0.904174295720
30 0.915370109957 0.349487289321
31 0.935816031881 0.120786576997
32 0.864617555402 0.608105912805
33 0.128801427316 0.382517409977
34 0.957111429423 0.657653523609
35 0.004323652945 0.306076140609
36 0.629536801483 0.749365252908
37 0.403202218004 0.578346835449
38 0.802204907872 0.045593976974
39 0.283707013354 0.774075456429
40 0.152526992839 0.972852017730
41 0.457195626572 0.223971447442
42 0.810358081479 0.284458135720
43 0.199256622698 0.072390135378
44 0.676121343393 0.767115599010
45 0.976564431563 0.591491453350
46 0.116602888331 0.912380463444
47 0.712278030813 0.981220443733
48 0.520486376248 0.841079458129
49 0.363737853710 0.477597805671
50 0.498732981738 0.368061507121
51 0.783673946280 0.128269783221
52 0.117426760029 0.186876164284
53 0.706616618671 0.919631667901
54 0.232470141258 0.990323632490
55 0.693707124330 0.384997134097
56 0.963175650220 0.150902750902
57 0.608968581539 0.773533731699
58 0.435360887088 0.808225204702
59 0.845923867077 0.111482230481
60 0.575340803713 0.822488298640
61 0.702973684296 0.691943692509
62 0.734868762083 0.415251715109
63 0.673164136242 0.255355138332
64 0.256331173237 0.036901990417
65 0.732952944469 0.755064154975
66 0.404963497538 0.516626890749
67 0.883333938196 0.522390257567
68 0.703503055498 0.589950557332
69 0.442021925468 0.935973196756
70 0.580274189822 0.135729049798
71 0.320970331319 0.543449840043
72 0.286631800700 0.929938912857
73 0.316983571742 0.721992687788
74 0.738164117560 0.162907438818
75 0.833474918734 0.313504921738
76 0.985395737924 0.536448603030
77 0.005448614247 0.720264500007
78 0.951700318139 0.678612750489
79 0.975619638804 0.208031491376
80 0.715514740907 0.708572583273
81 0.963095646352 0.120478238445
82 0.225199474022 0.846429584548
83 0.642868496012 0.928702529520
84 0.436380141880 0.084890421480
85 0.864675726742 0.016654331703
86 0.220619471278 0.185646058060
87 0.560104171745 0.507251272444
88 0.115584970918 0.877087743487
89 0.229243960232 0.853749088943
90 0.039995182771 0.062718878966
91 0.167254010681 0.025390920695
92 0.599167481996 0.172702624928
93 0.745655420702 0.550867800135
94 0.851315375417 0.721275059506
95 0.758899291512 0.566830116790
96 0.429847642779 0.721994937863
97 0.687308355235 0.655047117267
98 0.568424522877 0.330176851712
99 0.583749646787 0.004804664757
100 0.415067273192 0.448425373528
101 0.021458996926 0.635686744936
102 0.634071431588 0.581563168671
103 0.142938017379 0.749656402972
104 0.458650912624 0.372181977611
105 0.603405491915 0.498646095395
106 0.434900857043 0.770659502596
107 0.524037016090 0.034068339039
108 0.943362127524 0.269692436792
109 0.584936139639 0.794677502941
110 0.990967496764 0.343835431151
111 0.361507619731 0.420815139543
112 0.065830369480 0.048815975431
113 0.075862256810 0.634254892357
114 0.378992827144 0.659611904062
115 0.639059557114 0.794060100336
116 0.108037277590 0.660518554039
117 0.429746845271 0.742108709645
118 0.242081723176 0.572684862651
119 0.491765112616 0.700732635800
120 0.944866840728 0.095170604531
121 0.199378731195 0.379767697770
122 0.865830107126 0.723415747285
123 0.413836036809 0.809192234650
124 0.993108184077 0.998772176448
125 0.603869737592 0.984075680841
126 0.342607608065 0.965377357788
127 0.404890820850 0.408437977545
128 0.014193333220 0.480753077660
129 0.042692869902 0.393186160363
130 0.140364981722 0.681752427015
131 0.187246260699 0.248402259778
132 0.342270981520 0.616993106436
133 0.990510969423 0.584352704696
134 0.189677969087 0.482276082039
135 0.285085340496 0.134544809815
136 0.577446686570 0.484464071691
137 0.514312507585 0.443276793696
138 0.207879818976 0.928148544859
139 0.252469028346 0.200988003053
140 0.926920721307 0.856338765938
141 0.185063684359 0.269528329372
142 0.821716123726 0.589954505209
143 0.677966306917 0.835909456946
144 0.070707582869 0.720659176819
145 0.229095617309 0.211072565056
146 0.402411604300 0.416341878474
147 0.459474824835 0.744682585821
148 0.033334984910 0.449985794257
149 0.329035290517 0.223012953997
150 0.932261876296 0.614120631013
151 0.357557764277 0.509708562866
152 0.098584702704 0.871870271862
153 0.952985356562 0.306464521680
154 0.800018816721 0.205454384908
155 0.507452524733 0.726939538494
156 0.061793150846 0.692516209092
157 0.996467867866 0.883509275038
158 0.282470714301 0.674434175249
159 0.719418731984 0.353178297635
160 0.395093352068 0.948514349759
161 0.564250862692 0.797504956368
162 0.364856228232 0.023725687526
163 0.542187542189 0.398191213142
164 0.473711481784 0.871222832706
165 0.621204167139 0.405973358080
166 0.485343463719 0.978761931416
167 0.915681920946 0.583928166423
168 0.850632203743 0.868667277507
169 0.890392688103 0.650651020464
170 0.074121662416 0.397845213301
171 0.377590558957 0.135914813261
172 0.090361422393 0.374058427289
173 0.019424088299 0.372832137160
174 0.048492602538 0.738842820749
175 0.726010434795 0.443585954607
176 0.687357170507 0.290261297487
177 0.241090911441 0.052213398740
178 0.313986985013 0.783278453629
179 0.450404611882 0.787698466796
180 0.654501286801 0.071608779021
181 0.193671824876 0.139844750520
182 0.050370710902 0.109353745822
183 0.723772917408 0.901002914645
184 0.978021023329 0.614165605512
185 0.551653935108 0.052142685745
186 0.012010818813 0.929244494531
187 0.188057499006 0.102372241672
188 0.303302921820 0.207481587771
189 0.475204378832 0.351795524359
190 0.946324408520 0.201214813627
191 0.795381478965 0.633681579027
192 0.491476111114 0.036472390406
193 0.685894977767 0.805463096127
194 0.819750844501 0.136299589649
195 0.593161562923 0.474252131302
196 0.207908368669 0.786833387800
197 0.614096881822 0.258279079571
198 0.896187133621 0.337869799230
199 0.159281994216 0.874208156951
200 0.952035405207 0.710935929790
201 0.926350842696 0.964046224020
202 0.640180424321 0.114408341702
203 0.066418465693 0.943483346142
204 0.321889929473 0.541622844525
205 0.295278870501 0.268214337993
206 0.742837658152 0.090660349466
207 0.901895917021 0.234313769266
208 0.127132740337 0.587790894788
209 0.039776865393 0.946883584838
210 0.724090484437 0.632938428316
211 0.421135716140 0.931998853572
212 0.419771816116 0.035232597962
213 0.190277933143 0.315958949737
214 0.373102397658 0.349559927825
215 0.190167106688 0.325137802865
216 0.060495857615 0.116517949384
217 0.289184026886 0.700676281936
218 0.230926291551 0.355602493044
219 0.644159628078 0.552816221025
220 0.897225337569 0.939438498579
221 0.821030559484 0.640062996186
222 0.030098848045 0.722926476505
223 0.874376765452 0.157231588382
224 0.310717371758 0.914153631311
