15
210
0.146200
0 0.129144459963 0.108624075539
1 0.400149074383 0.874969097320
2 0.544876746833 0.340509260073
3 0.990353155416 0.475687870290
4 0.814132845961 0.167472231202
5 0.805842598435 0.022629993036
6 0.349470539019 0.568744305521
7 0.540086172987 0.220696782228
8 0.418200146407 0.288901947439
9 0.176773284096 0.842340398580
10 0.050526571926 0.224232728127
11 0.586852057371 0.018056820612
12 0.366513920482 0.583170849830
13 0.045588223264 0.332079765853
14 0.294671839103 0.623611765914
15 0.216112650465 0.423816299532
16 0.732235841453 0.616261725314
17 0.298785396852 0.277112588286
18 0.956770985387 0.289138552267
19 0.752800458577 0.770903831813
20 0.456610783469 0.558643057477
21 0.793533824850 0.806081322487
22 0.127387362998 0.333619997837
23 0.026778104715 0.545587509405
24 0.622521945275 0.203551388811
25 0.387927907985 0.673048517201
26 0.427784116939 0.974779965822
27 0.691105337813 0.794298037421
28 0.557950815652 0.736693561543
29 0.126377803273 0.852622654755
30 0.360305327456 0.342490454204
31 0.276438954286 0.092541169375
32 0.958752179518 0.575224351138
33 0.369653757662 0.915523164906
34 0.864362903405 0.122454216704
35 0.686426996719 0.320973687340
36 0.681097274181 0.479960821569
37 0.127055009827 0.808484637178
38 0.813580819406 0.153833115008
39 0.354072146583 0.436102764681
40 0.357384503819 0.742000055034
41 0.109151281882 0.785168621223
42 0.716780020855 0.800256620161
43 0.579466658644 0.274730836507
44 0.536950181704 0.705844462384
45 0.127353491262 0.897255509160
46 0.048334916588 0.403792446014
47 0.989796678536 0.007087096106
48 0.979016797151 0.359450436663
49 0.922610261012 0.843379701022
50 0.481904653367 0.609037258197
51 0.164353388362 0.163001927547
52 0.088998079766 0.291408398189
53 0.971486564726 0.902578899637
54 0.445241513196 0.325558711309
55 0.338681664318 0.802626017481
56 0.067558766343 0.447832946666
57 0.587794638705 0.784338787198
58 0.248089566827 0.167261297349
59 0.059069623705 0.785039748531
60 0.873105759732 0.186423115432
61 0.682295257691 0.921440676320
62 0.590215561446 0.672091936693
63 0.928527772427 0.569232358597
64 0.031542373355 0.851138033904
65 0.412612059619 0.513447026722
66 0.460175292101 0.576965447981
67 0.676448954269 0.549173371866
68 0.868373846635 0.647935518995
69 0.451752271503 0.313615359832
70 0.973494230304 0.790433936287
71 0.116241377313 0.041052997112
72 0.238266882952 0.704036016017
73 0.825391784310 0.486356449779
74 0.871297313832 0.884461408481
75 0.271396198310 0.744403073564
76 0.070884523913 0.953691456001
77 0.665843750350 0.661100085359
78 0.625783392694 0.594371522777
79 0.230332443956 0.657325766049
80 0.445509556681 0.642944504041
81 0.170772792771 0.905684848782
82 0.219909952022 0.847221747041
83 0.454858221114 0.088283798657
84 0.495157266036 0.906610492617
85 0.401899158955 0.468651496805
86 0.697044428904 0.518140536267
87 0.509704493918 0.935311311856
88 0.222176552750 0.335096278228
89 0.421667761635 0.093473866582
90 0.219557686709 0.693063959945
91 0.837876940146 0.290442210622
92 0.646755416412 0.503720690496
93 0.951542295981 0.272538809106
94 0.098092213739 0.181874740403
95 0.929864575621 0.543601770420
96 0.824819244444 0.100637368392
97 0.449286619667 0.044729196467
98 0.947859115899 0.904144840781
99 0.133012995590 0.443016381934
100 0.810755333398 0.534912154544
101 0.911667878740 0.507799762767
102 0.053052690811 0.421372372657
103 0.443111074623 0.275229243562
104 0.756468651351 0.864778836723
105 0.368703110144 0.976026338059
106 0.557842796668 0.206580050755
107 0.266468549147 0.204598213080
108 0.710300741252 0.218010845128
109 0.477137022652 0.808392954990
110 0.399885585532 0.407001598272
111 0.351994725876 0.224704829976
112 0.507638966665 0.801281345543
113 0.269434026908 0.455498082563
114 0.705426186323 0.402447022498
115 0.898514464963 0.516181519721
116 0.937359177042 0.810182343703
117 0.023981282488 0.990411867853
118 0.231554716825 0.467092357576
119 0.265641111881 0.988023368176
120 0.331871194299 0.634344222024
121 0.964049706236 0.889713990968
122 0.840924272779 0.230518255383
123 0.094312204514 0.551225014497
124 0.448529100977 0.571449227165
125 0.359617969487 0.848414686508
126 0.978450825438 0.711612695362
127 0.073119516950 0.486089792103
128 0.512894040905 0.342553543858
129 0.941587875132 0.218320227228
130 0.745000566356 0.840102340095
131 0.734501747414 0.682359743398
132 0.650284683798 0.758483029902
133 0.672771611251 0.881839400623
134 0.225575387478 0.938412723131
135 0.869862768799 0.557446581777
136 0.572756945621 0.833912475500
137 0.447160573211 0.413681218401
138 0.064430730883 0.541472777724
139 0.964906232897 0.512959831860
140 0.112922004890 0.324524202850
141 0.361374518834 0.091372830328
142 0.036136898212 0.434494035784
143 0.577462622430 0.549030939583
144 0.777047579642 0.519050497562
145 0.767351166811 0.522048145998
146 0.359152837656 0.501852914225
147 0.204407889396 0.009437521920
148 0.260335944593 0.877179500647
149 0.891276922543 0.485911332071
150 0.815592224244 0.761139691807
151 0.043357914314 0.388349169865
152 0.595052167308 0.490518487524
153 0.802030388266 0.659482898191
154 0.031991265249 0.766936621629
155 0.172442730516 0.144913270138
156 0.091460824478 0.533817249350
157 0.236286100466 0.127597722691
158 0.968311285134 0.813748722896
159 0.676628662273 0.745358864777
160 0.332799220923 0.443979829550
161 0.267407010775 0.691952058580
162 0.945832743775 0.471814900171
163 0.701389580499 0.206168688368
164 0.348994400818 0.592666503508
165 0.692080020905 0.164586625062
166 0.353806195315 0.735437935218
167 0.552935794927 0.948858362623
168 0.225956422742 0.354966183659
169 0.608341260813 0.257947687991
170 0.121902805287 0.780783991329
171 0.402860958129 0.213363629766
172 0.314601240680 0.639147058595
173 0.340961352456 0.282912525814
174 0.452895781491 0.017590015195
175 0.028271390591 0.785695002414
176 0.461569844745 0.295678401366
177 0.477647061460 0.407402588520
178 0.767493301537 0.179036641959
179 0.613571277354 0.116487702820
180 0.771703145467 0.305651298258
181 0.281074327882 0.125509340782
182 0.041089233477 0.834010123275
183 0.074367703404 0.267045656219
184 0.188976306934 0.682708964683
185 0.524993344210 0.310879112221
186 0.463492956012 0.927854302339
187 0.524242741987 0.778094197158
188 0.567001360934 0.865204094443
189 0.061006722972 0.019897142425
190 0.882794109639 0.089278114028
191 0.805592145305 0.344363954384
192 0.384956515394 0.283239206765
193 0.751766543370 0.152449817397
194 0.462275848724 0.365337820724
195 0.268937520217 0.233978994656
196 0.670989118982 0.550011848100
197 0.359488335438 0.712078352459
198 0.384021971375 0.433856039308
199 0.979124008678 0.572998278309
200 0.116565003991 0.504117352888
201 0.883877390530 0.580057960004
202 0.431971655227 0.408120132517
203 0.358152157161 0.998973016161
204 0.273324227426 0.419158880599
205 0.018870158587 0.156118337065
206 0.508436994627 0.824462303892
207 0.500482291915 0.893393510021
208 0.107701510657 0.252248835284
209 0.045843327418 0.569977359846
210 0.617586656008 0.314780847635
211 0.803956354503 0.288575774990
212 0.864792696200 0.163444689941
213 0.000654127449 0.248814667575
214 0.597300729249 0.979778136127
215 0.821812946349 0.713865733240
216 0.483895489015 0.705690336879
217 0.293923693709 0.915867144242
218 0.113810469862 0.652075850870
219 0.914840160403 0.387134697288
220 0.071234731469 0.933710318990
221 0.543253034353 0.579671726096
222 0.758172623347 0.043735326268
223 0.473065236583 0.865874134004
224 0.295984161552 0.518908564001
