7
42
0.341200
0 0.214921060018 0.231882543303
1 0.933436044957 0.101419878658
2 0.808360175230 0.288517693989
3 0.699463847559 0.866167369299
4 0.431354436092 0.107128607575
5 0.321665211581 0.681054200511
6 0.857627969701 0.505422421731
7 0.999409756623 0.380911423359
8 0.499428930227 0.944866612088
9 0.166374225169 0.204170754645
10 0.150281983893 0.650336565915
11 0.102615615819 0.829612879548
12 0.691700783558 0.408441307489
13 0.475753264036 0.581473670434
14 0.497748002410 0.837517109700
15 0.934833650012 0.712669062428
16 0.069399653003 0.868269694969
17 0.814088941552 0.877759828698
18 0.156787388958 0.513552789111
19 0.743927197997 0.588141825050
20 0.620681397151 0.065592409577
21 0.269196025562 0.478309366852
22 0.571014831308 0.268605782185
23 0.859220790211 0.070443762001
24 0.213472394738 0.025595015846
25 0.274614516646 0.363754378632
26 0.675931581762 0.377230132930
27 0.193367258646 0.367632365786
28 0.785671440419 0.669120522682
29 0.949106036220 0.283419442829
30 0.506637632381 0.883939686231
31 0.996088505723 0.576037285849
32 0.752209381666 0.810177447274
33 0.453797114547 0.908996770624
34 0.323730236385 0.197724312544
35 0.497138596140 0.944411633536
36 0.263316722587 0.766334621701
37 0.422721000388 0.834331553895
38 0.034940404352 0.281941791065
39 0.904775315896 0.248412799090
40 0.307536806911 0.179389833007
41 0.612167177722 0.983468388673
42 0.556619965937 0.805534436367
43 0.351100754458 0.342291406356
44 0.474654959515 0.300206791144
45 0.625710849650 0.981292591896
46 0.184146477375 0.621799355373
47 0.557329877745 0.936355859041
48 0.431976802647 0.011126992293
