20
180
0.180000
0 0.950100004673 0.231099992990
1 0.606800019741 0.486000001431
2 0.891300022602 0.762099981308
3 0.456499993801 0.018500000238
4 0.821399986744 0.444700002670
5 0.615400016308 0.791899979115
6 0.921800017357 0.738200008869
7 0.176300004125 0.405699998140
8 0.935500025749 0.916899979115
9 0.410299986601 0.893599987030
10 0.057900000364 0.352899998426
11 0.813199996948 0.009899999946
12 0.138899996877 0.202800005674
13 0.198699995875 0.603799998760
14 0.272199988365 0.198799997568
15 0.465999990702 0.418599992990
16 0.846199989319 0.525200009346
17 0.049800001085 0.078400000930
18 0.064800001681 0.988300025463
19 0.015300000086 0.746800005436
20 0.202600002289 0.672100007534
21 0.445100009441 0.931800007820
22 0.838100016117 0.019600000232
23 0.681299984455 0.379500001669
24 0.831799983978 0.502799987793
25 0.709500014782 0.428900003433
26 0.304600000381 0.189700007439
27 0.193399995565 0.682200014591
28 0.302799999714 0.541700005531
29 0.150900006294 0.697899997234
30 0.378399997950 0.860000014305
31 0.853699982166 0.593599975109
32 0.496600002050 0.899800002575
33 0.821600019932 0.644900023937
34 0.818000018597 0.660199999809
35 0.342000007629 0.289700001478
36 0.341199994087 0.534099996090
37 0.727100014687 0.309300005436
38 0.838500022888 0.568099975586
39 0.370400011539 0.702700018883
40 0.546599984169 0.444900006056
41 0.694599986076 0.621299982071
42 0.794799983501 0.956799983978
43 0.522599995136 0.880100011826
44 0.172999992967 0.979700028896
45 0.271400004625 0.252299994230
46 0.875699996948 0.737299978733
47 0.136500000954 0.011800000444
48 0.893899977207 0.199100002646
49 0.298700004816 0.661400020123
50 0.284399986267 0.469199985266
51 0.582799971104 0.423500001431
52 0.515500009060 0.333999991417
53 0.432900011539 0.225899994373
54 0.579800009727 0.760399997234
55 0.529799997807 0.640500009060
56 0.209099993110 0.379799991846
57 0.783299982548 0.680800020695
58 0.461100012064 0.567799985409
59 0.794200003147 0.059200000018
60 0.602900028229 0.050299998373
61 0.415399998426 0.305000007153
62 0.874400019646 0.014999999665
63 0.768000006676 0.970799982548
64 0.990100026131 0.788900017738
65 0.438699990511 0.498299986124
66 0.214000001550 0.643499970436
67 0.319999992847 0.960099995136
68 0.726599991322 0.412000000477
69 0.744599997997 0.267899990082
70 0.439900010824 0.933399975300
71 0.683300018311 0.212599992752
72 0.839200019836 0.628799974918
73 0.133799999952 0.207100003958
74 0.607200026512 0.629899978638
75 0.370499998331 0.575100004673
76 0.451400011778 0.043900001794
77 0.027200000361 0.312700003386
78 0.012900000438 0.384000003338
79 0.683099985123 0.092799998820
80 0.035300001502 0.612399995327
81 0.608500003815 0.015799999237
82 0.016400000080 0.190099999309
83 0.586899995804 0.057599999011
84 0.367599993944 0.631500005722
85 0.717599987984 0.692700028419
86 0.084100000560 0.454400002956
87 0.441799998283 0.353300005198
88 0.153600007296 0.675599992275
89 0.699199974537 0.727500021458
90 0.478399991989 0.554799973965
91 0.120999999344 0.450800001621
92 0.715900003910 0.892799973488
93 0.273099988699 0.254799991846
94 0.865599989891 0.232400000095
95 0.804899990559 0.908399999142
96 0.231900006533 0.239299997687
97 0.640799999237 0.190899997950
98 0.843900024891 0.173899993300
99 0.170800000429 0.994300007820
100 0.439799994230 0.340000003576
101 0.314200013876 0.365099996328
102 0.393200010061 0.591499984264
103 0.119699999690 0.038100000471
104 0.458600014448 0.869899988174
105 0.934199988842 0.264400005341
106 0.160300001502 0.872900009155
107 0.237900003791 0.645799994469
108 0.966899991035 0.664900004864
109 0.870400011539 0.009899999946
110 0.136999994516 0.818799972534
111 0.430200010538 0.890299975872
112 0.734899997711 0.687300026417
113 0.346100002527 0.165999993682
114 0.155599996448 0.191100001335
115 0.422500014305 0.856000006199
116 0.490200012922 0.815900027752
117 0.460799992085 0.457399994135
118 0.450700014830 0.412200003862
119 0.901600003242 0.005599999800
120 0.297399997711 0.049199998379
121 0.693199992180 0.650099992752
122 0.982999980450 0.552699983120
123 0.400099992752 0.198799997568
124 0.625199973583 0.733399987221
125 0.375900000334 0.009899999946
126 0.419900000095 0.753700017929
127 0.793900012970 0.920000016689
128 0.844699978828 0.367799997330
129 0.620800018311 0.731299996376
130 0.193900004029 0.904799997807
131 0.569199979305 0.631799995899
132 0.234400004148 0.548799991608
133 0.931599974632 0.335200011730
134 0.655499994755 0.391900002956
135 0.627300024033 0.699100017548
136 0.397199988365 0.413599997759
137 0.655200004578 0.837599992752
138 0.371600002050 0.425300002098
139 0.594699978828 0.565699994564
140 0.716499984264 0.511300027370
141 0.776400029659 0.489300012589
142 0.185900002718 0.700600028038
143 0.982699990273 0.806599974632
144 0.703599989414 0.485000014305
145 0.114600002766 0.664900004864
146 0.365399986506 0.140000000596
147 0.566799998283 0.823000013828
148 0.673900008202 0.999400019646
149 0.961600005627 0.058899998665
150 0.360300004482 0.548500001431
151 0.261799991131 0.597299993038
152 0.049300000072 0.571099996567
153 0.700900018215 0.962300002575
154 0.750500023365 0.740000009537
155 0.431899994612 0.634299993515
156 0.802999973297 0.083899997175
157 0.945500016212 0.915899991989
158 0.601999998093 0.253600001335
159 0.873499989510 0.513400018215
160 0.732699990273 0.422199994326
161 0.961399972439 0.072099998593
162 0.553399980068 0.291999995708
163 0.857999980450 0.335799992085
164 0.680199980736 0.053399998695
165 0.356700003147 0.498299986124
166 0.434399992228 0.562500000000
167 0.616599977016 0.113300003111
168 0.898299992085 0.754599988461
169 0.791100025177 0.814999997616
170 0.670000016689 0.200900003314
171 0.273099988699 0.626200020313
172 0.536899983883 0.059500001371
173 0.089000001550 0.271299988031
174 0.409099996090 0.474000006914
175 0.908999979496 0.596199989319
176 0.328999996185 0.478199988604
177 0.597199976444 0.161400005221
178 0.829500019550 0.956099987030
179 0.595499992371 0.028699999675
180 0.812099993229 0.610099971294
181 0.701499998569 0.092200003564
182 0.424899995327 0.375600010157
183 0.166199997067 0.833199977875
184 0.838599979877 0.451599985361
185 0.956600010395 0.147200003266
186 0.869899988174 0.769400000572
187 0.444200009108 0.620599985123
188 0.951699972153 0.639999985695
189 0.247299998999 0.352699995041
190 0.187900006771 0.490599989891
191 0.409299999475 0.463499993086
192 0.610899984837 0.071199998260
193 0.314300000668 0.608399987221
194 0.174999997020 0.620999991894
195 0.246000006795 0.587400019169
196 0.506099998951 0.464800000191
197 0.541400015354 0.942300021648
198 0.341800004244 0.401800006628
199 0.307700008154 0.411599993706
