100
900
0.060000
0 0.873941508122 0.930681516416
1 0.611694699153 0.809526228812
2 0.077898081392 0.981513163541
3 0.947850279044 0.788988069631
4 0.188691590913 0.285248948727
5 0.161055772565 0.232058901805
6 0.891984041315 0.088246285450
7 0.553739468567 0.288185582962
8 0.596574739553 0.067045653705
9 0.457468412351 0.615816389676
10 0.572182612494 0.294251759071
11 0.815723500680 0.531239586882
12 0.125638638623 0.171347266063
13 0.421539951116 0.848598646931
14 0.092953453306 0.296087000053
15 0.753821257502 0.966894961428
16 0.226768516470 0.365515957121
17 0.776421190239 0.304666597862
18 0.347029120661 0.724271469750
19 0.093654667959 0.535720711574
20 0.009520418476 0.254710440524
21 0.767779613379 0.901504459791
22 0.342956725974 0.321519081946
23 0.189690042753 0.939531465527
24 0.388564735651 0.647158455104
25 0.555347855669 0.960747348145
26 0.941410214175 0.371071356349
27 0.491986935027 0.067048852798
28 0.542418622412 0.913526886608
29 0.915647500195 0.635372075718
30 0.209613886662 0.669468757696
31 0.602267037146 0.436382403132
32 0.034984714817 0.378688227851
33 0.741049001459 0.382013835479
34 0.102959697600 0.834703669418
35 0.917734547518 0.112480116077
36 0.089414109942 0.685514160898
37 0.013984575868 0.432370835915
38 0.007033243310 0.203674619086
39 0.371902301442 0.395597978961
40 0.850833074190 0.927250157110
41 0.356345327571 0.792243288830
42 0.298321513459 0.848332262598
43 0.859292141628 0.840740135871
44 0.761859149206 0.774939641822
45 0.476112211589 0.971473035868
46 0.444408399984 0.078379249200
47 0.407855439465 0.479393114801
48 0.457067477051 0.148904440925
49 0.861406950746 0.560027174652
50 0.983608110342 0.779141498264
51 0.672507290728 0.073022220284
52 0.464655659162 0.686491866596
53 0.505393056199 0.471688902471
54 0.890166485682 0.877295357641
55 0.867286881898 0.740999560338
56 0.804545515217 0.223632209469
57 0.533242849167 0.102867028676
58 0.071964472067 0.392534990795
59 0.943607165013 0.833823621739
60 0.167474633083 0.419719376601
61 0.805296657607 0.611883033067
62 0.498098625802 0.213152097072
63 0.091276147868 0.955166102853
64 0.362056537997 0.952683098614
65 0.515193277504 0.345664648339
66 0.731824596878 0.187700568233
67 0.418686868623 0.196480256505
68 0.874192435294 0.924079924822
69 0.668169158977 0.764358920977
70 0.801375282928 0.535456040874
71 0.505358481314 0.605920798145
72 0.759088250343 0.038601330481
73 0.708787826821 0.831052722875
74 0.431136321742 0.652394991834
75 0.664876344614 0.598610954825
76 0.072114368901 0.470173002221
77 0.210493987892 0.570212994702
78 0.683325099759 0.301770135760
79 0.525379098020 0.045381637756
80 0.254453234840 0.040572375525
81 0.391046286561 0.986277831718
82 0.228272944223 0.809733155183
83 0.182758088224 0.102465379518
84 0.733813080471 0.850927247666
85 0.866824300494 0.535188363399
86 0.386383288540 0.372182782274
87 0.141109161545 0.145471539348
88 0.410784112755 0.849896988366
89 0.976524262223 0.841920434497
90 0.502291980665 0.641400606837
91 0.440531389322 0.574406349566
92 0.111573609058 0.651025377214
93 0.144619344268 0.794898708817
94 0.952795513440 0.669998442288
95 0.840280347038 0.207248748280
96 0.710570818279 0.231326633599
97 0.193526579998 0.938843762502
98 0.041059788782 0.376284668688
99 0.041309142020 0.774872869253
100 0.227211916354 0.908133442514
101 0.310061232653 0.613595204893
102 0.280316224787 0.451170394197
103 0.759066744242 0.691100338008
104 0.301067383029 0.735591006465
105 0.533020772506 0.803359363694
106 0.376991613302 0.973552162293
107 0.377765713260 0.488565222826
108 0.624577539507 0.522385057528
109 0.283463931642 0.577373052947
110 0.192383500282 0.123744278681
111 0.784621801227 0.902954318561
112 0.355070912279 0.978148381691
113 0.841798081063 0.396130701527
114 0.354433050379 0.883107223082
115 0.171003570780 0.581644966733
116 0.791240665596 0.481064803898
117 0.195240171626 0.071556890849
118 0.932235198095 0.954306916334
119 0.762657228857 0.233302581124
120 0.689897922799 0.295678001363
121 0.036661944818 0.066889536567
122 0.269230163656 0.414427658077
123 0.555454759393 0.893807703629
124 0.936812716071 0.838918691035
125 0.471180756576 0.129196216352
126 0.962662970182 0.255802558269
127 0.032150534913 0.317733882461
128 0.233950939961 0.873948615976
129 0.713864583988 0.588383990340
130 0.757055839058 0.884868155234
131 0.170028957073 0.548296504654
132 0.365932959132 0.365269128699
133 0.619853395503 0.298168157227
134 0.319576045033 0.382510624360
135 0.531470738817 0.009473968297
136 0.678188626189 0.568132683635
137 0.076363504864 0.947418789845
138 0.982560342178 0.631818264257
139 0.841226493474 0.919373058248
140 0.470736955293 0.312407250516
141 0.048569274601 0.433399925474
142 0.568209808785 0.080719809514
143 0.751133808400 0.802160748746
144 0.954668425489 0.464998392388
145 0.390544739086 0.711724264547
146 0.349866547622 0.560573696159
147 0.260020769201 0.715799506754
148 0.925842824858 0.879874165170
149 0.013967664447 0.245418870356
150 0.262384789530 0.545438403264
151 0.254892838653 0.940573415719
152 0.113571086898 0.331256343517
153 0.887992206030 0.096131429076
154 0.963074607775 0.729218699504
155 0.015504487325 0.433811563067
156 0.041625950020 0.064073761925
157 0.867211489007 0.609835758805
158 0.144793571439 0.618345297407
159 0.411996507552 0.099461996928
160 0.083343689796 0.802541246638
161 0.811186261475 0.433210237883
162 0.363114942797 0.071207031142
163 0.149009744637 0.288957768120
164 0.951081196312 0.162977409083
165 0.534376638476 0.213465985842
166 0.708415812347 0.789269477129
167 0.154039402027 0.821986899711
168 0.120525820646 0.042031608056
169 0.918118328787 0.083600428421
170 0.771250307560 0.933622816578
171 0.517411991488 0.812876258045
172 0.997696578503 0.384623480495
173 0.422712016851 0.142490150407
174 0.002968777902 0.834708524868
175 0.241952147335 0.086312468164
176 0.637249771506 0.053138409276
177 0.519522706047 0.000364714768
178 0.124345440418 0.668532450683
179 0.289322482888 0.075426636729
180 0.831509860232 0.823699121363
181 0.288892622571 0.539925672580
182 0.612968598492 0.442932024598
183 0.361912572291 0.733494419139
184 0.484963632654 0.280030901544
185 0.817094847560 0.256213940680
186 0.213653718121 0.334506839048
187 0.069090198725 0.211350296624
188 0.719130320009 0.491802215576
189 0.353840447031 0.722099097911
190 0.326510740444 0.595792594831
191 0.808411566075 0.963760512415
192 0.648931004107 0.327934272122
193 0.964125227183 0.773276444525
194 0.996466723271 0.253447710071
195 0.848703081254 0.827976583503
196 0.077146831434 0.137595703825
197 0.367902256083 0.690115429927
198 0.580527728889 0.729814828839
199 0.423609849066 0.065491361544
200 0.009845730383 0.240704696625
201 0.321705302224 0.223499448504
202 0.575211535674 0.390795500949
203 0.434849745128 0.294341855682
204 0.882597716991 0.788690192625
205 0.016440954059 0.209108457435
206 0.384482787456 0.824852520134
207 0.172868969850 0.033413791563
208 0.152786792722 0.136994197033
209 0.806690236088 0.149253515992
210 0.390441907104 0.655393317342
211 0.977230099496 0.467588738538
212 0.792989021167 0.345132355578
213 0.157704168465 0.373516750056
214 0.074947184417 0.581314017531
215 0.439008112065 0.084792914800
216 0.822018714156 0.760713414289
217 0.308292363305 0.397230250295
218 0.151508915704 0.743142108899
219 0.691572105978 0.034106632695
220 0.531832301524 0.708013060037
221 0.243215090130 0.916315088980
222 0.532865580637 0.416084060445
223 0.949728880543 0.685652373359
224 0.553078257479 0.756419116631
225 0.834905889351 0.943520165049
226 0.411812433973 0.812135988846
227 0.411108903587 0.204801455140
228 0.157268344425 0.568813072518
229 0.578318205662 0.232215529308
230 0.150127090048 0.017326317728
231 0.317008444108 0.972145804670
232 0.778039732017 0.625300807878
233 0.369376054965 0.929548647720
234 0.368442916777 0.060948160943
235 0.963655280415 0.900275218301
236 0.768961221445 0.206870371010
237 0.816590307280 0.301826802082
238 0.622954431456 0.766319187824
239 0.987479175441 0.176032688934
240 0.522738304455 0.822385064792
241 0.119552853983 0.934550738428
242 0.634521053638 0.530661758035
243 0.139352193568 0.791789398063
244 0.099474830553 0.717670399230
245 0.024004927371 0.249601920601
246 0.734996716958 0.341013371944
247 0.221747725271 0.513036449440
248 0.966314179823 0.591123780236
249 0.442585097160 0.334757096600
250 0.652071941644 0.406240378041
251 0.235032314900 0.421033163089
252 0.613110749051 0.051622622181
253 0.722859965172 0.236065180507
254 0.817941810004 0.710339140613
255 0.412097869441 0.340680114459
256 0.532724205405 0.531650723889
257 0.275230852887 0.167245259043
258 0.062312481925 0.414583046455
259 0.959034657106 0.161787312478
260 0.132253446151 0.983039584942
261 0.411389233079 0.867250163108
262 0.324052956887 0.633136958815
263 0.380286612548 0.290367136709
264 0.224260739051 0.822871710174
265 0.625124233309 0.876332680695
266 0.229112088215 0.860156548209
267 0.297365843784 0.842222837266
268 0.911779170390 0.020225808956
269 0.078288017772 0.729720980395
270 0.730564949568 0.490385887213
271 0.070401094854 0.263289154973
272 0.022036611103 0.345631947741
273 0.430534414016 0.084349093027
274 0.760214994196 0.389569071587
275 0.246136405505 0.892468440346
276 0.372608656529 0.657525639050
277 0.759718603920 0.696661613416
278 0.290662597865 0.140005216468
279 0.987028750125 0.514923336916
280 0.962876926642 0.612152983434
281 0.391256018076 0.191989014857
282 0.472309531644 0.688621861860
283 0.034211852122 0.384088702034
284 0.708847671282 0.112499869894
285 0.113809682429 0.439412620850
286 0.602885757573 0.184210777283
287 0.702701776288 0.624922368675
288 0.529842725024 0.133236190304
289 0.709271462169 0.290057719219
290 0.522805261891 0.955407867674
291 0.182526160032 0.895413918421
292 0.612933506723 0.942244763952
293 0.592075531837 0.903596104588
294 0.082249980420 0.579104281962
295 0.418519441970 0.045126907527
296 0.191257265396 0.809775460046
297 0.237115922384 0.663566797040
298 0.498397321906 0.271327774972
299 0.047655499075 0.207244993187
300 0.383827644866 0.161465181503
301 0.646657614503 0.986713402439
302 0.345675958786 0.349359390792
303 0.611635771580 0.875518683810
304 0.482595581096 0.320907233749
305 0.165576403495 0.005400843453
306 0.276315101422 0.348102563526
307 0.900814761873 0.889248608612
308 0.290347327478 0.492890294176
309 0.792844713200 0.372597307898
310 0.071994576138 0.211364155170
311 0.417724215426 0.263251842000
312 0.021139615215 0.654840138275
313 0.926818639040 0.519536937587
314 0.926167913247 0.974474138580
315 0.726781930774 0.309995558113
316 0.135939320084 0.373439545278
317 0.296708961017 0.481615279336
318 0.722798936069 0.908344732597
319 0.357133963145 0.205394517630
320 0.229251966346 0.522710366640
321 0.210795361083 0.505567067768
322 0.870812930167 0.111610122956
323 0.394815676380 0.161160257645
324 0.604500417132 0.187660390045
325 0.533757566009 0.676494993735
326 0.399024545215 0.951481781434
327 0.939746835735 0.420164160896
328 0.606321919709 0.866565474775
329 0.939701098483 0.532489832956
330 0.841039613355 0.666483029258
331 0.842485391535 0.976978933904
332 0.039922575001 0.139194352552
333 0.458594213240 0.762721511070
334 0.047539085150 0.815728176385
335 0.968116028700 0.276791051496
336 0.338438543491 0.178911389783
337 0.782358119264 0.209251473658
338 0.290521513205 0.177173796110
339 0.370411731768 0.895021930337
340 0.364834186155 0.904169297777
341 0.571516924072 0.763858731370
342 0.855651079211 0.511263759807
343 0.184022892267 0.461972999386
344 0.377829235047 0.123723990750
345 0.994462832343 0.218868848402
346 0.790207020473 0.836948223878
347 0.195847782306 0.830129595473
348 0.976142576430 0.654441995546
349 0.592851106543 0.023681661580
350 0.470170172397 0.560967135709
351 0.300472713076 0.808608715888
352 0.739878525492 0.082830832805
353 0.017860189546 0.030400038697
354 0.260004628915 0.388271921314
355 0.925421969499 0.624838815071
356 0.292441219091 0.496938893571
357 0.388697546441 0.148092298768
358 0.008202653844 0.572720439173
359 0.610065298155 0.386031888891
360 0.696444429923 0.604528130498
361 0.604900737293 0.486651450396
362 0.441476354841 0.800748520065
363 0.316781045869 0.417618931271
364 0.455190515611 0.909632152878
365 0.441300593317 0.925360688008
366 0.470599288587 0.741773306392
367 0.733969403896 0.210477814078
368 0.824604139198 0.751829593908
369 0.240877853241 0.084608768113
370 0.140101515222 0.166299822740
371 0.709447583184 0.432542734779
372 0.663238716312 0.098145130090
373 0.580635033548 0.671441370156
374 0.670865569264 0.190700331703
375 0.057473259047 0.367309999187
376 0.795228462201 0.662373996805
377 0.853961450048 0.236704817042
378 0.463122516870 0.170742495917
379 0.654323748779 0.918313032482
380 0.080374648795 0.095624342095
381 0.843673720956 0.550973937381
382 0.837397648487 0.577643124852
383 0.761451751925 0.662001788151
384 0.329472718760 0.002329605166
385 0.746610556263 0.469574234448
386 0.168629427906 0.456058139913
387 0.902116969228 0.831868144218
388 0.554203270003 0.482752002776
389 0.503309514839 0.225068839267
390 0.673452334478 0.560782773886
391 0.592378838453 0.468680796679
392 0.223156770691 0.446340288501
393 0.705385614187 0.686279287562
394 0.617082784884 0.359709362965
395 0.604592320509 0.697457433678
396 0.455333705060 0.448266041465
397 0.248431371525 0.292731353547
398 0.025909166317 0.009883123450
399 0.954733141698 0.355381885543
400 0.012212728616 0.701343698427
401 0.824956119992 0.180842156522
402 0.157401838340 0.727073089220
403 0.012710300740 0.711605108343
404 0.209825091995 0.516019815579
405 0.936673947610 0.883277426474
406 0.076802589931 0.529052786063
407 0.351958223153 0.299959360622
408 0.975393075030 0.057343837339
409 0.986238648649 0.592475859914
410 0.417053200305 0.590830969159
411 0.289933293592 0.872386905365
412 0.039097010624 0.538364665117
413 0.165118259378 0.065006176941
414 0.548247788567 0.119851401076
415 0.420388062485 0.560460517183
416 0.821195099503 0.245344182476
417 0.741302673705 0.978596937843
418 0.972417271696 0.754012974910
419 0.690202046186 0.182242363691
420 0.270032790489 0.626875993796
421 0.065519790165 0.346835380420
422 0.155928780325 0.417478013784
423 0.646794741508 0.131321855355
424 0.474821851123 0.633033390157
425 0.723797715269 0.891875051893
426 0.223864359315 0.013731008861
427 0.764261957258 0.262961369939
428 0.552095674444 0.929380216636
429 0.327967546880 0.100343463011
430 0.049231618177 0.748355609830
431 0.660803980660 0.870426717680
432 0.993699792307 0.402106654365
433 0.849023655988 0.966117064469
434 0.156119629275 0.539225702174
435 0.148359428160 0.426152420230
436 0.166101696435 0.213879218791
437 0.772987800650 0.322030476760
438 0.631357232574 0.419782542158
439 0.453352332115 0.106179083697
440 0.052815932315 0.177150047384
441 0.998054135591 0.276680291630
442 0.190881056245 0.762316093314
443 0.539641661569 0.742976730689
444 0.691696309950 0.867609208915
445 0.843320194166 0.740927928127
446 0.615964818746 0.504124174826
447 0.611354646273 0.609664611053
448 0.906230829190 0.460378302261
449 0.575781675521 0.062350458931
450 0.999604004435 0.724141104147
451 0.488502879161 0.165705700871
452 0.938020322938 0.261490679812
453 0.487736177631 0.569377555512
454 0.681273222435 0.941088509746
455 0.675556639209 0.734089154750
456 0.118238557130 0.673610775266
457 0.010769446846 0.309119613841
458 0.435926868580 0.550411108416
459 0.052096344531 0.127623178530
460 0.418020317331 0.895416538697
461 0.868551107123 0.033985136077
462 0.399540713523 0.479905753396
463 0.643649747595 0.305771543179
464 0.940284055658 0.219431423116
465 0.368122002110 0.939888060093
466 0.943572527263 0.856624881271
467 0.105593761429 0.881592850201
468 0.118115561083 0.593329939060
469 0.450970405713 0.799388783518
470 0.534418449271 0.126527045388
471 0.533477938734 0.652657006402
472 0.800137820654 0.544247385580
473 0.961776620243 0.236064689234
474 0.094658493996 0.013872965239
475 0.363687867764 0.512678811792
476 0.909289503936 0.232238974888
477 0.546663947869 0.308830217924
478 0.712144728284 0.190313695464
479 0.614601761103 0.652428783942
480 0.409745119046 0.982723763213
481 0.592316844501 0.353317646310
482 0.839348644484 0.697910605930
483 0.234910496976 0.957464205567
484 0.291240544990 0.685880902689
485 0.756852989551 0.825658994261
486 0.812407948077 0.290330928285
487 0.478316001128 0.612545768730
488 0.834578313865 0.440092621371
489 0.848610457964 0.929236807860
490 0.453965586610 0.212298326194
491 0.441915619653 0.363255091012
492 0.444537301082 0.988579567987
493 0.672085308935 0.156682029832
494 0.178893263452 0.286687070038
495 0.809110813774 0.588638382498
496 0.269410833251 0.401427658275
497 0.941956029274 0.108759477735
498 0.099338264205 0.176866526250
499 0.066223683301 0.390578809660
500 0.862747428939 0.823076672852
501 0.216237803921 0.675155377481
502 0.113407601137 0.694553805050
503 0.287701146211 0.947985915001
504 0.134646426886 0.136311604641
505 0.877222723328 0.588612013496
506 0.348609930836 0.319138342980
507 0.951867104508 0.793147231918
508 0.307717910968 0.623952413443
509 0.949829261750 0.486611174885
510 0.910639483482 0.758940075990
511 0.075249557383 0.180050316732
512 0.160367734265 0.017205586657
513 0.288809794467 0.259705998935
514 0.194072112907 0.355033478234
515 0.650284808595 0.056819542311
516 0.178110151086 0.866522612516
517 0.731974919792 0.291517752688
518 0.561076418031 0.019676066004
519 0.239503667690 0.695722844917
520 0.155987670645 0.116726391017
521 0.284334858414 0.504597601481
522 0.435864734463 0.236201963387
523 0.297744833864 0.743582645431
524 0.860154376831 0.247574095614
525 0.230193820316 0.770793860778
526 0.006514171604 0.305443378165
527 0.950844177511 0.166881906334
528 0.322648964822 0.239653972443
529 0.426587905269 0.516721078195
530 0.594687450677 0.076872713864
531 0.573540620506 0.772797601763
532 0.943395326380 0.305515540298
533 0.064315354452 0.504471744411
534 0.325191606302 0.303819022607
535 0.200194589328 0.481179277413
536 0.420545413624 0.484529448207
537 0.985776878893 0.856410148088
538 0.720731411595 0.283521712758
539 0.599992793985 0.580885788426
540 0.531095808838 0.830186614301
541 0.351679649204 0.537609980442
542 0.135629992466 0.302523827180
543 0.704491886776 0.458278957754
544 0.542177799623 0.131079792045
545 0.975000035949 0.136865250301
546 0.207952505909 0.548540656455
547 0.909662852064 0.151347832754
548 0.854056196753 0.973978206981
549 0.655819577165 0.179247803055
550 0.277797229588 0.856014166959
551 0.660427080467 0.698342643213
552 0.340543615166 0.646203959826
553 0.554752791766 0.061275026761
554 0.929725672584 0.154745585751
555 0.642160815187 0.460821481422
556 0.984932200052 0.993840464856
557 0.998431462329 0.120562192984
558 0.296364292037 0.702923349105
559 0.578841150738 0.838542091660
560 0.834003141616 0.553841186687
561 0.975407341961 0.041955647524
562 0.102381843142 0.885070194025
563 0.193303480279 0.956438039895
564 0.859048401006 0.849123057909
565 0.135685842950 0.136845630594
566 0.705137224868 0.796112923883
567 0.835188274272 0.045680840034
568 0.442316883709 0.389941066038
569 0.106955866795 0.372042556293
570 0.544686651789 0.749116681982
571 0.832864038181 0.529618851840
572 0.742957146838 0.831295500509
573 0.650181044824 0.039321438875
574 0.534218849614 0.229022195563
575 0.877863530535 0.368221991230
576 0.782863382250 0.853270872496
577 0.410177639220 0.885245225392
578 0.738341066986 0.603481119499
579 0.841683265287 0.597389467992
580 0.452604177408 0.977369108703
581 0.734235099051 0.157741402276
582 0.773482032586 0.569423373323
583 0.203422242310 0.215798916295
584 0.959364439361 0.310378109105
585 0.587841472588 0.504051091149
586 0.059494791552 0.420705510769
587 0.033669942990 0.802451938391
588 0.252001011278 0.683850988280
589 0.841773377731 0.786219861358
590 0.912873183843 0.719636908267
591 0.154441852588 0.695736566558
592 0.572907781228 0.564619491808
593 0.580981791951 0.311248848215
594 0.168100611772 0.422665057704
595 0.908638316207 0.620704789180
596 0.400034166407 0.642873415258
597 0.778446191922 0.173516198993
598 0.212296788581 0.981868434232
599 0.389315115288 0.171661227942
600 0.292246543802 0.977156587876
601 0.675712319091 0.351741335355
602 0.397862099111 0.709382262547
603 0.154193273745 0.649863110390
604 0.393233250827 0.995966651477
605 0.436082971748 0.306106434669
606 0.715603560209 0.590524824802
607 0.001843001228 0.288511341438
608 0.155144316610 0.582824793644
609 0.599760189652 0.323244928382
610 0.005489851348 0.508398505859
611 0.943949718028 0.405524017755
612 0.151271921583 0.722395909950
613 0.579040216748 0.363568710163
614 0.704264344182 0.968355332036
615 0.535229938570 0.996510887984
616 0.945511919912 0.210942257661
617 0.348252223339 0.343374019023
618 0.920324520208 0.502445497550
619 0.993237129878 0.313557771035
620 0.498412149027 0.429320101626
621 0.619664206170 0.214015709236
622 0.019844926428 0.621507207397
623 0.502527050674 0.174989243504
624 0.204332001042 0.102287240326
625 0.498234171886 0.209821852390
626 0.610685746651 0.442183889914
627 0.615345870145 0.761957668234
628 0.164579799864 0.194386086892
629 0.125526378397 0.868844144512
630 0.162741418928 0.660756316967
631 0.865355032496 0.108253339306
632 0.871698575094 0.213607256301
633 0.451627358329 0.792023095302
634 0.716052753851 0.444864488207
635 0.105580866802 0.214464902878
636 0.874184590299 0.725245072972
637 0.428480612580 0.894029516727
638 0.346752280369 0.931007663254
639 0.069018760230 0.551084281877
640 0.033294904046 0.567252932582
641 0.760906134266 0.643980650697
642 0.009436822496 0.376252004877
643 0.405938318931 0.174016622826
644 0.570638091769 0.531464697327
645 0.042860767338 0.733379511163
646 0.192221014760 0.908215799835
647 0.841632850468 0.063919589855
648 0.121823056135 0.293260208797
649 0.855942685157 0.837875809986
650 0.738124697469 0.961523551960
651 0.052340713330 0.612309287768
652 0.686768624932 0.480821325909
653 0.506338804495 0.033520905767
654 0.411828989163 0.575357565191
655 0.584605187643 0.445123893209
656 0.142610497773 0.345511321910
657 0.089104543906 0.152047320269
658 0.721763326786 0.495042862836
659 0.326063943096 0.292401419021
660 0.026507560629 0.368924710434
661 0.025780930184 0.218728575390
662 0.277140510734 0.867413780652
663 0.282648165245 0.398963566869
664 0.160673989449 0.138590850402
665 0.236839377321 0.898798686918
666 0.100114402827 0.289180090651
667 0.511107974686 0.786883027758
668 0.770001416560 0.017446779646
669 0.820403933525 0.181830405723
670 0.592804344837 0.405009121168
671 0.626954299398 0.735414842609
672 0.750520443544 0.716058843303
673 0.887462162878 0.472283770330
674 0.211101706605 0.213526106440
675 0.764685189351 0.237609267235
676 0.582450816873 0.790466119535
677 0.456337842625 0.859591327608
678 0.657879900187 0.738986007869
679 0.258554894943 0.818553890102
680 0.877576858271 0.495394272264
681 0.717352577019 0.977691261098
682 0.784574362915 0.228460552171
683 0.764574289322 0.554575779475
684 0.245907331817 0.584978222847
685 0.736406185199 0.838711676653
686 0.989987344481 0.363360484596
687 0.574126519263 0.740507788025
688 0.079419328365 0.461588682141
689 0.212791558355 0.290521034971
690 0.675114788581 0.977476748172
691 0.528130302206 0.257565605920
692 0.767942867707 0.984468144830
693 0.117156933527 0.425822768360
694 0.723454152700 0.375711828470
695 0.244376658462 0.601031010970
696 0.871106100734 0.961729235481
697 0.578722272534 0.655680463649
698 0.190189787652 0.343296561856
699 0.210256243125 0.436097119469
700 0.928274784703 0.946662428789
701 0.274808796123 0.918262129184
702 0.310022913385 0.848935315385
703 0.658769917209 0.389442241751
704 0.310523997992 0.871561476029
705 0.679963276722 0.985638786573
706 0.849038224202 0.208093578927
707 0.243204392493 0.616981091909
708 0.192561723758 0.360361326486
709 0.042803860269 0.916015876457
710 0.736073154956 0.287180518731
711 0.517046887893 0.607179256156
712 0.248909754679 0.095769160427
713 0.262859719805 0.439099542331
714 0.439065722283 0.473115963396
715 0.875196662266 0.367340506986
716 0.419778392185 0.150005458388
717 0.285602636635 0.729801305570
718 0.998940774240 0.944372553844
719 0.119243547786 0.309464772232
720 0.815934029873 0.799206824508
721 0.295103558805 0.664972254075
722 0.007300403900 0.538307951763
723 0.281953346450 0.199862127658
724 0.898669278249 0.324757206719
725 0.115878004581 0.634742433205
726 0.611937725917 0.632924892474
727 0.241921689361 0.860847480595
728 0.728694052901 0.504781409632
729 0.299947022926 0.167759775184
730 0.977897373028 0.175143685192
731 0.535100282170 0.397675765213
732 0.325149144046 0.820702918805
733 0.127477070782 0.324089918286
734 0.765075473115 0.246720618568
735 0.633554690517 0.581009502988
736 0.045927443542 0.928658249322
737 0.245981757529 0.053227847442
738 0.466966201086 0.527935103979
739 0.253089975100 0.365635479335
740 0.852692310698 0.368967979681
741 0.000377913006 0.464630036615
742 0.001892872155 0.242299602367
743 0.325477517210 0.730586925056
744 0.747081011999 0.625424540602
745 0.898346700240 0.724978385027
746 0.800568225794 0.433446982875
747 0.122654150240 0.125717369840
748 0.254149901681 0.250131221488
749 0.449807288125 0.019225374795
750 0.496851840056 0.083361978643
751 0.600234878249 0.542779283598
752 0.012020228431 0.846216635779
753 0.596007131040 0.478986429516
754 0.374151739758 0.849097106606
755 0.844621909317 0.226844050456
756 0.218065086287 0.844999822322
757 0.691474087536 0.219957958907
758 0.087299424689 0.016951604746
759 0.950544883963 0.834380437154
760 0.642376145348 0.848891584668
761 0.559358822182 0.442944371607
762 0.282338567544 0.682012972888
763 0.568661741447 0.536488469224
764 0.932144194376 0.018469030038
765 0.555713844486 0.428996034432
766 0.101831008680 0.155948722735
767 0.971775318496 0.113851237111
768 0.002165358514 0.567782449536
769 0.592837667093 0.376317098271
770 0.416879556142 0.437459576409
771 0.603161148727 0.634944642894
772 0.282459398732 0.294635236263
773 0.854902601801 0.369758823421
774 0.311586841475 0.805447485764
775 0.204139260575 0.953962986823
776 0.654339070432 0.763498083223
777 0.396907358430 0.936677637976
778 0.445511056110 0.965569100343
779 0.473166107666 0.377655250486
780 0.984038130380 0.028879952151
781 0.806651284918 0.085869139060
782 0.184828674886 0.778426603414
783 0.199720376637 0.186994033400
784 0.346209053416 0.792558043730
785 0.563311131671 0.763088609558
786 0.230017620139 0.166472280398
787 0.398033252452 0.512477018870
788 0.461107517127 0.252935854252
789 0.882235842291 0.772694358602
790 0.058383340482 0.086375103332
791 0.726657345425 0.712722410914
792 0.849873186555 0.123564704321
793 0.649400049355 0.295384242665
794 0.089133804664 0.122566157021
795 0.673039493151 0.073171935044
796 0.151446109172 0.479690778069
797 0.159041074105 0.336274784058
798 0.258117381949 0.358761450741
799 0.523268817458 0.604326435365
800 0.151319494471 0.086579949129
801 0.367415044922 0.381337114610
802 0.253052229527 0.765448297840
803 0.893814133480 0.714159746654
804 0.018384152092 0.776049976237
805 0.486854105256 0.076767492574
806 0.862425079569 0.213511451147
807 0.789489903953 0.712298266124
808 0.337076155469 0.438889953308
809 0.007682508789 0.426209960133
810 0.561456110328 0.680722001940
811 0.499381895177 0.712902219500
812 0.160412780009 0.658422969282
813 0.049177003559 0.418530161958
814 0.017184420489 0.572445821017
815 0.022856597323 0.168503914960
816 0.659025770146 0.390271642711
817 0.549841030035 0.912077999674
818 0.155719940551 0.443655163515
819 0.626237746794 0.174104092643
820 0.219705139752 0.113091852050
821 0.250871585682 0.082130219322
822 0.326603303198 0.040361489635
823 0.794428485446 0.663679458667
824 0.479251442943 0.802110994235
825 0.089889418799 0.040707553271
826 0.482832996175 0.589271313976
827 0.753609772772 0.643245776650
828 0.247694283724 0.802786776330
829 0.061775938608 0.264878704213
830 0.375232597347 0.084632536396
831 0.433382619172 0.034258367494
832 0.474904179107 0.983223649208
833 0.946336367168 0.630624119658
834 0.426878813189 0.572574113961
835 0.804728212301 0.646583952941
836 0.685665966477 0.055599797983
837 0.728714172728 0.012269269675
838 0.095961287618 0.523142658174
839 0.675948728807 0.575212730560
840 0.325253652874 0.765838147607
841 0.615920283832 0.808086649049
842 0.355109462049 0.369530056603
843 0.451332425699 0.602803745773
844 0.172316832934 0.513108364772
845 0.867682449985 0.547549430281
846 0.597740901168 0.301065069158
847 0.581807797775 0.072645080276
848 0.284288718831 0.528144165408
849 0.703269199934 0.711167532019
850 0.100718279369 0.507997412235
851 0.357751484960 0.786384245846
852 0.563597210683 0.086465657689
853 0.798653515987 0.659558498301
854 0.609608316328 0.474602244794
855 0.234771229327 0.934861969203
856 0.240440392401 0.850691513158
857 0.742948618252 0.595549854450
858 0.220221570227 0.194281044416
859 0.198353600223 0.392538403161
860 0.707389409188 0.066036050208
861 0.940087833907 0.305130310357
862 0.367101119831 0.521895631682
863 0.377775390632 0.651389838662
864 0.050039797090 0.081044590566
865 0.362557370681 0.150758076925
866 0.589042002801 0.720308855642
867 0.937142322771 0.152639213484
868 0.806774513796 0.735795838758
869 0.812197712250 0.416382830124
870 0.210398083553 0.046968941577
871 0.351244799327 0.450838476419
872 0.897660454735 0.094193417579
873 0.046388330869 0.117882024962
874 0.288474461995 0.244741931558
875 0.510420428589 0.995863871183
876 0.310777981766 0.450508262496
877 0.300994181540 0.677879101597
878 0.972403894179 0.678769572172
879 0.329268940259 0.022443691734
880 0.759814162739 0.691826310940
881 0.173201768659 0.348856166005
882 0.412135167047 0.110344091430
883 0.501495379489 0.218909680843
884 0.846139930654 0.313693091739
885 0.635292510968 0.056538014207
886 0.360662033316 0.986537310295
887 0.507376490626 0.258322488517
888 0.080730727874 0.553764821962
889 0.376204513479 0.369205190334
890 0.798506753519 0.886624942068
891 0.365069061518 0.109284735285
892 0.337133204564 0.666063243523
893 0.787163837347 0.309537099209
894 0.344832815696 0.116432777606
895 0.331980790943 0.104646978900
896 0.808259089012 0.505182559602
897 0.453503144905 0.220394256059
898 0.615526651032 0.954998524394
899 0.439303936902 0.461666581687
900 0.268691616599 0.074596447870
901 0.518204596359 0.629353649914
902 0.061133758165 0.025581086986
903 0.887676138431 0.141864486039
904 0.579345908947 0.263880652376
905 0.511069676373 0.377852662466
906 0.150505594444 0.876138738357
907 0.487137398217 0.487638799474
908 0.542201981880 0.274301235564
909 0.797175898682 0.887034797575
910 0.390734013170 0.129156689625
911 0.991681776475 0.198993102182
912 0.634339249227 0.445184921380
913 0.419387358241 0.249865900259
914 0.400183446240 0.858691295143
915 0.711532482412 0.668875062838
916 0.933287743013 0.229737078771
917 0.298228712752 0.994421501178
918 0.255318165757 0.185904851649
919 0.136285987683 0.834664075170
920 0.449785504024 0.647355664056
921 0.212516737636 0.600291098468
922 0.523494402412 0.699654135853
923 0.087929897942 0.065696384292
924 0.973955371417 0.885105796624
925 0.952731182333 0.364689385053
926 0.014262486249 0.944412958808
927 0.563682487234 0.648601735476
928 0.389597880654 0.983069845941
929 0.898467636202 0.789781326894
930 0.841761141084 0.610000118613
931 0.458656389732 0.775048884563
932 0.839737197384 0.756885102484
933 0.769470385741 0.095055363141
934 0.942789954133 0.905756373424
935 0.929719438311 0.392575458158
936 0.553112037946 0.142236176413
937 0.992866557091 0.076606440358
938 0.841890312266 0.080796455033
939 0.142302825116 0.815845684148
940 0.965902252123 0.095034007449
941 0.180535069201 0.980164738372
942 0.039446966257 0.744217556436
943 0.628766474314 0.429044846911
944 0.727287402377 0.527234110516
945 0.218826173805 0.569048543926
946 0.137234229129 0.677482563537
947 0.344097428489 0.976971426513
948 0.434367666487 0.113567814231
949 0.072026789654 0.377157620620
950 0.019324188121 0.001746228430
951 0.769733079243 0.572436226066
952 0.143982404843 0.762599636335
953 0.649042666424 0.985872717109
954 0.843396091368 0.791345491540
955 0.801718401257 0.809298343491
956 0.886379498988 0.982253470458
957 0.789463082328 0.925826465711
958 0.726471027359 0.418229556642
959 0.354871312622 0.453758429736
960 0.945463667158 0.573697486892
961 0.022806973662 0.082697896287
962 0.251180050429 0.366904402152
963 0.059669322800 0.685547716916
964 0.480472216848 0.131696112454
965 0.062705338001 0.499796404969
966 0.133442340884 0.832438417245
967 0.072232631035 0.277424745727
968 0.595038053580 0.721275297459
969 0.263297463302 0.438434144948
970 0.512620789465 0.065015864559
971 0.247732488904 0.399000288453
972 0.047269335482 0.037195571233
973 0.324826754164 0.773740362842
974 0.455425127875 0.679698067252
975 0.227498792578 0.400888795033
976 0.253395554144 0.250305766705
977 0.483586691320 0.504575604573
978 0.617210168857 0.543256014120
979 0.190123321954 0.097682385705
980 0.674952126574 0.252828659955
981 0.597478790674 0.808394467924
982 0.085267077200 0.669711421710
983 0.085819213651 0.680305130780
984 0.390986719634 0.349116676953
985 0.118739275727 0.903607509099
986 0.414132541977 0.366471764632
987 0.302607797552 0.461401877459
988 0.403667335864 0.627434552182
989 0.235142240301 0.859092463739
990 0.307132619433 0.462641032878
991 0.259981258772 0.560528173577
992 0.712946799584 0.743567950092
993 0.065103778150 0.330156968907
994 0.286823964212 0.255227100104
995 0.427839354612 0.961776091252
996 0.508055760060 0.025318145752
997 0.770170559175 0.593322837260
998 0.695029567461 0.855989772826
999 0.273627968039 0.086016287096
