4
60
0.300000
0 0.050000000000 0.050000000000
1 0.050000000000 0.950000000000
2 0.950000000000 0.050000000000
3 0.950000000000 0.950000000000
4 0.504994074814 0.509199966677
5 0.487502569333 0.568219549488
6 0.108836390544 0.337805591524
7 0.160619332455 0.572512788698
8 0.018575517461 0.175877990201
9 0.139142216649 0.192330581602
10 0.960500641726 0.518783563748
11 0.921173415147 0.652024579234
12 0.371821033768 0.688839789946
13 0.975019861944 0.069073561579
14 0.788698389661 0.891625981778
15 0.131777640432 0.798454128206
16 0.694182123058 0.247981784400
17 0.343096346129 0.981392201036
18 0.765860634856 0.909303525928
19 0.188786372542 0.270854709670
20 0.418503492605 0.676288942341
21 0.839074259158 0.527339883614
22 0.014094533864 0.999693591613
23 0.099852672312 0.032670051325
24 0.175571581814 0.238994888961
25 0.225000632927 0.136072224006
26 0.757778452709 0.146174048539
27 0.788096803240 0.129599486478
28 0.835013838485 0.763116665650
29 0.198673048522 0.623712228145
30 0.654742647428 0.330450688954
31 0.422166356351 0.348924770486
32 0.578432473354 0.765262702480
33 0.330316971522 0.344293108210
34 0.674566228408 0.519103344530
35 0.615147818346 0.093069721479
36 0.195392286871 0.454222077504
37 0.620409605093 0.209486820735
38 0.453915669583 0.720262277406
39 0.242156872060 0.629487251397
40 0.959257166367 0.467157504987
41 0.765559475403 0.717035619076
42 0.613331553526 0.553656279109
43 0.846635106020 0.448345392011
44 0.316772944760 0.045308154542
45 0.072057620157 0.971515592188
46 0.375758843496 0.494223976508
47 0.320440362673 0.954191316850
48 0.259486679453 0.650757334661
49 0.298484425060 0.934052907862
50 0.169860679191 0.913632243406
51 0.027122629341 0.365252966061
52 0.367854321375 0.647532234434
53 0.574739786796 0.821769990958
54 0.367794511840 0.816896658856
55 0.451257242355 0.327051678207
56 0.284054163843 0.216816718224
57 0.044087297749 0.897385717835
58 0.770472997334 0.890722403768
59 0.345731109846 0.087245942093
60 0.936030558310 0.417788730469
61 0.058761534281 0.311789401807
62 0.912012706976 0.379201896954
63 0.265980718657 0.171499386430
