4
60
0.300000
0 0.050000000000 0.050000000000
1 0.050000000000 0.950000000000
2 0.950000000000 0.050000000000
3 0.950000000000 0.950000000000
4 0.801524796057 0.977982506622
5 0.522925044876 0.795881083701
6 0.128645615187 0.957388940267
7 0.958370593842 0.243724574801
8 0.981225538999 0.993331686128
9 0.289451450109 0.284296138678
10 0.401798684150 0.354388814885
11 0.318332443479 0.818622903433
12 0.256283175666 0.174341717269
13 0.138949919958 0.289639282040
14 0.567419804167 0.144862424582
15 0.834823748562 0.693526618648
16 0.717800143640 0.291673310567
17 0.179161934182 0.883588773198
18 0.102813531645 0.695037123747
19 0.268193034455 0.904338328168
20 0.673019630834 0.791118079796
21 0.700219411869 0.801665246021
22 0.748507020064 0.658590005711
23 0.045389820822 0.729732559063
24 0.651921691839 0.334841270931
25 0.014028697740 0.053720375989
26 0.689230085816 0.332361141685
27 0.872343279887 0.945513261482
28 0.506702858955 0.011293199845
29 0.235152543988 0.074122663122
30 0.156155624893 0.069976292551
31 0.767649282236 0.873955768533
32 0.361649603117 0.946811216418
33 0.757544541731 0.464463135228
34 0.641848340631 0.025737576652
35 0.368801463395 0.314867971465
36 0.816855656449 0.069020875264
37 0.116533217486 0.565362676512
38 0.727610881440 0.161923038308
39 0.295095236041 0.379532573279
40 0.496764309239 0.309123933781
41 0.433252949733 0.185994395055
42 0.641485075466 0.305596229620
43 0.131507656537 0.148187934887
44 0.316889429465 0.366660200525
45 0.222310598008 0.473045054357
46 0.436636493541 0.989959880244
47 0.347000822891 0.798286096659
48 0.936771097127 0.104545365088
49 0.262749231886 0.578619437758
50 0.130282941740 0.631550695281
51 0.893487409223 0.947138598189
52 0.700571571011 0.010020626709
53 0.512501274701 0.428182452451
54 0.171943665016 0.807596510742
55 0.807715025730 0.668707974255
56 0.116720444988 0.240967975464
57 0.854702369310 0.758205520455
58 0.546564205084 0.986210025847
59 0.906393455341 0.863453635015
60 0.352870226838 0.128704053815
61 0.336498689372 0.789506720379
62 0.118663934059 0.683499512728
63 0.587792817038 0.055435031187
