4
60
0.300000
0 0.050000000000 0.050000000000
1 0.050000000000 0.950000000000
2 0.950000000000 0.050000000000
3 0.950000000000 0.950000000000
4 0.322880388238 0.063972717617
5 0.534120160621 0.918958933558
6 0.431456674822 0.344936525449
7 0.235279522836 0.086287367158
8 0.691238117870 0.856898580212
9 0.118258139584 0.216538408771
10 0.937181673944 0.445741913747
11 0.545683937613 0.050899009220
12 0.447712121997 0.399940526113
13 0.506492293440 0.072245391551
14 0.238550275564 0.355173510499
15 0.733302051201 0.311702735256
16 0.058630572166 0.659433342516
17 0.326872283593 0.948130152188
18 0.978246766143 0.882673067972
19 0.428710588254 0.301127154380
20 0.946645786054 0.962830748875
21 0.220086087938 0.378102460876
22 0.307767274790 0.455365611240
23 0.464389828034 0.999005392659
24 0.312264191452 0.582647968084
25 0.215543801896 0.249445865396
26 0.028389881831 0.761227739509
27 0.300344874617 0.476102003828
28 0.161168265622 0.806837168057
29 0.548347395379 0.399718541652
30 0.162010679021 0.281649447046
31 0.711421276908 0.220641251188
32 0.941082789563 0.038293560501
33 0.168771403376 0.919329555705
34 0.920966628939 0.597481991630
35 0.220456710551 0.867612414993
36 0.560312740970 0.440542798489
37 0.245714875869 0.868080015760
38 0.895908409730 0.710104703903
39 0.867085408419 0.208172601182
40 0.292752671987 0.082629210316
41 0.457618466578 0.321142554283
42 0.843856949825 0.757963341195
43 0.797244558111 0.005025215913
44 0.564800509717 0.345591953956
45 0.404743757565 0.726811188739
46 0.627241401002 0.116165034473
47 0.947452439927 0.568324190564
48 0.154458594974 0.116223843768
49 0.487653746735 0.075425223913
50 0.713705835398 0.708110457286
51 0.943037638906 0.274018576369
52 0.148653255776 0.188752514776
53 0.142098592129 0.044561665971
54 0.898857219145 0.009184001014
55 0.252734267153 0.191609891132
56 0.091813211329 0.710352734197
57 0.512752445415 0.935670161620
58 0.468316075392 0.309997003991
59 0.940695377532 0.033116585109
60 0.655588957947 0.345439135097
61 0.759927773848 0.282830358949
62 0.461604169570 0.707380214240
63 0.851154549513 0.616062764544
