100
900
0.060000
0 0.629491769243 0.570142027922
1 0.714907279704 0.739945970476
2 0.328650610521 0.862866833340
3 0.262024582364 0.304475595243
4 0.406472379807 0.172528375871
5 0.823114788160 0.455588238314
6 0.532255021390 0.891434950754
7 0.395546863321 0.280014134478
8 0.811047789641 0.516376367770
9 0.392673103604 0.759617670439
10 0.019992918242 0.110342113301
11 0.747976867016 0.260146306828
12 0.702712511644 0.816339941695
13 0.230295251124 0.212307191920
14 0.742425123230 0.042243526783
15 0.600072041620 0.371916892473
16 0.612385554705 0.314979321323
17 0.111862862948 0.941036165226
18 0.177846154664 0.373887445312
19 0.245511760470 0.584318534471
20 0.546415821649 0.068626548629
21 0.039906773251 0.078670843039
22 0.960061499849 0.435453636572
23 0.358684977517 0.771109289490
24 0.951830004808 0.751358081587
25 0.530726959929 0.971822923049
26 0.861700194888 0.278703826945
27 0.231969229877 0.564412706532
28 0.095043769106 0.462264481001
29 0.776719898451 0.837468892336
30 0.504508007783 0.376791940071
31 0.209385784809 0.116893562488
32 0.691771261394 0.321248647757
33 0.057929728180 0.869617416058
34 0.695136093535 0.303441488650
35 0.453935950994 0.241551915184
36 0.372068037745 0.493842724245
37 0.320222758222 0.332129537594
38 0.929296360817 0.678907735739
39 0.103238827083 0.881126365624
40 0.430265817326 0.633965787478
41 0.852949288674 0.291966012213
42 0.912669614423 0.084918519016
43 0.856378718745 0.007713383529
44 0.547183000017 0.633098617196
45 0.845182275865 0.051691008266
46 0.009890557267 0.054568060674
47 0.168584570754 0.701661818661
48 0.375816708896 0.226514298934
49 0.571279235184 0.070952802431
50 0.529955788050 0.025215186179
51 0.312504717615 0.902023825794
52 0.519057910424 0.632727475837
53 0.234153363388 0.448354271241
54 0.311635211576 0.337392190471
55 0.329480637331 0.741901029367
56 0.971357977949 0.182429926004
57 0.033867041580 0.884027592838
58 0.267348445021 0.890245760791
59 0.891740976367 0.814531445503
60 0.523344377987 0.736923252698
61 0.866222453769 0.533234935720
62 0.791491313372 0.034807024524
63 0.234896754380 0.167308022268
64 0.261321323924 0.806175989565
65 0.238260824699 0.791277111974
66 0.831391175743 0.550765542313
67 0.693300937768 0.350449086167
68 0.183493018150 0.927454301156
69 0.798803357873 0.495128230192
70 0.264846491627 0.128283995204
71 0.237029259559 0.236204470042
72 0.310713921208 0.270896301139
73 0.120232062880 0.578062366694
74 0.161142061930 0.011973039247
75 0.392593812197 0.684486440383
76 0.748896291945 0.258816265967
77 0.217721376102 0.540387605783
78 0.293623290490 0.452618130483
79 0.707695628051 0.554944614414
80 0.258794120513 0.945956453215
81 0.346221726388 0.090185296256
82 0.496721995529 0.039522664156
83 0.440634382889 0.680215014145
84 0.966976965312 0.239437740762
85 0.175343244337 0.231823457405
86 0.367721735965 0.412372503895
87 0.468027927447 0.678435657173
88 0.683268805034 0.588259990327
89 0.256498023868 0.844410867430
90 0.600233029574 0.649091836065
91 0.528897307813 0.349129321985
92 0.907908102032 0.746618683916
93 0.889516927768 0.201531392988
94 0.199236814398 0.597212555818
95 0.756476007402 0.458030934911
96 0.543169009034 0.102697734255
97 0.548216231633 0.039891005028
98 0.142220398411 0.988850614522
99 0.720106019173 0.109197364189
100 0.228288355283 0.895449263509
101 0.341020821594 0.596010091249
102 0.307821767405 0.809048749041
103 0.274445748422 0.991090572439
104 0.397308739368 0.530943772756
105 0.835501439869 0.997541768942
106 0.180035608821 0.364398747683
107 0.346671090927 0.087943711318
108 0.111017431598 0.236188018695
109 0.289475104306 0.310254246462
110 0.833400574978 0.045951111708
111 0.768285181373 0.376569584012
112 0.148648845963 0.316501413006
113 0.416460589040 0.290869244840
114 0.305352027528 0.136566608213
115 0.400066609029 0.533640382811
116 0.032015871722 0.741087430622
117 0.129650474060 0.339837639127
118 0.550136179663 0.404096222948
119 0.330928212032 0.947444919031
120 0.935039995704 0.166429651901
121 0.944986687973 0.115075604524
122 0.530828400049 0.291657779366
123 0.203019315843 0.641845831648
124 0.527845798060 0.492494420148
125 0.952100078110 0.361246373039
126 0.538445532322 0.720385259949
127 0.737815957516 0.687094378285
128 0.036886672955 0.154276546557
129 0.977963623125 0.342238700949
130 0.290843155235 0.378030232154
131 0.875879083760 0.322859026957
132 0.119117662776 0.005529558286
133 0.662696666550 0.669253842440
134 0.409625781234 0.993624878582
135 0.616698761471 0.344665776938
136 0.160054530483 0.561685449909
137 0.459741381463 0.690882930532
138 0.853343229275 0.662760697771
139 0.332728762645 0.381189027335
140 0.155255117919 0.284828840755
141 0.742435400840 0.693700650241
142 0.005214100704 0.480251358356
143 0.380795028992 0.042100774124
144 0.634527904913 0.358758652117
145 0.384339475073 0.925371060148
146 0.736788884737 0.260218558833
147 0.248230087571 0.855906547513
148 0.265748117119 0.910926754121
149 0.525160390418 0.675373898353
150 0.904551632702 0.141859151889
151 0.020039675292 0.064606163185
152 0.703544601798 0.479781057220
153 0.755489094183 0.556887831073
154 0.142541754991 0.088217856828
155 0.938076858874 0.297796872910
156 0.373046697583 0.680512259714
157 0.991497523617 0.378260798752
158 0.160763618071 0.372292552609
159 0.420361572877 0.795291522983
160 0.731051204726 0.804701047949
161 0.720662583597 0.467840089463
162 0.064919606782 0.968892671168
163 0.323746637441 0.330667724367
164 0.879819425289 0.848907027859
165 0.006041622721 0.784371057991
166 0.990766179748 0.026081298478
167 0.848977221176 0.694310782012
168 0.505862355698 0.604466315359
169 0.251198613085 0.648404110689
170 0.692684172187 0.189275471959
171 0.946200983599 0.065730870236
172 0.869787731674 0.937698507216
173 0.443991668988 0.030551349744
174 0.309991059825 0.864353241865
175 0.825842873193 0.041042265017
176 0.669054289814 0.546505456790
177 0.508882354479 0.733973896597
178 0.515398127958 0.832628991921
179 0.064641620964 0.395217553247
180 0.681536019780 0.070683244150
181 0.179588611238 0.672302199993
182 0.096764542628 0.028565832414
183 0.366612982005 0.602626898326
184 0.633032148238 0.617811595090
185 0.251031009015 0.325716320425
186 0.807087067515 0.197231992614
187 0.391447190661 0.676874799188
188 0.134930500295 0.835438859649
189 0.707426149398 0.444921560120
190 0.699792101514 0.533269022591
191 0.485963825136 0.368846391328
192 0.079774479382 0.994846180081
193 0.102820288390 0.595172607340
194 0.827475172002 0.167461909354
195 0.990390160587 0.509011192247
196 0.238145153504 0.169978771824
197 0.181313392241 0.334909696132
198 0.198544604238 0.547926374245
199 0.937536594458 0.831576752476
200 0.165737969335 0.188567603473
201 0.157293073367 0.972825036850
202 0.385799596552 0.548740264028
203 0.649699836504 0.520730096847
204 0.384179124143 0.357125985902
205 0.965651656967 0.083971225657
206 0.890395008493 0.451615482569
207 0.452817617450 0.970169487875
208 0.446461662650 0.555637905840
209 0.565342095215 0.273936834652
210 0.723099815194 0.555732255802
211 0.782948026899 0.961244969163
212 0.725711027626 0.964261419140
213 0.296154665295 0.924255631864
214 0.512187793385 0.233691260219
215 0.755832384806 0.677925763186
216 0.422258863691 0.913125458173
217 0.650750800036 0.808058460243
218 0.461865722202 0.300450636540
219 0.328788557090 0.846044846345
220 0.657576622441 0.294440214522
221 0.930016072467 0.547971630935
222 0.746055697091 0.382833689917
223 0.518141118810 0.192517359741
224 0.938471595757 0.083483214024
225 0.466454194393 0.661571410950
226 0.639215469826 0.249402221758
227 0.622816380113 0.364926497452
228 0.213663640898 0.918971045874
229 0.289182129782 0.725851434749
230 0.152662306093 0.045014514588
231 0.403777197935 0.574921169784
232 0.958139972761 0.054527997971
233 0.382979630493 0.420005694963
234 0.354978634976 0.711768187582
235 0.266050541773 0.012555257417
236 0.006208402105 0.196066614240
237 0.560526888818 0.752264099196
238 0.578900304157 0.078668007627
239 0.944781458937 0.517371899914
240 0.162151222117 0.411235653795
241 0.178943310864 0.801366691943
242 0.660637875553 0.801759691443
243 0.166293189861 0.874301516451
244 0.720730737317 0.455475319643
245 0.600152951200 0.873393043410
246 0.500489834230 0.003930149134
247 0.448314213194 0.458629806992
248 0.058458147570 0.831293843687
249 0.878635501955 0.413436782546
250 0.543062031735 0.144686043728
251 0.425992039964 0.549270433839
252 0.340752657969 0.986518928781
253 0.301534533501 0.919652962126
254 0.065186936874 0.246315992437
255 0.437024862040 0.227338158991
256 0.657551646233 0.615968173370
257 0.028704850934 0.318189521786
258 0.417727864813 0.194998040795
259 0.192491038702 0.138458602130
260 0.650473360438 0.792643989902
261 0.011851645540 0.150963194668
262 0.796574139502 0.460165858734
263 0.609593001660 0.855032287072
264 0.291459702887 0.488228504080
265 0.268469069619 0.834521734621
266 0.632914547808 0.694461109582
267 0.383792168461 0.973667206243
268 0.680980038829 0.685326701961
269 0.893320168369 0.746166975703
270 0.931642694864 0.330345030874
271 0.973505134694 0.589194341097
272 0.946313204244 0.002209985629
273 0.907383863349 0.364041069057
274 0.197208026890 0.099874902051
275 0.502499671187 0.847681387328
276 0.892518891953 0.514351316728
277 0.998644582462 0.689093031455
278 0.974517175462 0.608237584122
279 0.544125318527 0.265976878349
280 0.096466088202 0.812594388146
281 0.100498612970 0.729380636476
282 0.507055498194 0.484290781897
283 0.703047842719 0.188035537023
284 0.169617483858 0.596368011087
285 0.934202512726 0.101260178722
286 0.926713041961 0.907707647420
287 0.690454520285 0.873026246205
288 0.909917633049 0.597838383634
289 0.237067315262 0.107125659939
290 0.697713285685 0.739566986449
291 0.954807047732 0.590232177638
292 0.253918303177 0.953451630194
293 0.279325209558 0.228435479105
294 0.561689214315 0.823450528085
295 0.494412357453 0.658155302983
296 0.636044916697 0.594910970889
297 0.387535939459 0.143100414891
298 0.079201752786 0.090583782177
299 0.331135951914 0.248819236644
300 0.686951793265 0.265338464640
301 0.350079415832 0.613664835691
302 0.173046112061 0.040533936117
303 0.486691081896 0.082963745110
304 0.638372319750 0.723758397624
305 0.190089405514 0.336085605435
306 0.463325384073 0.144896453246
307 0.926317783073 0.717243687715
308 0.098348083440 0.205642992631
309 0.945679166820 0.660037297755
310 0.029093521181 0.440091524273
311 0.318192600738 0.665138437878
312 0.035002495162 0.705728540197
313 0.808238852769 0.114204247948
314 0.796312322374 0.139374804683
315 0.363023485057 0.483264116105
316 0.404713269323 0.713102900889
317 0.096928951796 0.577759381384
318 0.753636837006 0.583620033693
319 0.660723126493 0.392009156756
320 0.307378431316 0.850812532008
321 0.728094762191 0.770703815855
322 0.995708985254 0.654412545264
323 0.487947503570 0.094057068694
324 0.860055538360 0.433626670390
325 0.754094366916 0.889149059542
326 0.873718194664 0.072286967654
327 0.554287497420 0.908720690291
328 0.778015508316 0.362526350189
329 0.022924938239 0.574327830691
330 0.501901154872 0.385948423296
331 0.057591946796 0.906614424195
332 0.099051324185 0.154520898592
333 0.484373805579 0.852688161191
334 0.738140932750 0.145096932072
335 0.244697317947 0.045519364066
336 0.995909464546 0.972792080138
337 0.816223179922 0.991618449800
338 0.627204625867 0.304170683492
339 0.085675518960 0.487260164227
340 0.737797353882 0.839769885875
341 0.376409223769 0.611515549012
342 0.912056853529 0.930696721189
343 0.520236239303 0.690072361846
344 0.293223071378 0.543161177542
345 0.264400193002 0.795124226250
346 0.929109601304 0.321992139798
347 0.701738650445 0.028160925489
348 0.476513038855 0.186112456024
349 0.880849087145 0.214653971605
350 0.331209388096 0.125546405092
351 0.260173335671 0.327118852641
352 0.098338485695 0.076396516059
353 0.318737302907 0.725543111563
354 0.380567199551 0.404412821867
355 0.212803275790 0.118364553899
356 0.244182707742 0.589212499559
357 0.729880102910 0.156239561271
358 0.519909220748 0.250116342213
359 0.846311923582 0.813132292125
360 0.793277519755 0.110712116584
361 0.608256518375 0.722387121059
362 0.432704256382 0.309995168820
363 0.750548047014 0.909217295237
364 0.496107624844 0.631397134159
365 0.123871266842 0.827317012940
366 0.756943539251 0.384044602979
367 0.154435866047 0.855282024946
368 0.460441119038 0.473173168954
369 0.580825136509 0.841008318588
370 0.877585990820 0.793628412299
371 0.959372872487 0.121768698562
372 0.382840911858 0.689252975397
373 0.278008259833 0.902750132605
374 0.939369317610 0.124320183415
375 0.715882424731 0.732646837831
376 0.235032299999 0.324138943106
377 0.455033958890 0.667736556847
378 0.634134111926 0.205582005903
379 0.576953852084 0.130241736770
380 0.836979140062 0.700825119391
381 0.957558750175 0.593922679778
382 0.084869722370 0.111994616222
383 0.449204704724 0.545310841408
384 0.585167785175 0.030029841699
385 0.386319159996 0.462753775995
386 0.823658253998 0.345692032948
387 0.584522474557 0.206499166321
388 0.034945008345 0.862530734390
389 0.109249298926 0.974314326420
390 0.986850918271 0.825131724123
391 0.706961164251 0.221883218270
392 0.149270667229 0.161995123141
393 0.889619775116 0.783404779620
394 0.367577129509 0.466573627666
395 0.913646516390 0.204556269571
396 0.167398747057 0.871205266565
397 0.798478949349 0.252268469427
398 0.983199882787 0.247683654539
399 0.797579310834 0.568367667962
400 0.277713496238 0.183898470830
401 0.031121443957 0.101371750236
402 0.529590503778 0.615643918514
403 0.307870916557 0.564535512589
404 0.478174653370 0.417120215949
405 0.538849839009 0.465025571641
406 0.242251940072 0.245811003260
407 0.686908789910 0.391522607300
408 0.407806126401 0.576528565492
409 0.174927386921 0.775383255910
410 0.043102193158 0.088573903777
411 0.979939525947 0.210500940215
412 0.959779170342 0.778418475296
413 0.462769409642 0.942979053594
414 0.026102129836 0.260348720476
415 0.511346721556 0.303815626074
416 0.444247191306 0.542468165979
417 0.405187376775 0.973837695550
418 0.158112084493 0.713058293331
419 0.538373208139 0.636286737863
420 0.130178509280 0.077223047148
421 0.101312309504 0.372430449352
422 0.323034050409 0.788221099880
423 0.763953057118 0.730840176810
424 0.364749665372 0.938880444039
425 0.506223433185 0.407851858530
426 0.027454347815 0.486162959132
427 0.618352798745 0.987233518623
428 0.264581434429 0.081122208387
429 0.930212572217 0.290683564730
430 0.341470928863 0.441559293773
431 0.594499190804 0.785718120169
432 0.984027459752 0.999686567578
433 0.759555815719 0.142139544711
434 0.712744861376 0.297929023858
435 0.778426282573 0.842923370656
436 0.375152071007 0.879738592543
437 0.215353820473 0.698186121415
438 0.667959692422 0.979306877591
439 0.429026298691 0.032709357794
440 0.918187321629 0.935249731876
441 0.440561216325 0.945641669910
442 0.421412691008 0.058914015070
443 0.932875188533 0.685994125437
444 0.140036223456 0.863087760750
445 0.976677690167 0.481507152319
446 0.304647054523 0.571176881436
447 0.267225272488 0.288674514741
448 0.570863449015 0.026781088673
449 0.430814059451 0.283608310390
450 0.324710112531 0.209240342025
451 0.126531681512 0.699862184003
452 0.088978934567 0.341885501985
453 0.398048305418 0.756938626990
454 0.321192379575 0.827074604109
455 0.789647984784 0.239379701205
456 0.762324335985 0.230209201109
457 0.185021371115 0.183737026993
458 0.289123216178 0.117896559648
459 0.869731152896 0.429159439635
460 0.980984320398 0.846408843063
461 0.910666591953 0.285631375387
462 0.417585724499 0.177891864907
463 0.574305890128 0.988449173979
464 0.204672953580 0.005119949579
465 0.272057484370 0.529383066110
466 0.214360291604 0.398589165881
467 0.229245250113 0.303339226637
468 0.740474667866 0.627293555997
469 0.060277853627 0.061667047441
470 0.454368160106 0.849925838877
471 0.301046749111 0.216692496557
472 0.080135039985 0.486068120226
473 0.400429523550 0.369258256629
474 0.603964680340 0.270160676446
475 0.798417696264 0.584949000739
476 0.116569519974 0.709084288683
477 0.870580376126 0.534155244473
478 0.886976153590 0.444886266254
479 0.522604418453 0.091649107169
480 0.450006215833 0.794661903288
481 0.621032173280 0.664366507903
482 0.193251069169 0.850277423859
483 0.967705734540 0.933725737501
484 0.477570979856 0.027983588167
485 0.995392784942 0.931939139962
486 0.877909427043 0.296439534053
487 0.148631636519 0.958044467494
488 0.782507654745 0.549061160535
489 0.327302724123 0.386472335085
490 0.819221836980 0.125720420387
491 0.971421335824 0.935791356955
492 0.834804709069 0.842001712415
493 0.469946601894 0.721780862659
494 0.286887978669 0.992551020347
495 0.813429969829 0.736894194968
496 0.787212923635 0.434462143574
497 0.401260702871 0.980463993270
498 0.284739567433 0.368966437411
499 0.914189730771 0.762310547289
500 0.396950025577 0.909582515713
501 0.694249687251 0.274859453086
502 0.206022050232 0.842881324235
503 0.232903920580 0.988529704977
504 0.391942484770 0.560206644703
505 0.375002040062 0.211164321750
506 0.685927065089 0.346423375886
507 0.146955679171 0.520731774624
508 0.188425088301 0.616902281065
509 0.242512637284 0.475313067436
510 0.609453301411 0.055942607578
511 0.212207262404 0.396666225512
512 0.490404751152 0.613467965275
513 0.377130218782 0.775144318584
514 0.982434402686 0.291319949552
515 0.537454865873 0.379384428263
516 0.200902465265 0.231704553124
517 0.654243881349 0.406924515497
518 0.074585877359 0.887147801928
519 0.395454220474 0.466528362129
520 0.447354446631 0.770456260536
521 0.677692684345 0.133281512186
522 0.116879636887 0.824648363516
523 0.654013286810 0.305304725189
524 0.441550644580 0.896525924094
525 0.780617792625 0.051003945991
526 0.952468531672 0.992825055029
527 0.447670171503 0.442873282824
528 0.606293020304 0.824800390285
529 0.218017601408 0.588727422990
530 0.116120339837 0.755472467281
531 0.968111851718 0.317022805568
532 0.987177020870 0.622355733067
533 0.723947321065 0.061762898229
534 0.509503535461 0.119401542004
535 0.528291260824 0.956857982092
536 0.889857802540 0.205983945169
537 0.090139494278 0.006737439428
538 0.030632308684 0.744152781088
539 0.312042165082 0.472182953265
540 0.640678705648 0.092659957707
541 0.523186899256 0.593147237319
542 0.085485013202 0.970857071225
543 0.036020520609 0.691778033506
544 0.795657461509 0.254038122017
545 0.280505456962 0.911777801812
546 0.009510589764 0.248617308680
547 0.228800607380 0.996687610634
548 0.870973041747 0.952747928444
549 0.058450508863 0.380476577207
550 0.072149470448 0.586741769686
551 0.337334559765 0.962007273454
552 0.792725714855 0.427474054042
553 0.968744712882 0.823358023539
554 0.171626835596 0.280786877964
555 0.295540976804 0.812305541243
556 0.373446836136 0.818727876525
557 0.405452778563 0.458931849338
558 0.789584947750 0.441473299172
559 0.150709882844 0.585242409259
560 0.695511421654 0.431215339806
561 0.497020211071 0.705022011418
562 0.679832648486 0.725820818450
563 0.701709622052 0.550805690698
564 0.678568747360 0.760160130914
565 0.931282267906 0.750718217809
566 0.346901901066 0.268616827670
567 0.712725491263 0.139627615921
568 0.696090882178 0.681470204610
569 0.962985639926 0.867717717774
570 0.962257082574 0.258526616730
571 0.680023259018 0.335703918710
572 0.077254493255 0.085476037581
573 0.794635768048 0.866839441005
574 0.526949337218 0.945345651358
575 0.452081850730 0.222460758872
576 0.376560991164 0.949102061801
577 0.927482770290 0.056393640116
578 0.674922880717 0.629192392342
579 0.607199330814 0.353491628077
580 0.389352523256 0.538481598720
581 0.104209845886 0.736254424322
582 0.807098426856 0.816935337614
583 0.875882040709 0.503189309034
584 0.498405542225 0.838867680635
585 0.370907026809 0.460662624799
586 0.097394297365 0.050930285826
587 0.796366543975 0.174648791086
588 0.136406323407 0.591002312023
589 0.041488232091 0.663355660625
590 0.536347963382 0.493570082821
591 0.885816419497 0.912908955012
592 0.442672145087 0.813299189787
593 0.969302595127 0.117595025804
594 0.442491582129 0.576501925942
595 0.471086653881 0.831844105851
596 0.114983524662 0.575296499766
597 0.568098530173 0.922081951518
598 0.392231837381 0.443980570883
599 0.425271260552 0.890637379605
600 0.282848251518 0.796178287361
601 0.351300004870 0.380242549349
602 0.847108573187 0.147666548844
603 0.554891340435 0.983514897060
604 0.738668860868 0.596379572526
605 0.646870557684 0.275016824715
606 0.089949655812 0.532686977647
607 0.187925779726 0.532621800900
608 0.345986167435 0.157228374854
609 0.650216826703 0.788477750029
610 0.733730300795 0.121303480584
611 0.620321855880 0.848713825457
612 0.696599980351 0.188420386054
613 0.770795777440 0.088831818197
614 0.632400957402 0.196067037992
615 0.979469197802 0.915249208920
616 0.992245325819 0.330769202672
617 0.295491758268 0.839353899006
618 0.478435751516 0.850383098703
619 0.822868796065 0.217104612850
620 0.446762671694 0.469739354216
621 0.492121437564 0.536712327506
622 0.002426331863 0.680047217291
623 0.069334128406 0.348412499297
624 0.837275592145 0.719550955109
625 0.136890249327 0.571005892940
626 0.840854435693 0.757212105207
627 0.419719718397 0.537454416044
628 0.945632491726 0.190515495837
629 0.626286234241 0.578033449128
630 0.386582534295 0.605755432509
631 0.493282658048 0.378827860113
632 0.936524635181 0.788774416782
633 0.218181759119 0.414960387163
634 0.639157515485 0.041050555650
635 0.632065000013 0.085920187179
636 0.510789909866 0.124186437577
637 0.622632514685 0.513216241729
638 0.804233654868 0.691966643091
639 0.861628741026 0.641509247012
640 0.411517598201 0.998518990818
641 0.212515139952 0.252372033894
642 0.755731096026 0.632234858349
643 0.789826450404 0.701363587752
644 0.822750354651 0.416112684645
645 0.279397036880 0.209332888946
646 0.021868117154 0.772679695394
647 0.588160749059 0.958392752800
648 0.561454112176 0.806342508178
649 0.373353139963 0.200611627661
650 0.847393063828 0.005418139976
651 0.286531815305 0.358182973694
652 0.129604577553 0.909164329991
653 0.871399215423 0.933838232420
654 0.601130973548 0.733027956914
655 0.575347479433 0.012648571748
656 0.731546947733 0.787862619385
657 0.265020606108 0.487278043758
658 0.420097477734 0.054847056512
659 0.188641631976 0.242847832385
660 0.470959741157 0.468038668856
661 0.452180721331 0.492827858776
662 0.240718364250 0.040341470391
663 0.451220611576 0.802172476426
664 0.846683979034 0.824573751539
665 0.002784104552 0.694077042863
666 0.829991891515 0.289315919857
667 0.052260017022 0.959596469067
668 0.198480249848 0.923659232445
669 0.893434701487 0.799611223396
670 0.656687189359 0.468782180920
671 0.812259795610 0.388234137092
672 0.256644800305 0.077280401718
673 0.875512181316 0.676742278039
674 0.132127458230 0.064153813291
675 0.919590110891 0.603087199386
676 0.532192482147 0.371770832222
677 0.095915058162 0.772910846863
678 0.412112303078 0.547135669738
679 0.575083323289 0.258796282113
680 0.371709421277 0.577867427841
681 0.952873324975 0.201701312792
682 0.867183347698 0.005133341998
683 0.161297781859 0.065663598012
684 0.928792574909 0.054732483346
685 0.865274821408 0.585479764268
686 0.523514664266 0.677534617018
687 0.973713901825 0.780159464572
688 0.754815018736 0.849226083141
689 0.456901743077 0.886942476965
690 0.913379896432 0.376491853967
691 0.490029676817 0.445572378580
692 0.748262686189 0.585944734979
693 0.218483225442 0.160374989267
694 0.133080405183 0.793566549197
695 0.419171271380 0.504789826460
696 0.371433977038 0.372044596821
697 0.706491139717 0.238617325202
698 0.377177938819 0.867788921576
699 0.304280923214 0.305970513728
700 0.922521405388 0.169555744622
701 0.891450278461 0.446036069654
702 0.847090362106 0.865164180286
703 0.226195534691 0.601905380841
704 0.714390263427 0.683097277768
705 0.488847858272 0.627770159859
706 0.059589131735 0.978877535090
707 0.073342538439 0.807851817925
708 0.564822270069 0.291825764347
709 0.968226807658 0.697902675252
710 0.085392313544 0.387398079038
711 0.202692502178 0.456826290581
712 0.759442675859 0.909183641896
713 0.695443615783 0.136620615143
714 0.776972563472 0.999724538997
715 0.442591128871 0.699493968859
716 0.169280284084 0.334041407332
717 0.145530038979 0.016370646190
718 0.199205587618 0.371725573670
719 0.618276027031 0.913595851045
720 0.054822851438 0.107123885304
721 0.541366010904 0.114411983173
722 0.086001420394 0.614708549809
723 0.922263801098 0.650823690929
724 0.906534314156 0.890490608755
725 0.348726366181 0.991926627699
726 0.277888688259 0.551418868359
727 0.448752918281 0.037331364118
728 0.460602510255 0.144196534529
729 0.173951979261 0.237575074192
730 0.143921073526 0.616543108597
731 0.937069043051 0.313201357611
732 0.950584515929 0.082599082030
733 0.329572003800 0.149790104013
734 0.454324655700 0.947848031297
735 0.063385955058 0.509147507139
736 0.054971916601 0.604751966428
737 0.623559490312 0.140973337460
738 0.219460516237 0.545823291875
739 0.791797028389 0.125994830392
740 0.436313900631 0.140523394570
741 0.117921458092 0.714202588890
742 0.691942263395 0.566674376372
743 0.751533953473 0.152544773649
744 0.710870910902 0.925485932734
745 0.390119847842 0.854791984893
746 0.542029041331 0.327188891359
747 0.167993342504 0.492613557726
748 0.409787973389 0.497565346770
749 0.642403661739 0.864112629555
750 0.445413378067 0.705789616797
751 0.373260136694 0.500385294668
752 0.310541583225 0.996819627471
753 0.641358632129 0.530002099462
754 0.542642919347 0.433155660518
755 0.655996929854 0.978956819978
756 0.573679055553 0.773918387946
757 0.693159409333 0.265621318948
758 0.340592764784 0.444693362806
759 0.418166092597 0.051463675685
760 0.370179295540 0.808285940904
761 0.906255660579 0.912208337337
762 0.135474832263 0.074249003548
763 0.404821895063 0.545262805652
764 0.571814350318 0.047225556802
765 0.409375435207 0.017227728385
766 0.753015173599 0.782635572366
767 0.517613023054 0.063556757290
768 0.779455199838 0.158971655648
769 0.593558856752 0.322098119184
770 0.592127316166 0.249555787072
771 0.301054939162 0.165806371719
772 0.023474175017 0.994214348495
773 0.431427690666 0.364066939801
774 0.438907711301 0.849593783729
775 0.415530615952 0.809087007307
776 0.657879724633 0.321786276530
777 0.721295344643 0.793354556896
778 0.396035280079 0.126117239706
779 0.338617362548 0.967849630397
780 0.173342796508 0.747992798220
781 0.985077358782 0.926357970107
782 0.530628370587 0.502690382302
783 0.989914727397 0.310083570424
784 0.661662037950 0.583473584615
785 0.632181689609 0.253789354116
786 0.833029371686 0.933236628771
787 0.419595726300 0.856503546704
788 0.927450977731 0.851023416966
789 0.220570486970 0.366358689032
790 0.700617200695 0.636101102922
791 0.175445696339 0.358496925328
792 0.957887379453 0.896741040982
793 0.151851482224 0.353922659997
794 0.022858280689 0.490468845237
795 0.321772290394 0.196201077197
796 0.238461643457 0.306849649642
797 0.122559047770 0.769090014044
798 0.809540031943 0.112473775167
799 0.079173584469 0.471202069893
800 0.695947359782 0.711355274078
801 0.724991424009 0.528976731468
802 0.644591902848 0.144587150309
803 0.385480278637 0.572042880580
804 0.995610567741 0.606050765608
805 0.938401570078 0.696227768436
806 0.242151868530 0.113847266417
807 0.054724694230 0.200039247982
808 0.010588307865 0.206576176453
809 0.553961907979 0.033446588553
810 0.697045021690 0.875734198838
811 0.229647666216 0.935506665148
812 0.182583848480 0.352206713986
813 0.704596679192 0.992123880424
814 0.464680489153 0.783770263661
815 0.463325950317 0.160627849400
816 0.495125537738 0.188317374326
817 0.689604580868 0.139717441052
818 0.332904525101 0.075084859505
819 0.711760321632 0.328515092842
820 0.681135625113 0.650161891710
821 0.024742861278 0.923287493642
822 0.764009158593 0.079467555508
823 0.123326742090 0.774597466458
824 0.286043732427 0.677288650069
825 0.808044055011 0.983088754117
826 0.553022848908 0.037691721227
827 0.918595419731 0.735606697388
828 0.389898435213 0.623192098923
829 0.727730577812 0.854578924831
830 0.406962363049 0.191056528129
831 0.015206774231 0.902087900788
832 0.379373902921 0.704811355099
833 0.041805341840 0.712278428022
834 0.779896215070 0.753565663937
835 0.040793520864 0.461031840183
836 0.403727555647 0.065536382142
837 0.384319334291 0.167736714240
838 0.145003938116 0.507646076381
839 0.942334180698 0.431047670543
840 0.184934726451 0.750378236175
841 0.414136424661 0.737957575824
842 0.788069957402 0.332731844392
843 0.473564273212 0.177968393080
844 0.955923943780 0.201294851489
845 0.032547317911 0.362886306830
846 0.392351379618 0.047754092142
847 0.264974207617 0.771725282539
848 0.752565447241 0.306779549923
849 0.484003710561 0.532461662311
850 0.060345213860 0.524797231425
851 0.993493502960 0.464072769508
852 0.590333614033 0.377812837251
853 0.631809484214 0.735337552149
854 0.885458913632 0.574143664911
855 0.166385222692 0.070393640082
856 0.324521901086 0.580521647353
857 0.808351215906 0.112591858953
858 0.913253492210 0.281915489584
859 0.290560252033 0.869177435990
860 0.483210341074 0.323107569944
861 0.232063742820 0.875561720692
862 0.370861662086 0.497037950438
863 0.647287003696 0.123427109327
864 0.803817500360 0.131290714256
865 0.655888772104 0.864162714221
866 0.656087946147 0.649382275064
867 0.328235484194 0.246421560179
868 0.027195112314 0.960044968408
869 0.981759112328 0.912654025946
870 0.534188633319 0.148144335020
871 0.983047666028 0.858710534871
872 0.728665982373 0.791398882400
873 0.971302393824 0.641919474583
874 0.073314371984 0.261862645857
875 0.511096910574 0.556524713058
876 0.584970215801 0.743160653394
877 0.432086433750 0.955831877887
878 0.240198604297 0.079373437446
879 0.079258987214 0.044016104657
880 0.210664152168 0.735147759318
881 0.908178819343 0.866752098314
882 0.384530034382 0.236414303537
883 0.113173658494 0.411725146696
884 0.196459271945 0.094932770822
885 0.324379172642 0.730647905264
886 0.243077105843 0.307426839136
887 0.589358440135 0.971743088216
888 0.098825721536 0.560660833959
889 0.613662563264 0.172140093520
890 0.822523479816 0.124759473838
891 0.728664806578 0.407493695617
892 0.867920127697 0.160751240328
893 0.363325573504 0.108118731994
894 0.240124678239 0.442584561184
895 0.152134836651 0.450788830407
896 0.177732320502 0.060313655995
897 0.317540928721 0.562262355350
898 0.296727959532 0.430714587215
899 0.973987502046 0.493187231477
900 0.525647358038 0.298366675153
901 0.223835137207 0.768724463880
902 0.605793514289 0.813193577342
903 0.740467552096 0.704619235825
904 0.373854411766 0.354130115360
905 0.876759329345 0.196377891582
906 0.478889589664 0.605424135923
907 0.603871587664 0.346809717361
908 0.766175376251 0.967197161168
909 0.454928449355 0.006300054491
910 0.409781722352 0.607063286006
911 0.457088884898 0.587514043320
912 0.667376942467 0.774629813619
913 0.149776398670 0.964104901999
914 0.205344400834 0.123763900716
915 0.457292133942 0.730991758872
916 0.422130575869 0.681127271149
917 0.499716222752 0.027924090158
918 0.494320848491 0.240183775313
919 0.732543325983 0.868175260257
920 0.594313890673 0.609302655328
921 0.064553152304 0.073203480337
922 0.214726791251 0.668424739968
923 0.420013197698 0.980902167968
924 0.635621901136 0.874941647053
925 0.987202222459 0.045403623953
926 0.482004933525 0.444291107822
927 0.632917667273 0.149381875992
928 0.218920921441 0.782694065943
929 0.113486777991 0.424265322741
930 0.906457966659 0.570778911933
931 0.155257081613 0.328588542994
932 0.251906183083 0.654973304830
933 0.356512633152 0.746227032039
934 0.895157080144 0.089055959601
935 0.614402292296 0.489470970817
936 0.698358614929 0.678955444600
937 0.562674451619 0.913085406646
938 0.347380184568 0.982687649317
939 0.893987574615 0.983002086170
940 0.857629296836 0.881189797074
941 0.028405710123 0.339634230360
942 0.325480904896 0.661323377397
943 0.489016106352 0.544401826803
944 0.444017443340 0.602502884343
945 0.968667149544 0.350475409999
946 0.173281796742 0.123924231157
947 0.679063952994 0.425187979825
948 0.778897535987 0.035576586612
949 0.171415011864 0.674054616131
950 0.124632546213 0.785817304626
951 0.163525587413 0.822991161142
952 0.464772749227 0.726200039033
953 0.736076567788 0.812152934261
954 0.708887688350 0.630064142402
955 0.795155020431 0.566516985185
956 0.511253939942 0.823560730554
957 0.906151215546 0.836734844837
958 0.484884107951 0.395167321898
959 0.381136671640 0.928901551291
960 0.997670206707 0.349803821184
961 0.279376961291 0.170952003449
962 0.473728052806 0.958440914750
963 0.596139983274 0.252625588793
964 0.994017501362 0.767554995604
965 0.926680205390 0.118650047574
966 0.553372300230 0.090205792803
967 0.941641208716 0.018145049457
968 0.816405831836 0.677717776969
969 0.830297983717 0.525293520186
970 0.307781919371 0.625453004148
971 0.091810505837 0.819035859313
972 0.449013734702 0.997961721383
973 0.655770704616 0.933897842653
974 0.393129043747 0.036907376256
975 0.862799393944 0.390799250454
976 0.386711197905 0.142176355701
977 0.561751253903 0.860439250711
978 0.100617270451 0.157891237177
979 0.113064839505 0.094634771813
980 0.925446232781 0.039745044895
981 0.213284819387 0.478818533011
982 0.129950837698 0.154926028103
983 0.496963582933 0.946356669534
984 0.832643805072 0.327261566650
985 0.471650190186 0.140425724909
986 0.952714571264 0.563460696023
987 0.959461584222 0.401728305966
988 0.561422417406 0.615232288837
989 0.335626149084 0.954551461153
990 0.652139665559 0.198425543029
991 0.345350711606 0.038850863464
992 0.340601898730 0.907101965509
993 0.899290114176 0.441219169181
994 0.064993203152 0.012354953680
995 0.535853940994 0.990439435933
996 0.052099999040 0.749138760380
997 0.469257969409 0.182050836738
998 0.904064788949 0.966221552342
999 0.128407506738 0.736708594020
