4
60
0.300000
0 0.050000000000 0.050000000000
1 0.050000000000 0.950000000000
2 0.950000000000 0.050000000000
3 0.950000000000 0.950000000000
4 0.010245625861 0.072586646304
5 0.389238010161 0.877882603556
6 0.068931176327 0.180981825572
7 0.294239228591 0.594626667444
8 0.753709643148 0.763698944356
9 0.365232994314 0.084231994580
10 0.899487333372 0.266307440121
11 0.930270534474 0.963133653160
12 0.201808584388 0.444049878977
13 0.778235045262 0.429462944623
14 0.941224023700 0.956266563851
15 0.056570895948 0.651040273719
16 0.221800441388 0.360157624818
17 0.457999766804 0.440807800274
18 0.578051246703 0.385964871384
19 0.595161868259 0.588296873029
20 0.458551518153 0.984399878420
21 0.466179476585 0.527482694481
22 0.165381703991 0.760418705177
23 0.122109362390 0.919091347139
24 0.524117649999 0.487342356704
25 0.003323342185 0.423604983371
26 0.753649796825 0.933593876660
27 0.386738636531 0.955458381213
28 0.377643755637 0.164973682258
29 0.384921326302 0.318867779803
30 0.121240246110 0.441492222250
31 0.969908053521 0.343040687498
32 0.801649847068 0.427907820325
33 0.783848487772 0.379701093771
34 0.813872692175 0.379010356031
35 0.967997966800 0.272424210329
36 0.363410234917 0.434177443851
37 0.799906904809 0.528791938908
38 0.194596149027 0.922016267199
39 0.447883286513 0.718713799026
40 0.409358623903 0.451206628699
41 0.142318782397 0.163008421194
42 0.384800505359 0.529057419393
43 0.118466802407 0.762444261461
44 0.694031101651 0.503388128709
45 0.081312041264 0.815271347761
46 0.944880350959 0.051220094785
47 0.158312035725 0.746530198026
48 0.479127915576 0.942160523497
49 0.126231292263 0.293000607751
50 0.321170879994 0.094229259063
51 0.565424818080 0.684581114911
52 0.528406702913 0.365331722889
53 0.213373053819 0.723002852406
54 0.287347990554 0.661256340332
55 0.441716651432 0.696706614457
56 0.112462969031 0.584035434294
57 0.859715035651 0.497263474856
58 0.113092853688 0.978181838524
59 0.259707736317 0.807123955339
60 0.481569967233 0.341019777581
61 0.622395303100 0.426450318657
62 0.392239872366 0.780707338825
63 0.172980516683 0.871367787942
