100
900
0.060000
0 0.673595665954 0.662516946439
1 0.443085607607 0.678686441388
2 0.713875900488 0.833407966886
3 0.070304606110 0.200561287347
4 0.592210026458 0.454785196111
5 0.398177162278 0.456757814623
6 0.613747622818 0.280611215159
7 0.500919294078 0.985591330100
8 0.282684660517 0.013759776484
9 0.229141186923 0.751075127162
10 0.553778356872 0.392345185857
11 0.355112186633 0.837964448147
12 0.427560927812 0.809636711609
13 0.472186055500 0.697426545899
14 0.738231843337 0.965910284314
15 0.811769983731 0.411827509291
16 0.628427230753 0.254855591338
17 0.090513950679 0.342303131707
18 0.088263558224 0.160818557255
19 0.542864419054 0.680473584682
20 0.615603753366 0.941041581333
21 0.137231399305 0.229351376183
22 0.221652796492 0.638150693383
23 0.214942706749 0.504337457009
24 0.651910469867 0.444083893672
25 0.255412584636 0.205688826740
26 0.836429079529 0.610524771269
27 0.043653274886 0.263990007807
28 0.420161482878 0.515839330852
29 0.961416553706 0.158393326215
30 0.481749615166 0.773186537903
31 0.570220835507 0.110176846385
32 0.028042129241 0.660734786652
33 0.452479978092 0.116305687930
34 0.821553343907 0.995344397146
35 0.796779272612 0.437157097273
36 0.936385978945 0.934010672383
37 0.666508473922 0.158038775437
38 0.572161365766 0.881451180670
39 0.662376232911 0.224071836099
40 0.325535074342 0.917788817547
41 0.429760662839 0.161964154337
42 0.528313588817 0.473413938191
43 0.425954162143 0.948475072160
44 0.989253269043 0.387370715849
45 0.106868398376 0.471002884209
46 0.160557253752 0.677089234348
47 0.581179730594 0.188599383458
48 0.337824021000 0.033659708686
49 0.304905071389 0.159377364907
50 0.029004106298 0.101684344001
51 0.596534462180 0.965390085243
52 0.035695016384 0.263042936102
53 0.123428860679 0.607856382616
54 0.144494116772 0.785805093590
55 0.831928218715 0.470029191580
56 0.703593911137 0.261688881554
57 0.631993345916 0.231907500420
58 0.735102819744 0.057947508059
59 0.180382572580 0.724356088787
60 0.445318223909 0.287250970956
61 0.195358973462 0.605875478126
62 0.964340205304 0.776538704056
63 0.794474861585 0.302164226305
64 0.810198413208 0.099379932974
65 0.461541591212 0.839202519506
66 0.201064276975 0.058076053858
67 0.804592604749 0.236759293824
68 0.321118989959 0.928021465428
69 0.844615676440 0.465613107197
70 0.713826559484 0.676543895155
71 0.935642298777 0.417420470621
72 0.938232776709 0.567635644693
73 0.649327971041 0.673335596919
74 0.625583152752 0.829710543621
75 0.397691685706 0.070901376661
76 0.116961515043 0.593050659169
77 0.676776854787 0.081301720347
78 0.369589363690 0.471251716372
79 0.383465947118 0.179787776899
80 0.570631649345 0.845007538330
81 0.018990296405 0.771695926785
82 0.903083592188 0.823582901154
83 0.008455220610 0.224202582613
84 0.751604366582 0.853070897050
85 0.689815689810 0.465430926066
86 0.529614792205 0.625457988586
87 0.882851397153 0.467847568914
88 0.193093633279 0.532179368194
89 0.141183165833 0.818676786032
90 0.361889912281 0.538874852005
91 0.889578162692 0.478851427324
92 0.131925511174 0.566355017945
93 0.560153147671 0.501514874864
94 0.037606734317 0.943619094789
95 0.681302651763 0.608238384128
96 0.788626633584 0.700292948168
97 0.379934310913 0.691710225772
98 0.523875849321 0.388389531523
99 0.915912808385 0.275480216369
100 0.241460428573 0.605728498194
101 0.740911142435 0.771075220779
102 0.231186486781 0.623762539588
103 0.238922789693 0.424280120060
104 0.155941908248 0.380105955992
105 0.242956906091 0.517831820529
106 0.918980807997 0.132535069250
107 0.996683247853 0.050906319171
108 0.698890087195 0.556836395524
109 0.552421194501 0.736496821512
110 0.500455490779 0.233723846264
111 0.344735205639 0.289082124364
112 0.934016794898 0.724669516552
113 0.980792350136 0.457892644219
114 0.113059048075 0.896705158986
115 0.733372860588 0.354519476648
116 0.502433657181 0.474284003489
117 0.125594697427 0.733620144427
118 0.098046543077 0.364517487586
119 0.157900264487 0.253988451324
120 0.744623443577 0.400857171044
121 0.771820271853 0.663604251575
122 0.533392240293 0.768503519706
123 0.714510570746 0.232282327488
124 0.325339915697 0.266931765247
125 0.968779149000 0.825795406476
126 0.500655611977 0.313514355104
127 0.114877530839 0.434672406875
128 0.038183871657 0.095669880975
129 0.892565051094 0.151242920198
130 0.992375039961 0.625937912147
131 0.505762396846 0.494808697607
132 0.100221915636 0.631357094739
133 0.228428842034 0.198268458713
134 0.995874582324 0.386329106521
135 0.452256910503 0.740498025902
136 0.787186277565 0.224077182356
137 0.404102277476 0.320578517858
138 0.992580702528 0.118612848222
139 0.552860845346 0.317920618225
140 0.385544613935 0.521639994811
141 0.143716024701 0.886200225912
142 0.835154349916 0.258593555540
143 0.320872632787 0.873338221572
144 0.354263436515 0.213437683880
145 0.024581141770 0.346638476942
146 0.839375596028 0.530343539082
147 0.841447174549 0.939597511664
148 0.161700633820 0.069876016583
149 0.137865970843 0.157575216144
150 0.456205123104 0.590122881345
151 0.898073242046 0.243391401134
152 0.814200063702 0.302175519522
153 0.563969918992 0.806780766230
154 0.420788367745 0.116830764804
155 0.124701384455 0.806332981680
156 0.638470759615 0.268417409156
157 0.692533207592 0.473625109531
158 0.527010964695 0.013405840378
159 0.346963331103 0.881274401676
160 0.226843524724 0.371544473339
161 0.227912878618 0.066219120752
162 0.901888012420 0.069360053167
163 0.005816632882 0.063588646241
164 0.139236069750 0.143682603724
165 0.221163862385 0.595441192854
166 0.733805485070 0.119237104431
167 0.838832593989 0.548005548771
168 0.421412623953 0.402802513447
169 0.354786315467 0.842200991698
170 0.519633278251 0.479487699922
171 0.648533973843 0.158104037866
172 0.747905109543 0.341067181434
173 0.631729147397 0.274916074239
174 0.354473022278 0.978692478500
175 0.156190475915 0.581316547003
176 0.350236951839 0.384103354532
177 0.647535667755 0.252124964260
178 0.453463407699 0.653352300636
179 0.315713610500 0.592699477449
180 0.797034904361 0.536877472885
181 0.188140670769 0.530840389431
182 0.656114577316 0.026973264758
183 0.078845938668 0.077527201269
184 0.429775778204 0.433632254135
185 0.919728193432 0.949409056455
186 0.913119954057 0.568262167275
187 0.107513094321 0.661025063600
188 0.909329348709 0.739242241718
189 0.935941138305 0.263802370988
190 0.717934720684 0.092131614219
191 0.845118917990 0.068171672523
192 0.476234969217 0.492654586211
193 0.320296637248 0.929698376916
194 0.146006886847 0.636010247748
195 0.522397854831 0.943041791674
196 0.172887721099 0.710538525600
197 0.473882181104 0.829002298415
198 0.737511790358 0.552728119772
199 0.906529500149 0.167287569027
200 0.986360373907 0.826257693581
201 0.116696625482 0.899480328429
202 0.394519860856 0.224209720269
203 0.560505392030 0.303849209566
204 0.963451961987 0.496446530335
205 0.567651581019 0.681386682671
206 0.588578145020 0.412770499010
207 0.749558355659 0.064813114237
208 0.905425085220 0.069854992907
209 0.994511491153 0.051431972533
210 0.705865240656 0.516909345984
211 0.994473764207 0.878752961755
212 0.227447871584 0.468355945311
213 0.707755260635 0.964959662408
214 0.021084065549 0.614284760784
215 0.132247231435 0.007444439456
216 0.440542454366 0.248943856917
217 0.906924767885 0.835062315222
218 0.473153577186 0.467430160381
219 0.138911524788 0.436605539639
220 0.963876690716 0.706563105807
221 0.117992222309 0.552454835735
222 0.119333605282 0.867550577968
223 0.617267949972 0.024758690502
224 0.937405570876 0.611779441591
225 0.076190663036 0.643270811997
226 0.128688787576 0.070664427243
227 0.522023773752 0.356136659626
228 0.539020373020 0.229779034387
229 0.321096322034 0.560104438569
230 0.844063795172 0.453343553469
231 0.567548878025 0.284606249537
232 0.702287410386 0.474473646376
233 0.119668564759 0.175440988038
234 0.941903806757 0.258580090012
235 0.612046527676 0.905780497473
236 0.965143195819 0.730038749985
237 0.458235333674 0.084476801101
238 0.597589328419 0.075503283646
239 0.109235492069 0.534994899295
240 0.687282725237 0.185426155105
241 0.178265711293 0.815971513279
242 0.256090582814 0.700289485510
243 0.172108172905 0.795110955834
244 0.930068519898 0.493204494938
245 0.355215394404 0.774132315535
246 0.946548048407 0.922764272429
247 0.058738565072 0.648835458793
248 0.397237918805 0.178407130297
249 0.824276446830 0.339141725563
250 0.436987220310 0.436322974507
251 0.244922223501 0.402130416129
252 0.166361724958 0.703157557175
253 0.486607217696 0.763951053377
254 0.778660840821 0.595842709765
255 0.298945952673 0.465943566523
256 0.781268864870 0.477211664431
257 0.281915079802 0.037359447684
258 0.177501149941 0.454023252707
259 0.832470403519 0.107569669839
260 0.947227747645 0.187685797922
261 0.881701985374 0.893775796052
262 0.110450070817 0.940440550912
263 0.542611254845 0.507687989622
264 0.118847681209 0.366887702141
265 0.846829715651 0.555834901519
266 0.803210676648 0.091751939151
267 0.957965317648 0.969572401606
268 0.794909496326 0.444572535343
269 0.733523454983 0.573570337147
270 0.040415245108 0.032469408121
271 0.039513903670 0.821684110444
272 0.509681072552 0.321428983472
273 0.859043558128 0.687182222493
274 0.775452236179 0.691513962112
275 0.794751892332 0.722679983824
276 0.879199760035 0.676453878172
277 0.616455779877 0.989649830852
278 0.616894429084 0.159067035187
279 0.497337820940 0.735742110293
280 0.525954737328 0.344167536590
281 0.291577011812 0.329165413976
282 0.435919475742 0.249542329460
283 0.298737816047 0.230828972068
284 0.694114865270 0.032261271030
285 0.804399309214 0.734530110378
286 0.064730679151 0.843913213350
287 0.556214220822 0.574411751702
288 0.165342196822 0.415257779416
289 0.261593974195 0.940794433467
290 0.106771741528 0.056345866993
291 0.663474417292 0.985971501563
292 0.732799745165 0.279930197634
293 0.975621332880 0.349694174249
294 0.438997232821 0.472959153820
295 0.085436284542 0.964951970149
296 0.817126690410 0.377013296355
297 0.294117384125 0.253046166152
298 0.626555625815 0.592855200171
299 0.483875138219 0.320670491084
300 0.625116471667 0.288274447434
301 0.055200601928 0.689847150818
302 0.132187660784 0.611414822750
303 0.264258902986 0.297529858071
304 0.026672602165 0.525852877181
305 0.238324291538 0.133444343694
306 0.582198744174 0.901798708830
307 0.119415845722 0.314998489339
308 0.181728906464 0.095037178602
309 0.664692663588 0.620726139285
310 0.567996332422 0.750128948130
311 0.585678109434 0.385123022832
312 0.127142244484 0.879795494024
313 0.638169188984 0.753697870765
314 0.472650694195 0.122044327203
315 0.074368361849 0.097767165862
316 0.410318774637 0.129568963777
317 0.787614317145 0.542506435886
318 0.740983786993 0.051873220131
319 0.840036293957 0.767656389158
320 0.577726097312 0.078360585496
321 0.901100733317 0.159924841952
322 0.980159294326 0.020516579039
323 0.474923331290 0.161888201255
324 0.115553757641 0.139615995344
325 0.782614340540 0.683550090063
326 0.889744943473 0.368292450439
327 0.068673112895 0.016887188423
328 0.248087944463 0.706842301879
329 0.770585059188 0.720738638658
330 0.828886629082 0.844953421038
331 0.818505804986 0.239205403719
332 0.974522385281 0.606120122131
333 0.781711839605 0.715506172273
334 0.657993342262 0.621748133563
335 0.483162561432 0.235719439574
336 0.700108719058 0.384263294749
337 0.395644281525 0.680268013850
338 0.404779873788 0.870567613281
339 0.842156215105 0.520333631430
340 0.010183608625 0.624770555645
341 0.203883721493 0.899928552099
342 0.993063006084 0.272556834389
343 0.916815740522 0.241150950547
344 0.979399136268 0.687400799710
345 0.961889589671 0.808285765350
346 0.532354221214 0.780395394657
347 0.047491169535 0.506876606494
348 0.386515516788 0.829203009140
349 0.222382778767 0.044508859050
350 0.450951143168 0.705545340199
351 0.280228298623 0.151059862226
352 0.089808635414 0.675872580614
353 0.831327876076 0.494588509202
354 0.546440193895 0.673484091181
355 0.014922141097 0.556623802520
356 0.298254647292 0.218805862591
357 0.456552354619 0.291317653377
358 0.491362697445 0.373368095607
359 0.532468604390 0.470761833712
360 0.060768895317 0.494358194061
361 0.279047599528 0.593123116530
362 0.274753588717 0.326538769063
363 0.099999723025 0.661269105505
364 0.155741778202 0.322382501792
365 0.705777964555 0.606692921370
366 0.027927842457 0.986006263178
367 0.757752784062 0.117736477870
368 0.661878843792 0.589080660138
369 0.612324987072 0.208319037687
370 0.262564751785 0.627247128170
371 0.764942840207 0.560819399077
372 0.846052991226 0.221495195292
373 0.852137052454 0.337415688671
374 0.594863290899 0.384605656844
375 0.808177522384 0.655632186215
376 0.878963850904 0.087225121912
377 0.248755303212 0.153717439622
378 0.413763890974 0.348755026236
379 0.814986545127 0.569505669642
380 0.671137528494 0.520764509682
381 0.176198591013 0.699065370951
382 0.506770773325 0.933951375075
383 0.816801848821 0.168649617117
384 0.523032035679 0.429126835894
385 0.376968655270 0.785596787464
386 0.056373964529 0.141911495477
387 0.346416186541 0.902426955756
388 0.363406690769 0.198553238995
389 0.239842644427 0.958269981667
390 0.583158896305 0.048020166811
391 0.613902168348 0.462122747209
392 0.135245289188 0.862657471560
393 0.615840187296 0.549009180162
394 0.211412497796 0.430826732423
395 0.118514849804 0.882550026290
396 0.951591242570 0.294713441283
397 0.581615397241 0.458362015896
398 0.228664816357 0.398417246062
399 0.627011633012 0.751696852036
400 0.827544082422 0.003980288282
401 0.537293639500 0.883918046951
402 0.145891784225 0.883709826041
403 0.786345002707 0.509298474994
404 0.082263065502 0.026187647134
405 0.467568457127 0.665421961807
406 0.074207813945 0.081470625475
407 0.127544709016 0.209453103133
408 0.944128097035 0.743384896312
409 0.758462283760 0.155540594831
410 0.174211629201 0.876977133565
411 0.038090621587 0.125802871771
412 0.171690574847 0.619706018828
413 0.584164887667 0.400355391670
414 0.018123265356 0.211176520679
415 0.152052243706 0.845667347778
416 0.215156809427 0.689345883671
417 0.729585394729 0.361048593652
418 0.573055709712 0.515930397436
419 0.870347068645 0.655318775214
420 0.542118044570 0.337915525772
421 0.320740737021 0.616325858515
422 0.419386151247 0.448285446502
423 0.825778962113 0.363514248282
424 0.191670342814 0.584241245873
425 0.519054843578 0.365881972015
426 0.461218379438 0.557145465165
427 0.491684843786 0.632908954751
428 0.176851483993 0.075849731453
429 0.033264346421 0.194974749349
430 0.287026252598 0.185316590127
431 0.040642097127 0.502183062024
432 0.874662473798 0.770227491856
433 0.863231655676 0.447718183976
434 0.286157889292 0.733578724321
435 0.103036959190 0.828275933862
436 0.071494250558 0.423777696677
437 0.444601792842 0.490880401805
438 0.872063143179 0.270380754955
439 0.854394650552 0.063733485993
440 0.854622000828 0.373449494131
441 0.429615458474 0.315840380266
442 0.930594959296 0.921300302260
443 0.948749335017 0.107446443290
444 0.997150034178 0.982013681438
445 0.302421193104 0.284176286776
446 0.167330272030 0.343063290231
447 0.786359348800 0.041992745828
448 0.113290782552 0.649591004476
449 0.489710929804 0.399448671844
450 0.383169728797 0.592747889459
451 0.227724606171 0.454663979355
452 0.016525586136 0.672326399013
453 0.945544381626 0.888588729315
454 0.942707153969 0.799939032178
455 0.952322215308 0.797329154797
456 0.173388526309 0.381937673781
457 0.113169535063 0.103983485606
458 0.303237976506 0.061918870546
459 0.211429928895 0.300388010684
460 0.043932551984 0.513851121999
461 0.584564297460 0.211262824014
462 0.856914412696 0.370923646260
463 0.253255570307 0.970205195248
464 0.020514650736 0.742966500111
465 0.369653867092 0.403684379533
466 0.335714389570 0.597378473263
467 0.858348359354 0.352239975706
468 0.269704872277 0.803892740980
469 0.240828705020 0.212412026245
470 0.603831773158 0.193150920793
471 0.009741181042 0.777220299467
472 0.575088594574 0.122910716571
473 0.881203785073 0.878326571081
474 0.184829587117 0.092633713968
475 0.178714581765 0.228762139101
476 0.606484836433 0.763278879225
477 0.440024963580 0.463399249129
478 0.134202525485 0.693280533887
479 0.433604444377 0.154717176221
480 0.436247033998 0.803258311469
481 0.558401556220 0.771961424034
482 0.400636785198 0.416749915574
483 0.124201399740 0.670341657475
484 0.220642656554 0.365030105226
485 0.882753684185 0.824474429712
486 0.558181026019 0.892494865227
487 0.601694729179 0.133269620594
488 0.015405581798 0.482898514252
489 0.011596192140 0.200235168915
490 0.575532228220 0.190310773905
491 0.428997308481 0.182017064653
492 0.953589653596 0.869022272062
493 0.645416313782 0.087792179082
494 0.562302805949 0.079020758159
495 0.242509355769 0.998549839947
496 0.882279070094 0.800910911988
497 0.770511263981 0.282915855292
498 0.217660827562 0.894712664187
499 0.953257512767 0.438303484116
500 0.259742769413 0.836011196952
501 0.262777913827 0.817923795432
502 0.728506062645 0.864472643007
503 0.951193416025 0.743911644444
504 0.347371157259 0.962789608166
505 0.944146813825 0.922903385479
506 0.153100382537 0.373144122306
507 0.104920450598 0.106690036133
508 0.242166394368 0.750336764380
509 0.194482215215 0.804469200317
510 0.829357523005 0.436991570983
511 0.803019040264 0.711636593100
512 0.237902482972 0.573530304711
513 0.994552448392 0.455563310534
514 0.468242968898 0.947809961159
515 0.893866794650 0.727985738311
516 0.783821158577 0.156644708477
517 0.545909533743 0.512327221222
518 0.021117351484 0.497102949768
519 0.256238865666 0.368488508742
520 0.459892558400 0.200385679491
521 0.291391894687 0.612992940936
522 0.573529801797 0.396312345285
523 0.719682977069 0.815696196165
524 0.146649109665 0.914165192284
525 0.620165396482 0.976006632671
526 0.351156763732 0.423184437212
527 0.687643225770 0.589059246704
528 0.996714741923 0.682195674162
529 0.044622557703 0.464957710821
530 0.630005635787 0.938489352353
531 0.192943449132 0.413826794364
532 0.095134061296 0.738852982875
533 0.926154015586 0.116251412779
534 0.235955932643 0.182392881252
535 0.484739921987 0.695848491043
536 0.382778561208 0.776131816674
537 0.308841431979 0.956308363006
538 0.172444161959 0.028524409048
539 0.772004559636 0.319093271624
540 0.942689601798 0.392169956118
541 0.295099904761 0.293846365530
542 0.815354393329 0.982743130531
543 0.882905612234 0.812069135252
544 0.664938805159 0.927528169937
545 0.277026846074 0.294944440946
546 0.866017522756 0.469970295206
547 0.708771235310 0.961151584052
548 0.208823278081 0.634925250895
549 0.077402996831 0.444779211190
550 0.817318132147 0.562142918818
551 0.140627702232 0.200096693356
552 0.338274735492 0.449469134677
553 0.156405056827 0.510718897451
554 0.477993543725 0.928409616463
555 0.829812169541 0.420683145523
556 0.320579572581 0.124912074301
557 0.714529511053 0.135933966376
558 0.107655204833 0.597435123753
559 0.948003101628 0.772594009992
560 0.524963293690 0.225029948168
561 0.067538450938 0.390980816446
562 0.695000243373 0.776309686247
563 0.352132400498 0.903823521920
564 0.411234937143 0.429535397794
565 0.348602733109 0.228553069755
566 0.991678316612 0.489230435342
567 0.428649763111 0.329953052569
568 0.938699570019 0.585054819938
569 0.840671950020 0.416693114210
570 0.513464436401 0.670484119561
571 0.837376259733 0.834044009447
572 0.795396193862 0.551905771252
573 0.969977975823 0.903051399160
574 0.149340895005 0.917981077451
575 0.675645409152 0.674304188695
576 0.143011025619 0.743183860555
577 0.065285005607 0.838011269458
578 0.519493546803 0.417417406105
579 0.741834791377 0.930728484411
580 0.846952803899 0.090437524486
581 0.159281554166 0.838631120976
582 0.579667959828 0.587931317277
583 0.168584173545 0.518367530312
584 0.172986137681 0.009256123565
585 0.935060644522 0.686450574081
586 0.679740243591 0.772436904255
587 0.520494583528 0.475136437453
588 0.324342675507 0.490472559351
589 0.378187836614 0.473683570512
590 0.408453637268 0.053833246231
591 0.147987759672 0.551464662887
592 0.797017106786 0.213272765279
593 0.389475932345 0.316510653589
594 0.630690171383 0.131310723722
595 0.247239138000 0.477642975748
596 0.221748248208 0.406520692166
597 0.316274096724 0.801416208502
598 0.994452009909 0.484858270269
599 0.319783738814 0.167438147590
600 0.494114393834 0.254844383337
601 0.853888721671 0.173854637425
602 0.027281287592 0.374383305665
603 0.648991075344 0.351623963565
604 0.864855865017 0.027178911958
605 0.825307534076 0.273309502285
606 0.081012158189 0.973295293748
607 0.824774165638 0.878029264975
608 0.186568059027 0.214250097983
609 0.194539919030 0.817258230876
610 0.345560822170 0.441779057030
611 0.294901206624 0.567309070379
612 0.848299749661 0.611175303347
613 0.368725278880 0.842751759570
614 0.096033573616 0.688509017695
615 0.010189907160 0.590147967450
616 0.943353401031 0.864078628831
617 0.764002605341 0.970634689089
618 0.238461934496 0.412993680686
619 0.322258652654 0.103317799978
620 0.440172592644 0.147566186730
621 0.376627302263 0.521184751298
622 0.120861480944 0.201401467901
623 0.399214016274 0.307429539971
624 0.415651566349 0.593753935304
625 0.124687770847 0.761212388519
626 0.035532992799 0.419588977471
627 0.328521458898 0.883832742460
628 0.030764280818 0.697246738244
629 0.726584502030 0.126797854435
630 0.385755755939 0.736774409190
631 0.716945822351 0.329109157436
632 0.600853038020 0.480948427692
633 0.299743846525 0.839314972982
634 0.893942108378 0.622002499178
635 0.942632772960 0.334114701021
636 0.769568685908 0.319260075223
637 0.855299452320 0.890430166852
638 0.520661543589 0.254513469059
639 0.197859707288 0.936313109938
640 0.848267404363 0.322547478136
641 0.697525498457 0.883800397161
642 0.742136456072 0.026046957355
643 0.767633139621 0.772900736891
644 0.723293695599 0.494217641652
645 0.899698591791 0.109049452003
646 0.230992050841 0.616644414142
647 0.438158609439 0.831845089328
648 0.097592841834 0.737902455963
649 0.671160062309 0.991534950212
650 0.359904955141 0.613792835269
651 0.325649651233 0.129473641049
652 0.933052910492 0.180949104019
653 0.019903808367 0.453714454081
654 0.435462573078 0.217763515655
655 0.390027564019 0.283729977440
656 0.540310993791 0.087553062476
657 0.167530375067 0.282447449863
658 0.113600020297 0.935163514689
659 0.055348187219 0.836893715896
660 0.429381156806 0.955046779010
661 0.945943167899 0.660373207647
662 0.571691193152 0.384101777337
663 0.492218296975 0.669284034986
664 0.122004233301 0.163378359284
665 0.660818985198 0.481909188442
666 0.777171194553 0.986468636431
667 0.611382829957 0.710224105511
668 0.167417740449 0.631286638323
669 0.163938559592 0.602880313527
670 0.849050153978 0.553966124076
671 0.886610291433 0.389361147769
672 0.641519186553 0.054140666500
673 0.671808598097 0.755119206849
674 0.989304181188 0.727156785317
675 0.592012923211 0.418685337994
676 0.682203564327 0.537956091110
677 0.079058546107 0.253894757479
678 0.922057868913 0.571276843082
679 0.923178792465 0.044062102214
680 0.734655202832 0.583997777663
681 0.525971291121 0.511826397385
682 0.570466414094 0.137354121078
683 0.222050502896 0.737884155009
684 0.768640759401 0.385989062954
685 0.340764468536 0.617690913379
686 0.939955187030 0.227374759968
687 0.007052061148 0.581474373583
688 0.281515426468 0.678860659245
689 0.336593580898 0.270819608122
690 0.406017444562 0.928606504109
691 0.689504946116 0.088221008889
692 0.466562595218 0.768563492224
693 0.342115766369 0.388620464131
694 0.339840335771 0.265294558834
695 0.432682566810 0.074495538604
696 0.849292336497 0.958653857931
697 0.586321935989 0.419758751057
698 0.096007979009 0.808372439351
699 0.157642906066 0.864648738410
700 0.194361502305 0.498407374602
701 0.482339651790 0.134316689335
702 0.725782135036 0.489391712938
703 0.715791062918 0.007297561504
704 0.168252372649 0.052384643815
705 0.278117169626 0.574269817211
706 0.980991147924 0.967622116208
707 0.662490826566 0.447553743608
708 0.736185608432 0.004606592935
709 0.836174207740 0.076025944203
710 0.269901152235 0.268856774550
711 0.150521482807 0.119193488732
712 0.227510632481 0.736843419261
713 0.538952239789 0.323518611491
714 0.545215858612 0.696595145855
715 0.188167349901 0.739577360917
716 0.195002520923 0.670507001691
717 0.873894050252 0.920784655958
718 0.159898715094 0.589685113169
719 0.928082217462 0.328151087742
720 0.642069757450 0.206199387554
721 0.902420904953 0.623060905375
722 0.173821503762 0.564911731519
723 0.070614648983 0.910007112194
724 0.569518324919 0.906788857188
725 0.986033056863 0.839419477154
726 0.175645631738 0.136554539669
727 0.958612965886 0.403156264685
728 0.873397958931 0.497565206140
729 0.726674876176 0.418613817543
730 0.194160351995 0.914842226543
731 0.158191178460 0.389162872918
732 0.585349228233 0.032085228711
733 0.309947528876 0.745247943327
734 0.621770342346 0.238029746804
735 0.073399031069 0.263840099797
736 0.444229134358 0.975819936488
737 0.886901005171 0.618050638121
738 0.540731668007 0.957515654620
739 0.528057750314 0.110249992926
740 0.864304511808 0.514090807177
741 0.949669470079 0.039950143546
742 0.650645347312 0.908282436430
743 0.443106408231 0.524043306243
744 0.405847642571 0.169781284872
745 0.942657124251 0.600007994566
746 0.084623511415 0.100848302711
747 0.989170867950 0.669972739648
748 0.132933531888 0.299118396826
749 0.415220683441 0.754703874234
750 0.537148143630 0.488619714510
751 0.018543974031 0.981377277989
752 0.464439650998 0.905444979202
753 0.599427916110 0.005171319470
754 0.862960633822 0.127485666890
755 0.115421312395 0.727265145630
756 0.641576474067 0.065090782940
757 0.767215289641 0.292221821379
758 0.973373219371 0.210321697872
759 0.816265128087 0.379220861942
760 0.380102982745 0.758922252338
761 0.979228856508 0.464726494160
762 0.859770555049 0.968399724457
763 0.134699234273 0.992704086937
764 0.267518121749 0.549919917714
765 0.747407961171 0.804666265380
766 0.038539632224 0.765951935202
767 0.786043543834 0.502979283687
768 0.671396914870 0.385471459944
769 0.508150603157 0.534357548691
770 0.512957126833 0.623571915552
771 0.261622694787 0.154533601366
772 0.688662698492 0.028837984428
773 0.446755422745 0.662035917863
774 0.239159682300 0.263020550832
775 0.041256779805 0.619262665510
776 0.021942803171 0.020485636778
777 0.083989159670 0.881713358685
778 0.988885361236 0.218688393943
779 0.874417445622 0.256403482985
780 0.768608311657 0.621825407259
781 0.061069748830 0.807147944346
782 0.387777342461 0.847113292664
783 0.310127228033 0.059174257331
784 0.232584752608 0.818277831189
785 0.593531806488 0.745541879907
786 0.441849746741 0.855154501274
787 0.900075481273 0.130512445699
788 0.883992485702 0.346830904018
789 0.792548363563 0.123152168002
790 0.609851455316 0.833805143833
791 0.742414833512 0.631794258486
792 0.854290780611 0.826403993648
793 0.513507617172 0.843176141847
794 0.045092387591 0.387925063260
795 0.099579625297 0.813700699713
796 0.009750470519 0.160649374127
797 0.620848644059 0.397527812980
798 0.007762666792 0.930975872092
799 0.456702070776 0.240347419400
800 0.749253703281 0.050233877264
801 0.985889299307 0.191103450023
802 0.905388378538 0.885964780580
803 0.321615895722 0.789380864240
804 0.232795685064 0.114164259750
805 0.912533032242 0.842647140380
806 0.947969403584 0.654947866220
807 0.474441398866 0.802260184195
808 0.481351859868 0.987949016504
809 0.645436326042 0.526444247458
810 0.375874079764 0.745015951339
811 0.340144947171 0.385624550283
812 0.905665325467 0.960993591230
813 0.783152363263 0.913427992258
814 0.891969463322 0.239854434039
815 0.153775412124 0.641223166604
816 0.290088311303 0.139664711431
817 0.832326617092 0.195476689842
818 0.025629492477 0.153942512814
819 0.984857554082 0.258425177541
820 0.268106772564 0.897390586790
821 0.101072317921 0.216076176148
822 0.552338453010 0.575513716787
823 0.018336360343 0.033690312877
824 0.563462733291 0.663772686850
825 0.560134560335 0.939336813055
826 0.408788638189 0.900279507972
827 0.324961363338 0.314453964122
828 0.861273099203 0.108113727067
829 0.227881956380 0.753242562991
830 0.347968161106 0.381657368504
831 0.394465729594 0.638056472875
832 0.521322080400 0.226792346686
833 0.833533162717 0.546951572876
834 0.380734859966 0.818390717264
835 0.805376750417 0.648841632530
836 0.715781304054 0.906449068338
837 0.864917809144 0.268119757064
838 0.481962785125 0.883254169486
839 0.301810069941 0.045425518882
840 0.547026856337 0.861944630276
841 0.984762331937 0.955815494992
842 0.762224138249 0.309723695740
843 0.270269459113 0.623497237917
844 0.417837422807 0.498151415493
845 0.376739800908 0.765805583913
846 0.879808784463 0.771205530502
847 0.403862056788 0.401130864862
848 0.997997877654 0.237395219970
849 0.948082437739 0.378732737619
850 0.055785937235 0.753459188156
851 0.027574370150 0.771567241289
852 0.659908256494 0.892492179293
853 0.039686998352 0.141871041618
854 0.775746349245 0.341497068293
855 0.187296560500 0.322773205582
856 0.203441698570 0.172058892902
857 0.278588700574 0.965665837284
858 0.481782588642 0.548858159687
859 0.589163075201 0.899620011449
860 0.047009575646 0.965902876109
861 0.665425595362 0.926818360109
862 0.737108406611 0.069287652615
863 0.327949224971 0.735106284264
864 0.306682872586 0.276031662710
865 0.113839021884 0.362468809821
866 0.029490850866 0.141413392499
867 0.134036051109 0.689399107359
868 0.033905571792 0.173723049462
869 0.831270148978 0.809651921038
870 0.515220117755 0.018566709943
871 0.132425127085 0.718661816325
872 0.190625602845 0.411013827659
873 0.684327653609 0.672408191487
874 0.959871987812 0.273490728810
875 0.572028202936 0.006881563459
876 0.239393604919 0.237453798298
877 0.933699923567 0.976502011996
878 0.306741450913 0.261649148539
879 0.711608296260 0.613424323499
880 0.537680811249 0.825447318610
881 0.975893133320 0.567171662115
882 0.966860711109 0.109929184429
883 0.256570769474 0.000766282901
884 0.283652233891 0.087840918452
885 0.810418204404 0.798872351646
886 0.106407628395 0.942843331490
887 0.517534168437 0.297033231240
888 0.353857159149 0.201861822046
889 0.969441422727 0.313729146961
890 0.475352551322 0.541469625663
891 0.320610710420 0.714746156242
892 0.778923424426 0.254310633987
893 0.691248168238 0.085664875340
894 0.515959782526 0.402856464963
895 0.699089199305 0.053640593775
896 0.228303783573 0.674982332624
897 0.620812255889 0.195164494682
898 0.784911517520 0.877383025363
899 0.195930777583 0.068563751411
900 0.965223944280 0.006348981988
901 0.867436103523 0.071631572675
902 0.949192313477 0.384970271960
903 0.368664804380 0.303049473092
904 0.586832094006 0.338106227107
905 0.616778620053 0.062184645329
906 0.879575853236 0.937389330938
907 0.776930802036 0.658499277662
908 0.191699964926 0.468178970274
909 0.744164153002 0.707659747917
910 0.871035435237 0.443253352307
911 0.761300341692 0.099339218810
912 0.118235685397 0.382112598047
913 0.294503713492 0.903147202916
914 0.259495623410 0.490434491541
915 0.971710954327 0.224719567690
916 0.496783473529 0.839147057850
917 0.296351140831 0.445975787472
918 0.224117329810 0.665015945211
919 0.749025260564 0.810949424282
920 0.003122172318 0.365803880617
921 0.873134069610 0.882698025554
922 0.303193211555 0.650064871646
923 0.541197303217 0.494893176947
924 0.118243842386 0.285361456685
925 0.202552924864 0.989279277623
926 0.728614808992 0.963853266556
927 0.088618496899 0.846850494388
928 0.345965864602 0.383122210391
929 0.749997697305 0.605461488478
930 0.873556701932 0.721708652098
931 0.830181056168 0.370340175927
932 0.560855709948 0.126532196999
933 0.816315963399 0.784973040223
934 0.791548142210 0.565341223963
935 0.595922464505 0.794670314994
936 0.931145104580 0.469056534115
937 0.677368340548 0.234338316601
938 0.119121406227 0.218565644231
939 0.729231493548 0.237365248613
940 0.503927100915 0.931784418412
941 0.226644526236 0.232541909907
942 0.895637684967 0.315263023134
943 0.079392404761 0.241603550036
944 0.698385233991 0.829390102066
945 0.847065038513 0.571941935923
946 0.551098754164 0.677246094681
947 0.942282111850 0.111954464577
948 0.803778292146 0.758598075248
949 0.896927504800 0.595326434355
950 0.323939299211 0.492849969305
951 0.389996749349 0.255084404256
952 0.961906503420 0.067365090363
953 0.489422720857 0.081027909648
954 0.285930734593 0.218654214405
955 0.318393158261 0.789857835509
956 0.150438632816 0.545037684962
957 0.022399745416 0.046076317783
958 0.860300708096 0.101792150177
959 0.287679867819 0.558685942087
960 0.931182252709 0.134744906332
961 0.130627878476 0.482281006873
962 0.811991001479 0.072909990326
963 0.594235471450 0.615769293625
964 0.831508066040 0.491162976250
965 0.211095727980 0.155447365250
966 0.984012945555 0.601092477795
967 0.410531769507 0.945919449441
968 0.668457568157 0.899954490364
969 0.026947359089 0.954388302751
970 0.118608704768 0.345340517815
971 0.744246138260 0.269047337584
972 0.890378202777 0.766645883676
973 0.315123655833 0.750678910874
974 0.868438034318 0.602803523652
975 0.309364853427 0.799620287027
976 0.737548430450 0.439992731903
977 0.281901293900 0.549539431930
978 0.512902722228 0.876136765815
979 0.165308725554 0.344410788268
980 0.367299742065 0.376404453535
981 0.499858153984 0.351312688086
982 0.977496931329 0.910389923491
983 0.297232137527 0.645954499487
984 0.810344414320 0.324179496616
985 0.600342802238 0.928953119088
986 0.669520014431 0.344588940497
987 0.198000457138 0.559898217209
988 0.111234824639 0.513124112971
989 0.310577128548 0.979672858957
990 0.115927636623 0.619941981975
991 0.779293145984 0.853476067074
992 0.059934713878 0.061194439884
993 0.403015499003 0.572837436106
994 0.937331205700 0.568324224558
995 0.917248224840 0.304630948231
996 0.944728678558 0.417106378824
997 0.655943636317 0.922225609887
998 0.327496302314 0.953175773844
999 0.568180109840 0.137840716634
