4
60
0.300000
0 0.050000000000 0.050000000000
1 0.050000000000 0.950000000000
2 0.950000000000 0.050000000000
3 0.950000000000 0.950000000000
4 0.380767195020 0.917267289944
5 0.049402380362 0.762303809170
6 0.574801730458 0.210462874733
7 0.244484226685 0.281793112867
8 0.328815855552 0.073822561186
9 0.844409111422 0.651783685200
10 0.353960776702 0.271968720946
11 0.113673946820 0.010657618754
12 0.890311597846 0.183626084123
13 0.662211866118 0.312433940358
14 0.983522264753 0.583823784720
15 0.820379915182 0.323643327691
16 0.495479540434 0.805659373291
17 0.387043649796 0.360399569385
18 0.580266473815 0.647058228496
19 0.190179937053 0.961033668835
20 0.564325518440 0.239582317416
21 0.723337478470 0.139127248898
22 0.450045192149 0.967821705155
23 0.420920361765 0.778861047700
24 0.041644266341 0.265329473186
25 0.430644732900 0.395605043508
26 0.537298194133 0.544318680186
27 0.406262662262 0.427609791979
28 0.727944764309 0.068474528380
29 0.740043732803 0.711467029061
30 0.652298313100 0.560423647985
31 0.035110357217 0.147777853999
32 0.366083021276 0.422154007014
33 0.508177423384 0.946349495556
34 0.069212235976 0.698357360438
35 0.907383164391 0.633537754416
36 0.937939677853 0.630720642861
37 0.772665003780 0.387984870002
38 0.598542348016 0.193585365545
39 0.166845918167 0.640186614823
40 0.458914839197 0.597490651067
41 0.035791658331 0.996213033330
42 0.141809331253 0.442054320592
43 0.423822825775 0.869754095562
44 0.510528849438 0.163866558578
45 0.581221125089 0.162827162538
46 0.724290206563 0.616331482306
47 0.310605016537 0.090373228304
48 0.038485489320 0.818782439921
49 0.036722723860 0.107697725296
50 0.517139800359 0.944105888251
51 0.741235480178 0.455079478212
52 0.574826531578 0.513900483958
53 0.843064348679 0.173368879594
54 0.707485849503 0.009910266846
55 0.813555494417 0.166400688700
56 0.607400917914 0.849347152747
57 0.162613722496 0.749210249633
58 0.291401473805 0.586436548270
59 0.618964345194 0.801930323243
60 0.750303106848 0.200185470283
61 0.964757485781 0.474593313411
62 0.816516952589 0.275362502784
63 0.564966541715 0.855002442375
