4
60
0.300000
0 0.050000000000 0.050000000000
1 0.050000000000 0.950000000000
2 0.950000000000 0.050000000000
3 0.950000000000 0.950000000000
4 0.491440437734 0.037011665758
5 0.710611728020 0.123192489613
6 0.711015030276 0.192529288586
7 0.142815307248 0.804491491523
8 0.371773147490 0.831293296535
9 0.598436766770 0.887037727050
10 0.689259209204 0.843259980902
11 0.940980605781 0.438768610824
12 0.843323043548 0.476564598270
13 0.472564009950 0.466025123373
14 0.242703019641 0.467545024585
15 0.820448225830 0.559488956351
16 0.936976557132 0.790450041182
17 0.675342706963 0.432481513824
18 0.205710859969 0.764716325793
19 0.487884434871 0.697151297703
20 0.801727991551 0.198496163357
21 0.820343787782 0.512743021827
22 0.391025451943 0.963159095030
23 0.317234513350 0.762798599433
24 0.794452391565 0.915671280120
25 0.649836326484 0.483711600769
26 0.758931261487 0.590816932265
27 0.922480212059 0.602254305035
28 0.067381530534 0.395044222008
29 0.068279428408 0.310084550176
30 0.862589247059 0.888727654237
31 0.869573506527 0.799565804191
32 0.679177695420 0.544916213956
33 0.232047318015 0.884888555389
34 0.309632539749 0.719931753352
35 0.582039853092 0.111360531766
36 0.918427916709 0.402383640874
37 0.624103553593 0.309453368653
38 0.365542735904 0.941338067409
39 0.072251968086 0.159995127935
40 0.857009347528 0.722088294569
41 0.643706728704 0.615940609016
42 0.312905226834 0.566186940763
43 0.218194914050 0.380286757369
44 0.961231163237 0.286474342458
45 0.690371308010 0.823820410296
46 0.175201996695 0.559944814537
47 0.623386214487 0.854379692115
48 0.104861028492 0.855433532968
49 0.739268247504 0.414493568707
50 0.575365286320 0.321308101062
51 0.525854100473 0.493793203030
52 0.723691741936 0.149957654066
53 0.803246571682 0.089234478306
54 0.091295721475 0.875498539768
55 0.249229606241 0.948305069469
56 0.597586834338 0.892936334945
57 0.564245678484 0.910492061172
58 0.459123276174 0.782440593001
59 0.290778818540 0.420354439411
60 0.068914935458 0.981150126550
61 0.244174849708 0.244116932619
62 0.541094941553 0.867561064195
63 0.098496624734 0.645955970045
