4
60
0.300000
0 0.050000000000 0.050000000000
1 0.050000000000 0.950000000000
2 0.950000000000 0.050000000000
3 0.950000000000 0.950000000000
4 0.752363994718 0.582608890720
5 0.163568709046 0.862997915596
6 0.584424200468 0.173097894061
7 0.431989207864 0.690950262360
8 0.480789422523 0.984113463201
9 0.124573791865 0.151205088478
10 0.728704699315 0.095951331314
11 0.864317544736 0.739327267744
12 0.777307243552 0.130278766155
13 0.877582632005 0.038265662268
14 0.534466108307 0.581591640133
15 0.286592624616 0.151844582986
16 0.301301480271 0.232302765828
17 0.593116009608 0.849946203176
18 0.806306909304 0.893454949372
19 0.175692250486 0.558670904487
20 0.476063840091 0.339260959532
21 0.421668820083 0.060488041025
22 0.512358853593 0.853658027947
23 0.751438303385 0.993148276117
24 0.837771491148 0.876012095250
25 0.144353364594 0.566476190928
26 0.971963426564 0.008670909796
27 0.305803458672 0.749270670582
28 0.138949675951 0.183386090677
29 0.787536332849 0.673415784258
30 0.764977730811 0.074128957465
31 0.825260367244 0.066279211547
32 0.306431723293 0.418376376852
33 0.916225414723 0.112738633063
34 0.311831326224 0.091917665210
35 0.671409537550 0.787895166315
36 0.431178624742 0.093078357633
37 0.848383207340 0.943537478335
38 0.946736386046 0.599821510725
39 0.936685754452 0.784507877193
40 0.475833606441 0.081039119512
41 0.350984068122 0.447797033004
42 0.089710029308 0.656787526794
43 0.197067703586 0.228659705259
44 0.840173617937 0.984604036435
45 0.902075489517 0.605151348747
46 0.058732993901 0.727335856762
47 0.671430560295 0.365164717659
48 0.145712233614 0.587655975483
49 0.477903350722 0.457543559838
50 0.679573640693 0.149312888272
51 0.245438726153 0.110752265900
52 0.242391245905 0.093821933959
53 0.054289744236 0.189127631951
54 0.693643444683 0.990975499153
55 0.973635509610 0.169477051124
56 0.072014618665 0.324619577732
57 0.617274084594 0.161724647973
58 0.981407104991 0.814341788180
59 0.390384353232 0.821580722928
60 0.798945825081 0.292459842749
61 0.426732071675 0.857678818982
62 0.019795699511 0.098162632436
63 0.222843536641 0.165507933125
