4
60
0.300000
0 0.050000000000 0.050000000000
1 0.050000000000 0.950000000000
2 0.950000000000 0.050000000000
3 0.950000000000 0.950000000000
4 0.198881408665 0.500652132556
5 0.551741929725 0.393560377881
6 0.839015227742 0.113221139647
7 0.973643578589 0.212237240747
8 0.661644294858 0.038197268266
9 0.124843498692 0.200668941718
10 0.784794660285 0.408993028104
11 0.953860179055 0.535787979607
12 0.865760018583 0.585661725141
13 0.403208946344 0.715445673559
14 0.955796134658 0.833153270651
15 0.302457955200 0.594683152158
16 0.895412560552 0.808524675202
17 0.811688230839 0.009314629715
18 0.113349423744 0.886964927427
19 0.266999982297 0.312230832409
20 0.387617059983 0.818741912488
21 0.705791210290 0.226632287726
22 0.931963052135 0.679434788879
23 0.438869528472 0.593607347459
24 0.717632057611 0.563713027630
25 0.794276289176 0.502426717896
26 0.972706055734 0.748136468232
27 0.038214697503 0.838466074318
28 0.333798193373 0.441423643846
29 0.553911747877 0.289594328031
30 0.274576914962 0.856369703542
31 0.884277480654 0.169989475515
32 0.664894378744 0.695965711493
33 0.179304105230 0.778243802488
34 0.582930638921 0.446304087993
35 0.090474635363 0.970547699369
36 0.265046000481 0.796265845653
37 0.197179987095 0.197009052616
38 0.475700634997 0.636049516033
39 0.790616400074 0.193332692608
40 0.199762543663 0.584892689250
41 0.695759410504 0.172468599398
42 0.333029157482 0.733974108007
43 0.010934673715 0.666827351321
44 0.175397751853 0.564846421592
45 0.956421679351 0.449974666815
46 0.421216125134 0.840699160006
47 0.619964142330 0.086110503878
48 0.536664871965 0.799268248025
49 0.864354306832 0.119595510885
50 0.245572336018 0.954828942195
51 0.090143210255 0.510618336499
52 0.751094787847 0.287323197816
53 0.707627389114 0.226795422845
54 0.923372713849 0.498243789654
55 0.420128115453 0.123135257512
56 0.083136478905 0.115887525957
57 0.295603856910 0.416165636852
58 0.849861633964 0.306538530625
59 0.082992988173 0.025259386282
60 0.871384952217 0.039414667524
61 0.475234053098 0.292601077817
62 0.880113827996 0.095198195893
63 0.378711581696 0.416778699961
