100
900
0.060000
0 0.362915889826 0.056788222864
1 0.201656806283 0.420897549018
2 0.803551362362 0.701536747161
3 0.796497994568 0.040579079185
4 0.348649533931 0.542666510679
5 0.632021890488 0.516275022645
6 0.727131738327 0.093660048675
7 0.061634796672 0.076425213367
8 0.738325250335 0.627777910326
9 0.650002205744 0.619841429871
10 0.810882668011 0.973962231539
11 0.871915970929 0.332612946164
12 0.529184113257 0.046551681124
13 0.597140857950 0.119597063866
14 0.149119621608 0.279321165290
15 0.836772087961 0.512035511434
16 0.336109388620 0.038428894244
17 0.932933060452 0.139660750981
18 0.739965641405 0.729431055486
19 0.180239830166 0.088615175337
20 0.272097566165 0.812261720654
21 0.604890198447 0.999229304958
22 0.905921769794 0.666524995118
23 0.075654518325 0.644247020129
24 0.294302905910 0.725656724069
25 0.264088450000 0.105185573921
26 0.699618955608 0.136004421394
27 0.437798520084 0.228803068865
28 0.182556102518 0.034939378500
29 0.348400132731 0.331675724126
30 0.314260543790 0.185172220692
31 0.843711236026 0.650369932409
32 0.223601114936 0.776644296478
33 0.790030683856 0.963566756807
34 0.506075351965 0.970270514023
35 0.052181932144 0.778172918595
36 0.782532235142 0.657072130591
37 0.777402223554 0.688454004936
38 0.323597126175 0.853056741878
39 0.332701025065 0.617900032084
40 0.578713465948 0.596789475065
41 0.723085606005 0.278332422022
42 0.732793896459 0.160884126555
43 0.507135490887 0.915349998977
44 0.195823505055 0.855535624083
45 0.247025723569 0.510084048845
46 0.040707844775 0.090736959595
47 0.160453981720 0.264308960177
48 0.867381256074 0.950484665576
49 0.227875716984 0.373456608504
50 0.920755179599 0.280057649128
51 0.151629527099 0.703287414741
52 0.937129780184 0.929031750653
53 0.391741419677 0.260726906359
54 0.782088492531 0.724442444742
55 0.878626938444 0.360801958479
56 0.321231920272 0.601712544449
57 0.639134380501 0.054025816731
58 0.762596671004 0.146269871853
59 0.969375816174 0.958420176059
60 0.001805495936 0.216401539743
61 0.468504225370 0.042513340712
62 0.307138499338 0.628958207089
63 0.306822300889 0.174519755412
64 0.579442872666 0.534698017873
65 0.547976363916 0.500198052265
66 0.814755667467 0.699605891015
67 0.203485467471 0.751885447651
68 0.628637641668 0.595226887148
69 0.012612354010 0.410726134200
70 0.319669332355 0.891239292454
71 0.771528093144 0.640901252627
72 0.492951836903 0.410662473645
73 0.694927069359 0.255548508372
74 0.556932345498 0.664302885532
75 0.213968684431 0.558737841435
76 0.880704425275 0.682472909801
77 0.601251182612 0.187842924614
78 0.311431116890 0.908073483501
79 0.362362680491 0.890873989556
80 0.442771501839 0.910339044407
81 0.391072042286 0.257527169306
82 0.609944935888 0.594557509758
83 0.009412616957 0.238582577556
84 0.189784396905 0.022024970967
85 0.649308712222 0.509453729261
86 0.913264263421 0.420836805366
87 0.150354981888 0.406216100324
88 0.831499279011 0.845282051712
89 0.661764608696 0.388431624975
90 0.509584937245 0.875733293593
91 0.947169466410 0.390289362986
92 0.558206203394 0.548420649022
93 0.578132287599 0.869637320749
94 0.456494132988 0.940494968090
95 0.760511310305 0.899265634827
96 0.850834012963 0.151583352592
97 0.156792804133 0.460778948851
98 0.746140862349 0.166205421090
99 0.699361526407 0.935925259721
100 0.188230392057 0.348670238629
101 0.445378988981 0.101494655479
102 0.769507043995 0.595733971335
103 0.507710755803 0.601006323472
104 0.441016023047 0.169475364964
105 0.989437948447 0.950600960292
106 0.045208658557 0.936607414857
107 0.340890323278 0.603414861951
108 0.485028064344 0.919022611342
109 0.473052182700 0.941522197332
110 0.859517579433 0.233563493472
111 0.840787832160 0.710351592395
112 0.385146846063 0.997580636293
113 0.171130541246 0.131287708879
114 0.163786057383 0.870492068119
115 0.067212968599 0.352016449440
116 0.219162306748 0.512591957580
117 0.453511104919 0.988669351209
118 0.108325928915 0.961221860722
119 0.589675674681 0.549341951963
120 0.130697225686 0.579113623127
121 0.499942912720 0.175905884244
122 0.515721037984 0.840833235998
123 0.779320746660 0.000749102328
124 0.759855847340 0.252372929361
125 0.942271299660 0.619373427238
126 0.485936422832 0.783059131820
127 0.329725019634 0.871083269361
128 0.780639768112 0.500855561346
129 0.002370978240 0.944425825495
130 0.371347629465 0.069583946839
131 0.296442274936 0.590509936213
132 0.582175904419 0.749953379855
133 0.579179287422 0.690501833800
134 0.711175241042 0.168854962103
135 0.239843785763 0.841872466728
136 0.747968585230 0.739786698483
137 0.017778351437 0.263689623680
138 0.580619934946 0.797099098098
139 0.264438726008 0.340475782286
140 0.049472027458 0.206710026134
141 0.959849209525 0.535408450756
142 0.989769157954 0.289574229624
143 0.406491720118 0.770408926532
144 0.790429790970 0.408862698358
145 0.714834752027 0.161777420435
146 0.478446645197 0.011277027428
147 0.752287356649 0.060622549616
148 0.761230407283 0.331466644537
149 0.751124383416 0.472405648325
150 0.500321606640 0.990968169644
151 0.314278115518 0.248290192336
152 0.730754868127 0.332056466956
153 0.511979816016 0.311374803074
154 0.129155565053 0.776418542024
155 0.651850585826 0.178627592511
156 0.983128568158 0.611699795350
157 0.714036043268 0.972897726577
158 0.901274024975 0.120527763385
159 0.743306653108 0.691703815944
160 0.529390461743 0.458141405135
161 0.853481236380 0.007837106939
162 0.469418432564 0.605768593494
163 0.068459657021 0.230648840312
164 0.937235238031 0.819584040437
165 0.703054488637 0.437556844670
166 0.810552210081 0.017332604155
167 0.685847037006 0.541307078674
168 0.349389071111 0.197826853022
169 0.852681881748 0.478544636164
170 0.974245395511 0.504532467574
171 0.657172229141 0.957373963669
172 0.116232263390 0.371208272409
173 0.930271690246 0.017506288365
174 0.491736036260 0.673578343354
175 0.709210104775 0.021126498003
176 0.131719748955 0.562691341154
177 0.028963605408 0.601138181519
178 0.168459934648 0.097423262428
179 0.831787021831 0.105695172679
180 0.917007302865 0.534841510933
181 0.543252017815 0.727559513412
182 0.552174115088 0.229099054821
183 0.268866592087 0.901563186664
184 0.426925908308 0.121548473835
185 0.380107822828 0.401171303820
186 0.626080941875 0.037280051969
187 0.358545267489 0.742313205265
188 0.408488324843 0.288816958200
189 0.759819493629 0.900224361103
190 0.962395301554 0.469029598404
191 0.921350859106 0.094115050510
192 0.031720940024 0.950314464513
193 0.695253232494 0.200180874672
194 0.047737726942 0.527040254325
195 0.305876047816 0.964745030273
196 0.061881765258 0.849128065631
197 0.692304543685 0.614055880811
198 0.078227120452 0.961171135772
199 0.515619067475 0.505153028760
200 0.082719609607 0.895726890303
201 0.906324332580 0.708800551482
202 0.933006942738 0.264869600534
203 0.451113756746 0.341495267581
204 0.553686558735 0.210933250841
205 0.241719628684 0.516081860289
206 0.679962849244 0.163070487790
207 0.610196911264 0.711683789268
208 0.113384952769 0.305450143758
209 0.911864664406 0.161122679710
210 0.832490398083 0.217740712222
211 0.125867709983 0.894372163806
212 0.066868777853 0.818172253668
213 0.508428044617 0.145095898304
214 0.779343389440 0.024047112092
215 0.650248927530 0.862062999513
216 0.919774002396 0.556573260110
217 0.570863550995 0.852780945133
218 0.821442860644 0.021977308206
219 0.194276212715 0.375129419379
220 0.232910559047 0.435995841399
221 0.891211280134 0.912873408291
222 0.599066329654 0.501408191398
223 0.624557198025 0.712451282423
224 0.806858335156 0.536421862431
225 0.873573962133 0.639348733239
226 0.754162574653 0.999441672582
227 0.533720897045 0.821031352505
228 0.817613926250 0.042148941662
229 0.966127250809 0.596957316156
230 0.066196053755 0.616376178339
231 0.459020315669 0.985970056616
232 0.172949438915 0.029883866664
233 0.838751001749 0.994392299559
234 0.051861174870 0.033027214929
235 0.369521719404 0.284771733917
236 0.469023056328 0.260732999537
237 0.197645142674 0.068089385983
238 0.762141190935 0.822202340700
239 0.780540668406 0.568999526091
240 0.358624203131 0.654114631005
241 0.208348259330 0.112786777783
242 0.653556303587 0.742069156840
243 0.933818130288 0.471170229837
244 0.784218098503 0.899945381097
245 0.068127545994 0.850414152723
246 0.516321559902 0.527147861663
247 0.836384209339 0.689270998817
248 0.557031728793 0.675135211088
249 0.683663298376 0.608892903663
250 0.708162426017 0.053185017779
251 0.893664638046 0.177185482811
252 0.313918017317 0.091309780721
253 0.245274868794 0.076059208252
254 0.913512121420 0.025815537665
255 0.645058734342 0.272136324551
256 0.679930168670 0.853406994138
257 0.384923102334 0.333486472256
258 0.595476150978 0.318741232622
259 0.804656702094 0.379694249481
260 0.218686613720 0.872784248553
261 0.230108402204 0.735008173622
262 0.399932110216 0.066492611542
263 0.424279172439 0.956963839009
264 0.741627823096 0.107942471281
265 0.565856743138 0.449790249113
266 0.161127489060 0.459521381184
267 0.626975731924 0.475045506842
268 0.550831161905 0.872250601184
269 0.551104715094 0.464343283325
270 0.898066138849 0.196163449902
271 0.736479607876 0.577996307518
272 0.049570444040 0.121402710211
273 0.911482779775 0.645046595018
274 0.440143942833 0.716139481869
275 0.024740844499 0.658830556553
276 0.588923730422 0.254849247169
277 0.393838730641 0.988855841104
278 0.321341858711 0.818117903080
279 0.945819680113 0.062969681807
280 0.926060374361 0.511676423252
281 0.512759931386 0.087187863886
282 0.971197804436 0.139735663310
283 0.562233370729 0.522028966341
284 0.011986264493 0.113338085823
285 0.986372249667 0.910052403342
286 0.309501535725 0.722851857543
287 0.488048710860 0.359071979765
288 0.844254567754 0.399531490635
289 0.004118574783 0.284398510586
290 0.115670972969 0.028859419748
291 0.943229067605 0.704594703391
292 0.283708666917 0.337067798246
293 0.693450544495 0.605050525628
294 0.155185701326 0.639270225074
295 0.668020207901 0.081246076152
296 0.150946648326 0.180780139286
297 0.168433940038 0.122144453228
298 0.320515802596 0.730667310767
299 0.644173419569 0.332502067555
300 0.844005396590 0.630545669701
301 0.242554470897 0.153506932780
302 0.353397527244 0.730603182223
303 0.512578912545 0.197652095463
304 0.130134672858 0.516697487794
305 0.482050606050 0.245805645827
306 0.545556907542 0.425279673655
307 0.950400349684 0.829265574459
308 0.762347471900 0.643850894179
309 0.434316100087 0.917533173691
310 0.283121119253 0.102336307988
311 0.998779249843 0.434067768045
312 0.283116447274 0.167213189881
313 0.556212221272 0.603632250335
314 0.897880500648 0.200385640841
315 0.936134317890 0.741885897238
316 0.830931310542 0.178688788787
317 0.895392830018 0.184328838252
318 0.909291971009 0.407971743029
319 0.381980933715 0.039426644333
320 0.924669230822 0.864031539764
321 0.285232290160 0.470226138365
322 0.289311213885 0.235632639844
323 0.299491712824 0.051658685785
324 0.879483534489 0.733807812911
325 0.969191859476 0.162604653742
326 0.836144121364 0.967971109319
327 0.596672421787 0.119260568637
328 0.135184299201 0.152884643059
329 0.722892818972 0.033064799849
330 0.353270284366 0.659027136862
331 0.774950697552 0.184201594908
332 0.837715926114 0.670343527570
333 0.368530433159 0.747007897124
334 0.078315270599 0.750511366874
335 0.786434541456 0.002984501421
336 0.614542907104 0.071666832082
337 0.473210639786 0.903854120988
338 0.307299471926 0.772702352609
339 0.955512806773 0.186783006415
340 0.506510165986 0.924704666715
341 0.349387660623 0.342654287349
342 0.892675776035 0.946060082410
343 0.461914855987 0.027860075701
344 0.098944725934 0.184807675425
345 0.060924875550 0.452215010300
346 0.843834812287 0.835875573102
347 0.636416605208 0.681550738402
348 0.506219101138 0.004947038833
349 0.428558635991 0.584534371737
350 0.755458405707 0.214993177447
351 0.587518873625 0.370001312811
352 0.286660009529 0.060729513410
353 0.273855433799 0.593959481921
354 0.833431866486 0.229368241038
355 0.780742488336 0.339942032471
356 0.154072907753 0.130130148958
357 0.682596319821 0.046748683788
358 0.076190231834 0.144511175808
359 0.074608759489 0.175134957768
360 0.329318851233 0.135533635505
361 0.627349968068 0.173153663985
362 0.971409208607 0.263766573276
363 0.854704402387 0.477628309745
364 0.268713612109 0.283263038378
365 0.062162681948 0.024172018282
366 0.498256216291 0.649681555573
367 0.394173331093 0.784916225821
368 0.710411068983 0.668028765358
369 0.378875707742 0.543842935469
370 0.897397006396 0.159618196543
371 0.883784967940 0.051469914149
372 0.289748345502 0.566381287761
373 0.098218597937 0.365938577335
374 0.710892464034 0.172827357892
375 0.541073535103 0.040211315267
376 0.308360993396 0.168423503172
377 0.213364979252 0.279770202003
378 0.432190076914 0.068069382105
379 0.757398512214 0.700903689023
380 0.351332420483 0.819561194163
381 0.725075707305 0.849588636775
382 0.469242749736 0.119249038864
383 0.634504863061 0.179653818719
384 0.787277804222 0.013380570803
385 0.723496754654 0.684674810618
386 0.172998767346 0.607281722594
387 0.736144724768 0.462747113314
388 0.173663010821 0.834363322705
389 0.828685690649 0.884555474855
390 0.007190680597 0.369759226218
391 0.924766790122 0.315551673993
392 0.538182729390 0.138131769840
393 0.595321876463 0.970372806303
394 0.206201151945 0.352720388677
395 0.671276495792 0.557533572428
396 0.172281582840 0.396352203097
397 0.407122209668 0.641524332576
398 0.515601241961 0.041627072729
399 0.821178151295 0.302879046183
400 0.055007643532 0.544674905948
401 0.987553856801 0.228006411344
402 0.151956629008 0.723698581569
403 0.690753524657 0.325619639829
404 0.558061904740 0.519439215306
405 0.210175114684 0.565252585337
406 0.889198441524 0.134941904806
407 0.880804259796 0.427381171379
408 0.273073674645 0.476126136258
409 0.397753977682 0.479274826590
410 0.828846524935 0.069030473474
411 0.036808399484 0.001128107775
412 0.465382677037 0.443930609152
413 0.642652440351 0.980983918998
414 0.485557681881 0.463830591645
415 0.283862965647 0.540565325413
416 0.008505498059 0.271416822448
417 0.768571736757 0.160462127067
418 0.995115404483 0.459325261414
419 0.486081766896 0.553177309223
420 0.978764477186 0.696256881580
421 0.118429894559 0.867962918710
422 0.831198786385 0.999234154355
423 0.295344090089 0.104272461496
424 0.475360290613 0.693098068237
425 0.583547288086 0.304206815548
426 0.762128541712 0.620355687570
427 0.305334923323 0.227511218749
428 0.064286296722 0.947987363674
429 0.208495138213 0.549843978602
430 0.411817955784 0.492358103860
431 0.090409304481 0.420323453844
432 0.763774926309 0.858981041238
433 0.580785580911 0.758890330791
434 0.318306303117 0.066867347807
435 0.312067640014 0.297070780303
436 0.763124229386 0.430497535039
437 0.165033699013 0.594323015772
438 0.429731689394 0.460377789568
439 0.698595477268 0.905091980472
440 0.153475857805 0.282142765820
441 0.209298796020 0.915604399517
442 0.902498453390 0.514633719809
443 0.143115618732 0.966784750577
444 0.462621083483 0.351610756945
445 0.516628729180 0.874439039268
446 0.843968860805 0.607038033661
447 0.294762493111 0.607743787114
448 0.466019075364 0.875548074022
449 0.366634118371 0.784325378481
450 0.942415421829 0.678701758385
451 0.081396158785 0.705539651215
452 0.109199293423 0.246429857798
453 0.299862667453 0.538930983283
454 0.706807647366 0.998458144721
455 0.444022963755 0.860283505172
456 0.280600910541 0.653321759775
457 0.775887905154 0.183099364396
458 0.167955479585 0.919003523886
459 0.149884114973 0.630576563533
460 0.270614280831 0.666512844153
461 0.505015602801 0.114583141636
462 0.273550878279 0.799778096378
463 0.722326928750 0.739569953643
464 0.675326170400 0.088961047120
465 0.523895332124 0.617741592694
466 0.767662805971 0.605291490909
467 0.323281243909 0.876862099394
468 0.851721348707 0.623143911362
469 0.415793082677 0.558528996538
470 0.621602056548 0.859816046432
471 0.418812501710 0.902202967089
472 0.513137806673 0.194700406864
473 0.085302331485 0.681093286257
474 0.113703930750 0.235186446458
475 0.311669849791 0.384318211582
476 0.901699291077 0.816685453057
477 0.498901353218 0.175250169355
478 0.616463549435 0.221228282433
479 0.914820122998 0.291789719835
480 0.310189329553 0.438715455122
481 0.909531312529 0.077852135524
482 0.044006946031 0.232812556904
483 0.954714235384 0.895728294738
484 0.855956468266 0.370507318061
485 0.454257291276 0.477558524814
486 0.230323364958 0.873069793452
487 0.379761492368 0.743461171631
488 0.067770200316 0.465063823853
489 0.424554457888 0.181474131532
490 0.700250270776 0.736224308144
491 0.565792343114 0.601949561853
492 0.552909761202 0.064693696797
493 0.777199731208 0.169373310637
494 0.285921979230 0.692019854207
495 0.461163030472 0.596111308783
496 0.130735309329 0.370694343466
497 0.673963444773 0.174742255360
498 0.603506900370 0.628677680157
499 0.070470550098 0.459463368636
500 0.999184998218 0.524727841839
501 0.937021893915 0.229508363176
502 0.397797635291 0.316783386283
503 0.972969534807 0.465567835607
504 0.781847210135 0.397523993161
505 0.647041967139 0.482097480912
506 0.133748301305 0.212834310718
507 0.084047042765 0.686658062506
508 0.277528007515 0.861246773973
509 0.856031373143 0.563449986745
510 0.553266628180 0.317194403615
511 0.159561295528 0.684001937509
512 0.687888747081 0.833524740301
513 0.858744192868 0.291395647451
514 0.462202420458 0.929214743432
515 0.750859016553 0.461387419142
516 0.453942585271 0.687880910467
517 0.690895782318 0.851740220562
518 0.004664296750 0.663865317591
519 0.317308056168 0.786511506885
520 0.061389310751 0.964350023773
521 0.268608988263 0.195137612056
522 0.177184334490 0.352656031027
523 0.881795674562 0.454712342005
524 0.213902805466 0.737827047706
525 0.018162328750 0.767169433646
526 0.055021451320 0.177723624278
527 0.451171371620 0.742910198867
528 0.011248365045 0.309915564489
529 0.034305846319 0.473450785503
530 0.239130307920 0.785164862871
531 0.934838204645 0.693072893191
532 0.473045773339 0.625733987428
533 0.544813113753 0.477710070089
534 0.289599305019 0.862121170387
535 0.264221577439 0.350988615770
536 0.826471194159 0.532830565702
537 0.546126227826 0.003655528650
538 0.885486596730 0.427921902388
539 0.458367870655 0.099389402196
540 0.165748950094 0.476530199405
541 0.866558836307 0.220770401414
542 0.654253823683 0.317730207928
543 0.963680600282 0.665502188727
544 0.627645772416 0.997986447066
545 0.138952974696 0.866776080802
546 0.783151309937 0.073791179340
547 0.559848973993 0.256197083741
548 0.699525166769 0.104662088212
549 0.733907153830 0.989124471787
550 0.966783258598 0.998128731269
551 0.340113087557 0.793254452758
552 0.530959296972 0.886239315383
553 0.796909981407 0.416445894167
554 0.314161217771 0.255277852062
555 0.515835296363 0.479910167865
556 0.731808051467 0.382394132670
557 0.700680569746 0.386061875150
558 0.700124340598 0.664361170027
559 0.051564064343 0.327770113479
560 0.662347617093 0.190517039038
561 0.194546194281 0.445498927496
562 0.264308218379 0.754395168275
563 0.701696011238 0.963833385613
564 0.859057256486 0.435603165068
565 0.952957857400 0.825840515085
566 0.433731896803 0.293070945423
567 0.619094967842 0.964691193774
568 0.179310260806 0.416004949249
569 0.381137087941 0.493471479043
570 0.671282801311 0.896972384769
571 0.973381646909 0.403090852778
572 0.279366517439 0.674062216654
573 0.789152728394 0.979490858503
574 0.338423387147 0.840716792736
575 0.307260971982 0.000771004241
576 0.031233831774 0.501807166263
577 0.446269931737 0.295542050153
578 0.256202334538 0.147965942975
579 0.259375435766 0.115259591490
580 0.583569108509 0.212333293632
581 0.941100106575 0.017301005311
582 0.505404239055 0.560195074882
583 0.981992199086 0.684714499861
584 0.976200024132 0.363129287492
585 0.178185978904 0.647482825909
586 0.260101672262 0.151567626279
587 0.050573678687 0.539468189701
588 0.825629842933 0.839726407081
589 0.518959048204 0.164053230081
590 0.680443199817 0.826220020186
591 0.164824234787 0.711677031592
592 0.328027186450 0.611094166525
593 0.007219082210 0.584229521453
594 0.759060109966 0.266594517976
595 0.699489112943 0.342629218474
596 0.478927811608 0.640589219518
597 0.359930223785 0.984332050662
598 0.200784294400 0.341922422871
599 0.669046550989 0.176984318998
600 0.705051710363 0.847232529894
601 0.824467144907 0.965153382625
602 0.998800156172 0.875040823594
603 0.504621572793 0.824429999571
604 0.714767231140 0.023580620997
605 0.988483229652 0.395210430957
606 0.849800641648 0.153307464439
607 0.106887463015 0.177827828098
608 0.764401631430 0.114106545225
609 0.762057349551 0.523461741395
610 0.380701063201 0.461546462495
611 0.866090959869 0.859628875274
612 0.102135682479 0.226021183655
613 0.843960925937 0.302919976879
614 0.567943606526 0.513007476926
615 0.479904295877 0.272995317355
616 0.360240007285 0.304371440783
617 0.238148699980 0.359040163457
618 0.179412264843 0.742770272773
619 0.183470163029 0.894179495983
620 0.766350894235 0.171953393146
621 0.289389926940 0.616151535884
622 0.325260857586 0.396277389955
623 0.793979363982 0.089662489016
624 0.510383935180 0.556036713999
625 0.613124230411 0.891084998846
626 0.017583176494 0.479215190280
627 0.750713874120 0.119718858972
628 0.705236373935 0.594674800057
629 0.422638836317 0.273179980926
630 0.107682277448 0.902543132193
631 0.546175298281 0.467922284734
632 0.206914573442 0.784323998261
633 0.826962448191 0.386326838285
634 0.527094271500 0.010432611685
635 0.280506334268 0.293445165735
636 0.182386004832 0.569896261208
637 0.909596701618 0.507646862417
638 0.966173651628 0.703576065600
639 0.597309351899 0.476557586808
640 0.259612779599 0.210433582310
641 0.367642585654 0.277195956558
642 0.689648773056 0.118356459774
643 0.396914815530 0.394885146990
644 0.713031260297 0.819553651847
645 0.668065127917 0.820713537745
646 0.722096784506 0.214240426198
647 0.288635822479 0.929011357948
648 0.998564424925 0.115598270670
649 0.315338196233 0.525658696424
650 0.126030882355 0.595844530500
651 0.819103862159 0.308416887186
652 0.165740791708 0.728700563777
653 0.816063750070 0.131914443336
654 0.432276629377 0.413373101968
655 0.608472030610 0.691889409442
656 0.623806684278 0.976114616264
657 0.969085365999 0.313455457333
658 0.094471076503 0.366000181530
659 0.708340604790 0.807502336800
660 0.185553833842 0.376405732706
661 0.628215874545 0.907650618348
662 0.590646159369 0.916851697024
663 0.836661976296 0.589210584294
664 0.032449967694 0.152000172529
665 0.114869280718 0.158480850514
666 0.747844703030 0.933973142877
667 0.466897737700 0.913585494738
668 0.662673706654 0.282961487770
669 0.045499938540 0.094950336032
670 0.696334589738 0.653971969150
671 0.786839745473 0.320141274482
672 0.630086585414 0.755925111473
673 0.633596731815 0.724557661917
674 0.121925293468 0.341937336605
675 0.532059998717 0.307479127310
676 0.718343069777 0.160275873262
677 0.215129745658 0.308989229146
678 0.077127570286 0.051791721955
679 0.898199813440 0.109577538446
680 0.203791894484 0.013069094159
681 0.268058388960 0.951636597514
682 0.947042237036 0.734956126660
683 0.865222092252 0.609715943690
684 0.017917614896 0.910722030792
685 0.704666279722 0.714252204634
686 0.564693999942 0.491506025661
687 0.034393479116 0.194780585822
688 0.247431137133 0.667990211397
689 0.919338247739 0.369356430601
690 0.009927548002 0.451398246922
691 0.676835557912 0.728270617779
692 0.611674120184 0.891965303570
693 0.037259846926 0.688801690936
694 0.943757025525 0.935459660366
695 0.798379229382 0.147548920009
696 0.948528754525 0.066437618341
697 0.099185517523 0.895570991561
698 0.801393745001 0.964407610241
699 0.505286935251 0.819311359897
700 0.875129641034 0.209953215439
701 0.533563564997 0.439823641442
702 0.701459241100 0.567957044113
703 0.634604227263 0.948890378233
704 0.235947255511 0.553942475002
705 0.318246809300 0.245874803979
706 0.005340721924 0.995082367212
707 0.974145421758 0.617014842574
708 0.887047671247 0.011405269150
709 0.305816533510 0.830804696772
710 0.946864929516 0.104195762891
711 0.978353617247 0.895393684506
712 0.170633381233 0.077539134771
713 0.790964676067 0.972027126234
714 0.041946745012 0.296251611784
715 0.791338486597 0.917076386511
716 0.506204827223 0.324902051594
717 0.356900027953 0.207664068323
718 0.892859095708 0.991504255217
719 0.156554446556 0.128806351684
720 0.545446730219 0.474801255856
721 0.374681155663 0.550787452608
722 0.469883623533 0.348826577421
723 0.167802295182 0.356931294780
724 0.360231846571 0.473618828692
725 0.187735991552 0.307096776552
726 0.577814591583 0.166089608800
727 0.202490461059 0.748447972815
728 0.243628744036 0.993455137126
729 0.720475099050 0.285575489048
730 0.289706748910 0.511813585646
731 0.202651875559 0.795911576133
732 0.836715637241 0.559551903512
733 0.003575644456 0.729574733414
734 0.551056158729 0.160130091477
735 0.858381085098 0.096502889413
736 0.634931347333 0.233062240761
737 0.647290342022 0.104814970866
738 0.581888818182 0.815092637204
739 0.461746265646 0.942120665219
740 0.288711465895 0.649482257664
741 0.249217441771 0.866526057478
742 0.815571866464 0.451707902830
743 0.614974030294 0.059200610500
744 0.445163039956 0.335449129343
745 0.344776100013 0.734869789332
746 0.847262715455 0.547427975573
747 0.530781365465 0.683978352696
748 0.106979879551 0.534357010387
749 0.413553086109 0.658036038280
750 0.694487101864 0.271934171207
751 0.754538927693 0.329418449197
752 0.504996411968 0.401829269715
753 0.434233420528 0.086885230616
754 0.216921906918 0.895979686175
755 0.029005895834 0.505633372813
756 0.545461943839 0.278223337606
757 0.372159430292 0.361033810768
758 0.729931240436 0.987133460585
759 0.420234421268 0.175094280392
760 0.322582590394 0.765010521282
761 0.909964069724 0.169845305849
762 0.312438497320 0.440745435655
763 0.853823658545 0.419418376870
764 0.975102446042 0.267376745120
765 0.077454415150 0.669589547906
766 0.539310916327 0.831993343309
767 0.999007997103 0.044307328761
768 0.233822613023 0.433241417632
769 0.131192559376 0.450744520407
770 0.329221104272 0.160198455211
771 0.956377893221 0.874683048110
772 0.438421792816 0.328537323978
773 0.235716858879 0.168353033252
774 0.315670784563 0.655951280612
775 0.343447313644 0.638253374957
776 0.420961801894 0.253411383834
777 0.808098680805 0.733400299214
778 0.694156819489 0.661922339816
779 0.152818676084 0.669259265531
780 0.929299084935 0.230273091700
781 0.338848813437 0.468610001262
782 0.062266435008 0.337856810540
783 0.512917330023 0.296089048032
784 0.771098228637 0.644109889399
785 0.746833568439 0.100319332909
786 0.804308344610 0.703211462125
787 0.975002381019 0.242730137426
788 0.031748786103 0.210719240364
789 0.411083170678 0.347419570666
790 0.866670520976 0.754530484788
791 0.985672946088 0.287632322870
792 0.007941868622 0.793771626893
793 0.021032622550 0.702098688111
794 0.455693966709 0.173851298634
795 0.371357953642 0.384993051644
796 0.404124390334 0.710206767078
797 0.853603053372 0.466390825342
798 0.048063577618 0.366520383395
799 0.762479873840 0.819161806256
800 0.010630273260 0.509313442279
801 0.919481139164 0.814938617870
802 0.212524904404 0.894483520649
803 0.057668755762 0.244273690507
804 0.105202761013 0.468751926441
805 0.591693261638 0.971873281989
806 0.223282411229 0.577366207726
807 0.259505604859 0.231224279851
808 0.371137834620 0.280538227409
809 0.933322967961 0.826831801794
810 0.454389526509 0.304680921603
811 0.211824853439 0.858513916843
812 0.014887688681 0.065427906811
813 0.324904742651 0.062951266766
814 0.431948290672 0.087384616490
815 0.882113073021 0.442578563932
816 0.596698058769 0.801594212651
817 0.257517181803 0.809222963639
818 0.696077733301 0.315185937565
819 0.053496654145 0.801280494314
820 0.783937864471 0.645189915784
821 0.773153776303 0.007220275700
822 0.222556123510 0.032659381162
823 0.238444556016 0.593693958595
824 0.313197609037 0.171767523978
825 0.420525760390 0.767587135546
826 0.476448446047 0.632350613829
827 0.626101052389 0.491336134728
828 0.697778521106 0.951005795039
829 0.554287401494 0.129726811778
830 0.038390411530 0.436400474980
831 0.572305375710 0.635088470764
832 0.237994687632 0.829822557513
833 0.444311434403 0.934072420932
834 0.145008495543 0.497808088548
835 0.735352915246 0.928946360014
836 0.142998004798 0.508506691549
837 0.936166635714 0.365554128308
838 0.541166072711 0.174611191731
839 0.959248086903 0.854363681749
840 0.346378716175 0.379773847293
841 0.621950817294 0.822827162221
842 0.012124461588 0.248051870149
843 0.314163296949 0.709902982693
844 0.199057665188 0.868450698908
845 0.839629794471 0.237448077183
846 0.304851173889 0.411935170181
847 0.872536547948 0.542845861521
848 0.241757727694 0.316847982351
849 0.476918282453 0.386766223237
850 0.814656070899 0.212271197699
851 0.315712583251 0.957654075697
852 0.720777889248 0.251879219431
853 0.323208204471 0.261943961959
854 0.426490411162 0.282456291374
855 0.116307644174 0.772869127337
856 0.662230139133 0.738258461468
857 0.595696289558 0.674354600720
858 0.986310331617 0.909859586973
859 0.384257583413 0.185367997270
860 0.778310285881 0.223887377884
861 0.422816074453 0.083161459770
862 0.635822548065 0.295352622401
863 0.626007321291 0.877580275759
864 0.612200604752 0.102925603744
865 0.264346499462 0.426856675651
866 0.315196801443 0.580059082713
867 0.384510751814 0.035974690691
868 0.831938302144 0.707718956284
869 0.297918652650 0.258428713772
870 0.990175247658 0.414226296823
871 0.031297841109 0.652405386791
872 0.152484758757 0.626994131133
873 0.326759987511 0.138795090374
874 0.536853718106 0.711017570924
875 0.324163087644 0.315164003987
876 0.934904948808 0.746979162097
877 0.398325463757 0.570727496874
878 0.042331784498 0.024332785048
879 0.448307773098 0.654532389250
880 0.127258388791 0.712654272560
881 0.081389065366 0.442455190234
882 0.292713355273 0.465899817180
883 0.478429880925 0.124651657883
884 0.173618773464 0.776348533574
885 0.383080371656 0.163794021122
886 0.190574830864 0.414378212765
887 0.816199408378 0.343059589621
888 0.041372343898 0.142959395889
889 0.481854679994 0.578226062004
890 0.853976967279 0.806017768104
891 0.893390065990 0.788881916087
892 0.552996930201 0.291715529747
893 0.359609413426 0.595328715164
894 0.316048314795 0.807917186525
895 0.249861104414 0.443306703586
896 0.520571459085 0.331250169780
897 0.885761893820 0.813284814358
898 0.797149986960 0.364191774745
899 0.937936472241 0.970768760424
900 0.140540308785 0.321016843896
901 0.134562782012 0.331115139648
902 0.735395057127 0.950762190390
903 0.674174729269 0.776767401025
904 0.093721586280 0.156029409263
905 0.354993463494 0.947698553558
906 0.962047177367 0.248383529484
907 0.736580470111 0.515044108033
908 0.540099059697 0.096189883538
909 0.110372823197 0.856147374492
910 0.904107070062 0.360233927611
911 0.299454078544 0.424678529147
912 0.691484097857 0.185215972364
913 0.237963343505 0.488634084817
914 0.549407747574 0.175899816211
915 0.459402845707 0.689948056359
916 0.496916660108 0.593965627719
917 0.021063196007 0.232311717235
918 0.544727818109 0.695237925276
919 0.009079118725 0.638449404389
920 0.851267334539 0.364072582219
921 0.586147958413 0.813314512372
922 0.612456111703 0.322728428524
923 0.328358620405 0.152555171400
924 0.418918312062 0.438731443603
925 0.008702546358 0.323025382124
926 0.798965371214 0.308156624902
927 0.747703911271 0.490449469071
928 0.493372597266 0.985667254776
929 0.979083554354 0.042780344840
930 0.161567070987 0.438486400060
931 0.732728401199 0.658483731560
932 0.032452027779 0.753791597206
933 0.890795448795 0.577179845888
934 0.449029522482 0.899874567520
935 0.215629250277 0.300296857487
936 0.263947149739 0.801777208690
937 0.113611369859 0.876403261907
938 0.124505637214 0.441969990265
939 0.028958433308 0.543423949275
940 0.880701433867 0.037660979666
941 0.866449331399 0.679666805081
942 0.345817604568 0.614153242670
943 0.170116274618 0.839190202300
944 0.599820497911 0.149199828971
945 0.881970547140 0.761387568898
946 0.587686229032 0.614698948804
947 0.419871300459 0.620138256811
948 0.368490546010 0.310666749720
949 0.197318102699 0.817520068958
950 0.210541317239 0.412947352976
951 0.117816926446 0.474488467444
952 0.214724562131 0.231428296305
953 0.350891729351 0.339230199344
954 0.673398286570 0.379850162659
955 0.882654149085 0.554099720437
956 0.417511142790 0.749103480484
957 0.233766525518 0.763328747358
958 0.363256723620 0.403882800136
959 0.602518949658 0.963077221531
960 0.553082629107 0.484489497263
961 0.724464790430 0.140768858138
962 0.099188446067 0.144336091354
963 0.760907114949 0.467678992078
964 0.455002841074 0.958225217648
965 0.285199061036 0.665544158313
966 0.371172571089 0.403015987482
967 0.140032625757 0.585897133220
968 0.634444283787 0.490924355108
969 0.925127332564 0.307842570357
970 0.870774518233 0.807781481650
971 0.861942290794 0.288285661023
972 0.556884962600 0.095708816778
973 0.051614408381 0.920141686220
974 0.499591616914 0.654133358505
975 0.883218907751 0.052674246486
976 0.138622855768 0.607683698181
977 0.193443104625 0.237811301835
978 0.752019789536 0.954350220039
979 0.705490293913 0.207022630610
980 0.912575437687 0.990689355414
981 0.872566789389 0.283748008776
982 0.393705342896 0.012599415146
983 0.869645141996 0.028149627149
984 0.503523770720 0.794772475027
985 0.335992197506 0.374298288953
986 0.602553956676 0.197934488766
987 0.662583949976 0.159438919276
988 0.293643305544 0.714198358357
989 0.079580605496 0.793234922457
990 0.368331716862 0.962799513247
991 0.845909168944 0.506954572629
992 0.570483211894 0.039352274034
993 0.744765874464 0.322503001429
994 0.993702494074 0.450256168842
995 0.529525632504 0.906277931761
996 0.440945524257 0.402092421893
997 0.190025941003 0.834650867153
998 0.414691837039 0.059671083000
999 0.862800494302 0.918215607759
