100
900
0.060000
0 0.256943774875 0.384498308413
1 0.544013562612 0.004475969821
2 0.088469938841 0.686904966366
3 0.429222133476 0.039217388257
4 0.790570119396 0.998457023874
5 0.810393917840 0.717360038310
6 0.096626799088 0.602632002439
7 0.330569686368 0.763909091242
8 0.037748798728 0.591090220958
9 0.328500425909 0.427199398633
10 0.281883490272 0.322273092344
11 0.376607544720 0.931681037415
12 0.856996795628 0.495515052695
13 0.837439728901 0.045265366323
14 0.644022148103 0.886129855178
15 0.860814326908 0.900965923443
16 0.270628163591 0.404827889521
17 0.905441893265 0.359098102897
18 0.091732856352 0.334664026741
19 0.398315491155 0.882302975748
20 0.333121051081 0.208709409460
21 0.599663014524 0.429747850168
22 0.811341411900 0.930232700892
23 0.193656941410 0.849090210628
24 0.521322921850 0.522157367785
25 0.276289609261 0.803206412122
26 0.844430460129 0.652897153981
27 0.734887449536 0.701427255757
28 0.148412206676 0.572327178437
29 0.746692622546 0.792434354778
30 0.458457033616 0.607506949455
31 0.693400278222 0.729085197672
32 0.012334839441 0.598842171952
33 0.088183300570 0.104067695793
34 0.933506198693 0.486498791724
35 0.986370671540 0.266627249774
36 0.695208201185 0.586033686064
37 0.696375099942 0.506549613085
38 0.516266386956 0.890032041818
39 0.355639823712 0.037589308806
40 0.412189409602 0.631929432973
41 0.840795721393 0.256619869731
42 0.284826586954 0.575683170930
43 0.958047125954 0.433238793630
44 0.148010349832 0.704739748500
45 0.225673148874 0.606467383448
46 0.312246697955 0.919073427096
47 0.335552581120 0.324581537396
48 0.517915599048 0.423735881690
49 0.428649233188 0.451421798207
50 0.910234673880 0.415019905195
51 0.718049047980 0.605442875065
52 0.001053591259 0.414424148388
53 0.111992488615 0.517319978680
54 0.304456190206 0.467632312328
55 0.554909287486 0.716645599809
56 0.099561745767 0.395705008879
57 0.973265469540 0.384388332721
58 0.971388180275 0.931312595494
59 0.817627126817 0.119398530107
60 0.636052343994 0.043300275691
61 0.725865913555 0.948299042415
62 0.962373702787 0.061418495141
63 0.272880579811 0.480289302301
64 0.485154376831 0.701529813465
65 0.931711100508 0.395389050711
66 0.116549718659 0.649760148488
67 0.000831926242 0.117603309918
68 0.064184296876 0.112824414857
69 0.634923288599 0.368640487082
70 0.580456727184 0.189832576551
71 0.085286086891 0.680018472951
72 0.585537585430 0.058551556896
73 0.064406806137 0.556925765704
74 0.989864152391 0.882033932954
75 0.676324295811 0.625916496851
76 0.925334208645 0.402190209832
77 0.574215539265 0.887707911432
78 0.463608704973 0.847096119076
79 0.367997213732 0.948763081804
80 0.548625932541 0.299708314240
81 0.344152132981 0.665175651200
82 0.949468463194 0.344984059222
83 0.782778961584 0.013652760070
84 0.457808474079 0.417702250183
85 0.382293247618 0.038265201263
86 0.607534826733 0.467579334509
87 0.718283674680 0.193072412629
88 0.526130891405 0.782690480817
89 0.749998178333 0.515995044261
90 0.664724413771 0.426322474610
91 0.141911541112 0.590058622416
92 0.828512684442 0.716127080377
93 0.477766533848 0.292121389415
94 0.563223199453 0.845763748046
95 0.240884471219 0.111849132460
96 0.145472062286 0.585036604200
97 0.777024783660 0.094940525480
98 0.930020663422 0.559803745244
99 0.108593286015 0.387829137500
100 0.977505995892 0.490886533633
101 0.426094339229 0.585040822625
102 0.958465868142 0.144378013909
103 0.778113235254 0.484596760012
104 0.927068494726 0.528111414053
105 0.000591804273 0.591792908497
106 0.954433888663 0.142503345385
107 0.181851530913 0.782946573105
108 0.858630425762 0.659618064761
109 0.075067962520 0.421853625216
110 0.505381812807 0.315952433739
111 0.533702757675 0.650853875559
112 0.900989038404 0.310727541801
113 0.745794401038 0.831009701826
114 0.870531287044 0.854387687054
115 0.218838839792 0.848037282936
116 0.345274220686 0.644933179021
117 0.433078106027 0.303740089294
118 0.789311192930 0.211191341281
119 0.788336849306 0.716379687656
120 0.739302755333 0.788928653579
121 0.308172596153 0.693736643996
122 0.931431998964 0.490024127066
123 0.476683217101 0.790062424727
124 0.149642191827 0.551751179621
125 0.211916049942 0.655024005100
126 0.867703613825 0.745618808083
127 0.305877880659 0.768692652229
128 0.056346349884 0.051672281697
129 0.599702354055 0.926877636928
130 0.906059969217 0.818541193847
131 0.774914920330 0.251334189903
132 0.463474372867 0.207993026357
133 0.555074279197 0.252785565797
134 0.419184367638 0.343411128502
135 0.969165253453 0.158487123437
136 0.132339782082 0.277337849606
137 0.852223767433 0.063771781046
138 0.767361976672 0.328906985000
139 0.853834205773 0.917004168965
140 0.880658164620 0.065750256181
141 0.572028174065 0.748361778446
142 0.811369064264 0.877906054724
143 0.517054430675 0.867715414148
144 0.929578336421 0.116756785195
145 0.794593051076 0.835638305638
146 0.935297979042 0.569507971406
147 0.086972496007 0.398772352375
148 0.777500997763 0.642046775203
149 0.651557918172 0.196685365867
150 0.985457904171 0.620723172091
151 0.355172489304 0.117797686253
152 0.898061021697 0.207396256737
153 0.181569467764 0.665422998834
154 0.536303241737 0.035403673537
155 0.582427167799 0.416961406823
156 0.101153929718 0.154455341864
157 0.165323185269 0.912522993982
158 0.032361396588 0.682377616409
159 0.780238408130 0.961939733010
160 0.799134401605 0.574831459671
161 0.797578039113 0.734432380646
162 0.144339431077 0.884550535120
163 0.133204733022 0.921840429306
164 0.526597310323 0.784762651660
165 0.118525795173 0.512055214494
166 0.405485823750 0.473698284477
167 0.629852901213 0.303546845447
168 0.681094541214 0.811422368977
169 0.968969844282 0.217397783417
170 0.846826042514 0.551397012081
171 0.634359190241 0.947979972698
172 0.705852353945 0.799682375509
173 0.860502966680 0.738213750534
174 0.482059991919 0.640741375275
175 0.700153484009 0.281194393523
176 0.215572834946 0.497731523123
177 0.015626774635 0.359912266023
178 0.382282058243 0.148831507657
179 0.281752695329 0.908879368566
180 0.933594159316 0.400278490502
181 0.420934583526 0.339079983067
182 0.873976774979 0.050787484739
183 0.642626828980 0.555071316659
184 0.862209853716 0.611596673261
185 0.772469100077 0.709035896230
186 0.162993685808 0.406828290317
187 0.657015868928 0.868846039753
188 0.206510665826 0.517518836074
189 0.607059790753 0.688570658211
190 0.158260211349 0.307213274762
191 0.969765051734 0.373833046295
192 0.804944797885 0.985391826369
193 0.733745312318 0.187226856127
194 0.134223334491 0.015498008113
195 0.096106224693 0.067817493808
196 0.415776498616 0.517040808219
197 0.406897477340 0.289753274061
198 0.567828292958 0.049524306320
199 0.844824590720 0.430038146675
200 0.661120979581 0.617293690797
201 0.139074043371 0.824114665389
202 0.024121981114 0.796089912299
203 0.692960705608 0.230632646941
204 0.313608748373 0.300020496361
205 0.919203305151 0.471868959721
206 0.607233771123 0.888968357351
207 0.845702006016 0.412178569008
208 0.874360183720 0.579447318800
209 0.599405425135 0.008583518211
210 0.594945326913 0.695511649828
211 0.076401012484 0.010721825529
212 0.212552458514 0.483298489824
213 0.300475099590 0.780380751472
214 0.532822796144 0.145299690310
215 0.210418898612 0.193943775725
216 0.762593381107 0.349492941983
217 0.018058441579 0.786715362221
218 0.145582854282 0.711019147187
219 0.017348009627 0.459191603120
220 0.011039643548 0.936551314779
221 0.931060562842 0.618273414671
222 0.825519672129 0.776762569323
223 0.030451983679 0.699879856315
224 0.356209888123 0.629857408814
225 0.708463374525 0.951155215036
226 0.325369058643 0.784864387009
227 0.961877040565 0.537921517156
228 0.268162876833 0.262352140620
229 0.318302269094 0.800985672977
230 0.407651830930 0.528721167706
231 0.994929449167 0.170245212503
232 0.878214109689 0.012987890746
233 0.956960574724 0.023796963971
234 0.724007037934 0.974308584351
235 0.482988567092 0.735046681482
236 0.910859899595 0.414049130399
237 0.353320096154 0.736379571725
238 0.190811699722 0.383772079833
239 0.436259428039 0.547021587845
240 0.013629488647 0.144722803030
241 0.498176802881 0.338998547290
242 0.929587190039 0.460053843446
243 0.876920064911 0.197750067338
244 0.722405984066 0.195222334005
245 0.998735740315 0.130057815462
246 0.723943501711 0.993665189482
247 0.300303027965 0.602157611400
248 0.006653080229 0.257263602689
249 0.625954575371 0.730660118163
250 0.231572187506 0.108943142928
251 0.465706799645 0.142432087101
252 0.522992273327 0.819026895799
253 0.878811658826 0.713803973049
254 0.202798975632 0.315071087331
255 0.260825560894 0.216428464279
256 0.459793890361 0.759002363775
257 0.555427012034 0.389381080400
258 0.219056207221 0.432347076945
259 0.587131147739 0.941462191753
260 0.627569410950 0.585866888519
261 0.071520007215 0.351512912661
262 0.579532078002 0.371823035181
263 0.953670524061 0.586185158696
264 0.629086637869 0.579625099432
265 0.316845276859 0.860658825375
266 0.688568242360 0.782552076969
267 0.003090912476 0.211560515687
268 0.601578972768 0.881902571768
269 0.925364488736 0.804377948865
270 0.196973659098 0.186190049630
271 0.020806413144 0.656767549459
272 0.945192413405 0.576233425178
273 0.046148629859 0.164248621091
274 0.008580502123 0.633279778063
275 0.105710812844 0.636149913073
276 0.219146666583 0.177230820060
277 0.987662825733 0.798678744584
278 0.549053855240 0.941333349794
279 0.384863903280 0.178140493110
280 0.520958449692 0.701709180605
281 0.038799318951 0.209526692051
282 0.484261257574 0.041890231427
283 0.421087208204 0.085840230342
284 0.923792803194 0.346451696940
285 0.890218179207 0.120766462293
286 0.532641747035 0.911024592817
287 0.777534011751 0.477834160440
288 0.487258017994 0.823682642076
289 0.642082781531 0.495838520583
290 0.456962420139 0.747793594375
291 0.131988433655 0.676109086722
292 0.925024414435 0.119651259854
293 0.474787831306 0.474078269675
294 0.060984609649 0.859651735052
295 0.652218763251 0.581943059340
296 0.561360915657 0.691018082201
297 0.791469751857 0.045622173231
298 0.732908313628 0.212556960061
299 0.131462403573 0.656701117288
300 0.559008657001 0.021680583246
301 0.777467579581 0.091650404036
302 0.932705176063 0.555001591798
303 0.569484564941 0.419963194057
304 0.378684233874 0.211567346472
305 0.915801714640 0.835646654014
306 0.959360941313 0.047790148761
307 0.511755740736 0.884385355748
308 0.167441408616 0.986543572042
309 0.358463625889 0.228426018264
310 0.846195307095 0.010682389140
311 0.810369078070 0.407556222752
312 0.701700471342 0.601838829927
313 0.453178395983 0.434608784970
314 0.814395789988 0.584640800022
315 0.091309902258 0.373404446989
316 0.606321383268 0.868777482305
317 0.465054851491 0.539026559331
318 0.423779074103 0.034539416432
319 0.958989753388 0.802463307977
320 0.246106762905 0.874791468494
321 0.638109961990 0.205467704218
322 0.922581617255 0.149865702726
323 0.089853060432 0.090023025870
324 0.136409274768 0.448316686321
325 0.318449044134 0.982604582328
326 0.458999075461 0.128818122204
327 0.390160805080 0.160699546803
328 0.730656952132 0.843339201529
329 0.595308331773 0.545052742120
330 0.427980001550 0.686618234497
331 0.918457189575 0.034301384818
332 0.555395716801 0.383512041066
333 0.573327944148 0.979174790904
334 0.418051457498 0.532317697536
335 0.781638098881 0.664158220403
336 0.407109166030 0.419748060871
337 0.869625925086 0.329690783285
338 0.569613763597 0.959478985518
339 0.419713809155 0.706023038365
340 0.407795671839 0.738162853755
341 0.688627620693 0.866794747300
342 0.866980975959 0.078788426239
343 0.027494294103 0.597637928557
344 0.922127627768 0.622802625876
345 0.142690670677 0.350107629318
346 0.309420860372 0.061147860251
347 0.384409014136 0.864816577174
348 0.444659901317 0.957736958284
349 0.843991368078 0.862711358815
350 0.490054655820 0.625629466958
351 0.526869579684 0.897163822316
352 0.045377527829 0.396495504770
353 0.226854605600 0.614991291426
354 0.355974490289 0.646568415221
355 0.321014330257 0.763770162128
356 0.384731268976 0.009641950950
357 0.630564909428 0.251712244935
358 0.088430377189 0.658059203532
359 0.849350173492 0.010558004957
360 0.280861829408 0.992040844634
361 0.360665634274 0.590282690246
362 0.053188704886 0.745074648410
363 0.455099267419 0.497848606668
364 0.702811606694 0.299090635963
365 0.360559965484 0.192866262980
366 0.924720102921 0.887429545168
367 0.090030085295 0.970097631216
368 0.283925049938 0.316884690896
369 0.585088922642 0.639899540227
370 0.963453106117 0.906103252899
371 0.403669702355 0.348184375092
372 0.915745204315 0.034234611783
373 0.599896620493 0.004175581504
374 0.692293815315 0.449246793985
375 0.014733586926 0.973155645188
376 0.441287638620 0.375399221200
377 0.563438335434 0.494476343971
378 0.120473870076 0.018537602853
379 0.992324950639 0.823285476770
380 0.317628238816 0.352884916123
381 0.016151739750 0.242348342203
382 0.240314461756 0.106181825045
383 0.212445973419 0.524239511695
384 0.423066516407 0.797534896061
385 0.164139052387 0.386519622523
386 0.703638149425 0.567808754742
387 0.734703998081 0.619383353740
388 0.602043366991 0.334600618575
389 0.623558935244 0.294337182306
390 0.783847412560 0.638292522170
391 0.267492827494 0.225135051645
392 0.013691743836 0.830931162927
393 0.719611395616 0.134165613912
394 0.849468766246 0.711936346255
395 0.957451090682 0.167097005062
396 0.064821262378 0.973602830898
397 0.409445347264 0.305135724135
398 0.079784655944 0.621891320683
399 0.829375236295 0.502851172350
400 0.419426217210 0.993514288682
401 0.889370795339 0.123064366635
402 0.561323043425 0.624074793421
403 0.742447720375 0.163366410416
404 0.958675411996 0.366006655619
405 0.457703593187 0.742522824556
406 0.004299178254 0.725196420681
407 0.967657876201 0.017990922090
408 0.556127584074 0.687269271817
409 0.152156536002 0.405596350320
410 0.399205618072 0.109607626684
411 0.572693355381 0.464026880916
412 0.083210457582 0.982138703112
413 0.769162605051 0.162995113991
414 0.604030023795 0.598537841346
415 0.665846286342 0.023456241004
416 0.592052130029 0.555217081681
417 0.146520607639 0.153375173919
418 0.179291875102 0.888968328014
419 0.316741584335 0.137967287097
420 0.254974984098 0.774445177522
421 0.880490112118 0.259274162352
422 0.499641598668 0.848147988319
423 0.277265084442 0.055769182742
424 0.535417260602 0.429421620443
425 0.461365533061 0.934622878674
426 0.539029247127 0.034058888443
427 0.398649759591 0.622239705175
428 0.016197591554 0.167812365107
429 0.785234819166 0.620227615815
430 0.766350206453 0.451081105508
431 0.643683856819 0.358402336948
432 0.006298187654 0.790204464924
433 0.511777510867 0.185590062756
434 0.679172792938 0.828519095201
435 0.323557350319 0.934147777036
436 0.602964273188 0.204047462437
437 0.193421939388 0.102605871856
438 0.052195450757 0.470687023830
439 0.158375054598 0.587612711359
440 0.900108644273 0.619740587659
441 0.522235590499 0.439137891866
442 0.653799476102 0.920885350090
443 0.061377597041 0.669997068122
444 0.088697715197 0.846612416208
445 0.290224683937 0.855047922116
446 0.297693521716 0.933908540756
447 0.213450259063 0.303991709370
448 0.724113005679 0.725227769930
449 0.489581772592 0.403285799082
450 0.553746865131 0.813139122911
451 0.337433576118 0.156711138319
452 0.017186585348 0.530855515972
453 0.259317010175 0.069382036105
454 0.001542539801 0.417692064773
455 0.656994747929 0.901651184540
456 0.037432652432 0.179230338428
457 0.340789076407 0.691232129000
458 0.100115688518 0.402166673448
459 0.361229197122 0.188813404180
460 0.248779089656 0.651453881059
461 0.043861326296 0.546472611371
462 0.585362421814 0.257311585359
463 0.850464321207 0.309475427959
464 0.982539355289 0.340046093799
465 0.712761227041 0.536286220420
466 0.153185216710 0.050194803160
467 0.692997359205 0.170371802058
468 0.581050319131 0.952314369380
469 0.239753838163 0.582592859399
470 0.370006434619 0.896748586092
471 0.484244043939 0.407439087052
472 0.075978924520 0.825033120345
473 0.098671216052 0.176094613504
474 0.227199793793 0.459900413174
475 0.364908017684 0.475978883449
476 0.111354294233 0.408769343980
477 0.022451494820 0.696716716513
478 0.666080929339 0.872915816028
479 0.006192144472 0.648620284628
480 0.212961909827 0.718953371514
481 0.184906505048 0.366147126537
482 0.769148174673 0.877903864253
483 0.536518928595 0.350198494270
484 0.830218234099 0.776272767223
485 0.932791353669 0.200224668719
486 0.673021353316 0.417035397608
487 0.607663755771 0.749000278302
488 0.242068517953 0.706334972288
489 0.925094891805 0.469268311746
490 0.166235385463 0.290002909489
491 0.945247195195 0.277589680161
492 0.698772253469 0.967698690016
493 0.974306396674 0.364853182808
494 0.840614506509 0.980498541147
495 0.013473467436 0.053576416336
496 0.699451912660 0.198379972484
497 0.419723543338 0.468600087333
498 0.076283837203 0.956242471933
499 0.818798581604 0.906502071302
500 0.732515239157 0.751589935273
501 0.106726740021 0.405536592938
502 0.168625332881 0.714390495792
503 0.154536871240 0.410693850834
504 0.420725468080 0.079631763045
505 0.879962162580 0.586960854009
506 0.369634672534 0.825209357776
507 0.864550534170 0.068406926002
508 0.792908048257 0.838856930844
509 0.433260108810 0.633522554766
510 0.819355471991 0.446733576246
511 0.687098971102 0.518807384651
512 0.645113548730 0.106822514441
513 0.987407471985 0.721397385933
514 0.063064986840 0.806206054054
515 0.627899457235 0.795580225997
516 0.557795989327 0.734626197256
517 0.201116818935 0.726421322674
518 0.449016693514 0.355653690174
519 0.137115173507 0.869742161594
520 0.435285453219 0.017077336553
521 0.456703015603 0.804920125753
522 0.842286694329 0.321253549773
523 0.873327051755 0.635194742586
524 0.160110480618 0.306587160565
525 0.268717297353 0.979465952609
526 0.753320736811 0.955816268921
527 0.498273337260 0.398434286006
528 0.062638783362 0.485680809710
529 0.119831671938 0.125703770202
530 0.291886863764 0.747731129639
531 0.921283996664 0.849682853092
532 0.482357326895 0.122400815599
533 0.576104175765 0.931374020409
534 0.478054506239 0.713219349738
535 0.801116182469 0.913339959458
536 0.730296686292 0.257819198072
537 0.718260085676 0.572583380621
538 0.579072748311 0.591587137431
539 0.207778123673 0.739183228929
540 0.898174298462 0.476495421026
541 0.718649182003 0.651495035272
542 0.432311689947 0.216922519263
543 0.049929321278 0.494950473774
544 0.702603328973 0.169760993682
545 0.620654243976 0.994490192737
546 0.917492123321 0.541938240640
547 0.844173046295 0.399849450216
548 0.664339056704 0.420277222060
549 0.331223471090 0.142393562943
550 0.133496571798 0.132339653559
551 0.055733522400 0.863793258090
552 0.390158851631 0.773993608076
553 0.436376639176 0.969231599942
554 0.365580745973 0.644154762849
555 0.708414829336 0.263755044434
556 0.120650183875 0.427064011339
557 0.915250079706 0.552961874288
558 0.643986530602 0.965179401450
559 0.047912348062 0.346589860041
560 0.134940395132 0.668566592038
561 0.341080052778 0.052432518452
562 0.210504833143 0.185253099073
563 0.452281968668 0.874843889847
564 0.605530321598 0.783505439758
565 0.017237452790 0.739026893396
566 0.915845093317 0.072970975190
567 0.602820151951 0.306003945414
568 0.846964583732 0.039196791127
569 0.275235545356 0.212545329705
570 0.683351553977 0.983650374692
571 0.476300374139 0.804001737852
572 0.410714386031 0.391550453845
573 0.356963612139 0.054700917099
574 0.356729855295 0.404875960201
575 0.401290777139 0.491670250427
576 0.073442552704 0.742370829917
577 0.544102768879 0.283947385848
578 0.927623929456 0.996384738013
579 0.158791275695 0.533154251054
580 0.779890177771 0.176028728485
581 0.272181144450 0.695735271554
582 0.248999703676 0.875001296401
583 0.001739216968 0.095964287408
584 0.914198087528 0.276974762324
585 0.308509617113 0.597549641505
586 0.260625137482 0.784809991252
587 0.401551379822 0.671339523513
588 0.176360445563 0.758514991961
589 0.726040440612 0.533090300858
590 0.163390952628 0.127331217751
591 0.024760551751 0.236833505332
592 0.869702048134 0.568863320630
593 0.520780891180 0.797325977590
594 0.565248058643 0.679572166875
595 0.330480228644 0.345138236880
596 0.855600895360 0.602661373094
597 0.040873508435 0.104600599036
598 0.477662669960 0.042612725403
599 0.200564886909 0.391860757489
600 0.319587487727 0.509074504022
601 0.989410399459 0.580212625209
602 0.293884495739 0.390961779281
603 0.251552149188 0.470244941302
604 0.149476771243 0.977592589799
605 0.003335242160 0.312867723871
606 0.104923808016 0.028095793910
607 0.549701229203 0.974625856150
608 0.596959115006 0.070482120384
609 0.771951833740 0.162207173649
610 0.750054287259 0.102432062384
611 0.507345410530 0.605655182619
612 0.705093435477 0.548218918964
613 0.710255782120 0.182756105438
614 0.590831644367 0.910820669029
615 0.574616863392 0.910419132560
616 0.419895173050 0.564027262852
617 0.490631757770 0.713779668789
618 0.954989042133 0.742183906958
619 0.184024610091 0.104465813376
620 0.719776497222 0.187359852716
621 0.417333537713 0.824700305238
622 0.215455646627 0.967034766916
623 0.799326161388 0.812414761633
624 0.037516887765 0.571277995128
625 0.974621935748 0.787571175024
626 0.673710057512 0.481967346277
627 0.393226358108 0.378803492989
628 0.030186265707 0.103482140228
629 0.561559598893 0.621017910074
630 0.014302809257 0.136176462285
631 0.531437042635 0.434197982308
632 0.700203725137 0.022068800870
633 0.147977651563 0.655192767270
634 0.764252707828 0.332002261654
635 0.759658580646 0.484029205050
636 0.519362114370 0.176992118359
637 0.308729510289 0.734817761462
638 0.144026885740 0.108055671677
639 0.547232523095 0.181543773506
640 0.679333666805 0.521854458842
641 0.969114948530 0.353043724317
642 0.003821805585 0.362341306638
643 0.731847217772 0.034008071292
644 0.465823446866 0.293406816665
645 0.655025981367 0.480126256123
646 0.429583278950 0.186463024467
647 0.914324238896 0.129787004087
648 0.208531825338 0.062301890459
649 0.784979771357 0.972784533165
650 0.394304152112 0.544638352003
651 0.456813738681 0.913666266948
652 0.721630470827 0.765543248970
653 0.648484028410 0.865657356568
654 0.873598921113 0.195716551505
655 0.047201130074 0.552932587918
656 0.717571010813 0.016316078603
657 0.905976312701 0.721392816398
658 0.378657385707 0.637823530473
659 0.755400887690 0.844480832573
660 0.931230347138 0.410426869057
661 0.324607089162 0.360813626088
662 0.596889893524 0.238931328058
663 0.490600630175 0.805421718862
664 0.301233218517 0.275580401532
665 0.778206252493 0.695537370630
666 0.820218753535 0.235019991174
667 0.609203637578 0.541849224363
668 0.000563240144 0.257687665988
669 0.407506580930 0.874162161257
670 0.453404217958 0.454707711004
671 0.427094749641 0.170975228772
672 0.471023790073 0.333071062341
673 0.892368045170 0.849681175780
674 0.970894592814 0.647768932860
675 0.694162008353 0.902124939952
676 0.058195801917 0.018769097514
677 0.262938566040 0.655085695907
678 0.257700425573 0.753539196216
679 0.460507414769 0.558933644090
680 0.029119597748 0.238713667262
681 0.254471015185 0.849338351283
682 0.473733658437 0.863674652763
683 0.391187576111 0.474296899047
684 0.121362319216 0.798694157042
685 0.348459060304 0.574766537175
686 0.253401868511 0.775553809945
687 0.745741765946 0.724425658584
688 0.108624872286 0.638109811116
689 0.574106834363 0.079519465100
690 0.285878743976 0.268268842716
691 0.981644405052 0.344074545894
692 0.287037940696 0.244582971092
693 0.999160241801 0.544738366269
694 0.998122167308 0.459667657036
695 0.103672010824 0.027241765056
696 0.698381324299 0.358143026009
697 0.876580116805 0.172114983201
698 0.221817678772 0.267767692916
699 0.646411882248 0.343179997988
700 0.066461849958 0.994870942552
701 0.917946535163 0.319863718469
702 0.770424752962 0.663688301109
703 0.044289377052 0.879049625248
704 0.301798112225 0.618396211416
705 0.958569090813 0.587676856201
706 0.886665054597 0.940213495865
707 0.931751402561 0.173702995293
708 0.184796467423 0.930911644362
709 0.718441361561 0.182918634731
710 0.390579301398 0.822113372386
711 0.210160400253 0.088960626163
712 0.180256398395 0.086740517057
713 0.261075609364 0.402074077632
714 0.354508209974 0.907487491611
715 0.745254075620 0.420970059931
716 0.902358434163 0.663200611249
717 0.740833778866 0.672783187125
718 0.326888912357 0.785123155918
719 0.551832812838 0.628687025048
720 0.403519367799 0.510401903652
721 0.216363881249 0.290184422396
722 0.450615399517 0.148115283810
723 0.463887417689 0.635411866941
724 0.079026928637 0.182328779250
725 0.818330502138 0.469606230035
726 0.004442152102 0.028490902390
727 0.558566856198 0.184698550496
728 0.115231419448 0.819642465562
729 0.586772628129 0.469739629421
730 0.727129957173 0.332026704215
731 0.890709689353 0.629488391802
732 0.995227315463 0.631543468218
733 0.302271578927 0.322116227821
734 0.416666624602 0.854104391765
735 0.950803252868 0.820185992401
736 0.364506295417 0.167167134583
737 0.110370414797 0.815121695399
738 0.315282418393 0.574257832486
739 0.450533562340 0.394309347030
740 0.756586611737 0.268864064477
741 0.863915577531 0.761028763838
742 0.297354966868 0.422482433729
743 0.945727314800 0.412586386316
744 0.242124899756 0.532499942929
745 0.882326015737 0.969254856929
746 0.864526647143 0.773035705555
747 0.598743248731 0.859753962606
748 0.404579173774 0.901014828123
749 0.181870190892 0.821245798375
750 0.755119219888 0.132673443761
751 0.641431790777 0.119625515770
752 0.299840578344 0.751802205574
753 0.934747211169 0.615122997202
754 0.326060038060 0.385280773509
755 0.009432344232 0.082646650262
756 0.654144838452 0.873347921763
757 0.843675414100 0.951499805320
758 0.295830355957 0.789402728900
759 0.364086192101 0.537955255713
760 0.321902672295 0.246412207838
761 0.507210112642 0.186429319438
762 0.019447913393 0.105953361839
763 0.046183282509 0.424027087633
764 0.006968189962 0.228053473402
765 0.245272886008 0.762087409850
766 0.360726917163 0.886704677250
767 0.881712925620 0.660567495972
768 0.638506882824 0.816460136790
769 0.275690493174 0.964566921350
770 0.201740910765 0.285122837406
771 0.047213571612 0.855885749217
772 0.158470759634 0.890888985712
773 0.807385554537 0.454301115591
774 0.680291715078 0.171471746638
775 0.992256371304 0.002194387373
776 0.417883954942 0.499466483947
777 0.188623706810 0.437331868336
778 0.605419845786 0.234806989320
779 0.861358955968 0.612388035748
780 0.462860462721 0.106631842442
781 0.374475446064 0.823587380350
782 0.993336519692 0.256188371684
783 0.484154876322 0.631843402516
784 0.072648508940 0.759845369495
785 0.596410323866 0.274389419705
786 0.044968206901 0.643623895478
787 0.130275168922 0.203438966535
788 0.534512881655 0.937660723459
789 0.657740082126 0.214804596733
790 0.109132470563 0.649996453431
791 0.216998984106 0.527016425505
792 0.149462937843 0.405622690916
793 0.964348293841 0.754882783629
794 0.640429680701 0.825707250275
795 0.367270819843 0.103290143423
796 0.932339092717 0.741746265907
797 0.926877523772 0.925675612409
798 0.997934637591 0.411032400094
799 0.557519014925 0.070583146531
800 0.170877769589 0.153929339256
801 0.344972566236 0.215845976956
802 0.797553234734 0.475247735158
803 0.419284943491 0.332066116389
804 0.412908459082 0.077025026083
805 0.546870713122 0.522040929645
806 0.727021479513 0.763869697228
807 0.049057355151 0.876484417357
808 0.169492388610 0.013405648991
809 0.631367201451 0.809922069311
810 0.839112899266 0.998638021294
811 0.913212212734 0.771451991983
812 0.740384287201 0.840089736972
813 0.697127604391 0.738318924792
814 0.251122137066 0.254646619782
815 0.808902071789 0.421999907121
816 0.408575959038 0.153874638025
817 0.637845884077 0.206129193772
818 0.629122373648 0.057130827568
819 0.538195310626 0.042030832730
820 0.134155853651 0.085066023748
821 0.564071762376 0.861177333631
822 0.848935721442 0.613129117526
823 0.737661750987 0.018428110052
824 0.626534766518 0.369028952438
825 0.828350179363 0.465647666249
826 0.367666973732 0.741562392097
827 0.237099658232 0.108051260933
828 0.581652129069 0.934227263089
829 0.846370186191 0.832774266601
830 0.188873882871 0.655272257980
831 0.254774173722 0.597449841909
832 0.809146896005 0.892620057799
833 0.803579035681 0.438269269653
834 0.949750885367 0.341774346307
835 0.480300102383 0.083906739485
836 0.426840370521 0.044371864758
837 0.945084073115 0.275776091963
838 0.657500982285 0.682745824102
839 0.294204202015 0.284035749268
840 0.051774777006 0.122554381378
841 0.749683415517 0.419441750739
842 0.864116773475 0.986783073749
843 0.527493012138 0.445768903010
844 0.921010336839 0.373863198329
845 0.278543169610 0.109884219710
846 0.029135456309 0.533317343332
847 0.707334061619 0.838282352313
848 0.425937401131 0.510913097765
849 0.276551622432 0.375688286498
850 0.852687444072 0.756851724815
851 0.459595025983 0.279527814593
852 0.801223590039 0.404679099098
853 0.555303906556 0.458724572323
854 0.087424923666 0.849508108571
855 0.742760321591 0.139199700672
856 0.972062489949 0.492443737108
857 0.558641451411 0.836179263890
858 0.479226811323 0.086134463549
859 0.281948166899 0.400237148162
860 0.459997661877 0.560491336510
861 0.510121368337 0.489133118186
862 0.093808679841 0.217455429956
863 0.327415470965 0.519746080972
864 0.728368527722 0.603967093397
865 0.895434367470 0.581055972259
866 0.360818818212 0.355029393919
867 0.860583786853 0.162042408250
868 0.759708493017 0.415887693875
869 0.620766981039 0.847133416682
870 0.265395802446 0.363527302630
871 0.986333117355 0.237458292861
872 0.855971040204 0.544974569231
873 0.073637556750 0.335197851527
874 0.631109032780 0.355585723650
875 0.735434999689 0.091106695123
876 0.916077060159 0.245556368027
877 0.580239813309 0.009885740001
878 0.463011798449 0.907655284274
879 0.529631820973 0.191380326170
880 0.511622377671 0.425066188443
881 0.772436298430 0.872441196349
882 0.780095582362 0.633020085748
883 0.034483604599 0.539804075845
884 0.048907779623 0.655250585638
885 0.386937492527 0.314303582069
886 0.018777888734 0.373270610347
887 0.551761874929 0.874748928938
888 0.918245179579 0.625399431679
889 0.209946780466 0.549354212359
890 0.980985155329 0.945381780155
891 0.640460907482 0.897062215488
892 0.190938148648 0.220700721256
893 0.906947955489 0.653949947096
894 0.128356005531 0.436579776462
895 0.845330273267 0.639978383668
896 0.861645965371 0.617766572163
897 0.512419580016 0.641741547734
898 0.250786657911 0.546903184615
899 0.181545623578 0.299694437534
900 0.202153770719 0.568483116571
901 0.613998019602 0.220931659453
902 0.941753726918 0.165759894997
903 0.095680588391 0.859998906497
904 0.791159326676 0.305627368856
905 0.409353118856 0.772144482471
906 0.251009149011 0.049814026803
907 0.669206697959 0.441947297659
908 0.270514748059 0.576154653914
909 0.095897244755 0.398870753590
910 0.012734430376 0.941227518488
911 0.038849137258 0.874380395748
912 0.558994090650 0.551268717274
913 0.516121943947 0.809780748561
914 0.098171902355 0.697667567525
915 0.109475186095 0.300325673074
916 0.266150684096 0.723473205697
917 0.521257332526 0.207904411014
918 0.889233100694 0.616937920917
919 0.067903317511 0.680392427836
920 0.922565289773 0.477256436832
921 0.452536910307 0.173574438784
922 0.527070463635 0.121743608266
923 0.615521736909 0.797585211694
924 0.697898262180 0.711418981664
925 0.196455965284 0.710632693022
926 0.652646500152 0.235305103008
927 0.585013088770 0.211640590802
928 0.786573820282 0.101135032717
929 0.021421339363 0.884745722637
930 0.798802600708 0.130896525458
931 0.185071395710 0.064953284804
932 0.854369731620 0.706328728236
933 0.272857696284 0.743602832314
934 0.323266649153 0.340761013795
935 0.423995260149 0.245831938926
936 0.818017450627 0.876532170456
937 0.419406378176 0.345087914262
938 0.998275779188 0.034928115085
939 0.142673125956 0.696174041368
940 0.746347096749 0.339129091706
941 0.406806734391 0.398993597366
942 0.574434194714 0.991819823626
943 0.610634188168 0.361008014996
944 0.092954856344 0.632055527996
945 0.245753738098 0.891757457051
946 0.762952053454 0.430825133808
947 0.956710742321 0.617321785074
948 0.137153862510 0.229568438604
949 0.360924617853 0.460420511663
950 0.570329452399 0.784919878002
951 0.706252451055 0.388346903492
952 0.661452048924 0.125658829231
953 0.733434817754 0.659727828111
954 0.160586944316 0.876107944176
955 0.355901869480 0.906934041064
956 0.215237035882 0.762708604336
957 0.305927638430 0.789671230596
958 0.754528427962 0.916561827064
959 0.150679245591 0.847483284306
960 0.548617355060 0.396432983689
961 0.739240741823 0.311569408514
962 0.827258117963 0.695951484144
963 0.928891194053 0.964411980473
964 0.925519922748 0.289815811906
965 0.424832492135 0.495849375147
966 0.074735689908 0.131084943190
967 0.884196278639 0.736187738832
968 0.256743772421 0.617631096859
969 0.395915566944 0.417330716737
970 0.493739041034 0.751817436889
971 0.324264758267 0.708976076916
972 0.514526041225 0.630192396697
973 0.498647307511 0.269054469187
974 0.546754223760 0.649326553103
975 0.116537753493 0.095371578820
976 0.045759537257 0.855778495315
977 0.406940987799 0.873017655220
978 0.551729979459 0.335832181852
979 0.837429635692 0.477249902207
980 0.625647993758 0.262262127828
981 0.973099277820 0.700383683667
982 0.393347071484 0.857295556460
983 0.436571422964 0.650090843905
984 0.474926653318 0.832486989908
985 0.067421561107 0.968665694352
986 0.584304426797 0.391686319374
987 0.677641771268 0.098830468021
988 0.021878716070 0.176289078780
989 0.367884937208 0.568632940296
990 0.825615632348 0.484422691166
991 0.664004519116 0.871375169605
992 0.340201186482 0.070945506915
993 0.744392824825 0.891931166407
994 0.406777688768 0.581822460517
995 0.369181068614 0.032425682526
996 0.844084588345 0.342280346435
997 0.732809366658 0.237431659829
998 0.199575903360 0.169380789623
999 0.887522504199 0.674502556678
