4
60
0.300000
0 0.050000000000 0.050000000000
1 0.050000000000 0.950000000000
2 0.950000000000 0.050000000000
3 0.950000000000 0.950000000000
4 0.527077155188 0.489514564164
5 0.369754916988 0.513608937617
6 0.242758939043 0.588375683874
7 0.685077309143 0.641065801959
8 0.777284068521 0.947236696724
9 0.598012697883 0.977388257161
10 0.634962663520 0.397809093352
11 0.951436730102 0.299132071435
12 0.839440530632 0.916388756596
13 0.996592079755 0.189290166367
14 0.888844303321 0.705862085801
15 0.228314253967 0.963517798111
16 0.895237904508 0.217393575702
17 0.640759857837 0.019873203710
18 0.901827736292 0.743817485403
19 0.976306781638 0.428904891480
20 0.233332049567 0.346061699092
21 0.942513829097 0.476090989076
22 0.934437382966 0.627591138240
23 0.117156791035 0.711721451487
24 0.574827834964 0.715169488918
25 0.689109708648 0.209790498484
26 0.112978582736 0.640546439216
27 0.508922570385 0.952419113368
28 0.556935195811 0.505514650140
29 0.141709279735 0.445779499132
30 0.211376735941 0.370023533702
31 0.409297297709 0.106614640914
32 0.587417109404 0.050057155546
33 0.126487844624 0.489244845696
34 0.793874640949 0.102794626728
35 0.918149737641 0.027206690516
36 0.448856325820 0.860663566738
37 0.503297679592 0.383293708786
38 0.488254705444 0.620454471093
39 0.095015160274 0.063082540408
40 0.335623960011 0.784124869388
41 0.272873039357 0.448602542747
42 0.424671308603 0.781795609742
43 0.401021656580 0.981606504414
44 0.287310259882 0.542730936315
45 0.427386004012 0.498686996289
46 0.912754470482 0.836683301721
47 0.605301637203 0.500171579886
48 0.886740457267 0.731789481826
49 0.989416426048 0.680615098216
50 0.834584108554 0.907566163689
51 0.707821788732 0.283440434374
52 0.768229730427 0.211119468790
53 0.666734143160 0.256484435871
54 0.831573939882 0.761749303900
55 0.319566976745 0.167197899893
56 0.545874173287 0.592440016102
57 0.615800443105 0.970545481890
58 0.374235625844 0.016822099686
59 0.952151986305 0.661545885727
60 0.559553036001 0.379537990317
61 0.160232882015 0.472307506483
62 0.216221292038 0.765534519218
63 0.972479086835 0.102961749304
