100
900
0.060000
0 0.424204377457 0.250877059065
1 0.185985700693 0.663573469501
2 0.106951388065 0.009416692890
3 0.757932886947 0.852307636756
4 0.428920990787 0.127681926824
5 0.845379223581 0.409720139578
6 0.905213480350 0.397900900804
7 0.428250120021 0.668906617444
8 0.684625728056 0.602376629598
9 0.589589619543 0.445519824512
10 0.090666026808 0.690393822268
11 0.039869139902 0.376061863732
12 0.044962923042 0.725376651157
13 0.653974792454 0.254065738991
14 0.725150500890 0.072273337748
15 0.607326101977 0.149354878347
16 0.323150397278 0.793311802670
17 0.812928348314 0.430101785343
18 0.802728495561 0.570861235261
19 0.282409422100 0.231649486814
20 0.698543162085 0.127788645681
21 0.641369626392 0.603756642900
22 0.525689546950 0.069619746413
23 0.272663260344 0.210315275006
24 0.671996376012 0.862252879888
25 0.655835099518 0.762662402820
26 0.552646702155 0.695704239421
27 0.138724266551 0.597609625664
28 0.421080890577 0.792699059471
29 0.851675364655 0.146231391467
30 0.864972397219 0.459001466632
31 0.295586269815 0.188122794498
32 0.252313269768 0.108514618129
33 0.618224579841 0.055041765328
34 0.679375853855 0.900634001940
35 0.286691252142 0.377919015940
36 0.028422648087 0.928060878534
37 0.981675658841 0.554112195037
38 0.997680624947 0.254338919185
39 0.764427470043 0.669677000958
40 0.116591799539 0.420262569562
41 0.432339404244 0.669238501694
42 0.115966808982 0.571063670795
43 0.266848127358 0.537047699559
44 0.363762730267 0.118523492012
45 0.683279091027 0.228735127952
46 0.577524959110 0.978865360841
47 0.416857922450 0.829838228878
48 0.087379979435 0.035082502756
49 0.884879994206 0.766755833291
50 0.935716504697 0.171571246814
51 0.144674849231 0.964139152784
52 0.099632125348 0.126350508537
53 0.518251347821 0.097312750760
54 0.380689427722 0.282678817865
55 0.766989751719 0.497281227261
56 0.702941387426 0.199329155963
57 0.166519729421 0.818908196408
58 0.770392827224 0.433367856778
59 0.355955895968 0.134155557491
60 0.551891349256 0.039234986994
61 0.362890685443 0.129416308366
62 0.018100348301 0.779748608358
63 0.959254537243 0.105480327737
64 0.814831111114 0.844134531450
65 0.872236161027 0.750547615811
66 0.015705778264 0.016911010258
67 0.714686769061 0.115337904077
68 0.143261518795 0.232938116882
69 0.212650654837 0.523950946983
70 0.515616935212 0.979640406556
71 0.021232174244 0.218558322638
72 0.178969562985 0.187751903664
73 0.037466519512 0.949362390209
74 0.621119760908 0.393422415480
75 0.083517947700 0.173011110164
76 0.432657402940 0.446408633608
77 0.302427418530 0.450757751241
78 0.226157241967 0.261681955773
79 0.556238078978 0.040988353081
80 0.105816487223 0.428474240005
81 0.791535968892 0.121522265952
82 0.445385250263 0.506222737953
83 0.236860170029 0.588646769524
84 0.739160855301 0.449510824867
85 0.112597716507 0.254777790513
86 0.429151231423 0.133829890750
87 0.473336113151 0.608120794408
88 0.321581794880 0.510802632663
89 0.557483184617 0.942701555789
90 0.904225048609 0.641001132783
91 0.115712665953 0.336882451549
92 0.087409766391 0.418140084483
93 0.787640202790 0.313567008357
94 0.679822040256 0.343878281768
95 0.354555361439 0.785638527479
96 0.772352521773 0.146091330331
97 0.907160793431 0.217737772036
98 0.652314068750 0.144020963460
99 0.806384541560 0.391474924050
100 0.593531788327 0.918982258067
101 0.646252714563 0.022683020215
102 0.052812149283 0.119588827714
103 0.630803814624 0.374393944163
104 0.630391460843 0.188286999706
105 0.317095499951 0.534616509452
106 0.829288132489 0.432808165904
107 0.871498961002 0.916697898880
108 0.850948250387 0.659139163792
109 0.230264907237 0.530770290643
110 0.003017445561 0.584820268676
111 0.316408818122 0.775369967334
112 0.730911599007 0.223569612019
113 0.993107739370 0.383225667756
114 0.367590575479 0.799492281396
115 0.774700591806 0.961122364271
116 0.718474539462 0.420953306369
117 0.983805384487 0.771286688745
118 0.540542134549 0.614609199110
119 0.145680632908 0.170933595393
120 0.802896198817 0.462776132859
121 0.705550104845 0.632184331305
122 0.895584298763 0.577049065847
123 0.548882230185 0.746532549150
124 0.236188229639 0.779147137422
125 0.277302839793 0.239205675200
126 0.363967406098 0.593711658381
127 0.014575642534 0.094879005570
128 0.817281270400 0.007683381904
129 0.478104673326 0.184871845879
130 0.807175663300 0.252805265598
131 0.145994210150 0.525650203228
132 0.673758571967 0.129799594637
133 0.296936891973 0.214300706517
134 0.744408794213 0.442617525347
135 0.385234301910 0.547304993030
136 0.905393658206 0.090784406755
137 0.179489324801 0.800977957435
138 0.667833472602 0.728371554986
139 0.547510506585 0.904021702241
140 0.507518692873 0.824813346844
141 0.143227377441 0.871486098971
142 0.418525005225 0.157803019974
143 0.966365104541 0.235806275625
144 0.165486402344 0.444469778333
145 0.420678121503 0.972662065644
146 0.697275043931 0.566672332119
147 0.498312268872 0.371033615898
148 0.696471926756 0.795249161310
149 0.585334322881 0.440880720969
150 0.237866686657 0.970568624791
151 0.988185714465 0.143260344863
152 0.061353032012 0.167675039265
153 0.944238302298 0.729186504614
154 0.896046594251 0.491748809349
155 0.633208207320 0.403565287124
156 0.316562156193 0.776435584761
157 0.275051386561 0.735087161418
158 0.934238605201 0.241416491102
159 0.970893437043 0.099725007545
160 0.685886269435 0.391571558546
161 0.072387073189 0.383161313366
162 0.958243890665 0.570699342526
163 0.754194929730 0.654715817887
164 0.365948503837 0.339529252611
165 0.095596538857 0.603815190494
166 0.310097877402 0.083782253321
167 0.747075535357 0.371450909413
168 0.251457292587 0.691313838121
169 0.100637414493 0.147503887303
170 0.183062647469 0.733845621813
171 0.551069174428 0.499624803662
172 0.510281206574 0.826120560989
173 0.234711965080 0.444519811776
174 0.067537052557 0.205605402123
175 0.544244819321 0.753423321992
176 0.597176960669 0.616631892975
177 0.136584635824 0.555420851801
178 0.187331235502 0.890779565554
179 0.210136669688 0.553279739339
180 0.230308818165 0.305733208545
181 0.157094929833 0.540406695567
182 0.389515462331 0.904170465190
183 0.911857605446 0.640972754918
184 0.595484303311 0.012495019939
185 0.788476642221 0.778546950780
186 0.746340641752 0.339545817114
187 0.278171754442 0.256621848326
188 0.165666378103 0.512883719523
189 0.701141660567 0.233203430660
190 0.718489121646 0.245386479888
191 0.986626753118 0.315666082781
192 0.862018372864 0.123211388942
193 0.871086934581 0.049349608365
194 0.013990954496 0.081223604269
195 0.602629347704 0.244299772661
196 0.386956812814 0.759724277537
197 0.784706468228 0.776472275145
198 0.663894743193 0.696564073674
199 0.417445030529 0.259379046503
200 0.709059093613 0.205921672750
201 0.037925997749 0.455399735365
202 0.545467489865 0.316097752191
203 0.712021584157 0.711133868434
204 0.828981472179 0.413163244724
205 0.944337299094 0.547470593825
206 0.658549724612 0.930964052211
207 0.863136676606 0.520568097942
208 0.054175441153 0.734223611187
209 0.569917706307 0.068166395649
210 0.815447215457 0.172547054477
211 0.312466168310 0.202404028736
212 0.932271332014 0.097172637004
213 0.978876303881 0.596166075207
214 0.793736710679 0.396321334410
215 0.855545122176 0.502795804758
216 0.602243007626 0.893471119925
217 0.958195540123 0.147710497491
218 0.209568872117 0.670217124280
219 0.858844365925 0.038550344296
220 0.083380369004 0.803181665484
221 0.586020938586 0.741930094082
222 0.734145717695 0.449157615192
223 0.262498192023 0.788321159314
224 0.183381226845 0.832415898331
225 0.856487554964 0.998828442302
226 0.004962952808 0.168953723740
227 0.201232471038 0.937234285288
228 0.266126360744 0.180108775385
229 0.533400360495 0.059863071423
230 0.576430109795 0.388945482671
231 0.562658876181 0.178673117422
232 0.282416602597 0.520854416769
233 0.326383615378 0.491985475179
234 0.191071541049 0.185227981303
235 0.530535819475 0.274451910518
236 0.988409646787 0.116556758061
237 0.016382004600 0.722555364948
238 0.565714373719 0.278880196624
239 0.510876524262 0.749095600564
240 0.111296094954 0.367364079226
241 0.747924042866 0.116259048227
242 0.536317802966 0.949156514369
243 0.053493333515 0.802444163710
244 0.129265289754 0.586893694010
245 0.862307235599 0.705695399549
246 0.975839177147 0.424966111779
247 0.884368517436 0.258255779743
248 0.945820528548 0.210752132814
249 0.750241254922 0.136892070062
250 0.395980114117 0.280777074862
251 0.411343980581 0.384389761370
252 0.397333832923 0.427725985181
253 0.106945126317 0.963048206642
254 0.706606181804 0.617821650580
255 0.712143807206 0.817902276758
256 0.985185729805 0.460067850538
257 0.934161324985 0.521503533237
258 0.409224364907 0.987654658500
259 0.323947696947 0.538489654660
260 0.574548352975 0.186254932545
261 0.244185054209 0.550387530122
262 0.611221044790 0.128553571645
263 0.808643309865 0.557041573338
264 0.339305704460 0.558884565253
265 0.693933643401 0.735285819042
266 0.839661640115 0.105277623981
267 0.119675580412 0.236995473038
268 0.533003609162 0.226620706730
269 0.200043680146 0.239609790966
270 0.844442357309 0.912187487353
271 0.057512068190 0.829628087115
272 0.372255337890 0.991673393175
273 0.351131620351 0.781479702797
274 0.979328052141 0.675079317763
275 0.319969357457 0.553876405116
276 0.861334250309 0.564154412132
277 0.104263935238 0.472555295099
278 0.692707983777 0.912907245103
279 0.029596868902 0.032013688702
280 0.471791810356 0.723530512303
281 0.767299507745 0.311453450471
282 0.828808136750 0.886975088157
283 0.548448923975 0.361811745912
284 0.113595794886 0.748492604122
285 0.601421537343 0.958038152196
286 0.660680091474 0.658933605533
287 0.787666239310 0.032935429830
288 0.650606998708 0.138797860127
289 0.814415132627 0.629935050849
290 0.813877177890 0.134384490550
291 0.183811455965 0.675211428199
292 0.698538902681 0.288075391203
293 0.147766723763 0.391246886458
294 0.200982636772 0.177363592666
295 0.423260575160 0.672774447128
296 0.900894104969 0.190560082905
297 0.984227898065 0.729702241719
298 0.077535171062 0.532676822040
299 0.091513988096 0.191130965948
300 0.281169426162 0.692935525440
301 0.149169118144 0.941849517636
302 0.351869130973 0.936835357919
303 0.974784947466 0.002476129681
304 0.075633218046 0.789200080559
305 0.632411180995 0.889510395937
306 0.923584571108 0.816222636960
307 0.564721824136 0.622123473790
308 0.104298028629 0.712488547899
309 0.013370360248 0.305280665401
310 0.889852140564 0.436630935874
311 0.978055112530 0.790746245999
312 0.627191018779 0.962283010595
313 0.520448487718 0.704726190306
314 0.494959832635 0.611962475814
315 0.895857156254 0.776129258797
316 0.304898001254 0.045026274864
317 0.717978776898 0.656767132226
318 0.981861632783 0.692763724364
319 0.659243262373 0.057494850829
320 0.481963804923 0.291654443368
321 0.947005246766 0.405548376031
322 0.107877080329 0.511727070902
323 0.027671849821 0.212175108958
324 0.224215619266 0.041042210534
325 0.517455774359 0.114067759831
326 0.477673146408 0.495510887355
327 0.904814005829 0.104864165187
328 0.457793897949 0.425262494013
329 0.809590355493 0.952753731050
330 0.037224969827 0.705447512213
331 0.728882989846 0.342122971546
332 0.750473787077 0.446861766744
333 0.998890103772 0.732335419860
334 0.139625491574 0.658133366145
335 0.789830270689 0.621589296497
336 0.949787809514 0.736835517455
337 0.027137672994 0.057664890308
338 0.248562588356 0.054809522815
339 0.269839999266 0.472778207622
340 0.095851733349 0.787295774091
341 0.586845967919 0.573524879757
342 0.282806661446 0.491659973748
343 0.678389045410 0.740600559395
344 0.916922467761 0.487979400903
345 0.693354290444 0.954147438053
346 0.193426913116 0.422237280756
347 0.296270409599 0.943900700193
348 0.869099047501 0.295160513371
349 0.676236120053 0.008724539075
350 0.953293879982 0.466066390742
351 0.630313836038 0.903081689496
352 0.202901908197 0.657451509032
353 0.960746579804 0.451464497019
354 0.712261031847 0.230586579535
355 0.924242704641 0.808112765662
356 0.017882353626 0.511088672560
357 0.381637645420 0.300689015072
358 0.002748646773 0.060026690830
359 0.041289574467 0.919671114534
360 0.548006092198 0.734643865377
361 0.873818552587 0.741433005314
362 0.156881146133 0.170088962186
363 0.685333705973 0.025980193634
364 0.465249476023 0.361569826026
365 0.034704733174 0.418543356005
366 0.827636217233 0.665018569212
367 0.321625045501 0.030538125429
368 0.322470078245 0.282371625770
369 0.482002622448 0.034731110092
370 0.512958205305 0.406245327555
371 0.842843875755 0.530840558931
372 0.917334000114 0.224481521640
373 0.831529574003 0.920082646888
374 0.284508212470 0.872819148470
375 0.839753761888 0.832514304668
376 0.607463013846 0.713572314475
377 0.573947310448 0.764344159979
378 0.883661277127 0.259281016421
379 0.790324354079 0.348910753150
380 0.620850842446 0.825029087253
381 0.767454109155 0.448487059679
382 0.490047656465 0.089079154655
383 0.479025185574 0.812517734710
384 0.371450780425 0.961027808022
385 0.847248844802 0.884408985730
386 0.367273135576 0.690092721023
387 0.415249544661 0.284607136156
388 0.914574242663 0.246779118665
389 0.204689783044 0.199082455132
390 0.119598267600 0.044443544932
391 0.031596760266 0.727061281446
392 0.758015859872 0.605544070713
393 0.491405441891 0.641677136999
394 0.864825087134 0.281729795970
395 0.990587890148 0.485675929580
396 0.106758883223 0.758041999303
397 0.934162989724 0.596806539688
398 0.847121153958 0.413188175298
399 0.409324274398 0.218571934849
400 0.374215983320 0.256573119201
401 0.102980920579 0.741489119362
402 0.946665840223 0.518230465706
403 0.026096255518 0.861240082886
404 0.765009584371 0.230786038563
405 0.060322538484 0.884607851971
406 0.275229583960 0.091919298749
407 0.611669133883 0.033245443832
408 0.697463369463 0.103074575774
409 0.674922580831 0.562288456596
410 0.384804371744 0.665510470979
411 0.047964386176 0.491563254967
412 0.423552470282 0.982127375901
413 0.088369794656 0.270673624240
414 0.395315551199 0.497694069054
415 0.489245559089 0.769531534985
416 0.754267188255 0.592226480134
417 0.511020654347 0.700933028944
418 0.110456945840 0.537116909865
419 0.562173111830 0.875466530211
420 0.767902948428 0.622495650314
421 0.760074382648 0.043132532388
422 0.714414949063 0.371743516531
423 0.076377976220 0.411878318526
424 0.474818092305 0.751300557051
425 0.974166775122 0.859622464050
426 0.416811028030 0.022131161764
427 0.351185719017 0.840363498311
428 0.004258537665 0.439555513673
429 0.111037123017 0.399574089330
430 0.937249582727 0.600282682106
431 0.169105624314 0.691516770981
432 0.192509162240 0.680126278661
433 0.392449799925 0.302966108080
434 0.217243188526 0.954622912221
435 0.178432638757 0.985146136954
436 0.577118562534 0.938507021405
437 0.028278669808 0.291533512063
438 0.310250537936 0.104656646028
439 0.703411830589 0.785068630241
440 0.855957203545 0.677578606177
441 0.644691094290 0.272768231574
442 0.699709767941 0.995876813307
443 0.113131730352 0.703968305606
444 0.435432326980 0.224168853369
445 0.103542394936 0.372681909706
446 0.824451535475 0.272648019250
447 0.064198680688 0.016960698180
448 0.952774297912 0.456648481078
449 0.319926806260 0.170017486438
450 0.411271393299 0.498359445017
451 0.155163623858 0.988389955834
452 0.436866466422 0.183442293666
453 0.279923467897 0.747117004357
454 0.288098939694 0.983335298952
455 0.532185634598 0.144056143239
456 0.660913905129 0.176876728889
457 0.416824375279 0.360623673070
458 0.172753542196 0.529956105631
459 0.064591978677 0.608185869176
460 0.754124958999 0.168134374078
461 0.980867778882 0.578576494474
462 0.440782393329 0.045066460036
463 0.595537192654 0.393556691706
464 0.501714941114 0.915463999379
465 0.563574178144 0.912986334413
466 0.413823444396 0.718737802003
467 0.901376290247 0.850689911284
468 0.902180095669 0.181299758609
469 0.597806915641 0.190279035829
470 0.164635057561 0.129992550705
471 0.334335179068 0.825548962690
472 0.306869279593 0.751159554347
473 0.186172635760 0.479622822255
474 0.281115659978 0.250764614437
475 0.087808691431 0.035240618978
476 0.418898988515 0.068676470779
477 0.613817113917 0.859681382310
478 0.113742930815 0.209354306571
479 0.253238074016 0.615457871929
480 0.124818305951 0.816812252160
481 0.528444206342 0.538641750813
482 0.535550054628 0.429820496589
483 0.389331662096 0.437730150297
484 0.611120255198 0.987138577737
485 0.628009186126 0.775755312759
486 0.117131128442 0.962344365660
487 0.601304275449 0.424000408500
488 0.713503920007 0.787476911210
489 0.903623230755 0.994619580451
490 0.038241526112 0.991431922186
491 0.029860199429 0.457140514627
492 0.060108392965 0.643677313346
493 0.316821896937 0.173851323780
494 0.853031620383 0.570059970953
495 0.789309195708 0.977849926334
496 0.386872223578 0.317753402051
497 0.516491677146 0.922422278207
498 0.747573899105 0.905823339242
499 0.360152428504 0.358694154304
500 0.892961917445 0.988161615096
501 0.134449467529 0.010093045887
502 0.950505980756 0.735753742978
503 0.434093454387 0.664009900764
504 0.523230654653 0.337716685142
505 0.658629481215 0.561472180765
506 0.329148607794 0.688489681110
507 0.018612695392 0.389257000759
508 0.332166994456 0.335434592795
509 0.563108325005 0.185198614839
510 0.905494563747 0.352417520713
511 0.163048541639 0.292366787326
512 0.670170923229 0.679540218785
513 0.214789065532 0.417744822334
514 0.585363558494 0.574941494502
515 0.776438976638 0.478325475939
516 0.563103109598 0.910888444167
517 0.488418521825 0.513609090354
518 0.646642187610 0.922511976678
519 0.177618991118 0.169872842263
520 0.260228661820 0.836248472799
521 0.731345023029 0.589377269614
522 0.524738153908 0.749957718421
523 0.978634270839 0.856905148365
524 0.085392311215 0.541742595844
525 0.042103763670 0.990886875428
526 0.894160116557 0.205152305309
527 0.283253662754 0.564331039786
528 0.884692524094 0.498042728752
529 0.982075862121 0.470056082588
530 0.072984223254 0.758514839225
531 0.948381558526 0.636087332852
532 0.669403283391 0.436800080817
533 0.149696423206 0.316045471001
534 0.359312057495 0.327315414324
535 0.485918313265 0.619540719315
536 0.163563887123 0.217263336293
537 0.208917989396 0.688302041031
538 0.967221055180 0.187552260235
539 0.545207189862 0.052613366395
540 0.729294856079 0.587310953531
541 0.043500241823 0.623454972636
542 0.792463258840 0.326753905043
543 0.187786012888 0.677155782934
544 0.824796633795 0.169861875009
545 0.147211865988 0.897780857049
546 0.928376714233 0.095593424514
547 0.533868189901 0.597779998090
548 0.532393505331 0.683564613108
549 0.913825469092 0.891705562826
550 0.010880027432 0.399743782822
551 0.511246282607 0.174443915021
552 0.617007119115 0.720164272003
553 0.862745956052 0.584228174295
554 0.907716532238 0.407953145914
555 0.636841541156 0.637011388317
556 0.995264099445 0.680341782980
557 0.260466360953 0.787727358285
558 0.007095688023 0.448252373841
559 0.464883141685 0.831892321818
560 0.618114249315 0.612095007673
561 0.729673178867 0.546490963548
562 0.707688432187 0.263541368768
563 0.144270961639 0.240081937984
564 0.947105981875 0.058096431196
565 0.131787500810 0.957986009773
566 0.457840214018 0.643033783417
567 0.132429924794 0.074847333133
568 0.363198055420 0.995175880846
569 0.659075507894 0.270914587658
570 0.403129027225 0.295917049050
571 0.907925975975 0.398393126670
572 0.976258832030 0.168392337393
573 0.186120485421 0.983354520518
574 0.616644711234 0.651003627107
575 0.815246842336 0.234758960549
576 0.263098634779 0.544920021668
577 0.781249924563 0.970787066966
578 0.808461390436 0.925520886201
579 0.210869004950 0.755567372777
580 0.983617317397 0.342656506225
581 0.713553382549 0.441457531415
582 0.985690289643 0.845983307343
583 0.516304865014 0.348888345528
584 0.841159188189 0.175380372908
585 0.619802933186 0.244288215414
586 0.471297421958 0.527728909627
587 0.642681342550 0.447556253988
588 0.696121247020 0.828801827971
589 0.430910774507 0.312765958253
590 0.479805455077 0.246157617308
591 0.547524919268 0.742904089857
592 0.791077638976 0.328774843831
593 0.713691156823 0.599539029412
594 0.254295730032 0.924560162239
595 0.355106402189 0.237913047895
596 0.267216668464 0.068659784738
597 0.679370579310 0.252906958107
598 0.914643092081 0.195675444324
599 0.601795303635 0.755802280735
600 0.371055817232 0.221598237287
601 0.000090496149 0.842353239190
602 0.749327146914 0.642771838699
603 0.289909493644 0.445448393933
604 0.471573666669 0.720820268150
605 0.758214352187 0.951379121747
606 0.966977885459 0.305739271455
607 0.694283211604 0.758055524435
608 0.634514115285 0.407974368893
609 0.357594554313 0.888809845783
610 0.332534531131 0.712700956501
611 0.126722893678 0.599751199596
612 0.781360741705 0.806093472987
613 0.852658157703 0.696003833786
614 0.001768917777 0.454453461803
615 0.451806114521 0.372824735008
616 0.676051699091 0.451896611135
617 0.215177974664 0.425378846005
618 0.094668449834 0.505087468307
619 0.870827239938 0.566242116969
620 0.225907736458 0.629041592125
621 0.517621238716 0.192885622382
622 0.934780864045 0.211904450785
623 0.950941146817 0.569294979330
624 0.619878819678 0.308535701130
625 0.458104825113 0.952413350809
626 0.021236658096 0.584827718791
627 0.552164550405 0.802597399801
628 0.390921192244 0.404822708108
629 0.498601233587 0.392690110020
630 0.859276169911 0.950407348573
631 0.765514845029 0.535327869002
632 0.402303959709 0.980692819692
633 0.960706715006 0.496972409543
634 0.485780288000 0.831533954944
635 0.063214526512 0.711688024923
636 0.460575547535 0.580835765693
637 0.904573647305 0.395356411580
638 0.792740216479 0.855514794122
639 0.964651390910 0.412619036157
640 0.164050495718 0.422756216489
641 0.365032386966 0.185287153814
642 0.007583935279 0.917196937371
643 0.987884553615 0.398505127523
644 0.322019645479 0.486485787202
645 0.791195237543 0.181295815855
646 0.436893135775 0.556710083038
647 0.716623684857 0.839197095484
648 0.537402902730 0.677330400329
649 0.336169505492 0.023183191195
650 0.508864355274 0.399384032004
651 0.734871216118 0.969439902809
652 0.980219797697 0.639444863424
653 0.364796314389 0.772960014176
654 0.494959657546 0.329447705764
655 0.185579050332 0.659010153264
656 0.752203922253 0.550611437298
657 0.844297307078 0.759787857533
658 0.467808374669 0.832181860693
659 0.158292985521 0.789828020614
660 0.318667648360 0.949488223065
661 0.971123836469 0.755560784135
662 0.506198306102 0.687747521326
663 0.594757880084 0.043601209298
664 0.365077921655 0.930927385576
665 0.066784400493 0.873942277394
666 0.330311417580 0.801655616611
667 0.843382180203 0.310531215742
668 0.441100480035 0.208178495057
669 0.083491229918 0.936060137581
670 0.537626200821 0.269070280716
671 0.595070291311 0.289830123074
672 0.819681718014 0.439367598388
673 0.049617980607 0.287490093149
674 0.271549459547 0.207910966128
675 0.077318113763 0.590217107907
676 0.157399189658 0.048441950232
677 0.345777892042 0.663597495761
678 0.736189471558 0.940535772126
679 0.707198705059 0.101267393678
680 0.871463157702 0.773983105551
681 0.975209671073 0.201774575748
682 0.575638722163 0.818591851275
683 0.512305791490 0.016739202198
684 0.026770346332 0.595797021408
685 0.952799340244 0.564396547154
686 0.864867302123 0.547869631555
687 0.854226670228 0.684549020603
688 0.987237229943 0.903844651300
689 0.972039113753 0.258786689490
690 0.111755617429 0.049357227515
691 0.849003797397 0.269154807087
692 0.097799177747 0.194781689905
693 0.932752303313 0.833988649305
694 0.135317462031 0.639951008372
695 0.935256042983 0.006780620199
696 0.413934114389 0.910465714056
697 0.208555195946 0.989572836552
698 0.729057565797 0.720860987436
699 0.006312039215 0.755827912129
700 0.316658008844 0.959111379460
701 0.320224459749 0.181525311433
702 0.506981011014 0.174451129977
703 0.866074332036 0.494218240958
704 0.078295781277 0.838113445789
705 0.753004930913 0.190051399171
706 0.887470673304 0.602008728310
707 0.459206206258 0.985269851051
708 0.796790418215 0.391958509572
709 0.819258500356 0.932107880712
710 0.031909518410 0.754514543805
711 0.938888500910 0.445843632799
712 0.664980257861 0.147443696856
713 0.435416469350 0.394037823658
714 0.868304684293 0.441728508566
715 0.149865736254 0.184962693136
716 0.400839888025 0.470090196002
717 0.366488004569 0.907820899040
718 0.644541325979 0.232562336605
719 0.402039140463 0.722837107722
720 0.070675782394 0.155044071376
721 0.912888506893 0.958146455698
722 0.757052799687 0.372094713151
723 0.943416306749 0.553843218368
724 0.764053223189 0.762674807571
725 0.485951099079 0.795962741598
726 0.517189351376 0.424839599989
727 0.241806374397 0.182169609237
728 0.572283296846 0.677222843748
729 0.576207433362 0.440587981138
730 0.118951352779 0.726073169615
731 0.625550674275 0.519791240804
732 0.196163365617 0.992038679309
733 0.427612140309 0.840704691596
734 0.224601015914 0.829651280772
735 0.563541799318 0.295276798774
736 0.984695352148 0.476430306211
737 0.253423254471 0.741748151835
738 0.848525019828 0.196839561686
739 0.295591370203 0.612578243017
740 0.959514369257 0.781542469282
741 0.408540984616 0.476703720633
742 0.206382069271 0.650347359013
743 0.658873329870 0.778665366117
744 0.327570202760 0.235080763232
745 0.219253347255 0.446521555539
746 0.961153932847 0.844804021996
747 0.966312796809 0.157317298464
748 0.836842701305 0.393924937118
749 0.998021990526 0.061443717219
750 0.223576217890 0.561563789845
751 0.356720515992 0.208271570038
752 0.037994096521 0.610143770929
753 0.950019721873 0.886519116350
754 0.806983332615 0.245611092541
755 0.499097359367 0.766497701872
756 0.027153561823 0.907638343982
757 0.243201422505 0.233535631560
758 0.557985702995 0.902074752375
759 0.012200997677 0.885555905756
760 0.137155516073 0.231454345398
761 0.332077461760 0.098309448920
762 0.076258367393 0.298390258569
763 0.255626747850 0.913101068698
764 0.692315195687 0.253648738377
765 0.974544785917 0.915891413577
766 0.815212528221 0.331265302375
767 0.124162983615 0.853206624743
768 0.941409073304 0.074182705488
769 0.739725741092 0.748392405920
770 0.319793798029 0.238823100459
771 0.514890107792 0.346947360318
772 0.146461444441 0.758091530297
773 0.580482991878 0.704447147436
774 0.660166282672 0.592683989555
775 0.590003053658 0.797321798746
776 0.824138334952 0.922080515418
777 0.895631248131 0.900396702345
778 0.220470773987 0.151257995982
779 0.813497771043 0.912785969675
780 0.404906734359 0.788042557426
781 0.828677383251 0.220119262580
782 0.119307859801 0.952840366866
783 0.073325887788 0.060716933105
784 0.027023072354 0.813051628880
785 0.809109339025 0.346816870850
786 0.051874729805 0.323999446817
787 0.693764231168 0.198336174246
788 0.082090977114 0.274247223046
789 0.902783322148 0.742257259786
790 0.866931212600 0.492786375806
791 0.539579058997 0.691069548018
792 0.414866891224 0.435210307129
793 0.591466250364 0.635337665211
794 0.586468303110 0.404964021873
795 0.548123634886 0.991375037469
796 0.193006579299 0.376801018137
797 0.211494300049 0.312314439099
798 0.329641385004 0.284820187837
799 0.373031372204 0.356664457358
800 0.097871817183 0.182140711229
801 0.703481328208 0.149746546987
802 0.506140158046 0.397245559376
803 0.348082721233 0.588231135160
804 0.671492782421 0.250866043381
805 0.330488394946 0.538423995487
806 0.743652419187 0.870067453943
807 0.229493543506 0.158519310411
808 0.305277761072 0.820959793869
809 0.793856975622 0.891746064182
810 0.225923815742 0.341980610508
811 0.883121101651 0.418930395041
812 0.718781628646 0.094615402166
813 0.731244834140 0.048423013650
814 0.379435590003 0.104276206344
815 0.405087471474 0.477307407185
816 0.286416917574 0.108568799682
817 0.627053954173 0.792557075620
818 0.505814359523 0.975136675872
819 0.380788210779 0.177307141945
820 0.226002719253 0.711276606191
821 0.715731137432 0.969655138906
822 0.581344060134 0.945224680938
823 0.128174449317 0.886621821672
824 0.766184475273 0.922031425405
825 0.778367885854 0.992108291015
826 0.264012035914 0.661488987971
827 0.411038686521 0.982793665025
828 0.756104390137 0.142283520661
829 0.031216678675 0.135539980140
830 0.246559727471 0.436304150149
831 0.612847387791 0.532976645045
832 0.544872950297 0.239901341964
833 0.325533721130 0.050687309820
834 0.215038017835 0.706321931910
835 0.227994451765 0.441040737554
836 0.417598538101 0.943725589663
837 0.410695876461 0.998942598701
838 0.888950270601 0.538870325778
839 0.885564420372 0.655134745874
840 0.460901751183 0.663932306226
841 0.647243037354 0.724913787562
842 0.325421294197 0.058281723876
843 0.707707452588 0.081525684334
844 0.200565244537 0.738924131263
845 0.217065664940 0.447124972008
846 0.175228281878 0.829913052730
847 0.980101617519 0.720101232175
848 0.069814394694 0.305635338649
849 0.770788541995 0.284852412995
850 0.011957270559 0.998782993760
851 0.725893150549 0.429555809125
852 0.942508583423 0.136589027010
853 0.428498407826 0.831458854489
854 0.675459352788 0.314062828198
855 0.486593600363 0.136361104436
856 0.977995134424 0.133836637717
857 0.861274891999 0.303416429088
858 0.192118361592 0.568982344586
859 0.384942113422 0.392683606595
860 0.307906475849 0.602007778361
861 0.839808578603 0.483134757727
862 0.431920831092 0.819910196122
863 0.203235989902 0.501735226251
864 0.125545534771 0.974024531897
865 0.786587639246 0.137502805796
866 0.972807526123 0.512480789796
867 0.567058614921 0.915316109546
868 0.649069816805 0.995557022747
869 0.746774964035 0.324529169593
870 0.309619850945 0.233368564863
871 0.460890274029 0.287614985369
872 0.367205202579 0.322165166028
873 0.591031414457 0.559323564637
874 0.891147510614 0.975973528344
875 0.952007171232 0.199053986929
876 0.577981306706 0.791815749835
877 0.682188744657 0.009902138263
878 0.611725946423 0.885424735025
879 0.511637364514 0.737271481194
880 0.859449266922 0.298225003760
881 0.874774286989 0.832256793045
882 0.810705793556 0.441832901910
883 0.747572903056 0.459775610361
884 0.437389924657 0.494347867090
885 0.784304779954 0.747009775601
886 0.727716431953 0.245195054449
887 0.034624761436 0.094921634998
888 0.567360220477 0.625656175893
889 0.654245199636 0.458507731557
890 0.601629704237 0.606252370868
891 0.657561718486 0.179611011408
892 0.398068120703 0.339750463143
893 0.189513149671 0.009794067126
894 0.225175198168 0.701150514185
895 0.747065548785 0.084624465555
896 0.999375517946 0.621839835774
897 0.916881258599 0.810081311502
898 0.063672738150 0.664454161655
899 0.269856921863 0.501062662806
900 0.158802029211 0.054161701817
901 0.248072438873 0.886518461164
902 0.299356756266 0.282697200309
903 0.981440096162 0.866716977209
904 0.908353376202 0.635685295798
905 0.325224708766 0.509983080905
906 0.241937666666 0.982786427252
907 0.689594092313 0.640005787835
908 0.322536890395 0.879107241984
909 0.649799854960 0.547712089028
910 0.580257756170 0.396865403745
911 0.632336554583 0.579633274116
912 0.018705239985 0.549217813183
913 0.389714585617 0.082377978135
914 0.213671975303 0.659571507480
915 0.583440640941 0.372474004515
916 0.713733209297 0.831513079815
917 0.258992465679 0.013089966029
918 0.114210280124 0.240432562307
919 0.879806943238 0.022563656792
920 0.876117858104 0.205031652004
921 0.532546737697 0.118055525236
922 0.187818079256 0.222140830010
923 0.758061313070 0.510354969651
924 0.101248071995 0.407861168031
925 0.058067058679 0.681505828165
926 0.804726572242 0.690403613262
927 0.261139102280 0.823431812227
928 0.239621426910 0.650853687897
929 0.905809790362 0.453293402214
930 0.310425195377 0.489250431303
931 0.825767406728 0.024158404674
932 0.320763511583 0.084759872407
933 0.037248370703 0.434973791707
934 0.325192434713 0.917055313941
935 0.457537448499 0.201310293283
936 0.122086965945 0.990084186196
937 0.319365818519 0.309905045200
938 0.212225016207 0.077427131590
939 0.820260015316 0.313473088201
940 0.485288299620 0.878327073995
941 0.994978916366 0.290014871862
942 0.568730687723 0.256118018646
943 0.113446684089 0.808352114633
944 0.906971706543 0.019256474450
945 0.261645516846 0.217396901920
946 0.508506906219 0.087412923574
947 0.241555307060 0.829270417802
948 0.172172795981 0.278803677764
949 0.264244209509 0.497365231160
950 0.195858992171 0.721781658474
951 0.698675524443 0.317945958115
952 0.711865844671 0.018041342963
953 0.627851003781 0.924090861343
954 0.095468474552 0.448111019097
955 0.237563949544 0.580756774172
956 0.326438093092 0.232542866375
957 0.870771646500 0.895168780815
958 0.488660885021 0.984218330588
959 0.703520895448 0.395632592030
960 0.003474805504 0.965166412294
961 0.613029493950 0.511981711723
962 0.052579335868 0.854584801011
963 0.341252129525 0.224752132315
964 0.133388479240 0.605496339034
965 0.722117363475 0.329247471411
966 0.327277997509 0.420792887919
967 0.647193429526 0.039143842645
968 0.438834230881 0.275044433307
969 0.963234703988 0.534302705433
970 0.723155452404 0.200798653532
971 0.115059479605 0.049593545962
972 0.433341519907 0.985831126105
973 0.944762326777 0.922002405394
974 0.970049457159 0.648283222690
975 0.317634997424 0.973524262663
976 0.613449634984 0.930664491374
977 0.485505974386 0.666028971318
978 0.785249292850 0.826758103911
979 0.890781103633 0.918637772091
980 0.432254442945 0.612898467109
981 0.247885243502 0.759532440919
982 0.033691355027 0.895078673027
983 0.798676283564 0.472525585908
984 0.170123106800 0.761910987552
985 0.006828291342 0.893278559204
986 0.962709641084 0.121887770947
987 0.942872105166 0.396051161457
988 0.107718897518 0.887634432409
989 0.318053566851 0.077768354677
990 0.535917655099 0.635688564274
991 0.051292617340 0.149367290083
992 0.566353055649 0.536798591726
993 0.815396261401 0.351602348499
994 0.363556695636 0.706177365035
995 0.270240120590 0.795811138581
996 0.319075832143 0.518125364091
997 0.555343579501 0.352767187171
998 0.413204037584 0.354019863065
999 0.825292773079 0.583327144384
