100
900
0.060000
0 0.797712738160 0.314452029299
1 0.466078650206 0.675872154068
2 0.401088632643 0.099219264463
3 0.815928838681 0.717676569708
4 0.588576317765 0.682038914878
5 0.659396452829 0.529691514093
6 0.821584549733 0.010614259169
7 0.133772701491 0.943690203596
8 0.589732574299 0.843012543861
9 0.897162612528 0.934595286380
10 0.333753318992 0.342126640026
11 0.931574502494 0.099797786679
12 0.637056450825 0.162926679477
13 0.974098559469 0.501239152625
14 0.153724779841 0.254455264658
15 0.207213880960 0.951437518001
16 0.568907294422 0.673292531166
17 0.627309672534 0.969995927066
18 0.772511795629 0.443238511216
19 0.687672496773 0.361088113859
20 0.125277426094 0.347068949603
21 0.890779627953 0.946861975826
22 0.357683208771 0.024552329443
23 0.890552179422 0.947415783070
24 0.867564873304 0.787714791950
25 0.882011069916 0.201318192761
26 0.129841432441 0.813585572410
27 0.301115979441 0.766897883266
28 0.976512251887 0.275214538909
29 0.268137036357 0.130237031728
30 0.529669804033 0.475350917317
31 0.081674549729 0.098577098455
32 0.148643448949 0.708984222263
33 0.068573025521 0.921155244578
34 0.152222733479 0.756245522294
35 0.282243358437 0.277500159573
36 0.103314472362 0.173022986390
37 0.224362135399 0.460997681133
38 0.197575316299 0.114914315287
39 0.408413464669 0.065140189603
40 0.902629107237 0.290424534585
41 0.266458382364 0.032470539678
42 0.104010106996 0.567574361805
43 0.799368423410 0.080522358883
44 0.842788901180 0.067505459767
45 0.210759390611 0.372458705213
46 0.542856377084 0.292433940340
47 0.471035803668 0.691499826033
48 0.001418163069 0.539608829189
49 0.612655071076 0.153640896548
50 0.295854351483 0.894898429513
51 0.431141056586 0.399168823846
52 0.067921416368 0.655503191985
53 0.860166505445 0.265496732667
54 0.770417507272 0.268579970114
55 0.330636922270 0.673046614975
56 0.559004504699 0.597095305100
57 0.705517154653 0.663014611695
58 0.164669666905 0.504885578062
59 0.743536970578 0.007458568085
60 0.572391037829 0.954296361189
61 0.379917273298 0.115247415379
62 0.246730301529 0.850953076966
63 0.806747241411 0.248148464598
64 0.390561906155 0.419402312487
65 0.401789361611 0.686416258104
66 0.314300742466 0.832930418197
67 0.085585081950 0.382222158834
68 0.488433610182 0.945751587395
69 0.647718891501 0.258851117920
70 0.214331557509 0.978355813771
71 0.931897732895 0.773336062208
72 0.575451118872 0.637414887547
73 0.436350673903 0.740120786242
74 0.142300466076 0.179887644481
75 0.747579354327 0.714691503905
76 0.134184005670 0.127496628091
77 0.829938919283 0.380914307665
78 0.978449705057 0.636686161160
79 0.629062772263 0.369011611678
80 0.056088473648 0.030852133874
81 0.055427869782 0.370389216114
82 0.863782552071 0.141012951732
83 0.752611374948 0.352216162719
84 0.086764539592 0.400330266450
85 0.611067280639 0.301096097101
86 0.378686080687 0.542965013534
87 0.074432159774 0.954137199558
88 0.180379901081 0.510782833677
89 0.694257985801 0.322680367157
90 0.690670478623 0.441837340593
91 0.037371871527 0.824854484294
92 0.569333968684 0.867310790811
93 0.205768791959 0.547783673741
94 0.503996951971 0.834831564687
95 0.916795285419 0.560085426085
96 0.865683698561 0.972223155200
97 0.930474642199 0.729466251098
98 0.113236107398 0.683086017612
99 0.081682413816 0.200000646990
100 0.083416284062 0.692749694455
101 0.501096744090 0.462102364749
102 0.235714707989 0.575528903864
103 0.416239564773 0.416094609071
104 0.086311738007 0.110497550573
105 0.738774976693 0.776982216630
106 0.552334891167 0.776146848220
107 0.601836700924 0.121668859851
108 0.643457639031 0.807605493348
109 0.669452534057 0.147454591468
110 0.642437058035 0.586247819476
111 0.707540017553 0.508120756596
112 0.558470975142 0.638014659751
113 0.237587007694 0.671707082540
114 0.321100677364 0.319269421510
115 0.871707729530 0.404516961891
116 0.012019115966 0.372804473620
117 0.866619326640 0.247733823955
118 0.948333377950 0.282858891413
119 0.663828433491 0.034645115957
120 0.393356442451 0.402603410184
121 0.811627332587 0.945691333618
122 0.178750258405 0.413464033511
123 0.067360193934 0.822207897436
124 0.221069526859 0.736812727991
125 0.969662488904 0.863506584894
126 0.323060547467 0.677202506457
127 0.371627341956 0.881531522609
128 0.315217166673 0.609214349650
129 0.553238605149 0.636317844037
130 0.928483771626 0.424946334679
131 0.040834805928 0.940502887592
132 0.797750808764 0.907454133034
133 0.188236712012 0.746084186714
134 0.190313024446 0.852065145504
135 0.780729302671 0.583669466898
136 0.254668555688 0.592356635258
137 0.529360800982 0.433418814093
138 0.005820668768 0.596720994916
139 0.255626711529 0.226890196092
140 0.333533722907 0.225289200898
141 0.090396780986 0.656594270375
142 0.902491707355 0.462024122942
143 0.538125793450 0.217708874028
144 0.071238473058 0.091364398599
145 0.854026718531 0.999722244684
146 0.516310733743 0.894861524459
147 0.940225132275 0.314061542507
148 0.802315657493 0.128461844288
149 0.060145729221 0.992628682405
150 0.980526989792 0.840875031892
151 0.576298149303 0.235195545480
152 0.433231667150 0.105658950284
153 0.668614359573 0.439052335918
154 0.702379945200 0.924241071567
155 0.665942532010 0.035913668107
156 0.149530272465 0.756339313462
157 0.692507938948 0.052021979820
158 0.218363436405 0.230633732397
159 0.269730854314 0.289601909462
160 0.321998130996 0.123757572845
161 0.289324154146 0.838308864739
162 0.018619097304 0.229549286887
163 0.152370407246 0.820934755262
164 0.358011131175 0.212516136467
165 0.813563437667 0.338538121432
166 0.053391168360 0.389861586969
167 0.573733666912 0.486622835509
168 0.495520537719 0.242348026950
169 0.925675171893 0.197900482919
170 0.166589098517 0.591617703903
171 0.233814151492 0.316119370982
172 0.347957017366 0.926322090439
173 0.368141350802 0.566320454236
174 0.156955822837 0.637872205116
175 0.855922363698 0.478953953832
176 0.761629777960 0.145246518310
177 0.317262819037 0.780248875730
178 0.374795805197 0.469633226283
179 0.601183630992 0.732806936372
180 0.682149363216 0.414747068658
181 0.071345057804 0.735540531576
182 0.804608655628 0.645078725182
183 0.222163367551 0.300129193347
184 0.887426752131 0.147838539444
185 0.498029676732 0.054015850648
186 0.739456243347 0.731843828224
187 0.370135221630 0.087413261179
188 0.658165918663 0.738276572432
189 0.653733715415 0.815121741500
190 0.376148778014 0.509656079113
191 0.294075695332 0.137778555974
192 0.654902597424 0.611338514369
193 0.918027431704 0.029698402621
194 0.080971741118 0.519211062696
195 0.762505339459 0.763121104334
196 0.933958131354 0.833850397263
197 0.498661635909 0.738566787448
198 0.478929122444 0.720825003460
199 0.038695980795 0.366355874576
200 0.868663542904 0.536725657526
201 0.420371725224 0.608119786717
202 0.268569485750 0.790506946854
203 0.695533047896 0.926735404413
204 0.528783519752 0.349266763311
205 0.741857145913 0.904932297766
206 0.858922842424 0.035932841711
207 0.042710853741 0.513825440314
208 0.647271356080 0.960738285910
209 0.543523842935 0.728243097197
210 0.479949348606 0.306029182393
211 0.491364201531 0.413907480426
212 0.139879580121 0.990025837906
213 0.152474267874 0.618808702566
214 0.710850841366 0.191170248669
215 0.985164577607 0.579514384735
216 0.727895906661 0.405536302831
217 0.187634171452 0.996465392411
218 0.196043250151 0.883167219348
219 0.923200797290 0.724826769903
220 0.232433982659 0.665057943203
221 0.629759067670 0.091356825083
222 0.700990784913 0.672469921410
223 0.605182265397 0.348262141459
224 0.633208207320 0.148706108797
225 0.076505238656 0.113157556392
226 0.454735291190 0.567869440652
227 0.527065036818 0.594614871312
228 0.557895278558 0.679539304692
229 0.213423574343 0.268746119924
230 0.870709553361 0.198588151950
231 0.848260504659 0.598605460022
232 0.604124454781 0.035894676112
233 0.595070852898 0.800167704932
234 0.919061895460 0.518271650188
235 0.524994474836 0.151495878119
236 0.183329593390 0.154753542505
237 0.242852703668 0.884320378769
238 0.827223464381 0.848034969065
239 0.232582520228 0.460431671701
240 0.996741077863 0.309087758884
241 0.573589228094 0.451476369519
242 0.876957199536 0.100654264912
243 0.046091240831 0.434852478094
244 0.780193569604 0.259514815174
245 0.703598598484 0.650903123431
246 0.458102967124 0.551859103143
247 0.249508583453 0.062227422372
248 0.587753779721 0.844579436351
249 0.862395127304 0.506815675180
250 0.362851086538 0.387389602605
251 0.658311553765 0.546180680394
252 0.542143145110 0.901164257433
253 0.430501059163 0.369366609491
254 0.749199226499 0.663083579391
255 0.829798281658 0.745940304827
256 0.972171338275 0.403387509752
257 0.197416674346 0.849128538277
258 0.504041775130 0.243507915176
259 0.283981016371 0.284235344734
260 0.503022730816 0.987579614855
261 0.935138468165 0.961125697941
262 0.539438718464 0.184647052083
263 0.023353120312 0.127192498185
264 0.029226488434 0.885748248082
265 0.634008173365 0.392077575438
266 0.273137850687 0.292319727130
267 0.938258255832 0.815280995797
268 0.193483984563 0.368759314995
269 0.184647605754 0.942683211528
270 0.031842894387 0.014445887413
271 0.688623516355 0.004014232662
272 0.417833397165 0.886040190700
273 0.853142770939 0.921875172295
274 0.129548105877 0.137123787776
275 0.206110517494 0.632570836693
276 0.124703402631 0.141248985659
277 0.593696535099 0.664142121095
278 0.325896037742 0.617049655411
279 0.791334619280 0.355122526642
280 0.502797903493 0.425342793111
281 0.747200102080 0.775935754180
282 0.717662520241 0.685458357912
283 0.591216750443 0.911146505270
284 0.054217672907 0.775864356197
285 0.853829716798 0.086060567293
286 0.790310243610 0.542453233153
287 0.090074799955 0.208143640775
288 0.428493423853 0.943217571359
289 0.130018813536 0.558041529730
290 0.080341359135 0.336129331030
291 0.190612366889 0.205044761766
292 0.477378316689 0.784308901988
293 0.869186883327 0.803274354897
294 0.401358557399 0.660521502607
295 0.158396881539 0.904156461358
296 0.085864295717 0.905596983619
297 0.680092215538 0.803526816424
298 0.591055341531 0.271308965981
299 0.714673321694 0.645273014437
300 0.047173322178 0.568503038492
301 0.731333581731 0.837483565789
302 0.110956271645 0.821408381686
303 0.045627207030 0.539449695498
304 0.764625953045 0.175646020565
305 0.097491225228 0.844967312180
306 0.511775351595 0.288103592116
307 0.050012074411 0.989153668284
308 0.072412494104 0.919198957738
309 0.792428023182 0.473771051969
310 0.579720460344 0.950824904721
311 0.377927513327 0.665584756527
312 0.856421888340 0.058019728865
313 0.469111572951 0.447477229871
314 0.329328695312 0.183784894645
315 0.092750244308 0.376502017491
316 0.752287933137 0.824083826039
317 0.213985583745 0.863244204782
318 0.645492208190 0.259612790775
319 0.402693900280 0.410118161235
320 0.435258811340 0.500185125507
321 0.255085473880 0.947034162935
322 0.788288718089 0.305097548291
323 0.936187831219 0.860701212194
324 0.224296506029 0.728615854867
325 0.334472264163 0.804016966373
326 0.679440759588 0.712399777491
327 0.469601722900 0.535862648394
328 0.770419506822 0.938713295851
329 0.983339878265 0.099748202134
330 0.122498190496 0.076090123039
331 0.476250219624 0.874786123633
332 0.900173949078 0.690235803369
333 0.738030328415 0.545666157268
334 0.949848594144 0.140724228695
335 0.955784318969 0.385107405484
336 0.640909354668 0.210869792849
337 0.332141568419 0.429198072758
338 0.515967341140 0.268329400104
339 0.289899284951 0.740263847169
340 0.996945254970 0.624371549580
341 0.544280813541 0.676386014558
342 0.336771327071 0.013882536907
343 0.212248662952 0.107190833893
344 0.952595832758 0.195588541683
345 0.206939036027 0.075094023719
346 0.271678664722 0.683189256117
347 0.949880147353 0.171852613799
348 0.373425059486 0.687910476234
349 0.717518771533 0.323273654096
350 0.828634704929 0.673303090502
351 0.708381059580 0.469544059597
352 0.884172883350 0.040522628464
353 0.898742132355 0.400140224490
354 0.308852028567 0.188641417772
355 0.140404071659 0.305797283538
356 0.813012967352 0.684684885200
357 0.982183298096 0.149784294423
358 0.698567422107 0.194431961514
359 0.256975128781 0.651163255330
360 0.390020503197 0.463914164808
361 0.726257279050 0.661699167918
362 0.147103420924 0.676137426402
363 0.833551781718 0.520528480876
364 0.364047902636 0.551070553251
365 0.843802134972 0.192682608031
366 0.224373643752 0.552183194552
367 0.662226667628 0.108546527103
368 0.592705823015 0.560968800448
369 0.508686751593 0.901557851583
370 0.749610218219 0.649090823252
371 0.207355135120 0.562623185571
372 0.333775708918 0.189538433682
373 0.712407479994 0.032343131024
374 0.383970395196 0.969382608775
375 0.683506386355 0.773990898393
376 0.433296774048 0.409763665404
377 0.435690066312 0.580400194973
378 0.085901092272 0.269241848029
379 0.100928675849 0.449948994908
380 0.820312401745 0.944730810821
381 0.642631602939 0.044686045498
382 0.496914005838 0.304858271033
383 0.153232573066 0.089619828854
384 0.865827071480 0.661919324659
385 0.991177680902 0.615437289700
386 0.311010148376 0.198532816023
387 0.178060475271 0.644785857294
388 0.388071249705 0.890467955265
389 0.677128988318 0.772041644901
390 0.859850564506 0.360635375138
391 0.546032543294 0.293147338554
392 0.770399040543 0.981722609606
393 0.873547533527 0.856300132815
394 0.250964458100 0.974476209842
395 0.306249128189 0.071276859846
396 0.919207020663 0.948880731128
397 0.115962905344 0.416121026501
398 0.253739002161 0.269195478410
399 0.505740855820 0.119566073641
400 0.931114803534 0.496918536723
401 0.735003363341 0.242124951910
402 0.695451352745 0.913063838612
403 0.886910809204 0.083522602916
404 0.803531794343 0.564039797522
405 0.855564247817 0.663382358849
406 0.924675172660 0.401596791577
407 0.956529697403 0.695074213669
408 0.383319401182 0.830077230930
409 0.551374346483 0.634283859283
410 0.804553440772 0.857623474672
411 0.705560719129 0.723760461900
412 0.806504206266 0.821523624938
413 0.139881488401 0.060243208427
414 0.090719103348 0.645622344222
415 0.179809282534 0.021833906882
416 0.142540880945 0.914812645875
417 0.263958858792 0.837992234156
418 0.827876484953 0.150869667996
419 0.921514837071 0.631408279296
420 0.714909465984 0.777079084888
421 0.294790638145 0.639584638644
422 0.178675876465 0.251320335548
423 0.334658852313 0.561995278113
424 0.081397566479 0.886033199262
425 0.196279137395 0.885951007716
426 0.743656673934 0.901839856990
427 0.609711469617 0.550160880201
428 0.723363481928 0.749592958018
429 0.610404089093 0.814082585275
430 0.395215302706 0.790213371627
431 0.835916492622 0.537756183650
432 0.705026017502 0.099875351414
433 0.375748417806 0.532902502455
434 0.250745019875 0.297263254877
435 0.164310781751 0.965654485859
436 0.074342340231 0.459101419896
437 0.605239124503 0.253018216696
438 0.710421755444 0.939897977281
439 0.815013494808 0.791819322389
440 0.825931176543 0.011292632669
441 0.677770330105 0.569587850478
442 0.913132489659 0.287481799722
443 0.119748731144 0.636495971587
444 0.037074757740 0.730152820237
445 0.450578556862 0.432290060446
446 0.520366191864 0.286495049484
447 0.970046244562 0.225392209366
448 0.386370401364 0.345794662368
449 0.758294712286 0.637115421239
450 0.643057917710 0.922605494037
451 0.602769907098 0.717400257941
452 0.381706914399 0.208009031601
453 0.970418474637 0.092128669843
454 0.147907008883 0.785431969911
455 0.883947992232 0.973838185426
456 0.796724602580 0.561718322337
457 0.543426036369 0.709857092239
458 0.849200122058 0.663174767513
459 0.346353063826 0.886274880264
460 0.393327587750 0.796931620687
461 0.318564940710 0.913693779614
462 0.083426670637 0.288611185271
463 0.139085988980 0.469797072001
464 0.634405848105 0.897380701266
465 0.106912493240 0.277463765815
466 0.819986195769 0.709682400338
467 0.994864023756 0.201693110168
468 0.917691431940 0.965282498393
469 0.293821780011 0.065598441288
470 0.750714468304 0.177769772708
471 0.039436626714 0.547439070884
472 0.739488095045 0.582862663083
473 0.257296163123 0.588688217569
474 0.246037430596 0.603649226949
475 0.474963097833 0.639365018345
476 0.400580848102 0.793528038543
477 0.553058797959 0.484007518739
478 0.082139224280 0.692144787405
479 0.953804590739 0.716545072384
480 0.589525488671 0.060717083979
481 0.994008838199 0.409511684440
482 0.770399484318 0.988872861955
483 0.611204794608 0.688090916257
484 0.954155360349 0.905026575085
485 0.753689357545 0.704869829118
486 0.082796347793 0.793125984725
487 0.252308900002 0.822284442838
488 0.375988647807 0.509605063591
489 0.410972660407 0.622026078869
490 0.113254290540 0.885935758241
491 0.261391097214 0.513835138641
492 0.679463797249 0.814449895639
493 0.997842657380 0.761603021529
494 0.506594683044 0.951647248119
495 0.478148093913 0.096120171715
496 0.012364332099 0.472156932112
497 0.505631856620 0.782763816416
498 0.461029794067 0.116836651228
499 0.470854733139 0.415185154416
500 0.021863226313 0.224544090685
501 0.120054983534 0.104659574106
502 0.017670075409 0.372363884002
503 0.926944017410 0.393658723682
504 0.881968947593 0.337916677818
505 0.015684802551 0.995223238133
506 0.223852436524 0.277075899765
507 0.509058377240 0.903316233773
508 0.091525795404 0.506901034620
509 0.664919255301 0.598120478448
510 0.458548283204 0.143067349214
511 0.694240650628 0.470912615303
512 0.615224281326 0.199872507248
513 0.253676432185 0.076254075393
514 0.316709158476 0.724531165324
515 0.491439229809 0.338572385255
516 0.949075256009 0.611494213808
517 0.443231959362 0.966745331883
518 0.983858097810 0.370175976772
519 0.360404055566 0.865827045403
520 0.708092655055 0.376088858116
521 0.861050283536 0.931945091579
522 0.653164757881 0.370108660776
523 0.835261325352 0.744690553751
524 0.877009695861 0.500180580653
525 0.342811032198 0.335557979066
526 0.643247929867 0.037051682826
527 0.806470594369 0.258472211193
528 0.236924190074 0.060147026554
529 0.334726286586 0.553633349016
530 0.784678191878 0.826165516395
531 0.892205734272 0.733753448352
532 0.437659730203 0.335437693633
533 0.700498780236 0.421517828014
534 0.705613670871 0.060902835801
535 0.287344873417 0.413706325926
536 0.436991693918 0.148395157419
537 0.345651417505 0.090156451799
538 0.518503818195 0.180912742857
539 0.834847005550 0.395513514057
540 0.681093323510 0.177658038214
541 0.731071493123 0.324341253377
542 0.214709721040 0.537542087957
543 0.582813464571 0.451633911580
544 0.597689114511 0.917539751157
545 0.005267260596 0.382367306855
546 0.743705267552 0.897472994868
547 0.116120755207 0.181364998221
548 0.232910688501 0.816619535442
549 0.602882826235 0.938524359372
550 0.877522371244 0.890227700118
551 0.352230685297 0.314514065161
552 0.038622857537 0.697882102802
553 0.404670516960 0.557126675732
554 0.878794845659 0.239517522976
555 0.952640190255 0.559888169169
556 0.417175561190 0.683711683378
557 0.884229422547 0.631885282230
558 0.221253771335 0.467042887118
559 0.083519193809 0.818942886312
560 0.384582638275 0.088786454406
561 0.201310193166 0.128287906293
562 0.986259449273 0.317430948373
563 0.309652904514 0.219170138240
564 0.134050483815 0.912535730749
565 0.157694497611 0.011572855059
566 0.802763430867 0.509925183374
567 0.326086920220 0.841386288404
568 0.207807286177 0.730757437181
569 0.398512964603 0.086602132302
570 0.970274960157 0.351153154857
571 0.646490301471 0.387450521346
572 0.034864838235 0.530719724484
573 0.019335804041 0.256118610036
574 0.997762611602 0.102854997851
575 0.075061496347 0.382345250342
576 0.191641452722 0.276371689513
577 0.510633156635 0.177900901996
578 0.593802637886 0.820286061149
579 0.397071040235 0.727853121702
580 0.732821791898 0.554765538312
581 0.739425976761 0.535585223231
582 0.064690721687 0.065512896981
583 0.376971511636 0.272498007864
584 0.796270334162 0.775484476238
585 0.359100140166 0.766545294784
586 0.126637631096 0.005590442102
587 0.153995816130 0.161502469797
588 0.536310166586 0.173331620172
589 0.417621079832 0.534072778188
590 0.276186618488 0.492682576180
591 0.916418028530 0.467828071211
592 0.769054265693 0.427051185165
593 0.645728973206 0.362856903579
594 0.247337246314 0.042800013907
595 0.090710025281 0.980159038678
596 0.597565552220 0.830136002041
597 0.515744261909 0.662256273907
598 0.895648899022 0.892715773545
599 0.934754281770 0.691919233184
600 0.668200250249 0.293854422402
601 0.458464527968 0.794837881345
602 0.299444864504 0.612460344564
603 0.956340351142 0.835755031090
604 0.785791964736 0.373961430974
605 0.369827809278 0.061978583224
606 0.866644007154 0.286245838273
607 0.529806654435 0.635698272847
608 0.713297023438 0.175535628106
609 0.998555176426 0.960634270217
610 0.218335642014 0.089265201706
611 0.940793308895 0.815901194233
612 0.919401203748 0.456537570804
613 0.478157468140 0.815050102770
614 0.349253344350 0.412911749911
615 0.506969336420 0.017453594599
616 0.706766172312 0.965433864389
617 0.812291476410 0.006211036816
618 0.577894208953 0.768631827552
619 0.841966067906 0.363686174154
620 0.142593258992 0.211793877650
621 0.425664757378 0.009237266146
622 0.498039715923 0.955471412279
623 0.644935539458 0.211336739361
624 0.131007040385 0.643490715884
625 0.171971009579 0.349342682399
626 0.732755918056 0.112764318474
627 0.165243876632 0.652157121804
628 0.569301889278 0.643401344772
629 0.467207225040 0.918555234093
630 0.056313094683 0.974176561460
631 0.936008828692 0.763079267461
632 0.939610425849 0.748300305102
633 0.769290304277 0.517504635267
634 0.516932133120 0.611256372649
635 0.881190809421 0.659525392111
636 0.823050250299 0.306855566800
637 0.668762658257 0.321089966223
638 0.262326979078 0.313698197715
639 0.532426705584 0.393334019464
640 0.957188914064 0.704397715628
641 0.742676701862 0.689944832120
642 0.817162034102 0.907920578495
643 0.342101953924 0.386463923845
644 0.551321923267 0.809309178963
645 0.305019157939 0.607635018416
646 0.783485740423 0.241027986631
647 0.370714285877 0.723096166737
648 0.989328292198 0.140004590154
649 0.240600802004 0.506260425318
650 0.751260962803 0.121791611426
651 0.165785817429 0.574311213102
652 0.428647178225 0.834548475686
653 0.895401179325 0.690974157769
654 0.148246673867 0.427827885374
655 0.084308177233 0.105435587931
656 0.132225601003 0.826984879561
657 0.795380420052 0.949387635104
658 0.734905458055 0.137482373975
659 0.335851558950 0.286227381788
660 0.946791553404 0.640870716888
661 0.893862400204 0.730277293827
662 0.881898703985 0.264576686081
663 0.453373460565 0.871226996183
664 0.404581276234 0.693974262569
665 0.377487421501 0.155842239503
666 0.815765873995 0.543273238931
667 0.730153452605 0.244413052686
668 0.377821714617 0.625554632396
669 0.935387210455 0.526068388484
670 0.053382517770 0.019695387688
671 0.631503976416 0.185608118773
672 0.846680267248 0.426884396467
673 0.134995753877 0.581585725769
674 0.564366770908 0.470847313292
675 0.867813107558 0.511158324312
676 0.111718030181 0.761675507762
677 0.241435618140 0.993616734166
678 0.026252193842 0.694809079170
679 0.864843730349 0.430833470076
680 0.388783341739 0.242331151851
681 0.586675709579 0.204549216200
682 0.785604390781 0.316829162650
683 0.448962268885 0.163426105864
684 0.942383795045 0.384349479340
685 0.689494494349 0.995766312815
686 0.404044867028 0.320998471230
687 0.181374431588 0.250725134742
688 0.747882867698 0.316370185465
689 0.832310860511 0.312249638606
690 0.787217498757 0.700123968069
691 0.823407962918 0.898935529403
692 0.461799475830 0.064843581524
693 0.892552263569 0.488051669672
694 0.759652660694 0.757395994384
695 0.918885139748 0.148436002433
696 0.999727146234 0.505560849793
697 0.352985218633 0.785331537481
698 0.822390012443 0.801947487518
699 0.948757643346 0.764773807488
700 0.186296966858 0.638252137695
701 0.760540120304 0.590341834351
702 0.959250608925 0.941914551891
703 0.841066969093 0.707133477088
704 0.258284737356 0.673377829604
705 0.019383115694 0.045502236579
706 0.373501797672 0.842791079078
707 0.944437765982 0.835301273502
708 0.907634660602 0.836990029551
709 0.323352943175 0.667287321296
710 0.594386023935 0.242238082923
711 0.815723323729 0.594113170635
712 0.747798932716 0.168708542828
713 0.379444708116 0.570188945159
714 0.970656030346 0.328202351462
715 0.334962752648 0.156952997670
716 0.966454489157 0.095502872951
717 0.747294832021 0.925705098547
718 0.037417424843 0.588361801114
719 0.632838575635 0.295702162664
720 0.261739630718 0.652221691329
721 0.341204399243 0.635241428390
722 0.495012770407 0.285642165225
723 0.470542701893 0.402647431009
724 0.122632194776 0.793895645067
725 0.069934752304 0.717018219177
726 0.036133727990 0.885658076499
727 0.311131389812 0.783932661172
728 0.054366619326 0.690576097928
729 0.354121606331 0.025022649672
730 0.018778449390 0.689084359445
731 0.181975647341 0.985232938547
732 0.784587232396 0.929270479362
733 0.910938037094 0.822004657704
734 0.517632280476 0.543776612729
735 0.117706820369 0.779371911194
736 0.195998304524 0.458911219612
737 0.414613339584 0.691011074930
738 0.744553384837 0.885156041477
739 0.093658506405 0.867185579613
740 0.679051686544 0.163593258709
741 0.584203798790 0.715185415000
742 0.049251335207 0.895335188601
743 0.499118076172 0.103617954534
744 0.585911286529 0.853239682503
745 0.128640604671 0.604689735919
746 0.542324041948 0.310616252013
747 0.589922674932 0.326911274809
748 0.239886731841 0.500860712025
749 0.148915932514 0.757519012317
750 0.044637325220 0.266622752883
751 0.536890923977 0.240635629743
752 0.725533972494 0.951504263561
753 0.931646704674 0.470087357331
754 0.836660305504 0.025305211078
755 0.337272936944 0.515711992048
756 0.188898470253 0.921476736199
757 0.230897407047 0.238149805460
758 0.816811924800 0.730015483219
759 0.341767760459 0.402723211795
760 0.583255166188 0.470408365130
761 0.007412947714 0.125579208136
762 0.781024617143 0.597335622646
763 0.452490482945 0.020911348984
764 0.098196335137 0.601406415459
765 0.778430361766 0.142833660357
766 0.868029168341 0.315321285743
767 0.383469290100 0.593563140836
768 0.266825549304 0.315115994774
769 0.063650498167 0.103485854808
770 0.340421206318 0.400923435576
771 0.619197847322 0.529319676571
772 0.322400171775 0.850095254369
773 0.767469482031 0.139212096576
774 0.580110738054 0.109237242490
775 0.541935308371 0.163365904242
776 0.579645607620 0.549348256551
777 0.288945112377 0.360670225229
778 0.146683879197 0.741435595788
779 0.381581574213 0.244880214334
780 0.342842011247 0.160011935979
781 0.387713874690 0.210871180054
782 0.475333221722 0.771183164790
783 0.804434320889 0.742158771493
784 0.086299160030 0.868084819522
785 0.845644626301 0.426720366348
786 0.269008255098 0.464842473622
787 0.956040042918 0.591408426873
788 0.314937728457 0.723509524949
789 0.730620523449 0.895048466511
790 0.832746767905 0.272555832285
791 0.058414370753 0.412392375525
792 0.821904088836 0.347359483130
793 0.773062600754 0.968587968033
794 0.088795078918 0.154644175433
795 0.213468182832 0.431637090631
796 0.314656111412 0.601182057522
797 0.642508270685 0.789989333600
798 0.372365222778 0.446942591574
799 0.532148105092 0.458664382808
800 0.315027411096 0.377792731393
801 0.885384749155 0.584035666194
802 0.842635205481 0.841424792074
803 0.175444093067 0.157572933938
804 0.564934317023 0.906064616982
805 0.052621400449 0.397681084927
806 0.178620449267 0.111035771202
807 0.810073460918 0.000524538103
808 0.458395254333 0.583136061672
809 0.969112506136 0.547190333717
810 0.737780237105 0.182580688968
811 0.978827424347 0.052436348982
812 0.783762746956 0.621335695032
813 0.842425682582 0.156127969734
814 0.068278286606 0.374573787674
815 0.614792352542 0.383305698168
816 0.752366519067 0.500177101698
817 0.967341364361 0.595001724549
818 0.341601893771 0.142785457894
819 0.752574658487 0.906536210794
820 0.048850074876 0.805196058936
821 0.304217296187 0.227470524143
822 0.916231830139 0.114290757105
823 0.227995062247 0.374627084937
824 0.697426818777 0.197107568383
825 0.921817418654 0.435207056347
826 0.379688257817 0.900644843001
827 0.487643405329 0.163451004773
828 0.521980538033 0.330069087911
829 0.319578974508 0.590258824639
830 0.704642875586 0.934371327050
831 0.973564522807 0.457009394653
832 0.434548428748 0.940905887634
833 0.052011119667 0.776150322519
834 0.083691345528 0.804585778154
835 0.682686533313 0.132541420404
836 0.609781837557 0.986903829500
837 0.360011944547 0.526013667695
838 0.101194586605 0.588007006794
839 0.900640752632 0.798621405847
840 0.785114575177 0.822458171286
841 0.233828462195 0.164802832995
842 0.723103014287 0.721471867524
843 0.328253837768 0.245083552320
844 0.051540955435 0.647832812276
845 0.835342377424 0.756183831021
846 0.582204139326 0.808906900231
847 0.213193225674 0.016752568074
848 0.749812787864 0.265204345342
849 0.792902890593 0.833504133392
850 0.069790123962 0.475589424372
851 0.966045553796 0.679571961518
852 0.462493253872 0.326057498343
853 0.205585629214 0.563687840942
854 0.914064505138 0.106226382311
855 0.362309246790 0.699179080781
856 0.928684553597 0.596137708984
857 0.863981913775 0.651787568349
858 0.317609576508 0.192235752009
859 0.896871120669 0.369150531944
860 0.840068564285 0.732213498093
861 0.125334362965 0.422272704076
862 0.541120398790 0.338527588639
863 0.439025272150 0.290933186654
864 0.603731934447 0.231928163208
865 0.124437320512 0.673522058409
866 0.707517587580 0.090482874308
867 0.353094019927 0.170010841452
868 0.416540373117 0.558679649141
869 0.733698682394 0.330604878254
870 0.664906031452 0.096007929184
871 0.029783959035 0.593590585515
872 0.692145638168 0.893765873276
873 0.245378153864 0.009755214676
874 0.086001625285 0.142249274533
875 0.378905746620 0.926070189569
876 0.874462773092 0.504240109585
877 0.348342893645 0.415583171882
878 0.842767698690 0.787368166260
879 0.706516358536 0.446499633137
880 0.019296329468 0.830953679048
881 0.120021691546 0.726813917048
882 0.921436553821 0.473115711473
883 0.896824758500 0.337976926938
884 0.031795360614 0.630523441359
885 0.668581805192 0.696701392531
886 0.726531370543 0.698365764692
887 0.290291978046 0.418677009176
888 0.592131637968 0.535670131911
889 0.428432223853 0.678133263253
890 0.677919406444 0.807337970939
891 0.604203452822 0.552382179536
892 0.311578080524 0.952546346933
893 0.967965351418 0.154345779214
894 0.739914513193 0.674481710419
895 0.600845412351 0.759210842662
896 0.505435389467 0.720867103897
897 0.486024759710 0.426871943288
898 0.193982815370 0.382849518210
899 0.764848870225 0.225778176449
900 0.013372959569 0.433430675883
901 0.922479568981 0.739904330578
902 0.131796440575 0.212771547027
903 0.158581339754 0.723928078543
904 0.748441678938 0.587013563607
905 0.402061341796 0.426361085381
906 0.394351534545 0.006264794618
907 0.978743265383 0.705929615535
908 0.958811141551 0.946708616801
909 0.860275394749 0.698725654744
910 0.621190327220 0.461120807566
911 0.457936497405 0.126625717152
912 0.181987911463 0.943961257115
913 0.553497660439 0.375970727298
914 0.326810775790 0.318346531130
915 0.601748903748 0.340183735359
916 0.751777207013 0.524228472728
917 0.080088065937 0.883573647588
918 0.737000019755 0.238669405691
919 0.607501726132 0.485441698693
920 0.825682969764 0.009563067928
921 0.911802784074 0.220034504309
922 0.015827862546 0.890546049457
923 0.925964119844 0.974639004562
924 0.837254666723 0.786239515059
925 0.673364659306 0.458444993943
926 0.247360322624 0.131301157176
927 0.585070711095 0.429348234087
928 0.075262414292 0.138568372000
929 0.805318961386 0.402073190082
930 0.456914903130 0.407067865133
931 0.742256925907 0.208692110144
932 0.931296337862 0.822344991844
933 0.092265757732 0.668296357617
934 0.061014398001 0.699767483864
935 0.153738056310 0.886697367765
936 0.709330551792 0.065540840849
937 0.106731872074 0.725158414338
938 0.956086890306 0.032695992384
939 0.699797418900 0.793341557030
940 0.818935507443 0.373162078671
941 0.251786551438 0.066295830067
942 0.504463235848 0.836857262533
943 0.495644064154 0.579725650139
944 0.975425634533 0.300963026006
945 0.981798840687 0.432340537664
946 0.708030891139 0.724055766594
947 0.641032647807 0.639327229466
948 0.546400758438 0.733298405539
949 0.307623587083 0.607415156439
950 0.433065889403 0.461361643858
951 0.494112524204 0.142396441195
952 0.526902484708 0.600844396744
953 0.867554855999 0.482989375014
954 0.633540389128 0.567352274898
955 0.276330932509 0.452475896571
956 0.940514353570 0.528117483947
957 0.518771726638 0.444977589417
958 0.364974746481 0.014415790793
959 0.024703240022 0.340400381479
960 0.315378816798 0.006502080709
961 0.772740919143 0.023409708403
962 0.730557847302 0.413773567416
963 0.662736937869 0.276958605740
964 0.147071972955 0.970360524952
965 0.884373762645 0.580137862824
966 0.431722168811 0.378486286849
967 0.722534304019 0.958624653518
968 0.979330683593 0.590089160018
969 0.441614028998 0.612871072721
970 0.157441435382 0.717944961507
971 0.065346969292 0.097955788951
972 0.246062445454 0.584118695930
973 0.542933378834 0.611037191935
974 0.598534487188 0.567636618856
975 0.951437573414 0.913913303986
976 0.574138699565 0.724178493023
977 0.937323012389 0.304696546867
978 0.137952060439 0.600059950259
979 0.581655152608 0.285024033394
980 0.570420475677 0.466028915253
981 0.865161896218 0.002142644487
982 0.844515202567 0.587696200702
983 0.960767298471 0.823845886160
984 0.177785360720 0.402381327469
985 0.436716959346 0.335226796102
986 0.120326288976 0.502063928638
987 0.433182585519 0.366388734430
988 0.086182625033 0.976115964353
989 0.977425926365 0.684717112221
990 0.543752583209 0.928863500245
991 0.598630416207 0.117891282775
992 0.653041993268 0.535953429062
993 0.422587829642 0.790994053707
994 0.136013379321 0.004242982250
995 0.076018087100 0.706433854997
996 0.470271897968 0.941179983784
997 0.708576499950 0.314787100535
998 0.528876184486 0.669343798421
999 0.138632986695 0.706661545206
