100
900
0.060000
0 0.264436812140 0.337914384902
1 0.925774930511 0.686608850490
2 0.262088030577 0.025018000510
3 0.912938432768 0.837210870348
4 0.641775716562 0.268881444819
5 0.393819844350 0.514390245546
6 0.190253463108 0.684388199355
7 0.095734360162 0.356225369498
8 0.438088447787 0.975376696791
9 0.186120189261 0.902751022018
10 0.803667302709 0.397018247750
11 0.410019298084 0.940170641523
12 0.740155171603 0.368575162720
13 0.640381236561 0.266894925386
14 0.153253974859 0.940194407944
15 0.111625899561 0.417690787464
16 0.278108792845 0.037400830071
17 0.104299637955 0.540196823422
18 0.062418830581 0.017238071188
19 0.377407693770 0.704194547143
20 0.286119516008 0.771227538120
21 0.218584793154 0.476372979116
22 0.455615737941 0.314319153316
23 0.832598348614 0.893704185728
24 0.289695850108 0.018718538340
25 0.796455208212 0.093363152817
26 0.415736786090 0.206474506296
27 0.033533794805 0.155891957693
28 0.575049669016 0.673915031366
29 0.422786883079 0.728303644340
30 0.614109439310 0.534412783105
31 0.145994431805 0.892218232155
32 0.571813613176 0.250294069760
33 0.432415055577 0.634232444223
34 0.267532140948 0.809822749812
35 0.338426991366 0.553651656955
36 0.581050287932 0.557011784520
37 0.030024636537 0.036666025873
38 0.871330937836 0.862622985151
39 0.930370212067 0.161026788410
40 0.881341523491 0.726825420279
41 0.254389941227 0.297078309581
42 0.933299926575 0.287923736032
43 0.452970267273 0.508349595591
44 0.961838767864 0.875757150818
45 0.236653239932 0.575948207173
46 0.410169933923 0.382647671737
47 0.468166439794 0.981983547099
48 0.632941741962 0.900581495371
49 0.616215991322 0.900473882910
50 0.710404245183 0.954642983153
51 0.454125540331 0.291454533581
52 0.511654767673 0.484150176868
53 0.328120559454 0.382985705975
54 0.346773162019 0.258490771521
55 0.544012494385 0.228114685975
56 0.985316191800 0.798402435612
57 0.525192995556 0.918616118375
58 0.086326172110 0.978163263295
59 0.426965714432 0.048164939974
60 0.853920414113 0.663618954364
61 0.624113147147 0.264090348035
62 0.046266626567 0.092279586941
63 0.246073895134 0.679208368529
64 0.992861082777 0.862289886922
65 0.579682251438 0.703265327960
66 0.816932870075 0.033807791770
67 0.994719861541 0.328587637749
68 0.517957968637 0.322840421461
69 0.711573343724 0.864731131122
70 0.581331192981 0.255585838109
71 0.092845817097 0.566647385247
72 0.053988274187 0.618038812652
73 0.485263503622 0.140314446297
74 0.596202075947 0.912229218055
75 0.188479386270 0.450122490060
76 0.575848172884 0.812592533417
77 0.714212838095 0.622114799451
78 0.904872120824 0.960286733694
79 0.301323167980 0.897733203601
80 0.822576620616 0.881005419418
81 0.600998531561 0.639509490691
82 0.914813211653 0.595718393568
83 0.968097128440 0.432771180291
84 0.918558815029 0.679670472629
85 0.297502311412 0.499890008010
86 0.935256310739 0.390348128509
87 0.066537393257 0.989244584925
88 0.008386941627 0.551800897345
89 0.129559031222 0.604589017574
90 0.464030115400 0.318038417492
91 0.054711508099 0.039878288284
92 0.130630951375 0.768924346194
93 0.661993087735 0.035503072198
94 0.729211079888 0.963316255715
95 0.933236275800 0.551787700504
96 0.844321675599 0.534234807361
97 0.191297191195 0.759134887252
98 0.129953200929 0.159394320101
99 0.191906067543 0.048512015957
100 0.839064792730 0.489408379421
101 0.548402024433 0.774321103469
102 0.879756507929 0.614939417690
103 0.763565688860 0.888143449556
104 0.166740315035 0.893124720082
105 0.492732467595 0.630770430900
106 0.211163138039 0.547443975694
107 0.670648719184 0.341794089414
108 0.316368321888 0.332641807385
109 0.377297161613 0.045579402242
110 0.295958063100 0.310533437412
111 0.597367102746 0.140279738698
112 0.844768244773 0.788664294407
113 0.899414625950 0.974721446168
114 0.948058614507 0.091320693959
115 0.023233462125 0.787123407237
116 0.580729073379 0.571635486558
117 0.561444510706 0.460485581309
118 0.186574904714 0.325010199565
119 0.348629031330 0.353315219749
120 0.218134920113 0.841361498926
121 0.984085650649 0.429298058152
122 0.388805474620 0.654734370299
123 0.771092147566 0.705173796508
124 0.987376177683 0.148389309179
125 0.750753198750 0.283334240783
126 0.458922746591 0.348120301962
127 0.423613979947 0.303690991364
128 0.136784596369 0.323028605897
129 0.278412437532 0.084843210876
130 0.414349299856 0.301645900123
131 0.871966618113 0.995078373235
132 0.873281386681 0.433411128819
133 0.455563955009 0.059856291395
134 0.758421328850 0.804192986339
135 0.413171511609 0.976556248963
136 0.645554485265 0.397257162258
137 0.405854307115 0.034359959885
138 0.051991532557 0.176946454681
139 0.739533756394 0.039367710240
140 0.325335763860 0.490286955610
141 0.322701951489 0.784258510452
142 0.838407257572 0.746315931436
143 0.087949501816 0.975191853940
144 0.069344537333 0.366361939814
145 0.060035064816 0.483693837654
146 0.668007839937 0.932001682930
147 0.478772210889 0.541289226618
148 0.365412811749 0.934336165898
149 0.601145518478 0.123834140599
150 0.738529152237 0.014317030087
151 0.100390389562 0.384083637502
152 0.411574192345 0.506244696677
153 0.418443597388 0.463565725368
154 0.683191151358 0.157977354247
155 0.502933435608 0.008526915219
156 0.648264309857 0.825635387097
157 0.792785425670 0.486671567429
158 0.571951318532 0.880734927952
159 0.461863421369 0.641295856331
160 0.247096867766 0.521898486186
161 0.124989693984 0.915104707703
162 0.453900169116 0.603761904873
163 0.456393934321 0.819312980864
164 0.538098071236 0.057539452799
165 0.943147121929 0.276627223473
166 0.071856482886 0.043537511490
167 0.660710861441 0.483430675697
168 0.549782208633 0.079154458828
169 0.946996401064 0.232973359991
170 0.237131813075 0.449929836672
171 0.241500275675 0.885396122932
172 0.275565224234 0.034285701346
173 0.372067690361 0.847516542766
174 0.915020629298 0.833931111731
175 0.488812399097 0.162117497064
176 0.355829597916 0.613802093081
177 0.077222204767 0.809729767032
178 0.217563998420 0.533616139553
179 0.629042748362 0.755662069656
180 0.591155592352 0.572189870290
181 0.032289293129 0.663012075704
182 0.615727381781 0.693000154570
183 0.146442751400 0.165509590413
184 0.772154613864 0.093439152464
185 0.398482950870 0.009286426939
186 0.543368989136 0.639983226545
187 0.894682550337 0.818934213370
188 0.674268927891 0.266750240698
189 0.666450756602 0.589289557654
190 0.100681352895 0.155263155699
191 0.751407054719 0.456510950811
192 0.769065249246 0.828629259951
193 0.266240718309 0.986629247665
194 0.362245399505 0.895283466671
195 0.742291317321 0.953400991857
196 0.467473336961 0.774580610450
197 0.616413067561 0.083200718742
198 0.467580765486 0.762855818961
199 0.248710309621 0.239735379349
200 0.856294971425 0.647193260491
201 0.249021806289 0.399663961027
202 0.287176487036 0.143704356626
203 0.218598174397 0.961445414927
204 0.410454597790 0.885048930999
205 0.550734972581 0.511135950685
206 0.040312087163 0.302142027766
207 0.967646901496 0.809377336409
208 0.130771287717 0.233887619805
209 0.796006584074 0.493016687222
210 0.129171086475 0.538297901396
211 0.446417679079 0.596644423436
212 0.312878511846 0.062830747105
213 0.679845142644 0.780459277332
214 0.825686566066 0.928555452265
215 0.020194656681 0.681981537957
216 0.575748712756 0.269216463435
217 0.081645498984 0.862925199792
218 0.412920820061 0.300243673380
219 0.824370614719 0.823375417851
220 0.185292604845 0.375105587766
221 0.334511368535 0.225604692008
222 0.677247615531 0.302158270497
223 0.034982028417 0.808018903248
224 0.536045890301 0.830988612492
225 0.301035590470 0.665216977242
226 0.369286513887 0.747453269549
227 0.261861400679 0.682165025733
228 0.810284016654 0.941706543323
229 0.462624303531 0.635970583186
230 0.870261995587 0.482818960212
231 0.317952121142 0.446010708343
232 0.752035423648 0.399597620126
233 0.308935908135 0.164956244174
234 0.699841293506 0.133306523319
235 0.988331662025 0.885133898351
236 0.508412111085 0.322843031026
237 0.110738590360 0.185659726616
238 0.625001301523 0.145720618777
239 0.993678629864 0.161047191825
240 0.976709231269 0.294714220334
241 0.826264169067 0.345995745156
242 0.042167489883 0.088125570212
243 0.028160771355 0.852451507002
244 0.029832113534 0.490785074886
245 0.488422090188 0.900094109587
246 0.973604035098 0.806374211330
247 0.346104817931 0.725639459211
248 0.205971831456 0.655040726531
249 0.890595703386 0.905813124962
250 0.788347249851 0.878927365411
251 0.790947023779 0.296759360936
252 0.201770396437 0.901685614139
253 0.482419087552 0.826771697961
254 0.047406233381 0.476097717416
255 0.987818890251 0.024115464650
256 0.770811937749 0.814083059318
257 0.370111210272 0.812979427632
258 0.902208629530 0.398271981627
259 0.665430934634 0.932040743530
260 0.889057056513 0.153853024822
261 0.832134853117 0.862661091611
262 0.960227236152 0.178239671048
263 0.588300550822 0.166199067608
264 0.833280397579 0.478896254208
265 0.072012193035 0.621627647430
266 0.357823620085 0.862959216814
267 0.918387008365 0.559594016522
268 0.764644830953 0.400806095917
269 0.386365714949 0.812051064335
270 0.876903813332 0.374184605200
271 0.836166529451 0.647715751082
272 0.188267664518 0.206277739722
273 0.460695179179 0.090476294514
274 0.604549721349 0.126126113813
275 0.022517038044 0.493606777862
276 0.279979139101 0.854651891161
277 0.356267869473 0.240206375252
278 0.032891562209 0.944568420760
279 0.406405443326 0.866171960253
280 0.423464674968 0.478417636361
281 0.487799607683 0.781288295053
282 0.341376853175 0.406186616514
283 0.340882312041 0.106021684129
284 0.806992712431 0.727248026989
285 0.918072748929 0.683896526229
286 0.101432632189 0.754239278380
287 0.331612277310 0.289700296707
288 0.960517018102 0.792307456490
289 0.380176591221 0.565066739451
290 0.918433570769 0.402693629265
291 0.058673517313 0.198412709869
292 0.257345520426 0.414941386785
293 0.438619085122 0.290237083100
294 0.359509807546 0.845024528448
295 0.156409043353 0.782974482980
296 0.323442164809 0.644208651036
297 0.564262778033 0.664819017984
298 0.050395267550 0.905145090073
299 0.770840702578 0.857387980446
300 0.632393117063 0.688913451508
301 0.541284506675 0.733825749252
302 0.443152729888 0.872896783985
303 0.023526046425 0.403669747990
304 0.665204240941 0.403702637646
305 0.968736487441 0.583637811709
306 0.806396267377 0.027410004754
307 0.782050521579 0.063741787802
308 0.442351391539 0.220669606701
309 0.353978870902 0.801861199550
310 0.065694135614 0.510387914255
311 0.584835682530 0.389136300422
312 0.154596565757 0.149098460563
313 0.053955318872 0.204991833307
314 0.054243551102 0.824796021450
315 0.062379813753 0.686636668164
316 0.513709472958 0.603664320428
317 0.420462417882 0.956862202846
318 0.476561104879 0.443988464307
319 0.360531950835 0.141765345819
320 0.847691101953 0.329268438276
321 0.725403157528 0.654087369330
322 0.356678443030 0.507453679107
323 0.717829157598 0.799029834569
324 0.728123285808 0.071808028501
325 0.600891034119 0.793817421421
326 0.582195943221 0.185726716649
327 0.182953722309 0.736792508978
328 0.334825177677 0.236909041181
329 0.941784342285 0.389068728779
330 0.061705062632 0.004164156504
331 0.075705396943 0.575414535590
332 0.607828476932 0.496167814825
333 0.532276738435 0.084389581811
334 0.940156279132 0.892808689270
335 0.226154927630 0.787847381551
336 0.222077127546 0.951558085158
337 0.441934750881 0.578755570576
338 0.459011764266 0.159763908479
339 0.377785405144 0.187135050539
340 0.231571937446 0.978676439729
341 0.980952471960 0.813767880667
342 0.164403156377 0.163906194270
343 0.550560389645 0.499228334054
344 0.400815235451 0.492344731931
345 0.888297062833 0.462520298082
346 0.496508888435 0.964002460241
347 0.037934833672 0.104337365832
348 0.460170275066 0.570211572107
349 0.188726947643 0.400326554663
350 0.463020261377 0.414881875739
351 0.188173936214 0.685097388923
352 0.366439960897 0.630108687095
353 0.263852959499 0.825451725628
354 0.789872596040 0.641638365109
355 0.012586776167 0.021444533486
356 0.620314804837 0.993539248127
357 0.835212414153 0.784717961214
358 0.157445442863 0.385772803798
359 0.283946295734 0.558260678314
360 0.878117535729 0.172243358567
361 0.020780976862 0.374626424629
362 0.136245818809 0.058715810534
363 0.478963790461 0.596416094340
364 0.628927383106 0.667690738104
365 0.996742649004 0.091947644483
366 0.082572613843 0.184916585218
367 0.777045033872 0.449012575205
368 0.815025272314 0.040897993371
369 0.274464300834 0.604897868354
370 0.682536358479 0.287051077001
371 0.626342401840 0.302851163317
372 0.280590325128 0.461554815993
373 0.087569124997 0.438035767991
374 0.847327619791 0.371515420731
375 0.996296446770 0.725445155986
376 0.543758779299 0.017077423632
377 0.100071580615 0.680004598573
378 0.075793234166 0.579035371076
379 0.276420692913 0.704720617272
380 0.246726109181 0.273163341917
381 0.796668262221 0.329298723489
382 0.458079927135 0.573713296093
383 0.778311298694 0.273105199449
384 0.614611289464 0.052775599528
385 0.878003068268 0.297147648409
386 0.339826676529 0.504345470108
387 0.599998811726 0.620417001657
388 0.965900286566 0.687567936722
389 0.058452770114 0.813227906357
390 0.059083357453 0.054749216884
391 0.538673062343 0.602842137218
392 0.071826640517 0.638744642958
393 0.282846735790 0.147619874682
394 0.217780014034 0.559267428704
395 0.852340492420 0.464506123681
396 0.832430770621 0.649008754641
397 0.793804847170 0.290510697756
398 0.222722050734 0.572116145864
399 0.563615897205 0.837333340198
400 0.624891745392 0.441618965473
401 0.134480988607 0.964718421921
402 0.945964436047 0.734479800798
403 0.585135423578 0.911864722613
404 0.422047737520 0.643588193692
405 0.725092628971 0.481131095439
406 0.698337410577 0.263765691780
407 0.083973232657 0.770164051093
408 0.902510334738 0.366819968447
409 0.917783926241 0.120290349238
410 0.926087397151 0.770124418661
411 0.584796472918 0.758518167771
412 0.419133173302 0.378601320088
413 0.049028865527 0.641855224036
414 0.950717465952 0.612644762732
415 0.479188564233 0.575609211344
416 0.054263728671 0.613669553306
417 0.540327633265 0.000228164718
418 0.348149354104 0.125463056844
419 0.912092887331 0.770197091624
420 0.769051251002 0.637185516302
421 0.251328187063 0.467388661578
422 0.900951208081 0.335301419720
423 0.237552713137 0.803461543284
424 0.702121388167 0.155336639378
425 0.923751892522 0.628208785318
426 0.925461058039 0.508548365440
427 0.386726953089 0.344594231341
428 0.887149685528 0.435755818617
429 0.986449455377 0.837867151480
430 0.048400581814 0.465638019610
431 0.413476362824 0.102664310485
432 0.079307572916 0.953803996090
433 0.102892475203 0.427456927020
434 0.079267052934 0.014985362533
435 0.197654019110 0.848318303935
436 0.652170878835 0.448982206173
437 0.315706965979 0.553122087382
438 0.784283626359 0.553259679116
439 0.356583630666 0.486405014526
440 0.708596318495 0.280335523188
441 0.114613800310 0.634057376534
442 0.788883888628 0.501340753399
443 0.978651607875 0.676033574156
444 0.937096572481 0.965101063251
445 0.513900725637 0.985497154295
446 0.430739082862 0.927377088461
447 0.088161464781 0.510046656244
448 0.881181084551 0.191053939983
449 0.937503583264 0.960448137484
450 0.206039302517 0.135157602374
451 0.808766441885 0.858210181352
452 0.584139809012 0.124473407865
453 0.411332268734 0.368423435371
454 0.677733086981 0.767915899400
455 0.854828449897 0.386329405475
456 0.048251422588 0.969442250207
457 0.020386782009 0.837135311216
458 0.470783004072 0.999038389884
459 0.513168885373 0.407879576553
460 0.964139453135 0.027069611009
461 0.393376730848 0.394878535997
462 0.954446699470 0.481538195629
463 0.904925192241 0.835627784021
464 0.672592135612 0.842428775970
465 0.796075921971 0.878631438129
466 0.977586378343 0.604842363857
467 0.736841619480 0.561726187356
468 0.729315771721 0.148173888680
469 0.930149622727 0.407048858702
470 0.916089788079 0.784978073090
471 0.793378264178 0.964341211133
472 0.754420323297 0.813765046187
473 0.801476522349 0.225203327369
474 0.812803436071 0.314645408187
475 0.633082903922 0.776942889206
476 0.341715019196 0.026459634770
477 0.171821425203 0.296161719132
478 0.507997830398 0.076746617910
479 0.131789503153 0.180589966010
480 0.919175393879 0.927865425125
481 0.059221404139 0.896761772223
482 0.532707788981 0.796063024085
483 0.458487960044 0.262023560703
484 0.944236912765 0.388637582771
485 0.669072419405 0.860326700844
486 0.173615655862 0.462450683583
487 0.824667911977 0.928035979625
488 0.276215729769 0.626144434791
489 0.153239306994 0.089019165840
490 0.940789842978 0.786322211381
491 0.865962055046 0.282504862174
492 0.812781846151 0.037783480715
493 0.578666581307 0.320779677015
494 0.114530098625 0.710456084926
495 0.501369643025 0.033705492504
496 0.638321510050 0.560591047630
497 0.930467264727 0.171029299498
498 0.356654071715 0.388955224771
499 0.433052860200 0.300890984479
500 0.777592808008 0.102125280071
501 0.161217685323 0.951208463870
502 0.564575963654 0.985885597765
503 0.879244443495 0.840791693889
504 0.612030032557 0.032483750954
505 0.929810859729 0.552819875535
506 0.818805962335 0.795772915240
507 0.835324737709 0.631587808486
508 0.833556395955 0.413991319481
509 0.952367485501 0.948086494580
510 0.124447404407 0.453737128992
511 0.981791987084 0.762768914457
512 0.014328176621 0.912259251811
513 0.933798213955 0.370982248336
514 0.301214477047 0.366851074621
515 0.671873232815 0.078807285056
516 0.468976354692 0.833090918139
517 0.030015748926 0.033552318346
518 0.818976515904 0.909260192886
519 0.874344012234 0.431006548461
520 0.941743943840 0.804154872429
521 0.983826423995 0.760549906176
522 0.599927787669 0.819151162170
523 0.392137714662 0.433484183624
524 0.233142481651 0.344505200628
525 0.381570678204 0.357589886058
526 0.798242329620 0.363362665288
527 0.120358800516 0.812570506241
528 0.275621917099 0.054157014936
529 0.183552754577 0.576836394146
530 0.421008089557 0.855425987393
531 0.655643679202 0.889984444249
532 0.688516905531 0.685659428593
533 0.923536762595 0.507493421901
534 0.594919621479 0.797880775295
535 0.938499970362 0.536663565319
536 0.602035647724 0.922326394822
537 0.297213471495 0.201963435393
538 0.741477556992 0.689351186156
539 0.635447619017 0.974620038643
540 0.033856386784 0.017018297222
541 0.332209924702 0.832098716404
542 0.380380962510 0.452568725217
543 0.644669222645 0.656002879608
544 0.506725740153 0.828221977223
545 0.232839274220 0.927733829711
546 0.683647964615 0.888482953422
547 0.817718273960 0.372164870612
548 0.574142382015 0.741255037021
549 0.879658292513 0.169062003493
550 0.539135812316 0.818158262875
551 0.705725568812 0.141171460040
552 0.740484657697 0.002939040307
553 0.343134895433 0.481962214690
554 0.692290226929 0.978582514450
555 0.456582253333 0.726146613713
556 0.995600811671 0.788792178035
557 0.558245330583 0.375981774181
558 0.241360903718 0.202914553229
559 0.031984653790 0.748086643871
560 0.031136530917 0.264823928010
561 0.675820474047 0.714784495533
562 0.153306881897 0.493538748007
563 0.086949366145 0.727449263912
564 0.234793785028 0.966607658658
565 0.896511267871 0.773929597344
566 0.784765921999 0.602236836683
567 0.915101057384 0.525250579696
568 0.605175877456 0.258235952817
569 0.007212794852 0.297466104385
570 0.236818467267 0.463795048185
571 0.023612718098 0.232419278938
572 0.252587226685 0.581858048681
573 0.608401053119 0.493948130403
574 0.784772602376 0.640385707375
575 0.242034774274 0.815909133293
576 0.905209635384 0.917855248321
577 0.530693628825 0.058516517282
578 0.411393996794 0.617642995436
579 0.785965781659 0.646187781822
580 0.584250654094 0.682477049530
581 0.420117379632 0.369016576093
582 0.284713886213 0.335218437016
583 0.894267156255 0.889889763668
584 0.593454390299 0.901479951106
585 0.187355868053 0.830272857565
586 0.365274999291 0.210968586616
587 0.062692136969 0.617862225976
588 0.792826635297 0.671093190089
589 0.111810356379 0.577599237673
590 0.311478897464 0.353845131118
591 0.393508370966 0.216688533314
592 0.271700379439 0.924202000257
593 0.275205050595 0.683094376232
594 0.541844995692 0.061170832254
595 0.329282158520 0.126095649786
596 0.743647881784 0.749399538152
597 0.495112226345 0.028361768462
598 0.084617975168 0.389379382599
599 0.918251532130 0.678072365467
600 0.290859333705 0.105607400648
601 0.508345223498 0.656134332996
602 0.316575987265 0.571037360467
603 0.273996559437 0.109402622562
604 0.242130550556 0.385806915816
605 0.687001860701 0.553609448485
606 0.739652046934 0.080510231666
607 0.770297981799 0.011352426838
608 0.004712231923 0.045503032394
609 0.694446803071 0.546557227615
610 0.106673865113 0.023728961591
611 0.672652877867 0.850321746897
612 0.773128499743 0.167765104212
613 0.878683515359 0.857746475376
614 0.557144486811 0.796935047954
615 0.535818840843 0.848003820516
616 0.902542448603 0.044164064340
617 0.504138153512 0.219118435867
618 0.615201424807 0.778134712949
619 0.328521058429 0.857331975829
620 0.163941629231 0.015522919130
621 0.410941424314 0.903593676165
622 0.096033151262 0.181239406113
623 0.914946103003 0.100745383184
624 0.226742438506 0.609392906539
625 0.647302611265 0.333416303620
626 0.633121868130 0.319955489133
627 0.183738050982 0.406250368338
628 0.487720593344 0.062421566341
629 0.263996843714 0.044865080155
630 0.859356614295 0.799815684557
631 0.892868900672 0.761899062898
632 0.843979749363 0.397007054184
633 0.981017498765 0.459181174170
634 0.175141767599 0.309538557660
635 0.316513149999 0.339083396830
636 0.325061476789 0.727454574313
637 0.242677072994 0.421094628051
638 0.908693980426 0.157623176463
639 0.521840011701 0.135436419398
640 0.767016083002 0.169142622966
641 0.468852723017 0.400137951132
642 0.489098112099 0.652590774000
643 0.806388319470 0.976818705443
644 0.715012340806 0.070385163184
645 0.021683785599 0.574368955102
646 0.870200848207 0.914552686270
647 0.336268018465 0.714180597570
648 0.311559740454 0.317285517231
649 0.173361771740 0.486701508053
650 0.626824074890 0.489874922205
651 0.825784904882 0.951885552146
652 0.217329496518 0.068461978342
653 0.372980180196 0.126023477409
654 0.226085154805 0.894820191897
655 0.261459896807 0.993101237807
656 0.063962814864 0.730312619824
657 0.393239188939 0.553060926963
658 0.382903394289 0.199627508875
659 0.529879632406 0.097915735096
660 0.270012672059 0.551563418005
661 0.672284690198 0.140213520266
662 0.466116104275 0.008552708663
663 0.854394117836 0.777675845195
664 0.325838226359 0.027755890042
665 0.264377353247 0.952662301250
666 0.517630812246 0.090162258595
667 0.904547853395 0.734960308764
668 0.158624236938 0.277528034057
669 0.860983786173 0.384709391743
670 0.172348225955 0.122443682980
671 0.377810629550 0.236311041284
672 0.852756303269 0.771049818490
673 0.789371968247 0.235659697559
674 0.970677327365 0.319251601119
675 0.333575432654 0.240689999890
676 0.870815019123 0.005860122852
677 0.380903520156 0.336931123864
678 0.014412831981 0.235297638457
679 0.114606969059 0.340251058340
680 0.263053528499 0.378984322306
681 0.292913359590 0.780684340745
682 0.469146580901 0.197461213451
683 0.515644649509 0.627770817839
684 0.474989247508 0.376628436148
685 0.012480209582 0.647337473463
686 0.499072119128 0.390290839132
687 0.883648514748 0.351828422397
688 0.161340658087 0.673020483460
689 0.587488119956 0.132017985452
690 0.992272084579 0.921063552611
691 0.372707985342 0.863087103702
692 0.926923675928 0.753611505963
693 0.200018227566 0.941336507909
694 0.988909144420 0.314625196625
695 0.281587566249 0.251962672919
696 0.693609519396 0.574500925839
697 0.032647013664 0.162756100297
698 0.771962139290 0.548291663174
699 0.790526918601 0.246951386798
700 0.924920099322 0.803007128183
701 0.894288860727 0.423992218915
702 0.193297967780 0.777937375475
703 0.775820641313 0.354638625868
704 0.450957858935 0.363308761735
705 0.486656611320 0.443229943514
706 0.284372314345 0.859364597127
707 0.306317047682 0.211295990273
708 0.612976103090 0.506335275248
709 0.152632498182 0.601885247510
710 0.820960472338 0.434220064431
711 0.853847920429 0.514569991734
712 0.008720990736 0.886494934093
713 0.677326092031 0.780683130026
714 0.434786597267 0.467853010632
715 0.027634517290 0.359706697054
716 0.270860139281 0.921923378017
717 0.783698915970 0.464158107061
718 0.699860753492 0.559519557282
719 0.818796732929 0.150818612892
720 0.922828319017 0.305453344248
721 0.594048556406 0.207200633828
722 0.164817941375 0.900365604088
723 0.418496624101 0.777794044465
724 0.406700879801 0.571129122749
725 0.379679291975 0.227661352139
726 0.005349187180 0.233527212404
727 0.742231343873 0.014070177916
728 0.120022146497 0.419557435904
729 0.794753308408 0.554808744229
730 0.887410447001 0.822387825698
731 0.914515441284 0.158270586282
732 0.744311203714 0.698214357253
733 0.622428693343 0.444171957206
734 0.257733914535 0.441225426272
735 0.594990570098 0.180562234018
736 0.746678770520 0.189039126970
737 0.387762867846 0.911496712361
738 0.089404731058 0.806259491947
739 0.689290756825 0.496105610859
740 0.377388614696 0.068970049266
741 0.723766962998 0.382737802342
742 0.302497261669 0.465998306870
743 0.396807980258 0.422519408632
744 0.885555743240 0.191561288666
745 0.977328152861 0.772966190241
746 0.013949114364 0.891843594145
747 0.931236776523 0.758260318078
748 0.590057951398 0.553665469866
749 0.202432275750 0.847791865934
750 0.994890896138 0.797422845848
751 0.028354099952 0.741569666658
752 0.986461972818 0.416116967797
753 0.653066379018 0.075866704341
754 0.222376460209 0.342357136309
755 0.571972315200 0.599765074905
756 0.411327185575 0.295739278663
757 0.982502877247 0.713824447244
758 0.761737585533 0.379310857970
759 0.136343855876 0.647293328773
760 0.570872146636 0.113672008738
761 0.420259519015 0.584821261466
762 0.005515602883 0.351496295538
763 0.343081579544 0.595573554281
764 0.905161765404 0.545513855293
765 0.443365420680 0.900052661542
766 0.342936701607 0.471719520632
767 0.641622328665 0.329398674425
768 0.887836488895 0.294688707683
769 0.405265378766 0.110212949105
770 0.637045843992 0.977237694431
771 0.709978024010 0.048373029567
772 0.272976973094 0.692480901722
773 0.762197477277 0.034714558627
774 0.071791759692 0.898541333154
775 0.682007887866 0.642663906328
776 0.012213342357 0.102267406881
777 0.227485167794 0.017728945240
778 0.453763702884 0.570566747803
779 0.613302499987 0.358925468288
780 0.116080603097 0.056667920668
781 0.258978130296 0.459017304704
782 0.528387441300 0.900600458961
783 0.788415979594 0.416223930195
784 0.195289166644 0.193681358360
785 0.526436879300 0.832335011102
786 0.170919052791 0.236414903775
787 0.880708040670 0.443896025885
788 0.928895805497 0.642905517947
789 0.478610584978 0.000687565189
790 0.541446851566 0.160618472844
791 0.643351471517 0.553660193924
792 0.262885879725 0.870836639777
793 0.571389139164 0.716649582610
794 0.441403387580 0.184691639151
795 0.075575051364 0.557483990677
796 0.241359559819 0.334553181659
797 0.016501295846 0.769747001585
798 0.235153640620 0.804917275440
799 0.185970931780 0.430442807265
800 0.998598633800 0.712407811545
801 0.262777818367 0.169517687056
802 0.948822715320 0.143485859502
803 0.613413712941 0.877718520816
804 0.786391377449 0.092024297919
805 0.878406086005 0.327838229015
806 0.252642770763 0.521757557523
807 0.881498422939 0.515528650954
808 0.392594197299 0.452887562569
809 0.232178233564 0.833997584879
810 0.637579201721 0.307753284927
811 0.391481576022 0.878938762005
812 0.642306466587 0.407982871868
813 0.648685763590 0.877460107207
814 0.212900147308 0.834656695370
815 0.307902914938 0.211498781107
816 0.547064506914 0.570680733304
817 0.381016468164 0.495887222234
818 0.714166592807 0.994430181570
819 0.373605743051 0.500557970721
820 0.086454479489 0.252011829056
821 0.828396199737 0.339097250719
822 0.773769387044 0.709894623142
823 0.854625901673 0.166363584343
824 0.162782185711 0.086804135237
825 0.000361169688 0.800361387432
826 0.394557420630 0.391842745710
827 0.679300149437 0.036863887217
828 0.799825617578 0.327985913027
829 0.914323994890 0.012725764886
830 0.162642608862 0.222226909827
831 0.224224545993 0.709707115777
832 0.792907643132 0.605241014622
833 0.205594338477 0.507074236404
834 0.599671196193 0.579200081527
835 0.007632207125 0.686125675682
836 0.831211911049 0.836028406862
837 0.025222926401 0.604981298093
838 0.545923030004 0.879848828074
839 0.771344882436 0.708705215715
840 0.966652963776 0.771706052125
841 0.509066603612 0.361210384406
842 0.163548797835 0.188366753049
843 0.398074271623 0.963374415413
844 0.516352666542 0.312398266513
845 0.976100180298 0.678995275404
846 0.534625176340 0.200324726757
847 0.388702391181 0.327532819938
848 0.805565741379 0.594296729658
849 0.834607056342 0.405236937571
850 0.173496811651 0.842239263467
851 0.091362613253 0.004708722699
852 0.678267670330 0.116585540120
853 0.609690020792 0.224190700799
854 0.996434368193 0.381034903228
855 0.932895916514 0.963087331969
856 0.152740955818 0.441962520126
857 0.324297716375 0.316289753653
858 0.630329273641 0.722371988464
859 0.279664169531 0.146681940183
860 0.034770254977 0.255764349829
861 0.825677215587 0.569395431783
862 0.456089076586 0.214379606768
863 0.896928251721 0.261654817965
864 0.808676336892 0.731535308063
865 0.666891755536 0.982173148543
866 0.573774571531 0.758254369255
867 0.986881871242 0.252042241860
868 0.874839909375 0.596571892034
869 0.476232942659 0.871274277568
870 0.977606795263 0.409128859639
871 0.834361610003 0.130347751081
872 0.851091379765 0.158659326378
873 0.446637505200 0.481420653407
874 0.881031314842 0.726301674731
875 0.628102593590 0.915801570285
876 0.982066024560 0.453779809177
877 0.485197002068 0.438155101612
878 0.668159416411 0.382125253789
879 0.699809919577 0.476835753303
880 0.113660561852 0.366701675579
881 0.459008901846 0.687435133383
882 0.124956044834 0.445890773088
883 0.939477375243 0.999795954209
884 0.042462665122 0.415710318368
885 0.871070231777 0.020069460385
886 0.824839178007 0.705431841780
887 0.150417211931 0.675930557773
888 0.864091168623 0.597054717131
889 0.157351211645 0.745122483466
890 0.323356391862 0.785453805234
891 0.660924053751 0.305422416423
892 0.239233614877 0.146121055819
893 0.743577518035 0.907393031288
894 0.528246309608 0.443387438077
895 0.384228784591 0.641906871460
896 0.810089113656 0.843237686437
897 0.329342004843 0.935045158491
898 0.289128459524 0.268819380552
899 0.934841112699 0.331591124646
900 0.684529698920 0.805911344476
901 0.351660585031 0.509368876927
902 0.511343186721 0.502077796962
903 0.185299434699 0.375434355345
904 0.099132514093 0.342650646344
905 0.120556838810 0.422488905955
906 0.128104452044 0.781480893027
907 0.727911322843 0.367338066921
908 0.927601948846 0.471488840878
909 0.274731098209 0.455848258920
910 0.914876278955 0.658959882800
911 0.097755130380 0.724965392612
912 0.502197569236 0.427097135689
913 0.660010551102 0.791326028761
914 0.695916516241 0.594851663802
915 0.122917153407 0.380446215160
916 0.400763008744 0.474577738438
917 0.889815092087 0.912106195465
918 0.976655535866 0.075114526786
919 0.287540550809 0.075788049959
920 0.417765173595 0.408097389620
921 0.498276956379 0.545869625639
922 0.189578282647 0.226188279223
923 0.913207692560 0.117180231959
924 0.697677120101 0.187938790768
925 0.573028490879 0.612553399522
926 0.846898673568 0.670783621259
927 0.337518792134 0.349096242804
928 0.097880756948 0.997529343702
929 0.140422271565 0.793797273189
930 0.592381007504 0.263339424971
931 0.174243488349 0.993144016247
932 0.737917163409 0.064058580436
933 0.905250211712 0.714572699275
934 0.139173107687 0.192790762521
935 0.790360749699 0.556938281283
936 0.600888152607 0.288637706079
937 0.102807906922 0.790466435254
938 0.514825985301 0.016015599482
939 0.907646667212 0.212503105402
940 0.203954390250 0.480675158091
941 0.825056504924 0.050853063818
942 0.151458779816 0.162575297523
943 0.399949306622 0.249339536764
944 0.160104641225 0.540371578187
945 0.043136810418 0.752485648729
946 0.803711003158 0.217380298767
947 0.745629665442 0.541628166568
948 0.281438879669 0.650879877154
949 0.256200866308 0.420611987356
950 0.843670640141 0.046561616007
951 0.977550268639 0.444558792748
952 0.335199322086 0.080358175561
953 0.235025228001 0.850025307387
954 0.096373775043 0.142671895679
955 0.062528412789 0.300328165293
956 0.623347053770 0.887584918179
957 0.351181229111 0.774805833586
958 0.050160215702 0.751130535733
959 0.024145370815 0.210264856927
960 0.291502113920 0.067282181233
961 0.962750505656 0.095213117078
962 0.284662480000 0.708380171098
963 0.636841283645 0.566101359669
964 0.359260048717 0.893042149954
965 0.986713347025 0.202930688858
966 0.939603765961 0.964263615664
967 0.647489481606 0.274803088047
968 0.044621791225 0.882514709607
969 0.124828395434 0.140995566268
970 0.025186605286 0.187356808688
971 0.441323731560 0.648533659521
972 0.074941726867 0.792504960671
973 0.423339493107 0.125101942569
974 0.543635496404 0.447484863922
975 0.335366799496 0.835137610324
976 0.514767045155 0.298117305152
977 0.930350727402 0.799429525621
978 0.006497476716 0.567192011513
979 0.365530885290 0.365757525433
980 0.460234161466 0.352244232781
981 0.568688214291 0.399837927893
982 0.316507848445 0.216177695896
983 0.674641015939 0.361129640136
984 0.098692405503 0.799469411839
985 0.502125206403 0.123879011255
986 0.986826220527 0.943448938429
987 0.772412670776 0.061767947394
988 0.735953899100 0.195752163883
989 0.186869889963 0.279589395970
990 0.643237028271 0.522236689460
991 0.114727006294 0.158004073426
992 0.820353994612 0.045077734161
993 0.957433599047 0.826851471327
994 0.612269745674 0.322964484803
995 0.192608996760 0.072503907140
996 0.675208717585 0.761297211051
997 0.472341835033 0.991716566030
998 0.977474906947 0.146982851438
999 0.352846206166 0.076167312916
