100
900
0.060000
0 0.143556873780 0.612142180093
1 0.753062172327 0.217806873377
2 0.914038349409 0.354228544049
3 0.255409816746 0.821160385385
4 0.782250908203 0.335354330484
5 0.148079209495 0.984231326729
6 0.189430556726 0.972846984863
7 0.777350935154 0.552352013066
8 0.366769056302 0.502509206068
9 0.882532822900 0.630988336168
10 0.028849080205 0.902790984139
11 0.450271645095 0.783927239943
12 0.299404231831 0.918004392181
13 0.567551938351 0.956112658139
14 0.881847150158 0.403136187699
15 0.584634592291 0.025404023938
16 0.015278367791 0.337696764618
17 0.243210897315 0.929316717200
18 0.691925308667 0.498620714061
19 0.750477103051 0.474176216871
20 0.833975044545 0.898556312546
21 0.458407544065 0.023405601270
22 0.871403297409 0.235758479219
23 0.575757614803 0.238172354177
24 0.738267685752 0.458290437702
25 0.869160690345 0.767116765957
26 0.361081421841 0.319432335906
27 0.551044006366 0.660485653672
28 0.237436728086 0.118595944718
29 0.616598312277 0.119283878244
30 0.521732132416 0.201232904568
31 0.144687902648 0.537010500208
32 0.538929669186 0.387898799963
33 0.466327217873 0.230854977854
34 0.886519514490 0.216804320924
35 0.705031194724 0.720494559035
36 0.115360633470 0.163438738789
37 0.743900160771 0.986763931345
38 0.399197218474 0.319657775573
39 0.224936285522 0.137464904226
40 0.777948213276 0.094096975867
41 0.904581670184 0.139029635582
42 0.413529311772 0.455625676550
43 0.799515289254 0.650966039859
44 0.574221621733 0.416113601532
45 0.770249918569 0.095953754149
46 0.617346506100 0.914937821217
47 0.632964254823 0.156276175287
48 0.302836621180 0.099291472696
49 0.387131153140 0.189356135670
50 0.316095793620 0.092162348330
51 0.909850695170 0.431456427090
52 0.255601087119 0.653750855941
53 0.418220358435 0.654798305593
54 0.973408631515 0.643156643957
55 0.792263209820 0.751356844790
56 0.737253620289 0.696844880469
57 0.890386480372 0.150782932062
58 0.152470557019 0.689901770093
59 0.801748972386 0.726692178752
60 0.106015371624 0.571998890955
61 0.822645933367 0.723361878190
62 0.486936712172 0.455610188190
63 0.879638053477 0.789773333352
64 0.554901660886 0.266769207083
65 0.979129469488 0.870997454505
66 0.358931555413 0.888980164658
67 0.302453881595 0.614532642532
68 0.542731020600 0.720674240496
69 0.269330948591 0.516139652114
70 0.363830884453 0.061594158411
71 0.267496496905 0.101084504742
72 0.758439038880 0.157882977743
73 0.251867437270 0.910909596365
74 0.847784747835 0.053616409656
75 0.637601775117 0.953800119460
76 0.625615300611 0.460247708485
77 0.677161997650 0.112552012783
78 0.915857896674 0.556800051592
79 0.902325346135 0.470759557560
80 0.823569258675 0.881454815622
81 0.341757012066 0.182500814088
82 0.770434980281 0.644210894126
83 0.797033456620 0.313166000880
84 0.364885134622 0.066364405211
85 0.829305652995 0.728716019075
86 0.127958564088 0.096802150365
87 0.829800524283 0.886397602968
88 0.254685128108 0.081667961553
89 0.797307199333 0.102469875943
90 0.135284371208 0.434908974916
91 0.056269995403 0.760899671819
92 0.895156683400 0.733431993518
93 0.873451684602 0.811014580540
94 0.290232045110 0.775777030736
95 0.281774138100 0.113801303785
96 0.657231846824 0.623531150632
97 0.296302117873 0.427666827105
98 0.267742044758 0.093335574493
99 0.740832828451 0.632627179381
100 0.159699980170 0.570138481446
101 0.361343198456 0.287658544257
102 0.666940631811 0.191143722739
103 0.174056147225 0.921625759918
104 0.272811684292 0.971363347024
105 0.024095635861 0.408096055500
106 0.406272321939 0.080365631729
107 0.168995727319 0.301429005340
108 0.813797625247 0.042447411921
109 0.112443585880 0.104029670358
110 0.818224443123 0.394217724446
111 0.217830974143 0.475456289947
112 0.017748875078 0.514133092016
113 0.903123117052 0.285490919836
114 0.607468666509 0.643955945503
115 0.918118099216 0.767168646678
116 0.214094427414 0.279461297672
117 0.054827190936 0.881035059225
118 0.470605020877 0.228883338626
119 0.802660819609 0.743416705169
120 0.200246685650 0.826756455470
121 0.151512761135 0.606519007590
122 0.907122087199 0.320508488454
123 0.907948012929 0.720919712447
124 0.362955900840 0.020391599275
125 0.824949382804 0.181180343963
126 0.414609323721 0.042780356947
127 0.656636633910 0.432358198799
128 0.556913448963 0.559759750962
129 0.717849118635 0.164382115938
130 0.203715696931 0.635967217851
131 0.931550762616 0.417810124345
132 0.915428515524 0.986377954017
133 0.298845183570 0.386033536401
134 0.215261292644 0.101506003179
135 0.129450242035 0.415507978294
136 0.928262459114 0.280963003170
137 0.022026985884 0.835384546313
138 0.601471491624 0.929974998813
139 0.556304259226 0.964427392464
140 0.950366598088 0.381253642030
141 0.145607736427 0.364975921810
142 0.424033999443 0.802244370338
143 0.797334120609 0.980947448406
144 0.362004121765 0.515183239244
145 0.145329564344 0.565719818696
146 0.151150457095 0.076880327426
147 0.983529943042 0.066578973085
148 0.063258281443 0.282375126611
149 0.452612509485 0.278519574087
150 0.383881130256 0.582062751520
151 0.694027552381 0.312143589370
152 0.863025754690 0.716054538265
153 0.147528135683 0.464497246780
154 0.646029537078 0.703832394909
155 0.428924639244 0.596396135632
156 0.085086037405 0.574532376137
157 0.961372057442 0.509120036848
158 0.376776746474 0.758706178516
159 0.490067485254 0.738780868240
160 0.273889417760 0.635397050064
161 0.304500686936 0.425039875321
162 0.712277377490 0.288030629978
163 0.491618848406 0.775535658933
164 0.570405757055 0.944231357891
165 0.054055233020 0.954286887310
166 0.526294109877 0.748082785401
167 0.266430476680 0.389319864567
168 0.464137323666 0.413958612364
169 0.853817111347 0.110166860744
170 0.117791007739 0.282741751056
171 0.706562996376 0.202877045143
172 0.857274127193 0.667935054284
173 0.711997081991 0.234050873667
174 0.426641232800 0.202064567246
175 0.972831742372 0.700530650560
176 0.837461617310 0.277332429308
177 0.125570525881 0.549738994800
178 0.565363059752 0.617189374287
179 0.325274653733 0.135768816806
180 0.561420732643 0.379329886753
181 0.090055704117 0.087714842521
182 0.127412672155 0.356486180797
183 0.477034707088 0.591549995821
184 0.770444793161 0.330851818901
185 0.701716857031 0.888235800900
186 0.613593569957 0.408279853407
187 0.091112846043 0.470867697150
188 0.076214907691 0.803109928034
189 0.704918570817 0.502856140491
190 0.005174495745 0.677750313189
191 0.203386791516 0.842636113055
192 0.955082742963 0.328957317397
193 0.392375108320 0.520445802715
194 0.946146692149 0.717649762053
195 0.656214619521 0.507567424793
196 0.096979649272 0.746270323638
197 0.595282267313 0.224392321426
198 0.102756504435 0.072316974401
199 0.815942317713 0.873201297596
200 0.403168793302 0.517659174744
201 0.761437098961 0.016762363259
202 0.925939028151 0.852549945004
203 0.487630060408 0.002153936308
204 0.655659873504 0.192548631690
205 0.505010076798 0.660834369250
206 0.870298944879 0.708396868315
207 0.503470482305 0.825381687842
208 0.037354186177 0.895845590625
209 0.345827490557 0.983500878327
210 0.613495353144 0.002042110078
211 0.491068303119 0.710475002415
212 0.748312433716 0.086350570433
213 0.934867323842 0.851068938151
214 0.158667544834 0.750809641555
215 0.724270236213 0.561836338602
216 0.268468816299 0.485707335174
217 0.578598701861 0.194407844916
218 0.338257280178 0.066228762735
219 0.196561781224 0.993917153683
220 0.258777394425 0.701571858022
221 0.654751522932 0.129076339304
222 0.409968726803 0.158222005703
223 0.954458027612 0.447322912980
224 0.054067596328 0.300285518169
225 0.430823791306 0.667562949471
226 0.302327628713 0.921892094426
227 0.378037951887 0.050640062429
228 0.008242664859 0.312905276194
229 0.901709001046 0.166910209693
230 0.063714917749 0.625979237258
231 0.728746548295 0.332183734514
232 0.111686572433 0.307345250621
233 0.526591579430 0.449943852611
234 0.373574013356 0.723153360654
235 0.443861006759 0.632351407781
236 0.424725218676 0.098612529691
237 0.761427747086 0.834693945479
238 0.256834535394 0.715885774698
239 0.282016858459 0.310902132187
240 0.016171293333 0.712840649765
241 0.978465081658 0.318498922046
242 0.634732744191 0.356503034011
243 0.369138984475 0.642975409050
244 0.669408310205 0.270847985521
245 0.809885619208 0.733123227954
246 0.896827222779 0.538632167503
247 0.065306962468 0.008513795212
248 0.845977418125 0.591898541898
249 0.458457648288 0.219551431481
250 0.315051902551 0.902318655048
251 0.851902839262 0.739777121693
252 0.000931184739 0.613330586813
253 0.574471067172 0.257765720598
254 0.329216361511 0.856487926096
255 0.568667852785 0.345387654845
256 0.569328575861 0.547132934444
257 0.663886576891 0.204061320517
258 0.903635968454 0.033025561832
259 0.847036729567 0.573044278659
260 0.303873547353 0.656922348775
261 0.306167507078 0.200700770598
262 0.195554516744 0.371474469546
263 0.209214565810 0.041531934869
264 0.963373011909 0.667672214098
265 0.261083366815 0.278424914461
266 0.569990869146 0.112986206077
267 0.018202036154 0.570922054350
268 0.726316792890 0.592673103791
269 0.828687774949 0.055533154868
270 0.449161029886 0.397355627734
271 0.400920809712 0.018489605747
272 0.944488562178 0.064807387069
273 0.222550926264 0.848124531098
274 0.097832948901 0.069587656297
275 0.421168809757 0.401706496254
276 0.726510005072 0.727336316835
277 0.602407266852 0.922064521816
278 0.098810786847 0.811621833127
279 0.963596457150 0.062183798756
280 0.479294047225 0.224679823965
281 0.340608713217 0.049284916837
282 0.337666030042 0.358810749836
283 0.620206971187 0.063982823398
284 0.951483853627 0.448894746136
285 0.119515978266 0.400644883513
286 0.846250373870 0.520436787978
287 0.419134489261 0.790738936048
288 0.585244175047 0.641685415991
289 0.638863467146 0.683077123947
290 0.711273072287 0.060032277368
291 0.084783620667 0.437783077359
292 0.787368594203 0.687190887518
293 0.359847599640 0.886179381050
294 0.498812720645 0.323444056790
295 0.948363179807 0.978106768336
296 0.548123880755 0.288971893489
297 0.027391685173 0.885789910797
298 0.647782643326 0.647598656360
299 0.949772734195 0.599266496953
300 0.096493402496 0.069288712461
301 0.999911380466 0.942743776366
302 0.589725500904 0.419045869727
303 0.733482712414 0.174969675951
304 0.060731285717 0.372346180025
305 0.858046800364 0.772004358005
306 0.432378457393 0.942830421031
307 0.209787435830 0.219747051597
308 0.630021308549 0.569635035470
309 0.105926433112 0.128834029660
310 0.893079092260 0.054289612919
311 0.106940797996 0.441202973016
312 0.343261506408 0.134332483169
313 0.326992883813 0.991044149734
314 0.781931139529 0.276765618473
315 0.590310646687 0.878424542025
316 0.346054330934 0.590222027153
317 0.821168318391 0.935779831838
318 0.009267897345 0.554651030805
319 0.110749508254 0.069999183062
320 0.926997210830 0.968796308618
321 0.842003541533 0.359375668224
322 0.911626729649 0.051790977363
323 0.579122720286 0.541648038197
324 0.621426012833 0.685049153399
325 0.670482067857 0.514505105093
326 0.739338766318 0.777422865853
327 0.955708078109 0.082600273192
328 0.911755349021 0.282700961921
329 0.073644422926 0.693686488550
330 0.559466580395 0.663955070078
331 0.572111030575 0.905520911794
332 0.254177097231 0.393279348966
333 0.841300743632 0.263444994576
334 0.947930380236 0.952050251886
335 0.333444178104 0.874927591067
336 0.920846560504 0.175447719637
337 0.234303259756 0.832473290153
338 0.227238697000 0.813425980043
339 0.374121328816 0.848664709833
340 0.498475133441 0.044603396673
341 0.363169814926 0.237813899759
342 0.822026262991 0.318877893034
343 0.320414172951 0.733781612013
344 0.601578854956 0.394058596343
345 0.427468101028 0.161045435816
346 0.058013666421 0.999579131603
347 0.066566347610 0.312190763652
348 0.392858481035 0.907867091242
349 0.575635758694 0.340788861271
350 0.859917343594 0.909079936799
351 0.215716452338 0.780763904098
352 0.084527656436 0.450019712094
353 0.613237194717 0.311766353436
354 0.263445692137 0.987358523533
355 0.160431063268 0.761920825578
356 0.031961920206 0.523600878194
357 0.999734725803 0.853988183197
358 0.842478771228 0.320148898754
359 0.587769795675 0.444057626184
360 0.714207495097 0.015237896703
361 0.605103062000 0.772221161518
362 0.014817028306 0.671669409610
363 0.084411925636 0.407675509341
364 0.579536501318 0.660047684330
365 0.748464370612 0.439453844912
366 0.569127621129 0.964180823416
367 0.220217749011 0.653655277565
368 0.414200535510 0.833454943728
369 0.965421631001 0.677646228112
370 0.820813467260 0.125852694269
371 0.439567053691 0.852775387932
372 0.649453572463 0.439301779494
373 0.706763571128 0.491932343692
374 0.759450678714 0.294533366803
375 0.935989969876 0.473658173811
376 0.309771263506 0.541093032341
377 0.245879335795 0.324588292278
378 0.212762441952 0.330291261431
379 0.732263801619 0.792298943270
380 0.990338945761 0.480728172697
381 0.231752788182 0.559466566890
382 0.444908996113 0.451970537659
383 0.213121844456 0.859109531622
384 0.285425481386 0.178543475457
385 0.536755759735 0.106238949113
386 0.304396169726 0.976322813891
387 0.959014337044 0.953849742189
388 0.415624593385 0.665777908172
389 0.445782085881 0.175075272098
390 0.960311275441 0.381772055756
391 0.648733446375 0.270082538947
392 0.922865088098 0.894612782169
393 0.594670831226 0.135627530515
394 0.224904043600 0.326934633311
395 0.927926473785 0.215242989361
396 0.807662806008 0.159679262433
397 0.774709556252 0.252571802121
398 0.611649800092 0.987831400707
399 0.111681333743 0.897075281478
400 0.166374876164 0.648437093943
401 0.003314230591 0.470771045890
402 0.624759907834 0.962328567635
403 0.424620788079 0.040384501219
404 0.628106476273 0.870402873959
405 0.215459773783 0.588417751715
406 0.252174929716 0.864193220157
407 0.858500290662 0.175040018279
408 0.758806002326 0.453171122354
409 0.310667548794 0.983710045926
410 0.780105755664 0.238594022579
411 0.198953035288 0.587768561672
412 0.398273285013 0.973662591539
413 0.840340363793 0.009923085105
414 0.961493992247 0.952021697536
415 0.906998367049 0.127868868411
416 0.600458791479 0.910312597640
417 0.598639914300 0.225218699314
418 0.872641165741 0.023260702379
419 0.265603200998 0.500747642014
420 0.893663576338 0.481062974781
421 0.089165393729 0.145838506054
422 0.345256194938 0.947665684391
423 0.320878524333 0.104062197264
424 0.400836806744 0.631546073128
425 0.087772243191 0.180942562409
426 0.870140096173 0.286725278478
427 0.768711124081 0.268413381185
428 0.260387870017 0.609051487874
429 0.278336466756 0.221881862264
430 0.561073185876 0.185334833805
431 0.349750730675 0.161531977355
432 0.095647431444 0.948390644975
433 0.386750677135 0.968288597185
434 0.971651347354 0.652353878133
435 0.469036239199 0.865314923692
436 0.133416852914 0.558201632928
437 0.011153429747 0.478673047852
438 0.505867317785 0.332031954546
439 0.582735245116 0.906704124529
440 0.963578027673 0.670507488307
441 0.087646687403 0.833718123846
442 0.957232766785 0.856357811484
443 0.102131505497 0.217620636802
444 0.465409299824 0.380467972253
445 0.439502499066 0.026482485700
446 0.565802806057 0.789253229741
447 0.188014463056 0.661450237501
448 0.737643874716 0.574765140191
449 0.629738835152 0.709295222070
450 0.227119018324 0.098775074352
451 0.574610145763 0.360535871238
452 0.656976707745 0.585763575509
453 0.839208919089 0.162844025530
454 0.917795530055 0.421944164205
455 0.069548150059 0.881373558193
456 0.092451652512 0.157194837462
457 0.715091682039 0.049684419297
458 0.013552649412 0.817223187536
459 0.267305056099 0.478961949237
460 0.197691159789 0.706807555165
461 0.505444434937 0.763493965846
462 0.496060784906 0.693458897993
463 0.424944203813 0.233704659622
464 0.268224038649 0.054683038965
465 0.942999881692 0.495343056973
466 0.153458113316 0.517610027455
467 0.855878928676 0.810434821062
468 0.103373603430 0.695087847766
469 0.973278846592 0.021169133484
470 0.117032012437 0.042826997116
471 0.902542691678 0.209483664948
472 0.200021834578 0.617634374183
473 0.259168084711 0.213574483991
474 0.434857561719 0.526473140810
475 0.692536433227 0.632548721973
476 0.233280696440 0.197980868164
477 0.396042687818 0.729341481347
478 0.891439766623 0.820986891631
479 0.963046141434 0.159663805272
480 0.875669930596 0.906046023127
481 0.655006862246 0.029128044378
482 0.423656051047 0.510885790922
483 0.839562865440 0.527029654477
484 0.205973639153 0.812841712497
485 0.548198787961 0.323005651589
486 0.855668709613 0.450741480105
487 0.532489316538 0.055690544192
488 0.068375854287 0.791657401249
489 0.269265028648 0.503233416006
490 0.318130542524 0.961801461875
491 0.135782137979 0.551411238965
492 0.159782330506 0.531824826263
493 0.280752720311 0.051222097129
494 0.352811717894 0.243798861746
495 0.210885902401 0.228481648955
496 0.149844885338 0.865892764647
497 0.257609693334 0.573500936385
498 0.376778556034 0.097172558773
499 0.100530590862 0.582752195187
500 0.910014271270 0.648729378823
501 0.905757846776 0.765682980884
502 0.099470858928 0.438247163314
503 0.821373525541 0.167846713215
504 0.229904565029 0.090638554189
505 0.671080129687 0.548035107553
506 0.052440016065 0.806862267666
507 0.099446346518 0.212222346570
508 0.338687093928 0.380199066829
509 0.263444443699 0.691498812288
510 0.623997929040 0.474330346100
511 0.919980461244 0.773842814378
512 0.340223111212 0.177590154577
513 0.347343750764 0.717001667246
514 0.274762713350 0.447874341626
515 0.299753862433 0.184776985087
516 0.096603720449 0.205511709210
517 0.950459965970 0.196074579842
518 0.643758872524 0.771833491512
519 0.363921293058 0.873663437553
520 0.862472045701 0.035001422744
521 0.421698545106 0.914912062231
522 0.841863690875 0.521144891623
523 0.127134408802 0.180550784804
524 0.901343958918 0.390578852966
525 0.872049597092 0.525341887958
526 0.864909199066 0.792030058336
527 0.299184702337 0.205132310279
528 0.969620212913 0.646528453100
529 0.922133977525 0.244382926729
530 0.094402794726 0.221887839958
531 0.429159911815 0.191006515175
532 0.427399549168 0.379619877785
533 0.387081095017 0.071158422157
534 0.151453369763 0.751002388541
535 0.944821859710 0.013925415464
536 0.786003811285 0.366520405281
537 0.928837477695 0.627867502160
538 0.887665296905 0.055971886963
539 0.808418287430 0.789009255823
540 0.446550739929 0.680467884522
541 0.314351143781 0.311459938996
542 0.472497943323 0.613535846118
543 0.516592249740 0.442118156236
544 0.260064299218 0.438726227265
545 0.686501082964 0.354467093945
546 0.660614067689 0.115660994779
547 0.545473609585 0.088013616856
548 0.495280873030 0.932554704603
549 0.159172039013 0.646734242793
550 0.683557093143 0.103993899189
551 0.660659658257 0.469560904894
552 0.470514304470 0.589497136418
553 0.097428407054 0.358179601375
554 0.645469023380 0.905846694484
555 0.147188857663 0.092019763310
556 0.586314579472 0.461540001445
557 0.403479702305 0.058812522795
558 0.075075848028 0.920071952045
559 0.500930679031 0.335140147246
560 0.358798179775 0.187431762461
561 0.689607241657 0.019412247464
562 0.303092757240 0.235080851242
563 0.107425864320 0.798373630270
564 0.167635555845 0.266597903799
565 0.445107873064 0.851192649454
566 0.370591802988 0.105767531786
567 0.320753554348 0.841106107458
568 0.695264668204 0.418181961402
569 0.199285708833 0.340733691584
570 0.324028656352 0.346474566497
571 0.432753454894 0.910343235824
572 0.808014568407 0.836233157199
573 0.969155758619 0.883090416435
574 0.756305109710 0.470086437650
575 0.218230563682 0.115103289485
576 0.657518200111 0.907837805338
577 0.134515536949 0.960610957816
578 0.142918656580 0.241941401269
579 0.758984588087 0.310554212891
580 0.508539305069 0.204092461616
581 0.161746862344 0.879131108057
582 0.309859993402 0.482500416692
583 0.720237215515 0.005124661606
584 0.900682378095 0.919522924814
585 0.345858353190 0.224711034447
586 0.265997491311 0.778611808084
587 0.135054270271 0.074012059718
588 0.614844965283 0.104210028891
589 0.957102476154 0.371150074992
590 0.574296467006 0.175333040301
591 0.486253364477 0.231814667117
592 0.083170845639 0.620768901426
593 0.192425624933 0.226089502685
594 0.862710303161 0.951410213485
595 0.536643715575 0.371249608230
596 0.155502675101 0.698390577920
597 0.250380716752 0.465362668503
598 0.180890994612 0.970617932267
599 0.470487330109 0.081573372707
600 0.890140857082 0.816345683299
601 0.306284407619 0.156138348859
602 0.594957491383 0.441338677891
603 0.230150408577 0.209802456666
604 0.545548707247 0.187252885196
605 0.580952532124 0.119845174253
606 0.362585925497 0.067205896601
607 0.351659841370 0.445756771136
608 0.687974798493 0.544085466769
609 0.671846273821 0.550685101654
610 0.495495680254 0.208489989396
611 0.921934709884 0.650998355355
612 0.906880567316 0.172315426636
613 0.116361023858 0.087771561928
614 0.142933359370 0.586848353967
615 0.169344935101 0.033074216451
616 0.403194037266 0.475629342720
617 0.189212565310 0.998151528649
618 0.916968020611 0.419362974353
619 0.207953985315 0.462516727857
620 0.606615859549 0.788906517439
621 0.582361902110 0.969201785047
622 0.856112414505 0.934021743946
623 0.414958556183 0.544087212998
624 0.478107210714 0.086804830469
625 0.094772314653 0.973602890968
626 0.295294819865 0.016707024537
627 0.624601246323 0.202175387647
628 0.189022451639 0.740962270182
629 0.289946949575 0.331955811009
630 0.327810624149 0.459291884676
631 0.365030027460 0.731004661415
632 0.934921227396 0.554242593236
633 0.729156190064 0.851889248472
634 0.973605567589 0.937110175379
635 0.314405976329 0.580221427139
636 0.726016693283 0.896767878905
637 0.549423212186 0.582129107788
638 0.830789622851 0.964381768368
639 0.126216320787 0.308896833565
640 0.051186598837 0.220988635439
641 0.282499724533 0.346481419168
642 0.237695659976 0.907100970857
643 0.548656806815 0.426718111616
644 0.648063241038 0.838603756391
645 0.758673922624 0.975873865187
646 0.297895641532 0.123703950550
647 0.706878526602 0.232816868927
648 0.677946543787 0.436034716666
649 0.084706117399 0.651552111376
650 0.373144892044 0.399112094194
651 0.231773538515 0.099161585327
652 0.295879973099 0.781196750700
653 0.681290693115 0.126669595949
654 0.745578519069 0.807507013902
655 0.435566429514 0.796765118372
656 0.028495649341 0.718066154048
657 0.143246537540 0.266191309784
658 0.625167124905 0.691903344356
659 0.692909421399 0.273230365943
660 0.530507100746 0.451583344489
661 0.249104231130 0.828402742278
662 0.575287295040 0.955982757732
663 0.061219611671 0.253233838826
664 0.392017474398 0.145925729070
665 0.904785950202 0.765162366442
666 0.545037823264 0.136559488717
667 0.864323952235 0.840917796362
668 0.917756239418 0.545614645351
669 0.967587392312 0.663334758487
670 0.353121659718 0.403153821826
671 0.460099876858 0.381617309060
672 0.121219975874 0.603346414398
673 0.647808618844 0.746387100779
674 0.295249758754 0.340718040708
675 0.019617466722 0.825756859966
676 0.792301385198 0.268721697852
677 0.654159602243 0.367588680238
678 0.224704455584 0.715379213914
679 0.620822519064 0.616721929982
680 0.861304943450 0.525608469266
681 0.381884296890 0.406342766713
682 0.662167957984 0.246208249126
683 0.247260563541 0.579924197402
684 0.791822894476 0.214847955853
685 0.243258955888 0.144944554195
686 0.618001778144 0.703358833212
687 0.526561863720 0.739221754018
688 0.306705247611 0.174370482564
689 0.485608855262 0.601955006830
690 0.515088523272 0.505226321984
691 0.427711866796 0.307389908470
692 0.773948020302 0.081871469039
693 0.674978588708 0.998652475886
694 0.797250683419 0.295801107772
695 0.615374406334 0.658555626869
696 0.821409577038 0.997258703224
697 0.064898393583 0.483577535022
698 0.243466952350 0.312158957124
699 0.063501732424 0.035289846826
700 0.527006913442 0.306760688778
701 0.180234401487 0.145008691587
702 0.010119521990 0.706796265207
703 0.884230445605 0.316824769601
704 0.881166747771 0.369839300867
705 0.918779776432 0.396255271509
706 0.875065623317 0.346491643228
707 0.703645179980 0.649013643619
708 0.428363112733 0.378623769153
709 0.647666119505 0.225613796152
710 0.674424876925 0.263040525839
711 0.884169423021 0.495834454428
712 0.260299229063 0.949067816604
713 0.979411989450 0.503766181413
714 0.261226774193 0.042913722340
715 0.539056028705 0.788233687636
716 0.349674411118 0.719290430192
717 0.933242379222 0.359793933108
718 0.426086695399 0.817472824827
719 0.676618702710 0.307253443170
720 0.187312126160 0.595398479607
721 0.703508714680 0.062377749477
722 0.941890122835 0.407153895125
723 0.711391393095 0.370253235567
724 0.785777664278 0.359057512600
725 0.595867031720 0.460202541202
726 0.622098038904 0.480036454741
727 0.956036995631 0.882397267967
728 0.429104271811 0.935448985547
729 0.386163449846 0.690331046004
730 0.978362707887 0.925219478551
731 0.478564733639 0.328037119005
732 0.644509908743 0.411807112861
733 0.687831052113 0.070596604142
734 0.229279937688 0.364449754823
735 0.377850047313 0.416592063848
736 0.959848234430 0.081358762458
737 0.478969813325 0.901738357730
738 0.488512657583 0.190361206420
739 0.271991593298 0.274290321860
740 0.549418719485 0.867858625483
741 0.734492863063 0.171516758390
742 0.347895080224 0.690529859159
743 0.053914026357 0.776999352034
744 0.625978844706 0.440077476203
745 0.467330398038 0.604341552593
746 0.365296954755 0.945895131677
747 0.932378671598 0.009806863498
748 0.357702244539 0.620209723711
749 0.080403467640 0.586982182693
750 0.984659478534 0.458253515419
751 0.003574246541 0.944507713430
752 0.539612277877 0.482544060331
753 0.846246071160 0.028124935459
754 0.672905266751 0.118237664457
755 0.302415257320 0.222323986236
756 0.986096289940 0.036908120383
757 0.393840744626 0.333991370630
758 0.727437979542 0.447754771449
759 0.110990722664 0.353416824248
760 0.887832247652 0.578321121167
761 0.957758376841 0.253129202873
762 0.524216252845 0.890137048438
763 0.262936066370 0.881918497849
764 0.510346772149 0.343339534476
765 0.468900680542 0.495006251149
766 0.801593049895 0.472474927083
767 0.439513964579 0.341205327772
768 0.955018987413 0.285760035738
769 0.369330263231 0.627924254630
770 0.403997700196 0.671745520551
771 0.850248240866 0.390093990602
772 0.708653640933 0.244088985957
773 0.724085361231 0.436091620941
774 0.691843757406 0.835076083895
775 0.789508445188 0.579676005058
776 0.413397205062 0.747266822495
777 0.832805207931 0.937613458373
778 0.637403870933 0.095741274767
779 0.819531956222 0.147750643548
780 0.439080809243 0.288432636764
781 0.642756894697 0.240673859138
782 0.760907563847 0.082270859275
783 0.581879186910 0.715926551726
784 0.368030895013 0.951209450141
785 0.343850806355 0.772028595209
786 0.622954970691 0.194099047221
787 0.162122585811 0.331608611625
788 0.438188033178 0.886207947042
789 0.767700232565 0.130031790584
790 0.721284031402 0.557208678219
791 0.709707796108 0.134681236465
792 0.304475500714 0.542513004038
793 0.072294694837 0.941879371647
794 0.638254278805 0.891826651059
795 0.089630015194 0.077335088048
796 0.180259287823 0.732386909891
797 0.318008947186 0.941166852135
798 0.814657769166 0.899888134096
799 0.657093403861 0.182688664179
800 0.851097584236 0.000944210216
801 0.954717259854 0.474052554928
802 0.195043257438 0.116839845665
803 0.805661167018 0.633231291082
804 0.003047793172 0.573361399584
805 0.763263081666 0.724331824575
806 0.130570077803 0.472970877774
807 0.859013061039 0.435045578517
808 0.015483882278 0.931307756342
809 0.376924950629 0.653738161083
810 0.823134407401 0.466554965824
811 0.731073249597 0.003393695690
812 0.198941876180 0.049082196783
813 0.944560547825 0.013599645346
814 0.948970331345 0.601653951686
815 0.196288309991 0.800067915581
816 0.602598161902 0.151005569845
817 0.274120470975 0.797641419340
818 0.267845415510 0.079781637993
819 0.430872710422 0.270893208683
820 0.653143037576 0.194135792553
821 0.995225033257 0.783713115845
822 0.667106670327 0.854238094762
823 0.218758694362 0.682590552606
824 0.785545851104 0.595683644991
825 0.336328714155 0.608680258505
826 0.062238611281 0.067401963752
827 0.612073954195 0.261180487461
828 0.116484160535 0.556634502020
829 0.274780132808 0.065454491880
830 0.158288453706 0.471068442799
831 0.865522407927 0.760886615608
832 0.622074012645 0.139642878901
833 0.558528035413 0.889919428620
834 0.219424516894 0.989400745835
835 0.160812637303 0.872567554470
836 0.183536538389 0.156037671026
837 0.656280670315 0.850643209182
838 0.010275765788 0.875039365143
839 0.533233761787 0.795821616892
840 0.470723010134 0.869562475942
841 0.404501875397 0.532961621415
842 0.936964439694 0.016575830057
843 0.794142108876 0.053448600695
844 0.573210332077 0.068922242150
845 0.118903092574 0.731498786248
846 0.539990684949 0.984425500501
847 0.492385401856 0.162064698059
848 0.124068379402 0.050913437270
849 0.051984126680 0.343492896296
850 0.040314183570 0.212796763983
851 0.216060451232 0.223850721959
852 0.368834435008 0.872341121547
853 0.074493931141 0.379110200796
854 0.747380486690 0.607727693394
855 0.174931817688 0.218103497289
856 0.477290169336 0.579433693551
857 0.751065118704 0.414254609495
858 0.596009523608 0.545207228046
859 0.467703210190 0.169219855685
860 0.614129470196 0.586606302764
861 0.900718641933 0.154120155144
862 0.571031803731 0.393104044255
863 0.316184853204 0.695100183133
864 0.444017481524 0.368168979883
865 0.038593079895 0.484331665095
866 0.580965744331 0.254653531127
867 0.708182387520 0.949800179340
868 0.126994652674 0.782676318660
869 0.328910380602 0.874375139829
870 0.390404012054 0.503842198290
871 0.092478637118 0.867694181856
872 0.083275891840 0.843543755822
873 0.281948791351 0.679285415448
874 0.388750983868 0.749652001541
875 0.848505271599 0.002880454063
876 0.336258304305 0.749223913532
877 0.157000609674 0.907290108036
878 0.142327957787 0.473185462877
879 0.602390291635 0.586345439777
880 0.841354443226 0.640983371530
881 0.070677104872 0.422320187557
882 0.895636902656 0.778859492391
883 0.372120366897 0.022631555330
884 0.561535811517 0.701030747499
885 0.897006695159 0.951939823572
886 0.204872946255 0.989485332277
887 0.819634005427 0.288148838095
888 0.833029088564 0.101582796779
889 0.967434254009 0.221780072432
890 0.851234798320 0.815939525608
891 0.224660526961 0.187493103091
892 0.565163439140 0.381661136635
893 0.094783211127 0.707491397392
894 0.854846599512 0.697173502762
895 0.293836837169 0.696201042738
896 0.338156874292 0.364513942041
897 0.118521230295 0.233793776948
898 0.143373434898 0.490641597658
899 0.256425332744 0.704909246415
900 0.191672345158 0.153432027902
901 0.656849069986 0.396545291413
902 0.142917360645 0.476483075880
903 0.684694129974 0.975946449209
904 0.578065872658 0.652128383983
905 0.197726521641 0.429300671443
906 0.468067909591 0.422387048602
907 0.616793774534 0.033231348731
908 0.804048185237 0.711576985661
909 0.740722746123 0.658894785214
910 0.408750488888 0.034559583291
911 0.355095827952 0.746907363180
912 0.399073525798 0.473617058713
913 0.980701140594 0.542446960695
914 0.964258656371 0.237126473337
915 0.247356207110 0.155931001529
916 0.390558501240 0.904205277096
917 0.552476293407 0.533475861885
918 0.380688352976 0.237170423381
919 0.509422311094 0.958754226100
920 0.889298807364 0.707148833200
921 0.388054897543 0.357366716955
922 0.129535881802 0.004848672077
923 0.390598065685 0.933584067505
924 0.716425657738 0.131320812274
925 0.592478852719 0.125176146626
926 0.165880395565 0.947574680671
927 0.872083510272 0.564953921363
928 0.421191739384 0.852784650866
929 0.107400882058 0.385450395755
930 0.089911124203 0.354757089168
931 0.541381397750 0.480469625443
932 0.258962366730 0.093857691158
933 0.013945487794 0.639650719706
934 0.331028114539 0.523367798887
935 0.598404945806 0.220326921903
936 0.230516632088 0.986459843349
937 0.577693638857 0.360052514356
938 0.991308515426 0.968291704543
939 0.293636581860 0.707734173629
940 0.099612516817 0.886115434580
941 0.832910320256 0.265492912848
942 0.833690115251 0.704993830528
943 0.830446834210 0.254881855100
944 0.557778481394 0.937847716734
945 0.640332250856 0.647689605597
946 0.292604805902 0.181713648606
947 0.128159231506 0.551567172632
948 0.275571339764 0.142104719300
949 0.191217892803 0.606599454302
950 0.665472518187 0.789622838609
951 0.826926376205 0.895989150740
952 0.776082682423 0.404620015062
953 0.256041665096 0.767391197849
954 0.372911720071 0.549678246956
955 0.475125371478 0.472524236888
956 0.435793681536 0.308035692200
957 0.738017149735 0.269483796787
958 0.013029522728 0.568463984411
959 0.524365651887 0.570808004588
960 0.506311701145 0.164697903208
961 0.218497610185 0.798916507047
962 0.346411551815 0.346656841692
963 0.350483680144 0.621982892044
964 0.488761560991 0.541701572947
965 0.228582346346 0.154234079644
966 0.331324411556 0.055508723017
967 0.050223230384 0.107407093979
968 0.460128738079 0.306264895480
969 0.874798292294 0.833040458150
970 0.855943142436 0.349923663773
971 0.305564695504 0.291736823972
972 0.657959355973 0.043581845239
973 0.561220620759 0.670988879167
974 0.612045829650 0.085586273111
975 0.241796883754 0.118357530795
976 0.250284176320 0.460294493940
977 0.917274038307 0.596695728134
978 0.806951336097 0.267757718451
979 0.218678620178 0.295712897088
980 0.809459291399 0.447260966990
981 0.449946976732 0.140783702955
982 0.502769690007 0.500170207117
983 0.248190797400 0.962898428086
984 0.806435102597 0.122989089694
985 0.795938886702 0.662378245033
986 0.472912753467 0.101503582206
987 0.954115069006 0.130872109905
988 0.145085427444 0.515335690230
989 0.801860989071 0.757131257560
990 0.600921963342 0.043657872826
991 0.875488788355 0.851206139661
992 0.503952366766 0.792762826663
993 0.447901867796 0.310903702863
994 0.060520545114 0.666580488440
995 0.606616600417 0.869979836512
996 0.113841455430 0.056563577149
997 0.010763539933 0.616611145437
998 0.556733784731 0.258954337332
999 0.579509573523 0.363168887328
