100
900
0.060000
0 0.197186892387 0.350963759236
1 0.586314698216 0.553739478812
2 0.010287708137 0.478788300883
3 0.001205920242 0.517329622060
4 0.202554939315 0.160192437936
5 0.590848447289 0.034094093833
6 0.292608241085 0.924099102616
7 0.063973648939 0.283385487739
8 0.738970499020 0.364426723216
9 0.586704083253 0.176042707637
10 0.656196743716 0.260792150628
11 0.504277111962 0.651313332375
12 0.315963377710 0.757106120232
13 0.117049705237 0.874551883899
14 0.229944440536 0.417203884106
15 0.229731248226 0.427131333388
16 0.768167643342 0.816045946442
17 0.980870812200 0.778455351945
18 0.294834247325 0.982076732907
19 0.295784974005 0.497389186639
20 0.142269170843 0.886633421760
21 0.531483280472 0.434877411928
22 0.810732524376 0.595456929412
23 0.718262899667 0.549703023396
24 0.959883652627 0.304966983385
25 0.725745731499 0.616080396343
26 0.565759134013 0.230022843461
27 0.267393728718 0.881722512189
28 0.987128964160 0.384443433955
29 0.756274396088 0.217073404696
30 0.801647318061 0.986005644314
31 0.644204738084 0.569814961869
32 0.802051591221 0.625075550750
33 0.348270313814 0.096885838546
34 0.607152283657 0.644055287819
35 0.594275025651 0.749421454500
36 0.530688709579 0.125758306123
37 0.184298866894 0.341421233956
38 0.721215236001 0.902561766561
39 0.891124257818 0.681098888628
40 0.207528749947 0.616869989317
41 0.297179285437 0.773287884425
42 0.846892832778 0.564573014155
43 0.655010396615 0.834021796938
44 0.949016448576 0.411284792703
45 0.051095202100 0.750663766637
46 0.397290437017 0.695299940184
47 0.320478728507 0.199342028238
48 0.320375490934 0.668749042321
49 0.296227867249 0.927527774591
50 0.312804330606 0.890502892900
51 0.676949229557 0.843493040185
52 0.016261199024 0.861248096451
53 0.184914274607 0.737476435024
54 0.763809863012 0.076038532425
55 0.418575324118 0.971338613424
56 0.692908521742 0.715754609555
57 0.744626497850 0.539801354520
58 0.280327623710 0.399636894464
59 0.373823151924 0.229344072286
60 0.810921687167 0.424918354023
61 0.980007839389 0.208212124184
62 0.120218294207 0.300486567896
63 0.407554152887 0.440593785606
64 0.969235610683 0.703782020137
65 0.368121560197 0.282039941289
66 0.594284913037 0.045070789754
67 0.125532981474 0.610546112061
68 0.906318886206 0.310447256081
69 0.348022547550 0.670128749683
70 0.386485788506 0.766597871669
71 0.641467363108 0.079394310247
72 0.482352481224 0.386093860958
73 0.619195665233 0.762680104934
74 0.785730755422 0.993018817157
75 0.992024177685 0.596652442589
76 0.417937171180 0.972032017075
77 0.804864566773 0.538155465387
78 0.272518584970 0.212418719660
79 0.978749250993 0.241754195653
80 0.916200739797 0.346870811656
81 0.523794136941 0.510485652834
82 0.391941601411 0.649327118881
83 0.121031765360 0.298260488082
84 0.959774374962 0.469054312911
85 0.968389237765 0.346260163933
86 0.235652184580 0.609856600873
87 0.425654474180 0.718004665803
88 0.995950461831 0.044850139413
89 0.480684770737 0.781681217253
90 0.037868956570 0.472708948422
91 0.378333659843 0.455806127749
92 0.444740965497 0.183198226616
93 0.993961593602 0.717259550933
94 0.395616946742 0.972710844595
95 0.959013746586 0.311817686539
96 0.319581656251 0.482807883993
97 0.822303339839 0.711523258127
98 0.132135002874 0.943335105199
99 0.009783746209 0.091909377836
100 0.412389418110 0.978172983974
101 0.438169541769 0.648041602690
102 0.588029584847 0.863824016415
103 0.366046268493 0.583980046678
104 0.908674155828 0.846731039230
105 0.365661263932 0.946543112863
106 0.319439988118 0.743994923774
107 0.402349240612 0.764180953614
108 0.927193150390 0.396310834214
109 0.481440504547 0.322810097132
110 0.369021679275 0.440454251599
111 0.634627784137 0.688603335526
112 0.923262135591 0.456931123976
113 0.400126593653 0.055397138465
114 0.400266229175 0.409910339862
115 0.147306516301 0.812655647285
116 0.388083323836 0.585476058535
117 0.460697249975 0.976112908684
118 0.449300074950 0.826743518468
119 0.560092955362 0.357974230777
120 0.673474557698 0.925754219294
121 0.304517343640 0.992914545815
122 0.669749143068 0.706866584718
123 0.757095499896 0.596942293923
124 0.103177418932 0.238536004443
125 0.919752391055 0.472199098207
126 0.678990256041 0.554380175192
127 0.160802434199 0.602252391633
128 0.011311299168 0.560929027852
129 0.657649530098 0.411577528343
130 0.970839368179 0.804956046864
131 0.224233175628 0.358922692016
132 0.390432105400 0.684930425603
133 0.335035601165 0.839732180350
134 0.511673944071 0.895128556527
135 0.197706411127 0.185148502234
136 0.820882776286 0.502223755233
137 0.178063048050 0.490631919354
138 0.209090339951 0.935158547945
139 0.087574213278 0.312267758884
140 0.173694552854 0.007326604798
141 0.784466857556 0.852684808895
142 0.561706779990 0.945269291755
143 0.454937200993 0.573018079624
144 0.506198319606 0.112586731091
145 0.984595607966 0.477037687786
146 0.917542777956 0.208828784060
147 0.835960380267 0.307974883355
148 0.893759209663 0.170995981432
149 0.147707063705 0.405433154199
150 0.066124537960 0.345413475297
151 0.590581656434 0.887007314246
152 0.847637230530 0.768644704483
153 0.377639234066 0.056727570482
154 0.703803252894 0.465213447344
155 0.368995329365 0.877497805748
156 0.472540052142 0.153462186921
157 0.730182614643 0.034246832598
158 0.098731478676 0.185119815636
159 0.607264912222 0.604929798748
160 0.297706547193 0.591860520188
161 0.081967486534 0.215249325149
162 0.800689304247 0.917927866802
163 0.523224208970 0.694448514376
164 0.088923848234 0.670931272674
165 0.099881668575 0.155048386659
166 0.016344747972 0.690463325009
167 0.042055700906 0.863981978502
168 0.459108029492 0.419694934972
169 0.920709548984 0.162911282387
170 0.884908382781 0.289704878815
171 0.040409088135 0.357448434923
172 0.443167065736 0.770591703244
173 0.391695267521 0.541898544878
174 0.955711518880 0.998960179742
175 0.146828343626 0.253418066073
176 0.590820700396 0.228795830160
177 0.468667391688 0.391510004643
178 0.146723697428 0.991891600657
179 0.085958519019 0.235647545662
180 0.662822873332 0.185840187594
181 0.390695932321 0.679167621769
182 0.876303512603 0.432751633693
183 0.543149600271 0.335411542561
184 0.852446568664 0.463859149721
185 0.498322824948 0.737354951445
186 0.753564028535 0.538731913548
187 0.094803386834 0.196731094271
188 0.309323616792 0.486498654354
189 0.738629639149 0.265035135671
190 0.485458834562 0.885457982775
191 0.518453202210 0.076279534958
192 0.114253813401 0.987120593898
193 0.467789539602 0.260977510829
194 0.979012194555 0.553748059087
195 0.496625056490 0.641835067887
196 0.739588246681 0.887320989277
197 0.321002689656 0.615891759750
198 0.320072622970 0.864152290393
199 0.951303302310 0.172519191634
200 0.328011440113 0.449626127258
201 0.909874143545 0.081575468648
202 0.988358040806 0.004677530378
203 0.278306562919 0.297681657597
204 0.491176184732 0.016936202534
205 0.562716793735 0.976635019295
206 0.902394185308 0.081169995945
207 0.052914554253 0.016647998709
208 0.068290589843 0.520704094321
209 0.277625509538 0.047302784398
210 0.074452153407 0.774250566494
211 0.689137852285 0.814040400088
212 0.661571555771 0.010140542407
213 0.429932159837 0.981644178741
214 0.874292832799 0.381235462148
215 0.154163370375 0.202304272912
216 0.830861589871 0.064037513919
217 0.283879741561 0.819219630677
218 0.068715044297 0.562186304480
219 0.116901288740 0.559891229495
220 0.579122507013 0.679618082475
221 0.536526248790 0.481516692787
222 0.760788078420 0.589440803509
223 0.498164691497 0.829078668263
224 0.110144897830 0.775790201500
225 0.876381452661 0.184597051237
226 0.550040767994 0.565519304946
227 0.998637451325 0.211612323765
228 0.575659847353 0.428569611628
229 0.193256502505 0.449952680152
230 0.809805073775 0.347419872880
231 0.652256953064 0.640666663647
232 0.411457387265 0.936136694625
233 0.459886294790 0.480172431562
234 0.498322999571 0.576787583530
235 0.040063661058 0.077445506584
236 0.256405666005 0.576589910313
237 0.558962199371 0.017193744425
238 0.166030713823 0.057126891334
239 0.846272412688 0.276175611652
240 0.832917092834 0.722653865349
241 0.460772662889 0.382957860827
242 0.288173170295 0.459410114214
243 0.594570184592 0.863833018113
244 0.887979725841 0.787826687098
245 0.313785698265 0.697784800082
246 0.135246559978 0.966042651795
247 0.338451463729 0.546703947242
248 0.902179346420 0.798337758519
249 0.026876379270 0.400502345990
250 0.375125342049 0.066940040328
251 0.477947853040 0.631531008054
252 0.643529950641 0.036910052411
253 0.648724752478 0.809560664464
254 0.094036943745 0.494997165166
255 0.085736276116 0.926954036579
256 0.217651030514 0.546508939005
257 0.309911897406 0.505824201275
258 0.005919053685 0.904482081998
259 0.369657219388 0.893898779526
260 0.692308769096 0.683442917652
261 0.591683579609 0.827555329539
262 0.649485569447 0.930135043804
263 0.374259276781 0.551664916333
264 0.728472802322 0.401135656051
265 0.952167262323 0.103598144837
266 0.468075696845 0.430115115363
267 0.735129152890 0.111605647486
268 0.467025168240 0.383853905834
269 0.921166312415 0.561062111985
270 0.878851071000 0.006902588531
271 0.488016149029 0.096502101980
272 0.553411528002 0.797928046435
273 0.602326303255 0.559330581687
274 0.702410128899 0.971983522642
275 0.453229361214 0.394718897995
276 0.655426440295 0.044912941288
277 0.222274227533 0.304912010208
278 0.975047985092 0.596533504780
279 0.856576926541 0.703520787414
280 0.997669160832 0.808744188864
281 0.807118932251 0.465744857676
282 0.238859304693 0.542248085607
283 0.577350505628 0.705884472933
284 0.926101991441 0.498516818043
285 0.266946584918 0.804953062441
286 0.505419406574 0.754962733947
287 0.901455164421 0.058830934577
288 0.552890780848 0.503781467676
289 0.618161516264 0.255300909746
290 0.475764990319 0.071390877943
291 0.650019807741 0.131191431079
292 0.116303819232 0.872294035740
293 0.436103441287 0.091351804323
294 0.468827540521 0.292680367827
295 0.794872591738 0.466496701352
296 0.101424556691 0.601991524454
297 0.932241559494 0.340283861384
298 0.144239610061 0.509592065122
299 0.046168334316 0.070341601502
300 0.008108883165 0.313114919700
301 0.875294663943 0.513528289739
302 0.068077653646 0.776749828830
303 0.572359224781 0.620968434494
304 0.280531296507 0.190520741045
305 0.876269344240 0.756296287291
306 0.261911618989 0.526289152447
307 0.887487718370 0.378215438221
308 0.398583188187 0.323591159657
309 0.469567242544 0.867410728708
310 0.616271527484 0.264439834747
311 0.333907430060 0.717696084175
312 0.866431359202 0.266148989554
313 0.057979946025 0.010670969263
314 0.775741054676 0.104148280341
315 0.081012570765 0.783849937841
316 0.417263200041 0.956307234708
317 0.297378228046 0.485340854153
318 0.733057063539 0.869737452827
319 0.106309288647 0.013588360511
320 0.060258193873 0.982578633353
321 0.769884647802 0.322169813327
322 0.508867785800 0.657372366171
323 0.700385251548 0.907450973988
324 0.980963525828 0.169952494558
325 0.774861702695 0.597235053312
326 0.434392329305 0.108769132756
327 0.314931137487 0.300823688507
328 0.374918122776 0.372911083512
329 0.311494657770 0.150659177452
330 0.477059364319 0.392507228535
331 0.934509115759 0.894322564360
332 0.348814463243 0.231887343805
333 0.379663418513 0.081871527247
334 0.101624796633 0.485972707625
335 0.095459887758 0.161882990506
336 0.468551340979 0.865344535559
337 0.484052803833 0.977419126779
338 0.522716901731 0.184438055847
339 0.884870100766 0.503680427559
340 0.354390550405 0.659731803462
341 0.100915480871 0.788782879710
342 0.768500936218 0.415846618358
343 0.089606568217 0.143419058993
344 0.788757702336 0.401101225987
345 0.294078236911 0.265817066655
346 0.793608454522 0.228587352671
347 0.160139631014 0.142422917765
348 0.460474696476 0.539803049993
349 0.224294445012 0.562099493109
350 0.025775757618 0.319754332770
351 0.723982483614 0.494327098597
352 0.185098868329 0.208035287913
353 0.471746225376 0.707815770060
354 0.392473343760 0.356616326142
355 0.211496197619 0.746863894165
356 0.016348129604 0.312411678489
357 0.535646773875 0.784849065822
358 0.728258297313 0.625253342092
359 0.928268125281 0.517015999649
360 0.026354568079 0.222346362192
361 0.782833066303 0.819963022601
362 0.450933714863 0.942972697318
363 0.962385940365 0.911408411339
364 0.482775747310 0.186680385843
365 0.473507904448 0.508551504929
366 0.506434718613 0.197490388062
367 0.002878603525 0.691533587407
368 0.405525675975 0.474624828901
369 0.399349357467 0.797999019735
370 0.831241155043 0.610845555551
371 0.544862913899 0.847589284647
372 0.923257234041 0.080509687774
373 0.632438350935 0.651515531354
374 0.705763029866 0.560706476215
375 0.168531531002 0.732117597945
376 0.783052838407 0.951364597306
377 0.552080620546 0.233986553270
378 0.894337295089 0.514466561377
379 0.145394964609 0.377113042399
380 0.701146947220 0.618902869057
381 0.885664547794 0.207581665833
382 0.816393257119 0.888543151319
383 0.899115253240 0.221918933559
384 0.363167980686 0.298464611173
385 0.019917953294 0.194409135729
386 0.909310166724 0.564780867659
387 0.041998420842 0.832567400765
388 0.645290555432 0.674436771777
389 0.484082932584 0.351053585764
390 0.235143247992 0.652614463586
391 0.083171183709 0.018196086399
392 0.603979061358 0.635251804721
393 0.252182639670 0.498316356447
394 0.149718366098 0.397577604279
395 0.875429398846 0.850865313318
396 0.016480473336 0.761093946639
397 0.058446979150 0.832873730455
398 0.649637098424 0.957562232856
399 0.054792664014 0.012805079110
400 0.256026844028 0.074710617773
401 0.207214214839 0.165337010752
402 0.639491485432 0.249212635681
403 0.997904411517 0.284782040864
404 0.923649407458 0.481987344101
405 0.635835626628 0.158792655449
406 0.134601808153 0.719006810803
407 0.176988741849 0.738580869511
408 0.354258615524 0.429171381518
409 0.236897225957 0.503976981621
410 0.826748985797 0.112326624803
411 0.354842294939 0.843229459133
412 0.873420571908 0.413289274089
413 0.676103190053 0.523057670332
414 0.370851506945 0.730895854067
415 0.535862749442 0.626878350973
416 0.805606471840 0.743076964281
417 0.792215361726 0.445097957272
418 0.992289600428 0.790119773708
419 0.729879998602 0.915939007886
420 0.272107117809 0.365715625230
421 0.074731663801 0.406708925962
422 0.084722436033 0.251720405649
423 0.145289795473 0.438981051557
424 0.680891787633 0.382187021431
425 0.942958033178 0.507640773430
426 0.494513646699 0.297800328117
427 0.350870233029 0.367934218608
428 0.711089602672 0.026973423082
429 0.890991888940 0.081941109616
430 0.757869277149 0.426854638383
431 0.708819461055 0.563475749455
432 0.169931602664 0.501034822781
433 0.008573706727 0.162221203092
434 0.291154596489 0.738453705329
435 0.078160211444 0.563261714764
436 0.104169331025 0.152891875245
437 0.969970640726 0.188891767059
438 0.404612280894 0.115260436665
439 0.627872819081 0.085504068527
440 0.497447458096 0.570830852259
441 0.593144842423 0.991961104795
442 0.868631180841 0.944015075453
443 0.359895323403 0.579720783513
444 0.970988498535 0.250887212344
445 0.661661893129 0.728857775684
446 0.677741850726 0.370481354184
447 0.292333525140 0.847673453856
448 0.871516177431 0.300907232333
449 0.009894656949 0.162670773920
450 0.039360937662 0.088054868393
451 0.725932488684 0.143530268688
452 0.240946743637 0.695903129876
453 0.332422036212 0.645559024997
454 0.811163566541 0.960294855293
455 0.731063093524 0.308611024637
456 0.531125707552 0.324207935948
457 0.300572129898 0.399756888393
458 0.268223011401 0.660467453301
459 0.979477671906 0.239211509936
460 0.911354666110 0.641139565501
461 0.968069286086 0.589096516836
462 0.011620919686 0.260402811226
463 0.436769970693 0.883137097117
464 0.561310043558 0.446664628107
465 0.045807871502 0.600670981687
466 0.534719496500 0.771740360186
467 0.744201250374 0.775666240603
468 0.467643490061 0.076623286586
469 0.421225265600 0.278807056602
470 0.036918141879 0.152288359124
471 0.587418081705 0.568043849897
472 0.476496295538 0.887990211602
473 0.967800738290 0.744719306938
474 0.548457664903 0.947278410662
475 0.983930817340 0.459812331013
476 0.588417976163 0.952000103425
477 0.048908848315 0.600038895849
478 0.212402914651 0.485678819008
479 0.483175993431 0.773712958675
480 0.932343447115 0.528983864933
481 0.374383940361 0.467062944081
482 0.300724225119 0.118585190736
483 0.242729184683 0.768367715646
484 0.195208477788 0.663954450283
485 0.047174772248 0.232126619667
486 0.816242809407 0.634592853952
487 0.800170469563 0.292739104945
488 0.522583065554 0.767971208319
489 0.037458412349 0.071040730923
490 0.715249618981 0.021389229689
491 0.530853061937 0.303667595144
492 0.973389333114 0.579761910252
493 0.903706490993 0.185792247765
494 0.065440729726 0.386882484425
495 0.959505206440 0.997784176841
496 0.915866349358 0.333889146801
497 0.464847120922 0.216590574943
498 0.452474338003 0.707576305605
499 0.984958290588 0.647682815790
500 0.371530755889 0.032133062836
501 0.879809435457 0.187773565762
502 0.666725917254 0.679979905486
503 0.480512670707 0.189308982808
504 0.447951113805 0.517971083056
505 0.260349713732 0.163200732786
506 0.539360312745 0.791202776134
507 0.466868327931 0.512749645859
508 0.370964686386 0.370574818924
509 0.698541894089 0.436405416112
510 0.757457303815 0.658047100529
511 0.434189593419 0.673323653173
512 0.991936247796 0.899036714341
513 0.889914228115 0.444410585798
514 0.606613020413 0.874872518703
515 0.092093401588 0.978143776301
516 0.907005582005 0.971902837045
517 0.165917342063 0.573731499258
518 0.651882742532 0.646430013236
519 0.763040482067 0.099833856337
520 0.164401096292 0.023390196264
521 0.263034589123 0.703761409502
522 0.814592972398 0.729902917054
523 0.216511055361 0.185557658784
524 0.100477736443 0.915052949451
525 0.621963075362 0.857935040258
526 0.573100050446 0.056152668782
527 0.531258693431 0.565036298241
528 0.955189383123 0.421172922011
529 0.009446884040 0.561802403536
530 0.296045440715 0.101540285628
531 0.539946180303 0.203051022720
532 0.073443122674 0.705863522366
533 0.776782521978 0.725325865671
534 0.352293535601 0.539823004510
535 0.825159722008 0.516694632359
536 0.563213200774 0.088194311596
537 0.220456041861 0.377806173172
538 0.818097228650 0.436967097223
539 0.563363831956 0.918574965093
540 0.352020047139 0.185326907318
541 0.776510005351 0.925120097585
542 0.241479576100 0.307768699247
543 0.490156395826 0.196668959688
544 0.728941621259 0.499603279866
545 0.758471363224 0.024987061974
546 0.601143565495 0.298417543527
547 0.228038085159 0.674586688168
548 0.004281066358 0.004820607137
549 0.399912553839 0.356574601959
550 0.544643611647 0.225072276313
551 0.873269234318 0.107856812421
552 0.313266587909 0.093725276180
553 0.485662985593 0.131363816559
554 0.530692373868 0.049026818015
555 0.049938782118 0.882712421007
556 0.234353725333 0.826448787469
557 0.807832518592 0.475833301898
558 0.134217486717 0.297988914419
559 0.672502261586 0.863159107976
560 0.797592194285 0.430973624811
561 0.888146170415 0.398735759780
562 0.729391168803 0.116184255574
563 0.073322447948 0.733672235161
564 0.121004862711 0.473235002253
565 0.090246837121 0.665648474824
566 0.698307278566 0.963516071904
567 0.773505287245 0.011573866475
568 0.057241348084 0.259168273304
569 0.142937683035 0.587933721952
570 0.308195091318 0.192876465153
571 0.470646142960 0.542548816651
572 0.019325253088 0.278478661552
573 0.018382118549 0.153542739805
574 0.576467575971 0.690884380136
575 0.016701848246 0.374059770256
576 0.121858005412 0.904848018661
577 0.772795530036 0.851249174215
578 0.021032274235 0.846117978450
579 0.584921409376 0.142037136946
580 0.319352980703 0.675168246496
581 0.807685611770 0.017660259269
582 0.638684318401 0.581190899480
583 0.029234125745 0.695925666951
584 0.840359172784 0.172171808779
585 0.283859388903 0.148554264102
586 0.365048274398 0.754505532328
587 0.691103080753 0.384373527486
588 0.032984193880 0.709485199768
589 0.537916267291 0.609451770317
590 0.400369579904 0.554618115537
591 0.983511540573 0.522227585316
592 0.459466134198 0.756307071075
593 0.373476759531 0.480498408433
594 0.602425049525 0.958398168907
595 0.622535545845 0.921778030228
596 0.633566415869 0.430221157614
597 0.939438289497 0.272250734270
598 0.011412057094 0.968672415242
599 0.968176401220 0.851771229878
600 0.140844224021 0.252035790589
601 0.000325493980 0.505892498419
602 0.006541322917 0.691428575199
603 0.890266025905 0.039525516797
604 0.400913774967 0.428182293661
605 0.648977287114 0.801283354871
606 0.982800409198 0.632488828152
607 0.323510940652 0.442266543861
608 0.388795899227 0.696987700183
609 0.922764952295 0.991220948752
610 0.655385869555 0.545300498139
611 0.912998978980 0.288952285424
612 0.975521656219 0.852437268477
613 0.561203019693 0.986933713313
614 0.821109683719 0.529379421379
615 0.838704943657 0.961953907739
616 0.781415211968 0.839030437637
617 0.467846406624 0.787956534885
618 0.530459012836 0.358112432528
619 0.827482051682 0.931372787803
620 0.786294726189 0.476459339261
621 0.732656143140 0.769095135853
622 0.108948167413 0.056167083792
623 0.211361679714 0.497744066641
624 0.753154783975 0.134126632009
625 0.488965015393 0.408540653531
626 0.679427130613 0.401963994373
627 0.697492938954 0.654948786832
628 0.254401262850 0.258695959114
629 0.641882500146 0.075510946568
630 0.788075380493 0.480587443803
631 0.037464854307 0.569490592461
632 0.319617881905 0.505311260931
633 0.357447127346 0.850076894742
634 0.863423693925 0.184929179028
635 0.781449683011 0.649718420114
636 0.661388518289 0.514105826151
637 0.418813555967 0.770336685702
638 0.570272909943 0.630175235681
639 0.268080752343 0.323427693918
640 0.764301868156 0.757045767736
641 0.731968347915 0.443728998769
642 0.159009762108 0.429461286869
643 0.098677785601 0.413411024958
644 0.688157245982 0.740560285747
645 0.488921971526 0.476232626475
646 0.221147730015 0.526386826299
647 0.045723218936 0.540765611921
648 0.031698087230 0.403170346282
649 0.390842506662 0.895121781155
650 0.588099525776 0.172292189673
651 0.544840201735 0.249488044064
652 0.686398015823 0.963653757703
653 0.019824730232 0.256670925766
654 0.593828993849 0.287905482575
655 0.580098620150 0.358130862005
656 0.044951250777 0.312066968065
657 0.801859860774 0.203961012885
658 0.741528254934 0.900537646376
659 0.617372038309 0.429685501382
660 0.641097932123 0.106294009835
661 0.905918127857 0.862245662138
662 0.632680836134 0.951641347259
663 0.403011274058 0.664378923830
664 0.354811693542 0.793853781186
665 0.559500704985 0.942911219317
666 0.966145970859 0.104340906721
667 0.192399263848 0.652543987148
668 0.067994664889 0.212223994080
669 0.909214912914 0.661823658738
670 0.500129476655 0.489313533064
671 0.019954520743 0.545080727432
672 0.801380501129 0.821814381517
673 0.749041740783 0.542908756528
674 0.722352027893 0.366413779091
675 0.972594257910 0.363449960016
676 0.472707788926 0.878512385767
677 0.225695622619 0.105388625525
678 0.830153733026 0.628706896678
679 0.769767549355 0.184965427034
680 0.422560677864 0.329268254340
681 0.127876646351 0.388706649188
682 0.433609161526 0.320275910199
683 0.041250636335 0.501603826415
684 0.532499904279 0.950465549249
685 0.163427485153 0.032629381400
686 0.439779082779 0.183382005896
687 0.577710108832 0.241159583908
688 0.005196387414 0.326751849614
689 0.784068340436 0.727548415307
690 0.693165628705 0.756662598345
691 0.090998375323 0.165873418096
692 0.635174984578 0.316693997942
693 0.271262043621 0.465328717604
694 0.945400895085 0.041029592976
695 0.650294144638 0.367961572949
696 0.370297847316 0.778170791455
697 0.756668222137 0.803907008842
698 0.098446701653 0.797918858472
699 0.305510835256 0.630946606398
700 0.748384408187 0.468938320410
701 0.663575987797 0.188163490966
702 0.652320326306 0.241286096629
703 0.429323074874 0.657516713720
704 0.568037946709 0.213391415775
705 0.385065129027 0.261203575414
706 0.970054014120 0.476063504815
707 0.427076993510 0.605228998698
708 0.792757502757 0.698339037132
709 0.070557716768 0.738158397842
710 0.739368630107 0.720851861406
711 0.106119971257 0.109666477889
712 0.499022652861 0.862788193393
713 0.913573486730 0.597469354980
714 0.660707052331 0.219084322453
715 0.228415961377 0.409091460519
716 0.688022642862 0.891991949175
717 0.597254951485 0.340342969634
718 0.133278045803 0.026578026358
719 0.997859683353 0.701315992512
720 0.239969442133 0.382924812846
721 0.962519568391 0.210023456719
722 0.858988317661 0.389596561901
723 0.815252455417 0.651745820418
724 0.087935599498 0.885810172185
725 0.389904218726 0.827304229606
726 0.606662034057 0.496024189983
727 0.936970707495 0.105684686918
728 0.358812383376 0.850544194691
729 0.703154041898 0.019519435707
730 0.069628517143 0.931570003275
731 0.428610896226 0.757651160005
732 0.823561952449 0.025865847711
733 0.097994129639 0.956839998718
734 0.052443874534 0.095853813458
735 0.658155991230 0.292413316667
736 0.478778626304 0.620675559621
737 0.502436773386 0.337766943965
738 0.010272121988 0.317689229269
739 0.989512764383 0.098207721487
740 0.203499401454 0.379416983109
741 0.925511951093 0.810161435511
742 0.875441173092 0.862482659053
743 0.915846122894 0.234253556933
744 0.713026853744 0.619000164792
745 0.253772992641 0.782655370887
746 0.550570168532 0.682383889332
747 0.540306530893 0.374132120982
748 0.708249737043 0.638300660998
749 0.330972119700 0.760693611577
750 0.734154474456 0.989128111396
751 0.053106928710 0.212933100760
752 0.609803671017 0.555543702096
753 0.550700044725 0.620075793006
754 0.873232931364 0.540212809108
755 0.718283514492 0.076732333284
756 0.919629792683 0.643795466051
757 0.886893768795 0.795070965774
758 0.506278125104 0.802739891689
759 0.029324522708 0.219304978848
760 0.421740056947 0.283097515814
761 0.001960349735 0.972310225479
762 0.965481405146 0.542266880628
763 0.346442346461 0.673731142189
764 0.180567541625 0.677414466627
765 0.434424754232 0.914722016081
766 0.666542578023 0.487531682942
767 0.127655116841 0.276346249040
768 0.043075385038 0.678355161566
769 0.896422042511 0.916308316868
770 0.218567971140 0.614705557004
771 0.993040650152 0.138197763823
772 0.258501023054 0.879934418947
773 0.933268729597 0.764779148158
774 0.682674311101 0.962593252771
775 0.984084127005 0.104414368048
776 0.245690768585 0.986044476740
777 0.076724593528 0.211172173731
778 0.528311357833 0.423166939989
779 0.884903315920 0.708878899459
780 0.100581406616 0.319328070153
781 0.623600916006 0.767123984639
782 0.806859753095 0.751256032847
783 0.043470234144 0.849935138598
784 0.429611194879 0.939892276656
785 0.766243455466 0.648179166019
786 0.554597833659 0.759284105618
787 0.786376929842 0.813098857179
788 0.639218524564 0.719645659439
789 0.577878005337 0.321892835665
790 0.682238912210 0.561962132808
791 0.426307203714 0.927929680794
792 0.548006609548 0.503031797241
793 0.139101854526 0.076317967381
794 0.926198737696 0.024005170912
795 0.785196867306 0.026780144311
796 0.343333241064 0.408797783311
797 0.793904129416 0.150192994624
798 0.160053816158 0.837374363560
799 0.000128133222 0.589665011037
800 0.777266640216 0.766371588688
801 0.237844177056 0.331864473876
802 0.525655694306 0.024221106898
803 0.144963331055 0.164874218870
804 0.743866766803 0.722841336858
805 0.486767055001 0.426105679013
806 0.284803469665 0.913074258715
807 0.354035360273 0.832810079213
808 0.416106056422 0.493137214798
809 0.909128047060 0.342304794118
810 0.517142385710 0.694324914366
811 0.369084938429 0.860475627240
812 0.103122697677 0.162989067845
813 0.010668621864 0.263176513836
814 0.000363431405 0.010796755087
815 0.852841525339 0.777630071621
816 0.777168343775 0.090685702395
817 0.109494545963 0.302824038081
818 0.114906809758 0.254457877018
819 0.467698256951 0.858773576561
820 0.977299213875 0.954465311952
821 0.284879255574 0.262102683540
822 0.867539571133 0.638914615847
823 0.094912763219 0.283645627555
824 0.132051831111 0.004040810280
825 0.625950421672 0.649194216821
826 0.698365724646 0.995035360102
827 0.509669844061 0.801488422323
828 0.158024428412 0.520338465925
829 0.064664936159 0.158387859818
830 0.531135221012 0.917506461497
831 0.936017931905 0.308303564787
832 0.008192164358 0.045512477867
833 0.611127602868 0.123098974116
834 0.299970354885 0.078825860284
835 0.981872550678 0.277269569226
836 0.033291172236 0.266751806252
837 0.539372252766 0.900830743369
838 0.905666422565 0.634285015985
839 0.184476370923 0.037718253676
840 0.638325826265 0.810426792596
841 0.686912470497 0.336691550910
842 0.805462153163 0.196582315024
843 0.138179973233 0.963486581575
844 0.716920780949 0.202844909858
845 0.121874441393 0.248056002427
846 0.120351371355 0.057892373297
847 0.556359567214 0.128543535713
848 0.103404851165 0.167487170547
849 0.251642509829 0.403375206515
850 0.246313030832 0.233515060507
851 0.680644775741 0.279604203068
852 0.500266867224 0.220017028507
853 0.180434946902 0.405933289789
854 0.854302044958 0.364911317825
855 0.443651543465 0.492627871223
856 0.175338110887 0.130564013962
857 0.829319422599 0.980800264049
858 0.327146328986 0.967499395832
859 0.944286845624 0.044067110401
860 0.170344305690 0.066161287017
861 0.292123112828 0.290695677511
862 0.124053660780 0.848482680041
863 0.419239213225 0.227458511945
864 0.015969850589 0.670881723519
865 0.630833718460 0.262282881420
866 0.904396784026 0.311478494201
867 0.541887084953 0.404663651250
868 0.531495523173 0.722322031856
869 0.810596941039 0.385797568131
870 0.087233349681 0.254248484503
871 0.878425439354 0.262571460567
872 0.384812498931 0.707744861953
873 0.243371724617 0.711958827917
874 0.675244258251 0.187658570241
875 0.756025938317 0.845588563941
876 0.253819857724 0.048149051145
877 0.136284241453 0.377873518504
878 0.896631731652 0.555523455143
879 0.605332030449 0.912601582240
880 0.226405178662 0.236165749375
881 0.174884464126 0.130801962689
882 0.547644243576 0.716771549080
883 0.535465614405 0.079139766749
884 0.439093580935 0.346062555443
885 0.464937334880 0.526326930616
886 0.600311040413 0.343362774700
887 0.788898391649 0.985123539343
888 0.051107636653 0.032270116266
889 0.697082367260 0.726351894904
890 0.219928686973 0.453108306043
891 0.571940459311 0.473748544697
892 0.501257357188 0.708224700764
893 0.851622063201 0.397889088839
894 0.263748155907 0.456954093650
895 0.310490671545 0.490153334569
896 0.693119843025 0.485375135671
897 0.620955297723 0.240764087066
898 0.202146684751 0.156420912128
899 0.319903853815 0.641240265686
900 0.502483467571 0.784841189161
901 0.167567196302 0.102794507984
902 0.128203963861 0.956465587951
903 0.087918047328 0.179311600514
904 0.988735704683 0.785000415053
905 0.905663495883 0.208664391655
906 0.238108721096 0.477603955194
907 0.682412936352 0.739366078284
908 0.185828655958 0.534034999553
909 0.137255167589 0.449576812331
910 0.990989093203 0.447745839134
911 0.939730146900 0.684108936694
912 0.933120974805 0.560685444623
913 0.924873023760 0.135267659556
914 0.717106356751 0.244776877575
915 0.776507925242 0.219589824788
916 0.029618066736 0.944075121544
917 0.322384332772 0.157822030596
918 0.900540709961 0.410302380566
919 0.337133631576 0.889276414644
920 0.195302795619 0.242797127459
921 0.097940806299 0.433411516715
922 0.720401082654 0.780353742652
923 0.172777594998 0.906229738612
924 0.314388742205 0.310032762587
925 0.355806550942 0.305377835408
926 0.757778601721 0.295536698308
927 0.989486772101 0.690899576526
928 0.856222142931 0.914359795861
929 0.826167236082 0.573328500148
930 0.159136673901 0.602675161324
931 0.792918324936 0.188754740637
932 0.546750283334 0.115302657709
933 0.346576771699 0.447290993296
934 0.525605038274 0.683710403275
935 0.336567407940 0.720907833893
936 0.926507530734 0.434508214239
937 0.154319350608 0.646908613387
938 0.214861956891 0.327096946072
939 0.553138351999 0.529250699095
940 0.637129708659 0.908944903407
941 0.834628534503 0.394908310845
942 0.204481601715 0.824115307070
943 0.085807887372 0.060703744646
944 0.738475102931 0.911975123920
945 0.634032244794 0.897611776832
946 0.514650285244 0.426950569730
947 0.086366517935 0.061400568578
948 0.542253227904 0.432943289634
949 0.508691561874 0.067858266179
950 0.116653692909 0.845258969814
951 0.788766100537 0.043161223643
952 0.279767184053 0.943085451145
953 0.690069837030 0.494629140943
954 0.270182397217 0.243208189029
955 0.023879840039 0.907312106341
956 0.152153092436 0.858508375008
957 0.302220417187 0.356634694152
958 0.682623682078 0.388028304558
959 0.417338439263 0.421098785009
960 0.300003428478 0.051370684057
961 0.318710562307 0.814653714187
962 0.478321254253 0.405077080242
963 0.876054282766 0.020574482158
964 0.838020369876 0.384745845105
965 0.088432748336 0.954674062785
966 0.230004814919 0.877198848873
967 0.997835286427 0.509771999437
968 0.820284300484 0.687905123457
969 0.004401140381 0.090466697700
970 0.931113312487 0.028280980885
971 0.997778804041 0.083266405389
972 0.886789355893 0.299999221228
973 0.439901099540 0.569413037971
974 0.688027526252 0.857239538804
975 0.990511822980 0.988030954730
976 0.908610223327 0.309222385287
977 0.802684668917 0.386931477580
978 0.714299465530 0.678738952149
979 0.407505959738 0.552319835406
980 0.063484797254 0.495938708074
981 0.506993898191 0.293489612173
982 0.373137557413 0.504829184618
983 0.803261611611 0.193421857897
984 0.192734308075 0.807662752457
985 0.283888555598 0.123847621027
986 0.835943733342 0.281667360105
987 0.207114026416 0.722733089235
988 0.581666581333 0.647015125956
989 0.292146127205 0.269694107585
990 0.504254665226 0.282657950185
991 0.257725062780 0.412864888553
992 0.591880335938 0.060409731697
993 0.799796366133 0.306179801468
994 0.739148683846 0.207302325871
995 0.858499637339 0.802633481100
996 0.703241033945 0.365493535530
997 0.096123093739 0.076378591359
998 0.870322720613 0.899384705350
999 0.269800449256 0.063057028688
