100
900
0.060000
0 0.072560543194 0.093494103756
1 0.821418192238 0.614219094627
2 0.401846431196 0.676565716043
3 0.043357453775 0.684682106134
4 0.572139164433 0.848787201568
5 0.313714412041 0.273421409540
6 0.363087805454 0.734522000886
7 0.348465814255 0.310294649564
8 0.646646311507 0.193632238545
9 0.797459758352 0.499396711588
10 0.787514933851 0.453315107618
11 0.118199818302 0.127057180274
12 0.961171776522 0.660383007489
13 0.714614539873 0.950303739868
14 0.784789924975 0.420887953602
15 0.371489879210 0.857350468170
16 0.514382057358 0.192908071913
17 0.471569563262 0.916228488553
18 0.869473787956 0.514927017037
19 0.600910595153 0.441612952389
20 0.363714218605 0.914625007194
21 0.715034361929 0.726802024059
22 0.649147008546 0.063500176184
23 0.037096674088 0.295793320052
24 0.257132415194 0.834556432441
25 0.795190031640 0.044647349045
26 0.287871540524 0.913389849942
27 0.171704529319 0.249043317046
28 0.573772857431 0.886319069192
29 0.199347056914 0.358562782407
30 0.307207022794 0.570836936589
31 0.215913251042 0.821589080151
32 0.763745008502 0.687482814305
33 0.737817569170 0.633218796458
34 0.202409831341 0.338728164323
35 0.074831748847 0.566124049947
36 0.253353171516 0.789866110776
37 0.292926074471 0.902500180062
38 0.853366286959 0.330022748560
39 0.198293500114 0.110498702154
40 0.164579181001 0.993483532220
41 0.155146051664 0.452450721525
42 0.906873382162 0.326850580983
43 0.701494039036 0.480646240059
44 0.213169650640 0.900841095950
45 0.839209022466 0.520376673434
46 0.471678032540 0.055122273508
47 0.341965754051 0.235423041042
48 0.742605087813 0.079783323221
49 0.868641837500 0.945014919154
50 0.418511487544 0.943473586347
51 0.511138969567 0.671864659060
52 0.733339697123 0.804065044038
53 0.574364839587 0.586705984548
54 0.134087792598 0.772658339702
55 0.697204686701 0.298666973598
56 0.766141871922 0.852350738365
57 0.751117695589 0.673015254550
58 0.179201319814 0.452611734625
59 0.153661494609 0.392370970454
60 0.353452830575 0.992870517075
61 0.912747643888 0.825130863581
62 0.047992791049 0.254713397939
63 0.060553904623 0.790597878862
64 0.334496721160 0.929195742588
65 0.735612798482 0.753008208703
66 0.872669328935 0.246751768049
67 0.424872868229 0.606009026524
68 0.050816812087 0.999237707816
69 0.192715011071 0.184904604685
70 0.771896047518 0.889919697773
71 0.483571578283 0.538037919905
72 0.742270436604 0.234689273871
73 0.211053174455 0.921471756417
74 0.687301008496 0.364714669064
75 0.313842726871 0.040753839538
76 0.357585186139 0.226590370759
77 0.865884703118 0.405577977188
78 0.481303769164 0.926438607741
79 0.196175856516 0.815800490323
80 0.855634350330 0.931788654998
81 0.568808699492 0.728303679731
82 0.178540423047 0.993681567721
83 0.334312706254 0.229357235134
84 0.992919275537 0.527027717326
85 0.414261839818 0.764815323055
86 0.416947415099 0.897833418101
87 0.302853242960 0.159217851702
88 0.132522692438 0.513906417415
89 0.080689608119 0.819823700935
90 0.878621086478 0.394532334991
91 0.860577540472 0.236206273083
92 0.621122706216 0.726462243591
93 0.641784250271 0.102426475380
94 0.652900851797 0.837960106786
95 0.918226965703 0.508535202127
96 0.769748761784 0.487035665195
97 0.236838881858 0.948289184831
98 0.480717232917 0.571151588112
99 0.177646419965 0.473636508454
100 0.098179305438 0.591908259783
101 0.238451831974 0.515126721002
102 0.489741678350 0.541305074934
103 0.674344572704 0.622264370788
104 0.055211492814 0.755034181289
105 0.442088071723 0.933832579292
106 0.149566516280 0.302665612660
107 0.170038852375 0.770689222496
108 0.029127856251 0.811823103111
109 0.873115697876 0.682028708048
110 0.649783209898 0.791342664044
111 0.190563910641 0.419531972148
112 0.278378329240 0.427402792498
113 0.367821156979 0.759095562622
114 0.998554381076 0.545467577409
115 0.232732071076 0.096733686514
116 0.137375837192 0.471183903050
117 0.611860407516 0.627117515542
118 0.012488978449 0.286204980686
119 0.249381886330 0.067700471263
120 0.041239161976 0.691469958518
121 0.001533050556 0.190805678256
122 0.994135571178 0.171571903396
123 0.961494901218 0.023263427429
124 0.983395006508 0.834610599093
125 0.705292135943 0.633178216405
126 0.625953263137 0.895856046584
127 0.052710188553 0.904331592843
128 0.323258839082 0.420531345997
129 0.663427155465 0.321813220158
130 0.965998923406 0.896159226540
131 0.418546907138 0.103374760598
132 0.367343130056 0.030407314654
133 0.730492276605 0.379832108505
134 0.316612295341 0.979874162935
135 0.447532579768 0.357851457316
136 0.671344121452 0.449065630324
137 0.548657136038 0.665479692630
138 0.620637533721 0.510152037255
139 0.688743120525 0.604032540228
140 0.344762636349 0.394035256468
141 0.237210757099 0.970715899952
142 0.289891303051 0.289920945652
143 0.875047492795 0.613150142133
144 0.710452291649 0.538474648260
145 0.934963362757 0.676451215055
146 0.434633874800 0.353510269895
147 0.779825976118 0.801977004856
148 0.383917584550 0.510318252724
149 0.181809113361 0.700529880356
150 0.490192415658 0.629341693129
151 0.058381337672 0.161536537576
152 0.078407323919 0.607038473710
153 0.827016230207 0.699044857640
154 0.117190510966 0.515759350732
155 0.303077398334 0.461953147780
156 0.909794607200 0.540288155433
157 0.432669047732 0.199685910251
158 0.830209101085 0.307716540527
159 0.812836052850 0.540661393199
160 0.846191188786 0.747799415607
161 0.217112608254 0.280825063586
162 0.101309685502 0.996938584372
163 0.082802068908 0.485227270052
164 0.507256837096 0.264611182269
165 0.185757150408 0.997449253220
166 0.893952875864 0.244138488546
167 0.158985790797 0.972360199783
168 0.851176962256 0.986002021004
169 0.671405057423 0.968367473688
170 0.501761372201 0.974482455757
171 0.430320621468 0.411555979401
172 0.514770611189 0.862989669200
173 0.611241890118 0.344979712740
174 0.170706209727 0.424077942967
175 0.885641105939 0.016897398513
176 0.171877358574 0.102753714193
177 0.297722462099 0.273187044077
178 0.099692299031 0.380524531007
179 0.758414314128 0.606949136127
180 0.645135713741 0.944171465002
181 0.604398389347 0.539088589605
182 0.188309953548 0.763384180143
183 0.511448789388 0.039486915804
184 0.749386201613 0.182853846811
185 0.007854389492 0.251147573814
186 0.157336303033 0.438175010961
187 0.662703553215 0.672106914222
188 0.301164680161 0.273945443332
189 0.017086626962 0.471870889887
190 0.698023386300 0.902727732901
191 0.488768288400 0.869900744874
192 0.005481447559 0.786490750965
193 0.143087788951 0.105173746590
194 0.167015281972 0.901502103545
195 0.712122882716 0.812150995713
196 0.845673568547 0.316521272529
197 0.351239585318 0.033983522095
198 0.079905452672 0.862688374706
199 0.073470437899 0.829291654285
200 0.045542221982 0.081324827857
201 0.080439228099 0.202878525015
202 0.519499838818 0.743142781779
203 0.874985439237 0.820664519444
204 0.017088225111 0.892072066665
205 0.292535409331 0.715111611877
206 0.794799799565 0.781303698197
207 0.585012356751 0.800281247124
208 0.567794449162 0.728100146167
209 0.905454993714 0.734809731133
210 0.629602249712 0.617577876896
211 0.546960727312 0.475275818259
212 0.934099149425 0.898200312629
213 0.509259340353 0.014004602097
214 0.760888687801 0.582729778253
215 0.843296256848 0.806430909783
216 0.664054606110 0.923735484947
217 0.009309434798 0.183554445393
218 0.666878266726 0.884294874035
219 0.004218964837 0.683966492303
220 0.776366940700 0.296754374169
221 0.399078104179 0.571166740730
222 0.078058072366 0.984090460930
223 0.371447987854 0.645852521528
224 0.712190607097 0.276902982034
225 0.380662253127 0.341792856809
226 0.894480858929 0.927622980438
227 0.817068675067 0.828580008354
228 0.825823293068 0.326328015421
229 0.842584610451 0.586711980868
230 0.909057794139 0.685880867299
231 0.393142890651 0.573112400249
232 0.609616352711 0.402452325448
233 0.756666845642 0.276494619437
234 0.286747199949 0.760885810480
235 0.960461111739 0.063114140648
236 0.057640185114 0.359539215919
237 0.634280881379 0.135698257480
238 0.343629677314 0.005728869699
239 0.781550779473 0.055820284411
240 0.282631851733 0.162213032600
241 0.397613141686 0.177112710662
242 0.089836013038 0.214681816753
243 0.005692719016 0.915659306105
244 0.541009832639 0.848277329467
245 0.502371287439 0.450067626778
246 0.534158197232 0.895514178090
247 0.023180027027 0.143774549942
248 0.297966504004 0.779846873134
249 0.420269169379 0.584713703953
250 0.540732683614 0.380730281584
251 0.647827844601 0.598372868728
252 0.740269497503 0.282108726446
253 0.734071126673 0.083899174817
254 0.287837596145 0.515621906146
255 0.139719459694 0.570469447877
256 0.677834938746 0.537332601380
257 0.747582158539 0.767670951784
258 0.752014418133 0.753274877556
259 0.683330257889 0.293024250772
260 0.601552207023 0.185701545328
261 0.743091877550 0.135710404254
262 0.081215723883 0.766271905042
263 0.279484954197 0.379182227887
264 0.546118778177 0.699754124042
265 0.963895931840 0.086851461791
266 0.080484405626 0.611723776441
267 0.685224330984 0.820753903128
268 0.893832502887 0.419295457657
269 0.904653078411 0.181670099031
270 0.934917363804 0.044372538105
271 0.752139546908 0.612752302550
272 0.581705139484 0.499721705448
273 0.380423254333 0.333719557617
274 0.252996583004 0.063753512222
275 0.626743808854 0.854548790492
276 0.249455058016 0.369835686404
277 0.990259194747 0.330670781899
278 0.136107591446 0.269744149409
279 0.709853009786 0.682226369623
280 0.969498273451 0.673748941626
281 0.769077831879 0.049982679076
282 0.285472718067 0.454302162863
283 0.870736582205 0.179305221420
284 0.873597620521 0.775389660615
285 0.360975320451 0.808514984325
286 0.819762198720 0.113114867825
287 0.421267286874 0.401467338204
288 0.612836573273 0.801690541208
289 0.735186896287 0.865833156742
290 0.865444053430 0.361930705141
291 0.720381947234 0.114899111446
292 0.731766391546 0.710641141981
293 0.445569893345 0.867873983458
294 0.980385291390 0.155422903132
295 0.550100353081 0.949883564841
296 0.829171844758 0.319178184960
297 0.999866243917 0.114644563291
298 0.773480347823 0.870602826588
299 0.293949784711 0.647077968344
300 0.645992487203 0.654925105162
301 0.455592952669 0.465754686389
302 0.768039972987 0.876860239543
303 0.867222024594 0.380876546726
304 0.678550780751 0.602408920880
305 0.246709703468 0.543994834647
306 0.964339626022 0.967091650702
307 0.658893946093 0.696106018033
308 0.677732792683 0.104463839903
309 0.563980001491 0.658118084539
310 0.259886743035 0.114080354571
311 0.608001649380 0.089058588259
312 0.433258539997 0.607867893763
313 0.203703151550 0.206738887820
314 0.478470720351 0.497652936261
315 0.853816856630 0.124463207554
316 0.152578041423 0.309409809299
317 0.590217893943 0.920618014876
318 0.186270049307 0.457439919002
319 0.301494561601 0.864820830058
320 0.059848839883 0.548204265069
321 0.408815664705 0.024188466370
322 0.515295915771 0.067709611263
323 0.720294484403 0.193028708454
324 0.172173451167 0.284274485894
325 0.851146792993 0.432060194202
326 0.398354840465 0.459148442838
327 0.521118782461 0.831613380462
328 0.067016336601 0.724821934011
329 0.038352268748 0.545487056952
330 0.222474870272 0.892169125378
331 0.669950264506 0.375052912161
332 0.201578934677 0.260168158915
333 0.295670927037 0.387848983984
334 0.717608077917 0.597165488638
335 0.252669814508 0.777456917800
336 0.145369753707 0.661485479213
337 0.801645384170 0.660665669478
338 0.729195090476 0.521939868573
339 0.853694377933 0.901368541643
340 0.806214354467 0.704841171391
341 0.333428736310 0.204569195397
342 0.163989614230 0.854547518771
343 0.036182575859 0.231005950831
344 0.579369453248 0.074534844607
345 0.776493007783 0.801844323520
346 0.966703969985 0.446443272289
347 0.176897235680 0.168282905128
348 0.706611431204 0.472568162717
349 0.556131889112 0.424219509121
350 0.069733651355 0.808801703621
351 0.201676427387 0.215103405062
352 0.470287183300 0.003321811557
353 0.875769074541 0.199482273776
354 0.525261680596 0.729463452939
355 0.100850815885 0.331476035062
356 0.434304624330 0.434279552195
357 0.536045230459 0.598294238560
358 0.288827070966 0.572227806784
359 0.829300189391 0.868196524214
360 0.646762651391 0.605793197174
361 0.670040848199 0.613466621842
362 0.052236469463 0.846938083880
363 0.781749526970 0.758847901132
364 0.319506247062 0.337881416082
365 0.183067410253 0.389239898417
366 0.146683120169 0.384743837640
367 0.604343303945 0.616970303468
368 0.388065649662 0.480112378486
369 0.816452577244 0.913327330258
370 0.209575831424 0.917303393129
371 0.244803365320 0.643880455755
372 0.351582945324 0.780848596245
373 0.242174694315 0.640410016757
374 0.353076403029 0.071474883705
375 0.508606540971 0.999839054421
376 0.677268080879 0.178647389170
377 0.613305676263 0.729504550807
378 0.025585473515 0.395055203233
379 0.488352451939 0.345091720577
380 0.732936619781 0.671419862192
381 0.734331618994 0.879619739950
382 0.056163700297 0.338674922939
383 0.496590043418 0.444229349960
384 0.818787301891 0.313042620663
385 0.357556680217 0.028363133315
386 0.230346014258 0.602360045537
387 0.672243589535 0.581928959582
388 0.383208641782 0.914418283850
389 0.222338976339 0.736285044812
390 0.985893168021 0.730945517775
391 0.736124099698 0.663161248900
392 0.909592906944 0.349429775961
393 0.392665799707 0.935178380460
394 0.744484979659 0.881018251646
395 0.280270101037 0.477421599440
396 0.552438114304 0.014601720497
397 0.357041339390 0.608601814602
398 0.353276643436 0.853631382808
399 0.052831164561 0.172063945327
400 0.166674003471 0.410387844779
401 0.200427079108 0.397020017728
402 0.012747890316 0.872670668643
403 0.978948977776 0.395956532564
404 0.787088952493 0.201287954114
405 0.132241577376 0.772982120514
406 0.932233471889 0.868365677074
407 0.436143369880 0.841826379299
408 0.217795453500 0.828809169587
409 0.777004759759 0.962280433159
410 0.709827421699 0.057274861261
411 0.439702032600 0.262265536003
412 0.071876581758 0.796743371990
413 0.870867350604 0.425153225195
414 0.650374754798 0.923698515166
415 0.597217170987 0.817048758268
416 0.334086359944 0.797644250095
417 0.214068776462 0.346834250260
418 0.670314918738 0.193017754238
419 0.742790782824 0.457403871231
420 0.394305708352 0.875032360666
421 0.230385992210 0.326539180707
422 0.743398037739 0.666529362090
423 0.168365560006 0.961193491239
424 0.495338531677 0.945370319765
425 0.923473924398 0.205165953375
426 0.002645181026 0.363175956998
427 0.467431489378 0.074521762785
428 0.159919328988 0.338298839983
429 0.499674988445 0.810294083785
430 0.261997355148 0.096892159432
431 0.627342842519 0.596083715092
432 0.894536409527 0.841411618982
433 0.942917965818 0.564851328265
434 0.034429373220 0.685708748642
435 0.022255199496 0.428735081572
436 0.560741109308 0.252641191706
437 0.755274262279 0.304139147513
438 0.919170553796 0.923639822286
439 0.265332638752 0.414509085938
440 0.869010142516 0.188806563616
441 0.619675039314 0.871655323543
442 0.551982520614 0.087106529158
443 0.946177086793 0.711901850067
444 0.425405369140 0.445852075238
445 0.522195933852 0.687402724754
446 0.542744234670 0.149538776372
447 0.283486439846 0.437280644197
448 0.990950395353 0.226404405665
449 0.002131972462 0.025379768573
450 0.912113154773 0.024387171958
451 0.454114850610 0.472854264081
452 0.277028364129 0.209389112890
453 0.776993411593 0.196198917925
454 0.133028935641 0.042326050811
455 0.610708003864 0.002039078157
456 0.231132614426 0.230383043643
457 0.873694401700 0.783115135040
458 0.317489572801 0.819871488493
459 0.495016985107 0.742894941941
460 0.265723563731 0.017212919425
461 0.430297666695 0.808467798401
462 0.166751695797 0.713784107007
463 0.245748442598 0.157702091616
464 0.940188512672 0.247880415060
465 0.183081860188 0.852301667444
466 0.272267587483 0.637196710799
467 0.325155931991 0.549295951612
468 0.846585824154 0.102149343584
469 0.745494869538 0.979614759795
470 0.144475394394 0.356202873867
471 0.981653837953 0.375608008821
472 0.586585917510 0.855348239653
473 0.158723144326 0.904075490311
474 0.675219728611 0.653740129434
475 0.646970432252 0.940943292342
476 0.670953048859 0.077268099412
477 0.749411091208 0.837704745121
478 0.791052206419 0.995159533806
479 0.995406836737 0.731240719091
480 0.243039949331 0.178488696925
481 0.583542387001 0.515307536814
482 0.815685408190 0.908698318992
483 0.064603488427 0.662271232344
484 0.010847662576 0.810098357964
485 0.641885992140 0.155323057435
486 0.166301231831 0.623539830092
487 0.530931066256 0.752887149341
488 0.478888069745 0.689654210582
489 0.656962639652 0.154107798357
490 0.343394340482 0.303933072370
491 0.095051091164 0.014347389340
492 0.381201171782 0.844462182373
493 0.852052134462 0.172253378201
494 0.839621716179 0.847458971199
495 0.903494097292 0.082661665510
496 0.025947668590 0.487036484294
497 0.597969202325 0.841633076780
498 0.395734803285 0.662572690751
499 0.503904309124 0.406582466327
500 0.472671049181 0.145790301263
501 0.561905523762 0.638972281013
502 0.769330131356 0.092836590018
503 0.391859430820 0.248218201101
504 0.782490801066 0.048822070472
505 0.402325999923 0.125885141548
506 0.352755142841 0.497377091087
507 0.140232530888 0.733956314623
508 0.341839273460 0.992284665816
509 0.906209692825 0.181460989639
510 0.839743637014 0.809703790583
511 0.264122655615 0.865691305604
512 0.296740274876 0.862091857940
513 0.707324382383 0.692475078627
514 0.524664549157 0.211228691507
515 0.099057544954 0.997335598338
516 0.357018992770 0.660963068716
517 0.636307879351 0.126349124126
518 0.753799658734 0.028167310171
519 0.374567325693 0.536290459801
520 0.076989381108 0.776893325616
521 0.662175601348 0.429744523950
522 0.274270416703 0.802408132702
523 0.163700839039 0.616109690163
524 0.794692798518 0.069910531864
525 0.797570679802 0.634436435532
526 0.879614322446 0.061693335418
527 0.500127741601 0.176354597788
528 0.923785193823 0.207452123985
529 0.868829676416 0.448449742980
530 0.418680815957 0.967887221370
531 0.445785341319 0.775699808728
532 0.628850290086 0.082093220670
533 0.902048933320 0.382649948820
534 0.110260531306 0.276616259012
535 0.918940409087 0.187249912415
536 0.053509584628 0.581116010435
537 0.616994436365 0.327780001331
538 0.383524143137 0.780695275404
539 0.943889691494 0.178216941655
540 0.850605807733 0.741460371297
541 0.812653377652 0.730220130179
542 0.803153707180 0.312781119253
543 0.906574727967 0.726938901003
544 0.520233243238 0.775404404383
545 0.175388643984 0.938914059196
546 0.743291625753 0.621173985302
547 0.714613868389 0.372141915839
548 0.703267205972 0.616662801709
549 0.754791865125 0.813527737278
550 0.893279060721 0.673732274212
551 0.000777649693 0.946788645349
552 0.254848284647 0.617772086523
553 0.274568646681 0.638372428250
554 0.398467361927 0.218458338175
555 0.816589369904 0.249073169660
556 0.959918709472 0.629242747556
557 0.979293300305 0.763072416652
558 0.942023866810 0.885868028272
559 0.490011317655 0.462257110514
560 0.661272433121 0.665399961639
561 0.401171169709 0.404564058874
562 0.286573946942 0.115785038099
563 0.776705975179 0.989841153380
564 0.732447839808 0.531497840304
565 0.803368890658 0.625726900529
566 0.205230114516 0.804146540817
567 0.572515545879 0.460078399163
568 0.421918627340 0.847084192559
569 0.098450827412 0.820385989267
570 0.065542530734 0.915040197782
571 0.069459159393 0.025461240672
572 0.544282945339 0.048752459697
573 0.788533657324 0.486306812614
574 0.934620487969 0.278544975445
575 0.948563923128 0.595892921090
576 0.943944937084 0.349735092837
577 0.000456980430 0.230518884491
578 0.465520131402 0.777162955608
579 0.220360037871 0.197967971209
580 0.308660795912 0.023728928529
581 0.823694872204 0.513890910428
582 0.827875469346 0.396210418083
583 0.973969309591 0.249794096686
584 0.243294611108 0.072420137469
585 0.070180086419 0.308837141842
586 0.987460335251 0.139639245812
587 0.334298382513 0.531743280590
588 0.188391705509 0.122832040302
589 0.018050093204 0.123012193479
590 0.401377015747 0.966614016332
591 0.718905115034 0.345321952831
592 0.316349109635 0.719362095464
593 0.575840837322 0.781869241036
594 0.496525051072 0.796200875193
595 0.979837212246 0.805185846984
596 0.819929804187 0.803532084450
597 0.319076757412 0.647805273533
598 0.199742502999 0.293046067003
599 0.897599370684 0.443037114106
600 0.365466204472 0.967779457103
601 0.751874255948 0.352926539723
602 0.107418702915 0.086172638927
603 0.884669820778 0.295810408425
604 0.209004679229 0.902719913982
605 0.418822601903 0.610381694976
606 0.869333930779 0.137727716938
607 0.955703647807 0.185683040414
608 0.857089812402 0.531544485595
609 0.967552281450 0.353614863474
610 0.327745360788 0.947389493696
611 0.158800710458 0.147675164975
612 0.750921578612 0.477877467871
613 0.795480438974 0.950664081611
614 0.770923535340 0.693079809658
615 0.393701195717 0.136389739811
616 0.660859266762 0.145575451665
617 0.489316280000 0.768277969677
618 0.231748090591 0.373986100778
619 0.064088378102 0.440752769820
620 0.276706014760 0.482910980005
621 0.051134464797 0.146039945539
622 0.620638697408 0.006838113070
623 0.331722985953 0.477728509810
624 0.538382598665 0.299275267404
625 0.831343373749 0.866127959453
626 0.246664761566 0.990144084208
627 0.013803124893 0.997586340178
628 0.468021552544 0.809283563867
629 0.948250421789 0.238945087884
630 0.502363373525 0.341951617505
631 0.375334827695 0.163222640287
632 0.487527069170 0.864651107695
633 0.931500609964 0.719275160227
634 0.238637208473 0.995588988066
635 0.160027930047 0.515343223698
636 0.478499968071 0.211162395310
637 0.661383169238 0.099138665479
638 0.218000508379 0.993106155656
639 0.576867175754 0.756383107044
640 0.292381423060 0.408210549504
641 0.622511066496 0.539046184625
642 0.398354633711 0.636314191390
643 0.536632524803 0.866376186255
644 0.445597755257 0.484882946592
645 0.105321274139 0.947961128782
646 0.826834564097 0.480656102300
647 0.111183769070 0.314361633733
648 0.345307209995 0.042684379034
649 0.033636793960 0.583944418933
650 0.038273367099 0.193664724007
651 0.099287642632 0.516773335636
652 0.404827119317 0.760670811869
653 0.615912001114 0.622827627696
654 0.753776967525 0.192779176868
655 0.379210734740 0.046158391051
656 0.600989726372 0.001721801702
657 0.585204575676 0.999344360549
658 0.638035993092 0.121837100945
659 0.865720546804 0.083633748814
660 0.606720047537 0.971041821409
661 0.031594877597 0.433554612100
662 0.451697923709 0.142778647132
663 0.747916245833 0.797005133703
664 0.185463026166 0.781553039793
665 0.380949552637 0.223736393731
666 0.975217763800 0.480237195268
667 0.740509729367 0.380044883583
668 0.240908007603 0.356421730481
669 0.002872511279 0.994684975129
670 0.549200907815 0.382083246484
671 0.040843366180 0.150190634187
672 0.383805048186 0.626047942322
673 0.149534994736 0.021841041278
674 0.747885043267 0.015255542006
675 0.105474790093 0.354605090804
676 0.986297363415 0.137069668155
677 0.788159702905 0.437995287124
678 0.279848315287 0.536075948738
679 0.235000420827 0.465311341453
680 0.317628988530 0.615949973930
681 0.689047735184 0.292846752796
682 0.096187169198 0.429557464551
683 0.672891636379 0.337095176801
684 0.785979195498 0.675764147658
685 0.331780152395 0.335180103313
686 0.057847394142 0.372623518575
687 0.485370737500 0.441652442329
688 0.998671460897 0.634905732702
689 0.463493484072 0.746556504164
690 0.650161274709 0.568968274165
691 0.101161595434 0.636458638124
692 0.706037942320 0.889321298338
693 0.074453925248 0.985886257607
694 0.425397247542 0.309454346076
695 0.451197599526 0.743026236072
696 0.925404320005 0.140245334711
697 0.035872988869 0.021591489669
698 0.569802799728 0.708764625248
699 0.358686666470 0.355781995226
700 0.384528773371 0.690466818865
701 0.690962098539 0.442376167513
702 0.063090337906 0.176332836039
703 0.884028610308 0.061761798803
704 0.811238568742 0.347522094380
705 0.808318303432 0.461399843451
706 0.916490368545 0.909479898866
707 0.097858481575 0.622528311331
708 0.798801197205 0.172312406823
709 0.608414568938 0.224198444746
710 0.481766753364 0.059612168465
711 0.967224681284 0.407171073370
712 0.199857503641 0.003097670153
713 0.428762563039 0.769660303369
714 0.711862295866 0.787449229974
715 0.125442298595 0.096391069237
716 0.477916048840 0.816404397134
717 0.538767236751 0.541006386746
718 0.992737233173 0.422795847058
719 0.602768186014 0.803975802381
720 0.770317941438 0.411086489446
721 0.265375645831 0.686808310449
722 0.320566388313 0.363234127872
723 0.309336621780 0.119367585517
724 0.535546534695 0.917751190718
725 0.343566030730 0.017313288059
726 0.977363359649 0.310790712014
727 0.424484361894 0.177220863290
728 0.313888382167 0.853246924933
729 0.946881166659 0.025750678033
730 0.640696154907 0.072323465254
731 0.122141747270 0.118612204213
732 0.888727862388 0.660908984486
733 0.659618590958 0.881465095561
734 0.083704831544 0.262386776973
735 0.685440897942 0.854022773448
736 0.673473266419 0.950816544238
737 0.540831083898 0.994039654732
738 0.314050672110 0.850167705677
739 0.113407240715 0.849597206805
740 0.767918896396 0.456973271444
741 0.866910495330 0.745282256044
742 0.767763983458 0.291394857224
743 0.922503119335 0.081652365625
744 0.144641782157 0.869384285994
745 0.107403044123 0.785337937530
746 0.941707751248 0.229544791393
747 0.903950141743 0.830435613636
748 0.890453775879 0.563568732701
749 0.711900709663 0.974158607889
750 0.825955510139 0.397341607604
751 0.828181381337 0.499428776558
752 0.348158151843 0.369012465235
753 0.493468431756 0.662208823953
754 0.219180170912 0.606875672471
755 0.511806031223 0.987099067308
756 0.063848943915 0.378716526553
757 0.732381323818 0.831612927373
758 0.670111383777 0.654884443153
759 0.913265292998 0.814753165934
760 0.524268729612 0.020668337122
761 0.600091103464 0.465976480860
762 0.250213128980 0.504041245207
763 0.296412094962 0.140666904859
764 0.067609978374 0.008312804624
765 0.114825512748 0.893565488514
766 0.405654412229 0.943006894086
767 0.392994265072 0.753812564537
768 0.312019359320 0.886462696828
769 0.416021388490 0.531199530233
770 0.493338369299 0.927827419713
771 0.518298598006 0.557187313214
772 0.306543946266 0.250679921824
773 0.388800240587 0.976655330043
774 0.905564364977 0.302065534052
775 0.791408496443 0.429833094589
776 0.322733871173 0.391499599908
777 0.895809575915 0.572947000153
778 0.895540845580 0.192221670877
779 0.713613905478 0.963150823954
780 0.200534475502 0.828439418226
781 0.856716312468 0.606188887730
782 0.771446312778 0.249710577540
783 0.360001452267 0.083465672098
784 0.136173274834 0.776022841223
785 0.614665202796 0.629511644132
786 0.703850260936 0.132963800803
787 0.186698957812 0.010394207668
788 0.383643722627 0.575499198399
789 0.987049537711 0.289208087604
790 0.877564732451 0.778458034154
791 0.719041182660 0.200298604090
792 0.169957634527 0.614850758575
793 0.773245604243 0.065498480108
794 0.807072429452 0.486859509721
795 0.028649304062 0.007606904954
796 0.315298928414 0.885365616530
797 0.613795792684 0.086745241191
798 0.135076194070 0.973797245417
799 0.170210913289 0.271249468904
800 0.749820086639 0.784876116086
801 0.900761113502 0.453670347575
802 0.917839916889 0.087460071314
803 0.464064555243 0.301483639516
804 0.662959269714 0.451114093419
805 0.590691727586 0.540524002630
806 0.229572127573 0.309732910246
807 0.740822606720 0.399529762100
808 0.924583668821 0.514068210963
809 0.465028242208 0.731656098273
810 0.000927721150 0.493677546270
811 0.739263003226 0.316226649564
812 0.379043162800 0.353058795910
813 0.402971890755 0.514119357336
814 0.326856041327 0.573182804044
815 0.785368826240 0.076676127966
816 0.358058920596 0.686129939742
817 0.530346476007 0.275898837484
818 0.773590011057 0.994411031250
819 0.577382477466 0.436549281236
820 0.445525124669 0.168074205052
821 0.977073283866 0.675097252708
822 0.477807115298 0.717895890586
823 0.074627014808 0.402390784118
824 0.231964101549 0.539655257482
825 0.134046882391 0.232891822699
826 0.033332803752 0.873309885617
827 0.549118472263 0.412375967018
828 0.226368681528 0.952090363018
829 0.926495324355 0.553224723320
830 0.525273167528 0.711864150595
831 0.629900851287 0.883332088124
832 0.397994090803 0.160247327294
833 0.159230925608 0.171584101859
834 0.154658359010 0.736613403074
835 0.608133383095 0.600183483679
836 0.904687608127 0.585206666961
837 0.275280736387 0.382494723424
838 0.303102557547 0.349907751661
839 0.784885507543 0.535066659562
840 0.889563009143 0.918932389934
841 0.767958482262 0.922895812895
842 0.792242275551 0.317076954991
843 0.335271779913 0.018610957544
844 0.269167318009 0.261767104268
845 0.571835680865 0.794440485537
846 0.973631255329 0.201736532152
847 0.677772573661 0.371625346132
848 0.361983859912 0.837003499735
849 0.543209447991 0.516642218921
850 0.573616902810 0.151342831552
851 0.116825702600 0.478304511402
852 0.736549498513 0.392106439453
853 0.860799234826 0.039652056526
854 0.742014191113 0.645684742834
855 0.574718716089 0.631577200256
856 0.564617132768 0.342677198350
857 0.554473013151 0.356859408785
858 0.659754153341 0.889744793531
859 0.375470366329 0.928921471816
860 0.151511897799 0.947306047194
861 0.723361957353 0.125143153127
862 0.149042579345 0.401134531479
863 0.496768499259 0.511026439257
864 0.238138031214 0.039977947716
865 0.027668658178 0.811754934024
866 0.191320779268 0.144494361244
867 0.290059445426 0.927870277781
868 0.536600800697 0.150858680718
869 0.967522334307 0.278614991810
870 0.796543423552 0.542241050396
871 0.910192192066 0.361160556320
872 0.884918249212 0.464665205218
873 0.718019965105 0.544672402553
874 0.354409998748 0.093490331434
875 0.473593874369 0.505921897013
876 0.040796378627 0.196955832187
877 0.631065050140 0.189838958438
878 0.598090363666 0.127833549865
879 0.700865397695 0.836228394881
880 0.167811497580 0.728534056339
881 0.647983328905 0.359132276848
882 0.873028417584 0.938042774796
883 0.287002554629 0.409629218280
884 0.088901455514 0.254524889402
885 0.688244210090 0.885444879066
886 0.796765939798 0.598436402157
887 0.246605435386 0.681684189010
888 0.063101607375 0.964625400957
889 0.226356592029 0.417511606589
890 0.058115732390 0.699950466398
891 0.923433503602 0.098912111484
892 0.896906298585 0.554498553742
893 0.288751069922 0.494996662252
894 0.682332103606 0.989616467617
895 0.331225057133 0.850143601187
896 0.718150523957 0.979208386503
897 0.209275878035 0.591178941540
898 0.917251161300 0.496278433129
899 0.000808159821 0.006152616814
900 0.750803322531 0.689052369911
901 0.891597495880 0.547569262329
902 0.287488772068 0.138202931266
903 0.229253451806 0.350590379909
904 0.102828332223 0.455610043835
905 0.768101986498 0.160944065079
906 0.155560510233 0.691535490099
907 0.259856176563 0.052466809284
908 0.246034043841 0.548607246485
909 0.547463471536 0.928366147913
910 0.538223714102 0.878688529134
911 0.778509749100 0.256374238525
912 0.857896915637 0.987785627600
913 0.847553180065 0.775148076937
914 0.484064060729 0.848361340351
915 0.781300693750 0.234867383260
916 0.537413710263 0.672898189630
917 0.782436645590 0.824902482796
918 0.811101120897 0.011690097395
919 0.175492862705 0.913929453585
920 0.467300141230 0.943594849203
921 0.074873518664 0.622860651929
922 0.635130339302 0.334729695227
923 0.675327461213 0.881164383143
924 0.883336941712 0.222790932748
925 0.809530531056 0.421560655814
926 0.101479461882 0.588040280621
927 0.677934894338 0.959376377519
928 0.575825908221 0.525488074869
929 0.734524454456 0.059889968950
930 0.373849415220 0.515825148206
931 0.294757352211 0.911263125483
932 0.188723337837 0.077193997800
933 0.736165608279 0.999824459199
934 0.088884095661 0.911658470985
935 0.913753912784 0.556184236892
936 0.855253320187 0.988627431449
937 0.179044888820 0.490383659489
938 0.323357126676 0.854372350033
939 0.371548043098 0.206694068387
940 0.077163283248 0.181078574155
941 0.628254724201 0.178642745130
942 0.769118854776 0.306189619005
943 0.138019123115 0.344944762997
944 0.831677693874 0.872543577570
945 0.404834731948 0.205527109094
946 0.388368726242 0.699592084158
947 0.116790234577 0.577092064079
948 0.776786082424 0.852955843322
949 0.576916523278 0.865670178086
950 0.764614314307 0.490670436062
951 0.421854414977 0.619867634960
952 0.479297867510 0.600899304263
953 0.110251294449 0.802654994186
954 0.455271654297 0.481799337547
955 0.009349062573 0.532434937544
956 0.662877912167 0.637603787240
957 0.711077683140 0.431996766943
958 0.943793406244 0.849096806254
959 0.776941530406 0.775471100118
960 0.721640383825 0.181776262354
961 0.980998209212 0.110009110067
962 0.881368346978 0.097788443789
963 0.687101174612 0.658154429402
964 0.950744287111 0.264017697889
965 0.523824607488 0.715358601883
966 0.754688134417 0.945679022465
967 0.335226236843 0.233986001927
968 0.546578326728 0.445477531292
969 0.036640996579 0.001849981491
970 0.927276869304 0.045990059152
971 0.534284919035 0.590154781472
972 0.683593846392 0.245362602174
973 0.022151548415 0.627387252636
974 0.094459408429 0.799093078822
975 0.402858352754 0.816099792719
976 0.980869341642 0.383856561966
977 0.926108902786 0.862237688620
978 0.481645006221 0.613210077398
979 0.520392118022 0.432389293332
980 0.877227775753 0.044216725510
981 0.147747895215 0.631915910169
982 0.989895747975 0.482974132057
983 0.865901912097 0.536474075168
984 0.928451663814 0.902542908676
985 0.538324056659 0.855728533119
986 0.948532968294 0.072608975694
987 0.445883314591 0.632126814686
988 0.317971578334 0.468034863006
989 0.259514067788 0.412430986762
990 0.267127942294 0.662372420542
991 0.228530779481 0.247997283936
992 0.046228982974 0.154639682733
993 0.110234972555 0.527873989195
994 0.767849760130 0.630627090577
995 0.960263282526 0.645077535883
996 0.674843816087 0.108011178207
997 0.276993446052 0.664739564061
998 0.590985310264 0.142895358615
999 0.201213639230 0.519436974078
