100
900
0.060000
0 0.160823814571 0.158652918879
1 0.244489255361 0.971104838885
2 0.063949034084 0.464730971027
3 0.080416798126 0.207254479174
4 0.404135339893 0.263039517216
5 0.212270963471 0.900356819853
6 0.327310659923 0.921047730371
7 0.537192567717 0.762350921519
8 0.225750427693 0.078889682423
9 0.694917530753 0.149991780519
10 0.393574937712 0.575681229122
11 0.467096258886 0.441500353627
12 0.399728665128 0.355845860206
13 0.423178061843 0.017048083711
14 0.595622363035 0.867217563093
15 0.723604874220 0.756446177606
16 0.025870481972 0.968094129581
17 0.727551016957 0.089819516055
18 0.432825101074 0.807967815083
19 0.297073995229 0.836960440967
20 0.071007332299 0.509344958700
21 0.737317261286 0.398317992222
22 0.430392689537 0.274509829003
23 0.160668914206 0.656143117230
24 0.353399511427 0.855586444959
25 0.806134897750 0.746974449139
26 0.431267674081 0.273231156636
27 0.188474802766 0.830996339209
28 0.629077016842 0.611652865075
29 0.848044422921 0.224699380342
30 0.478870428167 0.571649297141
31 0.981145557947 0.504740910139
32 0.539743427187 0.708696574904
33 0.594560426194 0.972568528261
34 0.516664390452 0.891634421889
35 0.809528969228 0.587671722751
36 0.400979380589 0.546846230514
37 0.985989715438 0.831372070126
38 0.821356059518 0.146658629645
39 0.487515187822 0.174755570944
40 0.002245074604 0.293650085572
41 0.921730020083 0.433512748685
42 0.566881242674 0.110204823315
43 0.264509087894 0.195958259515
44 0.721857688390 0.112553511281
45 0.420657639857 0.200728116557
46 0.684202808421 0.401803198270
47 0.705469026696 0.223946235608
48 0.110499773175 0.300029452890
49 0.196514763869 0.627164163627
50 0.191663874779 0.006043733563
51 0.214835886844 0.592643255834
52 0.552889964078 0.200825602282
53 0.424015325960 0.374246024061
54 0.347484231927 0.911530513782
55 0.549001595005 0.349729306530
56 0.205180599820 0.470731615555
57 0.783242055215 0.772061842494
58 0.580936438870 0.047751143109
59 0.968020102009 0.302794127259
60 0.160304654390 0.388677742332
61 0.503522243816 0.844507463276
62 0.790480940603 0.208991270512
63 0.068453698885 0.900980713777
64 0.509020723403 0.264968463220
65 0.528144877870 0.700684598647
66 0.271012196783 0.742980764713
67 0.293327854481 0.823902160861
68 0.943806366995 0.717343180440
69 0.198148184922 0.291290598921
70 0.628873694688 0.747149780393
71 0.641019905452 0.834054294508
72 0.217881395947 0.424261960667
73 0.606116137002 0.798817834817
74 0.472013103776 0.574136239011
75 0.101611962076 0.632317758631
76 0.962813981343 0.605134205893
77 0.476825221907 0.753294921946
78 0.814125476405 0.545278920792
79 0.654275636189 0.323146199808
80 0.810247384012 0.182420514058
81 0.023830798455 0.081259580795
82 0.925401278771 0.317158652935
83 0.905161742121 0.869207645766
84 0.034501833841 0.103309927043
85 0.160498244688 0.663375528529
86 0.850459707435 0.801518150140
87 0.497429823037 0.068341103382
88 0.225780110806 0.103545960039
89 0.867158938199 0.697793214582
90 0.677682199050 0.968770900276
91 0.330110973213 0.640496180858
92 0.573905106168 0.806936195120
93 0.393791102804 0.388030582573
94 0.352215116378 0.048066738993
95 0.711176782846 0.162462500390
96 0.230487253051 0.735007581301
97 0.243722081650 0.155888531823
98 0.052166234702 0.148883823771
99 0.025096177589 0.086668068543
100 0.252193750814 0.185594422277
101 0.750043597072 0.102653458714
102 0.987112572417 0.247473420110
103 0.170994562097 0.212892683223
104 0.351019380149 0.038153500762
105 0.910685898270 0.028701579198
106 0.006924401037 0.240796871483
107 0.669197760057 0.580829507671
108 0.047733067069 0.062988863327
109 0.968860090245 0.399948183447
110 0.111055602320 0.680036873091
111 0.562410683837 0.341542855836
112 0.415044454858 0.806132765487
113 0.497431387659 0.467210689560
114 0.955016589258 0.522527565714
115 0.553878758103 0.207210340537
116 0.708121987991 0.303922355175
117 0.309863799252 0.695234560873
118 0.551395775285 0.480858361349
119 0.908127244096 0.902415155433
120 0.519011862110 0.818813142367
121 0.931116734631 0.525936263613
122 0.059610014316 0.600314495154
123 0.106765771285 0.107343081385
124 0.663303358480 0.075625861529
125 0.507291264832 0.774358960800
126 0.755662735086 0.069701948669
127 0.115901816636 0.170707189944
128 0.875834714621 0.613333204761
129 0.637917879503 0.830851303879
130 0.135860770475 0.191796637606
131 0.038061644416 0.843982758466
132 0.495718992781 0.347925443668
133 0.539217319340 0.047114768066
134 0.828783805482 0.447344563901
135 0.949529923499 0.347795667592
136 0.266157706268 0.880646658130
137 0.873731931206 0.325767720584
138 0.480961153284 0.980497702491
139 0.433110801969 0.144264511764
140 0.056123564485 0.940402066801
141 0.918623473030 0.811786299571
142 0.010104015935 0.034525289666
143 0.982493489515 0.885938730557
144 0.647858494427 0.620411369018
145 0.716790034436 0.783719264902
146 0.812208006624 0.754851679318
147 0.627702023834 0.307926999405
148 0.102777122986 0.166919343174
149 0.355041767471 0.931560928468
150 0.614263907075 0.304571690969
151 0.279356596526 0.880421613809
152 0.185218349099 0.153088527732
153 0.206189334393 0.666179502849
154 0.133586230688 0.639300136827
155 0.810444014613 0.189709795173
156 0.579702203628 0.729067487642
157 0.001496094745 0.589806219563
158 0.763592777774 0.983989584260
159 0.475744950119 0.411451272201
160 0.604400953278 0.192534985021
161 0.195170537569 0.416608959902
162 0.947386664338 0.822872561403
163 0.724535959307 0.050163787324
164 0.989791904576 0.079577726778
165 0.981724716257 0.604055812117
166 0.384149417747 0.261081312783
167 0.484477425925 0.569367766846
168 0.414169840515 0.690666760318
169 0.235547269695 0.547756071202
170 0.329966897145 0.045991284773
171 0.737465866376 0.909669101238
172 0.775058772415 0.738961961120
173 0.499475320801 0.538651550189
174 0.722951545380 0.975220271386
175 0.950102822855 0.327352498658
176 0.167755256407 0.145273360424
177 0.743961458560 0.115141920745
178 0.968145921826 0.468497417867
179 0.165305708069 0.957937826402
180 0.548075144645 0.147030424327
181 0.561993638519 0.932224562392
182 0.408111737110 0.046471064445
183 0.501592329703 0.822281578090
184 0.737137825228 0.737139599398
185 0.370037649292 0.067104722373
186 0.783130884171 0.107503516134
187 0.976773823611 0.558189657051
188 0.846465477254 0.476249144878
189 0.096841207240 0.569417023100
190 0.451469416264 0.046944030095
191 0.896769521758 0.619224672671
192 0.192217390519 0.640730980784
193 0.734366593417 0.160363312345
194 0.109228398651 0.899672301486
195 0.118301139213 0.657303543761
196 0.046702726278 0.680294777732
197 0.589528106153 0.454814463388
198 0.726765842643 0.091120435856
199 0.277096041478 0.463903667871
200 0.828260035720 0.647133691236
201 0.531008390244 0.611390919890
202 0.754637207370 0.507782214321
203 0.169580576941 0.601102684624
204 0.984031359199 0.266421784647
205 0.170519707724 0.435500775464
206 0.313365814742 0.067289229948
207 0.054725448135 0.505583205726
208 0.708020210732 0.789092041552
209 0.665946518071 0.817248609383
210 0.688764343038 0.784247657284
211 0.474552153144 0.735467069317
212 0.464542435482 0.064080259763
213 0.190281533170 0.191308278125
214 0.155200695619 0.467377574649
215 0.655211945996 0.983460731339
216 0.114511265885 0.186220336240
217 0.594851651695 0.869148473255
218 0.694002550561 0.764432228636
219 0.470251158345 0.678033909760
220 0.030854013283 0.640770866070
221 0.113534685224 0.344219828490
222 0.708060096018 0.168260133360
223 0.849803034216 0.416080306750
224 0.957352174912 0.515749552287
225 0.233328916598 0.646116518416
226 0.299997210037 0.707881069742
227 0.381583587732 0.764539645519
228 0.771961329505 0.571865120903
229 0.955847923644 0.927162025589
230 0.039242696017 0.611059869640
231 0.910622756928 0.153753961902
232 0.797280205879 0.505474408623
233 0.022902435623 0.491282756906
234 0.269906637724 0.493153593969
235 0.169316666666 0.300760651007
236 0.133924460039 0.282851352356
237 0.644980479497 0.841984556522
238 0.451111485716 0.494783513714
239 0.258064863272 0.408463661093
240 0.010533066466 0.491393779870
241 0.054580179509 0.310530276503
242 0.199274850078 0.436163767241
243 0.075069922023 0.971236179583
244 0.008028888609 0.030917845666
245 0.898398205172 0.047271584626
246 0.641977715306 0.809020962566
247 0.201025546528 0.439257921185
248 0.314495371189 0.223927982152
249 0.930540678091 0.584402008913
250 0.717081576120 0.099857345223
251 0.885162660386 0.851006036624
252 0.382708697580 0.530143139884
253 0.692990593147 0.833820183296
254 0.024926654063 0.951055456419
255 0.242283844389 0.035459720530
256 0.442449236754 0.296864023898
257 0.345989997033 0.641724086832
258 0.733027791604 0.421059919056
259 0.612960266415 0.741056680214
260 0.451977764722 0.511358472053
261 0.788328264840 0.093955480028
262 0.320379434619 0.989353811368
263 0.533213401213 0.634874805808
264 0.213281793986 0.463754079770
265 0.219276815187 0.930363370106
266 0.563611424994 0.104439475574
267 0.781369406730 0.946320122574
268 0.634582615457 0.474359999876
269 0.780140305869 0.659509269521
270 0.425415456761 0.022424150724
271 0.694968990050 0.867864693515
272 0.319288174622 0.040958987083
273 0.509588780347 0.052315966226
274 0.462018906139 0.122549046762
275 0.793372646440 0.913996670861
276 0.633907518815 0.581700911280
277 0.007952150889 0.954286953434
278 0.571054723114 0.541165552568
279 0.589161759708 0.784336517099
280 0.004919632338 0.808438574895
281 0.714699887205 0.568531057332
282 0.912878050469 0.496069294401
283 0.514851179905 0.547460665926
284 0.970429294277 0.294991485775
285 0.206969935913 0.395844751038
286 0.317415636498 0.901938925963
287 0.263709444553 0.636703811586
288 0.942897913512 0.773298224900
289 0.689019777812 0.404916819651
290 0.895847272128 0.482392424718
291 0.318913490977 0.529754790943
292 0.064093335997 0.326865641866
293 0.484041744843 0.635148059111
294 0.868031194434 0.073203504551
295 0.419484576210 0.872950826772
296 0.881642079446 0.134184463881
297 0.441481884103 0.794520129915
298 0.630253758281 0.956333064009
299 0.341980795842 0.600683052558
300 0.251324550249 0.548950731754
301 0.996527804062 0.568740186747
302 0.450889658183 0.260237248614
303 0.205443998333 0.393787571695
304 0.033535473980 0.894463776611
305 0.798704391345 0.929382746108
306 0.376856201328 0.117617882323
307 0.459137537051 0.440949537326
308 0.444483524654 0.943179281894
309 0.076097596902 0.312514719088
310 0.016382786445 0.495582173113
311 0.185465546325 0.898024865892
312 0.629766636994 0.626947430428
313 0.692544995807 0.260020395275
314 0.583280494902 0.034525792114
315 0.860703448299 0.834605045151
316 0.583476523869 0.857231252361
317 0.403345231898 0.034366182052
318 0.117468500976 0.608789230697
319 0.428153753746 0.151003974956
320 0.503253007308 0.226858145557
321 0.080386721063 0.880109208636
322 0.344476027880 0.539524258580
323 0.321058745962 0.788959552534
324 0.482703540474 0.397156342864
325 0.101474272087 0.499086327385
326 0.892738516442 0.286939818412
327 0.397111193277 0.522505153436
328 0.913887248840 0.089656189550
329 0.782525549177 0.497167743742
330 0.124181981664 0.643228997476
331 0.331772788893 0.707658505533
332 0.500460249837 0.735118021257
333 0.742024688050 0.617928750813
334 0.343907251954 0.170178441796
335 0.768932726234 0.847160259262
336 0.397036587354 0.849319447298
337 0.727269467898 0.741512615699
338 0.388843705878 0.048328213859
339 0.530472168233 0.871547246817
340 0.445484557189 0.631946440320
341 0.370633574203 0.338223073632
342 0.918886258733 0.767744767480
343 0.860728227068 0.832773508038
344 0.857400957029 0.643253776245
345 0.329941251781 0.981582938693
346 0.286482773721 0.661714041140
347 0.689241444692 0.786943023559
348 0.396832062397 0.431266132742
349 0.404871774837 0.740739314351
350 0.601444574539 0.173804501072
351 0.587899573613 0.998481162358
352 0.023123948369 0.315169041511
353 0.739993778057 0.411967654712
354 0.363497255370 0.270465946291
355 0.283514901530 0.808981812559
356 0.902412387077 0.654148475733
357 0.147204886191 0.821298645809
358 0.421893243212 0.007933113724
359 0.654072153848 0.279294200707
360 0.651186889969 0.984013406094
361 0.260877139401 0.937669664156
362 0.645727447234 0.950118584093
363 0.724612687714 0.042559509631
364 0.381384716835 0.129484462552
365 0.783298823982 0.982829291839
366 0.303288963623 0.371198397595
367 0.981310454197 0.326412912458
368 0.686367439106 0.721304232255
369 0.738380567171 0.049864694476
370 0.991770178545 0.021895468701
371 0.858846507501 0.894182565622
372 0.676043944433 0.006051393691
373 0.715481211897 0.097937187646
374 0.013984507415 0.369553365745
375 0.377231388353 0.665171397850
376 0.353566771839 0.638108528219
377 0.602841062006 0.999294219073
378 0.588227112312 0.327453749720
379 0.041853728704 0.969611829612
380 0.456938212737 0.825152552687
381 0.952441121452 0.760227176361
382 0.196350950282 0.933751575649
383 0.086640088819 0.882718389388
384 0.655055807903 0.825020655990
385 0.932583084330 0.646825986449
386 0.846916124690 0.791429591831
387 0.541008552536 0.522960069124
388 0.797480985522 0.256489764433
389 0.620897257235 0.811465493403
390 0.626043130178 0.998128645588
391 0.476636891253 0.979609902482
392 0.636237173807 0.079477953259
393 0.978904121555 0.224464286584
394 0.406931702979 0.020757850725
395 0.194076116197 0.863869915716
396 0.845910403412 0.146517237648
397 0.624097092543 0.042261354160
398 0.080268813297 0.710737181362
399 0.924979743548 0.735324621201
400 0.535757837817 0.857562827878
401 0.382150607649 0.382673962507
402 0.648992419709 0.923159160186
403 0.905634032097 0.446473405696
404 0.179648924619 0.526531289332
405 0.257938899100 0.805692055263
406 0.524659934919 0.734575790353
407 0.785301957745 0.160897109192
408 0.814053743612 0.764206079300
409 0.385361395776 0.220985446591
410 0.784963930026 0.579437511973
411 0.084855362773 0.630874333903
412 0.725954749621 0.708952455316
413 0.673135688063 0.806223562919
414 0.419689636678 0.598115431610
415 0.541548184119 0.955447474495
416 0.455678259954 0.923698791768
417 0.338121437468 0.104670679662
418 0.846857952420 0.243755469564
419 0.551144085359 0.026506877039
420 0.770286758896 0.809082984459
421 0.832198932301 0.294946693815
422 0.543658774812 0.617500890046
423 0.455843803007 0.357712518424
424 0.381706969813 0.841205198783
425 0.578697965480 0.166670899838
426 0.420642710757 0.663553328253
427 0.797545233741 0.146597460378
428 0.372505783569 0.470680921804
429 0.952821023297 0.792195420247
430 0.068796353880 0.494369207416
431 0.747642895207 0.524474613834
432 0.418067999650 0.085764332674
433 0.629145293497 0.264925952069
434 0.329519802239 0.180289379321
435 0.291432829108 0.099806561135
436 0.989372363780 0.123631761875
437 0.394753254950 0.533031139057
438 0.741132651921 0.850597058423
439 0.890743657481 0.122839621734
440 0.691802257206 0.469441622961
441 0.289510522038 0.112444968428
442 0.132994951215 0.087055755779
443 0.259042428806 0.505500734784
444 0.557736678049 0.211863452569
445 0.297696155496 0.626533031929
446 0.706232659984 0.045339050703
447 0.151007645763 0.124300659634
448 0.131103383377 0.780152939260
449 0.389226611704 0.460623185616
450 0.960442318581 0.680659441277
451 0.560429746751 0.949814682826
452 0.804291203152 0.955183001701
453 0.482845821884 0.545423855074
454 0.805780060124 0.373589479364
455 0.668263477273 0.497582317796
456 0.843031102791 0.957773999311
457 0.610027286224 0.976026054006
458 0.044829755090 0.869069715030
459 0.481526789255 0.602566433139
460 0.080933167599 0.779222944751
461 0.229099465068 0.787165828049
462 0.824561995454 0.380107110832
463 0.911466487683 0.955665378831
464 0.160260050558 0.300693099853
465 0.416288564447 0.120702369139
466 0.981352541130 0.976718311198
467 0.070517051965 0.785643744282
468 0.931901312899 0.553362873849
469 0.331067599356 0.737681373488
470 0.926952353679 0.999331076629
471 0.235263691284 0.769983456470
472 0.957105075940 0.845290977508
473 0.746009510476 0.001934831496
474 0.714360692538 0.227536299732
475 0.604501264635 0.795293860603
476 0.006759244483 0.833600730170
477 0.582459688652 0.831321239937
478 0.213707841001 0.493926176336
479 0.786986618768 0.373967891559
480 0.794619276188 0.203275183216
481 0.494670261163 0.775971817318
482 0.179993494414 0.565187313128
483 0.561615561601 0.111894807778
484 0.118550187442 0.892683161423
485 0.849576181266 0.045502541121
486 0.892014238052 0.084839872550
487 0.815485997591 0.849119314458
488 0.930130850058 0.561495508067
489 0.851054145955 0.644491542596
490 0.789031808265 0.455555410590
491 0.439785403199 0.795791052748
492 0.289156140760 0.022245091852
493 0.627112293150 0.502863982227
494 0.516171268653 0.414098911919
495 0.876831873786 0.310790544841
496 0.617374095600 0.371502134949
497 0.086762362625 0.797367590014
498 0.936689448543 0.648377924226
499 0.909262397792 0.055239635985
500 0.541061085649 0.758838579059
501 0.100742177106 0.433075324167
502 0.843678451609 0.916228174698
503 0.282194638625 0.773809301667
504 0.477723682765 0.133248784579
505 0.418300844729 0.266755491029
506 0.588804195169 0.858086247928
507 0.062546544243 0.877960336395
508 0.880331340246 0.689658837393
509 0.380824318621 0.396502608899
510 0.103757749312 0.257656192407
511 0.707293153740 0.721131844912
512 0.629158327822 0.794055516366
513 0.518499435391 0.565847776365
514 0.442433441058 0.427761833183
515 0.621087412350 0.983494526707
516 0.186600412708 0.721829589456
517 0.416569850873 0.030278864317
518 0.638057764154 0.698764489498
519 0.804088166449 0.115781446919
520 0.832013274077 0.222389011178
521 0.382536938414 0.420817469712
522 0.080475259107 0.445083482657
523 0.298777806107 0.960806599353
524 0.134742320050 0.679602124728
525 0.357309208252 0.238500069361
526 0.937258317135 0.064602362458
527 0.959631914739 0.566416644957
528 0.858657878824 0.478131350130
529 0.132264421321 0.301091319881
530 0.905893183313 0.753351833671
531 0.284585847054 0.092493596021
532 0.475181423128 0.701155697927
533 0.122772460803 0.113239187282
534 0.399920187891 0.926860627253
535 0.229020634666 0.231933461968
536 0.149249638431 0.611557573080
537 0.652750931680 0.229724897537
538 0.056641055737 0.951528737787
539 0.190531497356 0.191383375786
540 0.631130862515 0.547840705607
541 0.429883445147 0.568389180116
542 0.612443068065 0.389515359886
543 0.134805825073 0.471100947354
544 0.867646710016 0.267070246860
545 0.772192267235 0.773539893795
546 0.020422080532 0.056778114289
547 0.866033489816 0.495603504125
548 0.757933812682 0.988805950619
549 0.608842691407 0.157854000572
550 0.915666577872 0.837863326073
551 0.389787462540 0.064916216303
552 0.449420899153 0.042538394686
553 0.294641114306 0.506061954889
554 0.994067132473 0.485172611661
555 0.697445330676 0.625197995454
556 0.033013317268 0.127328776289
557 0.193587175570 0.645456385799
558 0.516844136175 0.328393000644
559 0.116557333153 0.384490846656
560 0.595463247504 0.888749600388
561 0.158030740451 0.615885328501
562 0.945527715143 0.024064230267
563 0.111488832626 0.703461527824
564 0.012870181352 0.720331524033
565 0.861315528397 0.928536759224
566 0.558194850571 0.251102990936
567 0.993452975992 0.007615749724
568 0.293641385622 0.288094090298
569 0.513677705079 0.287708518561
570 0.773266701959 0.211123035755
571 0.912906514015 0.806280019227
572 0.338451812044 0.106493689585
573 0.451736405026 0.855295948684
574 0.434886690229 0.568293738179
575 0.239786795340 0.030349938199
576 0.457043339033 0.397817535792
577 0.646235266700 0.402571054175
578 0.421881766059 0.757724099327
579 0.106032582000 0.434751947410
580 0.478055623360 0.967348110396
581 0.363288707100 0.036250473931
582 0.218451101333 0.356741683092
583 0.043866224121 0.512092487421
584 0.644835773390 0.557543929201
585 0.799801005982 0.418102475349
586 0.768666964956 0.712707519997
587 0.224382494576 0.107118777465
588 0.819201209582 0.676118900068
589 0.962414726149 0.254087899812
590 0.244412638247 0.202201521490
591 0.284437838010 0.701455977280
592 0.600019057281 0.930673104711
593 0.104027031455 0.021900823340
594 0.688397204038 0.210059613455
595 0.456652771216 0.166452827863
596 0.177407723852 0.819941478316
597 0.202703301795 0.395858825650
598 0.176683161408 0.246569525916
599 0.907951313071 0.821518934797
600 0.804113455117 0.707752319053
601 0.239621410146 0.572780420538
602 0.420459839050 0.464003904723
603 0.679899198003 0.239661048632
604 0.140122804791 0.642313924152
605 0.493748948444 0.384535443503
606 0.844515445642 0.778186786920
607 0.085991420783 0.444534502923
608 0.708859891631 0.190018452704
609 0.466435326263 0.397257096134
610 0.400078066159 0.923088097479
611 0.563709923998 0.577485790476
612 0.743029575795 0.766413225792
613 0.973344616126 0.919712737203
614 0.012982752174 0.881295929197
615 0.741231672000 0.817096207291
616 0.589048248250 0.980853082146
617 0.389876627829 0.009508087300
618 0.444856987335 0.069775825832
619 0.249169135932 0.584979792126
620 0.712089749984 0.742918084376
621 0.969515235629 0.556605195627
622 0.521104871295 0.055506656878
623 0.001139698550 0.229964763392
624 0.245525109582 0.467575025279
625 0.627221859526 0.645603175741
626 0.390663122758 0.190931783523
627 0.223088966217 0.133692699019
628 0.957345009316 0.196433582343
629 0.053405436222 0.970327761490
630 0.077729511540 0.794637108687
631 0.787423969246 0.666777759790
632 0.775490190834 0.177300597075
633 0.676285847090 0.220347178169
634 0.247076423373 0.925454983022
635 0.805326970760 0.959166173358
636 0.668373067863 0.774842206389
637 0.515771369450 0.189477939159
638 0.830348863266 0.516911068000
639 0.419442702550 0.075873972848
640 0.984486093279 0.046664562076
641 0.721477149054 0.375149216503
642 0.237596345600 0.944566115271
643 0.508841915522 0.194941355381
644 0.140999698080 0.562247351743
645 0.165269116871 0.218729209621
646 0.356884460431 0.952693086118
647 0.885506969877 0.132374651730
648 0.129993683659 0.561792816967
649 0.352721829899 0.377070107032
650 0.487247800454 0.158048800658
651 0.336236280389 0.155620868318
652 0.932891007513 0.852007649839
653 0.345098807476 0.763239870779
654 0.368918718304 0.764541510493
655 0.839113844093 0.353404811583
656 0.811206072569 0.560590993147
657 0.728554028086 0.048802418634
658 0.505157108419 0.237395943608
659 0.243743774015 0.646156806499
660 0.799643295817 0.409012890887
661 0.864886016585 0.156527756248
662 0.361705977470 0.750392986462
663 0.288902407978 0.491699661128
664 0.312185803428 0.641624238342
665 0.868769768160 0.799433603883
666 0.799673039000 0.205006048549
667 0.955054472201 0.732564046513
668 0.057013698854 0.300153280143
669 0.495803917758 0.425932417158
670 0.064694790635 0.334917761851
671 0.779337228741 0.875900863204
672 0.895508754998 0.507891257294
673 0.924703281838 0.400665863417
674 0.745287200902 0.168447055854
675 0.046822670382 0.544930496719
676 0.577459947206 0.911708686966
677 0.701458253432 0.939165924676
678 0.662101673428 0.990360661410
679 0.430865585804 0.974287476856
680 0.631984899752 0.299635353964
681 0.773721081205 0.431657939218
682 0.504641402513 0.728775553405
683 0.164221985731 0.561655101366
684 0.028928833548 0.660025903489
685 0.987587518524 0.093623624183
686 0.994943665341 0.766924747732
687 0.969524487853 0.890452420339
688 0.274816005025 0.894227769691
689 0.291118284222 0.020103205927
690 0.062674826011 0.337940954603
691 0.565033703111 0.640134773217
692 0.249649641570 0.266491956543
693 0.579300697893 0.911751314998
694 0.256852617953 0.010166283697
695 0.886038791854 0.888837518170
696 0.309801637661 0.659759873059
697 0.320495457388 0.814443040174
698 0.388535426930 0.484717443120
699 0.376098142006 0.417464260478
700 0.144743347075 0.363685660530
701 0.511087885126 0.139687012415
702 0.130610408261 0.480612372980
703 0.030139433220 0.405426413286
704 0.374840142671 0.321257717442
705 0.425529619679 0.437514968682
706 0.659198672045 0.990563322790
707 0.077649741899 0.908848313615
708 0.257055279333 0.656950439792
709 0.820599628612 0.513907897286
710 0.667116723489 0.706638420466
711 0.402745415457 0.976918361150
712 0.366398293991 0.723240872845
713 0.791361401789 0.754933720920
714 0.207958316430 0.167459543794
715 0.172397981398 0.352701663505
716 0.531145204324 0.683485866524
717 0.492388675921 0.661755613051
718 0.164098239504 0.522528109141
719 0.067182026338 0.538938382640
720 0.843785826582 0.492711646017
721 0.976453351323 0.502984498627
722 0.483274968807 0.054103093687
723 0.411832812242 0.740330248140
724 0.711053533480 0.232432440855
725 0.254238145892 0.378170257434
726 0.939070861787 0.656983561348
727 0.355088618584 0.305469155777
728 0.380224434659 0.146450020373
729 0.060402876697 0.588182751089
730 0.313909564167 0.232800858095
731 0.940884414595 0.845054768957
732 0.916286725085 0.433273090515
733 0.506810382009 0.080384964589
734 0.955801200122 0.573992408346
735 0.619323347230 0.799587026704
736 0.066704054829 0.595776699018
737 0.302571525797 0.549979023635
738 0.649879792705 0.714404338039
739 0.290309272241 0.360933326185
740 0.946836779360 0.544547418132
741 0.739103583619 0.885907641146
742 0.201530979481 0.094192202669
743 0.191376796924 0.581755414139
744 0.240642223042 0.251779673621
745 0.169938165229 0.554551787674
746 0.484580531716 0.110822579823
747 0.399606556632 0.400867256802
748 0.544095670804 0.906416938640
749 0.481252221856 0.499896870926
750 0.480409346987 0.100575569086
751 0.299483897630 0.547113401815
752 0.696352268104 0.602055423427
753 0.097092425916 0.346232060809
754 0.316459761932 0.387401698157
755 0.707165387459 0.263296541292
756 0.931949116290 0.446268971078
757 0.149204182439 0.133480095770
758 0.540461173747 0.340580979362
759 0.715235510375 0.781103397254
760 0.592360652983 0.885173675604
761 0.335655184928 0.076941184700
762 0.995996255893 0.735261741560
763 0.477808441967 0.540091926698
764 0.641678680200 0.959060663823
765 0.039988797624 0.122088027187
766 0.059636232909 0.339472695254
767 0.669201429468 0.755988501478
768 0.941528119147 0.766293855384
769 0.102220562287 0.257987881079
770 0.153695553541 0.809385949746
771 0.521284422372 0.085644669831
772 0.255654921290 0.670488604810
773 0.219124765601 0.796116095036
774 0.011069584172 0.934360275976
775 0.577219492290 0.603430237155
776 0.819533952046 0.912874677218
777 0.680371421855 0.815530207939
778 0.648136418778 0.158179863822
779 0.355622134637 0.289815098979
780 0.117240527645 0.395610932261
781 0.411903126631 0.176876761019
782 0.735083627515 0.081104556099
783 0.932865262497 0.676611746661
784 0.847398411483 0.035085824784
785 0.934599627741 0.001093965024
786 0.844471774995 0.455884050112
787 0.086738634855 0.100126696285
788 0.126372654922 0.305863400456
789 0.896242791321 0.137442239095
790 0.240223676898 0.473462284077
791 0.740872476250 0.059757628944
792 0.386336961295 0.421243898571
793 0.875287836883 0.034473380540
794 0.579423762392 0.230909971520
795 0.324288479518 0.696664290503
796 0.626520903781 0.736191606149
797 0.873541051522 0.361604531296
798 0.817296162248 0.806406314019
799 0.038216278423 0.664694573730
800 0.841492138803 0.972815906163
801 0.665788538754 0.685963913798
802 0.428699956741 0.752527173609
803 0.786090610083 0.555072611663
804 0.058390574530 0.682333401870
805 0.692514851224 0.298614251427
806 0.155795685947 0.433387327474
807 0.358371880371 0.542132647242
808 0.854631226044 0.233659717254
809 0.576606027782 0.434054988902
810 0.464569688775 0.900894507766
811 0.130719279405 0.091090592556
812 0.637086113915 0.004260330927
813 0.452695123851 0.454382276628
814 0.810666644946 0.490911402274
815 0.119076850358 0.652158783749
816 0.463727308903 0.784865389578
817 0.338122698013 0.892427265644
818 0.537392563187 0.124213308096
819 0.447499877308 0.595783137716
820 0.806546709966 0.140014728531
821 0.894397389144 0.962342395913
822 0.573402056471 0.252769269515
823 0.504475043621 0.428033282515
824 0.486428986769 0.081081071403
825 0.862088271417 0.950998675544
826 0.981975579169 0.992807550821
827 0.042089268100 0.619061693549
828 0.997067881748 0.494784392416
829 0.073443970177 0.807734526694
830 0.985695794690 0.192520820536
831 0.459893310908 0.449423103593
832 0.977386210114 0.798016008921
833 0.341850369237 0.514778773766
834 0.922229317017 0.789350247011
835 0.110561911482 0.728776027448
836 0.929364975542 0.004959301092
837 0.691118423361 0.502767032012
838 0.257728570607 0.195593466982
839 0.930800314993 0.744157557841
840 0.276674538851 0.792888586409
841 0.695156233385 0.258650118019
842 0.785696137697 0.737245501950
843 0.877711811569 0.782764019445
844 0.232029894367 0.951155781746
845 0.590498546604 0.217725689057
846 0.143676602747 0.050391857512
847 0.667148793116 0.121062812861
848 0.848407866433 0.008999162354
849 0.635841586627 0.770637183450
850 0.798349409364 0.746403498575
851 0.499413210899 0.727714385372
852 0.751362799667 0.190531634726
853 0.230481417384 0.009091370273
854 0.386125101708 0.161281732377
855 0.753248928115 0.662799640559
856 0.954170319252 0.448405161966
857 0.921449759044 0.739866456948
858 0.185650663916 0.799161570612
859 0.522630476393 0.417680558283
860 0.750317352824 0.113129022997
861 0.635406247340 0.893993955571
862 0.163520880509 0.302555040456
863 0.015056768432 0.011928746942
864 0.311554203276 0.650898355525
865 0.782565930858 0.109903612640
866 0.397301854100 0.281979141757
867 0.837617998011 0.148664653767
868 0.472510776483 0.068099415861
869 0.157756024040 0.858635878656
870 0.229381148238 0.911004952621
871 0.521435519215 0.183551467489
872 0.359410114586 0.442885278258
873 0.923417924438 0.545060778502
874 0.242046849336 0.446048401296
875 0.962741336785 0.992364202160
876 0.559177424293 0.598147584125
877 0.886358157732 0.722698305268
878 0.900702625047 0.901414926164
879 0.734627052210 0.212256828323
880 0.552313281689 0.517192983069
881 0.322160440963 0.949615135789
882 0.799172125291 0.159778439440
883 0.098279789556 0.271682901774
884 0.227877855301 0.256035814062
885 0.130318780430 0.457259003539
886 0.167040766682 0.651754300110
887 0.640810471494 0.526450881269
888 0.094639578369 0.564228395931
889 0.071511659771 0.336686427705
890 0.010276797228 0.034252996556
891 0.329050629865 0.569454221986
892 0.632400580682 0.215408787597
893 0.292152527254 0.533103205729
894 0.116823714226 0.026779579464
895 0.745360034052 0.669136995915
896 0.543972562999 0.067520475481
897 0.618752132170 0.343144688290
898 0.227298914921 0.717031921726
899 0.614827590063 0.455176770221
900 0.973067735787 0.745146370959
901 0.912435773760 0.140108502470
902 0.396900671069 0.553246245254
903 0.666559383739 0.491540249437
904 0.117474641651 0.738071043510
905 0.828226677608 0.127751438878
906 0.772324040066 0.157277307473
907 0.697205660865 0.404724621214
908 0.372686095536 0.989358188119
909 0.937827826943 0.489509809762
910 0.016137768049 0.683187861461
911 0.158646805678 0.560110331047
912 0.750708336942 0.777398937847
913 0.903255019337 0.978007251862
914 0.494430860039 0.518082609400
915 0.433184022084 0.467498595826
916 0.263228980359 0.345619795844
917 0.607607098762 0.660129651427
918 0.898866041563 0.274166482501
919 0.151669901330 0.016340683214
920 0.012237526476 0.979896578938
921 0.144092122093 0.784561566543
922 0.137173886411 0.841297783423
923 0.189286187757 0.509859981947
924 0.830655971542 0.127114015166
925 0.999369791709 0.846793739591
926 0.810301876627 0.158016597852
927 0.406904070638 0.561010213569
928 0.935415535700 0.310159089975
929 0.539017465431 0.429846395738
930 0.828241699841 0.972201487515
931 0.897344992030 0.091470680200
932 0.317821283359 0.504952090792
933 0.751600332092 0.216687324923
934 0.779118573293 0.903270233423
935 0.233028008137 0.791356099769
936 0.883166812360 0.377120130695
937 0.575917666778 0.020340698771
938 0.218417914119 0.765203854535
939 0.530200681183 0.049073885661
940 0.892317869700 0.529570472892
941 0.895867625717 0.702619746327
942 0.687587070744 0.302771696355
943 0.263629959896 0.623002606910
944 0.612930786796 0.802647425327
945 0.052849002648 0.441172486637
946 0.774848912843 0.950193994679
947 0.532643166836 0.092670196667
948 0.455146085471 0.284243498929
949 0.309357521590 0.234264659230
950 0.187513732351 0.542385530192
951 0.025620758999 0.070680544712
952 0.919505660888 0.601538425777
953 0.091021243948 0.137923575006
954 0.366742280778 0.621221925132
955 0.186997460667 0.259060150478
956 0.150792398024 0.082865086384
957 0.961679897271 0.838379469234
958 0.385636783205 0.225309857167
959 0.461382076144 0.998567570001
960 0.027957282960 0.514231078792
961 0.439740056638 0.802806195803
962 0.464425073937 0.972383223474
963 0.895476392470 0.919571159407
964 0.256626722869 0.204833914526
965 0.153835818637 0.444140455220
966 0.747219444718 0.179456578102
967 0.514821000397 0.666725105606
968 0.780995003879 0.605842244346
969 0.804648680612 0.147737284657
970 0.227064169478 0.991646141279
971 0.406797435600 0.377856567502
972 0.074511228129 0.368477332871
973 0.216236036737 0.460148011334
974 0.593787190039 0.677618112881
975 0.458715581335 0.621744472999
976 0.191849192139 0.898455637973
977 0.424550669268 0.656274266075
978 0.870838861447 0.320027061738
979 0.575845425483 0.127465584315
980 0.524860976264 0.729681244586
981 0.571606040001 0.272080420982
982 0.909137822688 0.086427040398
983 0.938805526588 0.690132826567
984 0.692269284744 0.743454207201
985 0.837870111689 0.919333454221
986 0.735100348946 0.244667547289
987 0.297190021724 0.809611577075
988 0.613144880161 0.513426058926
989 0.269759588409 0.206932070199
990 0.191044171806 0.728475169744
991 0.828676543664 0.382893363945
992 0.626930807717 0.253227212932
993 0.039167630021 0.497769669164
994 0.573254274670 0.615013055969
995 0.625235253945 0.098115251400
996 0.344694300555 0.196841293946
997 0.370195672382 0.253832123242
998 0.283268334344 0.309001199435
999 0.943964949809 0.975537619088
