4
60
0.300000
0 0.050000000000 0.050000000000
1 0.050000000000 0.950000000000
2 0.950000000000 0.050000000000
3 0.950000000000 0.950000000000
4 0.729731642641 0.430049367249
5 0.743806592189 0.843960434664
6 0.099491219502 0.279338073917
7 0.649805284105 0.850763000082
8 0.512158254627 0.216092075687
9 0.449338840786 0.825393066742
10 0.695065605454 0.351690164302
11 0.398828926031 0.039419404697
12 0.053772098385 0.909606875852
13 0.140217013191 0.387639672961
14 0.020602266770 0.647713175975
15 0.111034437083 0.703952141106
16 0.096171470825 0.124953264371
17 0.119299014099 0.111942217220
18 0.832228753250 0.318327822257
19 0.647626726888 0.561960395891
20 0.748377189506 0.391433319077
21 0.405920830555 0.847868409008
22 0.670771392994 0.055726114661
23 0.698631409090 0.182929648086
24 0.271818190347 0.147970249876
25 0.008322714828 0.966883796267
26 0.499660414644 0.407151641324
27 0.006303200964 0.553432513028
28 0.316758517176 0.146520214621
29 0.941072185989 0.337360783946
30 0.794233390596 0.052106623072
31 0.041312925052 0.890404861886
32 0.177059887908 0.160611939151
33 0.002347079106 0.009288641158
34 0.478939761408 0.649973806459
35 0.571249037050 0.227316950914
36 0.041407125536 0.977169867605
37 0.075185359921 0.712178518996
38 0.032895982731 0.773816769011
39 0.895108167082 0.304714173079
40 0.921787018888 0.903430881910
41 0.271597969346 0.421447433531
42 0.310582523234 0.277901170775
43 0.974879946560 0.627341040410
44 0.424421385396 0.915952132549
45 0.964701824356 0.218654775992
46 0.968058756087 0.006014749408
47 0.109059637878 0.145118643995
48 0.166626688559 0.111406717449
49 0.154407285154 0.645566449966
50 0.761380523909 0.725656322204
51 0.872883400880 0.802787649445
52 0.702826189809 0.948068760801
53 0.514966168441 0.735722172540
54 0.721885529812 0.410074335523
55 0.040436346084 0.643672549166
56 0.313505217899 0.312034315430
57 0.065119982697 0.624087741133
58 0.589935486205 0.039999929722
59 0.251428782009 0.014356871601
60 0.955952062272 0.216130606364
61 0.233011648059 0.924010818359
62 0.222145356238 0.342071285937
63 0.069129462354 0.388772044796
