100
900
0.060000
0 0.357309060171 0.612672117073
1 0.640388182830 0.849678531755
2 0.234192934353 0.818098185584
3 0.749974711332 0.370675829239
4 0.152289894409 0.502869626973
5 0.975706101861 0.310232154094
6 0.996190496720 0.116283361800
7 0.959655427374 0.418667672202
8 0.943661298603 0.132547024637
9 0.754335899837 0.266780815553
10 0.967307882383 0.758351522498
11 0.791297902353 0.343518651091
12 0.120698809158 0.357736313716
13 0.833701846655 0.681654523127
14 0.997448350303 0.001157137565
15 0.176870113704 0.354757410940
16 0.613829254638 0.817258296534
17 0.204435942695 0.848022189457
18 0.635356482584 0.954410654027
19 0.218698018696 0.787646376994
20 0.457280281000 0.194404120557
21 0.097878531087 0.453470778186
22 0.310687482823 0.057533958927
23 0.872138450388 0.254348781426
24 0.190080983564 0.626474350225
25 0.521129597444 0.157388865948
26 0.384825872723 0.312427499797
27 0.500907517038 0.505524681881
28 0.670163813978 0.334609364159
29 0.187179205008 0.667612164281
30 0.335766501725 0.364049318712
31 0.022369575221 0.949595756363
32 0.181307615247 0.226805517916
33 0.797617945820 0.816664097831
34 0.181216172408 0.016315964982
35 0.604310475290 0.638496453408
36 0.210720085539 0.702189006377
37 0.091967231594 0.521407568362
38 0.759722965304 0.964105681982
39 0.775756350253 0.949803949334
40 0.590580032207 0.296885947697
41 0.107192815281 0.975405904930
42 0.609313447494 0.608100332785
43 0.480930586811 0.279477261472
44 0.942709696945 0.668109791819
45 0.947089426219 0.278476198670
46 0.032159110531 0.969459001441
47 0.228071955033 0.213466726243
48 0.196264519822 0.025689901318
49 0.030130824074 0.377480692230
50 0.042005866300 0.634441299364
51 0.015977145638 0.252725951839
52 0.336630306207 0.107944377698
53 0.774133520667 0.096353271510
54 0.072050059680 0.549889870919
55 0.046157220844 0.662630092353
56 0.846775818616 0.153350036591
57 0.638035997283 0.456089266110
58 0.761450369377 0.118966584560
59 0.735566528048 0.704160066321
60 0.787076376379 0.682655954268
61 0.982636264991 0.819235487375
62 0.652114955708 0.210708220024
63 0.032702213619 0.848379475530
64 0.236398121342 0.062833037693
65 0.225860167760 0.278403987642
66 0.697274337523 0.241837313864
67 0.531129939947 0.033904643729
68 0.349781691562 0.305263460614
69 0.130257915240 0.421831751242
70 0.855153331533 0.176415136550
71 0.084461843595 0.701929150149
72 0.329765173141 0.722497841343
73 0.158018416259 0.091215542518
74 0.841464425903 0.893584944308
75 0.795375608839 0.628540802281
76 0.576240898576 0.778011873830
77 0.447776289657 0.228355854750
78 0.988720093854 0.480478503276
79 0.076735330280 0.225118215661
80 0.543311541434 0.302595498506
81 0.503522203304 0.240585878957
82 0.544432812370 0.034652143251
83 0.274490522686 0.894214503933
84 0.339915603865 0.404748437926
85 0.316046255175 0.195068935398
86 0.581163574476 0.400508099236
87 0.896998085547 0.910928747617
88 0.123005940579 0.055016502272
89 0.002144290134 0.964470366482
90 0.948601446580 0.797519898973
91 0.593011168763 0.524842345621
92 0.575531772804 0.040787458885
93 0.753198200371 0.564251867123
94 0.521265962161 0.829933530651
95 0.789370082784 0.064577503596
96 0.132529029157 0.292892286088
97 0.305163382553 0.676961841527
98 0.327544429805 0.579653905239
99 0.571176345460 0.667460033670
100 0.984402343631 0.887222601101
101 0.862528969534 0.565565918107
102 0.287730700336 0.759527055081
103 0.476494666189 0.410736640915
104 0.814543557353 0.478638956323
105 0.375207007397 0.763145004399
106 0.276158855762 0.968218176160
107 0.287987350021 0.851690628566
108 0.009005635045 0.041185550392
109 0.415942495689 0.530271597672
110 0.871119081043 0.205312578473
111 0.594849101268 0.003648110665
112 0.498204865027 0.900012484286
113 0.680609952193 0.825749294832
114 0.479666389525 0.251786298119
115 0.493209328502 0.464068733156
116 0.139008899219 0.355738298036
117 0.029634651728 0.426739599556
118 0.115265353583 0.506129317917
119 0.837476240471 0.929808910936
120 0.984768274240 0.212683247868
121 0.692953915335 0.260927130003
122 0.180901424028 0.980941265356
123 0.112617759034 0.189907059539
124 0.022126815747 0.528560254723
125 0.720178657211 0.893245897256
126 0.733872833662 0.315027758479
127 0.896894007921 0.232077698689
128 0.215040242765 0.577503960114
129 0.057826993521 0.694706632756
130 0.829290258233 0.551036322024
131 0.158775365911 0.968299157452
132 0.906774620526 0.188410017639
133 0.395038757008 0.022039974108
134 0.694539335556 0.232514997479
135 0.951848885044 0.679307610262
136 0.445198245347 0.644802800845
137 0.940234740265 0.626099669840
138 0.625744066201 0.052852499299
139 0.816006729379 0.647870882414
140 0.581412754487 0.536185386591
141 0.541116779670 0.315285588149
142 0.851213145070 0.438010787591
143 0.547363286838 0.066253388301
144 0.015514747705 0.605190280359
145 0.760960021056 0.844805006403
146 0.156226602383 0.919735386968
147 0.813104163855 0.063001222908
148 0.108145405073 0.208142921329
149 0.085041197017 0.802684740629
150 0.440657918807 0.036890082527
151 0.481992350891 0.885856164619
152 0.681692883372 0.422227091622
153 0.511955834460 0.307436949573
154 0.475079590920 0.327962563839
155 0.955307831988 0.056492345408
156 0.864147950429 0.496424611658
157 0.371777933557 0.715361095499
158 0.934435399249 0.919141220395
159 0.781614483800 0.949950147420
160 0.524331500754 0.542574504856
161 0.794755153824 0.680558103602
162 0.462309892289 0.607859317679
163 0.743559326511 0.570455297362
164 0.816002239008 0.828600523993
165 0.373140037991 0.256660158280
166 0.865490606520 0.855132389348
167 0.142516322900 0.547183489893
168 0.277359480970 0.654472157359
169 0.854620439466 0.752439071890
170 0.982434721198 0.809928271919
171 0.808931417763 0.846582671627
172 0.306352883577 0.180709351320
173 0.561943767127 0.240788283292
174 0.099850572180 0.343558251392
175 0.190738430712 0.624182072934
176 0.886132756248 0.985493584536
177 0.304740176536 0.348442648537
178 0.593352902215 0.048299503513
179 0.918897945900 0.409355141688
180 0.876900027506 0.292037984356
181 0.666015299968 0.742390634026
182 0.147170373704 0.808531622868
183 0.289574123919 0.424529854674
184 0.463003780227 0.144194563385
185 0.176968926564 0.445438501425
186 0.954122835305 0.985900344327
187 0.292021173052 0.260475719348
188 0.166609696113 0.853964940179
189 0.501264002640 0.266460268293
190 0.197523191571 0.692002433352
191 0.890642341226 0.083655948285
192 0.677496017888 0.195382518228
193 0.432098596822 0.270848920103
194 0.243682021741 0.350996543188
195 0.680204061791 0.120582049247
196 0.643034527544 0.346219361760
197 0.862972683273 0.790204901248
198 0.154750984628 0.152546807192
199 0.214734755922 0.617754764855
200 0.296741370577 0.391703682486
201 0.063193266280 0.250864206348
202 0.377604027279 0.355214439332
203 0.511339925695 0.544213723391
204 0.209179379977 0.012603928335
205 0.810673991684 0.406702571549
206 0.704606361687 0.701316332910
207 0.490358519834 0.382102379575
208 0.896698851138 0.922457117122
209 0.652951299679 0.140380872879
210 0.273453660309 0.333155361935
211 0.260962922126 0.916488187853
212 0.679374723695 0.123935605399
213 0.706693089101 0.834125708789
214 0.276482412592 0.921427845024
215 0.451880473644 0.573223783635
216 0.313131527510 0.515073740389
217 0.824087989982 0.690735554788
218 0.870288179722 0.335427915677
219 0.234949278180 0.079467559699
220 0.348031844012 0.045623269863
221 0.486170131713 0.052638205700
222 0.746939603239 0.976528651547
223 0.434740585275 0.643638454378
224 0.898985768668 0.087691884954
225 0.784019327722 0.172439428978
226 0.420847246889 0.044982249849
227 0.088927616831 0.100221971050
228 0.168917855714 0.795620705932
229 0.934347679839 0.445400268305
230 0.717048550956 0.386228153482
231 0.018624051940 0.030180078931
232 0.901301893871 0.842712041922
233 0.720915633719 0.771590074059
234 0.178139957599 0.955864912365
235 0.851057633758 0.526171801612
236 0.001488182228 0.337227765471
237 0.578810007311 0.748427785467
238 0.313756417483 0.013550592586
239 0.392066240311 0.212742186151
240 0.101242478006 0.176085568033
241 0.385181615595 0.522089724895
242 0.221067817882 0.474109232426
243 0.622311695945 0.389985673595
244 0.269729938824 0.556659375783
245 0.835385942366 0.986778489780
246 0.942887529731 0.854009994306
247 0.016958568711 0.844189423602
248 0.696722036693 0.737874202896
249 0.615779497661 0.874861994293
250 0.693739115261 0.466837131884
251 0.401033796370 0.695227297489
252 0.804064897355 0.979843803681
253 0.443655083422 0.117821314838
254 0.993394396733 0.835721323732
255 0.330563501455 0.094636874739
256 0.011806891765 0.715745117050
257 0.616726599634 0.232874709647
258 0.189854349475 0.239038296044
259 0.622860383708 0.459584288299
260 0.795697671827 0.458246326074
261 0.446362778544 0.738585201558
262 0.312256320380 0.463321347255
263 0.582774625625 0.008978357073
264 0.201195550151 0.198554123286
265 0.883840351831 0.894934665412
266 0.665391255170 0.284874148201
267 0.590161963366 0.469456152990
268 0.264717951883 0.033817046788
269 0.587277467828 0.258112348616
270 0.869538370520 0.917840969283
271 0.352749223355 0.881345262285
272 0.633586086333 0.969475823455
273 0.114219971932 0.823440436274
274 0.208514119498 0.737080355641
275 0.283024724573 0.004211791325
276 0.195326681715 0.729387503117
277 0.742796993349 0.507583002560
278 0.192708850838 0.325571618974
279 0.516561359633 0.393904400989
280 0.524125742260 0.400401711464
281 0.288839066867 0.189516997896
282 0.685275859665 0.879001030233
283 0.658973150887 0.949993812013
284 0.912818077020 0.246250618715
285 0.208106160630 0.782356447540
286 0.164091588464 0.560855384450
287 0.663701709826 0.797677674796
288 0.530331207905 0.777921681758
289 0.621118111070 0.738845327403
290 0.515002037864 0.904142836109
291 0.743057118729 0.710328719579
292 0.633530339226 0.485854112078
293 0.217911722139 0.826239190064
294 0.811425731052 0.734473082237
295 0.220143591519 0.335551473778
296 0.134874793701 0.508982658386
297 0.525068471674 0.820150653832
298 0.387983688619 0.184041622560
299 0.770144465845 0.300801765639
300 0.430292241275 0.978250626475
301 0.083158213180 0.594383829739
302 0.539106010925 0.746859923005
303 0.392061505001 0.069437218830
304 0.524781604763 0.013179616071
305 0.808282546233 0.039783642627
306 0.917322452180 0.551339665428
307 0.750112362672 0.550852791872
308 0.037193777505 0.968024084810
309 0.377091981936 0.848619509023
310 0.702497167047 0.597235573456
311 0.184170982800 0.837371961214
312 0.106218231842 0.709239454474
313 0.657522615045 0.494201920461
314 0.893281077035 0.427667080890
315 0.795003686100 0.323573318310
316 0.405917707365 0.878161899280
317 0.917957148515 0.945023718756
318 0.625021822285 0.310018653516
319 0.014460937586 0.149803427514
320 0.323198269587 0.822743484285
321 0.189587070141 0.240520722233
322 0.374083149713 0.939699432813
323 0.791373514105 0.411276927218
324 0.907723518088 0.168465496041
325 0.259896436241 0.610220685136
326 0.765701069962 0.444067419041
327 0.447592646349 0.871919301804
328 0.153306873515 0.105115261395
329 0.366121222731 0.046587950550
330 0.532782342285 0.161124908831
331 0.370161269326 0.938700050116
332 0.039286808576 0.288118417840
333 0.883723768871 0.664308630861
334 0.598137071356 0.898184706457
335 0.814112058375 0.921335340943
336 0.720928190742 0.003699128982
337 0.161856063176 0.095011340454
338 0.943398561794 0.953229577281
339 0.506288268138 0.851122079883
340 0.121695073787 0.766184704378
341 0.461342765484 0.887396143749
342 0.210252123885 0.908935411833
343 0.759315445554 0.363558997400
344 0.014050673693 0.125436668284
345 0.410146948416 0.546833015978
346 0.286561577581 0.780308217742
347 0.485533066094 0.325848386157
348 0.068426635582 0.369256834965
349 0.990157017019 0.666563706938
350 0.267441541888 0.804269075859
351 0.587899047881 0.988369732630
352 0.807968204841 0.749755111523
353 0.083381073549 0.751366766635
354 0.702984688804 0.589669341687
355 0.602488846984 0.824679762591
356 0.355854046065 0.063831612468
357 0.712075906340 0.566106169950
358 0.972767024301 0.471391352359
359 0.929665167816 0.986817697994
360 0.596828020643 0.339812116232
361 0.533650714438 0.883389598224
362 0.120120333973 0.019183780532
363 0.209237984382 0.188546969555
364 0.388440615963 0.199395001866
365 0.855110676493 0.655882157851
366 0.003664077725 0.443009724375
367 0.644251890481 0.811632282566
368 0.192764835898 0.727632964030
369 0.562999049202 0.895749525167
370 0.317302305717 0.165487896185
371 0.720429287758 0.673156352248
372 0.229319508653 0.432505194563
373 0.239262522198 0.202086533420
374 0.903896546923 0.168927690014
375 0.188904231414 0.500724567566
376 0.508739806246 0.722554945853
377 0.384114166256 0.628860140219
378 0.741738726851 0.593352150638
379 0.817407109775 0.130179342814
380 0.792747152504 0.672517786268
381 0.786061500665 0.796411230229
382 0.115527511109 0.430313391145
383 0.608043512795 0.308292347006
384 0.157946355641 0.171042562462
385 0.204041872174 0.475248661358
386 0.336530458648 0.924471160397
387 0.148405013606 0.565849967767
388 0.356976354960 0.387667536270
389 0.767936501186 0.260872901883
390 0.556595226284 0.956840732601
391 0.761597469449 0.065335032996
392 0.679395678919 0.145711635705
393 0.694195173215 0.421134405769
394 0.739063786808 0.511602283455
395 0.551313748583 0.531810939312
396 0.184120069724 0.337375249248
397 0.328222170006 0.299647580832
398 0.767688640393 0.936265682802
399 0.607939928304 0.925634996034
400 0.107308245264 0.811981800478
401 0.400883657858 0.443838704377
402 0.736452960875 0.549288671464
403 0.009688672144 0.093429315835
404 0.936956207734 0.777625173330
405 0.354302217718 0.493551434483
406 0.734465905931 0.115899687633
407 0.558886467479 0.413861584850
408 0.261611323338 0.253081640694
409 0.834995990619 0.000675110146
410 0.764683924150 0.386309739202
411 0.532486049924 0.948803994339
412 0.723684988450 0.860708219931
413 0.248451575171 0.491373629309
414 0.796973902732 0.856391503476
415 0.417008625343 0.904282148462
416 0.668373304419 0.817892283201
417 0.348120852839 0.404826265294
418 0.367180955131 0.357809524983
419 0.498255581595 0.304137162864
420 0.135434698313 0.852557799313
421 0.797688597348 0.869900604244
422 0.968457486946 0.356575064827
423 0.283762189560 0.230068810750
424 0.609656705987 0.118758180179
425 0.230743920896 0.374340630136
426 0.505067919847 0.763229970820
427 0.323144624475 0.228752908297
428 0.623938190751 0.571596200112
429 0.720126537606 0.420912093949
430 0.427987703588 0.137135163415
431 0.325194242410 0.096361008007
432 0.955027446616 0.673315095250
433 0.501187273767 0.322208401747
434 0.031124620233 0.999442855362
435 0.626345565077 0.166559318546
436 0.852000654675 0.424034162425
437 0.036459922791 0.820458142087
438 0.780609227717 0.320222112350
439 0.050526952837 0.390265933704
440 0.438980292995 0.281270873733
441 0.764606563840 0.944048212841
442 0.044500845019 0.087751188781
443 0.172801121138 0.668439035770
444 0.659347388893 0.892927659210
445 0.089351129718 0.087335092481
446 0.030062822625 0.414545372128
447 0.183696100954 0.985090269241
448 0.087860467378 0.684883374721
449 0.307298671454 0.118985087611
450 0.684326230083 0.933644236531
451 0.285544406157 0.536326884758
452 0.357678398956 0.322004329413
453 0.356785026845 0.138287626673
454 0.642226441763 0.407311979681
455 0.528553560376 0.081206734758
456 0.688582853880 0.293160124682
457 0.025254947599 0.733083698899
458 0.380911313463 0.198056069203
459 0.401522734668 0.040258702356
460 0.090983728413 0.490873864852
461 0.127593794838 0.121046551038
462 0.905419236980 0.311289895792
463 0.106136820279 0.993279704824
464 0.996173270512 0.413435491733
465 0.112264792435 0.680499500595
466 0.347079728264 0.397809199058
467 0.216826385818 0.704758127686
468 0.719813528471 0.573611412663
469 0.843045754358 0.362039970234
470 0.980923392810 0.371599315200
471 0.443246705458 0.669506246690
472 0.664759439882 0.468501653057
473 0.402589945588 0.045670753345
474 0.666557722259 0.804112680256
475 0.085929455701 0.757541450672
476 0.294986545108 0.213523250539
477 0.878588001709 0.200405782554
478 0.524813146796 0.984724822454
479 0.193685487378 0.520986417308
480 0.398160314187 0.305950279813
481 0.201485918369 0.745240042917
482 0.703759478871 0.418312304188
483 0.449998170603 0.423573007341
484 0.991923716851 0.293043924961
485 0.785612978041 0.972847109661
486 0.664643240161 0.228859683499
487 0.642353356350 0.329402680043
488 0.697361336555 0.044943301938
489 0.375073433388 0.363919059280
490 0.849055982661 0.461002889089
491 0.121460509952 0.144042527769
492 0.674526140094 0.000048512127
493 0.344448310323 0.199339286890
494 0.984773334581 0.538133797701
495 0.720325704198 0.382933648769
496 0.844084077980 0.921811622567
497 0.128173691686 0.547843556851
498 0.340123926755 0.578171862289
499 0.971416564658 0.332047644071
500 0.871215787716 0.757029542699
501 0.304894753732 0.535859027877
502 0.985889226198 0.947248110548
503 0.865261708386 0.683250562754
504 0.992191412486 0.240335141774
505 0.047169622034 0.841247395147
506 0.701338031329 0.168630132452
507 0.985289923381 0.375864171423
508 0.168678644579 0.329738233704
509 0.575203458313 0.153451979160
510 0.867872031871 0.295529162511
511 0.536385627929 0.711956109852
512 0.217340785544 0.664559320081
513 0.259799666703 0.557464712299
514 0.242731182370 0.231216231361
515 0.889512356371 0.113946970087
516 0.988245774060 0.194407110568
517 0.649805998430 0.974135000259
518 0.141655221116 0.515067706816
519 0.657385563478 0.133846633602
520 0.755402848590 0.704555185512
521 0.975094029214 0.456740879919
522 0.873185317963 0.960383952595
523 0.832605051342 0.041863962542
524 0.290122186299 0.407808509655
525 0.195315941703 0.157994218171
526 0.703337672632 0.731701570097
527 0.869950328022 0.920678458177
528 0.396260890178 0.129749995191
529 0.478143170476 0.638992072549
530 0.360966226552 0.367655527312
531 0.752939043101 0.349212001078
532 0.562062637880 0.402745041531
533 0.323347001337 0.703717858996
534 0.917812748346 0.980732564814
535 0.837564492598 0.673215596937
536 0.685287750792 0.812658521812
537 0.129956477322 0.558473068755
538 0.773042474408 0.962561528664
539 0.600337031763 0.063164661173
540 0.370370038785 0.795652973466
541 0.221158879343 0.073707711417
542 0.527354543563 0.091109207831
543 0.994386169594 0.923615433741
544 0.220859203022 0.472529340070
545 0.562607506756 0.581825429574
546 0.840184867382 0.315546549857
547 0.931037430651 0.402247505262
548 0.718291591387 0.254384432454
549 0.105965364259 0.636104339734
550 0.235116997268 0.943529857323
551 0.309319936670 0.920404748060
552 0.756188379135 0.439276413992
553 0.478877817281 0.529230854008
554 0.401837943122 0.079214849044
555 0.592395515181 0.772207981907
556 0.874867822509 0.813554394525
557 0.845915693324 0.402222366538
558 0.904663602356 0.840301862918
559 0.325837800279 0.125522805378
560 0.312831202988 0.888445307035
561 0.707348235417 0.153016070835
562 0.203991856892 0.638385666069
563 0.555263576098 0.922283448279
564 0.892770098522 0.661228940822
565 0.558387788013 0.127887096256
566 0.604758798145 0.867707725149
567 0.048291844316 0.360947177280
568 0.306984139141 0.527169661596
569 0.890178031288 0.708822082262
570 0.606384510640 0.482573546469
571 0.481030064169 0.481252333615
572 0.296127941459 0.326945757493
573 0.883474700153 0.200791543815
574 0.167247620411 0.209312500432
575 0.326314349659 0.480078823864
576 0.097757807933 0.033662585076
577 0.633094894700 0.301749664824
578 0.672048251145 0.188358470798
579 0.224033113569 0.564818350133
580 0.849587411620 0.782420901582
581 0.692705446389 0.454346209764
582 0.650128626730 0.740997290704
583 0.815293387510 0.957112766337
584 0.268166952766 0.705471418798
585 0.665934848599 0.874551463407
586 0.188044965733 0.146964913234
587 0.355803797022 0.484172907192
588 0.473910670727 0.239278497174
589 0.684964451008 0.641158291604
590 0.448590998072 0.011278800666
591 0.121237115469 0.546348806005
592 0.044941385742 0.754332010169
593 0.848098470829 0.716989637353
594 0.942690480966 0.072131584398
595 0.281807987485 0.792277893052
596 0.854552486446 0.974513433874
597 0.246624102816 0.504681113176
598 0.715510724578 0.061917490326
599 0.461793879513 0.983677677345
600 0.767388909589 0.127728728577
601 0.858229141217 0.955433875322
602 0.274693641812 0.214032938238
603 0.439606782515 0.748604312539
604 0.453311435878 0.124571233522
605 0.389762604143 0.901902433950
606 0.135850034654 0.510999719612
607 0.448251239955 0.180791420396
608 0.265331729781 0.296349710785
609 0.897781057749 0.208022211213
610 0.368481295649 0.179589045234
611 0.000300104264 0.223033782095
612 0.154102479108 0.246924207080
613 0.727714895271 0.869613204151
614 0.308841697872 0.189508775249
615 0.853290881496 0.076230607461
616 0.317237503827 0.711520022713
617 0.031664482784 0.591931145638
618 0.925552961417 0.471271265298
619 0.340535458177 0.378864397295
620 0.595842498820 0.730298062786
621 0.280766831245 0.731692533474
622 0.241297782399 0.729018071201
623 0.912483954336 0.506629512645
624 0.025367781986 0.810265012085
625 0.714651723858 0.393849077635
626 0.989854057785 0.714951828122
627 0.616882859729 0.143956536893
628 0.961876035202 0.344597755466
629 0.013569741044 0.270717733074
630 0.534106530715 0.866860623006
631 0.346948340535 0.851344034541
632 0.578380645718 0.378612823319
633 0.443275180180 0.503933607135
634 0.849884088617 0.783810638357
635 0.882798004430 0.445726587903
636 0.514108701143 0.163564835675
637 0.177419121377 0.755406484008
638 0.892582906876 0.089903075714
639 0.262035996653 0.917950689327
640 0.900168088265 0.976687720511
641 0.311799766961 0.890022146050
642 0.691639548633 0.928682627156
643 0.033978682943 0.653515583836
644 0.273280382622 0.047548424453
645 0.924233317375 0.807386913337
646 0.914409047458 0.271181657910
647 0.658730947878 0.492789693177
648 0.649794481695 0.102006128058
649 0.996723300777 0.499678570312
650 0.885816766415 0.879521305207
651 0.945405158214 0.399925468024
652 0.043086141348 0.122824280057
653 0.155331952032 0.935669048224
654 0.212727355771 0.417367948685
655 0.853619737551 0.112895444036
656 0.394055669196 0.165419504978
657 0.002917590085 0.085695217829
658 0.094102132134 0.036896273494
659 0.739210801665 0.367382514756
660 0.084444697946 0.663444119040
661 0.174769428093 0.998853745405
662 0.934625777416 0.833500375971
663 0.491643438581 0.584420259111
664 0.935506504029 0.488366739359
665 0.084098829422 0.821323270444
666 0.367888045032 0.029503988102
667 0.221248738468 0.410974186379
668 0.152328268159 0.376580690499
669 0.346643234603 0.365055623930
670 0.793948639184 0.200262972619
671 0.477951068431 0.188004308380
672 0.365682477597 0.480868658517
673 0.273699526209 0.459784609731
674 0.517764932010 0.012910328340
675 0.827167124487 0.602209629957
676 0.676354447380 0.001936552580
677 0.601063375361 0.610980224796
678 0.835436928552 0.092706814408
679 0.195400483906 0.770943432581
680 0.581073553767 0.279499313794
681 0.592266703025 0.948961598799
682 0.309003301896 0.813515441958
683 0.359935785178 0.461331570055
684 0.190096132457 0.706579020247
685 0.826387193985 0.984044772107
686 0.906841992866 0.304338262416
687 0.172049080487 0.272524470463
688 0.785206921399 0.445748607162
689 0.732309080195 0.302971853409
690 0.458658935502 0.559476204682
691 0.905181483831 0.135013382882
692 0.561412757263 0.506244859193
693 0.745993608143 0.396849685814
694 0.598951673601 0.941394092049
695 0.167793118395 0.180025227834
696 0.220893405844 0.760059821419
697 0.128986826632 0.529896707740
698 0.573575263377 0.488922612276
699 0.991228277795 0.763671396300
700 0.195501632523 0.817615472246
701 0.747716168407 0.102343625389
702 0.121953734662 0.919765248895
703 0.374868095852 0.907160656061
704 0.365513856057 0.107177176047
705 0.210132509936 0.824172791559
706 0.666653380729 0.115313993767
707 0.959186174907 0.228066137992
708 0.621558852959 0.705179783050
709 0.624915823806 0.220510527026
710 0.646573875099 0.792708942201
711 0.400535754859 0.867467281409
712 0.552768763620 0.529522581492
713 0.397363989148 0.126344027463
714 0.018445193768 0.388592267409
715 0.890015423764 0.213946826290
716 0.206207739655 0.637731592171
717 0.316290451679 0.328161474317
718 0.557496841066 0.691158547532
719 0.235322130844 0.923010697588
720 0.798335723579 0.445454640780
721 0.747183489148 0.464989104308
722 0.560768634547 0.706369664054
723 0.693055242300 0.182327487506
724 0.411549447104 0.317971066106
725 0.402838014532 0.058123322669
726 0.110680008307 0.803373769391
727 0.925590604078 0.663448772393
728 0.332896351349 0.322954593226
729 0.789792799857 0.351341545116
730 0.711546860635 0.679808223620
731 0.565288371872 0.917754600290
732 0.317539815791 0.881578823552
733 0.245916075073 0.875036656857
734 0.572737371549 0.481238205917
735 0.798047354445 0.371073095128
736 0.926692846697 0.545230844058
737 0.836062199902 0.487461481243
738 0.251600508112 0.529117442202
739 0.669788968749 0.663149955682
740 0.847088508774 0.072626983747
741 0.721273278352 0.957768517081
742 0.876000753138 0.646863882430
743 0.621217289474 0.208897104487
744 0.969818475656 0.411010089330
745 0.560238650069 0.681365336757
746 0.090818312950 0.125527021941
747 0.599119937047 0.408358128741
748 0.007105845492 0.845036012121
749 0.283394786064 0.579843217041
750 0.326274218038 0.081442140508
751 0.950916312635 0.252967064735
752 0.626672984567 0.786978512537
753 0.740428545978 0.878273493145
754 0.316095954739 0.410217515193
755 0.541423448827 0.163184463512
756 0.482844498940 0.262696727179
757 0.120952981059 0.358845252078
758 0.909560609609 0.742170270532
759 0.567742357031 0.879379085265
760 0.153180360328 0.127981007099
761 0.560744422022 0.243998673279
762 0.253508029040 0.159864359535
763 0.652356802486 0.260613874532
764 0.004900371656 0.935751588549
765 0.840457092039 0.331174590159
766 0.017193729058 0.791373404674
767 0.584141654894 0.643866714090
768 0.578351917211 0.324570201337
769 0.522140207235 0.894447871950
770 0.734787716530 0.063563656062
771 0.057632335927 0.217632215470
772 0.326260383241 0.178585316986
773 0.576477467548 0.235820992850
774 0.920755587518 0.144219824579
775 0.115200078115 0.073935947847
776 0.272200831678 0.675944500603
777 0.317934621591 0.525708860718
778 0.835808860138 0.970291424077
779 0.786322735716 0.840709231794
780 0.906043012626 0.626779827755
781 0.171883821953 0.923236741684
782 0.418153232429 0.756025477313
783 0.567103455774 0.996505149640
784 0.080595678650 0.089243663009
785 0.890953021590 0.815383395180
786 0.152807319071 0.948585357517
787 0.033015610650 0.479067702312
788 0.127170674503 0.609493078198
789 0.714888695162 0.047926262487
790 0.753712903243 0.830088773742
791 0.121862210333 0.025913734920
792 0.506033274345 0.439796831924
793 0.551622596104 0.341842134483
794 0.410088256001 0.337945331819
795 0.182551366277 0.316131268628
796 0.964725159574 0.354435188696
797 0.239368010778 0.382878392003
798 0.110460666008 0.806471466552
799 0.379383541644 0.191056344658
800 0.895715130027 0.270336563233
801 0.006439739838 0.048522449099
802 0.218921921216 0.039455350488
803 0.527590151876 0.346092595719
804 0.648948428687 0.242478847038
805 0.394018858206 0.402661331929
806 0.072567620780 0.515881069005
807 0.428575067315 0.578600895125
808 0.955677900929 0.980197663419
809 0.920443029609 0.365766157396
810 0.318142995238 0.102994396351
811 0.681897426024 0.282868154813
812 0.457429585047 0.921265436802
813 0.665746546816 0.567890251055
814 0.727736903820 0.045130088460
815 0.758946595713 0.623452033848
816 0.315466651693 0.765386335552
817 0.671974482946 0.534388572909
818 0.804841686040 0.199564634822
819 0.880481169093 0.453790114727
820 0.442043482326 0.274500027299
821 0.856451447122 0.514611103106
822 0.790381096303 0.285026514437
823 0.093211998697 0.746058997698
824 0.265224177856 0.013655028306
825 0.111825155094 0.583367173094
826 0.116649424657 0.793722581118
827 0.866235327907 0.574079009704
828 0.714988018386 0.531981874723
829 0.141969260760 0.442724922206
830 0.577111963183 0.900915856473
831 0.066176956054 0.892578614876
832 0.666302192025 0.738151439000
833 0.426967188250 0.471143878065
834 0.937716074288 0.307448357344
835 0.924933993258 0.379759556614
836 0.581948384643 0.781385440379
837 0.894370659720 0.372329481412
838 0.066411954816 0.987582658418
839 0.118388479110 0.331636132672
840 0.001237687189 0.230213634204
841 0.915003305767 0.117887111846
842 0.023936215322 0.781238633674
843 0.691966122016 0.738924233709
844 0.313220508397 0.833935382776
845 0.181649155915 0.890332471579
846 0.734851239715 0.247826111969
847 0.782911086455 0.401153431740
848 0.985977551434 0.209878274705
849 0.872297310270 0.923693625722
850 0.517326632049 0.797231303528
851 0.303453182336 0.099275017157
852 0.578616743907 0.197823842056
853 0.471604498569 0.645028698724
854 0.185406500939 0.589992977679
855 0.976664831396 0.186644188128
856 0.820206611883 0.891668137163
857 0.304531299975 0.844142827205
858 0.672906770837 0.996497421991
859 0.583067061380 0.986127279233
860 0.830432805233 0.764716217294
861 0.876459750813 0.565284044947
862 0.012542329729 0.659370837267
863 0.966437476687 0.998519881163
864 0.869249112438 0.838734786958
865 0.922213506885 0.386575744487
866 0.635966090485 0.225666689221
867 0.485850761645 0.214582834393
868 0.423490531277 0.957455260213
869 0.859611533117 0.608897032216
870 0.547448237892 0.836276364513
871 0.795541220345 0.367654849775
872 0.727944501676 0.100072520785
873 0.211797677446 0.400851272512
874 0.096569942776 0.794864738826
875 0.386978551745 0.927002748009
876 0.559580956120 0.263438302558
877 0.492286792956 0.572123285849
878 0.922809140291 0.458724270109
879 0.570643167011 0.792058252729
880 0.297459057067 0.492856673896
881 0.178633997217 0.933425148018
882 0.718523363117 0.664484759327
883 0.148007982410 0.142013894860
884 0.621940019540 0.007619515993
885 0.750910927076 0.169388257898
886 0.843895880505 0.546452147886
887 0.537043107674 0.571840382647
888 0.646524668671 0.748840785120
889 0.972691655159 0.743094611447
890 0.543705523945 0.359670207370
891 0.670097359922 0.103286480531
892 0.623108509928 0.162384152878
893 0.675409766380 0.545917650219
894 0.621108422987 0.246052933857
895 0.337975902949 0.918567480519
896 0.738909607753 0.516609900631
897 0.851992628537 0.457432971336
898 0.181094659958 0.000000610948
899 0.599446866196 0.803034679499
900 0.007620126940 0.350357793272
901 0.972422937397 0.851516007911
902 0.896809941158 0.509466045536
903 0.423356390558 0.543334609829
904 0.258306830656 0.396048045717
905 0.286429221742 0.802012355067
906 0.755718253087 0.956526581664
907 0.905298835598 0.378826763481
908 0.118910734542 0.580708601978
909 0.924744413700 0.740019157995
910 0.826761535835 0.262720317114
911 0.658586638514 0.565671144053
912 0.779330217745 0.510579267051
913 0.023104115389 0.960424877703
914 0.510579877999 0.622550981585
915 0.763459557202 0.518200005405
916 0.972908774856 0.735882495064
917 0.369716013316 0.869718716480
918 0.245348540600 0.793072403874
919 0.413053326309 0.503655371256
920 0.189120449591 0.699482548051
921 0.305667726323 0.944838703144
922 0.656009129714 0.210966561921
923 0.323665466625 0.774919864722
924 0.791675164364 0.248409880325
925 0.514939022716 0.618436700199
926 0.511130197439 0.173525661230
927 0.184107844252 0.290460415184
928 0.684104928281 0.207211959641
929 0.250885292888 0.194684806280
930 0.829762941226 0.014344850555
931 0.712884811684 0.802671716549
932 0.750227345619 0.082600825001
933 0.672390433028 0.995575886220
934 0.875673228875 0.085443759337
935 0.499231257476 0.064793678932
936 0.784926307853 0.804898984265
937 0.009632382076 0.440935437568
938 0.015865546186 0.333297848701
939 0.215855302289 0.807540710550
940 0.581707729027 0.730794325005
941 0.425977411214 0.092837926932
942 0.904319986235 0.610085255466
943 0.383298342116 0.588424914517
944 0.817297215573 0.634183635470
945 0.783109721262 0.647060156800
946 0.648528486025 0.495994532946
947 0.449731873348 0.398755831644
948 0.578595358413 0.122122306377
949 0.394331717864 0.454268587288
950 0.207566066179 0.893562975340
951 0.519062266219 0.992492374033
952 0.698461959604 0.528694648296
953 0.433427811600 0.714327506255
954 0.861992496997 0.649283114355
955 0.521868216805 0.443700226489
956 0.380077439360 0.947845628019
957 0.536538153421 0.284397426061
958 0.557930883951 0.919836495537
959 0.872822340578 0.375228099525
960 0.554020131007 0.655932061840
961 0.022288256325 0.202548617031
962 0.151926595252 0.472020130139
963 0.601304448675 0.730521953665
964 0.594142436516 0.995636166539
965 0.184790540952 0.801708502695
966 0.889199142344 0.703852807637
967 0.794200876728 0.587661101948
968 0.232547455933 0.227628688794
969 0.301988608204 0.094539953396
970 0.876911803149 0.823856825475
971 0.538240179885 0.256989242509
972 0.771702453494 0.074778333306
973 0.541386668570 0.329633337446
974 0.994614828844 0.414209009614
975 0.704861436971 0.548634960316
976 0.070141071454 0.727149693761
977 0.751183577348 0.222067666706
978 0.199169823900 0.352488026489
979 0.952589620370 0.793312260415
980 0.348124193028 0.137380161788
981 0.595020763576 0.237323335372
982 0.841232969426 0.389221640304
983 0.824984437786 0.073780425359
984 0.616850329097 0.126973045990
985 0.168320378754 0.493762132246
986 0.950829871465 0.706560558639
987 0.750751375221 0.722532325424
988 0.781338891946 0.292138043791
989 0.052165662870 0.775953721255
990 0.706347053405 0.757027100306
991 0.324588681571 0.776488125324
992 0.484176794067 0.075772258919
993 0.998555792030 0.683346617967
994 0.428260285407 0.951145412866
995 0.476658878382 0.776384478901
996 0.088525574654 0.071679641958
997 0.013707814272 0.929758544080
998 0.460901282728 0.838692252059
999 0.003538969439 0.077751611825
