4
60
0.300000
0 0.050000000000 0.050000000000
1 0.050000000000 0.950000000000
2 0.950000000000 0.050000000000
3 0.950000000000 0.950000000000
4 0.078312998638 0.863053146284
5 0.727606845088 0.403623468708
6 0.990603134036 0.891343373805
7 0.560433358885 0.954041338526
8 0.699228871148 0.506870969199
9 0.742110314313 0.236200020649
10 0.850891627837 0.026375653222
11 0.415366875939 0.162070876919
12 0.956259401515 0.955852494109
13 0.323920700699 0.967872753274
14 0.454835921060 0.431420052890
15 0.189538444392 0.597129449248
16 0.344601939898 0.647221159190
17 0.875927907880 0.057716963813
18 0.219514414202 0.249061318580
19 0.131569903810 0.297827412840
20 0.112114464864 0.859176748898
21 0.701450882014 0.102717598900
22 0.750520123169 0.261884240899
23 0.056758937426 0.449748994317
24 0.768755210098 0.798869252205
25 0.685949015431 0.619646838401
26 0.825244905427 0.101315891370
27 0.781717715319 0.781504306942
28 0.057168385480 0.105638416018
29 0.749377060216 0.512004307006
30 0.537058468908 0.938915505074
31 0.109133756254 0.881660408806
32 0.586136664264 0.985061664134
33 0.939377373084 0.805651078466
34 0.234122982714 0.070947276894
35 0.103478491306 0.346237447578
36 0.930124026258 0.804929373320
37 0.448955046944 0.680644149426
38 0.066813614219 0.505713984370
39 0.130393143743 0.835568824783
40 0.304583236575 0.816342159174
41 0.455215663183 0.129828142002
42 0.917658051010 0.236933378503
43 0.911332448944 0.974826436490
44 0.342571794987 0.660709509626
45 0.486830743495 0.879630263895
46 0.599625014700 0.595964499749
47 0.761290673167 0.185761678964
48 0.581026163884 0.700668046251
49 0.991412757430 0.815149146598
50 0.771615323145 0.094891248737
51 0.161386594642 0.701739349402
52 0.899820622522 0.610341641586
53 0.382383498829 0.966634236742
54 0.116055625957 0.512776643038
55 0.802203061525 0.420638862997
56 0.329118802212 0.257418724708
57 0.550467005000 0.246776853222
58 0.494352103677 0.461799454410
59 0.221603290178 0.836923898663
60 0.122508964036 0.708434033673
61 0.716554162558 0.722133978736
62 0.304398533888 0.477844835725
63 0.907895657700 0.885424697772
