100
900
0.060000
0 0.923212645575 0.289181928150
1 0.155283295084 0.732164455578
2 0.380830543581 0.221678783651
3 0.593736020382 0.978178169113
4 0.128336449154 0.347182848025
5 0.616241652053 0.284259504639
6 0.831778519321 0.293023484293
7 0.500389883295 0.348688073922
8 0.987385946326 0.396727039479
9 0.238160984591 0.933393493760
10 0.477800369263 0.250040036626
11 0.672852518968 0.238821809646
12 0.611495289486 0.825748579111
13 0.936901786365 0.409706457984
14 0.025917103514 0.433367637452
15 0.320002356544 0.949129749089
16 0.722549565602 0.475285652094
17 0.681294205133 0.103380109649
18 0.696964435745 0.275030225515
19 0.081558278762 0.825300884899
20 0.622213073540 0.697799931280
21 0.109560389537 0.453991592862
22 0.990823415574 0.609950273298
23 0.802679666784 0.978209361900
24 0.006677312776 0.040840651840
25 0.911602856126 0.484477682505
26 0.290880688466 0.584455375094
27 0.723299492151 0.902375978418
28 0.410203954205 0.660201278981
29 0.312082436401 0.436121057719
30 0.093568916433 0.632084793411
31 0.385250807274 0.816118482500
32 0.107370445505 0.066545012407
33 0.919498592149 0.804334881250
34 0.341575237922 0.001056870911
35 0.629635766149 0.963788311463
36 0.698856802192 0.739196156152
37 0.417779904325 0.689680217765
38 0.349146429449 0.220459571108
39 0.667889580131 0.355823742226
40 0.261300222948 0.579492436256
41 0.840301424731 0.552180911880
42 0.163947811350 0.563600917347
43 0.454556890298 0.574151765555
44 0.223802196328 0.766639326699
45 0.010272823740 0.317371112760
46 0.398724120110 0.395523631014
47 0.133489595260 0.506094565615
48 0.462068643421 0.052988187410
49 0.310429446865 0.803643881343
50 0.054045058787 0.940065213479
51 0.767432192806 0.752901860978
52 0.679261369631 0.185212097131
53 0.442582079209 0.028407799080
54 0.405671668239 0.110471659340
55 0.384231541306 0.666971891653
56 0.689964095596 0.224532966502
57 0.219152803533 0.853911906946
58 0.788133883849 0.673709693830
59 0.428063672502 0.011936080176
60 0.440349020530 0.438336496241
61 0.329307192937 0.839073141105
62 0.833860127255 0.462796788663
63 0.345167706721 0.295928770676
64 0.515784976073 0.655597154051
65 0.099572652020 0.569830034859
66 0.595662367530 0.867004844826
67 0.322731896304 0.274923737161
68 0.052216941956 0.765313975513
69 0.303331536241 0.457888610661
70 0.875785634853 0.687563077547
71 0.124860502314 0.565749730449
72 0.912096044049 0.344013305847
73 0.419661637396 0.700229927897
74 0.017722999677 0.847725309897
75 0.712166008074 0.458072020207
76 0.286061806604 0.041473201476
77 0.297145161312 0.119921933860
78 0.504269990139 0.642312868498
79 0.415850705002 0.020054966211
80 0.297910022549 0.515423357021
81 0.589885001536 0.893572390079
82 0.382428202312 0.912616897840
83 0.168496127240 0.434645144269
84 0.677930873353 0.471827663481
85 0.892533754930 0.553716508206
86 0.159390741028 0.017394257244
87 0.119466238655 0.071486785542
88 0.361407563090 0.539127876051
89 0.771716713440 0.379130562767
90 0.386853185948 0.483882721979
91 0.837202583440 0.672914992552
92 0.525355923455 0.134347744752
93 0.792836926877 0.029625913594
94 0.776660613250 0.208687631879
95 0.049680879805 0.074570635799
96 0.724110988900 0.639565881342
97 0.968143025879 0.106539191213
98 0.552182779182 0.136639153119
99 0.541184335947 0.230113652535
100 0.608466816600 0.433718090877
101 0.783830160741 0.767857558094
102 0.451112348586 0.903296399396
103 0.839344343636 0.812519911677
104 0.442424275447 0.611061057076
105 0.191650474910 0.829277461860
106 0.094943779055 0.028853058349
107 0.502192454413 0.620299702510
108 0.163200803101 0.295029381290
109 0.649925616104 0.939861416817
110 0.503717013169 0.699606496375
111 0.014432052616 0.227828002535
112 0.339172377717 0.982575078961
113 0.334367193747 0.891355157364
114 0.119214232080 0.875551529694
115 0.121468809899 0.727681049146
116 0.309269621037 0.905298971105
117 0.495538607240 0.760381969623
118 0.808595370501 0.334882950876
119 0.572901881300 0.251019646414
120 0.945944007952 0.764552356210
121 0.080297108274 0.040887787472
122 0.793405414559 0.582489562687
123 0.661187489983 0.956606218126
124 0.877518944442 0.311113106553
125 0.896467634942 0.381235957611
126 0.010719602928 0.910899687558
127 0.609063960146 0.349891980644
128 0.893474766519 0.943431154359
129 0.241247138008 0.012688999064
130 0.818982684053 0.362715948373
131 0.740370048210 0.128252305090
132 0.268014919478 0.235908655450
133 0.888634274714 0.076610289980
134 0.570791606326 0.461536156479
135 0.327629936393 0.516735614277
136 0.226088512689 0.407927044667
137 0.557623401750 0.019493927713
138 0.990416607819 0.218810892198
139 0.976100145839 0.867935552262
140 0.529923998751 0.872567780782
141 0.249171509873 0.540643601678
142 0.783467468340 0.858235470485
143 0.890535582323 0.676942235325
144 0.801666624844 0.131782720797
145 0.689631234389 0.620649308898
146 0.494498669170 0.430001282599
147 0.748901614454 0.762513588648
148 0.665909938049 0.637535889167
149 0.839123878628 0.236701544374
150 0.099072045647 0.166753815487
151 0.753437158652 0.325160558801
152 0.574680860154 0.311060560867
153 0.344654486515 0.565097467974
154 0.529871453065 0.320754632354
155 0.433033020236 0.059795451816
156 0.193322413135 0.682204530574
157 0.600439053494 0.976789881475
158 0.540440001059 0.490974635817
159 0.653732116800 0.342106625903
160 0.622757356614 0.343363351189
161 0.962755934801 0.117256025784
162 0.773364633787 0.711657549255
163 0.879769614432 0.439274571836
164 0.349193438888 0.718893493526
165 0.675976116210 0.448265484534
166 0.885647309013 0.429413275328
167 0.773426043335 0.460328169167
168 0.740473836195 0.118080529850
169 0.025425637607 0.270345289260
170 0.438835162204 0.458458657842
171 0.330140741076 0.632157575339
172 0.140663188417 0.930579794571
173 0.608947457280 0.681103189476
174 0.421554430388 0.262679574080
175 0.023209815379 0.044311787467
176 0.606042925734 0.985965750646
177 0.161567813251 0.379407559521
178 0.697623299900 0.041337428149
179 0.818682131823 0.046816738788
180 0.760230921675 0.494658248033
181 0.495082223788 0.645878230687
182 0.924071523361 0.268508267123
183 0.106206399854 0.664545359556
184 0.386588797439 0.131632037461
185 0.934890648816 0.825423959643
186 0.590090695769 0.265031389892
187 0.457581535447 0.730753884185
188 0.195611184463 0.066528992727
189 0.411857074127 0.617165615316
190 0.329208566807 0.435066889506
191 0.661477402784 0.935251492541
192 0.421032640152 0.823045216035
193 0.314659052528 0.118655940518
194 0.864382644184 0.133341184352
195 0.165472679306 0.624613565858
196 0.627999432385 0.660554903094
197 0.270491796546 0.552070956212
198 0.929063170683 0.376698196866
199 0.216616315767 0.315651968122
200 0.508330234326 0.151506965049
201 0.141075927764 0.098420930095
202 0.416538354941 0.598657463212
203 0.829174814746 0.612149539869
204 0.665186455939 0.241031888872
205 0.229315155186 0.994395023212
206 0.676098778378 0.890792557970
207 0.929646515753 0.097131418996
208 0.713837774005 0.244305568282
209 0.215787359513 0.578220418654
210 0.377646752633 0.381260038819
211 0.202833984513 0.005646185484
212 0.041814942379 0.473325781524
213 0.557717141695 0.970878113061
214 0.850023978390 0.774333457462
215 0.286530081183 0.358354212716
216 0.925840422511 0.427606008947
217 0.456775143277 0.342378777917
218 0.026263472624 0.285949958023
219 0.954528317787 0.691449928563
220 0.526981846895 0.183843472973
221 0.685844951775 0.203080625273
222 0.074636030942 0.615491467994
223 0.300212044269 0.788473804947
224 0.859797036275 0.515999403782
225 0.366694223601 0.237443789374
226 0.897259443067 0.569528208580
227 0.243089974858 0.939074385446
228 0.042853990104 0.800807116553
229 0.909952498507 0.892877968494
230 0.575140574016 0.196482579689
231 0.251232181210 0.500980996992
232 0.624088588636 0.708007324487
233 0.843359774910 0.650352061260
234 0.993957282510 0.797888092697
235 0.341801990289 0.520939129405
236 0.981731565669 0.027646942064
237 0.724019755144 0.056367596611
238 0.643138410058 0.024231799413
239 0.844841401558 0.502935446799
240 0.540231203660 0.211535625625
241 0.740379236173 0.437490646727
242 0.781063834205 0.983469211031
243 0.376565032173 0.823917824309
244 0.784276327584 0.286517530680
245 0.716795792803 0.359416901600
246 0.483000110369 0.968027974013
247 0.860397898592 0.107088699006
248 0.676035298966 0.703757673502
249 0.757440760732 0.669992581476
250 0.501645766199 0.099242751021
251 0.190931711346 0.483377331868
252 0.126889693085 0.914951466490
253 0.539744928479 0.770028103609
254 0.939183265902 0.384586330503
255 0.272963550407 0.479414469562
256 0.596121956129 0.013342786580
257 0.916905116290 0.377185790334
258 0.996811997611 0.293470148463
259 0.201103614643 0.781088325195
260 0.579987679143 0.917899407446
261 0.140505226795 0.062987789512
262 0.885927381460 0.000903125852
263 0.170076488983 0.561962680425
264 0.704660799354 0.927517249715
265 0.231955262367 0.206306566019
266 0.026760000736 0.422886973713
267 0.689683897886 0.153649693821
268 0.337838440202 0.229428826831
269 0.923677797429 0.277021706104
270 0.614015157335 0.196641347837
271 0.756436176132 0.210137113463
272 0.209984134417 0.673341292422
273 0.587322903797 0.206796132028
274 0.966811441351 0.788426518440
275 0.987884457223 0.546799120493
276 0.706325925887 0.128389684483
277 0.609786910471 0.592253307346
278 0.129292810336 0.779863399453
279 0.154215988237 0.833953609690
280 0.707380649168 0.386171250604
281 0.040260175709 0.734140649904
282 0.809058224317 0.729944074061
283 0.887790343724 0.146896664519
284 0.959372900892 0.811468141619
285 0.423918370623 0.573388058227
286 0.008109489456 0.180354546756
287 0.783525171690 0.218093624339
288 0.853695839643 0.370848075487
289 0.424889756367 0.820507280994
290 0.159274593927 0.412774214055
291 0.367306401487 0.865600519814
292 0.541163898539 0.977093311958
293 0.457853827160 0.670456708875
294 0.756956711411 0.612069815397
295 0.504410318565 0.464337360580
296 0.998241066001 0.544670494739
297 0.198478010483 0.807299290318
298 0.274614568800 0.086268354673
299 0.954195954837 0.233987469692
300 0.897736496292 0.378114325926
301 0.807375527918 0.905845985748
302 0.558468872681 0.590900699608
303 0.123939610086 0.412164712325
304 0.961748775095 0.548829366919
305 0.232671993319 0.121023369022
306 0.961603580974 0.599978395272
307 0.986623888835 0.502767479513
308 0.577071707230 0.444477715995
309 0.173224188387 0.334028419107
310 0.056547531858 0.677634506952
311 0.798365779687 0.054788597859
312 0.222305001691 0.996843790635
313 0.862087888643 0.496919570491
314 0.083112145308 0.816283843480
315 0.730907040183 0.980848641600
316 0.194398169406 0.538282568101
317 0.886694627348 0.752867042553
318 0.129183267709 0.010634237900
319 0.165031754877 0.090932042804
320 0.559463604819 0.397703748662
321 0.211955411825 0.521067185793
322 0.997682143934 0.198579300661
323 0.023834665306 0.574753851164
324 0.643057017121 0.197058853693
325 0.908782270271 0.699604548980
326 0.874693360645 0.707148050424
327 0.754393146839 0.096998362802
328 0.703991841059 0.616481035482
329 0.593917933293 0.787103986368
330 0.432764879428 0.324824973941
331 0.767952627968 0.627163048834
332 0.863107542042 0.654647255316
333 0.380030091386 0.992290810216
334 0.665281493217 0.545061846729
335 0.083222853020 0.224745098036
336 0.942765595391 0.295178265311
337 0.745812283829 0.940447739325
338 0.493757565971 0.769646949135
339 0.515201590490 0.136814583093
340 0.966705802828 0.423983861227
341 0.836419132072 0.841399163939
342 0.131131911650 0.590812279377
343 0.938397526741 0.835123752709
344 0.207293314859 0.532315460034
345 0.622227739077 0.640058194287
346 0.857140433975 0.390180367045
347 0.267221243586 0.720247976482
348 0.044827622361 0.647251334973
349 0.712538786698 0.710109116044
350 0.192313181702 0.795761639718
351 0.934854214080 0.135078777093
352 0.090939905029 0.680666498374
353 0.075526516419 0.584697471466
354 0.450313447509 0.590728107374
355 0.721512054559 0.417019250803
356 0.014711968601 0.557931187097
357 0.258418414742 0.145843880251
358 0.148743466474 0.196815941483
359 0.980967632961 0.356036781333
360 0.729131401516 0.603195372038
361 0.996094976086 0.586271835957
362 0.993375739083 0.263316219673
363 0.306519812439 0.038203361444
364 0.910567554645 0.019058599137
365 0.748312477488 0.102880736813
366 0.814820238855 0.683166692033
367 0.237959513906 0.905760144349
368 0.363833190408 0.313486030791
369 0.490457615815 0.814146637917
370 0.904214138165 0.211969670374
371 0.231165888719 0.918926106766
372 0.769900857471 0.489584303461
373 0.064769987017 0.918644323945
374 0.686400244944 0.045737619977
375 0.274681105744 0.415531646926
376 0.648932992015 0.270776081830
377 0.001803482883 0.642308731098
378 0.534092301503 0.308323295321
379 0.680512092542 0.444659856148
380 0.327381894458 0.428824570496
381 0.547540592961 0.142202133313
382 0.111991262529 0.785500107333
383 0.047962277662 0.475824452937
384 0.098986138124 0.538419893477
385 0.289971090853 0.003200276289
386 0.750389564317 0.521136980038
387 0.922126383055 0.520290421788
388 0.010721283499 0.986896370072
389 0.438934746198 0.697121528909
390 0.032633990049 0.713615851942
391 0.112653175835 0.681566982064
392 0.984391933773 0.114456658717
393 0.323875713162 0.518484235276
394 0.422779954039 0.004387805704
395 0.963144091424 0.750161848497
396 0.433212376200 0.510684684850
397 0.892363981809 0.545203638729
398 0.296184792183 0.940326259937
399 0.021028091665 0.395170930307
400 0.478746153414 0.310999182984
401 0.398371206596 0.229135717731
402 0.832136163022 0.320497589651
403 0.749426139984 0.842857446522
404 0.307393959723 0.188360886183
405 0.539978975430 0.340027949773
406 0.901976738125 0.652632151265
407 0.021594931837 0.886368671898
408 0.767088809982 0.345470644999
409 0.404852907173 0.189868764021
410 0.349858450703 0.367996998597
411 0.940030612517 0.783070827369
412 0.878681683447 0.832394594792
413 0.328274466097 0.174866475631
414 0.772720854729 0.349302558228
415 0.570037405938 0.251467008144
416 0.660301741213 0.968408612534
417 0.480602726340 0.492437904235
418 0.288906202186 0.230028866325
419 0.335295350756 0.596300161909
420 0.418389752507 0.875274326652
421 0.936328111682 0.320366490632
422 0.527906477917 0.957923043519
423 0.206735162530 0.294995288365
424 0.303393688519 0.611588069703
425 0.484864052385 0.653252139688
426 0.979585068300 0.424894665368
427 0.436322967056 0.858266752213
428 0.257289260160 0.764597433154
429 0.033133227844 0.030010114890
430 0.113899991382 0.603170634247
431 0.281477123033 0.774201732595
432 0.571579246782 0.762079849374
433 0.266639636829 0.860485449433
434 0.992108715698 0.601934988052
435 0.456785611343 0.410498468205
436 0.477209314704 0.393113723490
437 0.730864958838 0.005115792621
438 0.351036767010 0.937600121368
439 0.300111080986 0.654430455994
440 0.549188191071 0.784975133836
441 0.307682595681 0.528773259837
442 0.209869799204 0.744005562738
443 0.387040012050 0.467159059364
444 0.508602995891 0.420173239894
445 0.497169174254 0.622502987739
446 0.023343874142 0.778646297287
447 0.396704720333 0.594923121389
448 0.540726147126 0.663344357628
449 0.455408570822 0.532834862825
450 0.265279345680 0.912194182165
451 0.943333331496 0.742488660384
452 0.305307905655 0.674198290333
453 0.747604453005 0.656344673131
454 0.611798412167 0.047715534456
455 0.310775129125 0.160986603238
456 0.832690668292 0.618457724806
457 0.689759863075 0.042560467497
458 0.362463287544 0.076799875125
459 0.509719526861 0.871066283435
460 0.496973115485 0.006888701115
461 0.493569271173 0.520316989627
462 0.785534998402 0.890273991972
463 0.115240111016 0.326261145528
464 0.553618349601 0.570648681838
465 0.859096008819 0.818897695281
466 0.482842864469 0.802429340314
467 0.561386355665 0.788150770124
468 0.476627630647 0.308990808669
469 0.444495443255 0.088426042814
470 0.356706343126 0.755270572379
471 0.249412646517 0.189397011418
472 0.373728297185 0.939172509592
473 0.231957478914 0.736191584729
474 0.015972385183 0.741677005775
475 0.607257868629 0.512945500668
476 0.748565706890 0.100827139802
477 0.033262490295 0.534100705758
478 0.991101131774 0.148502601776
479 0.860361851286 0.544719481375
480 0.719151283614 0.719457860105
481 0.363617176656 0.201994148083
482 0.521887200419 0.925003532320
483 0.990144918673 0.998514831532
484 0.233994341455 0.434640361927
485 0.086940874346 0.590700684581
486 0.189910934772 0.336353520863
487 0.780097696465 0.563639231957
488 0.275526030920 0.012055175379
489 0.299830817152 0.291498416103
490 0.753732181620 0.907088685781
491 0.804443916772 0.502297888510
492 0.007915825583 0.837706407066
493 0.036398594268 0.999016957823
494 0.986209008843 0.896760446019
495 0.543736439198 0.705360292923
496 0.616218306124 0.907353616320
497 0.907354441006 0.138105507009
498 0.832357148640 0.897499359678
499 0.136620338541 0.066351490095
500 0.332139722072 0.223561212886
501 0.657052175142 0.522050656844
502 0.559914734215 0.437149871606
503 0.085689888801 0.835440765135
504 0.449205046985 0.385520705953
505 0.126939181238 0.202937228605
506 0.292609391734 0.931383098010
507 0.705235117581 0.300525217783
508 0.769089505076 0.741633711848
509 0.299542175606 0.755298514385
510 0.638394157868 0.843278614804
511 0.460658807307 0.254612464458
512 0.750632231124 0.368013248313
513 0.392717971466 0.582989380229
514 0.265512608457 0.529338310007
515 0.649340870325 0.597652330529
516 0.752899522893 0.306393045466
517 0.119702987373 0.312814257108
518 0.743542917073 0.205392876174
519 0.148255022243 0.192747964524
520 0.590913582593 0.275194203481
521 0.395685193129 0.883522974327
522 0.206577301491 0.100920310710
523 0.184048192110 0.975666807033
524 0.842554023024 0.483590367716
525 0.730965321418 0.480948180892
526 0.326868982986 0.191624128725
527 0.735560645349 0.077501214109
528 0.559637377039 0.128278616816
529 0.660490594339 0.825149985496
530 0.657616926823 0.309831465129
531 0.422802316025 0.410516450182
532 0.616224510595 0.542505303398
533 0.723330707289 0.359767428134
534 0.747898180038 0.871585729998
535 0.552515392657 0.338811762631
536 0.146779933479 0.948200585786
537 0.222334736958 0.353357235435
538 0.049120896962 0.406382929534
539 0.329024042469 0.891674919985
540 0.889973297250 0.059989363886
541 0.372623100877 0.216842280235
542 0.251613492612 0.108183746692
543 0.294343494810 0.811250869650
544 0.236462363508 0.954834089149
545 0.636400855612 0.894079290796
546 0.264665554278 0.059203171637
547 0.304595740978 0.880890065338
548 0.601708475500 0.027926448267
549 0.240657493472 0.349606655538
550 0.899512178265 0.793172886129
551 0.688418418169 0.046292112209
552 0.741373471916 0.910753155127
553 0.399649347644 0.790494368877
554 0.317136084661 0.728673390113
555 0.682169288862 0.207109382376
556 0.788662753999 0.054792390205
557 0.423951662611 0.040276246611
558 0.162976136897 0.718295157421
559 0.851527116261 0.399438500404
560 0.673129247036 0.487927971873
561 0.293517791200 0.937794801313
562 0.547131143976 0.598113532178
563 0.818684866652 0.148839619476
564 0.626039980911 0.059342360124
565 0.498446275014 0.525552159175
566 0.852515246253 0.186864693183
567 0.571844271384 0.593888718635
568 0.097617848311 0.971493619028
569 0.384383087512 0.414753933437
570 0.700167009141 0.066552376840
571 0.621863315813 0.488829763141
572 0.121344767045 0.045814978424
573 0.529106009752 0.284320903942
574 0.764110136312 0.380633126479
575 0.683759404346 0.437239383347
576 0.868561098352 0.977277196012
577 0.375034184661 0.415692242328
578 0.575390728191 0.193719051778
579 0.564531861804 0.201430709101
580 0.253061411902 0.062978136819
581 0.726982868742 0.105576658621
582 0.249842830002 0.298827140126
583 0.699465377256 0.347460678779
584 0.270320759621 0.083848464768
585 0.762214612216 0.970487768762
586 0.150400841609 0.384077928029
587 0.459317532368 0.271745608654
588 0.429892906453 0.988423542120
589 0.556066512596 0.194003042765
590 0.369056668598 0.239825917408
591 0.631242426112 0.237617767416
592 0.217103113420 0.006276611239
593 0.653310009744 0.792493841611
594 0.199995663017 0.217841872014
595 0.993924551178 0.453057074919
596 0.280820008833 0.720907419920
597 0.558633733541 0.530662839301
598 0.019734560046 0.258099110797
599 0.878123518080 0.290055319667
600 0.341947576031 0.640338130295
601 0.260543088894 0.492348417640
602 0.024416058324 0.719860621262
603 0.764094026759 0.454308964778
604 0.708284163382 0.320160539355
605 0.648312008008 0.077340832446
606 0.559986456763 0.279554434121
607 0.314958599862 0.777089570183
608 0.285831045359 0.968268609606
609 0.569583412260 0.485826708376
610 0.186110481620 0.563507963438
611 0.938883783761 0.466930490918
612 0.284415383358 0.497517517302
613 0.997593330219 0.304149943404
614 0.755616628565 0.875716848299
615 0.594205263536 0.097564204596
616 0.516054978594 0.854748352431
617 0.589912622236 0.540471036918
618 0.574608973693 0.354006648995
619 0.994780001696 0.282893137075
620 0.674167188816 0.643092009705
621 0.360233969521 0.234153645579
622 0.922646444291 0.675192569382
623 0.011243216228 0.208477489650
624 0.643461179454 0.580826628488
625 0.694304198492 0.829571661074
626 0.144334591925 0.633187982254
627 0.296502151992 0.428749975283
628 0.130705499556 0.294095482212
629 0.732899918687 0.886322128121
630 0.169812330510 0.327105182223
631 0.983886332717 0.685867309105
632 0.181853534654 0.573798955418
633 0.226338346023 0.756462508347
634 0.927805604413 0.221118348185
635 0.039355645888 0.601972793229
636 0.864210357890 0.399589615408
637 0.836126439273 0.786856802180
638 0.074782185256 0.847369655501
639 0.995334292296 0.718243364710
640 0.428196283989 0.689638490789
641 0.547815025784 0.572530875914
642 0.322826473042 0.844317178242
643 0.001280851196 0.453531972598
644 0.138412660453 0.734180769883
645 0.339854101185 0.308224991430
646 0.061285952572 0.323740433902
647 0.994092300534 0.243139487226
648 0.897539389320 0.220430647023
649 0.999601996038 0.825344994199
650 0.441548995208 0.038957641926
651 0.427317787427 0.305759353098
652 0.438547257334 0.263444226701
653 0.092616155744 0.513329442590
654 0.110813882202 0.087950448040
655 0.231572807301 0.539010166191
656 0.777588938829 0.779387833551
657 0.111541042104 0.100415411871
658 0.623705011792 0.112821893301
659 0.553947384469 0.762117672246
660 0.847002663650 0.893801485654
661 0.070342663676 0.908288616221
662 0.217541920021 0.064434964675
663 0.151428103447 0.115081309341
664 0.284865611698 0.151030099485
665 0.940426303539 0.726414606906
666 0.189987741411 0.367744091433
667 0.032173960004 0.628534999210
668 0.631188318133 0.124790115748
669 0.141864441801 0.742002200801
670 0.212740563788 0.373437249567
671 0.281012366991 0.990329502616
672 0.152825083118 0.392553409562
673 0.090744914487 0.776530094910
674 0.505375302862 0.644692299422
675 0.538647767156 0.352377966512
676 0.538493785076 0.608990431298
677 0.260666582733 0.756035705097
678 0.673425395973 0.412094686646
679 0.871117014904 0.958291007672
680 0.563124786131 0.811543318443
681 0.684705614578 0.753112528007
682 0.179287409876 0.716879574582
683 0.381647527218 0.810475728475
684 0.841669690795 0.523511969019
685 0.552477929275 0.054410254583
686 0.896949218586 0.833490296267
687 0.044739757665 0.049774301704
688 0.226043705828 0.135484672152
689 0.826304396614 0.731419009157
690 0.780176971573 0.364952164236
691 0.083796975669 0.318670757115
692 0.973942595534 0.344463558868
693 0.074706462212 0.647367991507
694 0.756558245514 0.945823477115
695 0.605658999179 0.319683031645
696 0.757366796024 0.290364613757
697 0.072795559652 0.936654205900
698 0.007244188339 0.454443086870
699 0.747129934374 0.848913879134
700 0.977955056354 0.299607863650
701 0.903324134182 0.874904274940
702 0.133098160382 0.948063891847
703 0.924678577110 0.359141866211
704 0.083548563998 0.750982973725
705 0.090560875367 0.863725536037
706 0.115935137961 0.174357851502
707 0.182396293152 0.089877733495
708 0.518821410369 0.257102755364
709 0.737245725002 0.275379655883
710 0.202926232945 0.342904724181
711 0.595062687527 0.960293028969
712 0.633269337937 0.667858247645
713 0.896947234869 0.640513526741
714 0.122301334515 0.644077169709
715 0.489427405875 0.100256390870
716 0.943685033359 0.392751540057
717 0.975160666276 0.076783193741
718 0.340815431904 0.899839243386
719 0.435925060418 0.424363996368
720 0.650822217111 0.526485935785
721 0.288089532405 0.766757355537
722 0.700843787286 0.470485825557
723 0.856635089032 0.219665197656
724 0.727588580921 0.593880814500
725 0.495044853538 0.930514813866
726 0.936785538681 0.090107541531
727 0.890807842836 0.570054877084
728 0.757965789177 0.787755078170
729 0.210568403825 0.880267123692
730 0.431832247879 0.699995809700
731 0.980523515027 0.375517281238
732 0.092747350223 0.955684181303
733 0.452300475445 0.433562782127
734 0.855523424689 0.888225535862
735 0.857926778495 0.506345641799
736 0.414711471647 0.146016310900
737 0.273102997337 0.115555259399
738 0.616502136458 0.129738086835
739 0.335220457055 0.344090717845
740 0.723618901335 0.830265311059
741 0.274605531711 0.660404440016
742 0.920372852590 0.165413375013
743 0.230459317099 0.678338641766
744 0.953168453183 0.441027720924
745 0.558605765458 0.385000701062
746 0.141023531090 0.539129280485
747 0.760517982300 0.233770881314
748 0.494813461788 0.212818457745
749 0.667333663441 0.350336886477
750 0.101043993607 0.525260442402
751 0.856682528742 0.515755465720
752 0.671276753303 0.129785526078
753 0.631310725119 0.287778890226
754 0.259523612913 0.966531182174
755 0.631869608071 0.983142514247
756 0.796796493232 0.906475139782
757 0.643546954729 0.717169345822
758 0.071888514794 0.874006271828
759 0.395507987589 0.025056967977
760 0.315033993218 0.954113753513
761 0.410057669040 0.456057524309
762 0.493243033998 0.170575651806
763 0.689828405622 0.988056496251
764 0.383394109551 0.357162069064
765 0.338393382728 0.484438103624
766 0.882422511466 0.195075911470
767 0.000193569344 0.553699265234
768 0.324861438014 0.631504294463
769 0.841478155460 0.584385050926
770 0.598035476636 0.473347763531
771 0.567527565639 0.394831970334
772 0.379822903313 0.211074520368
773 0.112001316156 0.451711418573
774 0.085080792196 0.507509304211
775 0.476768386550 0.400114785414
776 0.461623057723 0.886826056056
777 0.856172309723 0.954866091721
778 0.057401707862 0.546000715345
779 0.942922587972 0.440795817412
780 0.903162784874 0.281315971166
781 0.925233921036 0.785585296340
782 0.476391882636 0.925427490380
783 0.339284561574 0.801253320649
784 0.556931784842 0.180762717035
785 0.385638372041 0.154967261944
786 0.654110480566 0.953165937681
787 0.549799232278 0.033933384344
788 0.164240458049 0.661800548434
789 0.485644802917 0.249321250245
790 0.169309852645 0.962413189467
791 0.649436036125 0.630932910368
792 0.849239245523 0.505608345848
793 0.585799002554 0.906640953384
794 0.051609061658 0.528721590526
795 0.347436771262 0.954771846533
796 0.810037561692 0.272670692299
797 0.740357142873 0.286429444794
798 0.198098183144 0.079641704913
799 0.087682765443 0.755029967986
800 0.260404421948 0.473321137484
801 0.909997229930 0.914514902979
802 0.426487075165 0.459796462208
803 0.948448287323 0.590727533214
804 0.121597011108 0.434093090240
805 0.840048783924 0.290906863753
806 0.396506279707 0.489484820049
807 0.921839774586 0.245745525695
808 0.995093165897 0.507638777141
809 0.152386479080 0.046702227555
810 0.036360367667 0.499823250342
811 0.001474074088 0.846397929825
812 0.772493943106 0.741831217427
813 0.132827374619 0.970592126250
814 0.821472922340 0.220510140061
815 0.725622094236 0.081877344288
816 0.693831278011 0.635619324632
817 0.996392247267 0.120318353176
818 0.095415786840 0.944840534590
819 0.711045886856 0.217012797948
820 0.378933624830 0.551094670780
821 0.507919662166 0.775439905003
822 0.040579490829 0.429759436753
823 0.021185430698 0.035672656726
824 0.937398213893 0.173571909778
825 0.082374884747 0.973758581560
826 0.673395160586 0.083848958835
827 0.820156511385 0.445889103692
828 0.825680176262 0.952983886003
829 0.416481229942 0.647153098602
830 0.173494026531 0.142103324179
831 0.729030443355 0.867325304542
832 0.777722648811 0.725422690623
833 0.987643657718 0.873138436116
834 0.670263225678 0.698689544573
835 0.090151234064 0.049196850508
836 0.249784215353 0.598070896231
837 0.824636755511 0.290363706183
838 0.027830332983 0.845822186209
839 0.326036363374 0.965228546876
840 0.019394096453 0.408411248121
841 0.938987128902 0.692789257038
842 0.492260206956 0.759143640287
843 0.138678360730 0.317940383684
844 0.712127526756 0.555159590673
845 0.965093482286 0.885621553287
846 0.697262914851 0.694123925641
847 0.752946857829 0.474985564128
848 0.419546616729 0.740590515547
849 0.348124000244 0.089809842408
850 0.439280060586 0.438275234308
851 0.139006692916 0.689064275939
852 0.036346131004 0.963643448893
853 0.979427982587 0.064176463988
854 0.809465635102 0.305464345962
855 0.029405011330 0.828859731555
856 0.713875594083 0.968392140232
857 0.521648988593 0.206135801040
858 0.727535780519 0.660327349324
859 0.524076184724 0.439663307276
860 0.215486939996 0.489169667475
861 0.325284860563 0.912749855313
862 0.183293593116 0.078231718391
863 0.387735419441 0.602840209845
864 0.818822234403 0.735859419685
865 0.692650052253 0.258102294989
866 0.174134653993 0.831656745635
867 0.947166570928 0.210480784997
868 0.795300194528 0.926594553515
869 0.274657249451 0.604765829630
870 0.232058899477 0.304062260780
871 0.433625561651 0.945934493560
872 0.272454401013 0.955274550244
873 0.152070295066 0.999990181532
874 0.615601900034 0.676146479789
875 0.439653489273 0.831088840030
876 0.165316147264 0.764938349836
877 0.743838695344 0.348609740846
878 0.843170068692 0.131574114785
879 0.951449950691 0.661992303096
880 0.867433534469 0.644100003410
881 0.920094598085 0.041568188928
882 0.475756749045 0.867261169013
883 0.252048973925 0.271056943573
884 0.793855722994 0.526706223376
885 0.875822773203 0.025914622471
886 0.830768484157 0.309448334854
887 0.971849116497 0.103222885169
888 0.264722885564 0.123919411562
889 0.103213067167 0.880324785598
890 0.800065891352 0.542866556440
891 0.711413625628 0.965382039081
892 0.307804906275 0.455252321437
893 0.313991779927 0.150974974968
894 0.586826436222 0.265441730618
895 0.812967278063 0.454259971157
896 0.909541734029 0.733061876148
897 0.495828160085 0.385298483074
898 0.600323045626 0.747877134010
899 0.656355426647 0.394178768620
900 0.274583357852 0.532178200316
901 0.420093391091 0.105351842009
902 0.841626535170 0.391942507587
903 0.208574727643 0.106349420734
904 0.515861919150 0.311787794810
905 0.986674206331 0.315927810967
906 0.854654351249 0.698087832425
907 0.281309850048 0.162459257524
908 0.153340153862 0.595301629975
909 0.313434232958 0.740166590083
910 0.860743360594 0.126401511021
911 0.194426561240 0.770285095088
912 0.859463387635 0.690254721325
913 0.155583578162 0.459786433261
914 0.438131855801 0.811939005274
915 0.853965201881 0.712715213653
916 0.344117205590 0.274058592971
917 0.818067055661 0.185743740760
918 0.666001101024 0.026641783305
919 0.292093161959 0.181863020174
920 0.338429578114 0.278767368291
921 0.497790831141 0.193083929364
922 0.976855200715 0.779100681189
923 0.355543187354 0.130195354577
924 0.374402311165 0.668977420311
925 0.870361945126 0.235145672224
926 0.795378931332 0.064788506366
927 0.005430767313 0.654842318967
928 0.755043228157 0.161014345475
929 0.114628752228 0.193175083958
930 0.972953350749 0.968593954109
931 0.905890297610 0.317070556339
932 0.242652547546 0.723957353272
933 0.502814297564 0.908653648570
934 0.750599137042 0.794907459524
935 0.090516668744 0.089028715156
936 0.073674827814 0.588307500351
937 0.282112644985 0.050530028995
938 0.367408181541 0.637655832339
939 0.180725383572 0.741810493171
940 0.306633252650 0.051087328698
941 0.976956165396 0.102012183983
942 0.115875835530 0.982386932708
943 0.756854503416 0.870919063687
944 0.143401278183 0.871483255643
945 0.064094147645 0.116354629397
946 0.840077210218 0.969984445255
947 0.433425185736 0.082729757763
948 0.693941798527 0.936239483301
949 0.991383406334 0.444540935569
950 0.731146942824 0.081900075078
951 0.533569651190 0.804821771104
952 0.670207575429 0.815682296176
953 0.855351800099 0.037615757436
954 0.453338128515 0.036077183671
955 0.779426250607 0.759971381165
956 0.087164512835 0.756382416002
957 0.861983565148 0.203040348366
958 0.738769348711 0.618838068563
959 0.073959412053 0.882170626894
960 0.490321324673 0.138053559698
961 0.998525256291 0.330398534890
962 0.108038004953 0.431950442493
963 0.413128292654 0.801979803480
964 0.368189925794 0.404511698987
965 0.246520739514 0.099336869083
966 0.486411774065 0.780090390705
967 0.904158640187 0.156619349960
968 0.595772686880 0.759510440286
969 0.194235107396 0.049110815395
970 0.795587623958 0.973661358003
971 0.809082196560 0.882752136793
972 0.730043774005 0.671065761708
973 0.085792485159 0.468813122716
974 0.289903830737 0.159751897212
975 0.350983749609 0.780225155409
976 0.297805456910 0.349509006366
977 0.110623690300 0.405843461864
978 0.781459448859 0.523751982953
979 0.207823265810 0.149649374653
980 0.928263681941 0.454344005324
981 0.248986243736 0.414675456006
982 0.234434396029 0.153144883923
983 0.571294805966 0.830207082909
984 0.912655324209 0.765529913362
985 0.879317898303 0.708242948633
986 0.739191271365 0.688400094863
987 0.590995085426 0.469235045370
988 0.359465856571 0.676787571050
989 0.938048168086 0.649369687308
990 0.836539468262 0.289031918161
991 0.429594842717 0.134344925638
992 0.638540924527 0.540218533017
993 0.540188387502 0.420000373386
994 0.063970515970 0.748011653312
995 0.569649748039 0.992234197911
996 0.202355658635 0.818635992240
997 0.406909654383 0.436790054664
998 0.971780876163 0.978204460349
999 0.266997137573 0.884436200839
