20
180
0.180000
0 0.503000020981 0.722000002861
1 0.014700000174 0.664099991322
2 0.724099993706 0.681599974632
3 0.261799991131 0.708500027657
4 0.783900022507 0.986199975014
5 0.473300009966 0.902800023556
6 0.451099991798 0.804499983788
7 0.393900007010 0.520799994469
8 0.718100011349 0.569199979305
9 0.851800024509 0.759500026703
10 0.949800014496 0.557900011539
11 0.014200000092 0.596199989319
12 0.816200017929 0.977100014687
13 0.895200014114 0.942399978638
14 0.875400006771 0.835300028324
15 0.597899973392 0.949199974537
16 0.567600011826 0.980499982834
17 0.701900005341 0.847699999809
18 0.602100014687 0.604900002480
19 0.615899980068 0.661899983883
20 0.828899979591 0.166299998760
21 0.087700001895 0.443500012159
22 0.366299986839 0.302500009537
23 0.306199997663 0.112199999392
24 0.285899996758 0.394100010395
25 0.221900001168 0.703700006008
26 0.522099971771 0.932900011539
27 0.713400006294 0.228000000119
28 0.460799992085 0.445300012827
29 0.449600011110 0.172199994326
30 0.968800008297 0.355699986219
31 0.048999998719 0.755299985409
32 0.894800007343 0.286100000143
33 0.251199990511 0.932699978352
34 0.130999997258 0.940800011158
35 0.209299996495 0.455099999905
36 0.081100001931 0.851100027561
37 0.561999976635 0.319299995899
38 0.374900013208 0.867799997330
39 0.372200012207 0.073700003326
40 0.199799999595 0.049499999732
41 0.566699981689 0.121899999678
42 0.522099971771 0.117100000381
43 0.769900023937 0.375099986792
44 0.823400020599 0.046599999070
45 0.288800001144 0.888800024986
46 0.101599998772 0.065300002694
47 0.234300002456 0.933099985123
48 0.063100002706 0.264200001955
49 0.999499976635 0.211999997497
50 0.498400002718 0.290499985218
51 0.672800004482 0.958000004292
52 0.766600012779 0.666100025177
53 0.130899995565 0.095399998128
54 0.014899999835 0.288199990988
55 0.816699981689 0.985499978065
56 0.017400000244 0.819400012493
57 0.621100008488 0.560199975967
58 0.244000002742 0.822000026703
59 0.263200014830 0.753600001335
60 0.659600019455 0.214100003242
61 0.659500002861 0.183400005102
62 0.636500000954 0.170300006866
63 0.539600014687 0.623399972916
64 0.685899972916 0.677299976349
65 0.876800000668 0.012900000438
66 0.310400009155 0.779100000858
67 0.307300001383 0.926699995995
68 0.678699970245 0.074299998581
69 0.070699997246 0.011900000274
70 0.227200001478 0.516300022602
71 0.458200007677 0.703199982643
72 0.582499980927 0.509199976921
73 0.074299998581 0.193200007081
74 0.379599988461 0.276399999857
75 0.770900011063 0.313899993896
76 0.638199985027 0.986599981785
77 0.502900004387 0.947700023651
78 0.828000009060 0.917599976063
79 0.113099999726 0.812099993229
80 0.908299982548 0.156399995089
81 0.122100003064 0.762700021267
82 0.721800029278 0.651600003242
83 0.754000008106 0.663200020790
84 0.883499979973 0.272199988365
85 0.419400006533 0.212999999523
86 0.035599999130 0.081200003624
87 0.850600004196 0.340200006962
88 0.466199994087 0.913800001144
89 0.228599995375 0.861999988556
90 0.656599998474 0.891200006008
91 0.488099992275 0.992600023746
92 0.373299986124 0.531400024891
93 0.181299999356 0.501900017262
94 0.422199994326 0.660399973392
95 0.673699975014 0.957300007343
96 0.191899999976 0.111199997365
97 0.565100014210 0.969200015068
98 0.023700000718 0.870199978352
99 0.026900000870 0.519500017166
100 0.192300006747 0.715699970722
101 0.250699996948 0.933899998665
102 0.137199997902 0.521600008011
103 0.335099995136 0.437400013208
104 0.471199989319 0.149299994111
105 0.135900005698 0.532500028610
106 0.725799977779 0.398699998856
107 0.358399987221 0.285299986601
108 0.868600010872 0.626399993896
109 0.241200000048 0.978100001812
110 0.640500009060 0.229800000787
111 0.681299984455 0.665799975395
112 0.134700000286 0.022500000894
113 0.262199997902 0.116499997675
114 0.069300003350 0.852900028229
115 0.180299997330 0.032400000840
116 0.733900010586 0.536499977112
117 0.275999993086 0.368499994278
118 0.443300008774 0.466800004244
119 0.012900000438 0.889199972153
120 0.865999996662 0.254200011492
121 0.569500029087 0.159299999475
122 0.594399988651 0.331099987030
123 0.658599972725 0.863600015640
124 0.791800022125 0.152600005269
125 0.833000004292 0.191899999976
126 0.638999998569 0.669000029564
127 0.772099971771 0.379799991846
128 0.441599994898 0.483099997044
129 0.608099997044 0.175999999046
130 0.002000000095 0.790199995041
131 0.513599991798 0.213200002909
132 0.103399999440 0.157299995422
133 0.407499998808 0.407799988985
134 0.052700001746 0.941799998283
135 0.150000005960 0.384400010109
136 0.311100006104 0.168500006199
137 0.896600008011 0.322699993849
138 0.734000027180 0.410899996758
139 0.399800002575 0.505500018597
140 0.169300004840 0.524699985981
141 0.641200006008 0.016200000420
142 0.836899995804 0.803499996662
143 0.697799980640 0.461899995804
144 0.082599997520 0.820699989796
145 0.193000003695 0.445399999619
146 0.013000000268 0.308699995279
147 0.333099991083 0.880699992180
148 0.479699999094 0.560800015926
149 0.616599977016 0.685100018978
150 0.510200023651 0.713999986649
151 0.515200018883 0.605899989605
152 0.966700017452 0.822099983692
153 0.317799985409 0.587700009346
154 0.130199998617 0.254400014877
155 0.802999973297 0.667800009251
156 0.013600000180 0.561600029469
157 0.454600006342 0.904900014400
158 0.282200008631 0.064999997616
159 0.476599991322 0.983699977398
160 0.922299981117 0.561200022697
161 0.652300000191 0.772700011730
162 0.106200002134 0.001099999994
163 0.541800022125 0.006899999920
164 0.451299995184 0.195700004697
165 0.787100017071 0.618600010872
166 0.015499999747 0.890900015831
167 0.761699974537 0.907000005245
168 0.758599996567 0.380699992180
169 0.331099987030 0.504100024700
170 0.564599990845 0.767199993134
171 0.779900014400 0.484100013971
172 0.802200019360 0.470999985933
173 0.202800005674 0.579599976540
174 0.666499972343 0.676800012589
175 0.942499995232 0.770099997520
176 0.737399995327 0.866299986839
177 0.990899980068 0.503899991512
178 0.629100024700 0.792599976063
179 0.448599994183 0.524399995804
180 0.171499997377 0.130700007081
181 0.218799993396 0.105499997735
182 0.141399994493 0.456999987364
183 0.788100004196 0.281100004911
184 0.224800005555 0.908900022507
185 0.007300000172 0.588699996471
186 0.542100012302 0.653500020504
187 0.313400000334 0.231199994683
188 0.416099995375 0.298799991608
189 0.672399997711 0.938300013542
190 0.343100011349 0.563000023365
191 0.118900001049 0.168999999762
192 0.278899997473 0.556800007820
193 0.485599994659 0.952199995518
194 0.231900006533 0.478700011969
195 0.526499986649 0.792699992657
196 0.193000003695 0.909600019455
197 0.922200024128 0.013299999759
198 0.767499983311 0.947300016880
199 0.813300013542 0.923799991608
